times:
  edit-metadata: 3.346811793744564
  landing: 2.0570868737995625
  view-data: 3.74243900552392
