times:
  edit-metadata: 1.5274177249521017
  landing: 0.7780323401093483
  view-data: 3.41682150028646
