times:
  edit-metadata: 1.6371673755347729
  landing: 0.7422885857522488
  view-data: 3.392933662980795
