times:
  edit-metadata: 2.1792451180517673
  landing: 1.693173673003912
  view-data: 3.460485488176346
