times:
  edit-metadata: 1.5710722766816616
  landing: 0.7766931541264057
  view-data: 3.379233229905367
