times:
  edit-metadata: 1.584171622991562
  landing: 1.0299733579158783
  view-data: 3.367593325674534
