times:
  edit-metadata: 1.525846190750599
  landing: 0.9334464110434055
  view-data: 3.3992159329354763
