times:
  edit-metadata: 1.6974713206291199
  landing: 1.050217404961586
  view-data: 3.345574624836445
