times:
  edit-metadata: 1.5092891193926334
  landing: 0.8786593414843082
  view-data: 3.3906826600432396
