times:
  edit-metadata: 1.4126760251820087
  landing: 0.9476845450699329
  view-data: 3.3903571739792824
