times:
  edit-metadata: 1.5273909382522106
  landing: 0.9783027209341526
  view-data: 3.3762644566595554
