times:
  edit-metadata: 1.5767157897353172
  landing: 1.0223157070577145
  view-data: 3.3550358340144157
