times:
  edit-metadata: 1.4676756281405687
  landing: 0.7643832135945559
  view-data: 3.416261561214924
