times:
  edit-metadata: 1.4856576025485992
  landing: 0.9703779369592667
  view-data: 3.348974596709013
