times:
  edit-metadata: 1.4148130677640438
  landing: 0.9428852461278439
  view-data: 3.417024314403534
