times:
  edit-metadata: 1.581944165751338
  landing: 0.8160629756748676
  view-data: 3.455321369692683
