times:
  edit-metadata: 1.6336749382317066
  landing: 1.1871135905385017
  view-data: 3.478668376803398
