times:
  edit-metadata: 1.4178071673959494
  landing: 0.7492211479693651
  view-data: 3.3694743923842907
