times:
  edit-metadata: 1.5379893966019154
  landing: 0.9229510687291622
  view-data: 3.424815960228443
