times:
  edit-metadata: 1.4365535378456116
  landing: 0.96031404286623
  view-data: 3.3798587806522846
