times:
  edit-metadata: 1.535948034375906
  landing: 0.759434649720788
  view-data: 3.4132479298859835
