times:
  edit-metadata: 1.4020608142018318
  landing: 0.79121458157897
  view-data: 3.302397169172764
