times:
  edit-metadata: 1.379703488200903
  landing: 0.9157587289810181
  view-data: 3.3595740646123886
