times:
  edit-metadata: 1.428786925971508
  landing: 0.8173413053154945
  view-data: 3.3063316829502583
