times:
  edit-metadata: 2.2058764807879925
  landing: 1.1763458624482155
  view-data: 3.3828128688037395
