times:
  edit-metadata: 1.3928130567073822
  landing: 2.2811971344053745
  view-data: 3.359466440975666
