times:
  edit-metadata: 1.6799542978405952
  landing: 0.7445782124996185
  view-data: 3.3758853785693645
