times:
  edit-metadata: 1.8118406981229782
  landing: 1.1351867280900478
  view-data: 3.350030817091465
