times:
  edit-metadata: 2.3866469971835613
  landing: 1.288605336099863
  view-data: 3.617454569786787
