times:
  edit-metadata: 1.516935532912612
  landing: 0.7352123130112886
  view-data: 3.382654504850507
