times:
  edit-metadata: 1.516297172755003
  landing: 0.7662200853228569
  view-data: 3.32046939432621
