times:
  edit-metadata: 1.4687424562871456
  landing: 0.8398671820759773
  view-data: 3.326986461877823
