times:
  edit-metadata: 1.5113515555858612
  landing: 0.9298925809562206
  view-data: 3.4567943029105663
