times:
  edit-metadata: 1.620517373085022
  landing: 0.7808770649135113
  view-data: 3.4622059166431427
