times:
  edit-metadata: 1.4664567857980728
  landing: 0.9813843965530396
  view-data: 3.3522960357367992
