times:
  edit-metadata: 1.5024484358727932
  landing: 0.9050354547798634
  view-data: 3.4333783760666847
