times:
  edit-metadata: 1.498821634799242
  landing: 0.9124184623360634
  view-data: 3.336904212832451
