times:
  edit-metadata: 1.507224664092064
  landing: 0.7195126675069332
  view-data: 3.394127905368805
