times:
  edit-metadata: 1.4967292081564665
  landing: 0.807947413995862
  view-data: 3.361746110022068
