times:
  edit-metadata: 1.5400941744446754
  landing: 0.853960856795311
  view-data: 3.4453937970101833
