times:
  edit-metadata: 1.6394643858075142
  landing: 0.9828719198703766
  view-data: 3.3605913892388344
