times:
  edit-metadata: 1.5027018673717976
  landing: 0.869784839451313
  view-data: 3.5694196447730064
