times:
  edit-metadata: 1.433560460805893
  landing: 0.8411500304937363
  view-data: 3.3779405243694782
