times:
  edit-metadata: 1.4400609731674194
  landing: 1.1648879311978817
  view-data: 3.4616418704390526
