times:
  edit-metadata: 2.677435789257288
  landing: 1.4969300776720047
  view-data: 3.429633192718029
