times:
  edit-metadata: 1.4073126763105392
  landing: 0.896460797637701
  view-data: 3.358314700424671
