times:
  edit-metadata: 1.566038478165865
  landing: 0.7726349644362926
  view-data: 3.4208877868950367
