times:
  edit-metadata: 1.3668564353138208
  landing: 0.6940454058349133
  view-data: 3.2929930295795202
