times:
  edit-metadata: 1.3829367011785507
  landing: 0.9158985763788223
  view-data: 3.3310887292027473
