times:
  edit-metadata: 1.8504147827625275
  landing: 0.9091207049787045
  view-data: 3.336773172020912
