times:
  edit-metadata: 1.5722990036010742
  landing: 0.8832173049449921
  view-data: 3.4315655305981636
