times:
  edit-metadata: 1.3975565768778324
  landing: 0.7757974565029144
  view-data: 3.2576879486441612
