times:
  edit-metadata: 1.425809033215046
  landing: 0.9238880723714828
  view-data: 3.2937754318118095
