times:
  edit-metadata: 1.38707210496068
  landing: 1.0460708513855934
  view-data: 3.3041477985680103
