times:
  edit-metadata: 1.3696129620075226
  landing: 0.8004539236426353
  view-data: 3.4505426809191704
