times:
  edit-metadata: 1.3265103921294212
  landing: 0.7991607338190079
  view-data: 3.3049824982881546
