times:
  edit-metadata: 1.4279349781572819
  landing: 0.7628057636320591
  view-data: 3.3068674951791763
