times:
  edit-metadata: 1.3942972980439663
  landing: 0.8250845223665237
  view-data: 3.3000953383743763
