times:
  edit-metadata: 1.4706222489476204
  landing: 0.8908795081079006
  view-data: 3.323877230286598
