times:
  edit-metadata: 1.3559894487261772
  landing: 0.9833544157445431
  view-data: 3.336915209889412
