times:
  edit-metadata: 1.5446775928139687
  landing: 0.9322433546185493
  view-data: 3.4601453617215157
