times:
  edit-metadata: 1.4667158089578152
  landing: 0.9228810854256153
  view-data: 3.2956454530358315
