times:
  edit-metadata: 1.3676030486822128
  landing: 0.7627430371940136
  view-data: 3.3023418076336384
