times:
  edit-metadata: 1.5264621526002884
  landing: 0.7769176587462425
  view-data: 0.5688055828213692
