times:
  edit-metadata: 1.4380489140748978
  landing: 0.7621710300445557
  view-data: 3.5433198735117912
