times:
  edit-metadata: 1.406593356281519
  landing: 0.8060316555202007
  view-data: 3.296240657567978
