times:
  edit-metadata: 1.5438264310359955
  landing: 0.785200335085392
  view-data: 3.313320107758045
