times:
  edit-metadata: 1.5214133635163307
  landing: 0.9148540683090687
  view-data: 3.367979656904936
