times:
  edit-metadata: 1.5097742639482021
  landing: 0.8648510687053204
  view-data: 3.353156503289938
