times:
  edit-metadata: 1.3487411141395569
  landing: 0.8018144592642784
  view-data: 3.4343282505869865
