times:
  edit-metadata: 1.478239320218563
  landing: 0.8253991603851318
  view-data: 3.2972516119480133
