times:
  edit-metadata: 1.4227725490927696
  landing: 0.8323550224304199
  view-data: 3.500179961323738
