times:
  edit-metadata: 1.4211420193314552
  landing: 0.8535592705011368
  view-data: 3.3697365671396255
