times:
  edit-metadata: 1.4164266400039196
  landing: 1.0768487304449081
  view-data: 3.2773631028831005
