times:
  edit-metadata: 2.615175060927868
  landing: 1.5718595832586288
  view-data: 3.538121059536934
