times:
  edit-metadata: 1.3434595465660095
  landing: 0.8562904968857765
  view-data: 3.4491605311632156
