times:
  edit-metadata: 1.3438704460859299
  landing: 0.9349452778697014
  view-data: 3.324346102774143
