times:
  edit-metadata: 1.3661373481154442
  landing: 0.8378041461110115
  view-data: 3.4694707095623016
