times:
  edit-metadata: 1.3905032277107239
  landing: 0.7766467854380608
  view-data: 3.470166601240635
