times:
  edit-metadata: 1.4267466627061367
  landing: 0.8285183198750019
  view-data: 3.3343485444784164
