times:
  edit-metadata: 1.3675680793821812
  landing: 0.881784226745367
  view-data: 3.29281747341156
