times:
  edit-metadata: 1.3502880856394768
  landing: 0.8246319144964218
  view-data: 3.469013623893261
