times:
  edit-metadata: 1.4094468504190445
  landing: 0.7342279851436615
  view-data: 3.4355032816529274
