times:
  edit-metadata: 1.410552468150854
  landing: 0.792968612164259
  view-data: 3.269042771309614
