times:
  edit-metadata: 1.459477961063385
  landing: 0.8244867995381355
  view-data: 3.3111734353005886
