times:
  edit-metadata: 1.3513613417744637
  landing: 0.8208898082375526
  view-data: 3.439248636364937
