times:
  edit-metadata: 1.5319175869226456
  landing: 0.8481741696596146
  view-data: 3.3205992467701435
