times:
  edit-metadata: 1.4459131248295307
  landing: 0.8979844003915787
  view-data: 3.3297835774719715
