times:
  edit-metadata: 1.4562047012150288
  landing: 0.9506495483219624
  view-data: 3.371492639183998
