times:
  edit-metadata: 1.4718452766537666
  landing: 0.7548050805926323
  view-data: 3.5372488126158714
