times:
  edit-metadata: 1.3950047083199024
  landing: 0.8353303410112858
  view-data: 3.320589318871498
