times:
  edit-metadata: 1.3564169481396675
  landing: 0.7608998268842697
  view-data: 3.3528034910559654
