times:
  edit-metadata: 1.4749599061906338
  landing: 0.8383667431771755
  view-data: 3.389145042747259
