times:
  edit-metadata: 1.4521208927035332
  landing: 0.9093136787414551
  view-data: 3.2879107370972633
