times:
  edit-metadata: 1.3534218668937683
  landing: 0.7715619802474976
  view-data: 3.4442811980843544
