times:
  edit-metadata: 1.4248994290828705
  landing: 0.8259925022721291
  view-data: 3.377300623804331
