times:
  edit-metadata: 1.388164460659027
  landing: 0.8625425100326538
  view-data: 3.3345114439725876
