times:
  edit-metadata: 1.4630352780222893
  landing: 0.8310129195451736
  view-data: 3.508679524064064
