times:
  edit-metadata: 1.4710006341338158
  landing: 0.8326684311032295
  view-data: 3.441548630595207
