times:
  edit-metadata: 1.360773615539074
  landing: 0.7907745763659477
  view-data: 3.429120361804962
