times:
  edit-metadata: 1.4602731466293335
  landing: 0.9422906935214996
  view-data: 3.389613553881645
