times:
  edit-metadata: 1.4131025299429893
  landing: 0.8175376728177071
  view-data: 3.420711115002632
