times:
  edit-metadata: 1.3730067610740662
  landing: 0.913516566157341
  view-data: 3.415083095431328
