times:
  edit-metadata: 1.3678807988762856
  landing: 0.7802915275096893
  view-data: 3.440294973552227
