times:
  edit-metadata: 1.3707518950104713
  landing: 0.790861789137125
  view-data: 3.285054925829172
