times:
  edit-metadata: 4.30791699886322
  landing: 2.3661526069045067
  view-data: 3.7353858053684235
