times:
  edit-metadata: 1.4861846342682838
  landing: 0.9279956892132759
  view-data: 3.3396174758672714
