times:
  edit-metadata: 1.4485746696591377
  landing: 0.740020178258419
  view-data: 3.491015374660492
