times:
  edit-metadata: 1.568301748484373
  landing: 1.024622842669487
  view-data: 3.422627605497837
