times:
  edit-metadata: 1.4559128247201443
  landing: 0.8093826323747635
  view-data: 3.33880627527833
