times:
  edit-metadata: 1.4317265078425407
  landing: 0.8288269340991974
  view-data: 3.3478495478630066
