times:
  edit-metadata: 1.3930941000580788
  landing: 0.8119534999132156
  view-data: 3.3268072083592415
