times:
  edit-metadata: 1.3986873142421246
  landing: 0.7693100161850452
  view-data: 3.368280928581953
