times:
  edit-metadata: 1.6109720021486282
  landing: 1.0285188257694244
  view-data: 3.3597458600997925
