times:
  edit-metadata: 1.423159010708332
  landing: 0.7737956345081329
  view-data: 3.4445588290691376
