times:
  edit-metadata: 1.3733852729201317
  landing: 0.7708632424473763
  view-data: 3.462312765419483
