times:
  edit-metadata: 1.6464126780629158
  landing: 0.924258466809988
  view-data: 3.295928869396448
