times:
  edit-metadata: 1.4585161954164505
  landing: 0.8289907202124596
  view-data: 3.2668695524334908
