times:
  edit-metadata: 1.522394210100174
  landing: 0.7898272946476936
  view-data: 3.467434674501419
