times:
  edit-metadata: 1.5107999779284
  landing: 0.7856487855315208
  view-data: 3.275139320641756
