times:
  edit-metadata: 1.3889005407691002
  landing: 0.7883327528834343
  view-data: 3.281730856746435
