times:
  edit-metadata: 1.5046361088752747
  landing: 0.9227280914783478
  view-data: 3.444141373038292
