times:
  edit-metadata: 1.5273859202861786
  landing: 1.0024165958166122
  view-data: 3.6177651956677437
