times:
  edit-metadata: 1.5808241963386536
  landing: 0.8841942772269249
  view-data: 3.4467962458729744
