times:
  edit-metadata: 1.333503119647503
  landing: 0.8767535164952278
  view-data: 3.2777996473014355
