times:
  edit-metadata: 1.4410837814211845
  landing: 0.7742807567119598
  view-data: 3.415175512433052
