times:
  edit-metadata: 1.9546788074076176
  landing: 1.4995225965976715
  view-data: 3.486211381852627
