times:
  edit-metadata: 1.4555847495794296
  landing: 0.8105021566152573
  view-data: 3.4782956913113594
