times:
  edit-metadata: 1.4281053841114044
  landing: 0.7816417887806892
  view-data: 3.5833046212792397
