times:
  edit-metadata: 1.488782323896885
  landing: 0.8137596994638443
  view-data: 3.4729516804218292
