times:
  edit-metadata: 1.5718407407402992
  landing: 1.0465610176324844
  view-data: 3.341836277395487
