times:
  edit-metadata: 1.3754737302660942
  landing: 0.782383382320404
  view-data: 3.5192484110593796
