times:
  edit-metadata: 1.428623978048563
  landing: 0.8188177943229675
  view-data: 3.323709562420845
