times:
  edit-metadata: 1.3929525464773178
  landing: 0.7754591628909111
  view-data: 3.431044839322567
