times:
  edit-metadata: 1.5087349712848663
  landing: 0.8061172142624855
  view-data: 3.4352321475744247
