times:
  edit-metadata: 1.3627812154591084
  landing: 0.8285433053970337
  view-data: 3.375125963240862
