times:
  edit-metadata: 1.433349721133709
  landing: 0.9328585937619209
  view-data: 3.483160726726055
