times:
  edit-metadata: 1.3977802097797394
  landing: 0.8035784140229225
  view-data: 3.515647307038307
