times:
  edit-metadata: 1.3509921953082085
  landing: 0.8396231643855572
  view-data: 3.3069637082517147
