times:
  edit-metadata: 1.5098401233553886
  landing: 0.8749498538672924
  view-data: 3.3188690170645714
