times:
  edit-metadata: 1.6044159606099129
  landing: 0.8161568939685822
  view-data: 3.528840333223343
