times:
  edit-metadata: 1.5162364915013313
  landing: 0.7993099838495255
  view-data: 3.5322854071855545
