times:
  edit-metadata: 1.497756503522396
  landing: 0.8209131434559822
  view-data: 3.542979434132576
