times:
  edit-metadata: 1.4020611718297005
  landing: 1.0187765508890152
  view-data: 3.485329285264015
