times:
  edit-metadata: 1.304675929248333
  landing: 0.7486583143472672
  view-data: 3.4406562596559525
