times:
  edit-metadata: 1.5082884654402733
  landing: 0.8817592933773994
  view-data: 3.451043352484703
