times:
  edit-metadata: 1.3105454221367836
  landing: 0.8142647705972195
  view-data: 3.28458983451128
