times:
  edit-metadata: 1.4299510419368744
  landing: 0.7491889521479607
  view-data: 3.5367417484521866
