times:
  edit-metadata: 1.4742841869592667
  landing: 0.7674163095653057
  view-data: 3.2980337627232075
