times:
  edit-metadata: 1.4616714157164097
  landing: 0.9787796400487423
  view-data: 3.4288323633372784
