times:
  edit-metadata: 1.4120534770190716
  landing: 0.8768555000424385
  view-data: 3.3139988854527473
