times:
  edit-metadata: 1.435756877064705
  landing: 0.7958416864275932
  view-data: 3.4694597497582436
