times:
  edit-metadata: 1.4837002232670784
  landing: 0.8146662339568138
  view-data: 3.4985550194978714
