times:
  edit-metadata: 1.525531254708767
  landing: 0.8570330515503883
  view-data: 3.518251024186611
