times:
  edit-metadata: 1.3760573491454124
  landing: 0.7904431149363518
  view-data: 3.436769723892212
