times:
  edit-metadata: 1.4046656042337418
  landing: 0.7722976356744766
  view-data: 3.2684251070022583
