times:
  edit-metadata: 1.371257483959198
  landing: 0.7550081014633179
  view-data: 3.4873819276690483
