times:
  edit-metadata: 1.3893190622329712
  landing: 0.7667509168386459
  view-data: 3.418249901384115
