times:
  edit-metadata: 1.4041961058974266
  landing: 0.853312011808157
  view-data: 3.3850261196494102
