times:
  edit-metadata: 1.4422019571065903
  landing: 0.9300963804125786
  view-data: 3.2691993936896324
