times:
  edit-metadata: 1.470642350614071
  landing: 0.8341599181294441
  view-data: 3.4807022362947464
