times:
  edit-metadata: 1.5641977190971375
  landing: 0.8535094186663628
  view-data: 3.4609037786722183
