times:
  edit-metadata: 1.4687751084566116
  landing: 0.8410892337560654
  view-data: 3.469131164252758
