times:
  edit-metadata: 1.3867796212434769
  landing: 0.8756644427776337
  view-data: 3.482218824326992
