times:
  edit-metadata: 1.5619602017104626
  landing: 0.9116549678146839
  view-data: 3.366290155798197
