times:
  edit-metadata: 1.4220381081104279
  landing: 5.946735627949238
  view-data: 3.257209099829197
