times:
  edit-metadata: 1.4070492833852768
  landing: 0.8005956038832664
  view-data: 3.426154561340809
