times:
  edit-metadata: 1.46916002035141
  landing: 0.9004615172743797
  view-data: 3.327414609491825
