times:
  edit-metadata: 1.52647377923131
  landing: 0.7316655963659286
  view-data: 3.340027205646038
