times:
  edit-metadata: 1.5093815475702286
  landing: 0.7864184752106667
  view-data: 3.4566820934414864
