times:
  edit-metadata: 1.575277492403984
  landing: 0.8728420920670033
  view-data: 3.3238632827997208
