times:
  edit-metadata: 1.3786576464772224
  landing: 0.7459721602499485
  view-data: 3.35748727992177
