times:
  edit-metadata: 2.332055002450943
  landing: 1.1115738898515701
  view-data: 3.356004536151886
