times:
  edit-metadata: 1.4200060442090034
  landing: 0.6953123733401299
  view-data: 3.388748310506344
