times:
  edit-metadata: 1.697413608431816
  landing: 1.0898287817835808
  view-data: 3.3597649335861206
