times:
  edit-metadata: 1.5854550637304783
  landing: 0.9302784912288189
  view-data: 3.319054774940014
