times:
  edit-metadata: 1.5183138325810432
  landing: 0.931655615568161
  view-data: 3.346304163336754
