times:
  edit-metadata: 1.447518676519394
  landing: 1.0095997862517834
  view-data: 3.2623507231473923
