times:
  edit-metadata: 1.3924911096692085
  landing: 0.7988773435354233
  view-data: 3.4938835501670837
