times:
  edit-metadata: 1.5318337753415108
  landing: 0.7602276653051376
  view-data: 3.5055181458592415
