times:
  edit-metadata: 1.598700612783432
  landing: 0.9777292385697365
  view-data: 3.602611817419529
