times:
  edit-metadata: 2.157251439988613
  landing: 1.0709806755185127
  view-data: 3.545239381492138
