times:
  edit-metadata: 1.399141602218151
  landing: 0.7941440492868423
  view-data: 3.5162306874990463
