times:
  edit-metadata: 1.4474188387393951
  landing: 0.7164811864495277
  view-data: 3.397789418697357
