times:
  edit-metadata: 1.375065416097641
  landing: 0.8993695229291916
  view-data: 3.327206075191498
