times:
  edit-metadata: 1.3836940079927444
  landing: 0.7962191924452782
  view-data: 3.420983076095581
