times:
  edit-metadata: 1.323744758963585
  landing: 0.8181446492671967
  view-data: 3.335729867219925
