times:
  edit-metadata: 1.5800383761525154
  landing: 0.8698216378688812
  view-data: 3.4452555924654007
