times:
  edit-metadata: 1.4219722896814346
  landing: 0.9369130358099937
  view-data: 3.2697380259633064
