times:
  edit-metadata: 1.5142094232141972
  landing: 0.8747563511133194
  view-data: 3.3163755163550377
