times:
  edit-metadata: 1.4287580102682114
  landing: 0.8248427957296371
  view-data: 3.3208082020282745
