times:
  edit-metadata: 1.512711975723505
  landing: 0.8364322520792484
  view-data: 3.3154185228049755
