times:
  edit-metadata: 1.3976898789405823
  landing: 0.9639064818620682
  view-data: 3.4721718057990074
