times:
  edit-metadata: 1.4703387320041656
  landing: 0.7666397541761398
  view-data: 3.519516333937645
