times:
  edit-metadata: 1.3038724772632122
  landing: 0.9037564694881439
  view-data: 3.375006016343832
