times:
  edit-metadata: 1.547800399363041
  landing: 0.8802282586693764
  view-data: 1.0391271114349365
