times:
  edit-metadata: 2.0733223408460617
  landing: 1.3339387588202953
  view-data: 3.582162093371153
