times:
  edit-metadata: 1.5043106898665428
  landing: 0.8001050651073456
  view-data: 3.306476354598999
