times:
  edit-metadata: 1.4917023405432701
  landing: 0.7475891187787056
  view-data: 3.449349135160446
