times:
  edit-metadata: 1.3348287120461464
  landing: 1.0671577081084251
  view-data: 3.472099617123604
