times:
  edit-metadata: 1.4230370074510574
  landing: 0.7395777702331543
  view-data: 3.6100338622927666
