times:
  edit-metadata: 2.237099751830101
  landing: 1.43942029774189
  view-data: 4.064611509442329
