times:
  edit-metadata: 1.3701071739196777
  landing: 0.8356325626373291
  view-data: 3.3317448869347572
