times:
  edit-metadata: 1.400939218699932
  landing: 0.7828337401151657
  view-data: 3.504123978316784
