times:
  edit-metadata: 1.4632918983697891
  landing: 0.7834872119128704
  view-data: 3.2817551232874393
