times:
  edit-metadata: 3.0392641499638557
  landing: 1.7117628678679466
  view-data: 3.6791027784347534
