times:
  edit-metadata: 1.4278827756643295
  landing: 0.8166526407003403
  view-data: 3.5503444224596024
