times:
  edit-metadata: 1.605000875890255
  landing: 0.7729121819138527
  view-data: 3.5367942824959755
