times:
  edit-metadata: 1.3764880076050758
  landing: 0.7351453602313995
  view-data: 3.438843198120594
