times:
  edit-metadata: 1.5529716163873672
  landing: 0.847619216889143
  view-data: 3.327046673744917
