times:
  edit-metadata: 1.963014718145132
  landing: 0.8622961677610874
  view-data: 3.369385279715061
