times:
  edit-metadata: 1.947188325226307
  landing: 0.9902896657586098
  view-data: 3.4039969444274902
