times:
  edit-metadata: 1.3599291034042835
  landing: 0.7747631035745144
  view-data: 3.307562217116356
