times:
  edit-metadata: 1.3635412380099297
  landing: 0.716691292822361
  view-data: 3.4843443408608437
