times:
  edit-metadata: 1.4090520963072777
  landing: 0.7241713032126427
  view-data: 3.47076503187418
