times:
  edit-metadata: 1.4258744195103645
  landing: 0.7842700108885765
  view-data: 3.5944372937083244
