times:
  edit-metadata: 1.5168916136026382
  landing: 0.7190890163183212
  view-data: 3.53934533149004
