times:
  edit-metadata: 1.451087586581707
  landing: 0.7973091527819633
  view-data: 3.4905425757169724
