times:
  edit-metadata: 1.633844293653965
  landing: 0.8148148953914642
  view-data: 3.340412825345993
