times:
  edit-metadata: 1.2571365535259247
  landing: 0.9311731979250908
  view-data: 3.5454546958208084
