times:
  edit-metadata: 1.4034945517778397
  landing: 0.7530456781387329
  view-data: 3.439348615705967
