times:
  edit-metadata: 1.4435038343071938
  landing: 0.787677139043808
  view-data: 3.3316520676016808
