times:
  edit-metadata: 1.6430917754769325
  landing: 0.8884028047323227
  view-data: 3.694119781255722
