times:
  edit-metadata: 1.4224888645112514
  landing: 0.7915333546698093
  view-data: 3.348349019885063
