times:
  edit-metadata: 1.6637000888586044
  landing: 0.8215691149234772
  view-data: 3.348366130143404
