times:
  edit-metadata: 1.5105875134468079
  landing: 0.7188937589526176
  view-data: 3.538327671587467
