times:
  edit-metadata: 2.132214106619358
  landing: 1.366080991923809
  view-data: 3.4339918717741966
