times:
  edit-metadata: 1.5050758980214596
  landing: 0.8413166403770447
  view-data: 3.361388012766838
