times:
  edit-metadata: 1.694166086614132
  landing: 1.1966212540864944
  view-data: 3.354688100516796
