times:
  edit-metadata: 1.5292857624590397
  landing: 0.9582197740674019
  view-data: 3.335511852055788
