times:
  edit-metadata: 1.4056540690362453
  landing: 0.8713112063705921
  view-data: 3.280157972127199
