times:
  edit-metadata: 1.3540261760354042
  landing: 0.8619339317083359
  view-data: 3.33737825602293
