times:
  edit-metadata: 1.5049416311085224
  landing: 0.8882617689669132
  view-data: 3.3119619376957417
