times:
  edit-metadata: 1.385264866054058
  landing: 0.9778823964297771
  view-data: 3.3414823710918427
