times:
  edit-metadata: 1.4653841480612755
  landing: 0.7147133350372314
  view-data: 3.262454576790333
