times:
  edit-metadata: 1.5120359361171722
  landing: 0.7654527798295021
  view-data: 3.42302106320858
