times:
  edit-metadata: 1.5133302211761475
  landing: 0.8418524488806725
  view-data: 3.5372716784477234
