times:
  edit-metadata: 1.5989617109298706
  landing: 1.0299769267439842
  view-data: 3.378758192062378
