times:
  edit-metadata: 1.3842607662081718
  landing: 0.8340997025370598
  view-data: 3.699463941156864
