times:
  edit-metadata: 1.483523927628994
  landing: 0.7824688702821732
  view-data: 3.4466079026460648
