times:
  edit-metadata: 1.748165238648653
  landing: 0.9902321062982082
  view-data: 3.3659876585006714
