times:
  edit-metadata: 1.8290648087859154
  landing: 0.8862450942397118
  view-data: 3.340126983821392
