times:
  edit-metadata: 1.1163266897201538
  landing: 0.7658218219876289
  view-data: 3.3993340209126472
