times:
  edit-metadata: 1.454020157456398
  landing: 0.710225485265255
  view-data: 3.4585234001278877
