times:
  edit-metadata: 2.2656070105731487
  landing: 1.0777581594884396
  view-data: 3.5020420029759407
