times:
  edit-metadata: 1.4784456118941307
  landing: 0.9039658978581429
  view-data: 3.2783107422292233
