times:
  edit-metadata: 1.4055316522717476
  landing: 0.824000634253025
  view-data: 3.5372312739491463
