times:
  edit-metadata: 1.3993368744850159
  landing: 0.9645774737000465
  view-data: 3.562471956014633
