times:
  edit-metadata: 1.564949855208397
  landing: 0.879084374755621
  view-data: 3.409916054457426
