times:
  edit-metadata: 1.6264716759324074
  landing: 0.9695581197738647
  view-data: 3.333325892686844
