times:
  edit-metadata: 1.4438121244311333
  landing: 0.7588779702782631
  view-data: 3.552042007446289
