times:
  edit-metadata: 1.4074186012148857
  landing: 0.8093030974268913
  view-data: 3.3648019209504128
