times:
  edit-metadata: 1.3813300468027592
  landing: 0.7524008117616177
  view-data: 3.2983608543872833
