times:
  edit-metadata: 1.3675594069063663
  landing: 0.8538455553352833
  view-data: 3.3293179385364056
