times:
  edit-metadata: 1.5118640065193176
  landing: 0.8261277116835117
  view-data: 3.610154628753662
