times:
  edit-metadata: 1.8756946548819542
  landing: 1.018775537610054
  view-data: 3.387585200369358
