times:
  edit-metadata: 3.3620071448385715
  landing: 1.6666809245944023
  view-data: 3.5629447028040886
