times:
  edit-metadata: 1.4804262109100819
  landing: 0.801332626491785
  view-data: 3.338891062885523
