times:
  edit-metadata: 1.385600347071886
  landing: 0.7061426416039467
  view-data: 3.286998562514782
