times:
  edit-metadata: 1.4105324894189835
  landing: 0.6978713124990463
  view-data: 3.4458281695842743
