times:
  edit-metadata: 1.4138469882309437
  landing: 0.8314745612442493
  view-data: 3.344345536082983
