times:
  edit-metadata: 1.508240170776844
  landing: 0.764985416084528
  view-data: 3.2855403311550617
