times:
  edit-metadata: 1.3941913321614265
  landing: 0.7425009310245514
  view-data: 3.5043384805321693
