times:
  edit-metadata: 1.623125471174717
  landing: 0.9545817747712135
  view-data: 3.6438487842679024
