times:
  edit-metadata: 1.7623895667493343
  landing: 1.09955171123147
  view-data: 3.385696556419134
