times:
  edit-metadata: 1.4603686556220055
  landing: 0.6913943290710449
  view-data: 3.47894686460495
