times:
  edit-metadata: 1.4190433099865913
  landing: 0.6875326186418533
  view-data: 3.439087599515915
