times:
  edit-metadata: 1.457053929567337
  landing: 0.7836298123002052
  view-data: 3.280522860586643
