times:
  edit-metadata: 1.43295519053936
  landing: 0.8361731842160225
  view-data: 3.36712746322155
