times:
  edit-metadata: 1.6236925721168518
  landing: 1.0601391643285751
  view-data: 3.3358571901917458
