times:
  edit-metadata: 1.4246609807014465
  landing: 0.8225812390446663
  view-data: 3.632068805396557
