times:
  edit-metadata: 1.1260242611169815
  landing: 0.7663667276501656
  view-data: 3.4300455451011658
