times:
  edit-metadata: 1.7376897893846035
  landing: 1.0344631411135197
  view-data: 3.434040680527687
