times:
  edit-metadata: 1.6736175306141376
  landing: 1.0599984675645828
  view-data: 3.614997662603855
