times:
  edit-metadata: 1.4973442181944847
  landing: 0.7294444143772125
  view-data: 3.3447848111391068
