times:
  edit-metadata: 1.4681690037250519
  landing: 0.7645872980356216
  view-data: 3.571937717497349
