times:
  edit-metadata: 1.4312814995646477
  landing: 0.7756997384130955
  view-data: 3.2905120477080345
