times:
  edit-metadata: 1.4028851240873337
  landing: 0.7880920395255089
  view-data: 3.365199062973261
