times:
  edit-metadata: 1.5570972934365273
  landing: 1.0164828523993492
  view-data: 3.468569427728653
