times:
  edit-metadata: 1.5189673900604248
  landing: 1.1120090410113335
  view-data: 3.5632695481181145
