times:
  edit-metadata: 1.3597779348492622
  landing: 0.7442109063267708
  view-data: 3.606442414224148
