times:
  edit-metadata: 1.5401114448904991
  landing: 0.7514666244387627
  view-data: 3.5023365765810013
