times:
  edit-metadata: 1.5074823684990406
  landing: 0.7509338185191154
  view-data: 3.308410681784153
