times:
  edit-metadata: 1.4313825480639935
  landing: 0.8107203990221024
  view-data: 3.353304762393236
