times:
  edit-metadata: 1.375561311841011
  landing: 0.8000712394714355
  view-data: 3.4545025005936623
