times:
  edit-metadata: 1.4557208940386772
  landing: 0.66912941634655
  view-data: 3.483116388320923
