times:
  edit-metadata: 1.4968197122216225
  landing: 0.7262329608201981
  view-data: 3.3805094584822655
