times:
  edit-metadata: 1.4344428107142448
  landing: 0.7720088884234428
  view-data: 3.403733640909195
