times:
  edit-metadata: 1.4192981198430061
  landing: 0.726457990705967
  view-data: 3.433388389647007
