times:
  edit-metadata: 1.6144103854894638
  landing: 0.9519510418176651
  view-data: 3.536445274949074
