times:
  edit-metadata: 1.4116347506642342
  landing: 0.8669765293598175
  view-data: 3.426700972020626
