times:
  edit-metadata: 2.0794777274131775
  landing: 1.4561956524848938
  view-data: 3.546186201274395
