times:
  edit-metadata: 1.4386216215789318
  landing: 0.8755904138088226
  view-data: 3.2620142214000225
