times:
  edit-metadata: 1.451784186065197
  landing: 0.7436611205339432
  view-data: 3.33880914747715
