times:
  edit-metadata: 1.4007566198706627
  landing: 1.048366665840149
  view-data: 3.321756809949875
