times:
  edit-metadata: 1.487548865377903
  landing: 0.7482175976037979
  view-data: 3.6258816868066788
