times:
  edit-metadata: 2.0079867653548717
  landing: 1.0818295702338219
  view-data: 3.556087877601385
