times:
  edit-metadata: 1.4862713143229485
  landing: 0.7539184466004372
  view-data: 3.293919116258621
