times:
  edit-metadata: 1.5905725210905075
  landing: 0.7374401651322842
  view-data: 3.3202356584370136
