times:
  edit-metadata: 1.4201573207974434
  landing: 0.7590724304318428
  view-data: 3.5103770568966866
