times:
  edit-metadata: 1.5609544813632965
  landing: 0.6797498390078545
  view-data: 3.4205157086253166
