times:
  edit-metadata: 1.5303675420582294
  landing: 0.8197944723069668
  view-data: 3.2968168668448925
