times:
  edit-metadata: 1.3683732226490974
  landing: 0.7700210735201836
  view-data: 3.4892852753400803
