times:
  edit-metadata: 1.3855324424803257
  landing: 0.8146622069180012
  view-data: 3.3275483772158623
