times:
  edit-metadata: 1.3667373433709145
  landing: 0.8450089320540428
  view-data: 3.527692936360836
