times:
  edit-metadata: 1.4683033004403114
  landing: 0.782297071069479
  view-data: 3.300981167703867
