times:
  edit-metadata: 1.4020341709256172
  landing: 0.7594135850667953
  view-data: 3.4910276383161545
