times:
  edit-metadata: 1.0721001103520393
  landing: 0.8428157940506935
  view-data: 3.4640081748366356
