times:
  edit-metadata: 1.4086985662579536
  landing: 0.8072315379977226
  view-data: 3.4492061883211136
