times:
  edit-metadata: 1.637066014111042
  landing: 0.863540768623352
  view-data: 3.339003250002861
