times:
  edit-metadata: 1.4307898953557014
  landing: 0.8342433571815491
  view-data: 3.3017418533563614
