times:
  edit-metadata: 1.4889544025063515
  landing: 0.8286961875855923
  view-data: 3.2794109247624874
