times:
  edit-metadata: 1.5894608348608017
  landing: 0.7500983476638794
  view-data: 3.4180632941424847
