times:
  edit-metadata: 1.4538374170660973
  landing: 0.8240967281162739
  view-data: 3.2776926942169666
