times:
  edit-metadata: 2.4695718958973885
  landing: 1.4041975662112236
  view-data: 4.2078752517700195
