times:
  edit-metadata: 1.5031338036060333
  landing: 0.9382474198937416
  view-data: 3.5629241168498993
