times:
  edit-metadata: 1.13837581127882
  landing: 0.8076367229223251
  view-data: 3.3790775761008263
