times:
  edit-metadata: 1.4416352100670338
  landing: 0.8504166975617409
  view-data: 3.3332520313560963
