times:
  edit-metadata: 1.4346982389688492
  landing: 0.8182706981897354
  view-data: 3.3747160583734512
