times:
  edit-metadata: 1.4239373579621315
  landing: 0.7988108322024345
  view-data: 3.5632935762405396
