times:
  edit-metadata: 1.4444442391395569
  landing: 0.7522116526961327
  view-data: 3.591677635908127
