times:
  edit-metadata: 1.492417424917221
  landing: 0.7809894755482674
  view-data: 3.401521533727646
