times:
  edit-metadata: 1.520099714398384
  landing: 0.7188439108431339
  view-data: 3.3292849622666836
