times:
  edit-metadata: 1.4442464858293533
  landing: 0.7996916547417641
  view-data: 3.54091939330101
