times:
  edit-metadata: 1.5182653814554214
  landing: 0.995949637144804
  view-data: 3.343710210174322
