times:
  edit-metadata: 1.4578256011009216
  landing: 0.7217726334929466
  view-data: 3.4903912767767906
