times:
  edit-metadata: 1.5010049566626549
  landing: 0.8722222000360489
  view-data: 3.7280537337064743
