times:
  edit-metadata: 1.5100878328084946
  landing: 0.7880223765969276
  view-data: 3.6025577634572983
