times:
  edit-metadata: 1.5293903052806854
  landing: 0.7542748898267746
  view-data: 3.444968059659004
