times:
  edit-metadata: 1.797925740480423
  landing: 0.8359776213765144
  view-data: 3.7917134389281273
