times:
  edit-metadata: 1.3771375976502895
  landing: 0.7269747145473957
  view-data: 3.261758405715227
