times:
  edit-metadata: 3.5844810977578163
  landing: 1.614800974726677
  view-data: 3.850342608988285
