times:
  edit-metadata: 1.441320151090622
  landing: 0.8162223994731903
  view-data: 3.2841911241412163
