times:
  edit-metadata: 1.4353970140218735
  landing: 0.8211547806859016
  view-data: 3.3355439826846123
