times:
  edit-metadata: 2.095127686858177
  landing: 1.030681535601616
  view-data: 3.6763254031538963
