times:
  edit-metadata: 1.5651279464364052
  landing: 1.0260795801877975
  view-data: 3.3197046667337418
