times:
  edit-metadata: 1.3741874247789383
  landing: 0.805836133658886
  view-data: 3.5753069296479225
