times:
  edit-metadata: 1.897907741367817
  landing: 0.8142558261752129
  view-data: 3.5040092691779137
