times:
  edit-metadata: 1.518775835633278
  landing: 0.8846324533224106
  view-data: 3.3174361288547516
