times:
  edit-metadata: 1.3750699125230312
  landing: 0.8580793365836143
  view-data: 3.3084365762770176
