times:
  edit-metadata: 1.420952059328556
  landing: 0.7663589715957642
  view-data: 3.2825367599725723
