times:
  edit-metadata: 1.518342524766922
  landing: 0.8083047233521938
  view-data: 3.3405369967222214
