times:
  edit-metadata: 1.4218222834169865
  landing: 0.7701964043080807
  view-data: 3.2978193685412407
