times:
  edit-metadata: 1.434711568057537
  landing: 0.7345455586910248
  view-data: 3.534930933266878
