times:
  edit-metadata: 1.4047320261597633
  landing: 0.7368433922529221
  view-data: 3.5884483605623245
