times:
  edit-metadata: 1.381730392575264
  landing: 0.7458785623311996
  view-data: 3.571162074804306
