times:
  edit-metadata: 1.446898553520441
  landing: 0.852710198611021
  view-data: 3.597368076443672
