times:
  edit-metadata: 1.7025155946612358
  landing: 0.9278483688831329
  view-data: 3.512498587369919
