times:
  edit-metadata: 1.439240224659443
  landing: 0.7405785694718361
  view-data: 3.6376307234168053
