times:
  edit-metadata: 1.5184502676129341
  landing: 0.8014911487698555
  view-data: 3.2922812923789024
