times:
  edit-metadata: 1.5007901340723038
  landing: 1.0721165426075459
  view-data: 3.316940985620022
