times:
  edit-metadata: 1.3566450998187065
  landing: 0.8656315878033638
  view-data: 3.584407329559326
