times:
  edit-metadata: 1.3863971382379532
  landing: 0.8186194151639938
  view-data: 3.41579806804657
