times:
  edit-metadata: 1.5908391177654266
  landing: 0.974281556904316
  view-data: 3.3627385906875134
