times:
  edit-metadata: 1.3924463167786598
  landing: 0.8189157545566559
  view-data: 3.318866789340973
