times:
  edit-metadata: 2.6038857214152813
  landing: 1.2890671901404858
  view-data: 3.3844590447843075
