times:
  edit-metadata: 2.366887259297073
  landing: 0.02371039427816868
  view-data: 0.023067881353199482
