times:
  edit-metadata: 1.450530495494604
  landing: 0.9632313586771488
  view-data: 3.3782570585608482
