times:
  edit-metadata: 1.7587120290845633
  landing: 1.6272580493241549
  view-data: 0.6402384974062443
