times:
  edit-metadata: 1.851220477372408
  landing: 0.5784906074404716
  view-data: 0.6374395415186882
