times:
  edit-metadata: 2.3487400310114026
  landing: 0.13109145127236843
  view-data: 0.46656719222664833
