times:
  edit-metadata: 2.2008602910209447
  landing: 0.1000884820241481
  view-data: 0.766185567015782
