times:
  landing: 1.0711106910000012
  view-data: 0.5599590980000357
