times:
  edit-metadata: 1.5058859400451183
  landing: 0.8280212562531233
  view-data: 3.3582160603255033
