times:
  edit-metadata: 2.3314036084339023
  landing: 0.02160999272018671
  view-data: 0.024494335986673832
