times:
  edit-metadata: 1.4117854135110974
  landing: 0.8881059531122446
  view-data: 3.3970007207244635
