times:
  edit-metadata: 1.6186461299657822
  landing: 0.9240795765072107
  view-data: 3.4129997473210096
