times:
  edit-metadata: 1.3217767560854554
  landing: 0.048808300867676735
  view-data: 0.25756737776100636
