times:
  edit-metadata: 2.289288828149438
  landing: 0.021057788282632828
  view-data: 0.09885001461952925
