times:
  edit-metadata: 1.4435260333120823
  landing: 1.0602221973240376
  view-data: 3.3150611706078053
