times:
  edit-metadata: 1.125188622972928
  landing: 0.046030873083509505
  view-data: 0.23114988498855382
