times:
  landing: 0.5491498330000013
  view-data: 0.5586169549999909
