times:
  edit-metadata: 1.5234812032431364
  landing: 0.8679567836225033
  view-data: 3.3915172647684813
