times:
  edit-metadata: 1.2636964251287282
  landing: 0.04665496991947293
  view-data: 0.23935430916026235
