times:
  edit-metadata: 1.69578205794096
  landing: 0.0415390282869339
  view-data: 0.21892907470464706
