times:
  edit-metadata: 2.372078196145594
  landing: 0.02148743811994791
  view-data: 0.023860851302742958
