times:
  edit-metadata: 1.3890254721045494
  landing: 0.8293554550036788
  view-data: 3.37526517175138
