times:
  landing: 0.5506425469999385
  view-data: 0.5597198529999332
