times:
  landing: 0.5507329750000167
  view-data: 0.5634697269999833
