times:
  edit-metadata: 1.8446114952675998
  landing: 0.04753244621679187
  view-data: 0.4476231192238629
