times:
  edit-metadata: 1.4170314730145037
  landing: 0.9507341599091887
  view-data: 3.3378933798521757
