times:
  edit-metadata: 2.3318037232384086
  landing: 1.766050685197115
  view-data: 3.733309115283191
