times:
  edit-metadata: 2.506677944213152
  landing: 0.14495362155139446
  view-data: 0.023210378363728523
