times:
  edit-metadata: 1.4396590255200863
  landing: 0.804218951612711
  view-data: 3.3701160065829754
