times:
  edit-metadata: 1.4669519700109959
  landing: 0.9814451560378075
  view-data: 3.3692346028983593
