times:
  edit-metadata: 1.5554927438497543
  landing: 1.0032975189387798
  view-data: 3.4429641664028168
