times:
  edit-metadata: 2.460918067023158
  landing: 0.021914446726441383
  view-data: 0.027462538331747055
