times:
  landing: 0.5455351140000175
  view-data: 0.5488295579999658
