times:
  edit-metadata: 1.7209053672850132
  landing: 0.05237836018204689
  view-data: 0.21971392631530762
