times:
  edit-metadata: 1.4271494122222066
  landing: 0.8718664748594165
  view-data: 3.3460506424307823
