times:
  edit-metadata: 1.788186252117157
  landing: 0.044040679931640625
  view-data: 0.2265225350856781
