times:
  edit-metadata: 1.415977933909744
  landing: 0.8323355531319976
  view-data: 3.3454577159136534
