times:
  edit-metadata: 1.1011375180096366
  landing: 0.04598484601592645
  view-data: 0.3589846749964636
