times:
  edit-metadata: 1.6390223167836666
  landing: 1.058368969708681
  view-data: 3.4437014013528824
