times:
  edit-metadata: 3.529056335799396
  landing: 0.6121275136247277
  view-data: 0.600629367865622
