times:
  landing: 0.5815235949999646
  view-data: 0.5622830759999715
