times:
  edit-metadata: 1.125358944060281
  landing: 0.04566020588390529
  view-data: 0.23181137791834772
