times:
  edit-metadata: 1.4675152571871877
  landing: 0.051234197337180376
  view-data: 0.4065916705876589
