times:
  edit-metadata: 1.4732940839603543
  landing: 0.052571277134120464
  view-data: 0.27643451001495123
