times:
  edit-metadata: 2.3306808564811945
  landing: 0.019571397453546524
  view-data: 0.02673352137207985
