times:
  edit-metadata: 2.3038467671722174
  landing: 0.11748656537383795
  view-data: 0.09754091035574675
