times:
  edit-metadata: 1.6989514210727066
  landing: 1.0002351040020585
  view-data: 3.301992933964357
