times:
  landing: 0.5466192160000105
  view-data: 0.551754791999997
