times:
  edit-metadata: 2.7892446368932724
  landing: 0.24538495764136314
  view-data: 0.18627019599080086
