times:
  edit-metadata: 1.7815351411700249
  landing: 0.04876776412129402
  view-data: 0.22601968050003052
