times:
  edit-metadata: 1.919089898467064
  landing: 0.476450452581048
  view-data: 0.33612725138664246
