times:
  edit-metadata: 2.356301217339933
  landing: 0.01915154792368412
  view-data: 0.027600440196692944
