times:
  edit-metadata: 1.2428858592174947
  landing: 0.05533551285043359
  view-data: 0.25420753797516227
