times:
  edit-metadata: 2.358191537670791
  landing: 0.15803620964288712
  view-data: 0.02666589803993702
