times:
  landing: 0.549088543000039
  view-data: 0.551766664000013
