times:
  edit-metadata: 1.8195478208363056
  landing: 0.5609671603888273
  view-data: 0.26147949881851673
