times:
  edit-metadata: 1.7655155546963215
  landing: 0.04402793198823929
  view-data: 0.2287069372832775
