times:
  edit-metadata: 2.3640321968123317
  landing: 0.022583222948014736
  view-data: 0.09650184959173203
