times:
  edit-metadata: 1.318124471232295
  landing: 0.05801532929763198
  view-data: 0.244875384029001
