times:
  edit-metadata: 1.9280375596135855
  landing: 1.0629075542092323
  view-data: 0.22842529602348804
