times:
  edit-metadata: 1.8702597487717867
  landing: 0.8748462088406086
  view-data: 0.33690650947391987
