times:
  edit-metadata: 1.4728460379992612
  landing: 0.06911892800417263
  view-data: 0.29032046999782324
