times:
  edit-metadata: 1.430265799164772
  landing: 0.9629214331507683
  view-data: 3.435255717486143
