times:
  edit-metadata: 1.950650009996025
  landing: 0.11631931501324289
  view-data: 0.5460179829970002
