times:
  edit-metadata: 1.4775302059715614
  landing: 0.045420852955430746
  view-data: 0.3003168620634824
