times:
  edit-metadata: 1.1322765400400385
  landing: 0.05122457095421851
  view-data: 0.23693911801092327
