times:
  landing: 1.070232199999964
  view-data: 0.5569747959999631
