times:
  landing: 1.0998457870000493
  view-data: 0.5591673669999864
