times:
  edit-metadata: 1.1828207708895206
  landing: 0.05021644616499543
  view-data: 0.23326704883947968
