times:
  edit-metadata: 1.181012992048636
  landing: 0.04231799812987447
  view-data: 0.22613615612499416
