times:
  edit-metadata: 1.8562705051153898
  landing: 1.090010428801179
  view-data: 0.6329613290727139
