times:
  edit-metadata: 1.5013597384095192
  landing: 0.8595052920281887
  view-data: 3.379994299262762
