times:
  edit-metadata: 1.5746201369911432
  landing: 0.8465334102511406
  view-data: 3.4086543265730143
