times:
  edit-metadata: 0.8252433966845274
  landing: 0.8982819356024265
  view-data: 0.3385170754045248
