times:
  edit-metadata: 1.27484566019848
  landing: 0.048335451167076826
  view-data: 0.2357934257015586
