times:
  edit-metadata: 1.1285327409859747
  landing: 0.04811554797925055
  view-data: 0.23122504306957126
