times:
  edit-metadata: 1.1288003609806765
  landing: 0.04309207198093645
  view-data: 0.2574652709881775
