times:
  edit-metadata: 1.416029168991372
  landing: 0.05131745303515345
  view-data: 0.28499061393085867
