times:
  edit-metadata: 1.114727380918339
  landing: 0.04248355794698
  view-data: 0.231345170061104
