times:
  edit-metadata: 1.7570635471493006
  landing: 0.8924112115055323
  view-data: 0.4463570863008499
