times:
  edit-metadata: 1.4622120130807161
  landing: 0.9353452082723379
  view-data: 3.4105477891862392
