times:
  edit-metadata: 1.9472293108701706
  landing: 0.6966683324426413
  view-data: 0.34039287082850933
