times:
  edit-metadata: 1.8699985966086388
  landing: 0.8832889720797539
  view-data: 0.25906794518232346
