times:
  edit-metadata: 2.755002450197935
  landing: 0.023353630676865578
  view-data: 0.023316621780395508
