times:
  edit-metadata: 1.2629261310212314
  landing: 0.05352428136393428
  view-data: 0.23279804782941937
