times:
  edit-metadata: 1.469787061912939
  landing: 0.059808881022036076
  view-data: 0.27317373210098594
