times:
  edit-metadata: 1.604297187179327
  landing: 0.9519678428769112
  view-data: 3.3539102226495743
