times:
  landing: 0.5523224220000884
  view-data: 0.5611204020000287
