times:
  edit-metadata: 1.8492348417639732
  landing: 0.6046496033668518
  view-data: 0.35792422480881214
