times:
  edit-metadata: 1.4602785296738148
  landing: 0.8771313391625881
  view-data: 3.5015361793339252
