times:
  edit-metadata: 2.34909223113209
  landing: 0.021196414716541767
  view-data: 0.024435188621282578
