times:
  edit-metadata: 1.4469751620199531
  landing: 0.056249540066346526
  view-data: 0.2799058919772506
