times:
  edit-metadata: 1.597605305723846
  landing: 0.7998118912801147
  view-data: 3.2917505968362093
