times:
  edit-metadata: 2.484650706872344
  landing: 0.10936393029987812
  view-data: 0.3368825186043978
