times:
  edit-metadata: 2.4571940740570426
  landing: 0.21348040085285902
  view-data: 0.42760120891034603
