times:
  edit-metadata: 1.2650611558929086
  landing: 0.05026388121768832
  view-data: 0.2428849646821618
