times:
  edit-metadata: 2.3439237056300044
  landing: 0.02120654098689556
  view-data: 0.12441852316260338
