times:
  edit-metadata: 1.5239967908710241
  landing: 0.8723803060129285
  view-data: 3.3264312148094177
