times:
  edit-metadata: 1.2674762811511755
  landing: 0.05615652725100517
  view-data: 0.2374076209962368
