times:
  edit-metadata: 2.293923379853368
  landing: 0.12100739404559135
  view-data: 0.026408103294670582
