times:
  edit-metadata: 1.293842762708664
  landing: 0.05013873800635338
  view-data: 0.24654841469600797
