times:
  edit-metadata: 1.1939682981465012
  landing: 0.0494704928714782
  view-data: 0.22575332992710173
