times:
  landing: 0.5424928989999955
  view-data: 0.5522321150000096
