times:
  landing: 1.0706017929999803
  view-data: 0.5529400440000245
