times:
  edit-metadata: 1.3074966482818127
  landing: 0.05805017799139023
  view-data: 0.24136979598551989
