times:
  edit-metadata: 1.582458857446909
  landing: 0.9064606688916683
  view-data: 3.317289087921381
