times:
  edit-metadata: 1.7931985659524798
  landing: 0.08564746100455523
  view-data: 0.2706804540939629
