times:
  landing: 0.5496231060000127
  view-data: 0.5463114179999593
