times:
  edit-metadata: 1.4778535779987578
  landing: 0.05065112699958263
  view-data: 0.2693116939990432
