times:
  edit-metadata: 2.5950578339397907
  landing: 0.12287070602178574
  view-data: 0.3343071863055229
