times:
  edit-metadata: 1.6820309290196747
  landing: 0.07370611396618187
  view-data: 0.3135650029871613
