times:
  edit-metadata: 1.2800239496864378
  landing: 0.0520928748883307
  view-data: 0.23654014617204666
