times:
  edit-metadata: 1.4760252380219754
  landing: 0.04807588900439441
  view-data: 0.3902523029828444
