times:
  edit-metadata: 2.557027827948332
  landing: 0.16120135970413685
  view-data: 0.024234745651483536
