times:
  edit-metadata: 1.5944374180398881
  landing: 1.0050448491238058
  view-data: 3.6380255091935396
