times:
  edit-metadata: 1.8056216016411781
  landing: 0.057027071714401245
  view-data: 0.22960161417722702
