times:
  edit-metadata: 1.3121147379279137
  landing: 0.04637433122843504
  view-data: 0.2396919745951891
