times:
  edit-metadata: 3.5192178804427385
  landing: 0.2954263612627983
  view-data: 0.34791319631040096
