times:
  edit-metadata: 1.4766367748379707
  landing: 0.7471553664654493
  view-data: 3.303652983158827
