times:
  landing: 0.5448006320000331
  view-data: 0.5491115799999875
