times:
  landing: 0.5543300329999852
  view-data: 0.5622260760000017
