times:
  edit-metadata: 1.1293191912118345
  landing: 0.05504605104215443
  view-data: 0.2289321559946984
