times:
  edit-metadata: 2.370401369407773
  landing: 0.022167373448610306
  view-data: 0.025738757103681564
