times:
  edit-metadata: 2.5419637504965067
  landing: 0.02132023312151432
  view-data: 0.023210473358631134
