times:
  edit-metadata: 1.5335694272071123
  landing: 0.8013872634619474
  view-data: 3.423841319978237
