times:
  edit-metadata: 1.5092478140140884
  landing: 0.05364992195973173
  view-data: 0.3122846059850417
