times:
  edit-metadata: 1.416426856070757
  landing: 0.9762398190796375
  view-data: 3.36359641328454
