times:
  edit-metadata: 1.1556763760163449
  landing: 0.049044618033804
  view-data: 0.23310296097770333
