times:
  landing: 1.0691873063333333
  view-data: 0.5531059978529811
