times:
  edit-metadata: 1.1189547699759714
  landing: 0.048299369984306395
  view-data: 0.22938872000668198
