times:
  edit-metadata: 1.6216923296451569
  landing: 1.0034063644707203
  view-data: 3.3544020019471645
