times:
  edit-metadata: 2.4211451038718224
  landing: 0.12389203533530235
  view-data: 0.4054214935749769
