times:
  edit-metadata: 1.4195941999787465
  landing: 0.04948408802738413
  view-data: 0.3107275940128602
