times:
  landing: 0.5580643490000057
  view-data: 0.5572361429999546
