times:
  edit-metadata: 1.5262117590755224
  landing: 0.7710682488977909
  view-data: 3.346863381564617
