times:
  edit-metadata: 1.7032073949230835
  landing: 0.8910026119556278
  view-data: 3.3229948190273717
