times:
  edit-metadata: 1.4457119423896074
  landing: 0.7766333390027285
  view-data: 3.3146730698645115
