times:
  landing: 1.0828320629999553
  view-data: 0.5590549050000391
