times:
  edit-metadata: 2.564306665211916
  landing: 0.17391392774879932
  view-data: 0.38720992766320705
