times:
  edit-metadata: 2.277752826921642
  landing: 0.1701371194794774
  view-data: 0.12672888301312923
