times:
  edit-metadata: 2.403014363721013
  landing: 0.20627565030008554
  view-data: 0.42058167420327663
