times:
  landing: 0.5561608350000142
  view-data: 0.5555086339999775
