times:
  edit-metadata: 2.818310998380184
  landing: 0.1370069645345211
  view-data: 0.4295961819589138
