times:
  edit-metadata: 2.3514589704573154
  landing: 0.020198160782456398
  view-data: 0.10212743747979403
