times:
  edit-metadata: 1.3971854709088802
  landing: 0.9863014817237854
  view-data: 3.298056911677122
