times:
  edit-metadata: 1.1632646631915122
  landing: 0.04955106507986784
  view-data: 0.24264083709567785
