times:
  edit-metadata: 2.542018424719572
  landing: 0.04930126294493675
  view-data: 0.25794467329978943
