times:
  edit-metadata: 1.8552654441446066
  landing: 0.8836877681314945
  view-data: 0.34760749340057373
