times:
  edit-metadata: 1.4378535822033882
  landing: 0.9743483513593674
  view-data: 3.314984869211912
