times:
  landing: 0.5530211589999681
  view-data: 0.5595824769999922
