times:
  edit-metadata: 1.1349277200642973
  landing: 0.04433193802833557
  view-data: 0.2262302169110626
