times:
  edit-metadata: 1.7543701976537704
  landing: 0.04937835410237312
  view-data: 0.2257423847913742
