times:
  landing: 0.5953168749999804
  view-data: 0.5581942939999749
