times:
  edit-metadata: 2.9626663736999035
  landing: 0.2485919240862131
  view-data: 0.4164523482322693
