times:
  landing: 0.5523706989999937
  view-data: 0.5595269460000054
