times:
  edit-metadata: 2.3917386922985315
  landing: 0.11768234148621559
  view-data: 0.14434958528727293
