times:
  edit-metadata: 2.422516331076622
  landing: 0.19897647947072983
  view-data: 0.24428547453135252
