times:
  edit-metadata: 1.6415067426860332
  landing: 0.8474317630752921
  view-data: 3.299571679905057
