times:
  landing: 0.5591133359999958
  view-data: 0.5613096220000102
