times:
  edit-metadata: 1.38470666622743
  landing: 0.07060160534456372
  view-data: 0.2913170070387423
