times:
  edit-metadata: 3.0780378356575966
  landing: 0.2408157754689455
  view-data: 0.023618081584572792
