times:
  edit-metadata: 1.7338725589215755
  landing: 0.04711524397134781
  view-data: 0.22727230191230774
