times:
  edit-metadata: 1.5709112267941236
  landing: 1.0539289005100727
  view-data: 3.4515913240611553
