times:
  landing: 0.5543801979999898
  view-data: 0.5580841970000279
