times:
  edit-metadata: 1.9022597819566727
  landing: 1.451857566833496
  view-data: 3.486814148724079
