times:
  edit-metadata: 1.3008675361052155
  landing: 0.05322130583226681
  view-data: 0.3645560909062624
