times:
  landing: 1.0778159949999804
  view-data: 0.5617247910000174
