times:
  landing: 0.5536663390000172
  view-data: 0.5565854160000185
