times:
  edit-metadata: 0.8852028958499432
  landing: 0.6465912386775017
  view-data: 0.22408664599061012
