times:
  edit-metadata: 1.8892236165702343
  landing: 0.6187089681625366
  view-data: 0.2534989230334759
