times:
  edit-metadata: 2.4860735246911645
  landing: 1.4768871311098337
  view-data: 3.461021998897195
