times:
  edit-metadata: 0.8380031045526266
  landing: 0.8104706704616547
  view-data: 0.31930866464972496
