times:
  edit-metadata: 1.373947972431779
  landing: 0.9078743401914835
  view-data: 3.250288687646389
