times:
  edit-metadata: 1.4410094700288028
  landing: 0.061944646993651986
  view-data: 0.39215561002492905
