times:
  edit-metadata: 2.2631838619709015
  landing: 1.9360938938334584
  view-data: 3.4353662878274918
