times:
  edit-metadata: 1.314705187920481
  landing: 0.047321029007434845
  view-data: 0.24120976775884628
