times:
  edit-metadata: 1.3142180652357638
  landing: 0.0445817532017827
  view-data: 0.25287475110962987
