times:
  landing: 1.0753713390000144
  view-data: 0.5605250610000212
