times:
  edit-metadata: 1.4284133471082896
  landing: 0.048527780221775174
  view-data: 0.3014283259399235
