times:
  edit-metadata: 1.7838406935334206
  landing: 0.050661422312259674
  view-data: 0.2212771698832512
