times:
  edit-metadata: 0.8913485575467348
  landing: 0.5540684275329113
  view-data: 0.2564307153224945
