times:
  edit-metadata: 1.6842202367261052
  landing: 0.05069801490753889
  view-data: 0.5361602092161775
