times:
  edit-metadata: 1.3047387078404427
  landing: 0.045452507212758064
  view-data: 0.24807374086230993
