times:
  edit-metadata: 2.742806096561253
  landing: 0.18873640894889832
  view-data: 0.1619158098474145
