times:
  edit-metadata: 1.5987799800932407
  landing: 0.9105063239112496
  view-data: 3.361715125851333
