times:
  edit-metadata: 1.6519083702005446
  landing: 0.07864244701340795
  view-data: 0.3440361060202122
