times:
  edit-metadata: 2.4287334345281124
  landing: 0.022107012569904327
  view-data: 0.02734491229057312
