times:
  edit-metadata: 2.013892814517021
  landing: 0.8902157787233591
  view-data: 0.3495229259133339
