times:
  edit-metadata: 1.4133461965247989
  landing: 0.8715003011748195
  view-data: 3.365413000807166
