times:
  edit-metadata: 2.3674951754510403
  landing: 1.259838581085205
  view-data: 3.447726543992758
