times:
  edit-metadata: 1.448086415999569
  landing: 0.06962499604560435
  view-data: 0.2741302700014785
