times:
  edit-metadata: 1.6033297079848126
  landing: 0.051447400997858495
  view-data: 0.29409883596235886
