times:
  edit-metadata: 2.415986355394125
  landing: 0.02372993342578411
  view-data: 0.025450761429965496
