times:
  landing: 1.0667985869999939
  view-data: 0.5662234640000179
