times:
  edit-metadata: 2.308155287988484
  landing: 0.023884098045527935
  view-data: 0.49892397690564394
