times:
  edit-metadata: 1.2490742220543325
  landing: 0.045409081038087606
  view-data: 0.23991928016766906
