times:
  landing: 1.1257074910000142
  view-data: 0.5593043989999842
