times:
  edit-metadata: 2.3563981922343373
  landing: 0.021175064146518707
  view-data: 0.02442091703414917
