times:
  edit-metadata: 2.4967121593654156
  landing: 0.13855243101716042
  view-data: 0.026884233579039574
