times:
  edit-metadata: 1.400059208041057
  landing: 0.7956485510803759
  view-data: 3.38394857221283
