times:
  edit-metadata: 1.987135425209999
  landing: 0.4842592030763626
  view-data: 0.2539965081959963
