times:
  edit-metadata: 1.414966114796698
  landing: 0.8409934937953949
  view-data: 3.383400375954807
