times:
  landing: 1.6370198910000227
  view-data: 0.5482544609999991
