times:
  edit-metadata: 1.5192174687981606
  landing: 1.150901522487402
  view-data: 3.328807696700096
