times:
  edit-metadata: 1.2980665229260921
  landing: 0.05275237001478672
  view-data: 0.2637146348133683
