times:
  edit-metadata: 1.1989417192526162
  landing: 0.04981295298784971
  view-data: 0.23543094331398606
