times:
  edit-metadata: 2.561978841200471
  landing: 0.019455431029200554
  view-data: 0.1330302245914936
