times:
  edit-metadata: 1.4187463968992233
  landing: 1.0756728146225214
  view-data: 3.329176139086485
