times:
  edit-metadata: 2.3338556671515107
  landing: 0.019129524007439613
  view-data: 0.1214455496519804
