times:
  edit-metadata: 0.9036880172789097
  landing: 0.5903935302048922
  view-data: 0.232003565877676
