times:
  landing: 1.105999799000017
  view-data: 0.5567615080000223
