times:
  landing: 1.079421645000025
  view-data: 0.5592324819999703
