times:
  edit-metadata: 3.1673704646527767
  landing: 0.34147571586072445
  view-data: 0.5087431743741035
