times:
  landing: 0.563979702000097
  view-data: 0.5665496230001281
