times:
  edit-metadata: 1.4869034197181463
  landing: 0.8228797893971205
  view-data: 3.367767259478569
