times:
  edit-metadata: 1.9245076719671488
  landing: 0.7240220960229635
  view-data: 0.2644278518855572
