times:
  landing: 0.5568457899999544
  view-data: 0.556933489999949
