times:
  landing: 0.5635057129999268
  view-data: 0.5602453919999562
