times:
  edit-metadata: 1.6519561717286706
  landing: 1.148935460485518
  view-data: 3.4957662718370557
