times:
  edit-metadata: 1.7886145301163197
  landing: 0.042831841856241226
  view-data: 0.23237485066056252
