times:
  edit-metadata: 3.4405207876116037
  landing: 0.04621300473809242
  view-data: 0.17073419876396656
