times:
  edit-metadata: 1.218751170206815
  landing: 0.0549981570802629
  view-data: 0.22527206502854824
