times:
  edit-metadata: 1.1417561810230836
  landing: 0.04812430799938738
  view-data: 0.2373859859071672
