times:
  edit-metadata: 1.1350709759863093
  landing: 0.03848072199616581
  view-data: 0.2372679919935763
