times:
  edit-metadata: 1.719695824664086
  landing: 1.023447867948562
  view-data: 3.3624084312468767
