times:
  edit-metadata: 2.41450264300056
  landing: 0.049811427000349795
  view-data: 0.25989279499935947
