times:
  edit-metadata: 1.729786105453968
  landing: 0.0506988987326622
  view-data: 0.22643429785966873
