times:
  edit-metadata: 1.141416742990259
  landing: 0.04627843401976861
  view-data: 0.2308644359873142
