times:
  edit-metadata: 1.729323260486126
  landing: 0.04510965570807457
  view-data: 0.22411146759986877
