times:
  landing: 1.0734461280000005
  view-data: 0.5523526650000008
