times:
  edit-metadata: 1.712862841784954
  landing: 0.0505099892616272
  view-data: 0.2213580496609211
