times:
  edit-metadata: 2.3557154331356287
  landing: 0.020059316419065
  view-data: 0.13229042757302523
