times:
  edit-metadata: 1.4253329520579427
  landing: 0.054490126902237535
  view-data: 0.2746494219172746
