times:
  edit-metadata: 1.5752644687891006
  landing: 1.0152352452278137
  view-data: 3.352997299283743
