times:
  landing: 0.5452283399999942
  view-data: 0.5568080970000437
