times:
  edit-metadata: 1.5177178084850311
  landing: 0.8037955593317747
  view-data: 3.3831727746874094
