times:
  edit-metadata: 2.304259647615254
  landing: 0.021089674904942513
  view-data: 0.12232958897948265
