times:
  edit-metadata: 2.3462657323107123
  landing: 0.02208647783845663
  view-data: 0.5799774806946516
