times:
  edit-metadata: 2.317919500172138
  landing: 0.020925257354974747
  view-data: 0.025536376982927322
