times:
  landing: 1.0732417499999656
  view-data: 0.555209872999967
