times:
  edit-metadata: 0.8817600961774588
  landing: 0.6083943601697683
  view-data: 0.2529465053230524
