times:
  edit-metadata: 2.441323511302471
  landing: 0.23646873235702515
  view-data: 0.1243827436119318
