times:
  edit-metadata: 1.81735560297966
  landing: 0.6790312826633453
  view-data: 0.33621295541524887
