times:
  edit-metadata: 1.675149168819189
  landing: 0.8925330815836787
  view-data: 3.4659729124978185
