times:
  edit-metadata: 1.3647849299013615
  landing: 0.7701577618718147
  view-data: 3.3732944019138813
