times:
  edit-metadata: 1.1182153960689902
  landing: 0.04791026399470866
  view-data: 0.22630149591714144
