times:
  edit-metadata: 2.3305890215560794
  landing: 0.01918561104685068
  view-data: 0.02462870627641678
