times:
  edit-metadata: 1.1472178590483963
  landing: 0.04925847798585892
  view-data: 0.23056179098784924
