times:
  edit-metadata: 1.2446483811363578
  landing: 0.05220888089388609
  view-data: 0.22945407964289188
