times:
  landing: 1.0619304140000168
  view-data: 0.54750095899999
