times:
  edit-metadata: 1.1697627929970622
  landing: 0.043933340813964605
  view-data: 0.23711694683879614
