times:
  edit-metadata: 1.4569818158634007
  landing: 0.06328550027683377
  view-data: 0.2677240651100874
