times:
  edit-metadata: 1.5654261149466038
  landing: 0.8846788741648197
  view-data: 3.429103311151266
