times:
  edit-metadata: 2.3413715241476893
  landing: 0.1691091451793909
  view-data: 0.42386917769908905
