times:
  edit-metadata: 1.5537154395133257
  landing: 0.8417611289769411
  view-data: 3.3737253583967686
