times:
  edit-metadata: 1.9261827357113361
  landing: 0.043389491736888885
  view-data: 0.24401093646883965
