times:
  landing: 0.5622995329999867
  view-data: 0.5513538820000008
