times:
  edit-metadata: 1.395223394036293
  landing: 0.8342177532613277
  view-data: 3.3658291436731815
