times:
  landing: 0.550486626999998
  view-data: 0.553995714999985
