times:
  edit-metadata: 1.31072729639709
  landing: 0.04765854496508837
  view-data: 0.2664100145921111
