times:
  landing: 0.5417111250000062
  view-data: 0.5485832100000039
