times:
  edit-metadata: 2.282917331904173
  landing: 0.045953468419611454
  view-data: 0.1226924154907465
