times:
  edit-metadata: 1.7450995184481144
  landing: 0.04367056488990784
  view-data: 0.24125509709119797
