times:
  edit-metadata: 1.3363707019016147
  landing: 0.8760750917717814
  view-data: 3.2914622174575925
