times:
  edit-metadata: 2.3710114508867264
  landing: 0.044798385351896286
  view-data: 0.25334421172738075
