times:
  edit-metadata: 2.6568630915135145
  landing: 0.019814107567071915
  view-data: 0.028225626796483994
