times:
  edit-metadata: 1.4006386790424585
  landing: 0.9570301529020071
  view-data: 3.303001891821623
