times:
  edit-metadata: 1.1897142729721963
  landing: 0.05517983203753829
  view-data: 0.23323699226602912
