times:
  landing: 0.5578567029999704
  view-data: 0.5645250439999927
