times:
  edit-metadata: 1.8978551626205444
  landing: 0.5130982622504234
  view-data: 0.3481665886938572
