times:
  edit-metadata: 1.4217459941282868
  landing: 0.05574632599018514
  view-data: 0.2750705408398062
