times:
  edit-metadata: 1.4761199110071175
  landing: 0.0450183930224739
  view-data: 0.28072288603289053
