times:
  edit-metadata: 2.258539798669517
  landing: 0.020913679152727127
  view-data: 0.13423211593180895
