times:
  edit-metadata: 2.389810682274401
  landing: 0.022862529382109642
  view-data: 0.12467259913682938
