times:
  edit-metadata: 1.3368768906220794
  landing: 0.04221238475292921
  view-data: 0.25481337402015924
