times:
  edit-metadata: 2.837701759301126
  landing: 0.1195850232616067
  view-data: 0.024582591839134693
