times:
  edit-metadata: 1.8754440527409315
  landing: 1.1213286016136408
  view-data: 0.37779879197478294
