times:
  edit-metadata: 2.2933882772922516
  landing: 0.01970080006867647
  view-data: 0.09987886808812618
