times:
  edit-metadata: 1.4298706082627177
  landing: 0.07043292000889778
  view-data: 0.2678347681649029
