times:
  edit-metadata: 1.264151907991618
  landing: 0.05266264220699668
  view-data: 0.24754772009328008
