times:
  edit-metadata: 1.2809281768277287
  landing: 0.04845630610361695
  view-data: 0.2271712739020586
