times:
  edit-metadata: 1.2466906011104584
  landing: 0.043308119755238295
  view-data: 0.23903937684372067
