times:
  edit-metadata: 1.134152727900073
  landing: 0.05344010307453573
  view-data: 0.24403273197822273
