times:
  edit-metadata: 1.291803080122918
  landing: 0.049052574671804905
  view-data: 0.24660256877541542
