times:
  edit-metadata: 2.3374156719073653
  landing: 0.12471509911119938
  view-data: 0.12166200298815966
