times:
  edit-metadata: 1.2526278072036803
  landing: 0.04668636294081807
  view-data: 0.2306222370825708
