times:
  edit-metadata: 1.3847881332039833
  landing: 0.8654056452214718
  view-data: 3.4543427750468254
