times:
  edit-metadata: 1.3541882480494678
  landing: 0.3004336879821494
  view-data: 0.3160941069945693
