times:
  edit-metadata: 2.4293022956699133
  landing: 0.17849764414131641
  view-data: 0.024961836636066437
