times:
  edit-metadata: 1.2857982870191336
  landing: 0.043360196985304356
  view-data: 0.2394837881438434
