times:
  landing: 2.413232727907598
  view-data: 0.03439694200642407
