times:
  edit-metadata: 1.129205662989989
  landing: 0.050810863031074405
  view-data: 0.22408658196218312
