times:
  edit-metadata: 1.190465873107314
  landing: 0.048505167942494154
  view-data: 0.22425331198610365
