times:
  edit-metadata: 1.2871200861409307
  landing: 0.05117863975465298
  view-data: 0.25163283478468657
