times:
  edit-metadata: 1.907652784138918
  landing: 0.6898948960006237
  view-data: 0.24395512975752354
