times:
  edit-metadata: 1.5228398442268372
  landing: 1.0145033188164234
  view-data: 3.4415264055132866
