times:
  edit-metadata: 1.5118687208741903
  landing: 0.8091248963028193
  view-data: 3.6708856131881475
