times:
  edit-metadata: 1.1170263300882652
  landing: 0.05171840696129948
  view-data: 0.22842877195216715
