times:
  landing: 1.0682666370000788
  view-data: 0.5494144729999562
