times:
  edit-metadata: 1.297127528116107
  landing: 0.05829031206667423
  view-data: 0.2342648459598422
