times:
  edit-metadata: 1.181631084997207
  landing: 0.05578379100188613
  view-data: 0.23032772890292108
