times:
  edit-metadata: 2.5722686424851418
  landing: 0.14264629781246185
  view-data: 0.3375923614948988
