times:
  edit-metadata: 1.6175571890780702
  landing: 0.9887845910852775
  view-data: 3.476734824012965
