times:
  edit-metadata: 1.5708810463547707
  landing: 0.9701070711016655
  view-data: 3.425048854202032
