times:
  landing: 0.5529223820000198
  view-data: 0.6099083709999604
