times:
  edit-metadata: 4.42048842087388
  landing: 0.19421616569161415
  view-data: 0.0544093307107687
