times:
  edit-metadata: 1.4423010149912443
  landing: 0.07080006197793409
  view-data: 0.2775803960103076
