times:
  edit-metadata: 2.334624843671918
  landing: 0.0222221864387393
  view-data: 0.4179409062489867
