times:
  edit-metadata: 1.0477449595928192
  landing: 0.8717287257313728
  view-data: 0.3331997375935316
