times:
  landing: 0.5724388749999889
  view-data: 0.07211422099999254
