times:
  edit-metadata: 2.3062319746240973
  landing: 0.02004748396575451
  view-data: 0.1254805363714695
