times:
  edit-metadata: 1.2726058070547879
  landing: 0.051689859945327044
  view-data: 0.2356685851700604
