times:
  edit-metadata: 1.1830710950307548
  landing: 0.051014086697250605
  view-data: 0.23114854097366333
