times:
  edit-metadata: 2.6861991584300995
  landing: 0.21784707903862
  view-data: 0.3210889920592308
