times:
  edit-metadata: 2.348523241467774
  landing: 0.022207980044186115
  view-data: 0.11770132835954428
