times:
  edit-metadata: 1.1566156949847937
  landing: 0.049745094031095505
  view-data: 0.23865712387487292
