times:
  edit-metadata: 1.413394727744162
  landing: 0.9103911630809307
  view-data: 3.4505942948162556
