times:
  edit-metadata: 1.464037336409092
  landing: 0.846982330083847
  view-data: 3.277102153748274
