times:
  edit-metadata: 0.9492581207305193
  landing: 1.2033578120172024
  view-data: 0.36506838351488113
