times:
  edit-metadata: 0.856114799156785
  landing: 0.5115075036883354
  view-data: 0.31838878244161606
