times:
  edit-metadata: 1.811354886740446
  landing: 0.04696173593401909
  view-data: 0.22311865538358688
