times:
  edit-metadata: 1.4465271309018135
  landing: 0.9056408517062664
  view-data: 3.3486777432262897
