times:
  edit-metadata: 1.5385107677429914
  landing: 0.9771628100425005
  view-data: 3.3237893730401993
