times:
  edit-metadata: 1.4891235120594501
  landing: 0.989429697394371
  view-data: 3.3423211239278316
