times:
  edit-metadata: 1.512146895751357
  landing: 0.787694251164794
  view-data: 3.356841303408146
