times:
  edit-metadata: 1.4666943117044866
  landing: 0.07654122030362487
  view-data: 0.25355465430766344
