times:
  edit-metadata: 1.4124620420043357
  landing: 0.06812985602300614
  view-data: 0.30381966900313273
