times:
  landing: 1.0705794279999736
  view-data: 0.5538849060000075
