times:
  edit-metadata: 1.4857386089861393
  landing: 0.04898457368835807
  view-data: 0.29780006781220436
