times:
  landing: 0.5536806879999858
  view-data: 0.558883284999979
