times:
  edit-metadata: 1.296548429876566
  landing: 0.050682222936302423
  view-data: 0.24458889989182353
