times:
  edit-metadata: 1.5134111980441958
  landing: 0.07650133699644357
  view-data: 0.2858449280029163
