times:
  edit-metadata: 1.3268858278170228
  landing: 0.048841994255781174
  view-data: 0.23752014804631472
