times:
  edit-metadata: 2.4768849797546864
  landing: 0.13689804822206497
  view-data: 0.026634186506271362
