times:
  edit-metadata: 1.9295770898461342
  landing: 0.7787036094814539
  view-data: 0.337387815117836
