times:
  landing: 1.0825972869999987
  view-data: 0.5659361479999916
