times:
  landing: 0.5431396949999225
  view-data: 0.5442033099999435
