times:
  edit-metadata: 2.317331561818719
  landing: 0.022465134970843792
  view-data: 0.45297728665173054
