times:
  edit-metadata: 1.5501826703548431
  landing: 1.0274768210947514
  view-data: 3.3321811109781265
