times:
  edit-metadata: 3.8823508946225047
  landing: 0.4194259960204363
  view-data: 1.041555949486792
