times:
  edit-metadata: 3.0124873872846365
  landing: 0.2794080041348934
  view-data: 0.14738989621400833
