times:
  landing: 1.1136171390000413
  view-data: 0.5535006929999895
