times:
  edit-metadata: 1.5960026159882545
  landing: 1.4267244935035706
  view-data: 5.072418928146362
