times:
  edit-metadata: 1.1252144370228052
  landing: 0.04170398798305541
  view-data: 0.6522704439703375
