times:
  edit-metadata: 1.4352440722286701
  landing: 0.8678564550355077
  view-data: 3.3832637537270784
