times:
  edit-metadata: 1.470820038113743
  landing: 0.050970613956451416
  view-data: 0.2809718281496316
