times:
  edit-metadata: 1.260626579169184
  landing: 0.04497926030308008
  view-data: 0.2506352332420647
