times:
  edit-metadata: 1.7689598938450217
  landing: 1.213542515411973
  view-data: 3.422716255299747
