times:
  edit-metadata: 1.6522350050508976
  landing: 0.9689005240797997
  view-data: 3.415635868906975
