times:
  edit-metadata: 1.9192369505763054
  landing: 1.176150904968381
  view-data: 0.4727889709174633
