times:
  landing: 0.5535221110000066
  view-data: 0.5569389340000725
