times:
  landing: 0.5540782420000028
  view-data: 0.05313270600004216
