times:
  edit-metadata: 2.7964416928589344
  landing: 0.1375486897304654
  view-data: 0.33245666045695543
