times:
  edit-metadata: 1.8989686146378517
  landing: 1.073851965367794
  view-data: 3.4938607439398766
