times:
  edit-metadata: 3.8587442710995674
  landing: 0.20163136534392834
  view-data: 0.6250382121652365
