times:
  edit-metadata: 1.7487290361896157
  landing: 0.06811325484886765
  view-data: 0.27371270302683115
