times:
  edit-metadata: 1.4480226509913336
  landing: 0.07573296899499837
  view-data: 0.2774337549926713
