times:
  edit-metadata: 1.836091395933181
  landing: 0.04955870984122157
  view-data: 0.26706730388104916
