times:
  edit-metadata: 1.4891400859924033
  landing: 0.052023940021172166
  view-data: 0.27100486995186657
