times:
  edit-metadata: 2.361090593971312
  landing: 0.021762778982520103
  view-data: 0.12473475374281406
