times:
  edit-metadata: 1.8334466572850943
  landing: 1.0904898550361395
  view-data: 0.6392064895480871
