times:
  edit-metadata: 1.2790676546283066
  landing: 0.04432738805189729
  view-data: 0.2316532740369439
