times:
  edit-metadata: 2.7896899515762925
  landing: 0.049043101258575916
  view-data: 0.13412941247224808
