times:
  edit-metadata: 1.6960015017539263
  landing: 0.9087110962718725
  view-data: 3.4379039108753204
