times:
  landing: 1.078681730000028
  view-data: 0.5557070600000316
