times:
  edit-metadata: 1.1145383460097946
  landing: 0.04648472199914977
  view-data: 0.23055022297194228
