times:
  edit-metadata: 2.3605861719697714
  landing: 0.021938560530543327
  view-data: 0.12414552457630634
