times:
  edit-metadata: 1.4258703012019396
  landing: 0.09360801056027412
  view-data: 0.300939520355314
