times:
  landing: 0.5507548669999665
  view-data: 0.5521405810000033
