times:
  edit-metadata: 1.7452144920825958
  landing: 1.1695629097521305
  view-data: 3.4370734691619873
