times:
  edit-metadata: 1.4463447489979444
  landing: 0.07491230400046334
  view-data: 0.3069004480057629
