times:
  edit-metadata: 1.3946797898970544
  landing: 0.05010415380820632
  view-data: 0.2749588100705296
