times:
  edit-metadata: 2.096315171569586
  landing: 0.054237250238657
  view-data: 0.2356637790799141
