times:
  edit-metadata: 2.311775174923241
  landing: 0.022923702374100685
  view-data: 0.12440953776240349
