times:
  edit-metadata: 1.4089992083609104
  landing: 0.9785320647060871
  view-data: 3.8141743019223213
