times:
  edit-metadata: 1.3029250344261527
  landing: 0.04720942955464125
  view-data: 0.26508775167167187
