times:
  edit-metadata: 1.5775570012629032
  landing: 0.9974262416362762
  view-data: 3.4194405414164066
