times:
  edit-metadata: 2.063702266663313
  landing: 0.04528743959963322
  view-data: 0.24425314739346504
