times:
  edit-metadata: 1.5688395947217941
  landing: 0.9565306641161442
  view-data: 3.4355006627738476
