times:
  landing: 0.5494510259999856
  view-data: 0.5572151740000209
