times:
  edit-metadata: 1.830294018611312
  landing: 1.1845804322510958
  view-data: 0.3327234014868736
