times:
  edit-metadata: 2.308637011796236
  landing: 0.021133845672011375
  view-data: 0.12230131682008505
