times:
  edit-metadata: 1.8179278410971165
  landing: 0.052155282348394394
  view-data: 0.23647988587617874
