times:
  edit-metadata: 1.2036358211189508
  landing: 0.048177007120102644
  view-data: 0.22978124767541885
