times:
  edit-metadata: 1.4571073688566685
  landing: 0.912276417016983
  view-data: 3.4183976617641747
