times:
  edit-metadata: 1.1236092479957733
  landing: 0.04674691500258632
  view-data: 0.2340120820008451
