times:
  edit-metadata: 2.8455698303878307
  landing: 0.2683480679988861
  view-data: 0.4484695643186569
