times:
  edit-metadata: 1.6809880137443542
  landing: 0.6359055526554585
  view-data: 0.3679361641407013
