times:
  edit-metadata: 2.3361901501193643
  landing: 0.02426890842616558
  view-data: 0.12061695754528046
