times:
  edit-metadata: 1.8499840032309294
  landing: 0.049638839438557625
  view-data: 0.24248657375574112
