times:
  edit-metadata: 0.8919614478945732
  landing: 1.0259218849241734
  view-data: 0.9102465081959963
