times:
  edit-metadata: 1.2790251821279526
  landing: 0.9259108100086451
  view-data: 3.3298269528895617
