times:
  edit-metadata: 1.9191570077091455
  landing: 0.6192525718361139
  view-data: 0.6282510478049517
