times:
  edit-metadata: 2.338277578353882
  landing: 0.02156273741275072
  view-data: 0.026860768906772137
