times:
  edit-metadata: 1.7916328618302941
  landing: 0.08711000485345721
  view-data: 0.32653090916574
