times:
  edit-metadata: 1.9539625439792871
  landing: 0.8706816751509905
  view-data: 0.33416924998164177
