times:
  edit-metadata: 1.6136771030724049
  landing: 0.9311210550367832
  view-data: 3.3285698667168617
