times:
  edit-metadata: 1.1936072449898347
  landing: 0.04502706199127715
  view-data: 0.2193004739965545
