times:
  edit-metadata: 0.9047875758260489
  landing: 2.3728002477437258
  view-data: 0.7385777663439512
