times:
  edit-metadata: 1.4854781851172447
  landing: 0.050769650377333164
  view-data: 0.2662303480319679
