times:
  edit-metadata: 1.1704396379645914
  landing: 0.14302087994292378
  view-data: 0.27075892593711615
