times:
  landing: 1.0768572000000063
  view-data: 0.5597842050000281
