times:
  edit-metadata: 1.8150389619986527
  landing: 0.06792462899466045
  view-data: 0.33745376599836163
