times:
  edit-metadata: 1.645152822136879
  landing: 1.2378876768052578
  view-data: 3.7063680291175842
