times:
  edit-metadata: 1.5806198380887508
  landing: 1.1468530483543873
  view-data: 3.3913626298308372
