times:
  edit-metadata: 1.1746404273435473
  landing: 0.043279200326651335
  view-data: 0.23119332594797015
