times:
  edit-metadata: 1.448573350906372
  landing: 0.8483414556831121
  view-data: 3.3710487578064203
