times:
  landing: 1.067912997999997
  view-data: 1.0774944220000293
