times:
  landing: 0.5561033979998911
  view-data: 0.5556680700000243
