times:
  landing: 0.5651225160000308
  view-data: 0.5603683790000105
