times:
  landing: 1.067458522000038
  view-data: 0.5594919199999708
