times:
  edit-metadata: 2.3130730744451284
  landing: 0.019617551006376743
  view-data: 0.12127344403415918
