times:
  landing: 0.5533142180000254
  view-data: 0.5638100770000278
