times:
  edit-metadata: 1.4787167260001297
  landing: 0.05401396300021588
  view-data: 0.27615778099971067
