times:
  edit-metadata: 2.3167001884430647
  landing: 0.021308472380042076
  view-data: 0.024350909516215324
