times:
  edit-metadata: 1.1851924639195204
  landing: 0.049987899139523506
  view-data: 0.23600560193881392
