times:
  edit-metadata: 2.4751879926770926
  landing: 0.23675637505948544
  view-data: 0.12282891944050789
