times:
  edit-metadata: 3.015052329748869
  landing: 1.4190132208168507
  view-data: 3.978750929236412
