times:
  edit-metadata: 1.129429554042872
  landing: 0.050234341993927956
  view-data: 0.23096627602353692
