times:
  edit-metadata: 1.6998838819563389
  landing: 0.04431632533669472
  view-data: 0.21732017397880554
