times:
  edit-metadata: 2.481495628133416
  landing: 0.0219254232943058
  view-data: 0.026288514956831932
