times:
  edit-metadata: 1.5048728697001934
  landing: 0.8591192848980427
  view-data: 3.4037817679345608
