times:
  landing: 0.5516716869999527
  view-data: 0.5687723080000069
