times:
  landing: 0.5499589700000342
  view-data: 0.5623961150000127
