times:
  edit-metadata: 2.3846227023750544
  landing: 0.1798700662329793
  view-data: 0.0247940756380558
