times:
  landing: 1.0641556279999804
  view-data: 0.5501264549999973
