times:
  edit-metadata: 1.4135140448343009
  landing: 0.04452640493400395
  view-data: 0.3475870699621737
