times:
  landing: 0.5600311379999994
  view-data: 0.5633245360000387
