times:
  landing: 1.081211670000016
  view-data: 0.560451420999982
