times:
  edit-metadata: 1.486785639077425
  landing: 0.9174052346497774
  view-data: 3.368452897295356
