times:
  edit-metadata: 2.341318640857935
  landing: 0.021040380001068115
  view-data: 0.10351877473294735
