times:
  edit-metadata: 6.008919879001041
  landing: 0.1727489089971641
  view-data: 0.8326137300027767
