times:
  edit-metadata: 1.5659149810671806
  landing: 1.0693382807075977
  view-data: 3.387697294354439
