times:
  landing: 0.5593850479999674
  view-data: 0.5637145779999742
