times:
  edit-metadata: 1.868133781477809
  landing: 0.6534931473433971
  view-data: 0.33792591840028763
