times:
  edit-metadata: 1.3008875669911504
  landing: 0.047840472776442766
  view-data: 0.2397602368146181
