times:
  edit-metadata: 1.8325187293812633
  landing: 0.8276533000171185
  view-data: 3.364317048341036
