times:
  edit-metadata: 1.859321566298604
  landing: 0.5830056592822075
  view-data: 0.6260111629962921
