times:
  landing: 0.5546231120000016
  view-data: 0.5543382120000047
