times:
  edit-metadata: 2.422515737824142
  landing: 0.12135160807520151
  view-data: 0.023334412835538387
