times:
  edit-metadata: 1.441388841951266
  landing: 0.050265052006579936
  view-data: 0.2682639450067654
