times:
  edit-metadata: 1.8245745860040188
  landing: 0.5780844241380692
  view-data: 0.6408972982317209
