times:
  edit-metadata: 1.1054285450372845
  landing: 0.04903340700548142
  view-data: 0.22935011994559318
