times:
  edit-metadata: 1.1625492610037327
  landing: 0.05069147399626672
  view-data: 0.2575407330878079
