times:
  edit-metadata: 1.7199562229216099
  landing: 1.040248580276966
  view-data: 3.417141519486904
