times:
  edit-metadata: 1.5264788456261158
  landing: 0.8828997053205967
  view-data: 3.383279263973236
