times:
  edit-metadata: 1.2963058552704751
  landing: 0.0521616218611598
  view-data: 0.2584648048505187
