times:
  edit-metadata: 1.224470930872485
  landing: 0.053879756946116686
  view-data: 0.23188288998790085
