times:
  edit-metadata: 4.25383957196027
  landing: 0.29967552702873945
  view-data: 0.47452908009290695
