times:
  landing: 0.5498306540000044
  view-data: 0.5617404019999981
