times:
  edit-metadata: 1.4163984630140476
  landing: 0.06665280502056703
  view-data: 0.27479690802283585
