times:
  edit-metadata: 1.5013922569924034
  landing: 0.08617112395586446
  view-data: 0.32831030001398176
