times:
  edit-metadata: 1.9248711057007313
  landing: 0.811807444319129
  view-data: 0.34815172106027603
