times:
  landing: 0.5530528580000009
  view-data: 0.5542215009999722
