times:
  edit-metadata: 1.1578021199966315
  landing: 0.045908308995421976
  view-data: 0.22875750399543904
