times:
  edit-metadata: 2.4588810820132494
  landing: 0.023640353232622147
  view-data: 0.3190468940883875
