times:
  edit-metadata: 2.3796535842120647
  landing: 0.046292029321193695
  view-data: 0.2714274749159813
