times:
  edit-metadata: 1.5091411583125591
  landing: 0.7317055985331535
  view-data: 3.3274455312639475
