times:
  edit-metadata: 1.1336058867163956
  landing: 0.05198225099593401
  view-data: 0.23074851417914033
