times:
  edit-metadata: 1.4317733272910118
  landing: 0.883262780494988
  view-data: 3.324618530459702
