times:
  edit-metadata: 1.8881852589547634
  landing: 0.05472099408507347
  view-data: 0.2515254132449627
