times:
  landing: 0.5664162719999695
  view-data: 0.5686351990000276
