times:
  edit-metadata: 1.447590135037899
  landing: 1.011198978871107
  view-data: 3.3647189177572727
