times:
  edit-metadata: 2.586698455736041
  landing: 0.21136556006968021
  view-data: 0.13144580833613873
