times:
  landing: 1.1217192449999516
  view-data: 0.5592763340000033
