times:
  edit-metadata: 2.516929229721427
  landing: 0.021085301414132118
  view-data: 0.12332132086157799
