times:
  landing: 0.5762655510000059
  view-data: 0.5608448760000329
