times:
  edit-metadata: 1.1919920410146005
  landing: 0.04513382900040597
  view-data: 0.2295001559832599
