times:
  landing: 0.5501853009999991
  view-data: 0.5631504390000259
