times:
  edit-metadata: 2.4083150159567595
  landing: 0.12248440273106098
  view-data: 0.43589453771710396
