times:
  edit-metadata: 2.4544164445251226
  landing: 0.15418953821063042
  view-data: 0.4732758002355695
