times:
  edit-metadata: 1.394763913936913
  landing: 0.9760678154416382
  view-data: 3.3883203328587115
