times:
  edit-metadata: 1.3870122160296887
  landing: 0.04961661994457245
  view-data: 0.27632860210724175
