times:
  edit-metadata: 1.4785877210088074
  landing: 0.06806211499497294
  view-data: 0.25886299228295684
