times:
  edit-metadata: 1.2508165133185685
  landing: 0.8685803851112723
  view-data: 3.33011155994609
