times:
  edit-metadata: 1.5500715896487236
  landing: 0.8956370018422604
  view-data: 3.452432733029127
