times:
  edit-metadata: 1.9786159140057862
  landing: 0.8469540609512478
  view-data: 3.5014230409869924
