times:
  edit-metadata: 2.4205360114574432
  landing: 0.18966136127710342
  view-data: 0.35921248234808445
