times:
  edit-metadata: 2.4542532498016953
  landing: 0.021832691505551338
  view-data: 0.026163476519286633
