times:
  edit-metadata: 2.4052642872557044
  landing: 0.19584371894598007
  view-data: 0.20664787478744984
