times:
  landing: 0.5478273129999991
  view-data: 0.5591163269999981
