times:
  edit-metadata: 1.2815374229103327
  landing: 0.044425396248698235
  view-data: 0.2424080166965723
