times:
  edit-metadata: 1.2050504661165178
  landing: 0.04951491113752127
  view-data: 0.24107466591522098
