times:
  landing: 0.5539129000000003
  view-data: 0.556160626999997
