times:
  landing: 1.0695277749999832
  view-data: 0.5589985390000152
