times:
  edit-metadata: 1.5029407420079224
  landing: 0.04287298698909581
  view-data: 0.2975003920146264
