times:
  edit-metadata: 1.654406812041998
  landing: 0.8106887526810169
  view-data: 3.36239181086421
