times:
  edit-metadata: 1.3202147209085524
  landing: 0.051070157904177904
  view-data: 0.24789244588464499
