times:
  edit-metadata: 2.4901578202843666
  landing: 0.021619876846671104
  view-data: 0.023135626688599586
