times:
  edit-metadata: 1.4352932013571262
  landing: 0.9820402599871159
  view-data: 3.363617692142725
