times:
  edit-metadata: 1.4674642820000372
  landing: 0.08430073199997423
  view-data: 0.2844480419998945
