times:
  landing: 0.5487606009999979
  view-data: 0.5496192669999971
