times:
  edit-metadata: 1.8730803411453962
  landing: 0.5126636140048504
  view-data: 0.2543602418154478
