times:
  edit-metadata: 2.024779526516795
  landing: 0.6298366077244282
  view-data: 0.3407377991825342
