times:
  edit-metadata: 1.4650498740375042
  landing: 1.0597040578722954
  view-data: 3.37539779022336
