times:
  edit-metadata: 2.0443283319473267
  landing: 1.0986335650086403
  view-data: 3.4059675484895706
