times:
  edit-metadata: 1.1396987410262227
  landing: 0.04520436096936464
  view-data: 0.2498301938176155
