times:
  edit-metadata: 2.474791841581464
  landing: 0.18613972142338753
  view-data: 0.3115293774753809
