times:
  edit-metadata: 1.0511405188590288
  landing: 0.7768925987184048
  view-data: 0.2763909883797169
