times:
  edit-metadata: 2.4571535028517246
  landing: 0.14775440003722906
  view-data: 0.12358393426984549
