times:
  edit-metadata: 1.3510054990183562
  landing: 0.0508253900334239
  view-data: 0.22258703201077878
