times:
  landing: 0.5518043710000029
  view-data: 0.5564122060000045
