times:
  edit-metadata: 1.6920957081019878
  landing: 0.04632684215903282
  view-data: 0.2205301970243454
