times:
  edit-metadata: 1.5268329288810492
  landing: 0.8678232003003359
  view-data: 3.4841108601540327
