times:
  landing: 1.0652693010000007
  view-data: 0.559072561999983
