times:
  edit-metadata: 1.4347657226026058
  landing: 1.1535934414714575
  view-data: 3.3926129918545485
