times:
  edit-metadata: 1.4641546049970202
  landing: 0.0499726650014054
  view-data: 0.27754493500106037
