times:
  edit-metadata: 1.5355590097606182
  landing: 0.058743944857269526
  view-data: 0.28439601929858327
