times:
  edit-metadata: 1.3954900987446308
  landing: 1.0458014570176601
  view-data: 3.2887133061885834
