times:
  edit-metadata: 1.311184411868453
  landing: 0.054475320503115654
  view-data: 0.24791277572512627
