times:
  edit-metadata: 2.4430379141122103
  landing: 0.0222934540361166
  view-data: 0.023412156850099564
