times:
  edit-metadata: 1.439776910468936
  landing: 0.7961530834436417
  view-data: 3.2933983840048313
