times:
  edit-metadata: 1.640268336981535
  landing: 0.11744858790189028
  view-data: 0.26369041204452515
