times:
  landing: 0.5580002149999927
  view-data: 0.5623273769999741
