times:
  edit-metadata: 1.5815648138523102
  landing: 1.0052151214331388
  view-data: 3.3421175312250853
