times:
  edit-metadata: 1.5564039386808872
  landing: 0.7461608238518238
  view-data: 3.40654369443655
