times:
  landing: 1.061874802000034
  view-data: 0.5514709180000068
