times:
  edit-metadata: 1.638310108333826
  landing: 1.3445940986275673
  view-data: 3.4036931432783604
