times:
  landing: 0.551211827999964
  view-data: 0.5542746429999852
