times:
  edit-metadata: 1.4423057660460472
  landing: 0.065611288882792
  view-data: 0.2979708993807435
