times:
  edit-metadata: 2.0446835150942206
  landing: 0.10130257194396108
  view-data: 0.3275653099408373
