times:
  edit-metadata: 2.3195408629253507
  landing: 0.02185465209186077
  view-data: 0.02533531654626131
