times:
  landing: 0.5554005789999792
  view-data: 0.556784787999959
