times:
  edit-metadata: 1.4865250238217413
  landing: 0.05013939505442977
  view-data: 0.26673605712130666
