times:
  edit-metadata: 2.3792663794010878
  landing: 0.020078578032553196
  view-data: 0.02550826594233513
