times:
  edit-metadata: 1.5241801775991917
  landing: 0.8556908890604973
  view-data: 3.445173040032387
