times:
  edit-metadata: 1.310039505828172
  landing: 0.04960966436192393
  view-data: 0.25987584609538317
