times:
  edit-metadata: 1.3741429895162582
  landing: 0.913512546569109
  view-data: 3.373349819332361
