times:
  landing: 0.5423837839999806
  view-data: 0.5496890649999955
