times:
  edit-metadata: 1.14437440992333
  landing: 0.05244251200929284
  view-data: 0.34681299002841115
