times:
  edit-metadata: 1.4895672369748354
  landing: 0.05452386592514813
  view-data: 0.2806640430353582
