times:
  edit-metadata: 3.9308817833662033
  landing: 0.27677964977920055
  view-data: 0.495811490342021
