times:
  edit-metadata: 2.3556328201666474
  landing: 0.018726713955402374
  view-data: 0.024761589244008064
