times:
  edit-metadata: 1.941376268863678
  landing: 0.736914373934269
  view-data: 0.3402948323637247
