times:
  edit-metadata: 1.5877149756997824
  landing: 0.9195138476788998
  view-data: 3.3226766232401133
