times:
  edit-metadata: 1.5257745757699013
  landing: 1.0008429437875748
  view-data: 4.762803263962269
