times:
  edit-metadata: 1.8238812629133463
  landing: 0.6834832206368446
  view-data: 0.29707763344049454
