times:
  landing: 1.0644588339999927
  view-data: 0.5500234270000419
