times:
  edit-metadata: 2.5515377949923277
  landing: 0.02085994742810726
  view-data: 0.15426830388605595
