times:
  edit-metadata: 1.5276108980178833
  landing: 0.9670911245048046
  view-data: 3.3902339600026608
