times:
  edit-metadata: 2.3929150830954313
  landing: 0.19254756160080433
  view-data: 0.02523181028664112
