times:
  edit-metadata: 1.11679573985748
  landing: 0.05131769785657525
  view-data: 0.2244974549394101
