times:
  edit-metadata: 2.256473141722381
  landing: 0.023910039104521275
  view-data: 0.024820062331855297
