times:
  edit-metadata: 1.813871456310153
  landing: 1.2535702716559172
  view-data: 3.4736027009785175
