times:
  edit-metadata: 1.5401030164211988
  landing: 0.8457331638783216
  view-data: 3.4185692630708218
