times:
  edit-metadata: 2.6460598036646843
  landing: 0.19707972183823586
  view-data: 0.02813146449625492
