times:
  edit-metadata: 1.0997999000246637
  landing: 0.03818924899678677
  view-data: 0.2303990350337699
