times:
  edit-metadata: 2.590046316385269
  landing: 0.14344012178480625
  view-data: 0.026788484305143356
