times:
  landing: 0.554486833999988
  view-data: 0.5619009079999842
