times:
  edit-metadata: 1.4874005452729762
  landing: 0.8877522419206798
  view-data: 3.4027542220428586
