times:
  edit-metadata: 2.3816561717540026
  landing: 0.022827669978141785
  view-data: 0.14614442642778158
