times:
  landing: 1.0641753309996602
  view-data: 0.5480618440001308
