times:
  edit-metadata: 1.2802319903858006
  landing: 0.04622784396633506
  view-data: 0.24209844321012497
