times:
  edit-metadata: 2.3316099233925343
  landing: 0.12397144362330437
  view-data: 0.02302116248756647
