times:
  edit-metadata: 2.3623565388843417
  landing: 0.15354842133820057
  view-data: 0.029906777665019035
