times:
  edit-metadata: 1.5215953756123781
  landing: 0.8398170899599791
  view-data: 3.405988372862339
