times:
  edit-metadata: 2.4749965853989124
  landing: 0.1254264060407877
  view-data: 0.025847848504781723
