times:
  edit-metadata: 2.6213632710278034
  landing: 0.023519594222307205
  view-data: 0.15038791298866272
