times:
  edit-metadata: 1.4544419639278203
  landing: 0.052559331990778446
  view-data: 0.3834706830093637
