times:
  edit-metadata: 1.3054019017145038
  landing: 0.0530706699937582
  view-data: 0.23394316993653774
