times:
  edit-metadata: 1.3248776523396373
  landing: 0.046811134554445744
  view-data: 0.24730449635535479
