times:
  edit-metadata: 1.4933602040400729
  landing: 0.06627771398052573
  view-data: 0.2962492990773171
