times:
  edit-metadata: 1.7510313764214516
  landing: 0.052443161606788635
  view-data: 0.22399357706308365
