times:
  landing: 0.5400206319999938
  view-data: 0.5501812539999946
