times:
  edit-metadata: 1.2765311747789383
  landing: 0.04263735469430685
  view-data: 0.24145828559994698
