times:
  edit-metadata: 1.5616230089217424
  landing: 0.8402785882353783
  view-data: 3.411365307867527
