times:
  edit-metadata: 1.4669367189635523
  landing: 0.05390398402232677
  view-data: 0.2779417189885862
