times:
  edit-metadata: 1.1392089510336518
  landing: 0.043208159040659666
  view-data: 0.23124677105806768
