times:
  landing: 0.5600397590000057
  view-data: 0.5479292910000026
