times:
  edit-metadata: 2.4948708675801754
  landing: 0.1168384850025177
  view-data: 0.32992622815072536
