times:
  edit-metadata: 1.4509531669318676
  landing: 0.8455618019215763
  view-data: 3.3617519680410624
