times:
  landing: 1.068435247000025
  view-data: 0.566415156000005
