times:
  edit-metadata: 1.4087343234568834
  landing: 0.8310608081519604
  view-data: 3.34563803113997
