times:
  edit-metadata: 1.31668671220541
  landing: 0.050366523675620556
  view-data: 0.2477626334875822
