times:
  edit-metadata: 1.4899226427078247
  landing: 0.8631198350340128
  view-data: 3.3714338298887014
