times:
  landing: 0.5472905479999781
  view-data: 0.5566787740000336
