times:
  edit-metadata: 1.4086503461003304
  landing: 1.046558078378439
  view-data: 3.3693883940577507
