times:
  edit-metadata: 3.5396472069551237
  landing: 0.023429425025824457
  view-data: 0.02922542399028316
