times:
  edit-metadata: 2.4259368740022182
  landing: 0.020207975059747696
  view-data: 0.024489007890224457
