times:
  edit-metadata: 1.44951506331563
  landing: 1.0025922246277332
  view-data: 3.4672664254903793
