times:
  edit-metadata: 3.1947410609573126
  landing: 0.40801892802119255
  view-data: 0.2094432171434164
