times:
  edit-metadata: 1.4240269921720028
  landing: 0.9276338778436184
  view-data: 3.275637984275818
