times:
  edit-metadata: 1.842179724946618
  landing: 0.9470686800777912
  view-data: 0.2569463234394789
