times:
  edit-metadata: 1.5526238530874252
  landing: 1.1005714796483517
  view-data: 3.3505630046129227
