times:
  edit-metadata: 2.6557580064982176
  landing: 0.023401496931910515
  view-data: 0.028745684772729874
