times:
  edit-metadata: 1.7918454073369503
  landing: 0.5874922592192888
  view-data: 0.6395210549235344
