times:
  edit-metadata: 2.5748844034969807
  landing: 0.019495056942105293
  view-data: 0.33058491349220276
