times:
  edit-metadata: 4.121928656473756
  landing: 1.3909044526517391
  view-data: 3.5896837692707777
