times:
  edit-metadata: 2.3381565203890204
  landing: 0.025674117729067802
  view-data: 0.13093163538724184
