times:
  edit-metadata: 1.6850345935672522
  landing: 0.9545602779835463
  view-data: 3.4226360712200403
