times:
  edit-metadata: 2.836023800075054
  landing: 0.15805460140109062
  view-data: 0.027066579088568687
