times:
  edit-metadata: 3.007832707837224
  landing: 0.2787861581891775
  view-data: 0.3834071233868599
