times:
  edit-metadata: 1.4192386660724878
  landing: 0.9426538236439228
  view-data: 3.437223296612501
