times:
  edit-metadata: 1.7809298932552338
  landing: 0.04259977489709854
  view-data: 0.22858120128512383
