times:
  edit-metadata: 2.4112678328529
  landing: 0.02191970683634281
  view-data: 0.31978756561875343
