times:
  edit-metadata: 2.546304527670145
  landing: 0.018169822171330452
  view-data: 0.025954825803637505
