times:
  landing: 1.103639912999995
  view-data: 0.5601540399999863
