times:
  edit-metadata: 1.518389567732811
  landing: 0.8501773402094841
  view-data: 3.400347739458084
