times:
  edit-metadata: 1.4687841210979968
  landing: 0.052483921172097325
  view-data: 0.3048596540465951
