times:
  edit-metadata: 2.3891555285081267
  landing: 0.13191376067698002
  view-data: 0.21860223915427923
