times:
  edit-metadata: 1.461537818890065
  landing: 0.0502908849157393
  view-data: 0.28454876400064677
