times:
  edit-metadata: 2.109934750944376
  landing: 1.344390319660306
  view-data: 3.4310961961746216
