times:
  edit-metadata: 1.4407904869876802
  landing: 0.8300261539407074
  view-data: 3.328922296408564
