times:
  edit-metadata: 2.377440725453198
  landing: 0.020476026460528374
  view-data: 0.11819630302488804
