times:
  edit-metadata: 2.2878501964733005
  landing: 0.0234948443248868
  view-data: 0.1855073031038046
