times:
  edit-metadata: 1.4778876199852675
  landing: 0.04657742893323302
  view-data: 0.2783896850887686
