times:
  landing: 0.5502713709999512
  view-data: 0.5517618389999939
