times:
  edit-metadata: 1.1605559960007668
  landing: 0.05657000793144107
  view-data: 0.25415495596826077
