times:
  edit-metadata: 1.2617081929929554
  landing: 0.04500444605946541
  view-data: 0.24719854490831494
