times:
  edit-metadata: 2.3167791487649083
  landing: 0.021658613346517086
  view-data: 0.12212888337671757
