times:
  edit-metadata: 1.468001957051456
  landing: 0.8160043000243604
  view-data: 3.3479202520102262
