times:
  landing: 1.0701068430000191
  view-data: 0.5499365750000038
