times:
  landing: 0.5549039019999782
  view-data: 0.5566801129999703
