times:
  edit-metadata: 1.7153307255357504
  landing: 0.5808403305709362
  view-data: 0.2266779113560915
