times:
  edit-metadata: 1.4850849658250809
  landing: 0.8057848857715726
  view-data: 3.353514830581844
