times:
  edit-metadata: 1.4201695434749126
  landing: 0.9314042814075947
  view-data: 3.3836825266480446
