times:
  edit-metadata: 1.5279262959957123
  landing: 0.8936177249997854
  view-data: 3.4139605816453695
