times:
  edit-metadata: 1.4635869880439714
  landing: 0.05388618295546621
  view-data: 0.27978194307070225
