times:
  edit-metadata: 2.349938942119479
  landing: 0.02252262644469738
  view-data: 0.14445091970264912
