times:
  edit-metadata: 1.3198414617218077
  landing: 0.04884915007278323
  view-data: 0.24632709985598922
