times:
  edit-metadata: 1.2948545278050005
  landing: 0.05030140606686473
  view-data: 0.24096585111692548
