times:
  edit-metadata: 1.1334578150126617
  landing: 0.05409294500714168
  view-data: 0.21915819501737133
