times:
  edit-metadata: 1.5194276235997677
  landing: 0.8952522911131382
  view-data: 3.4332994874566793
