times:
  edit-metadata: 1.7762165181338787
  landing: 0.0689950231462717
  view-data: 0.2589841280132532
