times:
  edit-metadata: 1.1030462449998595
  landing: 0.04979787504998967
  view-data: 0.24982999899657443
