times:
  edit-metadata: 1.11336461402243
  landing: 0.03755369200371206
  view-data: 0.23015552596189082
