times:
  edit-metadata: 1.3895234521478415
  landing: 0.8131604152731597
  view-data: 3.373862079810351
