times:
  edit-metadata: 1.6745612919330597
  landing: 0.853591401129961
  view-data: 3.3901081532239914
