times:
  edit-metadata: 1.4416360510513186
  landing: 0.046452661976218224
  view-data: 0.2819428730290383
