times:
  edit-metadata: 2.3184419367462397
  landing: 0.02098054811358452
  view-data: 0.0994766540825367
