times:
  edit-metadata: 1.735548160970211
  landing: 1.0667065382003784
  view-data: 3.378034807741642
