times:
  landing: 1.0558938409999996
  view-data: 0.5510681929999919
