times:
  edit-metadata: 2.5569966044276953
  landing: 0.019744722172617912
  view-data: 0.12825528718531132
