times:
  edit-metadata: 1.530448529869318
  landing: 0.9034339971840382
  view-data: 3.356220595538616
