times:
  edit-metadata: 2.461069192737341
  landing: 0.12523334100842476
  view-data: 0.33628428913652897
