times:
  edit-metadata: 1.5857551922090352
  landing: 0.05150317098014057
  view-data: 0.28466400504112244
