times:
  edit-metadata: 1.8156543634831905
  landing: 0.04247274249792099
  view-data: 0.2289019711315632
