times:
  edit-metadata: 1.5335563358385116
  landing: 0.7899179109372199
  view-data: 3.342233889969066
