times:
  edit-metadata: 1.4186221139971167
  landing: 0.09408148902002722
  view-data: 0.31949498399626464
