times:
  edit-metadata: 2.6643965393304825
  landing: 0.020885158330202103
  view-data: 0.14292306452989578
