times:
  edit-metadata: 1.1409902409650385
  landing: 0.04420377896167338
  view-data: 0.23009147099219263
