times:
  edit-metadata: 1.9380728849209845
  landing: 0.06760586379095912
  view-data: 0.4385966653935611
