times:
  edit-metadata: 1.2593990610912442
  landing: 0.04195101838558912
  view-data: 0.23037494299933314
