times:
  edit-metadata: 2.4657188411802053
  landing: 0.020468570291996002
  view-data: 0.32088716328144073
