times:
  edit-metadata: 0.8753189221024513
  landing: 0.922287330031395
  view-data: 0.3361291382461786
