times:
  edit-metadata: 1.7973526529967785
  landing: 0.04489568620920181
  view-data: 0.22607827186584473
