times:
  edit-metadata: 1.8194888569414616
  landing: 1.2102312948554754
  view-data: 0.44347198121249676
