times:
  edit-metadata: 2.3228246606886387
  landing: 0.09613609407097101
  view-data: 0.026462712325155735
