times:
  edit-metadata: 1.308327111415565
  landing: 0.046663859859108925
  view-data: 0.2599006276577711
