times:
  edit-metadata: 1.925685791298747
  landing: 1.1409574151039124
  view-data: 0.6391528230160475
