times:
  landing: 0.5514138180000145
  view-data: 0.5533518490000233
