times:
  edit-metadata: 1.8495566071942449
  landing: 0.7493477473035455
  view-data: 3.3319537146016955
