times:
  edit-metadata: 2.3510846700519323
  landing: 0.02040338795632124
  view-data: 0.027098278515040874
