times:
  landing: 0.5525801320000028
  view-data: 0.5563536260000319
