times:
  edit-metadata: 3.096131518483162
  landing: 0.22313404828310013
  view-data: 0.2980921342968941
