times:
  edit-metadata: 1.9836525646969676
  landing: 1.1650782488286495
  view-data: 3.335583814419806
