times:
  landing: 1.5762955170000055
  view-data: 0.5727757340000039
