times:
  edit-metadata: 2.364243932068348
  landing: 0.02258407510817051
  view-data: 0.024806871078908443
