times:
  edit-metadata: 1.5806642919778824
  landing: 1.0081215798854828
  view-data: 3.3467107452452183
