times:
  edit-metadata: 2.849801868200302
  landing: 0.19834818691015244
  view-data: 0.3673577234148979
