times:
  edit-metadata: 1.4086397388018668
  landing: 0.05720216501504183
  view-data: 0.30945138400420547
