times:
  edit-metadata: 1.8792075403034687
  landing: 0.6349822618067265
  view-data: 0.34565110318362713
