times:
  landing: 1.0701551629999813
  view-data: 0.557909493000011
