times:
  edit-metadata: 1.5526807317510247
  landing: 0.9928773306310177
  view-data: 3.452600230462849
