times:
  edit-metadata: 2.5266919061541557
  landing: 0.019407328218221664
  view-data: 0.026590250432491302
