times:
  edit-metadata: 1.837455093394965
  landing: 0.07058495795354247
  view-data: 0.403365358710289
