times:
  edit-metadata: 1.2719262903556228
  landing: 0.053712883964180946
  view-data: 0.22562924213707447
