times:
  edit-metadata: 1.522915955632925
  landing: 0.8378563318401575
  view-data: 3.395638482645154
