times:
  edit-metadata: 1.4343754560686648
  landing: 0.05624045408330858
  view-data: 0.2711365499999374
