times:
  edit-metadata: 1.4677946669980884
  landing: 0.04509748199780006
  view-data: 0.30227924400242046
