times:
  edit-metadata: 1.111594531685114
  landing: 0.7515296805649996
  view-data: 0.24925722368061543
