times:
  edit-metadata: 1.4513058438897133
  landing: 0.960016705095768
  view-data: 3.3489360474050045
