times:
  edit-metadata: 2.341168759390712
  landing: 1.3942188825458288
  view-data: 3.546408174559474
