times:
  landing: 1.1137227499999653
  view-data: 0.5646084689999498
