times:
  edit-metadata: 1.8224845379590988
  landing: 1.144979264587164
  view-data: 0.6256711352616549
