times:
  edit-metadata: 1.8807174051180482
  landing: 0.1181176770478487
  view-data: 0.4288559090346098
