times:
  edit-metadata: 1.8526579216122627
  landing: 1.6149405762553215
  view-data: 0.621582904830575
