times:
  edit-metadata: 1.8009350523352623
  landing: 0.5542334076017141
  view-data: 0.2632229495793581
