times:
  edit-metadata: 1.282178020104766
  landing: 0.8153204005211592
  view-data: 3.259882351383567
