times:
  edit-metadata: 1.182859546970576
  landing: 0.0458696149289608
  view-data: 0.3552562010008842
