times:
  edit-metadata: 1.7219816446304321
  landing: 0.04859469458460808
  view-data: 0.23877573385834694
