times:
  edit-metadata: 1.1562720350921154
  landing: 0.0513833318836987
  view-data: 0.23130533401854336
