times:
  landing: 0.5514418939999928
  view-data: 0.04072376499999564
