times:
  edit-metadata: 1.3810601718723774
  landing: 0.7746268883347511
  view-data: 3.365538112819195
