times:
  edit-metadata: 1.3083539986982942
  landing: 0.05193810584023595
  view-data: 0.24957481119781733
