times:
  edit-metadata: 3.4165236111730337
  landing: 0.3239484168589115
  view-data: 0.4365261495113373
