times:
  landing: 0.5457700179999847
  view-data: 0.5478419440000266
