times:
  edit-metadata: 1.2580036870203912
  landing: 0.04285275097936392
  view-data: 0.23932015197351575
