times:
  edit-metadata: 1.3204563092440367
  landing: 0.05134882591664791
  view-data: 0.2379777394235134
