times:
  landing: 1.1207308499999726
  view-data: 0.551398426999981
