times:
  edit-metadata: 1.4550951952114701
  landing: 0.07837173296138644
  view-data: 0.2705977950245142
