times:
  edit-metadata: 2.3963673439939157
  landing: 0.04624015700392192
  view-data: 0.2492559460006305
