times:
  landing: 1.1090408680000223
  view-data: 0.5546793930000149
