times:
  edit-metadata: 2.885053351521492
  landing: 0.14262576028704643
  view-data: 0.18990061432123184
