times:
  edit-metadata: 1.3931050598621368
  landing: 4.8018187480047345
  view-data: 3.2888558651320636
