times:
  edit-metadata: 1.4826836599968374
  landing: 0.048336719162762165
  view-data: 0.30033106403425336
