times:
  edit-metadata: 1.3856298041064292
  landing: 1.0584952388890088
  view-data: 3.329947524005547
