times:
  edit-metadata: 1.8543705958873034
  landing: 2.850988706573844
  view-data: 0.7929546386003494
