times:
  edit-metadata: 1.5447267517447472
  landing: 0.8738737031817436
  view-data: 3.375950537621975
