times:
  edit-metadata: 2.84205755405128
  landing: 0.1731521487236023
  view-data: 0.3787691667675972
