times:
  edit-metadata: 1.9824666930362582
  landing: 0.07290690019726753
  view-data: 0.46214082976803184
