times:
  edit-metadata: 2.661902081221342
  landing: 0.020348969846963882
  view-data: 0.025064704939723015
