times:
  edit-metadata: 1.3017999292351305
  landing: 0.05380832590162754
  view-data: 0.24940227810293436
