times:
  edit-metadata: 1.4779955372214317
  landing: 0.9978813529014587
  view-data: 3.4577574245631695
