times:
  edit-metadata: 1.1107915380271152
  landing: 0.03832262405194342
  view-data: 0.23008201201446354
