times:
  landing: 0.5459612519999837
  view-data: 0.5452600410000059
