times:
  edit-metadata: 2.473587315529585
  landing: 0.17133746854960918
  view-data: 0.38820832781493664
