times:
  edit-metadata: 1.4638289026916027
  landing: 0.9098279252648354
  view-data: 3.3890841379761696
