times:
  edit-metadata: 1.8276755064725876
  landing: 0.684731675311923
  view-data: 0.2670689523220062
