times:
  edit-metadata: 1.7337836176156998
  landing: 0.049928706139326096
  view-data: 0.35834503173828125
