times:
  landing: 0.5436352809999789
  view-data: 0.552608599999985
