times:
  landing: 1.1268152889999783
  view-data: 0.5476892599999701
