times:
  landing: 1.077216907000036
  view-data: 0.5552707780000219
