times:
  edit-metadata: 2.55590071156621
  landing: 0.022271227091550827
  view-data: 0.3452605400234461
