times:
  edit-metadata: 2.540717026218772
  landing: 1.5132497157901525
  view-data: 3.457901271060109
