times:
  edit-metadata: 2.040112653747201
  landing: 1.2038980182260275
  view-data: 3.5752321630716324
