times:
  edit-metadata: 1.4735101498663425
  landing: 0.909940667450428
  view-data: 3.4015105068683624
