times:
  edit-metadata: 1.5178032740950584
  landing: 0.9101368673145771
  view-data: 3.3718282617628574
