times:
  edit-metadata: 1.438082804903388
  landing: 0.8715406390838325
  view-data: 3.363636929076165
