times:
  edit-metadata: 1.6441242396831512
  landing: 1.0810851640999317
  view-data: 3.3781240582466125
