times:
  edit-metadata: 2.330286528915167
  landing: 0.018795802257955074
  view-data: 0.02521884348243475
