times:
  edit-metadata: 2.462695460766554
  landing: 0.020150339230895042
  view-data: 0.1225517001003027
