times:
  edit-metadata: 1.1687927232123911
  landing: 0.044679615180939436
  view-data: 0.2390868249349296
