times:
  edit-metadata: 1.411696121096611
  landing: 0.9323378764092922
  view-data: 3.33870991691947
