times:
  edit-metadata: 1.5323723666369915
  landing: 0.8636159487068653
  view-data: 3.443280827254057
