times:
  edit-metadata: 3.439761232584715
  landing: 0.23907781019806862
  view-data: 0.5106257311999798
