times:
  edit-metadata: 2.0534391570836306
  landing: 0.0479059424251318
  view-data: 0.2590578217059374
