times:
  edit-metadata: 1.8339212611317635
  landing: 1.3182375598698854
  view-data: 0.35563098452985287
