times:
  edit-metadata: 1.5545234680175781
  landing: 0.8404315039515495
  view-data: 3.396821590140462
