times:
  landing: 0.5554687309999053
  view-data: 0.5561608619999561
