times:
  edit-metadata: 2.0294048115611076
  landing: 1.692458588629961
  view-data: 3.4125117622315884
