times:
  landing: 1.0749757950000003
  view-data: 0.5544556699999816
