times:
  edit-metadata: 1.727044465020299
  landing: 1.166492896154523
  view-data: 3.437029927968979
