times:
  edit-metadata: 1.4304907438345253
  landing: 0.04546678625047207
  view-data: 0.3044484839774668
