times:
  edit-metadata: 1.600634392350912
  landing: 1.0913392789661884
  view-data: 3.338671512901783
