times:
  landing: 0.558444383000051
  view-data: 0.05696243500000264
