times:
  landing: 0.553620350000017
  view-data: 0.5674589570000421
