times:
  edit-metadata: 1.5416852924972773
  landing: 0.9366547893732786
  view-data: 3.4460830092430115
