times:
  edit-metadata: 1.1603177080396563
  landing: 0.04766721907071769
  view-data: 0.2625718249473721
