times:
  edit-metadata: 1.2815661681815982
  landing: 0.04441445134580135
  view-data: 0.24106893688440323
