times:
  landing: 0.5609805459999961
  view-data: 0.6164162079999755
