times:
  edit-metadata: 1.494629398919642
  landing: 0.9165091887116432
  view-data: 3.320675919763744
