times:
  edit-metadata: 2.4776664674282074
  landing: 0.21407895162701607
  view-data: 0.39317330345511436
