times:
  edit-metadata: 1.3157419180497527
  landing: 0.04683725722134113
  view-data: 0.2446796763688326
