times:
  edit-metadata: 2.3471664479002357
  landing: 0.020350918173789978
  view-data: 0.025624457746744156
