times:
  edit-metadata: 2.8107195030897856
  landing: 0.2652349788695574
  view-data: 0.024246325716376305
