times:
  edit-metadata: 1.875687062740326
  landing: 0.6109495591372252
  view-data: 0.36620658449828625
