times:
  edit-metadata: 1.5739728300832212
  landing: 0.07878224831074476
  view-data: 0.27493002312257886
