times:
  edit-metadata: 2.2849092707037926
  landing: 0.0891969483345747
  view-data: 0.026693950407207012
