times:
  edit-metadata: 2.6529212810564786
  landing: 0.05128281400538981
  view-data: 0.3887843338306993
