times:
  edit-metadata: 1.7735811918973923
  landing: 0.05085098370909691
  view-data: 0.22201739996671677
