times:
  edit-metadata: 2.558832572773099
  landing: 0.11505954153835773
  view-data: 0.33656155318021774
