times:
  edit-metadata: 1.4367707939818501
  landing: 0.930241096066311
  view-data: 3.402273981831968
