times:
  edit-metadata: 1.426816925406456
  landing: 1.1038852669298649
  view-data: 3.4039865620434284
