times:
  edit-metadata: 1.605011012405157
  landing: 0.9178454931825399
  view-data: 3.419532161206007
