times:
  edit-metadata: 3.036081960424781
  landing: 0.3375867437571287
  view-data: 0.37242527306079865
