times:
  landing: 1.0711056700000086
  view-data: 0.5573897159999888
