times:
  edit-metadata: 1.5195697210729122
  landing: 0.8929953668266535
  view-data: 3.419159973040223
