times:
  edit-metadata: 2.385643598623574
  landing: 0.018174929544329643
  view-data: 0.03153081424534321
