times:
  landing: 0.5550686849999806
  view-data: 0.5646140229999901
