times:
  edit-metadata: 1.1276118559762836
  landing: 0.050034310086630285
  view-data: 0.21636273199692369
