times:
  edit-metadata: 2.309747204184532
  landing: 0.14407901745289564
  view-data: 0.20640956237912178
