times:
  edit-metadata: 1.7391090095043182
  landing: 0.05146357789635658
  view-data: 0.2166997529566288
