times:
  edit-metadata: 1.480729166418314
  landing: 0.84384860470891
  view-data: 3.4291812628507614
