times:
  edit-metadata: 1.4817711059004068
  landing: 0.8795073516666889
  view-data: 3.449062205851078
