times:
  landing: 0.5544690330000321
  view-data: 0.5541048099998989
