times:
  edit-metadata: 1.489340044092387
  landing: 0.0498999310657382
  view-data: 0.28179939975962043
