times:
  edit-metadata: 1.3851894568651915
  landing: 0.8271770579740405
  view-data: 3.5585006256587803
