times:
  edit-metadata: 1.5423041789908893
  landing: 0.048970072995871305
  view-data: 0.27695558295818046
