times:
  landing: 0.5499020739999878
  view-data: 0.5598837420000109
