times:
  edit-metadata: 2.6640040390193462
  landing: 0.1911560222506523
  view-data: 0.028085513040423393
