times:
  edit-metadata: 2.438493937253952
  landing: 0.021363265812397003
  view-data: 0.027382166124880314
