times:
  edit-metadata: 2.3482242729514837
  landing: 0.02163392212241888
  view-data: 0.10009260941296816
