times:
  edit-metadata: 1.2179270111955702
  landing: 0.04209415381774306
  view-data: 0.23951570922508836
