times:
  edit-metadata: 1.3230206687003374
  landing: 0.046646056696772575
  view-data: 0.2394633525982499
