times:
  edit-metadata: 2.3035647375509143
  landing: 0.020196720026433468
  view-data: 0.12234299629926682
