times:
  edit-metadata: 1.585900615900755
  landing: 0.9040495082736015
  view-data: 3.3599074985831976
