times:
  edit-metadata: 2.4518818631768227
  landing: 0.05069230496883392
  view-data: 0.2632090486586094
