times:
  edit-metadata: 1.5816969275474548
  landing: 0.9730265699326992
  view-data: 3.40108173340559
