times:
  edit-metadata: 1.4398359209299088
  landing: 0.9586451351642609
  view-data: 3.3845389932394028
