times:
  edit-metadata: 1.4855126570910215
  landing: 0.05727021396160126
  view-data: 0.40968287899158895
