times:
  edit-metadata: 2.3983528688549995
  landing: 0.22500462317839265
  view-data: 0.4703954942524433
