times:
  edit-metadata: 1.498471163213253
  landing: 0.8136241640895605
  view-data: 3.365408543497324
