times:
  edit-metadata: 1.5165372350020334
  landing: 0.05585399304982275
  view-data: 0.28192145098000765
