times:
  edit-metadata: 1.7570796385407448
  landing: 0.05174138396978378
  view-data: 0.2245275378227234
