times:
  edit-metadata: 1.1514112739823759
  landing: 0.050068991957232356
  view-data: 0.27127745607867837
