times:
  edit-metadata: 2.006973138079047
  landing: 0.6588615570217371
  view-data: 0.2327792663127184
