times:
  edit-metadata: 1.3091534432023764
  landing: 0.054690971970558167
  view-data: 0.25494311936199665
