times:
  edit-metadata: 1.2844065139070153
  landing: 0.04599694721400738
  view-data: 0.23408693727105856
