times:
  edit-metadata: 1.7670828588306904
  landing: 0.03999733179807663
  view-data: 0.21887049451470375
