times:
  edit-metadata: 1.3984211422502995
  landing: 0.9332517459988594
  view-data: 3.3344577997922897
