times:
  edit-metadata: 1.5885231271386147
  landing: 1.0802820920944214
  view-data: 3.3949397057294846
