times:
  edit-metadata: 1.4726401139050722
  landing: 0.8192892633378506
  view-data: 3.370131393894553
