times:
  landing: 1.0661286999999788
  view-data: 0.559187229000031
