times:
  edit-metadata: 2.0504216700792313
  landing: 1.1878842450678349
  view-data: 3.5101559925824404
