times:
  edit-metadata: 1.65444400254637
  landing: 0.14013655902817845
  view-data: 0.4637751202099025
