times:
  edit-metadata: 1.7367187710478902
  landing: 0.12244611186906695
  view-data: 0.37075711227953434
