times:
  landing: 1.067766620000043
  view-data: 0.5588273150000305
