times:
  landing: 1.073327115999973
  view-data: 0.5584831300000133
