times:
  edit-metadata: 1.806463472545147
  landing: 1.045311726629734
  view-data: 3.3157017417252064
