times:
  landing: 0.5534132679999857
  view-data: 0.5547601840000311
