times:
  edit-metadata: 1.457232936983928
  landing: 0.08284283988177776
  view-data: 0.28214411879889667
