times:
  edit-metadata: 1.182843262096867
  landing: 0.05023695493582636
  view-data: 0.22729488101322204
