times:
  edit-metadata: 1.6080832593142986
  landing: 0.8418862875550985
  view-data: 3.3902894742786884
