times:
  landing: 0.5432212240000354
  view-data: 0.5550219909999896
