times:
  edit-metadata: 2.3575753681361675
  landing: 0.02117321453988552
  view-data: 0.1252514710649848
