times:
  edit-metadata: 1.490043330937624
  landing: 0.791688984259963
  view-data: 3.3230055905878544
