times:
  edit-metadata: 1.6614621430053376
  landing: 0.05699134500173386
  view-data: 0.2962022840001737
