times:
  edit-metadata: 1.1366939591243863
  landing: 0.040611394913867116
  view-data: 0.24628076003864408
