times:
  edit-metadata: 1.4919865755364299
  landing: 0.8542828736826777
  view-data: 3.409296428784728
