times:
  edit-metadata: 2.5759107004851103
  landing: 0.02306138537824154
  view-data: 0.13978620059788227
