times:
  landing: 1.0738521680000304
  view-data: 0.5617125099999498
