times:
  edit-metadata: 1.5925508216023445
  landing: 0.9501673690974712
  view-data: 3.4220523983240128
