times:
  edit-metadata: 2.6765272594057024
  landing: 1.6588279330171645
  view-data: 3.665688368026167
