times:
  edit-metadata: 2.326319552026689
  landing: 0.019596188329160213
  view-data: 0.025160975754261017
