times:
  edit-metadata: 1.4418006809428334
  landing: 0.07186614396050572
  view-data: 0.27147707575932145
