times:
  edit-metadata: 1.4051394648849964
  landing: 0.04907749290578067
  view-data: 0.28842142689973116
