times:
  edit-metadata: 1.4881616774946451
  landing: 0.9726049154996872
  view-data: 3.388212312012911
