times:
  edit-metadata: 2.8794103153049946
  landing: 0.25825763680040836
  view-data: 0.4260605201125145
