times:
  landing: 1.0687182350000057
  view-data: 0.5573638490000121
