times:
  landing: 0.5506751510000072
  view-data: 0.5554592400000047
