times:
  edit-metadata: 1.5401012976653874
  landing: 1.0665614237077534
  view-data: 3.3675802568905056
