times:
  edit-metadata: 1.8427799493074417
  landing: 0.4677647929638624
  view-data: 0.24705495312809944
