times:
  edit-metadata: 4.155920576013159
  landing: 0.2260466089937836
  view-data: 0.4282155630062334
