times:
  edit-metadata: 1.5446585081517696
  landing: 1.0401507131755352
  view-data: 3.421757247298956
