times:
  edit-metadata: 3.700540227815509
  landing: 0.21769307367503643
  view-data: 0.3992854729294777
