times:
  edit-metadata: 1.3575600588228554
  landing: 0.7951998841017485
  view-data: 3.3258022889494896
