times:
  edit-metadata: 1.5038641360588372
  landing: 0.05475231306627393
  view-data: 0.276248964946717
