times:
  landing: 0.5824259789999928
  view-data: 0.5674649270000032
