times:
  edit-metadata: 2.374211987480521
  landing: 1.4547156672924757
  view-data: 3.5904293432831764
