times:
  edit-metadata: 2.6092669051140547
  landing: 0.18283583782613277
  view-data: 0.1537625752389431
