times:
  edit-metadata: 1.3180329659953713
  landing: 0.05350044299848378
  view-data: 0.2573368791490793
