times:
  edit-metadata: 2.4881115946918726
  landing: 0.019821269437670708
  view-data: 0.13266519643366337
