times:
  edit-metadata: 1.4223887050175108
  landing: 0.048255670000799
  view-data: 0.42322701297234744
