times:
  edit-metadata: 2.7413023728877306
  landing: 0.0594239067286253
  view-data: 0.032566994428634644
