times:
  edit-metadata: 1.8357339017093182
  landing: 0.9853093065321445
  view-data: 0.49847181886434555
