times:
  edit-metadata: 1.9053336083889008
  landing: 0.05711502023041248
  view-data: 0.26907674595713615
