times:
  landing: 1.0762106739999808
  view-data: 0.5591358460000038
