times:
  edit-metadata: 1.4681823850842193
  landing: 0.047967798076570034
  view-data: 0.27518296788912266
