times:
  edit-metadata: 1.7565448358654976
  landing: 0.043262358754873276
  view-data: 0.2260175198316574
