times:
  edit-metadata: 1.4539690129458904
  landing: 0.05078505794517696
  view-data: 0.2979857048485428
