times:
  landing: 1.1065742981154472
  view-data: 0.5379375999327749
