times:
  edit-metadata: 1.3947140979580581
  landing: 0.049417498987168074
  view-data: 0.3014022388961166
