times:
  edit-metadata: 2.494981311261654
  landing: 0.021882465109229088
  view-data: 0.14038104191422462
