times:
  edit-metadata: 1.4750410909764469
  landing: 0.0462683851365
  view-data: 0.4111361929681152
