times:
  edit-metadata: 1.6502079591155052
  landing: 1.1008696295320988
  view-data: 3.3704385049641132
