times:
  edit-metadata: 1.332800917327404
  landing: 1.1908461265265942
  view-data: 3.384314078837633
