times:
  edit-metadata: 2.3297402998432517
  landing: 0.02472012583166361
  view-data: 0.12595961336046457
