times:
  landing: 0.5517362120001508
  view-data: 0.5528027679999923
