times:
  landing: 1.0752949940000462
  view-data: 0.5591694209999787
