times:
  landing: 0.5517851230000019
  view-data: 0.5551657419999856
