times:
  edit-metadata: 2.519552744925022
  landing: 0.020906668156385422
  view-data: 0.025497036054730415
