times:
  edit-metadata: 1.3049073461443186
  landing: 0.054734001867473125
  view-data: 0.22347595891915262
