times:
  edit-metadata: 2.3907040748745203
  landing: 0.1380743933841586
  view-data: 0.39056173525750637
