times:
  edit-metadata: 1.3520722147077322
  landing: 0.04592626728117466
  view-data: 0.2550064316019416
