times:
  edit-metadata: 1.519396886229515
  landing: 1.1105741113424301
  view-data: 3.3822416998445988
