times:
  landing: 0.5563894160000018
  view-data: 0.049892395999961536
