times:
  edit-metadata: 1.632882651872933
  landing: 0.8443315988406539
  view-data: 3.3404417391866446
