times:
  edit-metadata: 1.7526965960860252
  landing: 0.05077178403735161
  view-data: 0.21896649524569511
