times:
  edit-metadata: 1.1007254989817739
  landing: 0.04408173100091517
  view-data: 0.22551767795812339
