times:
  edit-metadata: 1.2647434528917074
  landing: 0.04589340300299227
  view-data: 0.25954962079413235
