times:
  edit-metadata: 1.4203082418534905
  landing: 0.8922301589045674
  view-data: 3.3729984532110393
