times:
  edit-metadata: 1.6867432743310928
  landing: 1.095035307109356
  view-data: 3.3808701895177364
