times:
  landing: 1.0682871949999821
  view-data: 0.5575947190000079
