times:
  edit-metadata: 3.1276477612555027
  landing: 0.1356880869716406
  view-data: 0.43056217581033707
