times:
  edit-metadata: 1.1114942668937147
  landing: 0.06481869099661708
  view-data: 0.26379586989060044
