times:
  landing: 0.5514681249999853
  view-data: 0.5587805170000024
