times:
  edit-metadata: 3.9295527786016464
  landing: 2.6259412467479706
  view-data: 4.476670298725367
