times:
  edit-metadata: 1.34349849447608
  landing: 0.8699817806482315
  view-data: 3.2975418716669083
