times:
  edit-metadata: 1.8609852101653814
  landing: 0.9291043858975172
  view-data: 0.24404493160545826
