times:
  edit-metadata: 1.4640544820576906
  landing: 0.8601981680840254
  view-data: 3.3966062515974045
