times:
  edit-metadata: 1.1212340110214427
  landing: 0.045436069020070136
  view-data: 0.22545088699553162
