times:
  edit-metadata: 1.3241751808673143
  landing: 0.048105407040566206
  view-data: 0.2589077050797641
