times:
  edit-metadata: 1.4717082480201498
  landing: 0.0634016350377351
  view-data: 0.27256694494280964
