times:
  edit-metadata: 1.7629163414239883
  landing: 0.042484886944293976
  view-data: 0.22674580290913582
