times:
  edit-metadata: 2.593290664255619
  landing: 0.1606434714049101
  view-data: 0.3495206367224455
