times:
  edit-metadata: 1.5065771527588367
  landing: 0.8135535959154367
  view-data: 3.372561691328883
