times:
  landing: 1.1458171389999734
  view-data: 0.5586191950000057
