times:
  edit-metadata: 1.3490052744746208
  landing: 0.8566557355225086
  view-data: 3.3019111678004265
