times:
  edit-metadata: 2.1820072904229164
  landing: 1.3515076711773872
  view-data: 3.4143206737935543
