times:
  edit-metadata: 1.469791604205966
  landing: 0.7876319549977779
  view-data: 3.3671471886336803
