times:
  edit-metadata: 2.2877322044223547
  landing: 0.02114881109446287
  view-data: 0.024881524965167046
