times:
  edit-metadata: 1.2677852120250463
  landing: 0.04879251681268215
  view-data: 0.23945811809971929
