times:
  edit-metadata: 1.5536048375070095
  landing: 0.9013511314988136
  view-data: 3.5076890662312508
