times:
  edit-metadata: 1.9623065404593945
  landing: 0.7261910885572433
  view-data: 0.36495646089315414
