times:
  edit-metadata: 1.6069414298981428
  landing: 0.908468583598733
  view-data: 3.4035682287067175
