times:
  edit-metadata: 2.4847860764712095
  landing: 0.11816499568521976
  view-data: 0.3616386540234089
