times:
  landing: 0.5573099459999753
  view-data: 0.5759475140000063
