times:
  edit-metadata: 1.1463509300956503
  landing: 0.047190367011353374
  view-data: 0.25512943998910487
