times:
  edit-metadata: 1.8286373391747475
  landing: 0.5870107468217611
  view-data: 0.6349492128938437
