times:
  edit-metadata: 2.3469920428469777
  landing: 0.023868031799793243
  view-data: 0.023057319223880768
