times:
  edit-metadata: 1.506183565594256
  landing: 0.8538975743576884
  view-data: 3.4087073514238
