times:
  landing: 0.5455353809999224
  view-data: 0.5571932760000209
