times:
  edit-metadata: 1.2790134120732546
  landing: 0.03806654969230294
  view-data: 0.2451057187281549
