times:
  edit-metadata: 1.159380007069558
  landing: 0.06439790304284543
  view-data: 0.2536927160108462
