times:
  landing: 0.5510023360000105
  view-data: 0.5575328439999794
