times:
  edit-metadata: 1.4378587738610804
  landing: 1.2719069886952639
  view-data: 3.334370390046388
