times:
  edit-metadata: 1.3742175549268723
  landing: 0.9093048749491572
  view-data: 3.3451398191973567
