times:
  edit-metadata: 2.2999890726059675
  landing: 0.021453319117426872
  view-data: 0.4516156939789653
