times:
  edit-metadata: 1.4553574766032398
  landing: 0.05289536202326417
  view-data: 0.40066312719136477
