times:
  edit-metadata: 1.3388260318897665
  landing: 0.05088542960584164
  view-data: 0.24098394811153412
