times:
  edit-metadata: 1.4520840289769694
  landing: 0.10621174704283476
  view-data: 0.2869259569561109
