times:
  edit-metadata: 1.4194345129653811
  landing: 0.07969878194853663
  view-data: 0.2685241748113185
