times:
  landing: 0.5520376989999818
  view-data: 0.5593596699999921
