times:
  edit-metadata: 2.7751586996018887
  landing: 0.2113165222108364
  view-data: 0.13645819947123528
