times:
  edit-metadata: 1.877702775876969
  landing: 0.09211861900985241
  view-data: 0.48722077207639813
