times:
  landing: 0.5492610839999656
  view-data: 0.5644635800000515
