times:
  edit-metadata: 1.4573508400062565
  landing: 0.06029625800147187
  view-data: 0.26847211699350737
