times:
  edit-metadata: 1.459979617036879
  landing: 0.9075291859917343
  view-data: 3.2834626639960334
