times:
  edit-metadata: 2.5121896378695965
  landing: 0.01976802572607994
  view-data: 0.13805309869349003
