times:
  landing: 1.075448673999972
  view-data: 0.5769049760000371
