times:
  edit-metadata: 1.7386872619390488
  landing: 0.04501136392354965
  view-data: 0.22663087397813797
