times:
  edit-metadata: 1.1184175909729674
  landing: 0.04777439497411251
  view-data: 0.2346270859707147
