times:
  edit-metadata: 2.9015584401786327
  landing: 0.02277781255543232
  view-data: 0.4308449197560549
