times:
  edit-metadata: 2.48419707454741
  landing: 0.020594652742147446
  view-data: 0.027445386163890362
