times:
  edit-metadata: 1.4006546046584845
  landing: 0.7299963114783168
  view-data: 3.266994043253362
