times:
  edit-metadata: 1.4173450209200382
  landing: 0.9065273441374302
  view-data: 3.4304767306894064
