times:
  edit-metadata: 1.2330950850155205
  landing: 0.049647080013528466
  view-data: 0.23084792797453701
