times:
  edit-metadata: 1.7890636287629604
  landing: 0.044882915914058685
  view-data: 0.21977194398641586
