times:
  edit-metadata: 1.4431563040125184
  landing: 0.06306197302183136
  view-data: 0.2939379920135252
