times:
  edit-metadata: 1.2993092210963368
  landing: 0.04039109218865633
  view-data: 0.2452506748959422
