times:
  edit-metadata: 1.5391331540304236
  landing: 0.08299705298850313
  view-data: 0.2876661670161411
