times:
  landing: 0.555200501999991
  view-data: 0.55926090600002
