times:
  edit-metadata: 1.1558358109323308
  landing: 0.04091645695734769
  view-data: 0.23038237798027694
