times:
  landing: 0.5447251109999911
  view-data: 0.5646647680000001
