times:
  landing: 0.5499595680000198
  view-data: 0.05370050499999479
