times:
  edit-metadata: 2.2957345051690936
  landing: 0.09746525716036558
  view-data: 0.11805319972336292
