times:
  edit-metadata: 1.5130464397370815
  landing: 1.0272725522518158
  view-data: 3.450329938903451
