times:
  landing: 0.6197331950000375
  view-data: 0.5605579410000132
