times:
  edit-metadata: 2.3955898508429527
  landing: 0.20598431304097176
  view-data: 0.0230947807431221
