times:
  edit-metadata: 1.4225667342543602
  landing: 0.8382984846830368
  view-data: 3.2775001227855682
