times:
  edit-metadata: 1.325914197601378
  landing: 0.04453669209033251
  view-data: 0.24590482097119093
