times:
  edit-metadata: 2.3458562148734927
  landing: 0.02096429094672203
  view-data: 0.12122148554772139
