times:
  edit-metadata: 1.7714161649346352
  landing: 0.04670675843954086
  view-data: 0.22951529920101166
