times:
  edit-metadata: 2.05398578569293
  landing: 3.7914194110780954
  view-data: 1.087226741015911
