times:
  edit-metadata: 2.7918751314282417
  landing: 0.21756981685757637
  view-data: 0.29095849581062794
