times:
  edit-metadata: 1.5343204409873579
  landing: 0.10556558400276117
  view-data: 0.28442537802038714
