times:
  edit-metadata: 1.291569550987333
  landing: 0.05192854907363653
  view-data: 0.23039203928783536
