times:
  edit-metadata: 2.677159883081913
  landing: 0.1441821288317442
  view-data: 0.024006448686122894
