times:
  edit-metadata: 1.248113237787038
  landing: 0.05454011773690581
  view-data: 0.23163709323853254
