times:
  landing: 0.5520115350000196
  view-data: 0.5468652760000055
