times:
  edit-metadata: 2.3419056106358767
  landing: 0.21077649295330048
  view-data: 0.46641054283827543
