times:
  edit-metadata: 1.4232736178673804
  landing: 0.0818146700039506
  view-data: 0.25796183990314603
