times:
  landing: 0.5476709380000102
  view-data: 0.548374946000024
