times:
  edit-metadata: 1.7549956645816565
  landing: 1.6886568674817681
  view-data: 3.358697647228837
