times:
  edit-metadata: 1.4905583059880883
  landing: 0.049478827975690365
  view-data: 0.2935262150131166
