times:
  edit-metadata: 1.3980018948204815
  landing: 0.057157477363944054
  view-data: 0.2707230858504772
