times:
  edit-metadata: 1.129456069029402
  landing: 0.04432935599470511
  view-data: 0.2274026779923588
