times:
  edit-metadata: 1.3148714206181467
  landing: 0.051793850027024746
  view-data: 0.24247826216742396
