times:
  edit-metadata: 1.701429741922766
  landing: 0.0959178302437067
  view-data: 0.32369897700846195
