times:
  edit-metadata: 1.0990908190142363
  landing: 0.04398560000117868
  view-data: 0.24513083999045193
