times:
  edit-metadata: 1.296813091263175
  landing: 0.045875996351242065
  view-data: 0.24158742651343346
