times:
  edit-metadata: 2.559010909870267
  landing: 0.12556122057139874
  view-data: 0.42291339486837387
