times:
  edit-metadata: 1.5446388386189938
  landing: 1.0830559805035591
  view-data: 3.2945471964776516
