times:
  edit-metadata: 2.471452046000195
  landing: 0.04393621700000949
  view-data: 0.24970245100121247
