times:
  edit-metadata: 1.3859400171786547
  landing: 0.9641555063426495
  view-data: 0.646156407892704
