times:
  landing: 0.5521132349999789
  view-data: 0.5537214569999946
