times:
  edit-metadata: 1.7794554783031344
  landing: 0.9604641618207097
  view-data: 3.417446468025446
