times:
  edit-metadata: 1.3905622642487288
  landing: 0.04737615957856178
  view-data: 0.3708200049586594
