times:
  edit-metadata: 2.3610293678939342
  landing: 0.12707579415291548
  view-data: 0.41821541730314493
