times:
  edit-metadata: 1.1846238276921213
  landing: 0.04557764483615756
  view-data: 0.23402415215969086
