times:
  edit-metadata: 1.6225255206227303
  landing: 0.9553649574518204
  view-data: 3.3883843161165714
