times:
  edit-metadata: 0.8760479912161827
  landing: 0.5791044384241104
  view-data: 0.6163434125483036
