times:
  edit-metadata: 1.5194797795265913
  landing: 0.7882569469511509
  view-data: 3.365488685667515
