times:
  edit-metadata: 1.527090635150671
  landing: 0.8766506128013134
  view-data: 3.4466254748404026
