times:
  edit-metadata: 0.9310742579400539
  landing: 0.9615585077553988
  view-data: 0.3324851840734482
