times:
  edit-metadata: 1.3843546155840158
  landing: 0.9272839026525617
  view-data: 3.439017410390079
