times:
  edit-metadata: 1.5557953398674726
  landing: 0.8621704112738371
  view-data: 3.3742709793150425
