times:
  edit-metadata: 1.2945141540840268
  landing: 0.05506653105840087
  view-data: 0.25512455217540264
