times:
  edit-metadata: 1.5484408172778785
  landing: 0.06394439889118075
  view-data: 0.28569056931883097
