times:
  edit-metadata: 1.9445883017033339
  landing: 0.5800246559083462
  view-data: 0.23566841334104538
