times:
  edit-metadata: 1.3383671585470438
  landing: 0.7890992285683751
  view-data: 3.3268383080139756
