times:
  landing: 1.617818459868431
  view-data: 0.6002218220382929
