times:
  landing: 0.5585556810000298
  view-data: 0.554539257999977
