times:
  edit-metadata: 1.4087947509251535
  landing: 0.9919129009358585
  view-data: 3.3175871251150966
