times:
  landing: 0.5569672649999688
  view-data: 0.055807382999944366
