times:
  landing: 0.56433924199996
  view-data: 0.5617818749999515
