times:
  landing: 0.5475981079999883
  view-data: 0.5488766850000388
