times:
  edit-metadata: 1.455816056986805
  landing: 0.04999217198928818
  view-data: 0.2743262689909898
