times:
  landing: 0.5552509570000552
  view-data: 0.5695363069999644
