times:
  edit-metadata: 1.9031197093427181
  landing: 0.893482256680727
  view-data: 0.34380805119872093
