times:
  edit-metadata: 1.1383361830376089
  landing: 0.04479934903793037
  view-data: 0.256056338082999
