times:
  edit-metadata: 1.2696718350052834
  landing: 0.050977743696421385
  view-data: 0.2427395679987967
