times:
  edit-metadata: 1.499463140964508
  landing: 0.9751035114750266
  view-data: 3.3705127872526646
