times:
  edit-metadata: 2.3568992456421256
  landing: 0.02108066063374281
  view-data: 0.11456911452114582
