times:
  landing: 1.0665451969999822
  view-data: 0.5497249430000011
