times:
  edit-metadata: 1.5345829911530018
  landing: 0.8206278048455715
  view-data: 3.3439625948667526
