times:
  edit-metadata: 2.525429017841816
  landing: 0.020502956584095955
  view-data: 0.14484228938817978
