times:
  edit-metadata: 2.0679608322679996
  landing: 1.4351752623915672
  view-data: 3.3880584575235844
