times:
  edit-metadata: 1.2635329603217542
  landing: 0.04503729799762368
  view-data: 0.23537601996213198
