times:
  edit-metadata: 2.6899484544992447
  landing: 0.22955042123794556
  view-data: 0.4675982668995857
