times:
  edit-metadata: 1.8890118524432182
  landing: 0.5833550449460745
  view-data: 0.6377286985516548
