times:
  edit-metadata: 1.5774923339486122
  landing: 7.92396892234683
  view-data: 3.381272103637457
