times:
  edit-metadata: 1.0277296788990498
  landing: 0.7129583973437548
  view-data: 0.38218765147030354
