times:
  landing: 0.5482526419999658
  view-data: 0.5474203999999645
