times:
  edit-metadata: 1.890797171741724
  landing: 1.9870538767427206
  view-data: 0.5810654908418655
