times:
  landing: 0.5420484909999459
  view-data: 0.5470952910000051
