times:
  edit-metadata: 2.336987417191267
  landing: 0.019931786693632603
  view-data: 0.02516611572355032
