times:
  edit-metadata: 3.8810101747512817
  landing: 0.1454917173832655
  view-data: 0.3595986794680357
