times:
  edit-metadata: 0.9221647121012211
  landing: 0.6631351504474878
  view-data: 0.21898709051311016
