times:
  edit-metadata: 1.3825634494423866
  landing: 0.9010469764471054
  view-data: 3.314649038016796
