times:
  edit-metadata: 1.7602839209139347
  landing: 1.0446819067001343
  view-data: 3.416719162836671
