times:
  edit-metadata: 1.3880223769228905
  landing: 0.07679418800398707
  view-data: 0.26628021779470146
