times:
  landing: 1.0615356389999988
  view-data: 0.5477781989999926
