times:
  landing: 0.5577171250000674
  view-data: 0.554646928000011
