times:
  edit-metadata: 1.9336055219173431
  landing: 1.6228270009160042
  view-data: 0.6733471751213074
