times:
  edit-metadata: 1.2364579089917243
  landing: 0.059057204984128475
  view-data: 0.24739312892779708
