times:
  edit-metadata: 1.5359051380073652
  landing: 0.0499325770069845
  view-data: 0.27354340098099783
