times:
  edit-metadata: 1.4586874491069466
  landing: 0.04896590602584183
  view-data: 0.282007060945034
