times:
  edit-metadata: 1.396638902835548
  landing: 0.7952108508907259
  view-data: 3.3710604393854737
