times:
  edit-metadata: 1.2866371059790254
  landing: 0.05049082916229963
  view-data: 0.2395344809629023
