times:
  edit-metadata: 1.798535168170929
  landing: 0.04327981173992157
  view-data: 0.22239145636558533
