times:
  edit-metadata: 1.582090836018324
  landing: 0.807252112776041
  view-data: 3.542221151292324
