times:
  edit-metadata: 1.7198704853653908
  landing: 1.1722656190395355
  view-data: 3.367734283208847
