times:
  landing: 1.111258556999985
  view-data: 0.5570674289999715
