times:
  edit-metadata: 2.305900886654854
  landing: 0.16341639775782824
  view-data: 0.023536457680165768
