times:
  edit-metadata: 0.4344863898586482
  landing: 0.11337428097613156
  view-data: 0.21572618000209332
