times:
  edit-metadata: 1.2682203669101
  landing: 0.021284598857164383
  view-data: 0.028055863454937935
