times:
  edit-metadata: 0.41471956484019756
  landing: 0.07970381900668144
  view-data: 0.20077898958697915
