times:
  edit-metadata: 1.5289607737213373
  landing: 0.7779299635440111
  view-data: 3.3433472216129303
