times:
  edit-metadata: 0.4176786070001981
  landing: 0.09482672399917647
  view-data: 0.20494110199979332
