times:
  edit-metadata: 1.3354906225576997
  landing: 0.13650656770914793
  view-data: 0.026615864597260952
