times:
  edit-metadata: 1.37286083586514
  landing: 0.021364403888583183
  view-data: 0.02779630944132805
