times:
  edit-metadata: 1.3528410494327545
  landing: 0.020137254148721695
  view-data: 0.12220682483166456
