times:
  edit-metadata: 1.951047908514738
  landing: 0.32294926792383194
  view-data: 0.16577735729515553
