times:
  edit-metadata: 0.4118736810050905
  landing: 0.049768655095249414
  view-data: 0.22055843216367066
