times:
  edit-metadata: 1.4932418428361416
  landing: 0.7853022627532482
  view-data: 3.370059674605727
