times:
  edit-metadata: 0.46787651907652617
  landing: 0.04975238395854831
  view-data: 0.21040048822760582
