times:
  edit-metadata: 1.3082992862910032
  landing: 0.02104118000715971
  view-data: 0.1275065140798688
