times:
  edit-metadata: 1.3294520573690534
  landing: 0.020904758013784885
  view-data: 0.3351247403770685
