times:
  edit-metadata: 0.6429498728830367
  landing: 0.05063842609524727
  view-data: 0.19311080616898835
