times:
  edit-metadata: 0.47551796212792397
  landing: 0.04649693612009287
  view-data: 0.20625679846853018
