times:
  edit-metadata: 0.51474953815341
  landing: 0.06675708293914795
  view-data: 0.18778343871235847
