times:
  edit-metadata: 1.5924930470064282
  landing: 0.8976746695116162
  view-data: 3.3793819351121783
