times:
  edit-metadata: 1.5033028703182936
  landing: 0.04849768988788128
  view-data: 0.14102485589683056
