times:
  edit-metadata: 0.7253436166793108
  landing: 0.053535036742687225
  view-data: 0.2123424308374524
