times:
  edit-metadata: 1.3561870511621237
  landing: 0.019276288338005543
  view-data: 0.28445832524448633
