times:
  edit-metadata: 1.3139612153172493
  landing: 0.020450377836823463
  view-data: 0.023866151459515095
