times:
  edit-metadata: 0.4739537239074707
  landing: 0.05422441801056266
  view-data: 0.2074311920441687
