times:
  edit-metadata: 0.4955556485801935
  landing: 0.06068012025207281
  view-data: 0.20226178970187902
