times:
  edit-metadata: 0.6058030519634485
  landing: 0.043263548985123634
  view-data: 0.19248444121330976
