times:
  edit-metadata: 1.5153190102428198
  landing: 0.20347476936876774
  view-data: 0.38083565793931484
