times:
  edit-metadata: 0.5884628638159484
  landing: 0.04684615205042064
  view-data: 0.1932416360359639
