times:
  edit-metadata: 1.3132268283516169
  landing: 0.025296912528574467
  view-data: 0.11910080071538687
