times:
  edit-metadata: 0.3996463930234313
  landing: 0.055743634002283216
  view-data: 0.21944067801814526
