times:
  edit-metadata: 0.45982467802241445
  landing: 0.05502710584551096
  view-data: 0.20215389877557755
