times:
  edit-metadata: 0.4944895040243864
  landing: 0.04916188074275851
  view-data: 0.2146117240190506
