times:
  edit-metadata: 1.438275234773755
  landing: 0.24088384956121445
  view-data: 0.23577307723462582
