times:
  edit-metadata: 1.3931356063112617
  landing: 0.15837278869003057
  view-data: 0.2126969899982214
