times:
  edit-metadata: 1.501481143757701
  landing: 0.021015692502260208
  view-data: 0.3983891475945711
