times:
  edit-metadata: 1.7584271747618914
  landing: 0.2691998556256294
  view-data: 0.4779921639710665
