times:
  edit-metadata: 1.5815874859690666
  landing: 1.1100384220480919
  view-data: 3.434701941907406
