times:
  edit-metadata: 0.6355257229879498
  landing: 0.05923351610545069
  view-data: 0.1942485630279407
