times:
  edit-metadata: 1.931933706626296
  landing: 0.24731402099132538
  view-data: 0.41347455233335495
