times:
  edit-metadata: 0.532018407000578
  landing: 0.06337246800103458
  view-data: 0.19219036999857053
