times:
  edit-metadata: 0.41419172286987305
  landing: 0.05720251426100731
  view-data: 0.19458423927426338
