times:
  edit-metadata: 0.6299501210451126
  landing: 0.08415477396920323
  view-data: 0.2964242519810796
