times:
  edit-metadata: 0.4586829859763384
  landing: 0.056550740264356136
  view-data: 0.19347138190642
