times:
  edit-metadata: 0.6137793270172551
  landing: 0.05386720004025847
  view-data: 0.19397566094994545
