times:
  edit-metadata: 0.4289131879340857
  landing: 0.06855406705290079
  view-data: 0.20246543199755251
