times:
  edit-metadata: 1.5435679648071527
  landing: 0.026125051081180573
  view-data: 0.2550170626491308
