times:
  edit-metadata: 1.5473626300226897
  landing: 0.6816926460014656
  view-data: 3.316832678974606
