times:
  edit-metadata: 1.3432492688298225
  landing: 0.13962105475366116
  view-data: 0.023375043645501137
