times:
  edit-metadata: 1.5150195322930813
  landing: 0.43708680756390095
  view-data: 0.3407881800085306
