times:
  edit-metadata: 2.0360306557267904
  landing: 0.24165272898972034
  view-data: 0.23366972617805004
