times:
  edit-metadata: 0.6062853040639311
  landing: 0.05938575882464647
  view-data: 0.19224043283611536
