times:
  edit-metadata: 1.2965704035013914
  landing: 0.020346438512206078
  view-data: 0.025202421471476555
