times:
  edit-metadata: 1.3829673137515783
  landing: 0.13379427418112755
  view-data: 0.24949036724865437
