times:
  edit-metadata: 1.4036770723760128
  landing: 0.1369719486683607
  view-data: 0.027009062469005585
