times:
  edit-metadata: 0.4572860822081566
  landing: 0.05982572119683027
  view-data: 0.2026144079864025
