times:
  edit-metadata: 0.45333962608128786
  landing: 0.05736857932060957
  view-data: 0.19251446099951863
