times:
  edit-metadata: 1.956332091242075
  landing: 0.7918165419250727
  view-data: 3.404144032858312
