times:
  edit-metadata: 1.3645745245739818
  landing: 0.13702533766627312
  view-data: 0.022776516154408455
