times:
  edit-metadata: 1.3274994045495987
  landing: 0.01998995617032051
  view-data: 0.12291956320405006
