times:
  edit-metadata: 1.4054800011217594
  landing: 0.020585674792528152
  view-data: 0.12965495884418488
