times:
  edit-metadata: 0.6380547597073019
  landing: 0.059892488177865744
  view-data: 0.19294915813952684
