times:
  edit-metadata: 1.3169414401054382
  landing: 0.11694350093603134
  view-data: 0.02558702416718006
