times:
  edit-metadata: 0.627379332028795
  landing: 0.05248246400151402
  view-data: 0.19240776798687875
