times:
  edit-metadata: 1.5273565370589495
  landing: 0.7606878522783518
  view-data: 3.3695290135219693
