times:
  edit-metadata: 0.6272021899931133
  landing: 0.060375954024493694
  view-data: 0.19219372095540166
