times:
  edit-metadata: 1.4265367090702057
  landing: 0.09863564185798168
  view-data: 0.3091148789972067
