times:
  edit-metadata: 0.3983510471880436
  landing: 0.05076995864510536
  view-data: 0.19146257638931274
