times:
  edit-metadata: 1.3261261638253927
  landing: 0.020882971584796906
  view-data: 0.2425239309668541
