times:
  edit-metadata: 1.54590367898345
  landing: 0.22775692027062178
  view-data: 0.45398119650781155
