times:
  edit-metadata: 0.4299421412870288
  landing: 0.05156578868627548
  view-data: 0.18609370477497578
