times:
  edit-metadata: 1.583226915448904
  landing: 0.48523328453302383
  view-data: 0.37369820661842823
