times:
  edit-metadata: 1.4654695591889322
  landing: 0.8190013277344406
  view-data: 3.3775002490729094
