times:
  edit-metadata: 0.6326129706576467
  landing: 0.05513974418863654
  view-data: 0.1929894732311368
