times:
  edit-metadata: 0.6478058961220086
  landing: 0.04981779679656029
  view-data: 0.19885673420503736
