times:
  edit-metadata: 0.5875849169678986
  landing: 0.07890527509152889
  view-data: 0.2421032558195293
