times:
  edit-metadata: 0.6255776830948889
  landing: 0.046820309944450855
  view-data: 0.1933325050631538
