times:
  edit-metadata: 0.4261663989163935
  landing: 0.08177561778575182
  view-data: 0.20581980096176267
