times:
  edit-metadata: 1.7965331533923745
  landing: 0.12422295287251472
  view-data: 0.05453801993280649
