times:
  edit-metadata: 1.3824630975723267
  landing: 0.146699583157897
  view-data: 0.022783445194363594
