times:
  edit-metadata: 0.6630681969982106
  landing: 0.04792399400321301
  view-data: 0.19376520300284028
