times:
  edit-metadata: 1.5406438120407984
  landing: 0.9013037619879469
  view-data: 3.374622188974172
