times:
  edit-metadata: 1.318344747647643
  landing: 0.02091194409877062
  view-data: 0.025055176578462124
