times:
  edit-metadata: 1.333762246184051
  landing: 0.02214746829122305
  view-data: 0.10395424906164408
