times:
  edit-metadata: 1.3006837479770184
  landing: 0.021757149137556553
  view-data: 0.09869961440563202
