times:
  edit-metadata: 0.4652083236724138
  landing: 0.05552744213491678
  view-data: 0.1894093919545412
