times:
  edit-metadata: 0.4515380230732262
  landing: 0.060285278130322695
  view-data: 0.19253351911902428
