times:
  edit-metadata: 1.3363219946622849
  landing: 0.18518605083227158
  view-data: 0.09800614416599274
