times:
  edit-metadata: 1.4899055510759354
  landing: 0.1574832834303379
  view-data: 0.13964003138244152
