times:
  edit-metadata: 0.6327262369450182
  landing: 0.05203395592980087
  view-data: 0.18489985598716885
