times:
  edit-metadata: 1.3636289248242974
  landing: 0.1229071170091629
  view-data: 0.4774408796802163
