times:
  edit-metadata: 1.5284012332558632
  landing: 0.8410151819698513
  view-data: 3.3877522773109376
