times:
  edit-metadata: 0.43060619616881013
  landing: 0.06899107992649078
  view-data: 0.20322106801904738
