times:
  edit-metadata: 1.5130709420191124
  landing: 0.6935020750388503
  view-data: 3.2813179530203342
