times:
  edit-metadata: 0.6468257330125198
  landing: 0.0518058470916003
  view-data: 0.1938633869867772
