times:
  edit-metadata: 0.410811139998259
  landing: 0.06070807001378853
  view-data: 0.2050668890005909
