times:
  edit-metadata: 0.4041675701737404
  landing: 0.05013887211680412
  view-data: 0.19883107393980026
