times:
  edit-metadata: 0.462506468873471
  landing: 0.0532818092033267
  view-data: 0.1893078600987792
