times:
  edit-metadata: 0.39357631281018257
  landing: 0.057354528456926346
  view-data: 0.1884804181754589
