times:
  edit-metadata: 0.46555878408253193
  landing: 0.05006233602762222
  view-data: 0.2125244620256126
