times:
  edit-metadata: 0.4679705617018044
  landing: 0.05619974387809634
  view-data: 0.19448289601132274
