times:
  edit-metadata: 0.6279731008689851
  landing: 0.12481023813597858
  view-data: 0.18276208103634417
