times:
  edit-metadata: 1.4739425964653492
  landing: 0.22059664130210876
  view-data: 0.16145730949938297
