times:
  edit-metadata: 1.3536421144381166
  landing: 0.23029790818691254
  view-data: 0.2402166211977601
