times:
  edit-metadata: 0.6400520610623062
  landing: 0.05557425785809755
  view-data: 0.18550512194633484
