times:
  edit-metadata: 1.318337544798851
  landing: 0.021344047039747238
  view-data: 0.12275244574993849
