times:
  edit-metadata: 0.6283288059639744
  landing: 0.051429660001304
  view-data: 0.19369030196685344
