times:
  edit-metadata: 1.3436354855075479
  landing: 0.022728553041815758
  view-data: 0.1182657117024064
