times:
  edit-metadata: 0.6483199798967689
  landing: 0.07572184083983302
  view-data: 0.21358959609642625
