times:
  edit-metadata: 0.5355574459827039
  landing: 0.07196597699658014
  view-data: 0.2290753640118055
