times:
  edit-metadata: 0.45649495208635926
  landing: 0.05656634271144867
  view-data: 0.19681331189349294
