times:
  edit-metadata: 1.3199888374656439
  landing: 0.02184674423187971
  view-data: 0.02564950007945299
