times:
  edit-metadata: 1.5556936915963888
  landing: 0.9341308111324906
  view-data: 3.352932283654809
