times:
  edit-metadata: 1.395575286820531
  landing: 0.16467499174177647
  view-data: 0.3604618478566408
