times:
  edit-metadata: 1.8860718086361885
  landing: 0.12436328828334808
  view-data: 0.027706939727067947
