times:
  edit-metadata: 1.9421774074435234
  landing: 1.094068088568747
  view-data: 3.474830277264118
