times:
  edit-metadata: 0.4199627749621868
  landing: 0.06850547506473958
  view-data: 0.19786820304580033
