times:
  edit-metadata: 0.48607582101249136
  landing: 0.04216080901096575
  view-data: 0.2042480790114496
