times:
  edit-metadata: 1.40578867867589
  landing: 0.019887857139110565
  view-data: 0.31012139469385147
