times:
  edit-metadata: 1.4858155511319637
  landing: 0.7816323051229119
  view-data: 3.3750833868980408
