times:
  edit-metadata: 0.4746741880662739
  landing: 0.05171181866899133
  view-data: 0.18910089693963528
