times:
  edit-metadata: 1.4133200012147427
  landing: 0.1153046153485775
  view-data: 0.2797491680830717
