times:
  edit-metadata: 0.6455671170260757
  landing: 0.054288607090711594
  view-data: 0.18732274300418794
