times:
  edit-metadata: 1.715982761234045
  landing: 1.1306822588667274
  view-data: 3.3159201638773084
