times:
  edit-metadata: 0.3882434219121933
  landing: 0.05179998651146889
  view-data: 0.19230039790272713
