times:
  edit-metadata: 0.4198801580350846
  landing: 0.07341500092297792
  view-data: 0.20086957584135234
