times:
  edit-metadata: 0.5007771719247103
  landing: 0.04769654001574963
  view-data: 0.2231021380284801
