times:
  edit-metadata: 0.6083316700533032
  landing: 0.05094884103164077
  view-data: 0.17801214684732258
