times:
  edit-metadata: 0.41965966299176216
  landing: 0.047599468380212784
  view-data: 0.19614045694470406
