times:
  edit-metadata: 1.2867304030805826
  landing: 0.0200136536732316
  view-data: 0.13465947657823563
