times:
  edit-metadata: 1.8016291307285428
  landing: 0.7161907367408276
  view-data: 3.515951443463564
