times:
  edit-metadata: 0.40832930291071534
  landing: 0.07940906006842852
  view-data: 0.3433740090113133
