times:
  edit-metadata: 1.3296467643231153
  landing: 0.19281565956771374
  view-data: 0.30583146028220654
