times:
  edit-metadata: 1.3212969796732068
  landing: 0.02430598810315132
  view-data: 0.103830486536026
