times:
  edit-metadata: 1.4074719892814755
  landing: 0.7544647119939327
  view-data: 3.3295216113328934
