times:
  edit-metadata: 0.7562966810073704
  landing: 0.05717087601078674
  view-data: 0.19656330300495028
