times:
  edit-metadata: 1.380405766889453
  landing: 0.23850415274500847
  view-data: 0.4740020092576742
