times:
  edit-metadata: 1.3638729564845562
  landing: 0.022801557555794716
  view-data: 0.15164790861308575
