times:
  edit-metadata: 1.3075283337384462
  landing: 0.0229532178491354
  view-data: 0.028565626591444016
