times:
  edit-metadata: 1.5171663239598274
  landing: 0.7993950098752975
  view-data: 3.3560390546917915
