times:
  edit-metadata: 1.3263178765773773
  landing: 0.01987516786903143
  view-data: 0.025477257557213306
