times:
  edit-metadata: 1.2835462559014559
  landing: 0.019010072574019432
  view-data: 0.1289497036486864
