times:
  edit-metadata: 0.6024077890906483
  landing: 0.05300791491754353
  view-data: 0.20004557096399367
