times:
  edit-metadata: 1.3876590440049767
  landing: 0.020844584330916405
  view-data: 0.31746865808963776
