times:
  edit-metadata: 0.423165543936193
  landing: 0.04798659891821444
  view-data: 0.20687682391144335
