times:
  edit-metadata: 1.34094597119838
  landing: 0.022532413713634014
  view-data: 0.028078950010240078
