times:
  edit-metadata: 0.622019172005821
  landing: 0.054396990017266944
  view-data: 0.18582234001951292
