times:
  edit-metadata: 1.336892656981945
  landing: 0.020893624983727932
  view-data: 0.02878714818507433
