times:
  edit-metadata: 1.5174964920151979
  landing: 0.7472334178164601
  view-data: 3.38889608415775
