times:
  edit-metadata: 1.369082635268569
  landing: 0.2537644039839506
  view-data: 0.33052282594144344
