times:
  edit-metadata: 0.6303542118985206
  landing: 0.046442643040791154
  view-data: 0.19137868285179138
