times:
  edit-metadata: 0.58356655202806
  landing: 0.05807546200230718
  view-data: 0.1894373600371182
