times:
  edit-metadata: 1.5823244526982307
  landing: 0.13235493190586567
  view-data: 0.32906873896718025
