times:
  edit-metadata: 1.3271947093307972
  landing: 0.021750392392277718
  view-data: 0.0248146066442132
