times:
  edit-metadata: 1.3557183519005775
  landing: 0.1524324007332325
  view-data: 0.14345429092645645
