times:
  edit-metadata: 1.4259041799232364
  landing: 0.19308636616915464
  view-data: 0.1330517027527094
