times:
  edit-metadata: 0.6386325699277222
  landing: 0.0531982381362468
  view-data: 0.1842409900855273
