times:
  edit-metadata: 0.40995919331908226
  landing: 0.049516115337610245
  view-data: 0.1910419650375843
