times:
  edit-metadata: 1.3758356892503798
  landing: 0.8434478519484401
  view-data: 3.4090415220707655
