times:
  edit-metadata: 0.40550629049539566
  landing: 0.05474273860454559
  view-data: 0.19379521533846855
