times:
  edit-metadata: 1.302550021559
  landing: 0.12118547037243843
  view-data: 0.02777782641351223
