times:
  edit-metadata: 0.42066767206415534
  landing: 0.07464390504173934
  view-data: 0.2037120850291103
