times:
  edit-metadata: 1.916699193418026
  landing: 0.22393859177827835
  view-data: 0.38919672928750515
