times:
  edit-metadata: 0.4678323701955378
  landing: 0.05419788742437959
  view-data: 0.19025649689137936
