times:
  edit-metadata: 1.7403448428958654
  landing: 0.16531404480338097
  view-data: 0.33535658568143845
