times:
  edit-metadata: 0.6545447880052961
  landing: 0.05056403897469863
  view-data: 0.1831410339800641
