times:
  edit-metadata: 0.3973992206156254
  landing: 0.055743515491485596
  view-data: 0.1990686096251011
