times:
  edit-metadata: 0.5902534469496459
  landing: 0.06209185696206987
  view-data: 0.1852915531489998
