times:
  edit-metadata: 1.4033291526138783
  landing: 0.19639006722718477
  view-data: 0.026391474530100822
