times:
  edit-metadata: 0.6438894910970703
  landing: 0.05690988805145025
  view-data: 0.18886221502907574
