times:
  edit-metadata: 1.2825483083724976
  landing: 0.02075607143342495
  view-data: 0.4057153267785907
