times:
  edit-metadata: 0.6724913029465824
  landing: 0.0474771608132869
  view-data: 0.1871739011257887
