times:
  edit-metadata: 1.5577590898610651
  landing: 0.8247113069519401
  view-data: 3.4219827093183994
