times:
  edit-metadata: 1.3229614607989788
  landing: 0.022677043452858925
  view-data: 0.2853061053901911
