times:
  edit-metadata: 1.3518660068511963
  landing: 0.019122745841741562
  view-data: 0.027356726117432117
