times:
  edit-metadata: 0.4643079158850014
  landing: 0.0573268779553473
  view-data: 0.20438467571511865
