times:
  edit-metadata: 0.7634842018596828
  landing: 0.05951493908651173
  view-data: 0.23871096782386303
