times:
  edit-metadata: 0.6282776469597593
  landing: 0.04932563001057133
  view-data: 0.19111182598862797
