times:
  edit-metadata: 1.4227587040513754
  landing: 0.12998433411121368
  view-data: 0.4420369304716587
