times:
  edit-metadata: 0.4967598520015599
  landing: 0.054051782994065434
  view-data: 0.3413794660009444
