times:
  edit-metadata: 1.6796936690807343
  landing: 0.9587126770056784
  view-data: 3.477437807712704
