times:
  edit-metadata: 1.3351651392877102
  landing: 0.021168860606849194
  view-data: 0.10183557216078043
