times:
  edit-metadata: 1.5001990520395339
  landing: 0.7588880870025605
  view-data: 3.4143599779345095
