times:
  edit-metadata: 1.4880134181585163
  landing: 0.674104874022305
  view-data: 3.356907916953787
