times:
  edit-metadata: 0.5455859840003541
  landing: 0.06476040699635632
  view-data: 0.20400374100427143
