times:
  edit-metadata: 1.3194429511204362
  landing: 0.020632986910641193
  view-data: 0.11887758411467075
