times:
  edit-metadata: 1.3428869685158134
  landing: 0.0197741836309433
  view-data: 0.025287967175245285
