times:
  edit-metadata: 1.434824425727129
  landing: 0.7841226905584335
  view-data: 3.384117975831032
