times:
  edit-metadata: 0.3911059759557247
  landing: 0.05184502154588699
  view-data: 0.19575146958231926
