times:
  edit-metadata: 0.5524390088394284
  landing: 0.046049116645008326
  view-data: 0.21293020015582442
