times:
  edit-metadata: 1.3381171943619847
  landing: 0.021689523011446
  view-data: 0.12535799946635962
