times:
  edit-metadata: 0.6056683699134737
  landing: 0.04897821298800409
  view-data: 0.19250741321593523
