times:
  edit-metadata: 0.4280248761642724
  landing: 0.06843028590083122
  view-data: 0.2049984170589596
