times:
  edit-metadata: 1.3552436493337154
  landing: 0.019403111189603806
  view-data: 0.026136364787817
