times:
  edit-metadata: 1.3650488797575235
  landing: 0.09508652426302433
  view-data: 0.11786733567714691
