times:
  edit-metadata: 0.6083613936789334
  landing: 0.08484660694375634
  view-data: 0.26315615698695183
