times:
  edit-metadata: 0.6074389889836311
  landing: 0.05886235798243433
  view-data: 0.19141563901212066
