times:
  edit-metadata: 1.8643115032464266
  landing: 0.43245656229555607
  view-data: 0.5660911500453949
