times:
  edit-metadata: 1.4537580255419016
  landing: 0.2755716126412153
  view-data: 0.29856063053011894
