times:
  edit-metadata: 0.4237744810525328
  landing: 0.06626985687762499
  view-data: 0.19879836100153625
