times:
  edit-metadata: 1.4182703541591763
  landing: 0.020400037057697773
  view-data: 0.027075298130512238
