times:
  edit-metadata: 1.4221987570635974
  landing: 0.7692936458624899
  view-data: 3.4283346221782267
