times:
  edit-metadata: 0.4089679643511772
  landing: 0.057674627751111984
  view-data: 0.19521568715572357
