times:
  edit-metadata: 1.3474500738084316
  landing: 0.018640633672475815
  view-data: 0.02350633777678013
