times:
  edit-metadata: 0.6160353979794309
  landing: 0.05003637800109573
  view-data: 0.19711950700730085
