times:
  edit-metadata: 1.3713945522904396
  landing: 0.02213871292769909
  view-data: 0.023105171509087086
