times:
  edit-metadata: 0.4250480809714645
  landing: 0.08533092797733843
  view-data: 0.2334928840282373
