times:
  edit-metadata: 1.3224858324974775
  landing: 0.0194501131772995
  view-data: 0.32248083129525185
