times:
  edit-metadata: 1.4105613380670547
  landing: 0.22935803420841694
  view-data: 0.09343241900205612
