times:
  edit-metadata: 1.4626350430771708
  landing: 0.7123032200615853
  view-data: 3.2913935699034482
