times:
  edit-metadata: 0.4098197819548659
  landing: 0.07402899401495233
  view-data: 0.19943664403399453
