times:
  edit-metadata: 0.6347353300079703
  landing: 0.05088969401549548
  view-data: 0.19659870793111622
