times:
  edit-metadata: 0.5722529029881116
  landing: 0.05121895202319138
  view-data: 0.18761796900071204
