times:
  edit-metadata: 1.369056993164122
  landing: 1.2956521306186914
  view-data: 3.3000421468168497
