times:
  edit-metadata: 0.47175228828564286
  landing: 0.06371082784608006
  view-data: 0.2042846791446209
