times:
  edit-metadata: 1.3906898899003863
  landing: 0.021526760421693325
  view-data: 0.13446118589490652
