times:
  edit-metadata: 1.3575697783380747
  landing: 0.02048357203602791
  view-data: 0.13778282515704632
