times:
  edit-metadata: 0.46775325015187263
  landing: 0.04954949952661991
  view-data: 0.20470077823847532
