times:
  edit-metadata: 1.4671100452542305
  landing: 0.17398385517299175
  view-data: 0.4059277977794409
