times:
  edit-metadata: 1.3760334458202124
  landing: 0.022988568991422653
  view-data: 0.3000454567372799
