times:
  edit-metadata: 1.314509617164731
  landing: 0.02041833195835352
  view-data: 0.41534627601504326
