times:
  edit-metadata: 1.3888291958719492
  landing: 0.02045254223048687
  view-data: 0.024801522493362427
