times:
  edit-metadata: 0.4077734611928463
  landing: 0.05915139243006706
  view-data: 0.19240618497133255
