times:
  edit-metadata: 0.4982402976602316
  landing: 0.05771181732416153
  view-data: 0.20595739968121052
