times:
  edit-metadata: 0.4750353340059519
  landing: 0.07958463719114661
  view-data: 0.29982235422357917
