times:
  edit-metadata: 0.631553825980518
  landing: 0.0579651849984657
  view-data: 0.19552113499958068
