times:
  edit-metadata: 0.4148525889031589
  landing: 0.06700679706409574
  view-data: 0.1990223410539329
