times:
  edit-metadata: 0.39140792936086655
  landing: 0.05527334660291672
  view-data: 0.1861761212348938
