times:
  edit-metadata: 1.4866672088392079
  landing: 0.826653195079416
  view-data: 3.3959022373892367
