times:
  edit-metadata: 0.6002221920061857
  landing: 0.0485407430678606
  view-data: 0.19516166509129107
