times:
  edit-metadata: 0.47570730466395617
  landing: 0.0522091556340456
  view-data: 0.21116224117577076
