times:
  edit-metadata: 1.3605459341779351
  landing: 0.14954334311187267
  view-data: 0.1185364006087184
