times:
  edit-metadata: 0.40258121117949486
  landing: 0.05444901064038277
  view-data: 0.1880195587873459
