times:
  edit-metadata: 0.6395607220474631
  landing: 0.05878150602802634
  view-data: 0.1914564969483763
