times:
  edit-metadata: 1.3179523730650544
  landing: 0.02321232296526432
  view-data: 0.026528784073889256
