times:
  edit-metadata: 0.4711665720678866
  landing: 0.045931065920740366
  view-data: 0.19939173478633165
