times:
  edit-metadata: 0.6269801409216598
  landing: 0.05049942503683269
  view-data: 0.19282165495678782
