times:
  edit-metadata: 0.6243557669949951
  landing: 0.056223352992674336
  view-data: 0.19617256199126132
