times:
  edit-metadata: 0.4777356181293726
  landing: 0.053216437343508005
  view-data: 0.1939818048849702
