times:
  edit-metadata: 1.4750300627201796
  landing: 0.020697024650871754
  view-data: 0.35808526910841465
