times:
  edit-metadata: 0.41552043706178665
  landing: 0.07174026302527636
  view-data: 0.2016166530083865
