times:
  edit-metadata: 0.4874158585444093
  landing: 0.04946212191134691
  view-data: 0.20901764184236526
