times:
  edit-metadata: 1.2962465567979962
  landing: 0.10986376414075494
  view-data: 0.2569419320207089
