times:
  edit-metadata: 0.4152142880484462
  landing: 0.07955137500539422
  view-data: 0.22258021123707294
