times:
  edit-metadata: 0.5113342670083512
  landing: 0.05937512498348951
  view-data: 0.21282673999667168
