times:
  edit-metadata: 0.649238058947958
  landing: 0.057893233955837786
  view-data: 0.19522389397025108
