times:
  edit-metadata: 0.4486482311040163
  landing: 0.04614007659256458
  view-data: 0.21113674342632294
