times:
  edit-metadata: 0.5878821420483291
  landing: 0.05167254782281816
  view-data: 0.18921463913284242
