times:
  edit-metadata: 1.4348022332414985
  landing: 0.21235309820622206
  view-data: 0.4713904717937112
