times:
  edit-metadata: 0.40301487501710653
  landing: 0.08248452609404922
  view-data: 0.20506238006055355
