times:
  edit-metadata: 0.47228871984407306
  landing: 0.049082365818321705
  view-data: 0.20054547488689423
