times:
  edit-metadata: 1.5041497647762299
  landing: 0.792784795165062
  view-data: 3.3703970876522362
