times:
  edit-metadata: 1.5009083729237318
  landing: 0.7913632979616523
  view-data: 3.3568687359802425
