times:
  edit-metadata: 0.39095674082636833
  landing: 0.05665723234415054
  view-data: 0.19950225949287415
