times:
  edit-metadata: 0.5274435139999696
  landing: 0.049364454000169644
  view-data: 0.18958741200003715
