times:
  edit-metadata: 1.3049514312297106
  landing: 0.02234648820012808
  view-data: 0.12012018449604511
