times:
  edit-metadata: 0.39480289397761226
  landing: 0.0497039589099586
  view-data: 0.23057514429092407
