times:
  edit-metadata: 0.8882817849516869
  landing: 0.10474896780215204
  view-data: 0.191960615105927
