times:
  edit-metadata: 2.3266276670619845
  landing: 0.02136913686990738
  view-data: 0.02536049485206604
