times:
  edit-metadata: 0.4639914631843567
  landing: 0.05126187205314636
  view-data: 0.20146678341552615
