times:
  edit-metadata: 0.6110841277986765
  landing: 0.05183740006759763
  view-data: 0.19338839827105403
