times:
  edit-metadata: 0.5037518959725276
  landing: 0.04892435303190723
  view-data: 0.2107836459763348
