times:
  edit-metadata: 0.673661980079487
  landing: 0.1428228081203997
  view-data: 0.2930976578500122
