times:
  edit-metadata: 0.8157426889520139
  landing: 0.048851819010451436
  view-data: 0.21263453597202897
