times:
  edit-metadata: 1.4067638260312378
  landing: 2.5438668811693788
  view-data: 3.287501454818994
