times:
  edit-metadata: 0.4343910375609994
  landing: 0.061841141898185015
  view-data: 0.19191382406279445
