times:
  edit-metadata: 0.6448830669978634
  landing: 0.0490946109930519
  view-data: 0.20090961900132243
