times:
  edit-metadata: 0.4126662570051849
  landing: 0.08453293517231941
  view-data: 0.3378020511008799
