times:
  edit-metadata: 0.3960299380123615
  landing: 0.048708390444517136
  view-data: 0.1948448121547699
