times:
  edit-metadata: 1.315480119548738
  landing: 0.018859989941120148
  view-data: 0.09992667008191347
