times:
  edit-metadata: 0.6316324640065432
  landing: 0.04887221904937178
  view-data: 0.19288806803524494
