times:
  edit-metadata: 1.825456727296114
  landing: 0.36185847222805023
  view-data: 0.2926180977374315
