times:
  edit-metadata: 1.5253817522898316
  landing: 0.7841528519056737
  view-data: 3.3778629656881094
