times:
  edit-metadata: 0.485591153614223
  landing: 0.055510055273771286
  view-data: 0.33428545761853456
