times:
  edit-metadata: 0.3975867033004761
  landing: 0.0532991960644722
  view-data: 0.20116937905550003
