times:
  edit-metadata: 0.6292282070498914
  landing: 0.05162883107550442
  view-data: 0.1928577849175781
