times:
  edit-metadata: 0.48925599828362465
  landing: 0.053331003058701754
  view-data: 0.21499354485422373
