times:
  edit-metadata: 1.5318158641457558
  landing: 0.02504013478755951
  view-data: 0.023876650258898735
