times:
  edit-metadata: 0.44592852098867297
  landing: 0.05182652082294226
  view-data: 0.1898713600821793
