times:
  edit-metadata: 1.5276530059054494
  landing: 0.8346169549040496
  view-data: 3.880912236869335
