times:
  edit-metadata: 0.5006244879914448
  landing: 0.05410290800500661
  view-data: 0.21702113596256822
