times:
  edit-metadata: 0.45909290201961994
  landing: 0.05163498921319842
  view-data: 0.19219627371057868
