times:
  edit-metadata: 1.4724080171436071
  landing: 0.7954978439956903
  view-data: 3.3735885380301625
