times:
  edit-metadata: 0.6992760080029257
  landing: 0.09144488599849865
  view-data: 0.18349374999525025
