times:
  edit-metadata: 1.314888401888311
  landing: 0.02273273840546608
  view-data: 0.02707203384488821
