times:
  edit-metadata: 0.48580547608435154
  landing: 0.0669985730201006
  view-data: 0.21073222067207098
