times:
  edit-metadata: 1.3179191704839468
  landing: 0.02173928078263998
  view-data: 0.4653643202036619
