times:
  edit-metadata: 0.6263366159982979
  landing: 0.05553297995356843
  view-data: 0.19076887099072337
