times:
  edit-metadata: 0.39702699333429337
  landing: 0.05751396343111992
  view-data: 0.18956907466053963
