times:
  edit-metadata: 1.386263688094914
  landing: 0.020391645841300488
  view-data: 0.02465059794485569
