times:
  edit-metadata: 0.46339384838938713
  landing: 0.056613003835082054
  view-data: 0.19141637487336993
