times:
  edit-metadata: 1.3282853597775102
  landing: 0.023424883373081684
  view-data: 0.097404676489532
