times:
  edit-metadata: 0.3899883031845093
  landing: 0.046501778066158295
  view-data: 0.1857823245227337
