times:
  edit-metadata: 1.4896649615839124
  landing: 0.754004992544651
  view-data: 3.360887453891337
