times:
  edit-metadata: 1.457736355252564
  landing: 0.01898868754506111
  view-data: 0.023334181867539883
