times:
  edit-metadata: 1.4436711017042398
  landing: 0.020528902299702168
  view-data: 0.40938474610447884
