times:
  edit-metadata: 1.4542061060201377
  landing: 0.8424604280153289
  view-data: 3.3404827599879354
