times:
  edit-metadata: 0.39131642132997513
  landing: 0.05264352634549141
  view-data: 0.19247236102819443
