times:
  edit-metadata: 0.45993622392416
  landing: 0.04723747726529837
  view-data: 0.1963469902984798
