times:
  edit-metadata: 0.4789550118148327
  landing: 0.05475297663360834
  view-data: 0.20964079722762108
