times:
  edit-metadata: 1.301311514340341
  landing: 0.1638016439974308
  view-data: 0.3660701122134924
