times:
  edit-metadata: 1.371537164784968
  landing: 0.024188810028135777
  view-data: 0.46626389492303133
