times:
  edit-metadata: 1.3287559421733022
  landing: 0.1757386764511466
  view-data: 0.02449951972812414
