times:
  edit-metadata: 1.509615103714168
  landing: 0.7454224438406527
  view-data: 3.350590168032795
