times:
  edit-metadata: 0.4274939668830484
  landing: 0.05082790809683502
  view-data: 0.20183912804350257
