times:
  edit-metadata: 0.44370613479986787
  landing: 0.06194182485342026
  view-data: 0.20367337111383677
