times:
  edit-metadata: 1.3130709482356906
  landing: 0.020453669130802155
  view-data: 0.41965098213404417
