times:
  edit-metadata: 0.4614892955869436
  landing: 0.05532864015549421
  view-data: 0.1942603411152959
