times:
  edit-metadata: 0.44817496789619327
  landing: 0.05877687409520149
  view-data: 0.19400078104808927
