times:
  edit-metadata: 0.41296378104016185
  landing: 0.08243624679744244
  view-data: 0.2065944690257311
