times:
  edit-metadata: 1.334625200368464
  landing: 0.021791858598589897
  view-data: 0.11911098659038544
