times:
  edit-metadata: 0.39590583741664886
  landing: 0.057495031505823135
  view-data: 0.1851906105875969
