times:
  edit-metadata: 1.310286844149232
  landing: 0.022558449767529964
  view-data: 0.02556954137980938
