times:
  edit-metadata: 1.3426980506628752
  landing: 0.11984151415526867
  view-data: 0.34042403753846884
