times:
  edit-metadata: 0.46735805412754416
  landing: 0.05719550605863333
  view-data: 0.18974262103438377
