times:
  edit-metadata: 0.4271313170902431
  landing: 0.0831450519617647
  view-data: 0.2054997158702463
