times:
  edit-metadata: 1.4834599792957306
  landing: 0.024958057329058647
  view-data: 0.31056816317141056
