times:
  edit-metadata: 0.5094635197892785
  landing: 0.08717867126688361
  view-data: 0.19557149428874254
