times:
  edit-metadata: 0.6170194998849183
  landing: 0.05173388798721135
  view-data: 0.18194607296027243
