times:
  edit-metadata: 1.341212178580463
  landing: 0.020600910298526287
  view-data: 0.4027586067095399
