times:
  edit-metadata: 0.457218031398952
  landing: 0.05363389290869236
  view-data: 0.19715036917477846
