times:
  edit-metadata: 0.4117417770321481
  landing: 0.04746685002464801
  view-data: 0.2055778669891879
