times:
  edit-metadata: 1.8059263043105602
  landing: 0.02674026135355234
  view-data: 0.12322955392301083
