times:
  edit-metadata: 1.3760850979015231
  landing: 0.11752587091177702
  view-data: 0.10079423431307077
