times:
  edit-metadata: 1.3752359207719564
  landing: 0.16494770627468824
  view-data: 0.31724523194134235
