times:
  edit-metadata: 0.45447018928825855
  landing: 0.05231093056499958
  view-data: 0.1963337417691946
