times:
  edit-metadata: 1.4036085279658437
  landing: 0.9224914629012346
  view-data: 3.4111448159674183
