times:
  edit-metadata: 1.8122987123206258
  landing: 0.159598377533257
  view-data: 0.17378388158977032
