times:
  edit-metadata: 1.3473571743816137
  landing: 0.018543817102909088
  view-data: 0.34196766652166843
