times:
  edit-metadata: 0.597006545169279
  landing: 0.05262752086855471
  view-data: 0.18966870196163654
