times:
  edit-metadata: 0.48324181884527206
  landing: 0.05586854834109545
  view-data: 0.2063747150823474
