times:
  edit-metadata: 1.5278666038066149
  landing: 0.1856999211013317
  view-data: 0.2577246967703104
