times:
  edit-metadata: 0.6388352490030229
  landing: 0.05567222833633423
  view-data: 0.19016060698777437
