times:
  edit-metadata: 0.48639428801834583
  landing: 0.05166182899847627
  view-data: 0.21660199901089072
