times:
  edit-metadata: 1.5507535636425018
  landing: 0.02261766418814659
  view-data: 0.3099279273301363
