times:
  edit-metadata: 0.6301299739861861
  landing: 0.054745780071243644
  view-data: 0.19109653891064227
