times:
  edit-metadata: 1.3179227290675044
  landing: 0.022919028997421265
  view-data: 0.12292377837002277
