times:
  edit-metadata: 1.5478593511506915
  landing: 0.7956962287425995
  view-data: 3.384222252294421
