times:
  edit-metadata: 0.4049272872507572
  landing: 0.055108197033405304
  view-data: 0.1970544308423996
