times:
  edit-metadata: 0.48893985600443557
  landing: 0.0588542940095067
  view-data: 0.20717702200636268
