times:
  edit-metadata: 0.4956918158568442
  landing: 0.0829064710997045
  view-data: 0.31098471116274595
