times:
  edit-metadata: 1.3710803762078285
  landing: 0.018052931874990463
  view-data: 0.02252436801791191
