times:
  edit-metadata: 1.332016064785421
  landing: 0.02000492252409458
  view-data: 0.12145745940506458
