times:
  edit-metadata: 0.6027659310493618
  landing: 0.05025099898921326
  view-data: 0.19184791698353365
