times:
  edit-metadata: 0.5650134519673884
  landing: 0.13382118102163076
  view-data: 0.23146109888330102
