times:
  edit-metadata: 0.4832325289025903
  landing: 0.05383675405755639
  view-data: 0.21465843496844172
