times:
  edit-metadata: 0.402672603726387
  landing: 0.05852469801902771
  view-data: 0.18931768089532852
