times:
  edit-metadata: 1.626749782008119
  landing: 0.7956877721007913
  view-data: 3.301627687062137
