times:
  edit-metadata: 2.1163174025714397
  landing: 0.3590147066861391
  view-data: 0.5396727733314037
