times:
  edit-metadata: 0.6888946569524705
  landing: 0.08858657721430063
  view-data: 0.19711503805592656
