times:
  edit-metadata: 0.44375717593356967
  landing: 0.05342598957940936
  view-data: 0.2074230508878827
