times:
  edit-metadata: 1.3175987731665373
  landing: 0.13544575683772564
  view-data: 0.12412893399596214
