times:
  edit-metadata: 0.41730708815157413
  landing: 0.0641579539515078
  view-data: 0.21760474983602762
