times:
  edit-metadata: 0.4221959849819541
  landing: 0.08316678390838206
  view-data: 0.3377201999537647
