times:
  edit-metadata: 0.37940991297364235
  landing: 0.055494118481874466
  view-data: 0.19187963753938675
