times:
  edit-metadata: 1.3185621090233326
  landing: 0.18143516220152378
  view-data: 0.11971094273030758
