times:
  edit-metadata: 0.6527469049906358
  landing: 0.050326040014624596
  view-data: 0.1983988860156387
