times:
  edit-metadata: 0.4682498821057379
  landing: 0.0550961559638381
  view-data: 0.20948882028460503
