times:
  edit-metadata: 1.6219035871326923
  landing: 0.2706874441355467
  view-data: 0.13065359741449356
