times:
  edit-metadata: 1.2969035636633635
  landing: 0.019448935985565186
  view-data: 0.023170288652181625
