times:
  edit-metadata: 0.6175132340285927
  landing: 0.05908312904648483
  view-data: 0.18926931894384325
