times:
  edit-metadata: 0.5052880739967804
  landing: 0.04490071701002307
  view-data: 0.2189798399922438
