times:
  edit-metadata: 0.6277591319521889
  landing: 0.047409245977178216
  view-data: 0.1889288950478658
