times:
  edit-metadata: 1.3393930057063699
  landing: 0.02135763131082058
  view-data: 0.12323917169123888
