times:
  edit-metadata: 0.4749997342005372
  landing: 0.041795809753239155
  view-data: 0.20202940981835127
