times:
  edit-metadata: 1.510182648897171
  landing: 0.14481354877352715
  view-data: 0.0316950473934412
