times:
  edit-metadata: 0.5142951169982553
  landing: 0.10459803976118565
  view-data: 0.2556712836958468
