times:
  edit-metadata: 1.474548714235425
  landing: 0.2255538757890463
  view-data: 0.33603466488420963
