times:
  edit-metadata: 1.3327263863757253
  landing: 0.021372872404754162
  view-data: 0.02753196470439434
