times:
  edit-metadata: 0.409360890975222
  landing: 0.0669433360453695
  view-data: 0.20796345605049282
