times:
  edit-metadata: 1.3866061260923743
  landing: 0.019827217794954777
  view-data: 0.20938856340944767
