times:
  edit-metadata: 2.7933143861591816
  landing: 0.4275251878425479
  view-data: 0.5132206212729216
