times:
  edit-metadata: 0.4788016648963094
  landing: 0.0516906357370317
  view-data: 0.19747525686398149
