times:
  edit-metadata: 1.511613281443715
  landing: 0.779681671410799
  view-data: 3.377850880846381
