times:
  edit-metadata: 0.6194343109382316
  landing: 0.05430371407419443
  view-data: 0.19340777792967856
