times:
  edit-metadata: 1.5182899858336896
  landing: 0.9382137551438063
  view-data: 3.3423612150363624
