times:
  edit-metadata: 1.3270674785599113
  landing: 0.1639424180611968
  view-data: 0.0276324562728405
