times:
  edit-metadata: 0.41812093392945826
  landing: 0.0755281038582325
  view-data: 0.33988238708116114
