times:
  edit-metadata: 1.3843561001121998
  landing: 0.0185327660292387
  view-data: 0.025899743661284447
