times:
  edit-metadata: 0.4888323009945452
  landing: 0.05619686795398593
  view-data: 0.20094003761187196
