times:
  edit-metadata: 1.422718659043312
  landing: 0.7942379992455244
  view-data: 3.3679615892469883
