times:
  edit-metadata: 2.435836661607027
  landing: 1.4447408067062497
  view-data: 3.370652524754405
