times:
  edit-metadata: 0.4010232612490654
  landing: 0.04549560695886612
  view-data: 0.19017411395907402
