times:
  edit-metadata: 1.3127227332442999
  landing: 0.20484606362879276
  view-data: 0.02585136517882347
