times:
  edit-metadata: 0.6681642732582986
  landing: 0.061784518882632256
  view-data: 0.20141520909965038
