times:
  edit-metadata: 1.390462531708181
  landing: 0.0208617290481925
  view-data: 0.02766887377947569
