times:
  edit-metadata: 0.626107613905333
  landing: 0.04868871299549937
  view-data: 0.19263683003373444
