times:
  edit-metadata: 0.4931444459944032
  landing: 0.0478389430209063
  view-data: 0.22257591399829835
