times:
  edit-metadata: 0.4753094855695963
  landing: 0.05661695823073387
  view-data: 0.20673538092523813
