times:
  edit-metadata: 0.4522201498039067
  landing: 0.04833044623956084
  view-data: 0.19482015864923596
