times:
  edit-metadata: 0.6187779973261058
  landing: 0.06209001410752535
  view-data: 0.19059581123292446
