times:
  edit-metadata: 0.4042539708316326
  landing: 0.05288950726389885
  view-data: 0.19266147166490555
