times:
  edit-metadata: 0.4615506697446108
  landing: 0.051416434813290834
  view-data: 0.19497214630246162
