times:
  edit-metadata: 1.5870918417349458
  landing: 0.3746355762705207
  view-data: 0.18274992424994707
