times:
  edit-metadata: 1.517990785650909
  landing: 0.8566604871302843
  view-data: 3.4571083895862103
