times:
  edit-metadata: 0.40753112896345556
  landing: 0.06936515995766968
  view-data: 0.20199137600138783
