times:
  edit-metadata: 1.5094837425276637
  landing: 0.769688343629241
  view-data: 3.349863321520388
