times:
  edit-metadata: 0.6266691596247256
  landing: 0.06022188998758793
  view-data: 0.19674953306093812
