times:
  edit-metadata: 0.4624370790552348
  landing: 0.05351694900309667
  view-data: 0.22663892403943464
