times:
  edit-metadata: 1.3487795162945986
  landing: 0.19058261811733246
  view-data: 0.33023408614099026
