times:
  edit-metadata: 0.4677011901512742
  landing: 0.055084210354834795
  view-data: 0.19414951698854566
