times:
  edit-metadata: 1.4672096827998757
  landing: 0.20770331472158432
  view-data: 0.024856189265847206
