times:
  edit-metadata: 1.4464502930641174
  landing: 0.028052661567926407
  view-data: 0.026810714974999428
