times:
  edit-metadata: 0.7618954936042428
  landing: 0.05004930589348078
  view-data: 0.2115175281651318
