times:
  edit-metadata: 0.7204901990480721
  landing: 0.07450200291350484
  view-data: 0.20888947928324342
