times:
  edit-metadata: 0.47749884612858295
  landing: 0.052822038531303406
  view-data: 0.19305005483329296
