times:
  edit-metadata: 1.5309274946339428
  landing: 0.7883822759613395
  view-data: 3.336559141986072
