times:
  edit-metadata: 1.3614801447838545
  landing: 0.021381840109825134
  view-data: 0.025724926963448524
