times:
  edit-metadata: 1.3818879593163729
  landing: 0.16764206625521183
  view-data: 0.46007351763546467
