times:
  edit-metadata: 1.595462467521429
  landing: 0.14829294197261333
  view-data: 0.26056705601513386
