times:
  edit-metadata: 0.4079204872250557
  landing: 0.05590326711535454
  view-data: 0.18890585750341415
