times:
  edit-metadata: 0.48190488999534864
  landing: 0.051992497996252496
  view-data: 0.21410479600308463
