times:
  edit-metadata: 0.40972012281417847
  landing: 0.05288056284189224
  view-data: 0.19720754772424698
