times:
  edit-metadata: 0.5262324010254815
  landing: 0.04973154398612678
  view-data: 0.2127026889938861
