times:
  edit-metadata: 0.5519805708900094
  landing: 0.09663550509139895
  view-data: 0.30390352802351117
