times:
  edit-metadata: 1.326659888960421
  landing: 0.02099667116999626
  view-data: 0.026793192140758038
