times:
  edit-metadata: 0.5442034155130386
  landing: 0.05085906758904457
  view-data: 0.18928272277116776
