times:
  edit-metadata: 0.638290286064148
  landing: 0.05593702523037791
  view-data: 0.19118473213165998
