times:
  edit-metadata: 1.7691322369500995
  landing: 0.8350956549402326
  view-data: 3.2949024129193276
