times:
  edit-metadata: 1.9944955734536052
  landing: 1.071836220100522
  view-data: 3.5666559571400285
