times:
  edit-metadata: 1.3103014836087823
  landing: 0.01999441534280777
  view-data: 0.025914140045642853
