times:
  edit-metadata: 1.4062434379011393
  landing: 0.019047759473323822
  view-data: 0.44205221720039845
