times:
  edit-metadata: 1.3521180850220844
  landing: 0.3015460859751329
  view-data: 0.3019358969759196
