times:
  edit-metadata: 1.5679565779864788
  landing: 0.21721472404897213
  view-data: 0.02423749677836895
