times:
  edit-metadata: 0.40536029799841344
  landing: 0.07531880203168839
  view-data: 0.21077626291662455
