times:
  edit-metadata: 0.5445392000037828
  landing: 0.05910794599913061
  view-data: 0.1978636169951642
