times:
  edit-metadata: 1.324102671816945
  landing: 0.1426748875528574
  view-data: 0.02421838976442814
