times:
  edit-metadata: 0.4861279148608446
  landing: 0.057969359681010246
  view-data: 0.20279859472066164
