times:
  edit-metadata: 0.39979009702801704
  landing: 0.05881953984498978
  view-data: 0.19381054863333702
