times:
  edit-metadata: 1.4034420568495989
  landing: 0.2006734423339367
  view-data: 0.33610227704048157
