times:
  edit-metadata: 0.43740896997042
  landing: 0.0812339149415493
  view-data: 0.20564829208888113
