times:
  edit-metadata: 1.4009726084768772
  landing: 0.7700009793043137
  view-data: 3.3357513146474957
