times:
  edit-metadata: 0.6301208680961281
  landing: 0.05801544105634093
  view-data: 0.18712187092751265
