times:
  edit-metadata: 1.3545926306396723
  landing: 0.21715827845036983
  view-data: 0.3531819172203541
