times:
  edit-metadata: 0.46097087021917105
  landing: 0.04622719017788768
  view-data: 0.19827032694593072
