times:
  edit-metadata: 0.4181143157184124
  landing: 0.04994248226284981
  view-data: 0.1878223456442356
