times:
  edit-metadata: 1.4513814591336995
  landing: 0.8195451751817018
  view-data: 3.661926164990291
