times:
  edit-metadata: 0.47680630162358284
  landing: 0.05203016009181738
  view-data: 0.20035763550549746
