times:
  edit-metadata: 1.5812543854117393
  landing: 0.7896809540688992
  view-data: 3.4215666502714157
