times:
  edit-metadata: 0.5000748643651605
  landing: 0.05543739767745137
  view-data: 0.20545659866183996
