times:
  edit-metadata: 1.5608776020817459
  landing: 0.7900765282101929
  view-data: 3.3044723966158926
