times:
  edit-metadata: 0.6429072269820608
  landing: 0.04883411497576162
  view-data: 0.19694786402396858
