times:
  edit-metadata: 1.4917799700051546
  landing: 0.73993595095817
  view-data: 3.3360128439962864
