times:
  edit-metadata: 1.3119768630713224
  landing: 0.17704876139760017
  view-data: 0.026898233219981194
