times:
  edit-metadata: 1.2962306383997202
  landing: 0.11367155145853758
  view-data: 0.3707177918404341
