times:
  edit-metadata: 0.4607951086945832
  landing: 0.04620757093653083
  view-data: 0.19908717833459377
