times:
  edit-metadata: 0.42158066597767174
  landing: 0.0681703221052885
  view-data: 0.20757209206931293
