times:
  edit-metadata: 1.4776601400226355
  landing: 0.020766127854585648
  view-data: 0.11895300634205341
