times:
  edit-metadata: 0.6180971842259169
  landing: 0.05621764110401273
  view-data: 0.1932331840507686
