times:
  edit-metadata: 0.47074389876797795
  landing: 0.05386018194258213
  view-data: 0.21128490520641208
