times:
  edit-metadata: 0.6508016729494557
  landing: 0.049628536915406585
  view-data: 0.1961820600554347
