times:
  edit-metadata: 1.3483231719583273
  landing: 0.02135235071182251
  view-data: 0.3699238020926714
