times:
  edit-metadata: 0.6171402218751609
  landing: 0.053746632765978575
  view-data: 0.19036423368379474
