times:
  edit-metadata: 0.6108951512724161
  landing: 0.059971782844513655
  view-data: 0.19620552100241184
