times:
  edit-metadata: 0.6248170351609588
  landing: 0.052828222047537565
  view-data: 0.19448838708922267
