times:
  edit-metadata: 0.49456607690081
  landing: 0.054663363844156265
  view-data: 0.20515165803954005
