times:
  edit-metadata: 0.5192992328666151
  landing: 0.05238833697512746
  view-data: 0.3373781596310437
