times:
  edit-metadata: 1.5013873856514692
  landing: 0.01963678002357483
  view-data: 0.02547306753695011
