times:
  edit-metadata: 1.4241111343726516
  landing: 0.6955162277445197
  view-data: 3.353653292171657
