times:
  edit-metadata: 0.6085021489998326
  landing: 0.05405950010754168
  view-data: 0.19562879297882318
