times:
  edit-metadata: 0.4857205990701914
  landing: 0.050712320022284985
  view-data: 0.2056981362402439
