times:
  edit-metadata: 0.40594229474663734
  landing: 0.059152182191610336
  view-data: 0.19007647037506104
