times:
  edit-metadata: 1.60848704027012
  landing: 0.8148137973621488
  view-data: 3.3804857078939676
