times:
  edit-metadata: 0.463299083057791
  landing: 0.055078302044421434
  view-data: 0.1907131802290678
