times:
  edit-metadata: 0.6356270429678261
  landing: 0.05302321305498481
  view-data: 0.19741683697793633
