times:
  edit-metadata: 1.4114904841408134
  landing: 0.02011860255151987
  view-data: 0.4440515926107764
