times:
  edit-metadata: 0.42228333419188857
  landing: 0.050061048939824104
  view-data: 0.20555864507332444
