times:
  edit-metadata: 0.5134424902498722
  landing: 0.0497945137321949
  view-data: 0.20481302961707115
