times:
  edit-metadata: 0.39517070399597287
  landing: 0.07516130100702867
  view-data: 0.20693229301832616
