times:
  edit-metadata: 1.5866712781134993
  landing: 0.8136520178522915
  view-data: 3.397570766042918
