times:
  edit-metadata: 0.4548629210330546
  landing: 0.05243617296218872
  view-data: 0.19225495401769876
