times:
  edit-metadata: 0.43529413104988635
  landing: 0.06391169806011021
  view-data: 0.1973132099956274
