times:
  edit-metadata: 1.3165678475052118
  landing: 0.019752644933760166
  view-data: 0.09754033759236336
