times:
  edit-metadata: 1.3006428061053157
  landing: 0.026244083419442177
  view-data: 0.12243976071476936
