times:
  edit-metadata: 1.4072807766497135
  landing: 0.12983586639165878
  view-data: 0.3577484618872404
