times:
  edit-metadata: 0.46644800482317805
  landing: 0.053751060739159584
  view-data: 0.20325196301564574
