times:
  edit-metadata: 0.4890173408202827
  landing: 0.06225089402869344
  view-data: 0.30121434200555086
