times:
  edit-metadata: 0.6169091599294916
  landing: 0.053327133995480835
  view-data: 0.1974794960115105
