times:
  edit-metadata: 0.5234674520033877
  landing: 0.08981669301283546
  view-data: 0.2425959529937245
