times:
  edit-metadata: 0.6223859037272632
  landing: 0.050672100856900215
  view-data: 0.1954266200773418
