times:
  edit-metadata: 0.482423203997314
  landing: 0.05684894137084484
  view-data: 0.2037267843261361
