times:
  edit-metadata: 1.388112150132656
  landing: 0.12607495673000813
  view-data: 0.12266233749687672
