times:
  edit-metadata: 0.38802121207118034
  landing: 0.04803546890616417
  view-data: 0.18882007151842117
