times:
  edit-metadata: 0.5074502071365714
  landing: 0.057808492332696915
  view-data: 0.21690988820046186
