times:
  edit-metadata: 0.6467822780832648
  landing: 0.04787077894434333
  view-data: 0.19218761404044926
