times:
  edit-metadata: 1.5697821760550141
  landing: 0.8553563610184938
  view-data: 3.389497113181278
