times:
  edit-metadata: 1.4905638694763184
  landing: 0.7997777927666903
  view-data: 3.393772369250655
