times:
  edit-metadata: 1.413042807020247
  landing: 0.11196414288133383
  view-data: 0.15977486409246922
