times:
  edit-metadata: 0.4994386130711064
  landing: 0.053124089958146214
  view-data: 0.21130003803409636
