times:
  edit-metadata: 0.41870052996091545
  landing: 0.07523003383539617
  view-data: 0.20701195811852813
