times:
  edit-metadata: 1.2851721365004778
  landing: 0.1271722298115492
  view-data: 0.31547161005437374
