times:
  edit-metadata: 0.4168663779855706
  landing: 0.07249827700434253
  view-data: 0.19888380100019276
