times:
  edit-metadata: 1.4131133677437901
  landing: 0.1991729997098446
  view-data: 0.41683098766952753
