times:
  edit-metadata: 0.40600913763046265
  landing: 0.06310535967350006
  view-data: 0.18777655065059662
