times:
  edit-metadata: 1.3414823282510042
  landing: 0.021920625120401382
  view-data: 0.16102605871856213
