times:
  edit-metadata: 0.4821357917971909
  landing: 0.05504046380519867
  view-data: 0.18782229628413916
