times:
  edit-metadata: 0.4051191322505474
  landing: 0.05967782810330391
  view-data: 0.19274042919278145
