times:
  edit-metadata: 0.4870128151960671
  landing: 0.053402382880449295
  view-data: 0.21960597671568394
