times:
  edit-metadata: 1.5233583003282547
  landing: 0.022624680772423744
  view-data: 0.028034033253788948
