times:
  edit-metadata: 0.39036109298467636
  landing: 0.05412982776761055
  view-data: 0.19256093725562096
