times:
  edit-metadata: 0.4114646699745208
  landing: 0.06284994800807908
  view-data: 0.1994056889670901
