times:
  edit-metadata: 1.3975746147334576
  landing: 0.13169665075838566
  view-data: 0.02723144181072712
