times:
  edit-metadata: 1.354299133643508
  landing: 0.02067506220191717
  view-data: 0.027368971146643162
