times:
  edit-metadata: 1.4337328635156155
  landing: 0.12066801078617573
  view-data: 0.1407190002501011
