times:
  edit-metadata: 2.3329215990379453
  landing: 1.028042420744896
  view-data: 3.481897029094398
