times:
  edit-metadata: 1.296184373088181
  landing: 0.021649731323122978
  view-data: 0.025705491192638874
