times:
  edit-metadata: 1.4042585249990225
  landing: 0.7758845314383507
  view-data: 3.2774340165778995
