times:
  edit-metadata: 1.5599550530314445
  landing: 0.8283473160117865
  view-data: 3.407795485109091
