times:
  edit-metadata: 1.3785184193402529
  landing: 0.11993848066776991
  view-data: 0.027299159206449986
