times:
  edit-metadata: 1.4471528083086014
  landing: 0.02106013149023056
  view-data: 0.12079834658652544
