times:
  edit-metadata: 1.3350256904959679
  landing: 0.2401644540950656
  view-data: 0.023955298587679863
