times:
  edit-metadata: 1.3444638941437006
  landing: 0.019401779398322105
  view-data: 0.02385316602885723
