times:
  edit-metadata: 0.39890528802061453
  landing: 0.04867065901635215
  view-data: 0.3457305249758065
