times:
  edit-metadata: 0.41602190490812063
  landing: 0.07310015906114131
  view-data: 0.20386261004023254
