times:
  edit-metadata: 1.398763982579112
  landing: 0.021817280910909176
  view-data: 0.02671551238745451
