times:
  edit-metadata: 0.4105534669943154
  landing: 0.08734181500039995
  view-data: 0.2376862051896751
