times:
  edit-metadata: 0.6793554800096899
  landing: 0.0574054759927094
  view-data: 0.23943341500125825
