times:
  edit-metadata: 0.6512213819660246
  landing: 0.056564351078122854
  view-data: 0.19748242804780602
