times:
  edit-metadata: 1.456848225556314
  landing: 0.02134776394814253
  view-data: 0.1175505481660366
