times:
  edit-metadata: 0.4182332359487191
  landing: 0.0753589270170778
  view-data: 0.20678996993228793
