times:
  edit-metadata: 0.5856415182352066
  landing: 0.06086013000458479
  view-data: 0.1841515484265983
