times:
  edit-metadata: 2.4548068335279822
  landing: 1.3904429711401463
  view-data: 3.5816647773608565
