times:
  edit-metadata: 0.6393443942070007
  landing: 0.05088929599151015
  view-data: 0.19811295298859477
