times:
  edit-metadata: 1.315637106075883
  landing: 0.021124963648617268
  view-data: 0.12570662517100573
