times:
  edit-metadata: 0.6372832041233778
  landing: 0.06083494704216719
  view-data: 0.18801381811499596
