times:
  edit-metadata: 1.3413528194651008
  landing: 0.02150128223001957
  view-data: 0.12331431545317173
