times:
  edit-metadata: 1.2982287146151066
  landing: 0.2063325671479106
  view-data: 0.11786555778235197
