times:
  edit-metadata: 1.4966510720551014
  landing: 0.30174999311566353
  view-data: 0.3408574555069208
