times:
  edit-metadata: 0.4352572180214338
  landing: 0.07700305100297555
  view-data: 0.22234691499033943
