times:
  edit-metadata: 0.3790416233241558
  landing: 0.055675406008958817
  view-data: 0.196558378636837
