times:
  edit-metadata: 0.617081226897426
  landing: 0.060163008980453014
  view-data: 0.18602085299789906
