times:
  edit-metadata: 1.4146522004157305
  landing: 0.024570323526859283
  view-data: 0.4349155966192484
