times:
  edit-metadata: 0.6076429858803749
  landing: 0.05733287334442139
  view-data: 0.18080563936382532
