times:
  edit-metadata: 1.8565398431383073
  landing: 0.9576357677578926
  view-data: 3.4392561679705977
