times:
  edit-metadata: 0.6169433398172259
  landing: 0.05401570303365588
  view-data: 0.19709195476025343
