times:
  edit-metadata: 0.5627719745971262
  landing: 0.04618510603904724
  view-data: 0.2080366718582809
