times:
  edit-metadata: 1.4340089429169893
  landing: 0.04298526234924793
  view-data: 0.055932505056262016
