times:
  edit-metadata: 0.465526734944433
  landing: 0.05192345008254051
  view-data: 0.19161141198128462
