times:
  edit-metadata: 0.39448568504303694
  landing: 0.08146773197222501
  view-data: 0.2113861299585551
