times:
  edit-metadata: 1.2875680904835463
  landing: 0.22817483358085155
  view-data: 0.024345790967345238
