times:
  edit-metadata: 1.3726659435778856
  landing: 0.02067243680357933
  view-data: 0.026163868606090546
