times:
  edit-metadata: 0.5821174867451191
  landing: 0.05704985558986664
  view-data: 0.19301501661539078
