times:
  edit-metadata: 0.4811151140020229
  landing: 0.05493339599343017
  view-data: 0.22465897403890267
