times:
  edit-metadata: 3.637418232858181
  landing: 0.1345398034900427
  view-data: 0.05428152717649937
