times:
  edit-metadata: 0.4919744092039764
  landing: 0.04880649596452713
  view-data: 0.20270803198218346
