times:
  edit-metadata: 0.4876391119323671
  landing: 0.10436989506706595
  view-data: 0.2891666009090841
