times:
  edit-metadata: 1.2793346252292395
  landing: 0.10694588907063007
  view-data: 0.02616841346025467
