times:
  edit-metadata: 1.3457756470888853
  landing: 0.022943692281842232
  view-data: 0.024969725869596004
