times:
  edit-metadata: 0.6852066549472511
  landing: 0.04988880502060056
  view-data: 0.20783901633694768
