times:
  edit-metadata: 0.4670198110397905
  landing: 0.10565905401017517
  view-data: 0.26673044997733086
