times:
  edit-metadata: 1.3929895153269172
  landing: 0.025835317559540272
  view-data: 0.026517321355640888
