times:
  edit-metadata: 1.4406475918367505
  landing: 0.020589596591889858
  view-data: 0.027476615272462368
