times:
  edit-metadata: 1.3913386957719922
  landing: 0.020691356621682644
  view-data: 0.1206057695671916
