times:
  edit-metadata: 0.4164082631468773
  landing: 0.04814055189490318
  view-data: 0.19668880477547646
