times:
  edit-metadata: 1.3665037527680397
  landing: 0.020695446990430355
  view-data: 0.025366198271512985
