times:
  edit-metadata: 0.6342774349614047
  landing: 0.054573423985857517
  view-data: 0.19879763101926073
