times:
  edit-metadata: 0.5957402160856873
  landing: 0.04995372681878507
  view-data: 0.18770036892965436
