times:
  edit-metadata: 0.6316079427488148
  landing: 0.056509293150156736
  view-data: 0.19123595394194126
