times:
  edit-metadata: 0.4167313352227211
  landing: 0.05253987014293671
  view-data: 0.18788374587893486
