times:
  edit-metadata: 1.3987914621829987
  landing: 0.12327917665243149
  view-data: 0.3390469327569008
