times:
  edit-metadata: 0.47624168917536736
  landing: 0.051499014254659414
  view-data: 0.20485952822491527
