times:
  edit-metadata: 1.483477554982528
  landing: 0.719490755116567
  view-data: 3.3442673650570214
