times:
  edit-metadata: 1.3687811195850372
  landing: 0.1274921726435423
  view-data: 0.029035134240984917
