times:
  edit-metadata: 0.4586092187091708
  landing: 0.04669343587011099
  view-data: 0.18987521715462208
