times:
  edit-metadata: 0.4788366025313735
  landing: 0.04792708903551102
  view-data: 0.20895725209265947
