times:
  edit-metadata: 1.4097428666427732
  landing: 0.20714582782238722
  view-data: 0.0991555331274867
