times:
  edit-metadata: 0.48735424503684044
  landing: 0.04427344910800457
  view-data: 0.20182573609054089
