times:
  edit-metadata: 0.6249486207962036
  landing: 0.055667960084974766
  view-data: 0.18216785206459463
