times:
  edit-metadata: 0.3998488150537014
  landing: 0.04903603345155716
  view-data: 0.19366154074668884
