times:
  edit-metadata: 0.6540471618063748
  landing: 0.052831211127340794
  view-data: 0.19448893005028367
