times:
  edit-metadata: 1.8082831054925919
  landing: 0.21554175205528736
  view-data: 0.027354437857866287
