times:
  edit-metadata: 0.6109249310102314
  landing: 0.05976870283484459
  view-data: 0.1705581429414451
