times:
  edit-metadata: 1.482905896846205
  landing: 0.8322232118807733
  view-data: 3.3473128098994493
