times:
  edit-metadata: 1.604528279043734
  landing: 1.026212627068162
  view-data: 3.35836767219007
