times:
  edit-metadata: 0.7545554739772342
  landing: 0.08263103995705023
  view-data: 0.2332047700183466
