times:
  edit-metadata: 1.4185223802924156
  landing: 0.7197258714586496
  view-data: 3.294866899959743
