times:
  edit-metadata: 0.6326173670095159
  landing: 0.04935618500167038
  view-data: 0.1928510930010816
