times:
  edit-metadata: 0.46367142209783196
  landing: 0.05544194998219609
  view-data: 0.20185011811554432
