times:
  edit-metadata: 1.5643670205026865
  landing: 0.28883582912385464
  view-data: 0.3281392343342304
