times:
  edit-metadata: 1.4007010832428932
  landing: 0.8002111539244652
  view-data: 3.531510718166828
