times:
  edit-metadata: 1.4562611356377602
  landing: 0.8267831988632679
  view-data: 3.33907987549901
