times:
  edit-metadata: 1.4176211580634117
  landing: 0.7928362265229225
  view-data: 3.304403692483902
