times:
  edit-metadata: 1.3756336867809296
  landing: 0.8210849612951279
  view-data: 3.4652831479907036
