times:
  edit-metadata: 1.407876156270504
  landing: 0.7982139885425568
  view-data: 3.580096125602722
