times:
  edit-metadata: 1.429584190249443
  landing: 0.730716735124588
  view-data: 3.5673275217413902
