times:
  edit-metadata: 1.430481769144535
  landing: 0.8140167705714703
  view-data: 3.271565765142441
