times:
  edit-metadata: 2.09392461553216
  landing: 0.9279551655054092
  view-data: 3.724994719028473
