times:
  edit-metadata: 1.4020673222839832
  landing: 0.8014680780470371
  view-data: 3.2931619957089424
