times:
  edit-metadata: 1.439194519072771
  landing: 0.8553570546209812
  view-data: 3.428118459880352
