times:
  edit-metadata: 1.5834048725664616
  landing: 0.9406269043684006
  view-data: 3.342417050153017
