times:
  edit-metadata: 1.3836153596639633
  landing: 0.8072244003415108
  view-data: 3.48668522387743
