times:
  edit-metadata: 1.5149973034858704
  landing: 0.8955639228224754
  view-data: 3.3229962810873985
