times:
  edit-metadata: 1.4676448777318
  landing: 0.7599434405565262
  view-data: 3.5287180319428444
