times:
  edit-metadata: 1.8441384881734848
  landing: 0.9999269582331181
  view-data: 3.4081566743552685
