times:
  edit-metadata: 1.4338194653391838
  landing: 0.8735028617084026
  view-data: 3.3062560856342316
