times:
  edit-metadata: 1.4773972667753696
  landing: 0.7848535478115082
  view-data: 3.374852456152439
