times:
  edit-metadata: 1.5134885013103485
  landing: 0.7652046233415604
  view-data: 3.547651395201683
