times:
  edit-metadata: 1.3410367630422115
  landing: 0.7905554249882698
  view-data: 3.3230751305818558
