times:
  edit-metadata: 1.5869071669876575
  landing: 0.9834452755749226
  view-data: 3.627137828618288
