times:
  edit-metadata: 1.4364115968346596
  landing: 1.175167940557003
  view-data: 3.560425139963627
