times:
  edit-metadata: 1.4243519008159637
  landing: 0.9363580644130707
  view-data: 3.2915778644382954
