times:
  edit-metadata: 1.4114298820495605
  landing: 0.9735343009233475
  view-data: 0.5511960908770561
