times:
  edit-metadata: 1.410219706594944
  landing: 0.7988236397504807
  view-data: 3.5370850935578346
