times:
  edit-metadata: 1.5799904987215996
  landing: 1.0385452583432198
  view-data: 3.36718050763011
