times:
  edit-metadata: 1.4724884033203125
  landing: 0.8380619585514069
  view-data: 3.531166836619377
