times:
  edit-metadata: 1.5040722414851189
  landing: 0.884025264531374
  view-data: 3.2971780598163605
