times:
  edit-metadata: 1.5759172700345516
  landing: 0.9988473877310753
  view-data: 3.4093493409454823
