times:
  edit-metadata: 2.1340230628848076
  landing: 1.162958487868309
  view-data: 3.4850551187992096
