times:
  edit-metadata: 1.431351087987423
  landing: 0.7961498275399208
  view-data: 3.5379881858825684
