times:
  edit-metadata: 1.557478904724121
  landing: 1.0036137774586678
  view-data: 3.315332666039467
