times:
  edit-metadata: 1.3905411697924137
  landing: 0.9545754492282867
  view-data: 3.395177334547043
