times:
  edit-metadata: 1.3246948197484016
  landing: 0.7472547963261604
  view-data: 3.3776814341545105
