times:
  edit-metadata: 1.534874975681305
  landing: 0.8205274865031242
  view-data: 3.4070539698004723
