times:
  edit-metadata: 1.398480985313654
  landing: 0.8082896508276463
  view-data: 3.2651418894529343
