times:
  edit-metadata: 1.7357597351074219
  landing: 1.2347515970468521
  view-data: 3.3632940240204334
