times:
  edit-metadata: 2.7362486496567726
  landing: 1.6730776205658913
  view-data: 4.052299648523331
