times:
  edit-metadata: 1.4638121500611305
  landing: 0.9655005298554897
  view-data: 3.3206394985318184
