times:
  edit-metadata: 1.346747975796461
  landing: 0.8274767100811005
  view-data: 3.366804465651512
