times:
  edit-metadata: 1.3562705963850021
  landing: 0.8103445395827293
  view-data: 3.461137667298317
