times:
  edit-metadata: 2.2928036004304886
  landing: 1.189541295170784
  view-data: 3.4184028282761574
