times:
  edit-metadata: 1.4856889992952347
  landing: 0.832263894379139
  view-data: 3.5354726538062096
