times:
  edit-metadata: 1.3615542575716972
  landing: 0.7881361469626427
  view-data: 3.4887995570898056
