times:
  edit-metadata: 1.5049176551401615
  landing: 0.9661735221743584
  view-data: 3.2803102508187294
