times:
  edit-metadata: 1.8098423182964325
  landing: 1.3198414109647274
  view-data: 3.4842609763145447
