times:
  edit-metadata: 1.36676786839962
  landing: 0.852080937474966
  view-data: 3.3356548584997654
