times:
  edit-metadata: 1.5647730976343155
  landing: 0.8843373358249664
  view-data: 3.496392644941807
