times:
  edit-metadata: 1.4004595130681992
  landing: 0.7526751607656479
  view-data: 3.4123433977365494
