times:
  edit-metadata: 1.461975783109665
  landing: 0.959383025765419
  view-data: 3.46353866904974
