times:
  edit-metadata: 1.517604760825634
  landing: 0.8975784480571747
  view-data: 3.4005365893244743
