times:
  edit-metadata: 1.9085002541542053
  landing: 1.4725484736263752
  view-data: 3.7600247226655483
