times:
  edit-metadata: 1.4316023662686348
  landing: 0.7418071404099464
  view-data: 3.348694533109665
