times:
  edit-metadata: 1.4647234678268433
  landing: 0.8374464511871338
  view-data: 3.2886172458529472
