times:
  edit-metadata: 1.405487135052681
  landing: 0.7692637294530869
  view-data: 3.4130483865737915
