times:
  edit-metadata: 1.4209780618548393
  landing: 0.7486933469772339
  view-data: 3.5641822665929794
