times:
  edit-metadata: 1.4412292763590813
  landing: 0.8015262633562088
  view-data: 3.503427043557167
