times:
  edit-metadata: 1.444789633154869
  landing: 0.7652166038751602
  view-data: 3.4241585955023766
