times:
  edit-metadata: 1.4951408579945564
  landing: 0.8663680851459503
  view-data: 3.361638627946377
