times:
  edit-metadata: 1.404800422489643
  landing: 0.8035898581147194
  view-data: 3.4066021889448166
