times:
  edit-metadata: 1.4864913672208786
  landing: 0.9122155643999577
  view-data: 3.35734798386693
