times:
  edit-metadata: 1.5192402005195618
  landing: 0.767289012670517
  view-data: 3.44293924421072
