times:
  edit-metadata: 1.3869005478918552
  landing: 0.8446701541543007
  view-data: 3.2824223041534424
