times:
  edit-metadata: 1.4629606902599335
  landing: 0.8089590072631836
  view-data: 3.648308627307415
