times:
  edit-metadata: 1.404024213552475
  landing: 0.8042281419038773
  view-data: 3.4161823391914368
