times:
  edit-metadata: 2.3317202627658844
  landing: 1.3077232614159584
  view-data: 3.6246086582541466
