times:
  edit-metadata: 2.6489440202713013
  landing: 1.6013335511088371
  view-data: 3.9142133444547653
