times:
  edit-metadata: 1.3962832167744637
  landing: 0.7769703567028046
  view-data: 3.5021308586001396
