times:
  edit-metadata: 1.4575388431549072
  landing: 0.8351954221725464
  view-data: 3.294285371899605
