times:
  edit-metadata: 1.3889276087284088
  landing: 0.8731394186615944
  view-data: 3.4626703038811684
