times:
  edit-metadata: 1.4240903593599796
  landing: 0.8446840271353722
  view-data: 3.309821240603924
