times:
  edit-metadata: 1.3674758225679398
  landing: 0.7432559356093407
  view-data: 3.531940743327141
