times:
  edit-metadata: 1.480214923620224
  landing: 0.8428160771727562
  view-data: 3.500022605061531
