times:
  edit-metadata: 1.411471776664257
  landing: 0.8780867643654346
  view-data: 3.3842506036162376
