times:
  edit-metadata: 1.925990454852581
  landing: 1.1216339096426964
  view-data: 3.5097256898880005
