times:
  edit-metadata: 1.456052552908659
  landing: 0.8850562311708927
  view-data: 3.331179805099964
