times:
  edit-metadata: 1.8810125961899757
  landing: 1.1801270842552185
  view-data: 3.729817382991314
