times:
  edit-metadata: 1.5260909646749496
  landing: 1.054524302482605
  view-data: 3.9332142397761345
