times:
  edit-metadata: 1.4881052449345589
  landing: 1.0570769309997559
  view-data: 3.5748331993818283
