times:
  edit-metadata: 1.381037563085556
  landing: 0.8612727746367455
  view-data: 3.291955079883337
