times:
  edit-metadata: 1.4292128682136536
  landing: 0.7491415068507195
  view-data: 3.3541423454880714
