times:
  edit-metadata: 1.5048059113323689
  landing: 0.8952695615589619
  view-data: 3.3094138726592064
