times:
  edit-metadata: 1.4944876432418823
  landing: 0.9555348977446556
  view-data: 3.372448157519102
