times:
  edit-metadata: 1.439356204122305
  landing: 0.9402396455407143
  view-data: 3.290559146553278
