times:
  edit-metadata: 1.47199297696352
  landing: 0.8118550404906273
  view-data: 3.5531172081828117
