times:
  edit-metadata: 1.3901241272687912
  landing: 0.8218168690800667
  view-data: 3.459591217339039
