times:
  edit-metadata: 1.3949462473392487
  landing: 1.0192858427762985
  view-data: 3.4440961331129074
