times:
  edit-metadata: 1.442595362663269
  landing: 0.810468528419733
  view-data: 3.2853476740419865
