times:
  edit-metadata: 1.4325748905539513
  landing: 0.9501929618418217
  view-data: 3.305033091455698
