times:
  edit-metadata: 1.5772030726075172
  landing: 1.0402988716959953
  view-data: 3.848663240671158
