times:
  edit-metadata: 1.5085951276123524
  landing: 0.8115540370345116
  view-data: 3.3043705858290195
