times:
  edit-metadata: 1.9761261567473412
  landing: 0.936563678085804
  view-data: 3.733790747821331
