times:
  edit-metadata: 2.080661967396736
  landing: 1.3722164705395699
  view-data: 3.6514283195137978
