times:
  edit-metadata: 1.5217959210276604
  landing: 0.7396544143557549
  view-data: 3.388492815196514
