times:
  edit-metadata: 1.8294770643115044
  landing: 1.302315466105938
  view-data: 3.3225967586040497
