times:
  edit-metadata: 2.360833276063204
  landing: 0.9865872673690319
  view-data: 3.3677252680063248
