times:
  edit-metadata: 1.5013933628797531
  landing: 0.8905599340796471
  view-data: 3.29014939814806
