times:
  edit-metadata: 1.512474812567234
  landing: 0.7178889811038971
  view-data: 3.50875024497509
