times:
  edit-metadata: 1.412998914718628
  landing: 0.7893856018781662
  view-data: 3.4916664585471153
