times:
  edit-metadata: 1.6819010451436043
  landing: 0.9189526364207268
  view-data: 3.2969012558460236
