times:
  edit-metadata: 1.4801411926746368
  landing: 0.8201999291777611
  view-data: 3.4503765925765038
