times:
  edit-metadata: 1.3856527879834175
  landing: 0.7212580442428589
  view-data: 3.5165741741657257
