times:
  edit-metadata: 1.4622449949383736
  landing: 0.7612228393554688
  view-data: 3.2889081090688705
