times:
  edit-metadata: 1.3329890631139278
  landing: 0.827879898250103
  view-data: 3.28548663854599
