times:
  edit-metadata: 1.4235950633883476
  landing: 0.8014446049928665
  view-data: 3.5569474175572395
