times:
  edit-metadata: 1.4958193376660347
  landing: 0.8853220790624619
  view-data: 0.5921794325113297
