times:
  edit-metadata: 1.4501213058829308
  landing: 0.7918838709592819
  view-data: 3.493346966803074
