times:
  edit-metadata: 1.236155278980732
  landing: 0.7669730931520462
  view-data: 3.421550616621971
