times:
  edit-metadata: 1.29678226262331
  landing: 0.800789050757885
  view-data: 3.429947428405285
