times:
  edit-metadata: 1.4828485175967216
  landing: 0.9296588376164436
  view-data: 3.3540335446596146
