times:
  edit-metadata: 1.3993877060711384
  landing: 0.8562611490488052
  view-data: 3.4024856351315975
