times:
  edit-metadata: 1.4100572913885117
  landing: 0.8347628563642502
  view-data: 3.3242620900273323
