times:
  edit-metadata: 1.4045704007148743
  landing: 0.8362742364406586
  view-data: 3.5312062203884125
