times:
  edit-metadata: 1.4318632297217846
  landing: 0.7866974771022797
  view-data: 3.31957233697176
