times:
  edit-metadata: 1.6619941107928753
  landing: 0.875243429094553
  view-data: 3.3317989334464073
