times:
  edit-metadata: 1.425425037741661
  landing: 0.8106118850409985
  view-data: 3.3317081592977047
