times:
  edit-metadata: 1.3503413125872612
  landing: 0.7878948897123337
  view-data: 3.287276104092598
