times:
  edit-metadata: 1.3979358673095703
  landing: 0.8177085220813751
  view-data: 3.2513261027634144
