times:
  edit-metadata: 1.4673570394515991
  landing: 0.8610677532851696
  view-data: 3.366044919937849
