times:
  edit-metadata: 1.4836734011769295
  landing: 0.7693956941366196
  view-data: 3.3190487548708916
