times:
  edit-metadata: 2.2362754866480827
  landing: 1.6878104880452156
  view-data: 3.6278341934084892
