times:
  edit-metadata: 1.3222455605864525
  landing: 0.8146472573280334
  view-data: 3.3177656307816505
