times:
  edit-metadata: 1.3950664922595024
  landing: 0.7812972217798233
  view-data: 3.526467025279999
