times:
  edit-metadata: 1.4914776161313057
  landing: 0.8574324995279312
  view-data: 3.2991721965372562
