times:
  edit-metadata: 1.3916902244091034
  landing: 1.0091066658496857
  view-data: 3.4458521008491516
