times:
  edit-metadata: 1.4975771568715572
  landing: 1.0169030018150806
  view-data: 3.3460507057607174
