times:
  edit-metadata: 1.4173854738473892
  landing: 0.734393835067749
  view-data: 3.4999922290444374
