times:
  edit-metadata: 2.2894016541540623
  landing: 1.4343867748975754
  view-data: 3.289172872900963
