times:
  edit-metadata: 1.8896209746599197
  landing: 1.3439391776919365
  view-data: 4.174589470028877
