times:
  edit-metadata: 1.3858728483319283
  landing: 0.7426958084106445
  view-data: 3.498719021677971
