times:
  edit-metadata: 1.4417799673974514
  landing: 0.7955845296382904
  view-data: 3.251743096858263
