times:
  edit-metadata: 1.4152777940034866
  landing: 0.7908923029899597
  view-data: 3.5239235907793045
