times:
  edit-metadata: 1.434155896306038
  landing: 0.798656277358532
  view-data: 3.409606881439686
