times:
  edit-metadata: 1.496109515428543
  landing: 0.8227696418762207
  view-data: 3.273211769759655
