times:
  edit-metadata: 1.4992570877075195
  landing: 0.7839899212121964
  view-data: 3.3743313997983932
