times:
  edit-metadata: 1.58098753541708
  landing: 0.8535022027790546
  view-data: 3.2924230992794037
