times:
  edit-metadata: 1.3859010338783264
  landing: 0.8169218078255653
  view-data: 3.2772475481033325
