times:
  edit-metadata: 1.4146598428487778
  landing: 0.8040888383984566
  view-data: 3.515783302485943
