times:
  edit-metadata: 1.4834654480218887
  landing: 1.0620041638612747
  view-data: 3.3502266705036163
