times:
  edit-metadata: 1.4154124893248081
  landing: 0.9356223605573177
  view-data: 3.327444903552532
