times:
  edit-metadata: 1.4131439551711082
  landing: 0.8246906697750092
  view-data: 3.3783485293388367
