times:
  edit-metadata: 1.3837428838014603
  landing: 0.7996106967329979
  view-data: 3.5299381092190742
