times:
  edit-metadata: 1.4184828996658325
  landing: 0.8561794236302376
  view-data: 3.4534632340073586
