times:
  edit-metadata: 1.4342969506978989
  landing: 0.7589732781052589
  view-data: 3.3219606652855873
