times:
  edit-metadata: 1.5892179645597935
  landing: 0.8578652888536453
  view-data: 3.4033746793866158
