times:
  edit-metadata: 1.3981594555079937
  landing: 0.850715022534132
  view-data: 3.3874191120266914
