times:
  edit-metadata: 1.4502131789922714
  landing: 0.7916833609342575
  view-data: 3.507922939956188
