times:
  edit-metadata: 1.9534398168325424
  landing: 1.360934842377901
  view-data: 3.405414581298828
