times:
  edit-metadata: 1.5736238807439804
  landing: 0.8681808523833752
  view-data: 3.37332521751523
