times:
  edit-metadata: 1.3675175234675407
  landing: 0.9065482094883919
  view-data: 3.5522407963871956
