times:
  edit-metadata: 1.382913164794445
  landing: 0.7549907490611076
  view-data: 3.563908949494362
