times:
  edit-metadata: 1.3786048479378223
  landing: 0.8286644332110882
  view-data: 3.3426045402884483
