times:
  edit-metadata: 1.4940216839313507
  landing: 0.905981719493866
  view-data: 3.574738249182701
