times:
  edit-metadata: 1.4029532670974731
  landing: 0.8041477426886559
  view-data: 3.5647762566804886
