times:
  edit-metadata: 1.491814374923706
  landing: 1.0318097546696663
  view-data: 3.386684812605381
