times:
  edit-metadata: 1.3178081028163433
  landing: 0.8530006557703018
  view-data: 3.3071662858128548
