times:
  edit-metadata: 1.3802826181054115
  landing: 0.7977402359247208
  view-data: 3.5638648569583893
