times:
  edit-metadata: 1.4985182620584965
  landing: 0.9460375607013702
  view-data: 3.279082093387842
