times:
  edit-metadata: 1.4713371424004436
  landing: 0.9289452563971281
  view-data: 0.7693845015019178
