times:
  edit-metadata: 1.358834058046341
  landing: 0.9049861021339893
  view-data: 3.2655625231564045
