times:
  edit-metadata: 1.9220173545181751
  landing: 1.1120432987809181
  view-data: 3.3204735927283764
