times:
  edit-metadata: 1.5566920600831509
  landing: 0.833917835727334
  view-data: 0.6177035477012396
