times:
  edit-metadata: 1.5343941189348698
  landing: 0.9220314398407936
  view-data: 3.400880564004183
