times:
  edit-metadata: 1.8983721807599068
  landing: 1.19990498945117
  view-data: 3.377971664071083
