times:
  edit-metadata: 1.5329958349466324
  landing: 0.8825639709830284
  view-data: 0.6285589337348938
