times:
  edit-metadata: 2.2203522231429815
  landing: 1.4882442401722074
  view-data: 3.5239194482564926
