times:
  edit-metadata: 1.491659414023161
  landing: 0.935156486928463
  view-data: 0.6143172523006797
