times:
  edit-metadata: 1.5117783062160015
  landing: 0.9933711439371109
  view-data: 3.4175393730401993
