times:
  edit-metadata: 1.9933257950469851
  landing: 1.6872092336416245
  view-data: 3.496860579121858
