times:
  edit-metadata: 1.386324742808938
  landing: 1.0892932368442416
  view-data: 0.551260738633573
