times:
  edit-metadata: 1.4534351862967014
  landing: 1.125972617417574
  view-data: 3.2623204588890076
