times:
  edit-metadata: 1.5236526019871235
  landing: 0.8594458978623152
  view-data: 3.402550706639886
