times:
  edit-metadata: 1.6506482288241386
  landing: 1.1085330210626125
  view-data: 3.3363999500870705
