times:
  edit-metadata: 2.2886918261647224
  landing: 1.9296622388064861
  view-data: 3.634401813149452
