times:
  edit-metadata: 1.4396775215864182
  landing: 0.8722536489367485
  view-data: 3.2536361292004585
