times:
  edit-metadata: 1.6193741895258427
  landing: 0.9127225577831268
  view-data: 3.4527055229991674
