times:
  edit-metadata: 1.5290051959455013
  landing: 0.9901857525110245
  view-data: 3.3734817765653133
