times:
  edit-metadata: 1.498788020806387
  landing: 0.9283585669472814
  view-data: 3.395341823110357
