times:
  edit-metadata: 1.6061603333801031
  landing: 0.999750442802906
  view-data: 3.4575575292110443
