times:
  edit-metadata: 1.4804737716913223
  landing: 0.9322308376431465
  view-data: 3.4158402923494577
