times:
  edit-metadata: 1.3683609794825315
  landing: 0.9451523078605533
  view-data: 0.5655741924419999
