times:
  edit-metadata: 1.6791272796690464
  landing: 0.98591223731637
  view-data: 3.4407940693199635
