times:
  edit-metadata: 2.0823344718664885
  landing: 4.894584642723203
  view-data: 3.4438649881631136
