times:
  edit-metadata: 1.5315168723464012
  landing: 1.073186956346035
  view-data: 3.355472456663847
