times:
  edit-metadata: 1.4712464632466435
  landing: 0.9515000432729721
  view-data: 3.3913250416517258
