times:
  edit-metadata: 1.9457194320857525
  landing: 1.2367183212190866
  view-data: 0.8654497172683477
