times:
  edit-metadata: 1.5301346089690924
  landing: 0.7756994105875492
  view-data: 0.7083532325923443
