times:
  edit-metadata: 1.364708692068234
  landing: 0.8111488379072398
  view-data: 3.4065599809400737
