times:
  edit-metadata: 1.6384122632443905
  landing: 0.9689226448535919
  view-data: 3.4456987977027893
