times:
  edit-metadata: 1.5545451119542122
  landing: 0.8289199136197567
  view-data: 3.365679232403636
