times:
  edit-metadata: 1.6379884146153927
  landing: 1.0453449860215187
  view-data: 3.4441525153815746
