times:
  edit-metadata: 1.5330192781984806
  landing: 0.7918905112892389
  view-data: 0.6217494122684002
