times:
  edit-metadata: 1.765936465933919
  landing: 1.2108494639396667
  view-data: 0.6058494821190834
