times:
  edit-metadata: 1.4425313547253609
  landing: 0.8399219177663326
  view-data: 3.338782850652933
