times:
  edit-metadata: 2.0259526818990707
  landing: 1.0603798069059849
  view-data: 3.317525804042816
