times:
  edit-metadata: 1.388602253049612
  landing: 0.8489757440984249
  view-data: 3.372397274710238
