times:
  edit-metadata: 1.4799629524350166
  landing: 0.8822247628122568
  view-data: 3.3851364348083735
