times:
  edit-metadata: 1.3961602612398565
  landing: 0.87212685495615
  view-data: 0.7028484651818871
