times:
  edit-metadata: 1.537449974566698
  landing: 1.0952371396124363
  view-data: 3.4987911842763424
