times:
  edit-metadata: 1.6183129996061325
  landing: 0.9444842748343945
  view-data: 3.2838492952287197
