times:
  edit-metadata: 2.262367445975542
  landing: 1.2956390492618084
  view-data: 3.38017351180315
