times:
  edit-metadata: 1.3692069640383124
  landing: 0.9141355818137527
  view-data: 3.2676494230981916
