times:
  edit-metadata: 1.7612640503793955
  landing: 1.1150098964571953
  view-data: 0.5899654068052769
