times:
  edit-metadata: 2.6592317186295986
  landing: 1.4974010474979877
  view-data: 3.803170807659626
