times:
  edit-metadata: 1.418231210205704
  landing: 0.9266119098756462
  view-data: 0.47615685989148915
