times:
  edit-metadata: 1.4109921613708138
  landing: 0.9135750876739621
  view-data: 3.3468695925548673
