times:
  edit-metadata: 1.654057927429676
  landing: 1.0327221602201462
  view-data: 3.388545051217079
