times:
  edit-metadata: 1.7236262019723654
  landing: 0.8769962154328823
  view-data: 0.6505819614976645
