times:
  edit-metadata: 1.7680258192121983
  landing: 1.455174706876278
  view-data: 3.3629258796572685
