times:
  edit-metadata: 1.4201079308986664
  landing: 0.9188674464821815
  view-data: 3.3228962123394012
