times:
  edit-metadata: 1.723849704489112
  landing: 1.07242894731462
  view-data: 0.5618922412395477
