times:
  edit-metadata: 1.397739983163774
  landing: 0.8350333794951439
  view-data: 0.5627750027924776
