times:
  edit-metadata: 1.3892805203795433
  landing: 0.8216386511921883
  view-data: 3.3066939003765583
