times:
  edit-metadata: 1.3097763871774077
  landing: 0.8180108433589339
  view-data: 0.5326182562857866
