times:
  edit-metadata: 1.6064144182018936
  landing: 0.9544138461351395
  view-data: 0.5911650988273323
