times:
  edit-metadata: 1.8301770817488432
  landing: 0.9556549889966846
  view-data: 0.785550557076931
