times:
  edit-metadata: 1.442394926212728
  landing: 0.9362797602079809
  view-data: 0.7678195927292109
