times:
  edit-metadata: 1.394778374582529
  landing: 0.9816931076347828
  view-data: 3.30200819298625
