times:
  edit-metadata: 2.6673384718596935
  landing: 1.502417590469122
  view-data: 3.7900532223284245
