times:
  edit-metadata: 2.3212654376402497
  landing: 1.2962182210758328
  view-data: 3.351147680543363
