times:
  edit-metadata: 1.532662095502019
  landing: 0.9358802419155836
  view-data: 3.8072302266955376
