times:
  edit-metadata: 1.4220003075897694
  landing: 1.0454302914440632
  view-data: 3.445294674485922
