times:
  edit-metadata: 1.6040310896933079
  landing: 0.9206136651337147
  view-data: 3.409318257123232
