times:
  edit-metadata: 1.3968818502034992
  landing: 0.8671900480985641
  view-data: 3.2934532139915973
