times:
  edit-metadata: 1.5723018161952496
  landing: 1.0578241162002087
  view-data: 3.3937841057777405
