times:
  edit-metadata: 1.9919021874666214
  landing: 1.409407828003168
  view-data: 3.5526968836784363
