times:
  edit-metadata: 1.6491425447165966
  landing: 0.9239742793142796
  view-data: 0.7624666001647711
