times:
  edit-metadata: 1.7409555912017822
  landing: 0.8258573431521654
  view-data: 0.6655620858073235
