times:
  edit-metadata: 1.537722485139966
  landing: 1.0687907114624977
  view-data: 0.7144807847216725
