times:
  edit-metadata: 1.60122950701043
  landing: 0.9757548630004749
  view-data: 3.3356474889442325
