times:
  edit-metadata: 1.5056153908371925
  landing: 0.9444642914459109
  view-data: 3.334408755414188
