times:
  edit-metadata: 1.4002263993024826
  landing: 1.0193188041448593
  view-data: 3.319413412362337
