times:
  edit-metadata: 1.40425356477499
  landing: 0.976749625056982
  view-data: 3.3357103168964386
