times:
  edit-metadata: 1.733701752498746
  landing: 1.2531865164637566
  view-data: 3.4625347200781107
