times:
  edit-metadata: 1.366034859791398
  landing: 0.7934598200954497
  view-data: 3.3689912790432572
