times:
  edit-metadata: 1.3208327959291637
  landing: 0.8174304929561913
  view-data: 3.352386106038466
