times:
  edit-metadata: 1.4987791050225496
  landing: 0.8354744594544172
  view-data: 0.5901006460189819
