times:
  edit-metadata: 1.8958056382834911
  landing: 1.1543972082436085
  view-data: 3.3972285576164722
