times:
  edit-metadata: 1.5042524114251137
  landing: 1.0000522881746292
  view-data: 0.6006991611793637
