times:
  edit-metadata: 1.5535206161439419
  landing: 0.9034410249441862
  view-data: 0.7007206324487925
