times:
  edit-metadata: 1.4571518935263157
  landing: 0.9119135178625584
  view-data: 3.368617817759514
