times:
  edit-metadata: 1.4028283804655075
  landing: 0.850250193849206
  view-data: 3.364707326516509
