times:
  edit-metadata: 1.5282830782234669
  landing: 0.840244684368372
  view-data: 3.3726643584668636
