times:
  edit-metadata: 1.551216572523117
  landing: 1.0106643289327621
  view-data: 3.4130501076579094
