times:
  edit-metadata: 1.376416846876964
  landing: 0.8854013469535857
  view-data: 3.3150782610755414
