times:
  edit-metadata: 1.4683074168860912
  landing: 1.017643466591835
  view-data: 3.335973758250475
