times:
  edit-metadata: 1.470333281904459
  landing: 0.9661617986857891
  view-data: 3.3565297797322273
