times:
  edit-metadata: 1.6400022418238223
  landing: 1.2145486222580075
  view-data: 3.3843545666895807
