times:
  edit-metadata: 1.7208128161728382
  landing: 1.082218611612916
  view-data: 3.380782278254628
