times:
  edit-metadata: 1.4944966733455658
  landing: 0.8395941220223904
  view-data: 0.5756504572927952
