times:
  edit-metadata: 1.582272124942392
  landing: 1.2068269602023065
  view-data: 0.5543401287868619
