times:
  edit-metadata: 1.4656544337049127
  landing: 0.9391458630561829
  view-data: 3.346610015258193
