times:
  edit-metadata: 1.412839924916625
  landing: 0.8315999461337924
  view-data: 3.372201810590923
