times:
  edit-metadata: 1.545513415709138
  landing: 0.9035271387547255
  view-data: 3.400738211348653
