times:
  edit-metadata: 1.7427867203950882
  landing: 1.0022774748504162
  view-data: 3.3945684749633074
