times:
  edit-metadata: 1.5136068277060986
  landing: 0.9096289426088333
  view-data: 3.396029617637396
