times:
  edit-metadata: 1.7914709821343422
  landing: 1.33674206584692
  view-data: 3.333053208887577
