times:
  edit-metadata: 1.4811818152666092
  landing: 1.1760874204337597
  view-data: 3.3848037645220757
