times:
  edit-metadata: 1.7473153993487358
  landing: 0.8512367401272058
  view-data: 0.5905857905745506
