times:
  edit-metadata: 1.5097731593996286
  landing: 0.8783830031752586
  view-data: 3.383811376988888
