times:
  edit-metadata: 1.5417626481503248
  landing: 0.9436279572546482
  view-data: 3.3608625568449497
