times:
  edit-metadata: 1.6035277396440506
  landing: 1.1422136425971985
  view-data: 3.3864461965858936
