times:
  edit-metadata: 1.4543373552151024
  landing: 0.8332454450428486
  view-data: 3.3411142909899354
