times:
  edit-metadata: 1.5556884855031967
  landing: 1.0402709282934666
  view-data: 0.5308989277109504
