times:
  edit-metadata: 1.531826563179493
  landing: 0.8367565702646971
  view-data: 0.577748978510499
