times:
  edit-metadata: 1.3650789270177484
  landing: 0.9416429195553064
  view-data: 3.346995333209634
