times:
  edit-metadata: 1.6753693697974086
  landing: 1.0768011650070548
  view-data: 0.5555959856137633
