times:
  edit-metadata: 1.454486321657896
  landing: 0.9189632944762707
  view-data: 3.3508106879889965
