times:
  edit-metadata: 1.5290531958453357
  landing: 1.0178332258947194
  view-data: 0.6234171520918608
