times:
  edit-metadata: 2.773546352982521
  landing: 1.7904105205088854
  view-data: 3.5917785950005054
