times:
  edit-metadata: 1.525563777424395
  landing: 0.9235326806083322
  view-data: 3.397060338407755
