times:
  edit-metadata: 1.5370931588113308
  landing: 0.8478197641670704
  view-data: 3.355119965970516
