times:
  edit-metadata: 3.0151058547198772
  landing: 1.1699792016297579
  view-data: 3.869684198871255
