times:
  edit-metadata: 1.9025268964469433
  landing: 1.2677348852157593
  view-data: 3.458573281764984
