times:
  edit-metadata: 1.34566967561841
  landing: 0.9084193147718906
  view-data: 3.3512599617242813
