times:
  edit-metadata: 1.5437563993036747
  landing: 0.8300393261015415
  view-data: 3.360677480697632
