times:
  edit-metadata: 2.35357553511858
  landing: 1.3853050507605076
  view-data: 3.368034392595291
