times:
  edit-metadata: 1.5423479489982128
  landing: 1.020702688023448
  view-data: 0.6401185002177954
