times:
  edit-metadata: 1.8120340704917908
  landing: 1.107211746275425
  view-data: 3.456872522830963
