times:
  edit-metadata: 1.6523901764303446
  landing: 1.0236668810248375
  view-data: 0.8146904557943344
