times:
  edit-metadata: 1.6018398366868496
  landing: 2.4575410187244415
  view-data: 3.353459022939205
