times:
  edit-metadata: 1.403994757682085
  landing: 0.8151610866189003
  view-data: 0.5482126772403717
