times:
  edit-metadata: 1.5566424280405045
  landing: 0.9116328544914722
  view-data: 3.416852183640003
