times:
  edit-metadata: 1.5500126276165247
  landing: 0.8245097156614065
  view-data: 0.5567328184843063
