times:
  edit-metadata: 1.64007549546659
  landing: 0.9180546086281538
  view-data: 0.6604126077145338
