times:
  edit-metadata: 1.5510016418993473
  landing: 1.0287333950400352
  view-data: 3.39534293115139
