times:
  edit-metadata: 1.5077235624194145
  landing: 0.9883309416472912
  view-data: 3.446057315915823
