times:
  edit-metadata: 1.2086147079826333
  landing: 0.20731791597791016
  view-data: 0.24648421996971592
