times:
  edit-metadata: 1.4668070003390312
  landing: 1.0711439438164234
  view-data: 3.360919114202261
