times:
  edit-metadata: 1.7189637143164873
  landing: 0.9303321316838264
  view-data: 3.3758545853197575
