times:
  edit-metadata: 1.3256340569350868
  landing: 0.974878367036581
  view-data: 3.3849336529383436
