times:
  edit-metadata: 1.5605026483535767
  landing: 0.8936650156974792
  view-data: 3.3779648914933205
