times:
  edit-metadata: 1.5328754670917988
  landing: 0.8849189393222332
  view-data: 3.3633045107126236
