times:
  edit-metadata: 1.9551098318770528
  landing: 1.005372735671699
  view-data: 3.4630962191149592
