times:
  edit-metadata: 1.6616182420402765
  landing: 0.9325584955513477
  view-data: 3.3727219086140394
