times:
  edit-metadata: 1.5347486026585102
  landing: 1.0131384655833244
  view-data: 3.4368134774267673
