times:
  edit-metadata: 1.5322973169386387
  landing: 0.8690190818160772
  view-data: 0.6411196384578943
