times:
  edit-metadata: 1.7525383494794369
  landing: 1.0801271460950375
  view-data: 3.4744247645139694
