times:
  edit-metadata: 1.499041274189949
  landing: 1.071196673437953
  view-data: 3.4414504673331976
