times:
  edit-metadata: 1.507953679189086
  landing: 0.9333169125020504
  view-data: 3.3669327031821012
