times:
  edit-metadata: 1.3649523071944714
  landing: 0.8411241304129362
  view-data: 3.3390529807657003
