times:
  edit-metadata: 1.7432803963311017
  landing: 1.1994724301621318
  view-data: 0.6638515912927687
