times:
  edit-metadata: 1.4929473176598549
  landing: 1.0741661041975021
  view-data: 4.044721029698849
