times:
  edit-metadata: 1.578914176672697
  landing: 0.9589231945574284
  view-data: 3.376410134136677
