times:
  edit-metadata: 1.5272002723067999
  landing: 0.8449041359126568
  view-data: 3.3928722627460957
