times:
  edit-metadata: 1.5609476882964373
  landing: 1.0402291528880596
  view-data: 3.4186209943145514
