times:
  edit-metadata: 1.500713150948286
  landing: 1.0471497476100922
  view-data: 3.3555539920926094
