times:
  edit-metadata: 1.3756090519018471
  landing: 0.8722135778516531
  view-data: 3.386219789739698
