times:
  edit-metadata: 1.7886343710124493
  landing: 1.0975218559615314
  view-data: 3.426166426157579
