times:
  edit-metadata: 1.6388039514422417
  landing: 0.8793357107788324
  view-data: 3.3877495899796486
