times:
  edit-metadata: 1.7097602225840092
  landing: 1.02913274243474
  view-data: 3.3673988468945026
