times:
  edit-metadata: 2.205195978283882
  landing: 1.2019055783748627
  view-data: 3.4810902290046215
