times:
  edit-metadata: 1.6123184720054269
  landing: 1.0038580223917961
  view-data: 3.3120302110910416
