times:
  edit-metadata: 1.5078010726720095
  landing: 0.8588997442275286
  view-data: 3.4135727174580097
