times:
  edit-metadata: 2.014827687293291
  landing: 1.345689870417118
  view-data: 3.5040654838085175
