times:
  edit-metadata: 1.839584607630968
  landing: 1.1360853612422943
  view-data: 3.3603861555457115
