times:
  edit-metadata: 1.6246738731861115
  landing: 0.7579356916248798
  view-data: 3.282289296388626
