times:
  edit-metadata: 1.5198715440928936
  landing: 0.9787062220275402
  view-data: 3.3335242941975594
