times:
  edit-metadata: 1.5384952798485756
  landing: 0.8615781404078007
  view-data: 0.6659617256373167
