times:
  edit-metadata: 1.478012565523386
  landing: 0.9576445845887065
  view-data: 3.394655095413327
