times:
  edit-metadata: 1.4769513569772243
  landing: 0.9348707180470228
  view-data: 3.42133722640574
