times:
  edit-metadata: 1.5464572794735432
  landing: 0.856792863458395
  view-data: 3.398822471499443
