times:
  edit-metadata: 1.521424415986985
  landing: 0.9160278900526464
  view-data: 3.3791963323019445
