times:
  edit-metadata: 1.5446164067834616
  landing: 1.0143811739981174
  view-data: 3.3755807653069496
