times:
  edit-metadata: 1.4009954230859876
  landing: 0.9347421149723232
  view-data: 3.3908138410188258
