times:
  edit-metadata: 1.5428573787212372
  landing: 0.8089706487953663
  view-data: 3.392644215375185
