times:
  edit-metadata: 1.4770440156571567
  landing: 0.9995043091475964
  view-data: 3.276951418723911
