times:
  edit-metadata: 1.5249229306355119
  landing: 1.0042181368917227
  view-data: 0.5891579343006015
