times:
  edit-metadata: 1.4117523219902068
  landing: 0.8313868748955429
  view-data: 3.3046341669978574
