times:
  edit-metadata: 1.5003275265917182
  landing: 0.9789637867361307
  view-data: 0.6020740484818816
