times:
  edit-metadata: 1.8174678348004818
  landing: 1.11019342020154
  view-data: 3.388271253556013
