times:
  edit-metadata: 1.460856031626463
  landing: 0.8482187204062939
  view-data: 3.411069706082344
