times:
  edit-metadata: 1.4553950428962708
  landing: 0.9165720585733652
  view-data: 3.421005744487047
