times:
  edit-metadata: 1.631042467430234
  landing: 0.9359686989337206
  view-data: 0.6766551733016968
