times:
  edit-metadata: 1.470410294830799
  landing: 1.0680302567780018
  view-data: 3.327322229743004
