times:
  edit-metadata: 2.511526162736118
  landing: 1.191860138438642
  view-data: 0.6653926018625498
