times:
  edit-metadata: 2.0668211271986365
  landing: 1.1828189827501774
  view-data: 3.3514886889606714
