times:
  edit-metadata: 1.4898606687784195
  landing: 1.0466013438999653
  view-data: 3.3264366798102856
