times:
  edit-metadata: 1.544621156528592
  landing: 1.0098896846175194
  view-data: 3.351181136444211
