times:
  edit-metadata: 1.5147534124553204
  landing: 0.8457567654550076
  view-data: 3.403296258300543
