times:
  edit-metadata: 1.543638901785016
  landing: 0.8525772262364626
  view-data: 0.6560016516596079
