times:
  edit-metadata: 1.4213925004005432
  landing: 0.9106365703046322
  view-data: 0.6478251311928034
