times:
  edit-metadata: 1.7110579870641232
  landing: 0.9411309957504272
  view-data: 3.3899085745215416
