times:
  edit-metadata: 1.5509377606213093
  landing: 0.8424596041440964
  view-data: 3.3827686682343483
