times:
  edit-metadata: 1.5225918963551521
  landing: 0.9898158870637417
  view-data: 3.446299996227026
