times:
  edit-metadata: 1.5316034685820341
  landing: 1.0265122335404158
  view-data: 3.4772494547069073
