times:
  edit-metadata: 1.5511122569441795
  landing: 0.8588270768523216
  view-data: 0.6118375565856695
