times:
  edit-metadata: 1.4713514018803835
  landing: 0.8629528526216745
  view-data: 3.326038768514991
