times:
  edit-metadata: 1.4972006529569626
  landing: 1.1569902412593365
  view-data: 0.7368319891393185
