times:
  edit-metadata: 1.603429950773716
  landing: 1.0143400058150291
  view-data: 3.334046382457018
