times:
  edit-metadata: 1.6017446126788855
  landing: 0.9432584680616856
  view-data: 3.4113264828920364
