times:
  edit-metadata: 1.3992341528646648
  landing: 0.8893265565857291
  view-data: 0.5766238020732999
