times:
  edit-metadata: 2.0443694069981575
  landing: 1.1216531619429588
  view-data: 3.898102141916752
