times:
  edit-metadata: 1.3953631951007992
  landing: 0.8999286900507286
  view-data: 3.3238277590135112
