times:
  edit-metadata: 1.3900038488209248
  landing: 0.7738312780857086
  view-data: 3.3222087286412716
