times:
  edit-metadata: 1.5549399964511395
  landing: 0.9219889715313911
  view-data: 3.4264472015202045
