times:
  edit-metadata: 1.5920477882027626
  landing: 1.14569091796875
  view-data: 3.444483954459429
