times:
  edit-metadata: 1.384758124127984
  landing: 0.9482037853449583
  view-data: 3.3823662120848894
