times:
  edit-metadata: 1.5572962127625942
  landing: 0.8576767705380917
  view-data: 0.6392411328852177
