times:
  edit-metadata: 2.5994834136217833
  landing: 1.4246481843292713
  view-data: 3.6521913185715675
