times:
  edit-metadata: 1.4530791528522968
  landing: 1.1179324556142092
  view-data: 3.3226498663425446
