times:
  edit-metadata: 1.5311479941010475
  landing: 0.8208226505666971
  view-data: 3.380903944373131
