times:
  edit-metadata: 1.523642398416996
  landing: 0.8416669927537441
  view-data: 3.379187425598502
