times:
  edit-metadata: 1.4056958399014547
  landing: 0.8273853290593252
  view-data: 3.327918344992213
