times:
  edit-metadata: 1.400648927781731
  landing: 0.9030605470761657
  view-data: 0.577551185619086
