times:
  edit-metadata: 1.652711644768715
  landing: 0.9876518920063972
  view-data: 3.481642320752144
