times:
  edit-metadata: 2.1664521731436253
  landing: 1.4052062891423702
  view-data: 3.519472062587738
