times:
  edit-metadata: 1.7239520121365786
  landing: 0.9527392275631428
  view-data: 3.5022553876042366
