times:
  edit-metadata: 1.5098235877230763
  landing: 1.0363595811650157
  view-data: 0.6021718932315707
