times:
  edit-metadata: 1.4690529312938452
  landing: 0.8751360680907965
  view-data: 0.5782840494066477
