times:
  edit-metadata: 1.3712584637105465
  landing: 0.9510555090382695
  view-data: 3.3818885385990143
