times:
  edit-metadata: 1.8753509670495987
  landing: 1.0724381655454636
  view-data: 3.331042867153883
