times:
  edit-metadata: 1.532359790056944
  landing: 0.993214089423418
  view-data: 3.3103520087897778
