times:
  edit-metadata: 1.4313361528329551
  landing: 0.8455480351112783
  view-data: 3.3651971449144185
