times:
  edit-metadata: 1.5574635677039623
  landing: 0.9866322129964828
  view-data: 3.400729026645422
