times:
  edit-metadata: 2.3168271370232105
  landing: 1.427946973592043
  view-data: 3.4136918783187866
