times:
  edit-metadata: 1.6510041318833828
  landing: 1.073439722880721
  view-data: 0.6506138481199741
