times:
  edit-metadata: 1.5184482987970114
  landing: 0.8187969718128443
  view-data: 3.7062316797673702
