times:
  edit-metadata: 1.5428404286503792
  landing: 0.9053293112665415
  view-data: 3.464637180790305
