times:
  edit-metadata: 1.488311449997127
  landing: 0.8861516658216715
  view-data: 0.7533185305073857
