times:
  edit-metadata: 1.4388055969029665
  landing: 0.9538482315838337
  view-data: 0.6041837614029646
