times:
  edit-metadata: 1.5127516891807318
  landing: 0.9144844561815262
  view-data: 0.6903007496148348
