times:
  edit-metadata: 1.369923016987741
  landing: 0.880223055370152
  view-data: 3.390238919761032
