times:
  edit-metadata: 1.5844646259211004
  landing: 0.9330173109192401
  view-data: 3.346557409968227
