times:
  edit-metadata: 1.519169206963852
  landing: 1.058044034987688
  view-data: 3.393672753009014
