times:
  edit-metadata: 1.5544249769300222
  landing: 0.9654067233204842
  view-data: 3.560610751621425
