times:
  edit-metadata: 1.47285441798158
  landing: 0.9068477798718959
  view-data: 3.3947092751041055
