times:
  edit-metadata: 1.656426228582859
  landing: 1.2634797468781471
  view-data: 3.344761438667774
