times:
  edit-metadata: 1.7352362368255854
  landing: 0.8162387888878584
  view-data: 0.5534546822309494
