times:
  edit-metadata: 1.408561428077519
  landing: 1.1428014803677797
  view-data: 0.6642080843448639
