times:
  edit-metadata: 1.6820546281524003
  landing: 1.1209891862235963
  view-data: 3.3922001253813505
