times:
  edit-metadata: 1.4540677387267351
  landing: 0.8940756125375628
  view-data: 3.399006152525544
