times:
  edit-metadata: 1.4363922160118818
  landing: 0.8467508386820555
  view-data: 3.258723448961973
