times:
  edit-metadata: 1.5096338861621916
  landing: 0.9048734563402832
  view-data: 3.35724177910015
