times:
  edit-metadata: 0.9992505239788443
  landing: 0.06341110705398023
  view-data: 0.2469885260798037
