times:
  edit-metadata: 1.0411238414235413
  landing: 0.0477509880438447
  view-data: 0.24123800173401833
