times:
  edit-metadata: 1.5061963088810444
  landing: 1.020994670689106
  view-data: 3.2916374020278454
