times:
  edit-metadata: 1.6087955720722675
  landing: 1.0107142748311162
  view-data: 3.4392936918884516
