times:
  edit-metadata: 1.518529811874032
  landing: 0.8803906068205833
  view-data: 3.3176433965563774
