times:
  edit-metadata: 2.975255739875138
  landing: 0.41718062199652195
  view-data: 0.19483740162104368
