times:
  edit-metadata: 1.5735662877559662
  landing: 0.912637572735548
  view-data: 3.374191176146269
