times:
  edit-metadata: 2.178113389760256
  landing: 0.2129781525582075
  view-data: 0.3489504810422659
