times:
  edit-metadata: 2.038665830157697
  landing: 0.23592905700206757
  view-data: 0.41652358788996935
