times:
  edit-metadata: 3.469900724478066
  landing: 0.7883410807698965
  view-data: 3.380888294428587
