times:
  edit-metadata: 0.9712405051104724
  landing: 0.042166247963905334
  view-data: 0.3760412510018796
