times:
  edit-metadata: 0.9961940429639071
  landing: 0.0668370749335736
  view-data: 0.24047150905244052
