times:
  edit-metadata: 1.910400664433837
  landing: 0.020207609049975872
  view-data: 0.02319969516247511
