times:
  edit-metadata: 1.3973724348470569
  landing: 0.7937747680116445
  view-data: 3.4466399389784783
