times:
  edit-metadata: 1.9180717570707202
  landing: 0.02184900175780058
  view-data: 0.02610489446669817
