times:
  edit-metadata: 2.127625957131386
  landing: 1.4567319229245186
  view-data: 3.4212261997163296
