times:
  edit-metadata: 1.5076188035309315
  landing: 0.9335965514183044
  view-data: 3.430409364402294
