times:
  edit-metadata: 0.959749205969274
  landing: 0.07924254797399044
  view-data: 0.25042685540392995
