times:
  edit-metadata: 1.8924162834882736
  landing: 0.01902787759900093
  view-data: 0.48394162487238646
