times:
  edit-metadata: 1.0477377899223939
  landing: 0.07836647902149707
  view-data: 0.2528906649677083
