times:
  edit-metadata: 0.973481313965749
  landing: 0.08681758999591693
  view-data: 0.24324235902167857
