times:
  edit-metadata: 1.070012906100601
  landing: 0.06501429993659258
  view-data: 0.2459339271299541
