times:
  edit-metadata: 1.6776046268641949
  landing: 1.0590884238481522
  view-data: 3.397491578012705
