times:
  edit-metadata: 1.557638492435217
  landing: 1.0106866657733917
  view-data: 3.4232730753719807
