times:
  edit-metadata: 1.4843044662848115
  landing: 0.7934890650212765
  view-data: 3.343812962062657
