times:
  edit-metadata: 3.2063194047659636
  landing: 1.9709485992789268
  view-data: 3.626308724284172
