times:
  edit-metadata: 0.9906078919302672
  landing: 0.04752644198015332
  view-data: 0.24340563802979887
