times:
  edit-metadata: 1.4183934889733791
  landing: 0.7673240178264678
  view-data: 3.435049633961171
