times:
  edit-metadata: 1.4135182052850723
  landing: 0.9983459711074829
  view-data: 3.3955365270376205
