times:
  edit-metadata: 1.3170342296361923
  landing: 0.9347335249185562
  view-data: 3.3402086570858955
