times:
  edit-metadata: 2.0251929070800543
  landing: 0.01934141106903553
  view-data: 0.32460008189082146
