times:
  edit-metadata: 2.081535778939724
  landing: 0.020058587193489075
  view-data: 0.023706847801804543
