times:
  edit-metadata: 2.5608892180025578
  landing: 1.6989823058247566
  view-data: 3.36984271928668
