times:
  edit-metadata: 2.1881870571523905
  landing: 0.02087219525128603
  view-data: 0.024986636824905872
