times:
  edit-metadata: 1.5813888683915138
  landing: 0.9048596564680338
  view-data: 3.3765684124082327
