times:
  edit-metadata: 1.5775629399577156
  landing: 0.9521911650663242
  view-data: 3.4526497909100726
