times:
  edit-metadata: 2.0403289515525103
  landing: 0.02107369713485241
  view-data: 0.025168094784021378
