times:
  edit-metadata: 1.5224063657224178
  landing: 6.882801935076714
  view-data: 3.408102560788393
