times:
  edit-metadata: 2.9869694970548153
  landing: 1.5897813625633717
  view-data: 3.443334639072418
