times:
  edit-metadata: 1.7364968843758106
  landing: 1.169294185936451
  view-data: 3.407177411019802
