times:
  edit-metadata: 1.9886932261288166
  landing: 0.021272032521665096
  view-data: 0.02337844017893076
