times:
  edit-metadata: 1.5908352974802256
  landing: 0.8318508639931679
  view-data: 3.4237549658864737
