times:
  edit-metadata: 1.4559962004423141
  landing: 1.027589663863182
  view-data: 3.3834502957761288
