times:
  edit-metadata: 1.5570874102413654
  landing: 1.0801186561584473
  view-data: 3.363224934786558
