times:
  edit-metadata: 1.9414946027100086
  landing: 3.188231997191906
  view-data: 3.311818778514862
