times:
  edit-metadata: 1.5516622848808765
  landing: 0.8212850205600262
  view-data: 3.424845114350319
