times:
  edit-metadata: 1.3591348603367805
  landing: 0.7966087237000465
  view-data: 3.3578694239258766
