times:
  edit-metadata: 1.4681265018880367
  landing: 0.8866238854825497
  view-data: 3.2982158958911896
