times:
  edit-metadata: 1.5635270439088345
  landing: 1.0352235101163387
  view-data: 3.3197047896683216
