times:
  edit-metadata: 1.5348561201244593
  landing: 0.7855113614350557
  view-data: 3.424937764182687
