times:
  edit-metadata: 1.6154433833435178
  landing: 0.8644639169797301
  view-data: 3.331253726966679
