times:
  edit-metadata: 1.6348089160164818
  landing: 0.9494245859095827
  view-data: 3.3247683739755303
