times:
  edit-metadata: 2.1231675799936056
  landing: 0.019457504153251648
  view-data: 0.023319343104958534
