times:
  edit-metadata: 2.4910876974463463
  landing: 0.12471016123890877
  view-data: 0.5572538878768682
