times:
  edit-metadata: 1.9868901930749416
  landing: 0.02023007534444332
  view-data: 0.46147329919040203
