times:
  edit-metadata: 1.0521344580920413
  landing: 0.04848936898633838
  view-data: 0.2513590259477496
