times:
  edit-metadata: 1.5407786294817924
  landing: 1.0168508812785149
  view-data: 3.416280832141638
