times:
  edit-metadata: 2.087956201285124
  landing: 1.2383190467953682
  view-data: 3.425681911408901
