times:
  edit-metadata: 1.4511716552078724
  landing: 7.808976422995329
  view-data: 3.3330152221024036
