times:
  edit-metadata: 2.1345693906769156
  landing: 0.2054779725149274
  view-data: 0.1223248690366745
