times:
  edit-metadata: 1.4232969209551811
  landing: 0.8293018834665418
  view-data: 3.411598738282919
