times:
  edit-metadata: 1.5044322544708848
  landing: 0.881702370941639
  view-data: 3.434356452897191
