times:
  edit-metadata: 1.5826726257801056
  landing: 0.8848319239914417
  view-data: 3.4302750937640667
