times:
  edit-metadata: 1.6725969538092613
  landing: 0.8570494316518307
  view-data: 3.356564950197935
