times:
  edit-metadata: 1.5254020132124424
  landing: 0.9962207712233067
  view-data: 3.467148832976818
