times:
  edit-metadata: 0.9718005799222738
  landing: 0.09905918897129595
  view-data: 0.24342677905224264
