times:
  edit-metadata: 1.1588606151053682
  landing: 0.07746830803807825
  view-data: 0.2432724090758711
