times:
  edit-metadata: 1.3904872871935368
  landing: 0.7723619835451245
  view-data: 3.4049971038475633
