times:
  edit-metadata: 4.009150524623692
  landing: 0.43496315833181143
  view-data: 1.1208407506346703
