times:
  edit-metadata: 1.9479726189747453
  landing: 0.13588889688253403
  view-data: 0.04708658438175917
