times:
  edit-metadata: 1.7233043909072876
  landing: 1.064713530242443
  view-data: 3.358659114688635
