times:
  edit-metadata: 1.4638573830015957
  landing: 0.8864639103412628
  view-data: 3.3761873999610543
