times:
  edit-metadata: 1.9471197929233313
  landing: 0.01957245822995901
  view-data: 0.11917730793356895
