times:
  edit-metadata: 1.9937745407223701
  landing: 0.021580356173217297
  view-data: 0.02802724577486515
