times:
  edit-metadata: 0.9986902200616896
  landing: 0.06357827689498663
  view-data: 0.24151802528649569
