times:
  edit-metadata: 1.4919393248856068
  landing: 1.0560095570981503
  view-data: 3.3315129689872265
