times:
  edit-metadata: 1.4036051593720913
  landing: 0.8840773664414883
  view-data: 3.296222358942032
