times:
  edit-metadata: 1.6186930947005749
  landing: 1.0693068988621235
  view-data: 3.2902541756629944
