times:
  edit-metadata: 1.9249108657240868
  landing: 0.8185777831822634
  view-data: 3.347695179283619
