times:
  edit-metadata: 1.3921241238713264
  landing: 0.9566871412098408
  view-data: 3.3356215693056583
