times:
  edit-metadata: 1.3567473161965609
  landing: 0.8228213679976761
  view-data: 3.381445108912885
