times:
  edit-metadata: 1.8926240364089608
  landing: 0.021874689497053623
  view-data: 0.02548128366470337
