times:
  edit-metadata: 1.6243161335587502
  landing: 1.0012861043214798
  view-data: 3.4459035210311413
