times:
  edit-metadata: 1.3839096501469612
  landing: 0.8270766250789165
  view-data: 3.3192662950605154
