times:
  edit-metadata: 1.8064387571066618
  landing: 1.0388306267559528
  view-data: 3.342960774898529
