times:
  edit-metadata: 2.027912860736251
  landing: 0.17627136036753654
  view-data: 0.02549942582845688
