times:
  edit-metadata: 1.9166268948465586
  landing: 0.020747479982674122
  view-data: 0.09695204440504313
