times:
  edit-metadata: 1.947153925895691
  landing: 0.022425142116844654
  view-data: 0.12209157180041075
