times:
  edit-metadata: 1.5911562889814377
  landing: 0.8432778995484114
  view-data: 3.367669865489006
