times:
  edit-metadata: 1.3794885639799759
  landing: 0.29346934700151905
  view-data: 0.3291431589750573
