times:
  edit-metadata: 1.9470264948904514
  landing: 0.021915262565016747
  view-data: 0.027682644315063953
