times:
  edit-metadata: 1.9708634736016393
  landing: 0.021266097202897072
  view-data: 0.11771134193986654
