times:
  edit-metadata: 2.2630569338798523
  landing: 1.5203820653259754
  view-data: 3.447029534727335
