times:
  edit-metadata: 1.927868938073516
  landing: 0.019918114878237247
  view-data: 0.41613689716905355
