times:
  edit-metadata: 1.3044222581665963
  landing: 0.8645585319027305
  view-data: 3.3822197529952973
