times:
  edit-metadata: 1.3705401723273098
  landing: 0.8224363527260721
  view-data: 3.365492321085185
