times:
  edit-metadata: 1.5316962022334337
  landing: 0.8206451442092657
  view-data: 3.3859631158411503
