times:
  edit-metadata: 1.4090435658581555
  landing: 0.05409398628398776
  view-data: 0.4931859071366489
