times:
  edit-metadata: 1.5508776102215052
  landing: 0.8570196609944105
  view-data: 3.432861965149641
