times:
  edit-metadata: 1.577755443751812
  landing: 0.9181387256830931
  view-data: 3.4258822221308947
