times:
  edit-metadata: 1.5661111008375883
  landing: 0.8823865819722414
  view-data: 3.364263318479061
