times:
  edit-metadata: 0.9638698000926524
  landing: 0.09511688398197293
  view-data: 0.23690007510595024
