times:
  edit-metadata: 1.6095414012670517
  landing: 1.0668772906064987
  view-data: 3.29866960644722
