times:
  edit-metadata: 1.2238615900278091
  landing: 0.04718175483867526
  view-data: 0.24345362884923816
