times:
  edit-metadata: 1.5734941996634007
  landing: 0.9516228437423706
  view-data: 3.4006370827555656
