times:
  edit-metadata: 2.089775623753667
  landing: 0.14329088758677244
  view-data: 0.3929021405056119
