times:
  edit-metadata: 0.9898815038613975
  landing: 0.05995561880990863
  view-data: 0.2399639158975333
