times:
  edit-metadata: 1.5393160339444876
  landing: 0.7815697640180588
  view-data: 3.3995966240763664
