times:
  edit-metadata: 1.0117484929505736
  landing: 0.06998462206684053
  view-data: 0.36796576296910644
