times:
  edit-metadata: 1.0730681670829654
  landing: 0.04348698596004397
  view-data: 0.2373287749942392
