times:
  edit-metadata: 1.4947793129831553
  landing: 0.7605513036251068
  view-data: 3.3186130356043577
