times:
  edit-metadata: 2.056941408663988
  landing: 1.176187839359045
  view-data: 3.523142922669649
