times:
  edit-metadata: 2.861768703907728
  landing: 1.4951467495411634
  view-data: 3.682448474690318
