times:
  edit-metadata: 1.6393401455134153
  landing: 0.9897686811164021
  view-data: 3.3381476486101747
