times:
  edit-metadata: 1.949002598412335
  landing: 0.022367914207279682
  view-data: 0.024509181268513203
