times:
  edit-metadata: 2.2895092759281397
  landing: 0.15595563128590584
  view-data: 0.3238032106310129
