times:
  edit-metadata: 1.4017922808416188
  landing: 0.06056306976824999
  view-data: 0.3666545036248863
