times:
  edit-metadata: 2.059599695727229
  landing: 0.1421395968645811
  view-data: 0.3006053902208805
