times:
  edit-metadata: 1.6170276291668415
  landing: 1.004519496113062
  view-data: 3.3343381509184837
