times:
  edit-metadata: 2.354901919141412
  landing: 1.4815289806574583
  view-data: 3.4007766656577587
