times:
  edit-metadata: 2.1211207937449217
  landing: 0.023445749655365944
  view-data: 0.023316148668527603
