times:
  edit-metadata: 1.3666584305465221
  landing: 1.3353035636246204
  view-data: 3.3217094130814075
