times:
  edit-metadata: 0.9829147108830512
  landing: 0.07393093500286341
  view-data: 0.24201760906726122
