times:
  edit-metadata: 2.227224763482809
  landing: 0.04693966917693615
  view-data: 0.026433514431118965
