times:
  edit-metadata: 1.966477888636291
  landing: 0.02174468617886305
  view-data: 0.10134410299360752
