times:
  edit-metadata: 1.4806090742349625
  landing: 0.8187857735902071
  view-data: 3.384209491312504
