times:
  edit-metadata: 2.2425197921693325
  landing: 1.43330767005682
  view-data: 3.558088231831789
