times:
  edit-metadata: 1.3592075263150036
  landing: 0.8646003738977015
  view-data: 3.3771204743534327
