times:
  edit-metadata: 2.6973114535212517
  landing: 1.5480293445289135
  view-data: 3.5412255860865116
