times:
  edit-metadata: 0.9797206129878759
  landing: 0.06760480883531272
  view-data: 0.2543419480789453
