times:
  edit-metadata: 0.9959243630000856
  landing: 0.06347452200043335
  view-data: 0.2394513179997375
