times:
  edit-metadata: 1.563660016283393
  landing: 0.8550614546984434
  view-data: 3.370437625795603
