times:
  edit-metadata: 1.009924165904522
  landing: 0.06994015094824135
  view-data: 0.2477805968374014
