times:
  edit-metadata: 1.9926898377016187
  landing: 0.1665966147556901
  view-data: 0.39921090099960566
