times:
  edit-metadata: 1.0575275670271367
  landing: 0.04213446204084903
  view-data: 0.2612855590414256
