times:
  edit-metadata: 0.9871406010352075
  landing: 0.050642279093153775
  view-data: 0.24155283102300018
