times:
  edit-metadata: 1.0039669759571552
  landing: 0.0753135490231216
  view-data: 0.24058148195035756
