times:
  edit-metadata: 1.0713227920932695
  landing: 0.05900811601895839
  view-data: 0.2578182570869103
