times:
  edit-metadata: 1.9112193584442139
  landing: 0.020722541958093643
  view-data: 0.2647533630952239
