times:
  edit-metadata: 1.5540043227374554
  landing: 0.8205328546464443
  view-data: 3.369361311197281
