times:
  edit-metadata: 1.352830994874239
  landing: 0.8327246606349945
  view-data: 3.294972810894251
