times:
  edit-metadata: 1.3113830648362637
  landing: 0.8275639750063419
  view-data: 3.3565508387982845
