times:
  edit-metadata: 1.979098666459322
  landing: 0.019623996689915657
  view-data: 0.12113059125840664
