times:
  edit-metadata: 1.517648734152317
  landing: 0.8723026495426893
  view-data: 3.4019472617655993
