times:
  edit-metadata: 0.9821871740277857
  landing: 0.09738666797056794
  view-data: 0.24170353508088738
