times:
  edit-metadata: 2.2095247264951468
  landing: 0.02373005822300911
  view-data: 0.14627033472061157
