times:
  edit-metadata: 2.1365470374003053
  landing: 0.020651306957006454
  view-data: 0.025047295726835728
