times:
  edit-metadata: 2.1271823160350323
  landing: 0.022697502747178078
  view-data: 0.14996831119060516
