times:
  edit-metadata: 1.0444582267664373
  landing: 0.04367905482649803
  view-data: 0.2441614419221878
