times:
  edit-metadata: 1.4331962382420897
  landing: 0.8178162453696132
  view-data: 3.2899502776563168
