times:
  edit-metadata: 2.021286278963089
  landing: 0.019093763083219528
  view-data: 0.3133351244032383
