times:
  edit-metadata: 1.4166098982095718
  landing: 0.99714095890522
  view-data: 3.355588059872389
