times:
  edit-metadata: 2.1033354327082634
  landing: 0.021096158772706985
  view-data: 0.30260454304516315
