times:
  edit-metadata: 1.8641363605856895
  landing: 1.0034342762082815
  view-data: 3.3763592801988125
