times:
  edit-metadata: 1.61483783274889
  landing: 0.9360849931836128
  view-data: 3.3689777813851833
