times:
  edit-metadata: 2.9792868392542005
  landing: 1.8656749362125993
  view-data: 3.8675138978287578
