times:
  edit-metadata: 3.4613708406686783
  landing: 2.885567095130682
  view-data: 4.1489648297429085
