times:
  edit-metadata: 1.8883588761091232
  landing: 0.8894933685660362
  view-data: 3.368331927806139
