times:
  edit-metadata: 2.0261442083865404
  landing: 0.01878904365003109
  view-data: 0.2932765930891037
