times:
  edit-metadata: 2.199088979512453
  landing: 1.3633013367652893
  view-data: 3.6312523894011974
