times:
  edit-metadata: 1.3434834908694029
  landing: 0.6529121790081263
  view-data: 3.265917966142297
