times:
  edit-metadata: 2.0150160547345877
  landing: 0.021987304091453552
  view-data: 0.027728084474802017
