times:
  edit-metadata: 1.9627808053046465
  landing: 0.021019721403717995
  view-data: 0.02509189210832119
