times:
  edit-metadata: 1.084933628095314
  landing: 0.06349158706143498
  view-data: 0.2684765140293166
