times:
  edit-metadata: 1.9677542503923178
  landing: 0.020953917875885963
  view-data: 0.02412539441138506
