times:
  edit-metadata: 1.0420579388737679
  landing: 0.04909332515671849
  view-data: 0.23661056626588106
