times:
  edit-metadata: 1.4912078715860844
  landing: 0.8741636257618666
  view-data: 3.358038674108684
