times:
  edit-metadata: 0.9675523019395769
  landing: 0.07055613514967263
  view-data: 0.24195716599933803
