times:
  edit-metadata: 2.114138604141772
  landing: 0.018123441375792027
  view-data: 0.18418535962700844
