times:
  edit-metadata: 1.5491278544068336
  landing: 0.8593640271574259
  view-data: 3.4394020326435566
