times:
  edit-metadata: 2.1987787820398808
  landing: 1.0264533795416355
  view-data: 3.34786643832922
