times:
  edit-metadata: 1.042746372986585
  landing: 0.04911681683734059
  view-data: 0.23904933780431747
