times:
  edit-metadata: 1.631829148158431
  landing: 0.8711223248392344
  view-data: 3.4564953073859215
