times:
  edit-metadata: 1.5044491980224848
  landing: 0.9670237991958857
  view-data: 3.3989938283339143
