times:
  edit-metadata: 0.9905062990728766
  landing: 0.06014803098514676
  view-data: 0.27246058895252645
