times:
  edit-metadata: 1.352271723560989
  landing: 0.8518336936831474
  view-data: 3.39865817502141
