times:
  edit-metadata: 1.3607861059717834
  landing: 0.9599166580010206
  view-data: 3.2884050509892404
