times:
  edit-metadata: 2.137342307716608
  landing: 0.16528101079165936
  view-data: 0.024976443499326706
