times:
  edit-metadata: 1.4561487110331655
  landing: 0.9450038718059659
  view-data: 3.4277071931865066
