times:
  edit-metadata: 2.0831680316478014
  landing: 0.02663087658584118
  view-data: 0.3205800671130419
