times:
  edit-metadata: 0.9708371439483017
  landing: 0.06590667413547635
  view-data: 0.24471256113611162
