times:
  edit-metadata: 2.0006901030428708
  landing: 1.3186336187645793
  view-data: 3.6796541162766516
