times:
  edit-metadata: 1.8503717733547091
  landing: 0.022440897300839424
  view-data: 0.11791112925857306
