times:
  edit-metadata: 1.0828044720110483
  landing: 0.059529220015974715
  view-data: 0.2752141520031728
