times:
  edit-metadata: 1.415342403575778
  landing: 0.7623423896729946
  view-data: 3.415391931310296
