times:
  edit-metadata: 1.4839468225836754
  landing: 0.806630976498127
  view-data: 3.2852401845157146
