times:
  edit-metadata: 1.4481629966758192
  landing: 0.7680734139867127
  view-data: 3.3373271450400352
