times:
  edit-metadata: 1.3286306869704276
  landing: 0.8488251670496538
  view-data: 3.3893935499945655
