times:
  edit-metadata: 2.310814505442977
  landing: 0.3014025557786226
  view-data: 0.024791955947875977
