times:
  edit-metadata: 2.3017317689955235
  landing: 0.05389994569122791
  view-data: 0.35090999118983746
