times:
  edit-metadata: 1.4110517390072346
  landing: 0.7774229450151324
  view-data: 3.4133405536413193
