times:
  edit-metadata: 1.9221108546480536
  landing: 0.02116171270608902
  view-data: 0.09817335288971663
