times:
  edit-metadata: 1.3286072500050068
  landing: 0.8118646182119846
  view-data: 3.5455694012343884
