times:
  edit-metadata: 1.9840633673593402
  landing: 0.02199043147265911
  view-data: 0.28726330026984215
