times:
  edit-metadata: 1.9575573140755296
  landing: 0.01924636773765087
  view-data: 0.11853039357811213
