times:
  edit-metadata: 1.5186573192477226
  landing: 0.8802351281046867
  view-data: 3.4086878448724747
