times:
  edit-metadata: 2.291401108726859
  landing: 0.02280985750257969
  view-data: 0.17031347565352917
