times:
  edit-metadata: 2.084437860175967
  landing: 0.1257818564772606
  view-data: 0.025502728298306465
