times:
  edit-metadata: 2.074825281277299
  landing: 0.14309616945683956
  view-data: 0.024035952985286713
