times:
  edit-metadata: 1.7379076220095158
  landing: 1.0408096769824624
  view-data: 3.2976880031637847
