times:
  edit-metadata: 2.0537485647946596
  landing: 0.021555811166763306
  view-data: 0.10000666044652462
