times:
  edit-metadata: 1.9289550753310323
  landing: 0.022833372466266155
  view-data: 0.02672357950359583
