times:
  edit-metadata: 1.5460537523031235
  landing: 0.9566939324140549
  view-data: 3.360975470393896
