times:
  edit-metadata: 1.9735293667763472
  landing: 0.18788340874016285
  view-data: 0.3543889671564102
