times:
  edit-metadata: 1.4399647801183164
  landing: 0.7816284759901464
  view-data: 3.341610230039805
