times:
  edit-metadata: 2.035304583609104
  landing: 0.20395513996481895
  view-data: 0.025325294584035873
