times:
  edit-metadata: 1.9358322340995073
  landing: 0.02194980066269636
  view-data: 0.4502691486850381
