times:
  edit-metadata: 1.8689361782744527
  landing: 0.020009241998195648
  view-data: 0.40685822255909443
