times:
  edit-metadata: 1.973399095237255
  landing: 0.021550470031797886
  view-data: 0.026844818145036697
