times:
  edit-metadata: 1.8102665059268475
  landing: 1.1491881497204304
  view-data: 3.427682241424918
