times:
  edit-metadata: 1.8868162408471107
  landing: 1.046572670340538
  view-data: 3.367737952619791
