times:
  edit-metadata: 1.0627620500163175
  landing: 0.06589562597218901
  view-data: 0.25207612197846174
