times:
  edit-metadata: 2.1646287366747856
  landing: 0.021945690736174583
  view-data: 0.36578992009162903
