times:
  edit-metadata: 1.4711775127798319
  landing: 0.8006218913942575
  view-data: 3.301691148430109
