times:
  edit-metadata: 1.6707364600151777
  landing: 0.904134526848793
  view-data: 3.2942139618098736
