times:
  edit-metadata: 1.0348190419899765
  landing: 0.04732979000255
  view-data: 0.24467219998768996
