times:
  edit-metadata: 2.711729023605585
  landing: 0.1480519324541092
  view-data: 0.4017341509461403
