times:
  edit-metadata: 3.3221379723399878
  landing: 2.525126948952675
  view-data: 3.662933401763439
