times:
  edit-metadata: 1.6074171401560307
  landing: 0.9258193708956242
  view-data: 3.3176438845694065
