times:
  edit-metadata: 1.9078444642946124
  landing: 0.021039101295173168
  view-data: 0.4765942972153425
