times:
  edit-metadata: 2.1542211221531034
  landing: 1.1148584680631757
  view-data: 3.4360740846022964
