times:
  edit-metadata: 2.302990859374404
  landing: 0.05432579107582569
  view-data: 0.05642486736178398
