times:
  edit-metadata: 2.131462911143899
  landing: 0.1554839015007019
  view-data: 0.13480643928050995
