times:
  edit-metadata: 2.0431883074343204
  landing: 0.020546983927488327
  view-data: 0.3126547057181597
