times:
  edit-metadata: 1.9826127402484417
  landing: 0.022084818221628666
  view-data: 0.3977196179330349
