times:
  edit-metadata: 1.4888389729894698
  landing: 0.8265728652477264
  view-data: 3.4476873627863824
