times:
  edit-metadata: 1.294486076105386
  landing: 0.8030119710601866
  view-data: 3.2792773509863764
