times:
  edit-metadata: 2.059657160192728
  landing: 0.11052408441901207
  view-data: 0.024456340819597244
