times:
  edit-metadata: 1.560326614882797
  landing: 0.8036453076638281
  view-data: 3.403386681340635
