times:
  edit-metadata: 1.0038337961304933
  landing: 0.06632018997333944
  view-data: 0.23844248591922224
