times:
  edit-metadata: 1.3709565754979849
  landing: 0.7686649244278669
  view-data: 3.465308390557766
