times:
  edit-metadata: 1.556943230330944
  landing: 0.7978532183915377
  view-data: 3.4030218552798033
