times:
  edit-metadata: 1.8575142994523048
  landing: 1.228858359158039
  view-data: 3.4529812559485435
