times:
  edit-metadata: 2.2787248138338327
  landing: 0.15770444832742214
  view-data: 0.36366323940455914
