times:
  edit-metadata: 1.496733345091343
  landing: 0.851743783801794
  view-data: 3.379190292209387
