times:
  edit-metadata: 2.268073348328471
  landing: 0.024102941155433655
  view-data: 0.024596843868494034
