times:
  edit-metadata: 2.0684134792536497
  landing: 0.020508674904704094
  view-data: 0.12124661356210709
