times:
  edit-metadata: 1.9364876663312316
  landing: 0.14404767006635666
  view-data: 0.4591245036572218
