times:
  edit-metadata: 1.6044525522738695
  landing: 0.8641502596437931
  view-data: 3.408123815432191
