times:
  edit-metadata: 1.0492975630004366
  landing: 0.04111331900003279
  view-data: 0.24382738399981463
