times:
  edit-metadata: 0.9869358511641622
  landing: 0.05401897383853793
  view-data: 0.2374022388830781
