times:
  edit-metadata: 1.8005951419472694
  landing: 1.0617237407714128
  view-data: 3.400749048218131
