times:
  edit-metadata: 1.9543038718402386
  landing: 0.024149982258677483
  view-data: 0.027876675128936768
