times:
  edit-metadata: 1.0013223020359874
  landing: 0.06586770294234157
  view-data: 0.2451425837352872
