times:
  edit-metadata: 1.3604714442044497
  landing: 0.8361050635576248
  view-data: 3.3663888443261385
