times:
  edit-metadata: 1.4160623755306005
  landing: 0.8995768073946238
  view-data: 3.3271964844316244
