times:
  edit-metadata: 1.5004367530345917
  landing: 0.9415230080485344
  view-data: 3.362298220396042
