times:
  edit-metadata: 1.9529956821352243
  landing: 0.20136585365980864
  view-data: 0.4139306889846921
