times:
  edit-metadata: 2.0545787028968334
  landing: 0.020961117930710316
  view-data: 0.025179416872560978
