times:
  edit-metadata: 1.5554435513913631
  landing: 1.0739058628678322
  view-data: 3.404190666973591
