times:
  edit-metadata: 1.317788004875183
  landing: 0.7596934176981449
  view-data: 3.3125410806387663
