times:
  edit-metadata: 1.5799635723233223
  landing: 0.9215666651725769
  view-data: 3.4683212749660015
