times:
  edit-metadata: 0.9953481179982191
  landing: 0.07013608500710689
  view-data: 0.25288467900827527
