times:
  edit-metadata: 1.4361626245081425
  landing: 0.6616940479725599
  view-data: 3.2534580565989017
