times:
  edit-metadata: 1.4408859089016914
  landing: 0.8656509099528193
  view-data: 3.360923945903778
