times:
  edit-metadata: 2.149280995130539
  landing: 1.2594279758632183
  view-data: 3.58077123016119
