times:
  edit-metadata: 1.5230828039348125
  landing: 0.8477768767625093
  view-data: 3.427642060443759
