times:
  edit-metadata: 1.515452591702342
  landing: 0.6685848645865917
  view-data: 3.3511366471648216
