times:
  edit-metadata: 1.2265310562215745
  landing: 0.04201672971248627
  view-data: 0.2409516740590334
