times:
  edit-metadata: 3.342708060517907
  landing: 0.6332305129617453
  view-data: 0.22240425739437342
