times:
  edit-metadata: 1.4416977325454354
  landing: 0.9408224206417799
  view-data: 3.4430757416412234
