times:
  edit-metadata: 1.4524721540510654
  landing: 1.0155645161867142
  view-data: 3.388887483626604
