times:
  edit-metadata: 1.008795317960903
  landing: 0.07148205500561744
  view-data: 0.24335885100299492
