times:
  edit-metadata: 1.4470657370984554
  landing: 0.818658608943224
  view-data: 3.3776019737124443
