times:
  edit-metadata: 1.3077058210037649
  landing: 0.051764538045972586
  view-data: 0.2686684471555054
