times:
  edit-metadata: 1.5499243065714836
  landing: 0.9514957517385483
  view-data: 3.406415730714798
