times:
  edit-metadata: 2.2783730775117874
  landing: 0.16292138025164604
  view-data: 0.14889949932694435
