times:
  edit-metadata: 2.0145037919282913
  landing: 0.02176080271601677
  view-data: 0.02400488406419754
