times:
  edit-metadata: 1.3551663253456354
  landing: 4.852426242083311
  view-data: 3.316138122230768
