times:
  edit-metadata: 1.5396293364465237
  landing: 0.871991503983736
  view-data: 3.3577840514481068
