times:
  edit-metadata: 1.9246311215683818
  landing: 0.02044479176402092
  view-data: 0.42150207702070475
