times:
  edit-metadata: 1.2357869162224233
  landing: 0.04380109580233693
  view-data: 0.2529782047495246
