times:
  edit-metadata: 2.323224313557148
  landing: 0.4512765407562256
  view-data: 0.32783300057053566
