times:
  edit-metadata: 1.3590439641848207
  landing: 0.8167501571588218
  view-data: 3.2949838070198894
