times:
  edit-metadata: 0.9938639989704825
  landing: 0.05222298199078068
  view-data: 0.2457543209893629
