times:
  edit-metadata: 2.0029437988996506
  landing: 0.207753112539649
  view-data: 0.30750911496579647
