times:
  edit-metadata: 1.9261926459148526
  landing: 0.021999559365212917
  view-data: 0.11882784590125084
