times:
  edit-metadata: 1.8445786079391837
  landing: 1.2288744570687413
  view-data: 3.3732889308594167
