times:
  edit-metadata: 2.075922193005681
  landing: 0.13680817745625973
  view-data: 0.02368162013590336
