times:
  edit-metadata: 2.0482809524983168
  landing: 0.022426139563322067
  view-data: 0.025310829281806946
