times:
  edit-metadata: 2.073400165885687
  landing: 0.021530387923121452
  view-data: 0.3221264313906431
