times:
  edit-metadata: 1.2029999732039869
  landing: 0.0689099058508873
  view-data: 0.2951998910866678
