times:
  edit-metadata: 2.1802719309926033
  landing: 0.023716596886515617
  view-data: 0.026936281472444534
