times:
  edit-metadata: 2.18979296926409
  landing: 0.23253892920911312
  view-data: 0.4245828948915005
