times:
  edit-metadata: 1.4907740000635386
  landing: 0.7059187199920416
  view-data: 3.3961862046271563
