times:
  edit-metadata: 1.451132481917739
  landing: 0.9759520152583718
  view-data: 3.335985016077757
