times:
  edit-metadata: 1.5352647136896849
  landing: 0.8857946619391441
  view-data: 3.4723770190030336
