times:
  edit-metadata: 1.8746277671307325
  landing: 0.019959503784775734
  view-data: 0.025342768989503384
