times:
  edit-metadata: 1.9984108228236437
  landing: 0.022303782403469086
  view-data: 0.46550008468329906
