times:
  edit-metadata: 1.5155947990715504
  landing: 0.8078603856265545
  view-data: 3.3902990370988846
