times:
  edit-metadata: 1.046892022000975
  landing: 0.058396744003403
  view-data: 0.2656438129997696
