times:
  edit-metadata: 2.035128939896822
  landing: 0.24340212531387806
  view-data: 0.026689622551202774
