times:
  edit-metadata: 1.4050478599965572
  landing: 0.8975451551377773
  view-data: 3.400380788370967
