times:
  edit-metadata: 1.4638885869644582
  landing: 0.9221987561322749
  view-data: 3.354592104209587
