times:
  edit-metadata: 1.5809650234878063
  landing: 1.053279373794794
  view-data: 3.472339205443859
