times:
  edit-metadata: 1.1543888099840842
  landing: 0.046639795997180045
  view-data: 0.27286846400238574
