times:
  edit-metadata: 0.9479841238353401
  landing: 0.08342932094819844
  view-data: 0.237600154010579
