times:
  edit-metadata: 1.3734066179022193
  landing: 0.8181397160515189
  view-data: 3.405163819901645
