times:
  edit-metadata: 1.4096402693539858
  landing: 0.9149548094719648
  view-data: 3.325135884806514
