times:
  edit-metadata: 2.101110812276602
  landing: 0.22979088127613068
  view-data: 0.2600989965721965
