times:
  edit-metadata: 1.452515484765172
  landing: 0.7009742595255375
  view-data: 3.3977349679917097
