times:
  edit-metadata: 0.9715007650665939
  landing: 0.0866922507993877
  view-data: 0.24373275507241488
