times:
  edit-metadata: 1.7817378994077444
  landing: 0.9316457416862249
  view-data: 3.3418499007821083
