times:
  edit-metadata: 0.9628934450447559
  landing: 0.07707176206167787
  view-data: 0.24235976208001375
