times:
  edit-metadata: 1.4028131179511547
  landing: 0.8291467949748039
  view-data: 3.3515053428709507
