times:
  edit-metadata: 1.4723676526919007
  landing: 0.8144340738654137
  view-data: 3.3089749980717897
