times:
  edit-metadata: 1.1523547628894448
  landing: 0.06671590870246291
  view-data: 0.228808447252959
