times:
  edit-metadata: 2.5431891195476055
  landing: 0.05071583576500416
  view-data: 0.13318498246371746
