times:
  edit-metadata: 1.0011359489290044
  landing: 0.06899358599912375
  view-data: 0.23419219895731658
