times:
  edit-metadata: 3.0381464967504144
  landing: 0.2222301634028554
  view-data: 0.5038535883650184
