times:
  edit-metadata: 1.4050002158619463
  landing: 0.8396195750683546
  view-data: 3.361554339993745
