times:
  edit-metadata: 2.0537023190408945
  landing: 0.22271388210356236
  view-data: 0.3103823997080326
