times:
  edit-metadata: 1.0172783789457753
  landing: 0.06499882997013628
  view-data: 0.24264448997564614
