times:
  edit-metadata: 1.703409019857645
  landing: 0.9817844331264496
  view-data: 3.4640359729528427
