times:
  edit-metadata: 1.4927738532423973
  landing: 0.7653791978955269
  view-data: 3.383170807734132
