times:
  edit-metadata: 1.6241608299314976
  landing: 1.0205823853611946
  view-data: 3.3425414338707924
