times:
  edit-metadata: 1.8976721139624715
  landing: 0.11937175039201975
  view-data: 0.10195176862180233
