times:
  edit-metadata: 2.0310407634824514
  landing: 0.02092958614230156
  view-data: 0.288024028763175
