times:
  edit-metadata: 1.9013122487813234
  landing: 0.020503402687609196
  view-data: 0.025347312912344933
