times:
  edit-metadata: 2.1740680187940598
  landing: 0.022031405940651894
  view-data: 0.12669230811297894
