times:
  edit-metadata: 1.9711506012827158
  landing: 0.21664072386920452
  view-data: 0.023914271965622902
