times:
  edit-metadata: 2.457441301085055
  landing: 1.2185638453811407
  view-data: 3.480840708129108
