times:
  edit-metadata: 2.3849258683621883
  landing: 0.22458981163799763
  view-data: 0.028204558417201042
