times:
  edit-metadata: 2.647585067898035
  landing: 0.1520994771271944
  view-data: 0.29982578195631504
