times:
  edit-metadata: 1.7078493013978004
  landing: 1.1799197532236576
  view-data: 3.34639336168766
