times:
  edit-metadata: 1.637021318078041
  landing: 0.8216051701456308
  view-data: 3.4188961796462536
