times:
  edit-metadata: 1.5853859260678291
  landing: 0.7125422209501266
  view-data: 3.3850527070462704
