times:
  edit-metadata: 1.9472330352291465
  landing: 0.022365239448845387
  view-data: 0.1220840122550726
