times:
  edit-metadata: 1.5289264880120754
  landing: 0.6963597275316715
  view-data: 3.400909623131156
