times:
  edit-metadata: 2.103902803733945
  landing: 0.02207200415432453
  view-data: 0.30300270952284336
