times:
  edit-metadata: 1.010967027163133
  landing: 0.04524054192006588
  view-data: 0.2482579411007464
