times:
  edit-metadata: 2.138944868929684
  landing: 0.16840878874063492
  view-data: 0.434963958337903
