times:
  edit-metadata: 1.0335754869956872
  landing: 0.052727016001881566
  view-data: 0.24516516100266017
