times:
  edit-metadata: 1.4997784197330475
  landing: 1.1434059347957373
  view-data: 3.3666673228144646
