times:
  edit-metadata: 2.068071760237217
  landing: 1.5928035024553537
  view-data: 3.921403866261244
