times:
  edit-metadata: 1.7104090843349695
  landing: 1.0484741386026144
  view-data: 3.4115115236490965
