times:
  edit-metadata: 2.372013295069337
  landing: 0.14632344990968704
  view-data: 0.15092788822948933
