times:
  edit-metadata: 0.967544095008634
  landing: 0.0930963089922443
  view-data: 0.37937983401934616
