times:
  edit-metadata: 1.9247452300041914
  landing: 0.1245119171217084
  view-data: 0.02463021408766508
