times:
  edit-metadata: 1.5206480529159307
  landing: 0.7783827763050795
  view-data: 3.370473977178335
