times:
  edit-metadata: 0.972000258974731
  landing: 0.05429011769592762
  view-data: 0.23654223373159766
