times:
  edit-metadata: 2.0370346885174513
  landing: 0.020428616553544998
  view-data: 0.025388002395629883
