times:
  edit-metadata: 1.9399963924661279
  landing: 0.021855930797755718
  view-data: 0.3845694288611412
