times:
  edit-metadata: 2.6452439166605473
  landing: 0.15425814129412174
  view-data: 0.14820722118020058
