times:
  edit-metadata: 1.0061856240499765
  landing: 0.0694813970476389
  view-data: 0.23939637397415936
