times:
  edit-metadata: 0.9625048118177801
  landing: 0.08494419604539871
  view-data: 0.2418324500322342
