times:
  edit-metadata: 1.4531015772372484
  landing: 0.9068169370293617
  view-data: 3.361167042516172
