times:
  edit-metadata: 1.4646522868424654
  landing: 0.8152151051908731
  view-data: 3.3937051724642515
