times:
  edit-metadata: 1.3710170192644
  landing: 0.8870459143072367
  view-data: 3.414792152121663
