times:
  edit-metadata: 1.0052021290175617
  landing: 0.06293218699283898
  view-data: 0.2532604369916953
