times:
  edit-metadata: 1.0376064329902874
  landing: 0.05341314600082114
  view-data: 0.24988719599787146
