times:
  edit-metadata: 2.2307962644845247
  landing: 0.2463832814246416
  view-data: 0.42662700824439526
