times:
  edit-metadata: 1.967531567439437
  landing: 0.020539858378469944
  view-data: 0.027123858220875263
