times:
  edit-metadata: 1.4993812274187803
  landing: 1.0680073481053114
  view-data: 3.431595351547003
