times:
  edit-metadata: 1.9132912820205092
  landing: 0.13054226618260145
  view-data: 0.026667727157473564
