times:
  edit-metadata: 1.23957873089239
  landing: 0.07422619685530663
  view-data: 0.29510630504228175
