times:
  edit-metadata: 1.418266711756587
  landing: 0.7748009981587529
  view-data: 3.3713788175955415
