times:
  edit-metadata: 2.8469297252595425
  landing: 1.6493880115449429
  view-data: 4.133879877626896
