times:
  edit-metadata: 1.4122555889189243
  landing: 0.8516658134758472
  view-data: 3.554664369672537
