times:
  edit-metadata: 2.0285999355837703
  landing: 0.022635027766227722
  view-data: 0.1348112989217043
