times:
  edit-metadata: 1.6300757490098476
  landing: 1.0780701376497746
  view-data: 3.383118249475956
