times:
  edit-metadata: 2.0984315443784
  landing: 0.11041207518428564
  view-data: 0.02853532414883375
