times:
  edit-metadata: 1.3944890438579023
  landing: 0.051125586964190006
  view-data: 0.46089477464556694
