times:
  edit-metadata: 1.092260055243969
  landing: 0.12157344585284591
  view-data: 0.32533802511170506
