times:
  edit-metadata: 1.014421461848542
  landing: 0.06386639806441963
  view-data: 0.25227120192721486
