times:
  edit-metadata: 1.4149048728868365
  landing: 0.07681569084525108
  view-data: 0.3039639382623136
