times:
  edit-metadata: 1.3839822970330715
  landing: 0.9255327135324478
  view-data: 3.4963385611772537
