times:
  edit-metadata: 1.47228242456913
  landing: 0.9288485646247864
  view-data: 3.341003630310297
