times:
  edit-metadata: 1.3928103228099644
  landing: 0.048794955015182495
  view-data: 0.349065279122442
