times:
  edit-metadata: 1.4168747020885348
  landing: 0.8740433603525162
  view-data: 3.35519665107131
