times:
  edit-metadata: 2.0358111038804054
  landing: 0.20947438664734364
  view-data: 0.14286481216549873
