times:
  edit-metadata: 1.9541958924382925
  landing: 0.019637019373476505
  view-data: 0.4049196392297745
