times:
  edit-metadata: 2.2616725619882345
  landing: 1.0772006390616298
  view-data: 3.884637630544603
