times:
  edit-metadata: 1.9078556587919593
  landing: 0.2182611059397459
  view-data: 0.11835873406380415
