times:
  edit-metadata: 1.0492019230005099
  landing: 0.0515509969991399
  view-data: 0.24212936700496357
