times:
  edit-metadata: 1.0365894199931063
  landing: 0.04668490600306541
  view-data: 0.25084101100219414
