times:
  edit-metadata: 2.63677142187953
  landing: 1.3962763212621212
  view-data: 3.6152320504188538
