times:
  edit-metadata: 1.8984586037695408
  landing: 1.0826152227818966
  view-data: 3.3535774387419224
