times:
  edit-metadata: 2.0381287718191743
  landing: 0.09498182125389576
  view-data: 0.3034274885430932
