times:
  edit-metadata: 1.478995993733406
  landing: 0.8814022913575172
  view-data: 3.3932663910090923
