times:
  edit-metadata: 1.4789252579212189
  landing: 0.9329316793009639
  view-data: 3.3836053432896733
