times:
  edit-metadata: 2.022039462812245
  landing: 0.17338772024959326
  view-data: 0.21105989441275597
