times:
  edit-metadata: 1.953641795553267
  landing: 0.020908821374177933
  view-data: 0.027429312467575073
