times:
  edit-metadata: 1.966641048900783
  landing: 0.020450038835406303
  view-data: 0.023904597386717796
