times:
  edit-metadata: 2.2355818152427673
  landing: 0.020888004451990128
  view-data: 0.14457716420292854
