times:
  edit-metadata: 1.335926495026797
  landing: 0.06843499233946204
  view-data: 0.386822619009763
