times:
  edit-metadata: 2.140148939564824
  landing: 0.1514311507344246
  view-data: 0.313794631510973
