times:
  edit-metadata: 1.5430364646017551
  landing: 0.9032672327011824
  view-data: 3.2531314119696617
