times:
  edit-metadata: 1.4406234580092132
  landing: 0.08504385000560433
  view-data: 0.27118102202075534
