times:
  edit-metadata: 0.9758691819151863
  landing: 0.07186215801630169
  view-data: 0.24025973794050515
