times:
  edit-metadata: 1.9453756092116237
  landing: 0.02014328632503748
  view-data: 0.025400716811418533
