times:
  edit-metadata: 2.448226686567068
  landing: 0.20919914543628693
  view-data: 0.3165774215012789
