times:
  edit-metadata: 2.051458455622196
  landing: 0.02101879194378853
  view-data: 0.027964100241661072
