times:
  edit-metadata: 1.779862966388464
  landing: 1.099283430725336
  view-data: 3.3136021979153156
