times:
  edit-metadata: 1.0009574650321156
  landing: 0.06717481696978211
  view-data: 0.24425498605705798
