times:
  edit-metadata: 1.7864552401006222
  landing: 0.9479646645486355
  view-data: 3.3134774677455425
