times:
  edit-metadata: 1.349504365120083
  landing: 0.8073072670958936
  view-data: 3.4124394156970084
