times:
  edit-metadata: 2.480320041999221
  landing: 0.35963733308017254
  view-data: 0.33610790595412254
