times:
  edit-metadata: 1.5482281874865294
  landing: 0.8167235534638166
  view-data: 3.461932035163045
