times:
  edit-metadata: 2.1344922427088022
  landing: 0.13369461335241795
  view-data: 0.3256781864911318
