times:
  edit-metadata: 1.633581481873989
  landing: 0.9356406182050705
  view-data: 3.4953652173280716
