times:
  edit-metadata: 1.0647020539618097
  landing: 0.04484504199353978
  view-data: 0.23068211000645533
