times:
  edit-metadata: 1.9218308357521892
  landing: 0.023161986842751503
  view-data: 0.024247837252914906
