times:
  edit-metadata: 1.4574825391173363
  landing: 0.8009208682924509
  view-data: 3.3843765053898096
