times:
  edit-metadata: 1.5180987250059843
  landing: 0.7718470804393291
  view-data: 3.406867228448391
