times:
  edit-metadata: 1.3422440700232983
  landing: 0.04636632604524493
  view-data: 0.24183304701000452
