times:
  edit-metadata: 1.0407385589787737
  landing: 0.05010076495818794
  view-data: 0.25127057801000774
