times:
  edit-metadata: 1.531890518963337
  landing: 0.8550571016967297
  view-data: 3.321686338633299
