times:
  edit-metadata: 1.3550089800264686
  landing: 0.728634662926197
  view-data: 3.271742236102
