times:
  edit-metadata: 0.9885245021432638
  landing: 0.06644138181582093
  view-data: 0.263211069162935
