times:
  edit-metadata: 1.7807812970131636
  landing: 1.0548408813774586
  view-data: 3.3757251482456923
