times:
  edit-metadata: 1.0026823850057553
  landing: 0.06803389699780382
  view-data: 0.2383024349983316
