times:
  edit-metadata: 1.9511037776246667
  landing: 0.01975821889936924
  view-data: 0.024792004376649857
