times:
  edit-metadata: 1.6697285026311874
  landing: 1.366917908191681
  view-data: 3.448115825653076
