times:
  edit-metadata: 0.9865834660013206
  landing: 0.0693912580027245
  view-data: 0.24374684103531763
