times:
  edit-metadata: 2.0023201126605272
  landing: 0.16368942335247993
  view-data: 0.21475841850042343
