times:
  edit-metadata: 1.5140119299758226
  landing: 0.9723529079928994
  view-data: 3.383230286068283
