times:
  edit-metadata: 1.4401094168424606
  landing: 0.8590374300256371
  view-data: 3.298021698370576
