times:
  edit-metadata: 0.9477448889811058
  landing: 0.10164443898247555
  view-data: 0.24262192199239507
