times:
  edit-metadata: 1.5371655110002393
  landing: 0.08802964899950894
  view-data: 0.41104731199993694
