times:
  edit-metadata: 2.054967639967799
  landing: 0.01928124763071537
  view-data: 0.13840622082352638
