times:
  edit-metadata: 2.5270403809845448
  landing: 0.2527905348688364
  view-data: 0.5535407792776823
