times:
  edit-metadata: 1.400839440524578
  landing: 0.8417096147313714
  view-data: 3.815460559912026
