times:
  edit-metadata: 1.8050065371207893
  landing: 1.0667131808586419
  view-data: 3.3886574618518353
