times:
  edit-metadata: 1.6149527728557587
  landing: 1.7114993259310722
  view-data: 3.3557573705911636
