times:
  edit-metadata: 1.9894887506961823
  landing: 0.11716225370764732
  view-data: 0.1333235688507557
