times:
  edit-metadata: 1.9178644055500627
  landing: 0.020465913228690624
  view-data: 0.02437951508909464
