times:
  edit-metadata: 2.3744237162172794
  landing: 0.02468969766050577
  view-data: 0.4795793816447258
