times:
  edit-metadata: 2.047391228377819
  landing: 0.02274532988667488
  view-data: 0.026547038927674294
