times:
  edit-metadata: 2.011895302683115
  landing: 0.021204513497650623
  view-data: 0.024283946491777897
