times:
  edit-metadata: 1.0017915728967637
  landing: 0.06653258297592402
  view-data: 0.38887839904055
