times:
  edit-metadata: 2.641760526224971
  landing: 0.16137794218957424
  view-data: 0.21064362116158009
