times:
  edit-metadata: 1.5719032175838947
  landing: 0.8795397784560919
  view-data: 3.432237010449171
