times:
  edit-metadata: 2.7517989054322243
  landing: 0.21967597864568233
  view-data: 0.3928092550486326
