times:
  edit-metadata: 1.9438200499862432
  landing: 0.020333459600806236
  view-data: 0.3902867063879967
