times:
  edit-metadata: 1.418883167207241
  landing: 1.0590591467916965
  view-data: 3.390694599598646
