times:
  edit-metadata: 1.4051489736884832
  landing: 0.8409444149583578
  view-data: 3.3778305519372225
