times:
  edit-metadata: 1.9447780372574925
  landing: 0.02040889859199524
  view-data: 0.1326222838833928
