times:
  edit-metadata: 1.831473208963871
  landing: 0.8798355520702899
  view-data: 3.5016132248565555
