times:
  edit-metadata: 1.6373284980654716
  landing: 1.0940650552511215
  view-data: 3.4128468856215477
