times:
  edit-metadata: 0.960777900996618
  landing: 0.07932183099910617
  view-data: 0.2420300719095394
