times:
  edit-metadata: 1.551279816776514
  landing: 1.00190794095397
  view-data: 3.3493942953646183
