times:
  edit-metadata: 0.9725107657723129
  landing: 0.07455209107138216
  view-data: 0.23472045408561826
