times:
  edit-metadata: 2.421287314966321
  landing: 0.29458544589579105
  view-data: 0.1862672008574009
