times:
  edit-metadata: 0.9723583520390093
  landing: 0.07107971794903278
  view-data: 0.37490480998530984
