times:
  edit-metadata: 1.3370187231339514
  landing: 0.045254715252667665
  view-data: 0.2432040716521442
