times:
  edit-metadata: 2.1566816587001085
  landing: 1.0958539992570877
  view-data: 3.729696098715067
