times:
  edit-metadata: 1.003526970045641
  landing: 0.06150905997492373
  view-data: 0.24679454299621284
