times:
  edit-metadata: 1.3416151269339025
  landing: 0.7181108091026545
  view-data: 3.375724663026631
