times:
  edit-metadata: 1.0233733078930527
  landing: 0.0657648800406605
  view-data: 0.23516167397610843
