times:
  edit-metadata: 1.5359971895813942
  landing: 0.8541950732469559
  view-data: 3.3048869241029024
