times:
  edit-metadata: 3.0246659107506275
  landing: 0.15564712136983871
  view-data: 0.504669614136219
