times:
  edit-metadata: 1.4690552847459912
  landing: 0.9229781050235033
  view-data: 3.3407373037189245
