times:
  edit-metadata: 1.4559799879789352
  landing: 0.9260898977518082
  view-data: 3.3405166566371918
