times:
  edit-metadata: 2.2353141456842422
  landing: 0.23581088334321976
  view-data: 0.37070783972740173
