times:
  edit-metadata: 1.0011398120550439
  landing: 0.06278800900327042
  view-data: 0.24266442598309368
