times:
  edit-metadata: 1.4495893493294716
  landing: 0.9345120079815388
  view-data: 3.3603435754776
