times:
  edit-metadata: 2.4551437236368656
  landing: 0.22382201999425888
  view-data: 0.42241389490664005
