times:
  edit-metadata: 1.9216799614951015
  landing: 0.021360485814511776
  view-data: 0.02552912011742592
