times:
  edit-metadata: 1.9320887895300984
  landing: 0.023696351796388626
  view-data: 0.09890149813145399
