times:
  edit-metadata: 2.314273100346327
  landing: 0.15771229565143585
  view-data: 0.304308807477355
