times:
  edit-metadata: 1.4678608227986842
  landing: 1.0184415830299258
  view-data: 3.4280325551517308
