times:
  edit-metadata: 1.68420734629035
  landing: 1.004385780543089
  view-data: 3.3459983468055725
