times:
  edit-metadata: 1.4070205204188824
  landing: 0.7678346466273069
  view-data: 3.374577130191028
