times:
  edit-metadata: 2.0941222524270415
  landing: 0.046157763339579105
  view-data: 0.40588302072137594
