times:
  edit-metadata: 1.5350849255919456
  landing: 0.9907832127064466
  view-data: 3.4883539490401745
