times:
  edit-metadata: 1.2484327610582113
  landing: 0.040822256822139025
  view-data: 0.40621045511215925
