times:
  edit-metadata: 1.054416184022557
  landing: 0.05364926200127229
  view-data: 0.2516612980107311
