times:
  edit-metadata: 2.0172514151781797
  landing: 0.02123185247182846
  view-data: 0.028219278901815414
