times:
  edit-metadata: 2.3569537550210953
  landing: 1.1824507541023195
  view-data: 3.604263572022319
