times:
  edit-metadata: 1.6642809808254242
  landing: 1.114166960120201
  view-data: 3.4313060604035854
