times:
  edit-metadata: 1.541677713394165
  landing: 0.9707886166870594
  view-data: 3.344949174672365
