times:
  edit-metadata: 1.915057118050754
  landing: 0.1163794668391347
  view-data: 0.12111208215355873
