times:
  edit-metadata: 1.5250937230885029
  landing: 0.9447344653308392
  view-data: 3.432368688285351
