times:
  edit-metadata: 1.4344380544498563
  landing: 0.8510380173102021
  view-data: 3.347283711656928
