times:
  edit-metadata: 1.763694554567337
  landing: 1.096451971679926
  view-data: 3.4126911237835884
