times:
  edit-metadata: 1.4228011313825846
  landing: 0.8126508854329586
  view-data: 3.297356426715851
