times:
  edit-metadata: 1.3499127458781004
  landing: 0.7609445676207542
  view-data: 3.3018363006412983
