times:
  edit-metadata: 1.9186537563800812
  landing: 0.90700638666749
  view-data: 3.3798542208969593
