times:
  edit-metadata: 2.1007880829274654
  landing: 0.020565742626786232
  view-data: 0.28970856964588165
