times:
  edit-metadata: 1.5428223367780447
  landing: 0.8378476426005363
  view-data: 3.46250213496387
