times:
  edit-metadata: 0.9998959589283913
  landing: 0.07207660691346973
  view-data: 0.23575048404745758
