times:
  edit-metadata: 1.4932911694049835
  landing: 0.9400743991136551
  view-data: 3.4047644808888435
