times:
  edit-metadata: 1.551120424643159
  landing: 0.8440002799034119
  view-data: 3.4216040298342705
