times:
  edit-metadata: 1.4111388623714447
  landing: 0.8760786578059196
  view-data: 3.268085151910782
