times:
  edit-metadata: 2.2518876679241657
  landing: 0.12549789808690548
  view-data: 0.339067792519927
