times:
  edit-metadata: 2.288914294913411
  landing: 0.020706338807940483
  view-data: 0.38646580278873444
