times:
  edit-metadata: 1.0096807111985981
  landing: 0.06878265319392085
  view-data: 0.26048751501366496
