times:
  edit-metadata: 2.2631265446543694
  landing: 1.3839202709496021
  view-data: 3.4806469194591045
