times:
  edit-metadata: 1.5485231099883094
  landing: 0.7843601170461625
  view-data: 3.328658112906851
