times:
  edit-metadata: 0.9933067129459232
  landing: 0.07293023192323744
  view-data: 0.24482337199151516
