times:
  edit-metadata: 2.064267387613654
  landing: 0.019468562677502632
  view-data: 0.3198686018586159
