times:
  edit-metadata: 1.0148849899414927
  landing: 0.06216601701453328
  view-data: 0.241906994022429
