times:
  edit-metadata: 2.340062791481614
  landing: 1.4473949195817113
  view-data: 3.5394359920173883
