times:
  edit-metadata: 1.848051249049604
  landing: 0.023380561731755733
  view-data: 0.02712862566113472
