times:
  edit-metadata: 2.7524125110358
  landing: 1.091078668832779
  view-data: 3.8951748833060265
