times:
  edit-metadata: 1.0318390050088055
  landing: 0.046870696009136736
  view-data: 0.23477584798820317
