times:
  edit-metadata: 2.039073521271348
  landing: 0.1416644435375929
  view-data: 0.3312957938760519
