times:
  edit-metadata: 1.5561108170077205
  landing: 0.9111651098355651
  view-data: 3.35154574457556
