times:
  edit-metadata: 1.3224767078645527
  landing: 0.821091502904892
  view-data: 3.400525717996061
