times:
  edit-metadata: 2.186777116730809
  landing: 0.13775700144469738
  view-data: 0.14067674614489079
