times:
  edit-metadata: 1.500244315713644
  landing: 1.0030030962079763
  view-data: 3.397828010842204
