times:
  edit-metadata: 1.0002537569962442
  landing: 0.06793212611228228
  view-data: 0.24549056077376008
