times:
  edit-metadata: 2.1009451281279325
  landing: 0.023470088839530945
  view-data: 0.024962380528450012
