times:
  edit-metadata: 2.152895914390683
  landing: 0.021000796929001808
  view-data: 0.12372272275388241
