times:
  edit-metadata: 1.3923620358109474
  landing: 0.7030406408011913
  view-data: 3.2802067697048187
