times:
  edit-metadata: 1.3617869317531586
  landing: 0.7943378761410713
  view-data: 3.307373195886612
