times:
  edit-metadata: 1.4230215772986412
  landing: 0.7185109034180641
  view-data: 3.4419980719685555
