times:
  edit-metadata: 1.529577024281025
  landing: 1.1758421435952187
  view-data: 3.5565032809972763
