times:
  edit-metadata: 1.5613065771758556
  landing: 0.8987349420785904
  view-data: 3.3828869350254536
