times:
  edit-metadata: 1.4710384756326675
  landing: 0.9347370266914368
  view-data: 3.283850360661745
