times:
  edit-metadata: 1.3186339251697063
  landing: 0.7706379629671574
  view-data: 3.3577192425727844
