times:
  edit-metadata: 1.3696578405797482
  landing: 0.8312556259334087
  view-data: 3.3198626674711704
