times:
  edit-metadata: 1.3446241915225983
  landing: 0.7557637915015221
  view-data: 3.4474205300211906
