times:
  edit-metadata: 1.4877143055200577
  landing: 0.7574518695473671
  view-data: 3.44085593521595
