times:
  edit-metadata: 1.4141117185354233
  landing: 0.7819987535476685
  view-data: 3.2620870172977448
