times:
  edit-metadata: 1.4522586688399315
  landing: 0.7780415564775467
  view-data: 3.4234899654984474
