times:
  edit-metadata: 2.019148115068674
  landing: 0.9870076812803745
  view-data: 3.440789718180895
