times:
  edit-metadata: 1.4529084861278534
  landing: 0.7701737508177757
  view-data: 3.437250927090645
