times:
  edit-metadata: 1.38491802662611
  landing: 0.7937857769429684
  view-data: 3.3337247855961323
