times:
  edit-metadata: 1.7492060028016567
  landing: 0.8973324857652187
  view-data: 3.3317099511623383
