times:
  edit-metadata: 1.4169305339455605
  landing: 0.7415604069828987
  view-data: 3.457039587199688
