times:
  edit-metadata: 1.3533608838915825
  landing: 0.7148796617984772
  view-data: 3.463445670902729
