times:
  edit-metadata: 1.520398821681738
  landing: 0.8025786392390728
  view-data: 3.278324358165264
