times:
  edit-metadata: 1.3461122140288353
  landing: 0.8070824965834618
  view-data: 3.313207507133484
