times:
  edit-metadata: 1.394256204366684
  landing: 0.7019938230514526
  view-data: 3.263121910393238
