times:
  edit-metadata: 1.491285301744938
  landing: 0.7093538194894791
  view-data: 3.516634523868561
