times:
  edit-metadata: 1.4152317121624947
  landing: 0.7866823151707649
  view-data: 3.3614032566547394
