times:
  edit-metadata: 1.450168415904045
  landing: 0.7686264663934708
  view-data: 3.483233466744423
