times:
  edit-metadata: 1.487537868320942
  landing: 0.8132306337356567
  view-data: 3.329292245209217
