times:
  edit-metadata: 1.3886310458183289
  landing: 0.7718227505683899
  view-data: 3.450473055243492
