times:
  edit-metadata: 1.4014885425567627
  landing: 0.7509679421782494
  view-data: 3.4958938881754875
