times:
  edit-metadata: 1.6872227638959885
  landing: 0.9350876435637474
  view-data: 3.377735573798418
