times:
  edit-metadata: 1.4183305352926254
  landing: 0.800475038588047
  view-data: 3.545849710702896
