times:
  edit-metadata: 1.3760927021503448
  landing: 0.7286049649119377
  view-data: 3.395294390618801
