times:
  edit-metadata: 1.882328987121582
  landing: 0.9359832853078842
  view-data: 3.435253582894802
