times:
  edit-metadata: 1.4125375337898731
  landing: 0.8269437216222286
  view-data: 3.377994656562805
