times:
  edit-metadata: 1.8046341575682163
  landing: 1.1571816727519035
  view-data: 3.515724141150713
