times:
  edit-metadata: 1.5302953571081161
  landing: 0.7902924343943596
  view-data: 3.5213570669293404
