times:
  edit-metadata: 1.3246097341179848
  landing: 0.7404253333806992
  view-data: 3.4864395782351494
