times:
  edit-metadata: 1.4546057060360909
  landing: 0.7404936328530312
  view-data: 3.4768130257725716
