times:
  edit-metadata: 1.4562140852212906
  landing: 0.7768716737627983
  view-data: 3.440055549144745
