times:
  edit-metadata: 2.173643283545971
  landing: 1.0521139726042747
  view-data: 3.6877073794603348
