times:
  edit-metadata: 1.5357653573155403
  landing: 0.7346552908420563
  view-data: 3.5462483018636703
