times:
  edit-metadata: 1.3815043047070503
  landing: 0.8092372715473175
  view-data: 3.4635379910469055
