times:
  edit-metadata: 1.5032489076256752
  landing: 0.8776773512363434
  view-data: 3.614493101835251
