times:
  edit-metadata: 1.3760385066270828
  landing: 0.8175803273916245
  view-data: 3.3390473797917366
