times:
  edit-metadata: 1.5183894261717796
  landing: 0.7633341699838638
  view-data: 3.4281070083379745
