times:
  edit-metadata: 1.7145000100135803
  landing: 0.8282776400446892
  view-data: 3.51902437210083
