times:
  edit-metadata: 1.457576259970665
  landing: 0.8086090013384819
  view-data: 3.346007749438286
