times:
  edit-metadata: 1.3391325995326042
  landing: 0.7208109572529793
  view-data: 3.48162854462862
