times:
  edit-metadata: 1.8152461685240269
  landing: 1.2596263140439987
  view-data: 3.5206694714725018
