times:
  edit-metadata: 1.3482437804341316
  landing: 0.7703796699643135
  view-data: 3.5009038895368576
