times:
  edit-metadata: 1.3197964504361153
  landing: 0.7594771161675453
  view-data: 3.440154530107975
