times:
  edit-metadata: 1.7350430600345135
  landing: 1.02192772179842
  view-data: 3.3531573824584484
