times:
  edit-metadata: 1.589271329343319
  landing: 0.8103659152984619
  view-data: 3.2844039760529995
