times:
  edit-metadata: 1.782842978835106
  landing: 1.0445135533809662
  view-data: 3.6507467180490494
