times:
  edit-metadata: 1.4695895686745644
  landing: 0.8230866640806198
  view-data: 3.2917609810829163
