times:
  edit-metadata: 1.3909631967544556
  landing: 0.7898093536496162
  view-data: 3.514069251716137
