times:
  edit-metadata: 1.5470118522644043
  landing: 0.8651162162423134
  view-data: 3.4801509082317352
