times:
  edit-metadata: 1.3615554459393024
  landing: 0.8045272454619408
  view-data: 3.343088671565056
