times:
  edit-metadata: 1.3112525045871735
  landing: 0.8023117259144783
  view-data: 3.3180026970803738
