times:
  edit-metadata: 1.4673707857728004
  landing: 0.7505084276199341
  view-data: 3.3334016501903534
