times:
  edit-metadata: 1.3894550651311874
  landing: 0.7603506520390511
  view-data: 3.420710079371929
