times:
  edit-metadata: 1.3760324344038963
  landing: 0.733522079885006
  view-data: 3.2659762501716614
