times:
  edit-metadata: 1.4163762107491493
  landing: 0.8329002894461155
  view-data: 3.378530640155077
