times:
  edit-metadata: 1.4576580598950386
  landing: 0.6868547052145004
  view-data: 3.4528903290629387
