times:
  edit-metadata: 1.50260666385293
  landing: 0.7956677824258804
  view-data: 3.346727441996336
