times:
  edit-metadata: 1.4005518332123756
  landing: 0.7884758189320564
  view-data: 3.531506724655628
