times:
  edit-metadata: 1.3505799025297165
  landing: 0.7239486873149872
  view-data: 3.478751465678215
