times:
  edit-metadata: 1.4718222469091415
  landing: 0.8491669222712517
  view-data: 3.524754576385021
