times:
  edit-metadata: 1.4073546156287193
  landing: 0.7954103574156761
  view-data: 3.5161102265119553
