times:
  edit-metadata: 1.4530350640416145
  landing: 0.7800900302827358
  view-data: 3.334093663841486
