times:
  edit-metadata: 1.6378582939505577
  landing: 1.0098957493901253
  view-data: 3.3389040529727936
