times:
  edit-metadata: 1.403349258005619
  landing: 0.7362129017710686
  view-data: 3.47788704931736
