times:
  edit-metadata: 1.392087683081627
  landing: 0.7233914211392403
  view-data: 3.4536098167300224
