times:
  edit-metadata: 1.952308550477028
  landing: 1.1389487385749817
  view-data: 3.485621429979801
