times:
  edit-metadata: 1.5030992105603218
  landing: 0.8142726719379425
  view-data: 3.4976046457886696
