times:
  edit-metadata: 1.3790044784545898
  landing: 0.8941310197114944
  view-data: 3.3038654066622257
