times:
  edit-metadata: 3.1101206317543983
  landing: 2.036411292850971
  view-data: 3.455290861427784
