times:
  edit-metadata: 1.47275585308671
  landing: 0.7178363986313343
  view-data: 3.2789487913250923
