times:
  edit-metadata: 1.4213294833898544
  landing: 0.7194544449448586
  view-data: 3.327711507678032
