times:
  edit-metadata: 1.4746235311031342
  landing: 0.8171416372060776
  view-data: 3.6753061935305595
