times:
  edit-metadata: 1.409611240029335
  landing: 0.730559840798378
  view-data: 3.4226119592785835
