times:
  edit-metadata: 1.408096194267273
  landing: 0.7935100272297859
  view-data: 3.3146177008748055
