times:
  edit-metadata: 1.4823652729392052
  landing: 0.7513464838266373
  view-data: 3.5207527205348015
