times:
  edit-metadata: 1.424777828156948
  landing: 0.715810663998127
  view-data: 3.471310578286648
