times:
  edit-metadata: 1.440501630306244
  landing: 0.7255997210741043
  view-data: 3.54345166683197
