times:
  edit-metadata: 1.5768812149763107
  landing: 0.8742242455482483
  view-data: 3.277078188955784
