times:
  edit-metadata: 1.458664432168007
  landing: 0.7747366204857826
  view-data: 3.523863196372986
