times:
  edit-metadata: 1.4205381609499454
  landing: 0.770524799823761
  view-data: 3.323224190622568
