times:
  edit-metadata: 1.5954369008541107
  landing: 1.009657233953476
  view-data: 3.313423953950405
