times:
  edit-metadata: 2.378001071512699
  landing: 1.8260740861296654
  view-data: 3.680862136185169
