times:
  edit-metadata: 1.7528569400310516
  landing: 1.0228236354887486
  view-data: 3.3709797710180283
