times:
  edit-metadata: 1.4405646435916424
  landing: 0.7871143370866776
  view-data: 3.3235751390457153
