times:
  edit-metadata: 1.4131288826465607
  landing: 0.7769937664270401
  view-data: 3.3628207221627235
