times:
  edit-metadata: 1.4507644400000572
  landing: 0.6843194663524628
  view-data: 3.446184754371643
