times:
  edit-metadata: 1.460570514202118
  landing: 0.8708979710936546
  view-data: 3.3279491178691387
