times:
  edit-metadata: 1.3632700219750404
  landing: 0.7169825062155724
  view-data: 3.486494980752468
