times:
  edit-metadata: 1.5147769637405872
  landing: 0.92644102871418
  view-data: 3.307462692260742
