times:
  edit-metadata: 1.40856321901083
  landing: 0.7641119435429573
  view-data: 3.3519926965236664
