times:
  edit-metadata: 1.5390776470303535
  landing: 0.8006487190723419
  view-data: 3.4990389347076416
