times:
  edit-metadata: 1.4287964068353176
  landing: 0.8447038754820824
  view-data: 3.309742294251919
