times:
  edit-metadata: 1.4242828711867332
  landing: 0.7719392701983452
  view-data: 3.461477182805538
