times:
  edit-metadata: 1.3395124524831772
  landing: 0.7363687008619308
  view-data: 3.4375011399388313
