times:
  edit-metadata: 1.4108169600367546
  landing: 0.7802992984652519
  view-data: 3.3207529969513416
