times:
  edit-metadata: 1.4319346323609352
  landing: 0.7345790266990662
  view-data: 3.5355197116732597
