times:
  edit-metadata: 1.4589368849992752
  landing: 0.825546707957983
  view-data: 3.261702824383974
