times:
  edit-metadata: 1.4415104873478413
  landing: 0.8562439568340778
  view-data: 3.3088239058852196
