times:
  edit-metadata: 1.5576559640467167
  landing: 0.7607276476919651
  view-data: 3.3031215853989124
