times:
  edit-metadata: 1.4121287688612938
  landing: 0.7595789432525635
  view-data: 3.468642272055149
