times:
  edit-metadata: 1.464489072561264
  landing: 0.8077176660299301
  view-data: 3.403279758989811
