times:
  edit-metadata: 1.465337797999382
  landing: 0.8806037306785583
  view-data: 3.386847894638777
