times:
  edit-metadata: 1.5085698068141937
  landing: 0.6991612017154694
  view-data: 3.4829038083553314
