times:
  edit-metadata: 1.408734567463398
  landing: 0.7471847161650658
  view-data: 3.4730748385190964
