times:
  edit-metadata: 1.4447450041770935
  landing: 0.8561433032155037
  view-data: 3.4334146827459335
