times:
  edit-metadata: 1.3721993640065193
  landing: 0.7796089835464954
  view-data: 3.2555338703095913
