times:
  edit-metadata: 1.4869026094675064
  landing: 0.7579941153526306
  view-data: 3.5388050451874733
