times:
  edit-metadata: 1.4319022744894028
  landing: 0.8050319105386734
  view-data: 3.301144503057003
