times:
  edit-metadata: 1.4217825680971146
  landing: 0.8191061019897461
  view-data: 3.500344917178154
