times:
  edit-metadata: 1.436138454824686
  landing: 0.7874579429626465
  view-data: 3.290342044085264
