times:
  edit-metadata: 1.4381777495145798
  landing: 0.9681101143360138
  view-data: 3.3534041717648506
