times:
  edit-metadata: 1.482004538178444
  landing: 0.7019593939185143
  view-data: 3.5032044053077698
