times:
  edit-metadata: 1.488466553390026
  landing: 0.7599879205226898
  view-data: 3.4757554084062576
