times:
  edit-metadata: 1.3819720670580864
  landing: 0.7761107608675957
  view-data: 3.2950028888881207
