times:
  edit-metadata: 2.1863195039331913
  landing: 1.514731615781784
  view-data: 3.3897648863494396
