times:
  edit-metadata: 1.454496294260025
  landing: 0.800422415137291
  view-data: 3.3249285593628883
