times:
  edit-metadata: 1.4380311146378517
  landing: 0.7541462853550911
  view-data: 3.5035596564412117
