times:
  edit-metadata: 1.4952863529324532
  landing: 0.8985576555132866
  view-data: 3.3580280877649784
