times:
  edit-metadata: 1.4836380779743195
  landing: 0.7912204936146736
  view-data: 3.4872138872742653
