times:
  edit-metadata: 1.4117908328771591
  landing: 0.7640611678361893
  view-data: 3.449938602745533
