times:
  edit-metadata: 1.3889208734035492
  landing: 0.7739586532115936
  view-data: 3.329029556363821
