times:
  edit-metadata: 1.4298381172120571
  landing: 0.7690146043896675
  view-data: 3.3117412328720093
