times:
  edit-metadata: 1.4294932037591934
  landing: 0.8831810876727104
  view-data: 3.2951849550008774
