times:
  edit-metadata: 1.360518954694271
  landing: 0.8856992162764072
  view-data: 3.3944002836942673
