times:
  edit-metadata: 1.5266714990139008
  landing: 0.9517814368009567
  view-data: 3.550563260912895
