times:
  edit-metadata: 1.4528039991855621
  landing: 0.7051829919219017
  view-data: 3.5861132591962814
