times:
  edit-metadata: 1.5184817016124725
  landing: 0.8942397907376289
  view-data: 3.3556642457842827
