times:
  edit-metadata: 1.3342297598719597
  landing: 0.7323386967182159
  view-data: 3.434810571372509
