times:
  edit-metadata: 1.573081236332655
  landing: 0.9703792631626129
  view-data: 3.3059756495058537
