times:
  edit-metadata: 1.4124381616711617
  landing: 1.3362551108002663
  view-data: 3.45876906812191
