times:
  edit-metadata: 1.3541610836982727
  landing: 0.7456949055194855
  view-data: 3.319822583347559
