times:
  edit-metadata: 1.3134049028158188
  landing: 0.7167003527283669
  view-data: 3.2706413641572
