times:
  edit-metadata: 1.4976522997021675
  landing: 0.6965868771076202
  view-data: 3.5343435630202293
