times:
  edit-metadata: 1.3546680510044098
  landing: 0.7925068773329258
  view-data: 3.348327863961458
