times:
  edit-metadata: 1.5751344040036201
  landing: 0.8420372642576694
  view-data: 3.302551556378603
