times:
  edit-metadata: 1.4228155054152012
  landing: 0.785495076328516
  view-data: 3.317192580550909
