times:
  edit-metadata: 3.168043751269579
  landing: 1.8031713217496872
  view-data: 3.875779390335083
