times:
  edit-metadata: 1.3989111632108688
  landing: 0.764133095741272
  view-data: 3.41647244989872
