times:
  edit-metadata: 1.4720176607370377
  landing: 0.7414452731609344
  view-data: 3.475790098309517
