times:
  edit-metadata: 1.3918347358703613
  landing: 0.7290436327457428
  view-data: 3.4651987180113792
