times:
  edit-metadata: 1.335811287164688
  landing: 0.7590733990073204
  view-data: 3.426756501197815
