times:
  edit-metadata: 1.5154342651367188
  landing: 0.7628994956612587
  view-data: 3.43021110445261
