times:
  edit-metadata: 1.4551783055067062
  landing: 0.7578335031867027
  view-data: 3.2982632368803024
