times:
  edit-metadata: 1.6126949526369572
  landing: 0.8370928317308426
  view-data: 3.3193451911211014
