times:
  edit-metadata: 1.4456952959299088
  landing: 0.8380898982286453
  view-data: 3.271173633635044
