times:
  edit-metadata: 1.3648099899291992
  landing: 0.7899796441197395
  view-data: 3.5452909022569656
