times:
  edit-metadata: 1.56404597312212
  landing: 1.0752543732523918
  view-data: 3.6800870075821877
