times:
  edit-metadata: 1.3385199680924416
  landing: 0.8302677199244499
  view-data: 3.4656621515750885
