times:
  edit-metadata: 1.4493477866053581
  landing: 0.7547675892710686
  view-data: 3.5063772723078728
