times:
  edit-metadata: 1.3531008139252663
  landing: 0.7476579919457436
  view-data: 3.4420892000198364
