times:
  edit-metadata: 2.766653463244438
  landing: 1.866145245730877
  view-data: 3.855130061507225
