times:
  edit-metadata: 1.3875428289175034
  landing: 0.753702737390995
  view-data: 3.4046091362833977
