times:
  edit-metadata: 1.4302534386515617
  landing: 0.7469316720962524
  view-data: 3.357761397957802
