times:
  edit-metadata: 1.3721714317798615
  landing: 0.7676350027322769
  view-data: 3.3526575714349747
