times:
  edit-metadata: 1.5129758231341839
  landing: 0.9544946737587452
  view-data: 3.3322699181735516
