times:
  edit-metadata: 1.5650811344385147
  landing: 0.8717423677444458
  view-data: 3.5230223685503006
