times:
  edit-metadata: 1.401902660727501
  landing: 0.7619248479604721
  view-data: 3.487468622624874
