times:
  edit-metadata: 1.6736384704709053
  landing: 0.9877942651510239
  view-data: 3.5137313157320023
