times:
  edit-metadata: 1.4862122386693954
  landing: 0.8294355124235153
  view-data: 3.580428831279278
