times:
  edit-metadata: 1.4368940889835358
  landing: 0.9453840777277946
  view-data: 3.4479154869914055
