times:
  edit-metadata: 1.4724165797233582
  landing: 0.7153190895915031
  view-data: 3.542158119380474
