times:
  edit-metadata: 1.3251577243208885
  landing: 0.7402395606040955
  view-data: 3.5642894357442856
