times:
  edit-metadata: 1.3537431135773659
  landing: 0.8316274881362915
  view-data: 3.5029074996709824
