times:
  edit-metadata: 1.4940415546298027
  landing: 0.818027675151825
  view-data: 3.5778873562812805
