times:
  edit-metadata: 1.4164899811148643
  landing: 0.7524499893188477
  view-data: 3.4754753410816193
