times:
  edit-metadata: 1.4105088859796524
  landing: 0.7413893714547157
  view-data: 3.5229291394352913
