times:
  edit-metadata: 1.3855404704809189
  landing: 0.720310777425766
  view-data: 3.2813507840037346
