times:
  edit-metadata: 1.3298101723194122
  landing: 0.8131110668182373
  view-data: 3.5362107381224632
