times:
  edit-metadata: 1.3734247833490372
  landing: 0.8978670537471771
  view-data: 3.4616040736436844
