times:
  edit-metadata: 1.5372080653905869
  landing: 0.902259923517704
  view-data: 3.539542108774185
