times:
  edit-metadata: 1.4587773978710175
  landing: 0.756413958966732
  view-data: 3.460142806172371
