times:
  edit-metadata: 1.3723265677690506
  landing: 0.7741076797246933
  view-data: 3.43567918241024
