times:
  edit-metadata: 1.4767689928412437
  landing: 0.7411348521709442
  view-data: 3.5060577392578125
