times:
  edit-metadata: 1.3454278483986855
  landing: 0.7286680489778519
  view-data: 3.3706035763025284
