times:
  edit-metadata: 1.4318993538618088
  landing: 0.8193873912096024
  view-data: 3.3437822088599205
