times:
  edit-metadata: 1.3639882877469063
  landing: 0.8042623102664948
  view-data: 3.4720414057374
