times:
  edit-metadata: 1.405552677810192
  landing: 0.8128552809357643
  view-data: 3.451301410794258
