times:
  edit-metadata: 1.4328429102897644
  landing: 0.6646300107240677
  view-data: 3.406671606004238
