times:
  edit-metadata: 1.5010941475629807
  landing: 0.7579027414321899
  view-data: 3.4651645869016647
