times:
  edit-metadata: 1.4992131739854813
  landing: 0.849147379398346
  view-data: 3.4343047365546227
