times:
  edit-metadata: 1.4456517770886421
  landing: 0.8559505194425583
  view-data: 3.394674651324749
