times:
  edit-metadata: 1.4070656225085258
  landing: 0.8184039518237114
  view-data: 3.3476614728569984
