times:
  edit-metadata: 1.4667187482118607
  landing: 0.9429258033633232
  view-data: 3.3139007538557053
