times:
  edit-metadata: 1.4653551653027534
  landing: 0.8882546275854111
  view-data: 3.5640854611992836
