times:
  edit-metadata: 1.4234840348362923
  landing: 0.7559213265776634
  view-data: 3.5348412171006203
