times:
  edit-metadata: 1.399630755186081
  landing: 0.7582714483141899
  view-data: 3.5233988985419273
