times:
  edit-metadata: 1.2980613261461258
  landing: 0.7506339326500893
  view-data: 3.485502101480961
