times:
  edit-metadata: 1.4637200310826302
  landing: 1.0349862650036812
  view-data: 3.6323115304112434
