times:
  edit-metadata: 1.4937779679894447
  landing: 0.8283140659332275
  view-data: 3.3548299223184586
