times:
  edit-metadata: 1.6762565933167934
  landing: 0.8479459024965763
  view-data: 3.3237766474485397
