times:
  edit-metadata: 1.3959122821688652
  landing: 0.78863725066185
  view-data: 3.552970103919506
