times:
  edit-metadata: 1.618456870317459
  landing: 0.8290710151195526
  view-data: 3.4030325412750244
