times:
  edit-metadata: 1.4167018756270409
  landing: 0.7623642310500145
  view-data: 3.452994152903557
