times:
  edit-metadata: 1.386234387755394
  landing: 0.8332184627652168
  view-data: 3.3514953702688217
