times:
  edit-metadata: 1.4454621225595474
  landing: 0.7563603147864342
  view-data: 3.5119151324033737
