times:
  edit-metadata: 1.5038745552301407
  landing: 0.7505827248096466
  view-data: 3.4356984570622444
