times:
  edit-metadata: 1.372393175959587
  landing: 0.7454797327518463
  view-data: 3.5319031104445457
