times:
  edit-metadata: 1.3607761338353157
  landing: 0.7357269451022148
  view-data: 3.4700217843055725
