times:
  edit-metadata: 1.5625689178705215
  landing: 0.9208464846014977
  view-data: 3.9182063192129135
