times:
  edit-metadata: 1.575856126844883
  landing: 0.8633572086691856
  view-data: 3.4304631277918816
