times:
  edit-metadata: 1.3789731040596962
  landing: 0.7312285676598549
  view-data: 3.370611123740673
