times:
  edit-metadata: 1.3708134144544601
  landing: 0.7547875866293907
  view-data: 3.615581750869751
