times:
  edit-metadata: 1.5355289801955223
  landing: 0.8325836732983589
  view-data: 3.522980257868767
