times:
  edit-metadata: 1.413649432361126
  landing: 0.8458417430520058
  view-data: 3.5803104043006897
