times:
  edit-metadata: 1.5288318544626236
  landing: 0.7300830632448196
  view-data: 3.4988863840699196
