times:
  edit-metadata: 1.477032620459795
  landing: 0.7397070154547691
  view-data: 3.3224380277097225
