times:
  edit-metadata: 1.461879476904869
  landing: 0.7558562904596329
  view-data: 3.3169842958450317
