times:
  edit-metadata: 1.527143344283104
  landing: 0.7382998242974281
  view-data: 3.5316411703824997
