times:
  edit-metadata: 1.4824122488498688
  landing: 0.8470427021384239
  view-data: 3.378650262951851
