times:
  edit-metadata: 1.4772410839796066
  landing: 0.8343956395983696
  view-data: 3.3345766440033913
