times:
  edit-metadata: 1.4834840521216393
  landing: 0.8263749852776527
  view-data: 3.5288040786981583
