times:
  edit-metadata: 1.3377625197172165
  landing: 0.7568862214684486
  view-data: 3.4365422800183296
