times:
  edit-metadata: 1.4650834873318672
  landing: 0.7247451022267342
  view-data: 3.2843541726469994
