times:
  edit-metadata: 1.8842129036784172
  landing: 1.1982638910412788
  view-data: 3.5325492843985558
