times:
  edit-metadata: 1.3881438076496124
  landing: 0.7421616688370705
  view-data: 3.5127087458968163
