times:
  edit-metadata: 1.4466722421348095
  landing: 0.8548138923943043
  view-data: 3.415339544415474
