times:
  edit-metadata: 1.469401329755783
  landing: 0.9129693582653999
  view-data: 3.5689318999648094
