times:
  edit-metadata: 1.360004998743534
  landing: 0.8462651968002319
  view-data: 3.5348547250032425
