times:
  edit-metadata: 1.8700623139739037
  landing: 1.0028716921806335
  view-data: 3.5196081176400185
