times:
  edit-metadata: 2.1609094962477684
  landing: 1.3092726841568947
  view-data: 3.6933925971388817
