times:
  edit-metadata: 1.3631246015429497
  landing: 0.7055102586746216
  view-data: 3.499681457877159
