times:
  edit-metadata: 1.5491813346743584
  landing: 0.8392813429236412
  view-data: 3.3061155527830124
