times:
  edit-metadata: 1.603872962296009
  landing: 0.7966092526912689
  view-data: 3.527528151869774
