times:
  edit-metadata: 1.4148949682712555
  landing: 0.8385265618562698
  view-data: 3.497909262776375
