times:
  edit-metadata: 1.3984950557351112
  landing: 0.7110326886177063
  view-data: 3.465328499674797
