times:
  edit-metadata: 1.3440845608711243
  landing: 0.7770827785134315
  view-data: 3.4800544530153275
