times:
  edit-metadata: 1.3608233854174614
  landing: 0.73833417147398
  view-data: 3.477309763431549
