times:
  edit-metadata: 1.4254716485738754
  landing: 0.8342427909374237
  view-data: 3.3457989618182182
