times:
  edit-metadata: 1.369437962770462
  landing: 0.8265766054391861
  view-data: 3.3415276408195496
