times:
  edit-metadata: 1.3636259958148003
  landing: 0.7132410034537315
  view-data: 3.307752601802349
