times:
  edit-metadata: 1.503400281071663
  landing: 0.7819361165165901
  view-data: 3.4948920607566833
