times:
  edit-metadata: 1.3326065465807915
  landing: 0.7766287624835968
  view-data: 3.2522187680006027
