times:
  edit-metadata: 1.4602773264050484
  landing: 0.8001993298530579
  view-data: 3.5372611209750175
