times:
  edit-metadata: 1.3788352236151695
  landing: 0.7558527588844299
  view-data: 3.4161007553339005
