times:
  edit-metadata: 1.467672385275364
  landing: 0.7915028557181358
  view-data: 3.3270711302757263
