times:
  edit-metadata: 1.448778934776783
  landing: 0.7871531993150711
  view-data: 3.46728079020977
