times:
  edit-metadata: 1.586570180952549
  landing: 0.9170765951275826
  view-data: 3.299570269882679
