times:
  edit-metadata: 2.3204767405986786
  landing: 1.4601422920823097
  view-data: 3.41980741918087
