times:
  edit-metadata: 1.3726610988378525
  landing: 0.7770632654428482
  view-data: 3.488403759896755
