times:
  edit-metadata: 1.4019494652748108
  landing: 0.8499133363366127
  view-data: 3.48628731071949
