times:
  edit-metadata: 1.4421180710196495
  landing: 0.7741827443242073
  view-data: 3.3521778434515
