times:
  edit-metadata: 1.484531283378601
  landing: 0.8165806457400322
  view-data: 3.3073707669973373
