times:
  edit-metadata: 1.7292063385248184
  landing: 1.0682895928621292
  view-data: 3.5147902369499207
