times:
  edit-metadata: 1.5089496672153473
  landing: 0.7546475827693939
  view-data: 3.528183586895466
