times:
  edit-metadata: 1.6894294917583466
  landing: 1.2431035786867142
  view-data: 3.4165265932679176
