times:
  edit-metadata: 1.956682175397873
  landing: 1.0335827320814133
  view-data: 3.4813834503293037
