times:
  edit-metadata: 1.7571605294942856
  landing: 1.3290959745645523
  view-data: 3.739944741129875
