times:
  edit-metadata: 1.4658944979310036
  landing: 0.8737630993127823
  view-data: 3.514379642903805
