times:
  edit-metadata: 1.039563799276948
  landing: 0.049051444977521896
  view-data: 0.23312586173415184
