times:
  edit-metadata: 2.2826735861599445
  landing: 0.02204989455640316
  view-data: 0.027713950723409653
