times:
  edit-metadata: 1.3946606279350817
  landing: 0.7392191258259118
  view-data: 3.3263659779913723
