times:
  edit-metadata: 1.0498244920745492
  landing: 0.049467289820313454
  view-data: 0.22334781987592578
