times:
  edit-metadata: 3.5821830481290817
  landing: 0.5619335509836674
  view-data: 0.24519703537225723
