times:
  edit-metadata: 1.3511672939639539
  landing: 0.7469565570354462
  view-data: 3.3912470880895853
