times:
  landing: 0.5517093449999777
  view-data: 0.5544708460000152
