times:
  edit-metadata: 1.427231078967452
  landing: 0.8787171188741922
  view-data: 3.3510286454111338
