times:
  landing: 0.5489530620000096
  view-data: 0.049619559999996454
