times:
  landing: 0.5486215349999952
  view-data: 0.5635618520000207
