times:
  edit-metadata: 2.8260960206389427
  landing: 1.211989289149642
  view-data: 0.46556324511766434
