times:
  edit-metadata: 1.3827266283333302
  landing: 0.8819135762751102
  view-data: 3.2722386587411165
