times:
  edit-metadata: 2.3846214590012096
  landing: 0.054682867019437253
  view-data: 0.22348636301467195
