times:
  edit-metadata: 3.3969655726104975
  landing: 0.5302699822932482
  view-data: 0.23873375542461872
