times:
  edit-metadata: 2.3532482776790857
  landing: 0.35719681717455387
  view-data: 0.394817840307951
