times:
  edit-metadata: 1.383155019953847
  landing: 0.8250355795025826
  view-data: 3.323756694793701
