times:
  edit-metadata: 1.2110943091101944
  landing: 0.04493844881653786
  view-data: 0.27690783282741904
