times:
  edit-metadata: 1.651485787704587
  landing: 1.131161067634821
  view-data: 3.3620354048907757
