times:
  landing: 0.5474670619999529
  view-data: 0.5515637889999994
