times:
  edit-metadata: 1.6238624397665262
  landing: 1.0541741326451302
  view-data: 3.3719888255000114
