times:
  edit-metadata: 2.568738292902708
  landing: 0.05079684406518936
  view-data: 0.24527858942747116
