times:
  edit-metadata: 1.610142694786191
  landing: 0.9759708568453789
  view-data: 3.3847348894923925
