times:
  edit-metadata: 1.0363629460334778
  landing: 0.044618938118219376
  view-data: 0.23822258226573467
