times:
  landing: 0.5531679069999882
  view-data: 0.5564766170000439
