times:
  edit-metadata: 2.8176653999835253
  landing: 0.9483452551066875
  view-data: 0.383805425837636
