times:
  edit-metadata: 1.709832824766636
  landing: 1.0449499115347862
  view-data: 3.342845134437084
