times:
  edit-metadata: 2.5896446108818054
  landing: 0.04052126035094261
  view-data: 0.2555105425417423
