times:
  edit-metadata: 2.185304829850793
  landing: 0.021056962199509144
  view-data: 0.022630288265645504
