times:
  edit-metadata: 1.14831352699548
  landing: 0.05154405394569039
  view-data: 0.27340945205651224
