times:
  edit-metadata: 1.143227448919788
  landing: 0.05502953194081783
  view-data: 0.2752806800417602
