times:
  edit-metadata: 1.4941748213022947
  landing: 0.7748101428151131
  view-data: 3.311282631009817
