times:
  landing: 0.5676230660000101
  view-data: 0.5558929919999969
