times:
  edit-metadata: 1.12711360771209
  landing: 0.05244494369253516
  view-data: 0.39162348210811615
