times:
  edit-metadata: 1.4692347943782806
  landing: 0.8270325865596533
  view-data: 3.3814039900898933
