times:
  edit-metadata: 1.5181232802569866
  landing: 0.8022304512560368
  view-data: 3.3088019713759422
