times:
  edit-metadata: 2.065077911131084
  landing: 0.11610075272619724
  view-data: 0.024246573448181152
