times:
  edit-metadata: 1.6052093356847763
  landing: 1.0376856066286564
  view-data: 3.3371157944202423
