times:
  edit-metadata: 2.4245572010986507
  landing: 0.052295607049018145
  view-data: 0.23024791525676847
