times:
  edit-metadata: 1.163887421018444
  landing: 0.061886883922852576
  view-data: 0.2841083270031959
