times:
  edit-metadata: 2.107122658751905
  landing: 0.2564412299543619
  view-data: 0.3977144695818424
