times:
  edit-metadata: 2.3341234719846398
  landing: 0.04099413799121976
  view-data: 0.22550027794204652
