times:
  edit-metadata: 1.6760384924709797
  landing: 1.0726879425346851
  view-data: 3.2830179184675217
