times:
  landing: 0.5541367490000084
  view-data: 0.561956857000041
