times:
  edit-metadata: 2.860102145932615
  landing: 0.24520650878548622
  view-data: 0.4869990535080433
