times:
  landing: 1.0790937849999978
  view-data: 0.5575740990000213
