times:
  landing: 0.5497110039999598
  view-data: 0.6034369120000065
