times:
  landing: 1.0754353079999532
  view-data: 0.5602146470000093
