times:
  landing: 1.0701243980000754
  view-data: 0.5581934120000369
