times:
  edit-metadata: 1.0983345098793507
  landing: 0.05124911107122898
  view-data: 0.23007470974698663
