times:
  edit-metadata: 1.2311657980026212
  landing: 0.05970498500391841
  view-data: 0.3414193179924041
