times:
  edit-metadata: 3.5299825724214315
  landing: 0.6312058083713055
  view-data: 0.23826049268245697
