times:
  edit-metadata: 1.157629891007673
  landing: 0.05487313796766102
  view-data: 0.2595100209582597
