times:
  edit-metadata: 1.368993105366826
  landing: 0.7423878647387028
  view-data: 3.288810010999441
