times:
  edit-metadata: 2.2481721059884876
  landing: 0.06366813404019922
  view-data: 0.21765638096258044
