times:
  edit-metadata: 2.1447635367512703
  landing: 0.021829371340572834
  view-data: 0.1360038472339511
