times:
  edit-metadata: 2.8909908179193735
  landing: 1.0634625907987356
  view-data: 0.3795595206320286
