times:
  edit-metadata: 2.295587183907628
  landing: 0.18493966571986675
  view-data: 0.14690355956554413
