times:
  edit-metadata: 1.0277103539556265
  landing: 0.04904538672417402
  view-data: 0.2328769452869892
