times:
  edit-metadata: 2.876690125092864
  landing: 0.20081381127238274
  view-data: 0.025002121925354004
