times:
  edit-metadata: 1.8929505357518792
  landing: 1.2651796899735928
  view-data: 3.3787403171882033
