times:
  edit-metadata: 2.7256875839084387
  landing: 0.020368240773677826
  view-data: 0.44051660783588886
