times:
  edit-metadata: 2.4753280819859356
  landing: 0.04842156800441444
  view-data: 0.21844190801493824
