times:
  edit-metadata: 1.1573752518743277
  landing: 0.055364374071359634
  view-data: 0.23762335535138845
