times:
  edit-metadata: 1.0971138821914792
  landing: 0.061431760899722576
  view-data: 0.22844339162111282
