times:
  edit-metadata: 2.190233319066465
  landing: 0.01933559961616993
  view-data: 0.13342933729290962
