times:
  edit-metadata: 2.1725601349025965
  landing: 0.042219994124025106
  view-data: 0.22834355290979147
