times:
  edit-metadata: 2.3633300941437483
  landing: 0.018512191250920296
  view-data: 0.1510376911610365
