times:
  edit-metadata: 2.8880424350500107
  landing: 0.21886653639376163
  view-data: 0.2850814964622259
