times:
  edit-metadata: 1.5350154899060726
  landing: 0.9597952403128147
  view-data: 3.307601172477007
