times:
  edit-metadata: 3.0201205369085073
  landing: 0.9669971410185099
  view-data: 0.37538306042551994
