times:
  edit-metadata: 1.562292069196701
  landing: 0.8186352849006653
  view-data: 3.361392144113779
