times:
  edit-metadata: 1.2279496139963157
  landing: 0.04703007699572481
  view-data: 0.2715845250058919
