times:
  edit-metadata: 2.9155472218990326
  landing: 1.03168461099267
  view-data: 0.3953205980360508
