times:
  edit-metadata: 1.0540027627721429
  landing: 0.04201511945575476
  view-data: 0.22491225693374872
