times:
  edit-metadata: 2.904860284179449
  landing: 0.5865056347101927
  view-data: 0.6772329490631819
