times:
  edit-metadata: 1.2712577899219468
  landing: 0.04707190801855177
  view-data: 0.2640084319282323
