times:
  edit-metadata: 2.2728677508421242
  landing: 0.05843013385310769
  view-data: 0.309400669997558
