times:
  edit-metadata: 2.1396022100234404
  landing: 0.04955430002883077
  view-data: 0.2158419289626181
