times:
  edit-metadata: 2.2678320328705013
  landing: 0.05201783706434071
  view-data: 0.22515726601704955
