times:
  edit-metadata: 1.4773537395521998
  landing: 0.8589444365352392
  view-data: 3.4043448930606246
