times:
  landing: 1.0917505269999879
  view-data: 0.5570348880000324
