times:
  edit-metadata: 2.1932565607130527
  landing: 0.020343023352324963
  view-data: 0.02817891724407673
