times:
  edit-metadata: 2.2444424550049007
  landing: 0.053557259001536295
  view-data: 0.2226057220104849
