times:
  landing: 0.5450711519999913
  view-data: 0.5458600019999267
