times:
  edit-metadata: 1.364195654168725
  landing: 0.8701154328882694
  view-data: 3.452070351690054
