times:
  edit-metadata: 2.5708710514009
  landing: 0.0558614656329155
  view-data: 0.2511015199124813
