times:
  edit-metadata: 1.0927755162119865
  landing: 0.05007738806307316
  view-data: 0.23155301110818982
