times:
  edit-metadata: 2.2460674587637186
  landing: 0.02146732248365879
  view-data: 0.34933083318173885
