times:
  edit-metadata: 2.8435862343758345
  landing: 0.6172774042934179
  view-data: 0.31872303783893585
