times:
  edit-metadata: 1.3802993893623352
  landing: 0.8696912471204996
  view-data: 3.3324870634824038
