times:
  edit-metadata: 3.3368618600070477
  landing: 0.8577698431909084
  view-data: 0.2812867797911167
