times:
  edit-metadata: 2.1723951287567616
  landing: 0.14064257312566042
  view-data: 0.46661185193806887
