times:
  landing: 0.5474263959999917
  view-data: 0.5514705269999922
