times:
  edit-metadata: 1.5050111822783947
  landing: 0.9112338908016682
  view-data: 3.335241787135601
