times:
  edit-metadata: 2.53790617804043
  landing: 0.04276103503070772
  view-data: 0.22970884386450052
