times:
  edit-metadata: 2.169504562392831
  landing: 0.020445343106985092
  view-data: 0.024068253114819527
