times:
  edit-metadata: 1.537284404039383
  landing: 0.8433514386415482
  view-data: 3.270210735499859
