times:
  edit-metadata: 2.0918715186417103
  landing: 0.19781754724681377
  view-data: 0.5169852543622255
