times:
  landing: 1.5978910509999764
  view-data: 0.5611300949999531
