times:
  edit-metadata: 2.2183556808158755
  landing: 0.20767899230122566
  view-data: 0.3548213141039014
