times:
  edit-metadata: 2.2580117247998714
  landing: 0.14865193329751492
  view-data: 0.02529314160346985
