times:
  edit-metadata: 1.4645807445049286
  landing: 0.7842709142714739
  view-data: 3.401926264166832
