times:
  edit-metadata: 1.3378411559388041
  landing: 0.06638800632208586
  view-data: 0.2264305017888546
