times:
  landing: 0.5514679030000025
  view-data: 0.5686311370000112
