times:
  landing: 1.081878899000003
  view-data: 0.55749649400002
