times:
  edit-metadata: 1.3777284268289804
  landing: 0.7935751080513
  view-data: 3.386069569736719
