times:
  edit-metadata: 2.2757473085075617
  landing: 0.020832445472478867
  view-data: 0.025700591504573822
