times:
  edit-metadata: 1.6503781378269196
  landing: 1.074233703315258
  view-data: 3.504905503243208
