times:
  edit-metadata: 2.1214262237772346
  landing: 0.022046399302780628
  view-data: 0.23347645811736584
