times:
  edit-metadata: 2.173720351420343
  landing: 0.13628368265926838
  view-data: 0.02511025220155716
