times:
  edit-metadata: 2.1209701532498
  landing: 0.23379001766443253
  view-data: 0.12078750785440207
