times:
  edit-metadata: 2.1981303207576275
  landing: 0.02133458573371172
  view-data: 0.02411904837936163
