times:
  edit-metadata: 1.1499833089765161
  landing: 0.060874203918501735
  view-data: 0.24910236499272287
