times:
  edit-metadata: 2.188035635277629
  landing: 0.19544187653809786
  view-data: 0.3342253975570202
