times:
  edit-metadata: 1.9769354686141014
  landing: 1.2455716878175735
  view-data: 3.3472967110574245
