times:
  edit-metadata: 2.152123188599944
  landing: 0.02066720835864544
  view-data: 0.025332261808216572
