times:
  landing: 0.552860016000011
  view-data: 0.5581606449999867
