times:
  landing: 0.5461585079999622
  view-data: 0.5497063530000332
