times:
  edit-metadata: 1.7072732970118523
  landing: 1.2473423033952713
  view-data: 3.3904038816690445
