times:
  edit-metadata: 2.1096331533044577
  landing: 0.018334612250328064
  view-data: 0.024728264659643173
