times:
  edit-metadata: 2.64614549651742
  landing: 0.04099878668785095
  view-data: 0.2575863376259804
