times:
  edit-metadata: 1.5100541971623898
  landing: 0.9408837296068668
  view-data: 3.295503668487072
