times:
  landing: 0.5586482489999867
  view-data: 0.05016515099998742
