times:
  edit-metadata: 2.367933174595237
  landing: 0.022524306550621986
  view-data: 0.10770769603550434
