times:
  edit-metadata: 2.150228747166693
  landing: 0.15778971184045076
  view-data: 0.3837753040716052
