times:
  edit-metadata: 2.126190035021864
  landing: 0.04278116801287979
  view-data: 0.2156365750124678
