times:
  edit-metadata: 2.1857334268279374
  landing: 0.04652665602043271
  view-data: 0.23032669303938746
