times:
  edit-metadata: 2.175048021133989
  landing: 0.04555935878306627
  view-data: 0.2216876819729805
