times:
  edit-metadata: 1.0719523942098022
  landing: 0.0554496543481946
  view-data: 0.2598884887993336
