times:
  landing: 1.0632985889999986
  view-data: 0.5504855039999939
