times:
  edit-metadata: 2.342329975217581
  landing: 0.02079816907644272
  view-data: 0.12290637381374836
