times:
  edit-metadata: 0.9962515067309141
  landing: 0.05058607226237655
  view-data: 0.22358768479898572
