times:
  landing: 0.5456498779999492
  view-data: 0.5522539710000274
