times:
  landing: 0.5467727859999911
  view-data: 0.5606505899999945
