times:
  landing: 1.084706524000012
  view-data: 0.5650001970000176
