times:
  landing: 0.5550849109999945
  view-data: 0.5753817240000103
