times:
  edit-metadata: 2.173122052103281
  landing: 0.018864644691348076
  view-data: 0.13799577299505472
