times:
  edit-metadata: 2.5590594839304686
  landing: 0.20324264653027058
  view-data: 0.17543103359639645
