times:
  landing: 0.5464579090000257
  view-data: 0.5606584129999987
