times:
  edit-metadata: 2.446889267070219
  landing: 0.04993347614072263
  view-data: 0.23988017882220447
