times:
  edit-metadata: 2.627430509775877
  landing: 0.2389579676091671
  view-data: 0.02796909213066101
