times:
  edit-metadata: 3.541205011308193
  landing: 1.6731641571968794
  view-data: 0.7132014613598585
