times:
  edit-metadata: 1.5399545468389988
  landing: 0.8408720009028912
  view-data: 3.346156917512417
