times:
  edit-metadata: 1.3094483306631446
  landing: 0.8320500962436199
  view-data: 3.413647970184684
