times:
  edit-metadata: 1.2658913480117917
  landing: 0.050474231131374836
  view-data: 0.2671907339245081
