times:
  edit-metadata: 1.0833131335675716
  landing: 0.046314201317727566
  view-data: 0.24943405482918024
