times:
  landing: 1.0744368459999691
  view-data: 0.5577979009999581
