times:
  landing: 1.069348484000102
  view-data: 0.5625642219999918
