times:
  edit-metadata: 1.1365059241652489
  landing: 0.043596984818577766
  view-data: 0.23766181245446205
