times:
  landing: 1.081339494999952
  view-data: 0.5616537170000129
