times:
  landing: 0.5605606220000254
  view-data: 0.5617161940000415
