times:
  edit-metadata: 1.1498040249571204
  landing: 0.050396224949508905
  view-data: 0.250039542093873
