times:
  edit-metadata: 2.134337150491774
  landing: 0.1424702014774084
  view-data: 0.23472934029996395
