times:
  edit-metadata: 2.025680309161544
  landing: 0.01917962171137333
  view-data: 0.14340143837034702
