times:
  landing: 0.5511423379999769
  view-data: 0.5518829799999594
