times:
  edit-metadata: 1.4306609160266817
  landing: 0.8655214050086215
  view-data: 3.2686839300440624
