times:
  edit-metadata: 1.1515434470493346
  landing: 0.05247779400087893
  view-data: 0.2609915059292689
