times:
  edit-metadata: 1.553815446794033
  landing: 1.7723864261060953
  view-data: 3.4093350414186716
