times:
  edit-metadata: 3.7076526191085577
  landing: 0.3597367787733674
  view-data: 0.22969208005815744
