times:
  edit-metadata: 2.7104835119098425
  landing: 1.1360231079161167
  view-data: 0.39036429300904274
