times:
  edit-metadata: 1.5135814007371664
  landing: 0.7802407033741474
  view-data: 3.3516432531177998
