times:
  edit-metadata: 1.627522248774767
  landing: 0.9905680064111948
  view-data: 3.371807398274541
