times:
  landing: 0.5496057860000292
  view-data: 0.6049747499999967
