times:
  edit-metadata: 2.230076896987157
  landing: 0.05578975600656122
  view-data: 0.23076041199965402
