times:
  edit-metadata: 2.767312664538622
  landing: 0.6637027524411678
  view-data: 0.38533588871359825
