times:
  edit-metadata: 2.556062750518322
  landing: 0.04556800425052643
  view-data: 0.25236426293849945
