times:
  edit-metadata: 1.1517724270233884
  landing: 0.05581793491728604
  view-data: 0.26721254305448383
