times:
  edit-metadata: 1.4655318856239319
  landing: 0.9388367310166359
  view-data: 3.366679973900318
