times:
  landing: 1.0763595879999457
  view-data: 0.5588253170000144
