times:
  landing: 0.5803591279999978
  view-data: 0.5509974990000046
