times:
  edit-metadata: 2.226553314831108
  landing: 0.0501664811745286
  view-data: 0.22154873702675104
