times:
  edit-metadata: 1.2608295870013535
  landing: 0.11125881224870682
  view-data: 0.25374753260985017
