times:
  edit-metadata: 2.052240688353777
  landing: 0.13193867728114128
  view-data: 0.022765567526221275
