times:
  landing: 1.085545624999952
  view-data: 0.5593285790000095
