times:
  edit-metadata: 1.1895745731890202
  landing: 0.04948581010103226
  view-data: 0.243739492027089
