times:
  edit-metadata: 1.8783311918377876
  landing: 1.1317175067961216
  view-data: 3.324251995421946
