times:
  edit-metadata: 2.080064233392477
  landing: 1.4776486568152905
  view-data: 3.4787841960787773
