times:
  edit-metadata: 1.7209972627460957
  landing: 1.0668132491409779
  view-data: 3.32733160443604
