times:
  edit-metadata: 1.4353855345398188
  landing: 0.8920773714780807
  view-data: 3.331923307850957
