times:
  edit-metadata: 3.546373937278986
  landing: 0.9635426681488752
  view-data: 0.26750708743929863
