times:
  edit-metadata: 2.6069264002144337
  landing: 0.2029423527419567
  view-data: 0.13927091099321842
