times:
  edit-metadata: 0.9893211941234767
  landing: 0.047326983883976936
  view-data: 0.22088331216946244
