times:
  landing: 0.5484398860000397
  view-data: 0.5564759419999632
