times:
  edit-metadata: 1.0190944238565862
  landing: 0.042042678222060204
  view-data: 0.22097828891128302
