times:
  landing: 0.5896648589999813
  view-data: 0.5652990930000215
