times:
  edit-metadata: 1.3222534726373851
  landing: 0.8842813577502966
  view-data: 3.3491739579476416
