times:
  edit-metadata: 1.593464456498623
  landing: 0.8650243766605854
  view-data: 3.4146076813340187
