times:
  edit-metadata: 1.7200022265315056
  landing: 1.027316726744175
  view-data: 3.481448955833912
