times:
  edit-metadata: 2.83370797149837
  landing: 0.7455026749521494
  view-data: 0.3189744669944048
