times:
  landing: 0.561370925999995
  view-data: 0.5530860800000141
