times:
  landing: 0.5498393550000173
  view-data: 0.5508619489999944
