times:
  edit-metadata: 1.3359322808682919
  landing: 0.043943807017058134
  view-data: 0.24553697323426604
