times:
  edit-metadata: 2.8090257085859776
  landing: 0.048032429069280624
  view-data: 0.26131437718868256
