times:
  edit-metadata: 1.1605907650664449
  landing: 0.0523185518104583
  view-data: 0.26171797094866633
