times:
  edit-metadata: 1.0342390043660998
  landing: 0.047065036837011576
  view-data: 0.2254434241913259
