times:
  edit-metadata: 2.8582354243844748
  landing: 0.04655922017991543
  view-data: 0.24985372088849545
