times:
  edit-metadata: 3.33532246761024
  landing: 0.49197592586278915
  view-data: 0.4743901416659355
