times:
  edit-metadata: 1.5781362988054752
  landing: 0.8945658728480339
  view-data: 3.451241996139288
