times:
  edit-metadata: 2.375105084851384
  landing: 0.04962380416691303
  view-data: 0.4765232279896736
