times:
  edit-metadata: 2.052589787170291
  landing: 0.13058283366262913
  view-data: 0.02660055086016655
