times:
  edit-metadata: 2.0703568793833256
  landing: 0.20811346359550953
  view-data: 0.11844360828399658
