times:
  edit-metadata: 1.0319395340047777
  landing: 0.04682553932070732
  view-data: 0.22540947003290057
