times:
  edit-metadata: 1.4631186611950397
  landing: 0.9255601167678833
  view-data: 3.342527348548174
