times:
  landing: 0.550650834999999
  view-data: 0.5726133839999932
