times:
  edit-metadata: 2.3069758843630552
  landing: 0.01926492154598236
  view-data: 0.4117258284240961
