times:
  edit-metadata: 1.1276064072735608
  landing: 0.05876252194866538
  view-data: 0.261482329107821
