times:
  edit-metadata: 2.1955737182870507
  landing: 0.2711832160130143
  view-data: 0.12462921626865864
