times:
  edit-metadata: 2.150794222019613
  landing: 0.04501471295952797
  view-data: 0.21567661600420251
