times:
  edit-metadata: 1.5595628172159195
  landing: 0.900359857827425
  view-data: 3.2761965207755566
