times:
  edit-metadata: 2.1268072463572025
  landing: 0.19393876288086176
  view-data: 0.023334459401667118
