times:
  edit-metadata: 1.3141189059824683
  landing: 0.04744885800755583
  view-data: 0.43420408701058477
