times:
  edit-metadata: 1.5082881338894367
  landing: 0.8893861547112465
  view-data: 3.344228159636259
