times:
  edit-metadata: 2.220799744129181
  landing: 0.021529044955968857
  view-data: 0.1217835284769535
