times:
  edit-metadata: 2.3692202609963715
  landing: 0.13415083615109324
  view-data: 0.3569788462482393
