times:
  edit-metadata: 1.1407270720228553
  landing: 0.05389805696904659
  view-data: 0.2876541977748275
