times:
  landing: 0.5549875590000113
  view-data: 0.5500064619999989
