times:
  edit-metadata: 2.1023364504799247
  landing: 0.018058301880955696
  view-data: 0.22556273080408573
