times:
  edit-metadata: 2.0607020296156406
  landing: 0.20691361092031002
  view-data: 0.13727056793868542
