times:
  landing: 0.5446891598403454
  view-data: 0.5548816532827914
