times:
  edit-metadata: 1.14577344499412
  landing: 0.04917451200890355
  view-data: 0.24516665400005877
