times:
  edit-metadata: 2.3264004196971655
  landing: 0.022172212600708008
  view-data: 0.23872268572449684
