times:
  landing: 0.561641270999985
  view-data: 0.05540474100001802
