times:
  edit-metadata: 1.6161448620259762
  landing: 1.1466332580894232
  view-data: 3.365892292931676
