times:
  landing: 0.5569015130000139
  view-data: 0.5548875030000318
