times:
  edit-metadata: 2.1458501052111387
  landing: 0.01876717060804367
  view-data: 0.4699337733909488
