times:
  edit-metadata: 2.164105102419853
  landing: 1.1229015868157148
  view-data: 3.442981794476509
