times:
  edit-metadata: 2.5154162030667067
  landing: 0.04514680593274534
  view-data: 0.22888429509475827
