times:
  landing: 1.0843870890000744
  view-data: 0.5626512049999519
