times:
  edit-metadata: 2.119063012301922
  landing: 0.01934277079999447
  view-data: 0.026235097087919712
