times:
  edit-metadata: 1.1463721430045553
  landing: 0.06335149402730167
  view-data: 0.27524839504621923
