times:
  landing: 0.5604911529999868
  view-data: 0.5620866509999587
