times:
  edit-metadata: 2.25651235319674
  landing: 0.13982441648840904
  view-data: 0.023828594014048576
