times:
  edit-metadata: 1.5058433637022972
  landing: 0.9001550357788801
  view-data: 3.3088380601257086
