times:
  edit-metadata: 2.9598449263721704
  landing: 0.7900466620922089
  view-data: 0.3763229977339506
