times:
  edit-metadata: 2.3652448505163193
  landing: 0.13096183352172375
  view-data: 0.4175088796764612
