times:
  edit-metadata: 1.634332474321127
  landing: 1.105378545820713
  view-data: 3.4661886747926474
