times:
  landing: 0.5498014190000049
  view-data: 0.5541385719999994
