times:
  edit-metadata: 1.5116746369749308
  landing: 0.9522830098867416
  view-data: 3.3127456102520227
