times:
  landing: 2.216372105991468
  view-data: 0.03189248591661453
