times:
  edit-metadata: 1.309683267987566
  landing: 0.07371071897796355
  view-data: 0.3185193499957677
