times:
  edit-metadata: 2.161287175025791
  landing: 1.2271356098353863
  view-data: 3.4767921390011907
