times:
  edit-metadata: 2.5605852603912354
  landing: 0.04313061758875847
  view-data: 0.25924844667315483
