times:
  edit-metadata: 2.201648761983961
  landing: 0.05932528502307832
  view-data: 0.22217784891836345
