times:
  edit-metadata: 2.9563466235995293
  landing: 1.1061612498015165
  view-data: 0.6687441151589155
