times:
  edit-metadata: 1.181554151698947
  landing: 0.05434748297557235
  view-data: 0.2443107571452856
