times:
  edit-metadata: 2.049843830987811
  landing: 0.020168214105069637
  view-data: 0.02602345682680607
