times:
  edit-metadata: 1.0609171520918608
  landing: 0.05377384927123785
  view-data: 0.23661446198821068
