times:
  edit-metadata: 2.070819110609591
  landing: 0.01954623032361269
  view-data: 0.23633845709264278
