times:
  edit-metadata: 1.1138574269134551
  landing: 0.05557210196275264
  view-data: 0.2771909770090133
