times:
  edit-metadata: 2.6077526062726974
  landing: 0.051251791417598724
  view-data: 0.24705135449767113
