times:
  edit-metadata: 2.719564065337181
  landing: 0.5752883329987526
  view-data: 0.2727389317005873
