times:
  edit-metadata: 1.9805018678307533
  landing: 1.2478238511830568
  view-data: 3.350200977176428
