times:
  edit-metadata: 2.3002231910359114
  landing: 0.04317277006339282
  view-data: 0.23119858896825463
