times:
  edit-metadata: 3.4899320639669895
  landing: 0.6982251461595297
  view-data: 0.2594987712800503
