times:
  landing: 0.5471096929999817
  view-data: 0.5609121909999999
