times:
  landing: 0.5449011169999949
  view-data: 0.5565888930000256
