times:
  landing: 0.5561123589999966
  view-data: 0.5562322619999804
