times:
  landing: 0.5515231169999879
  view-data: 0.5486264749999918
