times:
  edit-metadata: 1.1301875899080187
  landing: 0.05577651399653405
  view-data: 0.25192860898096114
