times:
  landing: 0.559860059000016
  view-data: 0.5564743369999974
