times:
  edit-metadata: 1.1143663171678782
  landing: 0.05096384231001139
  view-data: 0.25056642945855856
