times:
  landing: 0.5488997240000231
  view-data: 0.59340222000003
