times:
  landing: 0.5490110690000165
  view-data: 0.5573257060000287
