times:
  edit-metadata: 2.4884632639586926
  landing: 0.14517774991691113
  view-data: 0.026978205889463425
