times:
  edit-metadata: 2.2299619168043137
  landing: 0.13257360272109509
  view-data: 0.17051003873348236
