times:
  edit-metadata: 2.0705056162551045
  landing: 0.021190788596868515
  view-data: 0.02272798679769039
