times:
  edit-metadata: 2.4436848778277636
  landing: 0.05633434792980552
  view-data: 0.2340333671309054
