times:
  edit-metadata: 1.6826092638075352
  landing: 1.121359534561634
  view-data: 3.3950218707323074
