times:
  edit-metadata: 2.421590163372457
  landing: 0.8773074205964804
  view-data: 3.6333499010652304
