times:
  edit-metadata: 1.5189301259815693
  landing: 0.7683848403394222
  view-data: 3.2898812890052795
