times:
  edit-metadata: 2.8180394731462
  landing: 0.62415567971766
  view-data: 0.35561109706759453
