times:
  edit-metadata: 1.2499526609899476
  landing: 0.2204196079983376
  view-data: 0.21857559302588925
