times:
  edit-metadata: 2.366252690553665
  landing: 0.017938904464244843
  view-data: 0.02469623927026987
