times:
  landing: 1.0666964309999685
  view-data: 0.5478307230000041
