times:
  edit-metadata: 2.2488213051110506
  landing: 0.1887690518051386
  view-data: 0.41439771093428135
