times:
  edit-metadata: 1.440549973398447
  landing: 0.9845095500349998
  view-data: 3.3268001563847065
