times:
  edit-metadata: 2.2856523413211107
  landing: 0.13539579510688782
  view-data: 0.02654983475804329
