times:
  edit-metadata: 2.1328618554398417
  landing: 0.15138893108814955
  view-data: 0.02594082336872816
