times:
  edit-metadata: 3.5283247772604227
  landing: 0.9087493289262056
  view-data: 0.3277070000767708
