times:
  landing: 0.5536709099999939
  view-data: 0.5667139120000115
