times:
  edit-metadata: 1.4374406980350614
  landing: 0.05242451187223196
  view-data: 0.3752515478990972
