times:
  edit-metadata: 1.7880422659218311
  landing: 1.0962938219308853
  view-data: 3.4593821689486504
