times:
  edit-metadata: 3.5296947192400694
  landing: 0.43684905394911766
  view-data: 0.33321872539818287
