times:
  edit-metadata: 2.541727464646101
  landing: 0.17807424813508987
  view-data: 0.5478472169488668
