times:
  edit-metadata: 1.3685625460930169
  landing: 0.8680832318495959
  view-data: 3.301551332930103
