times:
  edit-metadata: 1.1185074299573898
  landing: 0.046450345776975155
  view-data: 0.24553361581638455
