times:
  edit-metadata: 2.887589341029525
  landing: 1.0986477676779032
  view-data: 0.6991787478327751
