times:
  edit-metadata: 1.627447847975418
  landing: 0.9001028300262988
  view-data: 3.351381874992512
