times:
  edit-metadata: 2.18745533330366
  landing: 0.046000073198229074
  view-data: 0.23102029506117105
