times:
  landing: 1.1122884459327906
  view-data: 0.5554360488895327
