times:
  edit-metadata: 1.9996166126802564
  landing: 0.019772816449403763
  view-data: 0.2257921826094389
