times:
  edit-metadata: 2.957026371732354
  landing: 0.6763140149414539
  view-data: 0.2595238070935011
