times:
  edit-metadata: 1.1494283450301737
  landing: 0.05215438298182562
  view-data: 0.26307277602609247
