times:
  edit-metadata: 1.4547323053702712
  landing: 0.09348556585609913
  view-data: 0.3935374668799341
