times:
  edit-metadata: 2.1617024578154087
  landing: 1.224553395062685
  view-data: 3.4786991253495216
