times:
  edit-metadata: 1.0488625867292285
  landing: 0.046940114349126816
  view-data: 0.23522563092410564
