times:
  edit-metadata: 2.8686624709516764
  landing: 1.0998035985976458
  view-data: 0.6784261167049408
