times:
  edit-metadata: 2.175647782161832
  landing: 0.02182087954133749
  view-data: 0.5249551683664322
