times:
  edit-metadata: 1.0498836850747466
  landing: 0.04589290823787451
  view-data: 0.2411807281896472
