times:
  edit-metadata: 2.34137593023479
  landing: 1.279825545847416
  view-data: 3.628934582695365
