times:
  edit-metadata: 2.625961873680353
  landing: 0.04971012845635414
  view-data: 0.2556064687669277
