times:
  edit-metadata: 1.141685571987182
  landing: 0.05178873799741268
  view-data: 0.2633362589403987
