times:
  edit-metadata: 2.5302666760981083
  landing: 0.1449855100363493
  view-data: 0.026280762627720833
