times:
  edit-metadata: 2.221080649178475
  landing: 0.05013828631490469
  view-data: 0.2283856561407447
