times:
  landing: 1.0754788239999584
  view-data: 0.5522371419999672
