times:
  landing: 0.6167343619999883
  view-data: 0.5588436080000179
