times:
  edit-metadata: 2.570553030818701
  landing: 0.22629772871732712
  view-data: 0.1419146414846182
