times:
  edit-metadata: 1.093143006786704
  landing: 0.049898351076990366
  view-data: 0.2268067877739668
