times:
  edit-metadata: 2.8178009651601315
  landing: 0.05131077766418457
  view-data: 0.2617211677134037
