times:
  edit-metadata: 1.626674935221672
  landing: 1.1682584257796407
  view-data: 3.3562871078029275
