times:
  edit-metadata: 1.0588855827227235
  landing: 0.051643204875290394
  view-data: 0.2295175869949162
