times:
  edit-metadata: 1.0643702642992139
  landing: 0.04934379318729043
  view-data: 0.22319607809185982
