times:
  edit-metadata: 1.261939108837396
  landing: 0.04794731829315424
  view-data: 0.2649653269909322
