times:
  edit-metadata: 2.189266393892467
  landing: 0.019744206219911575
  view-data: 0.2236773120239377
