times:
  landing: 0.551279194000017
  view-data: 0.557608823999999
