times:
  edit-metadata: 2.033084108494222
  landing: 0.019506724551320076
  view-data: 0.22383345291018486
