times:
  edit-metadata: 2.2248176489956677
  landing: 0.05393389705568552
  view-data: 0.21827945508994162
