times:
  landing: 0.5522236770000006
  view-data: 0.5643109089999996
