times:
  edit-metadata: 2.224479580298066
  landing: 0.13826538808643818
  view-data: 0.4122770894318819
