times:
  edit-metadata: 2.0709204329177737
  landing: 0.018113689497113228
  view-data: 0.026093225926160812
