times:
  edit-metadata: 1.3802052848041058
  landing: 0.9864772818982601
  view-data: 3.332961168140173
