times:
  edit-metadata: 2.5229936093091965
  landing: 0.051592424511909485
  view-data: 0.26196321472525597
