times:
  edit-metadata: 2.1619360325857997
  landing: 0.020805261097848415
  view-data: 0.46419452130794525
