times:
  edit-metadata: 1.9593000169843435
  landing: 1.210780169814825
  view-data: 3.591618312522769
