times:
  edit-metadata: 2.1275511290878057
  landing: 0.021802648901939392
  view-data: 0.03302358090877533
