times:
  edit-metadata: 2.1086847223341465
  landing: 0.01886763609945774
  view-data: 0.39307093992829323
