times:
  edit-metadata: 1.4757082015275955
  landing: 0.8284067288041115
  view-data: 3.4613007865846157
