times:
  edit-metadata: 1.1524812038987875
  landing: 0.06455283123068511
  view-data: 0.28074222593568265
