times:
  edit-metadata: 1.3227886809036136
  landing: 0.8649493539705873
  view-data: 3.322244815528393
