times:
  edit-metadata: 2.0331251583993435
  landing: 1.5814593434333801
  view-data: 3.339690610766411
