times:
  edit-metadata: 2.2141930750076426
  landing: 0.055144095997093245
  view-data: 0.22920966699894052
