times:
  edit-metadata: 2.0700559597462416
  landing: 0.022315654903650284
  view-data: 0.12571748346090317
