times:
  edit-metadata: 2.277966460213065
  landing: 0.18724040687084198
  view-data: 0.027009233832359314
