times:
  edit-metadata: 2.180787120014429
  landing: 0.1532908957451582
  view-data: 0.38016206957399845
