times:
  edit-metadata: 3.642624342814088
  landing: 0.5875512883067131
  view-data: 0.24320235662162304
