times:
  edit-metadata: 1.257602762998431
  landing: 0.05507603199657751
  view-data: 0.28366508300678106
