times:
  landing: 1.0661903850000272
  view-data: 0.5507208289999994
