times:
  edit-metadata: 2.3219094164669514
  landing: 0.15725371427834034
  view-data: 0.35127791948616505
