times:
  edit-metadata: 2.0327969565987587
  landing: 0.023680634796619415
  view-data: 0.13339515030384064
