times:
  edit-metadata: 2.5122649632394314
  landing: 0.05460808798670769
  view-data: 0.25113606080412865
