times:
  edit-metadata: 2.0360475601628423
  landing: 0.021528848446905613
  view-data: 0.027458407916128635
