times:
  edit-metadata: 1.877762358635664
  landing: 1.1351536773145199
  view-data: 3.302739553153515
