times:
  edit-metadata: 2.808312928304076
  landing: 0.590156203135848
  view-data: 0.2598088514059782
