times:
  edit-metadata: 2.558582168072462
  landing: 0.05007217451930046
  view-data: 0.2468120940029621
