times:
  edit-metadata: 2.7722638957202435
  landing: 0.4994419403374195
  view-data: 0.26136340014636517
