times:
  edit-metadata: 2.2251388559816405
  landing: 0.04510103398934007
  view-data: 0.21845237410161644
