times:
  edit-metadata: 2.0866516968235373
  landing: 0.22344886884093285
  view-data: 0.024453074671328068
