times:
  landing: 1.5816705600000205
  view-data: 0.5837878219999766
