times:
  edit-metadata: 2.088498894125223
  landing: 0.01859329082071781
  view-data: 0.10396762937307358
