times:
  edit-metadata: 1.1367997189518064
  landing: 0.04711210005916655
  view-data: 0.2602396390866488
