times:
  landing: 0.5496131440000056
  view-data: 0.5548783699999831
