times:
  edit-metadata: 1.0430765259079635
  landing: 0.04963690880686045
  view-data: 0.22511620167642832
