times:
  edit-metadata: 2.5447578579187393
  landing: 0.7995548415929079
  view-data: 0.379190182313323
