times:
  edit-metadata: 2.224226986989379
  landing: 0.050878395326435566
  view-data: 0.22349843988195062
