times:
  edit-metadata: 2.1701149030122906
  landing: 0.050102547043934464
  view-data: 0.21961392590310425
