times:
  edit-metadata: 2.6736467834562063
  landing: 0.5749088358134031
  view-data: 0.6820390280336142
