times:
  edit-metadata: 1.4144518608227372
  landing: 0.917883338406682
  view-data: 3.4216775204986334
