times:
  edit-metadata: 1.4973532035946846
  landing: 0.7633433397859335
  view-data: 3.367347404360771
