times:
  edit-metadata: 2.3442463371902704
  landing: 0.1674260664731264
  view-data: 0.023931456729769707
