times:
  edit-metadata: 2.0986718740314245
  landing: 0.12330674473196268
  view-data: 0.4064112761989236
