times:
  edit-metadata: 1.000407313928008
  landing: 0.04428356001153588
  view-data: 0.22994997398927808
