times:
  edit-metadata: 1.7421699408441782
  landing: 1.0072611048817635
  view-data: 3.3666041139513254
