times:
  edit-metadata: 1.484909439459443
  landing: 0.8648754358291626
  view-data: 3.3378120847046375
