times:
  edit-metadata: 1.302287976257503
  landing: 0.7907410683110356
  view-data: 3.333925314247608
