times:
  edit-metadata: 2.67042038962245
  landing: 0.04940791800618172
  view-data: 0.26013217121362686
