times:
  edit-metadata: 1.3930891994386911
  landing: 0.7939585912972689
  view-data: 3.375245344825089
