times:
  landing: 1.1356953359999693
  view-data: 0.5527333520000184
