times:
  edit-metadata: 1.0713255875743926
  landing: 0.05247839819639921
  view-data: 0.22349750017747283
