times:
  landing: 0.6048639419999802
  view-data: 0.561129684000008
