times:
  edit-metadata: 1.1405202969908714
  landing: 0.04989857200416736
  view-data: 0.3757735719991615
