times:
  edit-metadata: 1.1405164480020176
  landing: 0.05137557400303194
  view-data: 0.25855013800173765
