times:
  edit-metadata: 2.1633585318922997
  landing: 0.021648772060871124
  view-data: 0.24711322132498026
