times:
  landing: 1.0664153320000196
  view-data: 0.5664879869999595
