times:
  edit-metadata: 1.1309712079819292
  landing: 0.05370499601121992
  view-data: 0.24420029198518023
