times:
  edit-metadata: 2.5595005713403225
  landing: 0.05056171119213104
  view-data: 0.24465545266866684
