times:
  edit-metadata: 1.3143017441034317
  landing: 0.8898387679364532
  view-data: 3.3136757449246943
