times:
  edit-metadata: 2.4633081518113613
  landing: 1.4684655331075191
  view-data: 3.5905140675604343
