times:
  landing: 0.5412263429999484
  view-data: 0.5456760990000475
