times:
  edit-metadata: 1.1350779270287603
  landing: 0.05521719600073993
  view-data: 0.2559308619238436
