times:
  edit-metadata: 2.0626537539064884
  landing: 0.04874882847070694
  view-data: 0.24326932057738304
