times:
  landing: 1.1074782833456993
  view-data: 0.5851916261017323
