times:
  edit-metadata: 1.6094656884670258
  landing: 1.220933448523283
  view-data: 3.3739992566406727
