times:
  landing: 0.5535734710000497
  view-data: 0.5644701629999531
