times:
  edit-metadata: 2.3022819478064775
  landing: 0.12043002247810364
  view-data: 0.41593097895383835
