times:
  edit-metadata: 2.0945393089205027
  landing: 0.019243202172219753
  view-data: 0.22880058642476797
