times:
  edit-metadata: 1.3654915355145931
  landing: 0.7569228261709213
  view-data: 3.3301969952881336
