times:
  landing: 1.0713311129999852
  view-data: 0.5477594669999917
