times:
  edit-metadata: 2.549216030165553
  landing: 0.4235721081495285
  view-data: 0.15038838610053062
