times:
  edit-metadata: 3.821959286928177
  landing: 0.619821410626173
  view-data: 0.3326225448399782
