times:
  edit-metadata: 2.098097126930952
  landing: 0.0523226261138916
  view-data: 0.21515182103030384
