times:
  landing: 1.07722920599997
  view-data: 0.5537540509999985
