times:
  edit-metadata: 2.5837334990501404
  landing: 0.05044517666101456
  view-data: 0.2604297026991844
