times:
  edit-metadata: 2.3433754928410053
  landing: 0.19174355268478394
  view-data: 0.36395732685923576
