times:
  edit-metadata: 2.177894689142704
  landing: 0.01926047820597887
  view-data: 0.11681194882839918
