times:
  landing: 1.0705310069999996
  view-data: 0.5561286579999773
