times:
  edit-metadata: 2.087923139333725
  landing: 0.01829138770699501
  view-data: 0.10289756394922733
