times:
  edit-metadata: 1.5432336516678333
  landing: 1.1864469461143017
  view-data: 3.345058921724558
