times:
  edit-metadata: 2.6013279892504215
  landing: 0.04389025643467903
  view-data: 0.25387265905737877
