times:
  edit-metadata: 2.140331300906837
  landing: 0.019721251912415028
  view-data: 0.4736338732764125
