times:
  landing: 1.682286906999991
  view-data: 0.6048929169999724
