times:
  edit-metadata: 1.1782366409897804
  landing: 0.04393348004668951
  view-data: 0.23631300078704953
