times:
  landing: 1.069676807999997
  view-data: 0.5525593659999686
