times:
  edit-metadata: 2.5580865889787674
  landing: 0.04902052506804466
  view-data: 0.24658560752868652
