times:
  edit-metadata: 1.6453896630555391
  landing: 1.3258710261434317
  view-data: 3.378504967316985
