times:
  landing: 0.5626989829999616
  view-data: 0.5600722009999686
