times:
  landing: 1.0730619199999865
  view-data: 0.5597970089999649
