times:
  landing: 0.5526920490000293
  view-data: 0.5597627199999806
