times:
  edit-metadata: 1.646569799631834
  landing: 1.0998748652637005
  view-data: 3.3585188761353493
