times:
  landing: 0.5428942590000077
  view-data: 0.5474624090000191
