times:
  landing: 0.5532761810000011
  view-data: 0.556798615000389
