times:
  edit-metadata: 1.5169911123812199
  landing: 0.9323591589927673
  view-data: 3.368681011721492
