times:
  edit-metadata: 2.5133013017475605
  landing: 0.05882607772946358
  view-data: 0.2592344768345356
