times:
  edit-metadata: 2.9903220590204
  landing: 0.10409351624548435
  view-data: 0.2869412209838629
