times:
  edit-metadata: 2.1017242185771465
  landing: 1.2466297466307878
  view-data: 3.426496086642146
