times:
  edit-metadata: 2.08703260589391
  landing: 0.019751145504415035
  view-data: 0.023401319049298763
