times:
  landing: 1.0701974309999969
  view-data: 0.5556643889999577
