times:
  edit-metadata: 1.4488060045987368
  landing: 0.8693641982972622
  view-data: 3.304722212255001
