times:
  edit-metadata: 2.831124819815159
  landing: 0.5090513564646244
  view-data: 0.2953928466886282
