times:
  edit-metadata: 1.5321475258097053
  landing: 1.097419360652566
  view-data: 3.3133321404457092
