times:
  edit-metadata: 2.2755916509777308
  landing: 0.021842259913682938
  view-data: 0.026803938671946526
