times:
  edit-metadata: 2.286178220063448
  landing: 0.2433936670422554
  view-data: 0.10115543752908707
