times:
  edit-metadata: 2.4726560518611223
  landing: 0.0910907939542085
  view-data: 0.25023486092686653
