times:
  edit-metadata: 2.0703032340388745
  landing: 0.04493533703498542
  view-data: 0.23716331296600401
