times:
  edit-metadata: 1.457951819524169
  landing: 0.7862730417400599
  view-data: 3.2892011888325214
