times:
  edit-metadata: 1.4737167470157146
  landing: 0.9283335153013468
  view-data: 3.3640210647135973
