times:
  landing: 1.1274717879999798
  view-data: 0.5586971590000189
