times:
  landing: 0.5520882240000162
  view-data: 0.5553915350000125
