times:
  edit-metadata: 1.4148885058239102
  landing: 0.808240526355803
  view-data: 3.3157835211604834
