times:
  edit-metadata: 1.1168214082717896
  landing: 0.045957019086927176
  view-data: 0.234633999876678
