times:
  edit-metadata: 1.072106456849724
  landing: 0.05547418165951967
  view-data: 0.22442992823198438
