times:
  edit-metadata: 1.512984100729227
  landing: 0.9163352027535439
  view-data: 3.493802295997739
