times:
  landing: 1.0641289040000856
  view-data: 0.5482901410000522
