times:
  edit-metadata: 1.284879800863564
  landing: 0.04841289483010769
  view-data: 0.3836983619257808
