times:
  edit-metadata: 2.71859429217875
  landing: 1.1066918522119522
  view-data: 0.31278964690864086
