times:
  edit-metadata: 2.130360011011362
  landing: 0.04511820594780147
  view-data: 0.21628708485513926
