times:
  edit-metadata: 2.581157607026398
  landing: 0.07133501209318638
  view-data: 0.2566250371746719
