times:
  edit-metadata: 3.0874540954828262
  landing: 0.8842955380678177
  view-data: 0.363124318420887
