times:
  edit-metadata: 1.4992984533309937
  landing: 0.8105301419273019
  view-data: 3.398088929243386
