times:
  edit-metadata: 2.0698321936652064
  landing: 0.17275427002459764
  view-data: 0.12475879117846489
