times:
  landing: 0.590760897999985
  view-data: 0.555124558999978
