times:
  edit-metadata: 2.173789646010846
  landing: 0.046169870998710394
  view-data: 0.2317239223048091
