times:
  edit-metadata: 2.834885835647583
  landing: 0.05468173883855343
  view-data: 0.2620106916874647
