times:
  edit-metadata: 2.4454879574477673
  landing: 0.05311014503240585
  view-data: 0.2510889619588852
