times:
  edit-metadata: 2.22681815699616
  landing: 0.057450592998065986
  view-data: 0.21984255700954236
