times:
  edit-metadata: 2.2182575869373977
  landing: 0.056887899059802294
  view-data: 0.252488685073331
