times:
  edit-metadata: 2.222496012225747
  landing: 0.14970945566892624
  view-data: 0.024306723847985268
