times:
  landing: 0.5485513989999617
  view-data: 0.5480560640000363
