times:
  landing: 1.087522599999943
  view-data: 0.5693562669999892
