times:
  edit-metadata: 1.052750295959413
  landing: 0.04509576316922903
  view-data: 0.23197318613529205
