times:
  landing: 1.0751728629999775
  view-data: 0.559203779000029
