times:
  edit-metadata: 1.3453853568062186
  landing: 0.8289245520718396
  view-data: 3.371945831924677
