times:
  edit-metadata: 1.3793785199522972
  landing: 0.7725483849644661
  view-data: 3.301759645342827
