times:
  edit-metadata: 2.0250620180740952
  landing: 0.018158419989049435
  view-data: 0.14267844334244728
