times:
  edit-metadata: 1.5505508070345968
  landing: 1.0239672400057316
  view-data: 3.341363903018646
