times:
  edit-metadata: 2.7388472221791744
  landing: 0.04771200940012932
  view-data: 0.264379408210516
