times:
  edit-metadata: 1.758860168978572
  landing: 1.0560968170175329
  view-data: 3.315065849921666
