times:
  landing: 0.5485210260000031
  view-data: 0.565119774999971
