times:
  edit-metadata: 2.1246104622259736
  landing: 0.019413026981055737
  view-data: 0.02493848092854023
