times:
  edit-metadata: 1.672067802399397
  landing: 1.1092858649790287
  view-data: 3.3705700524151325
