times:
  edit-metadata: 1.1811857810243964
  landing: 0.06173183303326368
  view-data: 0.25393175100907683
