times:
  edit-metadata: 1.143422660883516
  landing: 0.06373309111222625
  view-data: 0.23487680777907372
