times:
  edit-metadata: 1.043642449658364
  landing: 0.049510992132127285
  view-data: 0.23570981295779347
