times:
  edit-metadata: 1.3755907248705626
  landing: 0.8000830486416817
  view-data: 3.454592075198889
