times:
  landing: 0.5926582759998382
  view-data: 0.5726993140001468
