times:
  edit-metadata: 1.5383911915123463
  landing: 0.967645663768053
  view-data: 3.310680367052555
