times:
  edit-metadata: 2.873685199767351
  landing: 0.057360321283340454
  view-data: 0.2605654150247574
