times:
  edit-metadata: 1.478464961051941
  landing: 0.8074268521741033
  view-data: 3.3548009796068072
