times:
  landing: 0.5637169720000088
  view-data: 0.5599185250000005
