times:
  edit-metadata: 2.2541662701405585
  landing: 0.052594186970964074
  view-data: 0.23051034193485975
