times:
  edit-metadata: 1.33094497397542
  landing: 0.7926606573164463
  view-data: 3.3968146182596684
