times:
  landing: 0.5563281160000031
  view-data: 0.05513760100001264
