times:
  edit-metadata: 1.407800866290927
  landing: 0.8093422297388315
  view-data: 3.337119735777378
