times:
  edit-metadata: 1.8643355667591095
  landing: 1.5565923303365707
  view-data: 3.4840906150639057
