times:
  edit-metadata: 1.6510958904400468
  landing: 1.0770334415137768
  view-data: 3.355705676600337
