times:
  landing: 1.0721527029999152
  view-data: 0.5541878620000489
