times:
  edit-metadata: 1.5872091017663479
  landing: 0.9534237682819366
  view-data: 3.4450648427009583
