times:
  edit-metadata: 1.3668986102566123
  landing: 0.9052696395665407
  view-data: 3.3385138465091586
