times:
  edit-metadata: 1.4305461421608925
  landing: 1.017380241304636
  view-data: 3.337146457284689
