times:
  edit-metadata: 2.0458314325660467
  landing: 0.24320577643811703
  view-data: 0.02400021068751812
