times:
  edit-metadata: 1.1461918639251962
  landing: 0.055167082929983735
  view-data: 0.25785204593557864
