times:
  edit-metadata: 1.1323477260302752
  landing: 0.05763947102241218
  view-data: 0.25642451900057495
