times:
  edit-metadata: 1.3205897379666567
  landing: 0.8352549877017736
  view-data: 3.4294056352227926
