times:
  edit-metadata: 1.41423324868083
  landing: 0.9153942596167326
  view-data: 3.312654389999807
