times:
  edit-metadata: 1.4727212153375149
  landing: 0.9853700324892998
  view-data: 3.3262502066791058
