times:
  edit-metadata: 1.2361005700659007
  landing: 0.045099783106707036
  view-data: 0.25648288999218494
