times:
  edit-metadata: 1.0558248446322978
  landing: 0.04136081272736192
  view-data: 0.2231836300343275
