times:
  landing: 0.5517617509999582
  view-data: 0.6275347490000058
