times:
  edit-metadata: 1.130542978993617
  landing: 0.04586988198570907
  view-data: 0.2775461790151894
