times:
  edit-metadata: 2.893521534278989
  landing: 0.6237668450921774
  view-data: 0.6883306689560413
