times:
  edit-metadata: 2.74272202514112
  landing: 7.263230158016086
  view-data: 1.8813983276486397
