times:
  edit-metadata: 1.0350493867881596
  landing: 0.0520788817666471
  view-data: 0.22074469598010182
