times:
  edit-metadata: 1.0338337710127234
  landing: 0.042986600659787655
  view-data: 0.25280509795993567
