times:
  landing: 0.5532575370000359
  view-data: 0.5545003430000861
