times:
  edit-metadata: 1.4327054098248482
  landing: 1.0148730464279652
  view-data: 3.4162449277937412
