times:
  edit-metadata: 1.4253424629569054
  landing: 0.9980395659804344
  view-data: 3.3252977281808853
