times:
  edit-metadata: 2.167048368602991
  landing: 0.019592530094087124
  view-data: 0.024980323389172554
