times:
  edit-metadata: 2.1064340309239924
  landing: 0.04513838514685631
  view-data: 0.2189546418376267
