times:
  edit-metadata: 3.1798612708225846
  landing: 0.1978899920359254
  view-data: 0.4945199880748987
