times:
  edit-metadata: 1.4293281808495522
  landing: 0.8235954120755196
  view-data: 3.2652045246213675
