times:
  landing: 1.0740422369999578
  view-data: 0.5937471769999547
