times:
  landing: 0.5531597589999819
  view-data: 0.5620778850000079
