times:
  landing: 0.5562001990000169
  view-data: 0.5685785029999977
