times:
  edit-metadata: 2.44088888913393
  landing: 0.054253462702035904
  view-data: 0.4616393558681011
