times:
  landing: 0.5591354700000011
  view-data: 0.5550737920000017
