times:
  edit-metadata: 2.600756846368313
  landing: 0.05024025961756706
  view-data: 0.25960641354322433
