times:
  edit-metadata: 2.2126991022378206
  landing: 0.0252025555819273
  view-data: 0.025002028793096542
