times:
  edit-metadata: 2.8833586517721415
  landing: 0.5896612666547298
  view-data: 0.6961420066654682
