times:
  edit-metadata: 1.4021210856735706
  landing: 0.8439061855897307
  view-data: 3.371696025598794
