times:
  edit-metadata: 2.358528533950448
  landing: 0.30064920894801617
  view-data: 0.43787253834307194
