times:
  edit-metadata: 2.6035839579999447
  landing: 0.048856865614652634
  view-data: 0.24696414545178413
