times:
  edit-metadata: 1.3353618821129203
  landing: 0.8118227068334818
  view-data: 3.430096843279898
