times:
  edit-metadata: 2.2868153592571616
  landing: 0.11115655954927206
  view-data: 0.14384777005761862
