times:
  edit-metadata: 2.5966756029520184
  landing: 0.046048711985349655
  view-data: 0.21985901705920696
