times:
  edit-metadata: 2.6304339729249477
  landing: 0.04548444226384163
  view-data: 0.2543923147022724
