times:
  edit-metadata: 2.196954181883484
  landing: 0.05399758298881352
  view-data: 0.2262507400009781
