times:
  edit-metadata: 1.1221809200942516
  landing: 0.08886905713006854
  view-data: 0.22047781478613615
