times:
  edit-metadata: 2.304895231500268
  landing: 0.0325746051967144
  view-data: 0.37896025367081165
