times:
  edit-metadata: 2.064395312219858
  landing: 0.01890683826059103
  view-data: 0.026154101826250553
