times:
  edit-metadata: 1.4686226850026287
  landing: 0.06901674199616536
  view-data: 0.3559394630137831
