times:
  edit-metadata: 2.659518752247095
  landing: 0.051629699766635895
  view-data: 0.24842659756541252
