times:
  edit-metadata: 2.106236133724451
  landing: 0.2204213859513402
  view-data: 0.13312801253050566
