times:
  edit-metadata: 2.878868071362376
  landing: 2.1268751490861177
  view-data: 0.6774440426379442
