times:
  edit-metadata: 1.5229679644107819
  landing: 0.9386317580938339
  view-data: 3.5097927674651146
