times:
  edit-metadata: 2.177079586312175
  landing: 0.046913154888898134
  view-data: 0.22320525534451008
