times:
  edit-metadata: 2.7639748621731997
  landing: 0.6381370835006237
  view-data: 0.3513906765729189
