times:
  landing: 0.6118015750000154
  view-data: 0.5534053060000019
