times:
  landing: 1.0741731930000356
  view-data: 0.5618220929999893
