times:
  edit-metadata: 2.0918888421729207
  landing: 0.15654257498681545
  view-data: 0.025181571021676064
