times:
  edit-metadata: 1.6300338320434093
  landing: 1.221491951495409
  view-data: 3.3342866636812687
