times:
  edit-metadata: 1.079688437283039
  landing: 0.05103536508977413
  view-data: 0.22887547686696053
