times:
  edit-metadata: 2.158673385158181
  landing: 0.2338745640590787
  view-data: 0.024877439253032207
