times:
  edit-metadata: 2.221146122086793
  landing: 0.05312234000302851
  view-data: 0.2202748239506036
