times:
  edit-metadata: 1.4355548659805208
  landing: 0.8195842989953235
  view-data: 3.350557042984292
