times:
  landing: 0.5524960559999954
  view-data: 0.055542149000018526
