times:
  edit-metadata: 2.507260541897267
  landing: 0.04808520898222923
  view-data: 0.21821716311387718
