times:
  edit-metadata: 1.5276463776826859
  landing: 0.744650837033987
  view-data: 3.2706304751336575
