times:
  edit-metadata: 1.338554872199893
  landing: 0.7902216203510761
  view-data: 3.2756627881899476
