times:
  edit-metadata: 1.3493100637570024
  landing: 0.7881654808297753
  view-data: 3.248096157796681
