times:
  edit-metadata: 2.6030087545514107
  landing: 0.04936432093381882
  view-data: 0.2455410212278366
