times:
  edit-metadata: 2.8997629433870316
  landing: 0.5529914163053036
  view-data: 0.2663606312125921
