times:
  landing: 0.545252511000001
  view-data: 0.552632406999976
