times:
  edit-metadata: 1.228044237010181
  landing: 0.04879034496843815
  view-data: 0.252877710852772
