times:
  edit-metadata: 2.0762936156243086
  landing: 0.020232200622558594
  view-data: 0.1369867194443941
