times:
  edit-metadata: 1.0602763360366225
  landing: 0.042429855559021235
  view-data: 0.23342601722106338
