times:
  edit-metadata: 1.6107122916728258
  landing: 0.8462516572326422
  view-data: 3.4016532618552446
