times:
  edit-metadata: 1.528051946312189
  landing: 0.9735950529575348
  view-data: 3.4522878527641296
