times:
  edit-metadata: 1.4826860651373863
  landing: 0.9581624129787087
  view-data: 3.461656021885574
