times:
  edit-metadata: 2.841315124183893
  landing: 0.5366283133625984
  view-data: 0.2566264923661947
