times:
  edit-metadata: 2.478326328098774
  landing: 0.05112319439649582
  view-data: 0.25496019050478935
