times:
  edit-metadata: 1.3910937458276749
  landing: 0.058531247079372406
  view-data: 0.2618078449741006
