times:
  edit-metadata: 2.1118036478292197
  landing: 0.043947042897343636
  view-data: 0.2192756300792098
