times:
  edit-metadata: 1.0643826611340046
  landing: 0.047132807318121195
  view-data: 0.2447949731722474
