times:
  edit-metadata: 1.134458126995014
  landing: 0.046533262997400016
  view-data: 0.2606903730047634
