times:
  edit-metadata: 1.086418239865452
  landing: 0.04346658615395427
  view-data: 0.23003783402964473
