times:
  edit-metadata: 2.1200152579694986
  landing: 0.020675464533269405
  view-data: 0.13390293903648853
