times:
  edit-metadata: 2.2348487209528685
  landing: 0.021965019404888153
  view-data: 0.434181647375226
