times:
  edit-metadata: 2.2737208884209394
  landing: 0.15508865751326084
  view-data: 0.025144584476947784
