times:
  edit-metadata: 2.8907452411949635
  landing: 0.6152860075235367
  view-data: 0.6826689299196005
