times:
  edit-metadata: 2.1949329674243927
  landing: 0.020390773192048073
  view-data: 0.11582126934081316
