times:
  landing: 0.5573843229999511
  view-data: 0.5556096209999737
