times:
  edit-metadata: 2.415725873783231
  landing: 0.022168029099702835
  view-data: 0.1447884701192379
