times:
  edit-metadata: 1.805571929551661
  landing: 0.9017613148316741
  view-data: 3.5329424273222685
