times:
  edit-metadata: 1.270569329150021
  landing: 0.8603193322196603
  view-data: 3.4017691649496555
