times:
  edit-metadata: 2.129481701180339
  landing: 0.19793597795069218
  view-data: 0.4010712765157223
