times:
  edit-metadata: 1.6218403652310371
  landing: 1.1655114330351353
  view-data: 3.362156368792057
