times:
  edit-metadata: 2.1829672609455884
  landing: 0.04287752415984869
  view-data: 0.22080007614567876
