times:
  edit-metadata: 1.4733476859983057
  landing: 0.9178359701763839
  view-data: 3.3735663818661124
