times:
  edit-metadata: 2.1307206321507692
  landing: 0.01960076577961445
  view-data: 0.024014065973460674
