times:
  edit-metadata: 2.766747245565057
  landing: 0.05811924859881401
  view-data: 0.2709699831902981
