times:
  landing: 1.0703411829999823
  view-data: 0.5539447709999763
