times:
  edit-metadata: 1.4453113842755556
  landing: 0.7862750086933374
  view-data: 3.330447567626834
