times:
  landing: 0.5473718069999904
  view-data: 0.5532095820000222
