times:
  edit-metadata: 2.4549158019945025
  landing: 0.047974625835195184
  view-data: 0.22875288594514132
