times:
  edit-metadata: 1.5458377450704575
  landing: 1.044714817777276
  view-data: 3.3128272611647844
