times:
  edit-metadata: 1.6122933104634285
  landing: 1.0185966938734055
  view-data: 3.419717688113451
