times:
  edit-metadata: 1.6444183215498924
  landing: 1.0523823462426662
  view-data: 3.3710547611117363
