times:
  edit-metadata: 1.8002726342529058
  landing: 1.291467934846878
  view-data: 3.3324787002056837
