times:
  edit-metadata: 1.0355713721364737
  landing: 0.047306413762271404
  view-data: 0.231800920329988
