times:
  edit-metadata: 1.1179077909328043
  landing: 0.05889280396513641
  view-data: 0.2643961180001497
