times:
  edit-metadata: 2.4244024290237576
  landing: 0.06352782598696649
  view-data: 0.22438128595240414
