times:
  edit-metadata: 2.1595131189969834
  landing: 0.05479042499791831
  view-data: 0.22622108898940496
