times:
  edit-metadata: 2.226878894492984
  landing: 0.21452440693974495
  view-data: 0.31469928845763206
