times:
  edit-metadata: 2.200244893319905
  landing: 0.13931164052337408
  view-data: 0.415576945990324
