times:
  edit-metadata: 1.1430522269802168
  landing: 0.05982190393842757
  view-data: 0.2672654890920967
