times:
  landing: 0.5530280479999874
  view-data: 0.5954631580000012
