times:
  edit-metadata: 1.5110102146863937
  landing: 0.8165561035275459
  view-data: 3.3343533724546432
