times:
  edit-metadata: 1.1292700739577413
  landing: 0.05884569208137691
  view-data: 0.2465100110275671
