times:
  edit-metadata: 2.861094441264868
  landing: 0.8198235612362623
  view-data: 0.28280084021389484
