times:
  edit-metadata: 3.3987420108169317
  landing: 0.7029299531131983
  view-data: 0.24315805733203888
