times:
  edit-metadata: 1.1454703321214765
  landing: 0.055362104903906584
  view-data: 0.2746777799911797
