times:
  edit-metadata: 2.852499822154641
  landing: 0.5297494549304247
  view-data: 0.2576339393854141
