times:
  edit-metadata: 1.92623053999705
  landing: 0.05135732499911683
  view-data: 0.233303666995198
