times:
  landing: 1.0699131060000013
  view-data: 0.5543961189999891
