times:
  edit-metadata: 2.6057033240795135
  landing: 0.04959576576948166
  view-data: 0.25616734847426414
