times:
  landing: 1.0769094780000046
  view-data: 0.5592412149999859
