times:
  edit-metadata: 1.3722939752042294
  landing: 0.9006019234657288
  view-data: 3.3030173908919096
