times:
  edit-metadata: 1.4766326360404491
  landing: 0.8470304999500513
  view-data: 3.2909344946965575
