times:
  edit-metadata: 1.039471236988902
  landing: 0.043713800609111786
  view-data: 0.23349009454250336
