times:
  edit-metadata: 1.5951581727713346
  landing: 0.8537909910082817
  view-data: 3.3515140172094107
