times:
  edit-metadata: 1.0441643157973886
  landing: 0.0560131948441267
  view-data: 0.23389512486755848
