times:
  landing: 0.5481158369999548
  view-data: 0.5582262020000144
