times:
  edit-metadata: 1.7302500009536743
  landing: 1.1053316295146942
  view-data: 3.354302704334259
