times:
  edit-metadata: 2.4666009321808815
  landing: 0.05460718646645546
  view-data: 0.2513580694794655
