times:
  edit-metadata: 2.0969498874619603
  landing: 0.021264633163809776
  view-data: 0.023123581893742085
