times:
  edit-metadata: 1.6830218322575092
  landing: 1.1577392928302288
  view-data: 3.510979037731886
