times:
  edit-metadata: 2.192840261384845
  landing: 0.019907260313630104
  view-data: 0.02412185911089182
