times:
  edit-metadata: 1.3949768501333892
  landing: 0.097216104157269
  view-data: 0.5008705840446055
