times:
  edit-metadata: 1.2384207751601934
  landing: 0.05667812284082174
  view-data: 0.25287169963121414
