times:
  edit-metadata: 2.678595021367073
  landing: 1.541470558848232
  view-data: 3.915870988741517
