times:
  landing: 0.583790305999969
  view-data: 0.5889653319999866
