times:
  edit-metadata: 2.084335567895323
  landing: 0.05243252171203494
  view-data: 0.22249034699052572
