times:
  edit-metadata: 1.049060837365687
  landing: 0.05591311398893595
  view-data: 0.22060173377394676
