times:
  edit-metadata: 2.0903891874477267
  landing: 0.019168509170413017
  view-data: 0.49576188903301954
