times:
  edit-metadata: 1.1251608449965715
  landing: 0.05943925300380215
  view-data: 0.3774689700221643
