times:
  edit-metadata: 2.837731698527932
  landing: 0.6928350683301687
  view-data: 0.27020049281418324
