times:
  edit-metadata: 3.5579640977084637
  landing: 0.6965676229447126
  view-data: 0.3437391668558121
