times:
  edit-metadata: 2.1393910981714725
  landing: 0.22964231856167316
  view-data: 0.2479063542559743
