times:
  edit-metadata: 1.3902856931090355
  landing: 0.8670635558664799
  view-data: 3.3249841202050447
