times:
  edit-metadata: 3.6462949067354202
  landing: 0.8546100966632366
  view-data: 0.2584572434425354
