times:
  edit-metadata: 2.3893941696733236
  landing: 0.06622648984193802
  view-data: 0.24668124970048666
