times:
  edit-metadata: 2.2232872099848464
  landing: 0.05082774895709008
  view-data: 0.2203171100700274
