times:
  edit-metadata: 2.5930649526417255
  landing: 0.04787040129303932
  view-data: 0.25576139986515045
