times:
  edit-metadata: 2.1078570539830253
  landing: 0.04189784300979227
  view-data: 0.2140657550189644
