times:
  edit-metadata: 2.062767429277301
  landing: 0.8601164128631353
  view-data: 3.5191656472161412
