times:
  edit-metadata: 2.7839405797421932
  landing: 1.7131184563040733
  view-data: 3.55419563036412
