times:
  edit-metadata: 2.85848930105567
  landing: 0.7396280728280544
  view-data: 0.28733414225280285
