times:
  edit-metadata: 1.2802604200551286
  landing: 0.05649429600453004
  view-data: 0.24991877196589485
