times:
  edit-metadata: 2.273218911141157
  landing: 0.02124333754181862
  view-data: 0.39845591224730015
