times:
  edit-metadata: 3.236800393089652
  landing: 0.5734355002641678
  view-data: 0.6898083388805389
