times:
  edit-metadata: 2.198314854875207
  landing: 1.2103674951940775
  view-data: 3.682157475501299
