times:
  edit-metadata: 2.808153048157692
  landing: 0.5665322318673134
  view-data: 0.2574039753526449
