times:
  edit-metadata: 1.184395010001026
  landing: 0.052387994015589356
  view-data: 0.25448691204655915
