times:
  edit-metadata: 1.9662463068962097
  landing: 1.1169227249920368
  view-data: 3.391756732016802
