times:
  edit-metadata: 2.049724193289876
  landing: 0.24135187081992626
  view-data: 0.02290468104183674
