times:
  edit-metadata: 1.4096457548439503
  landing: 1.0337981767952442
  view-data: 3.423456098884344
