times:
  edit-metadata: 2.8057341799139977
  landing: 0.8022003453224897
  view-data: 0.3634895496070385
