times:
  edit-metadata: 2.1613344587385654
  landing: 0.14566070958971977
  view-data: 0.026227732188999653
