times:
  edit-metadata: 1.716017697006464
  landing: 1.023874331265688
  view-data: 3.3820227347314358
