times:
  edit-metadata: 2.094016497954726
  landing: 0.1948607536032796
  view-data: 0.46136361081153154
