times:
  landing: 0.5567191149999928
  view-data: 0.052300105000000485
