times:
  edit-metadata: 2.2621278073638678
  landing: 0.018954260274767876
  view-data: 0.3290389645844698
