times:
  landing: 1.068109546999949
  view-data: 0.5622302749999903
