times:
  edit-metadata: 1.3740430790930986
  landing: 0.7980793956667185
  view-data: 3.43587751314044
