times:
  landing: 0.5976474629999871
  view-data: 0.5571361959999876
