times:
  edit-metadata: 2.116518633440137
  landing: 0.09298680070787668
  view-data: 0.023845969699323177
