times:
  edit-metadata: 1.1630311789922416
  landing: 0.053561221808195114
  view-data: 0.2797080029267818
