times:
  edit-metadata: 1.6010842360556126
  landing: 1.0011054910719395
  view-data: 3.345711462199688
