times:
  edit-metadata: 2.611253699287772
  landing: 0.304689334705472
  view-data: 0.2650636062026024
