times:
  landing: 0.5499437679999915
  view-data: 0.5579219730000204
