times:
  edit-metadata: 1.5698858434334397
  landing: 0.995440611615777
  view-data: 3.5285966508090496
