times:
  edit-metadata: 1.0538090029731393
  landing: 0.05104834120720625
  view-data: 0.22495066188275814
