times:
  edit-metadata: 2.3529064804315567
  landing: 0.18128659762442112
  view-data: 0.13023274019360542
