times:
  landing: 0.550863020999941
  view-data: 0.5588258629999245
