times:
  edit-metadata: 1.675615668296814
  landing: 1.1379864253103733
  view-data: 3.354318078607321
