times:
  edit-metadata: 2.9072840251028538
  landing: 0.8933304399251938
  view-data: 0.36891081742942333
