times:
  edit-metadata: 1.150131058995612
  landing: 0.05156718799844384
  view-data: 0.2513734180247411
