times:
  edit-metadata: 2.18909805547446
  landing: 0.023042023181915283
  view-data: 0.44244893081486225
