times:
  edit-metadata: 1.7784325685352087
  landing: 0.9130295440554619
  view-data: 3.332661420106888
