times:
  edit-metadata: 1.8927404722198844
  landing: 0.11690792115405202
  view-data: 0.35230210376903415
