times:
  edit-metadata: 2.8143712542951107
  landing: 0.8169628158211708
  view-data: 0.4890890959650278
