times:
  edit-metadata: 1.1510373721830547
  landing: 0.05390775087289512
  view-data: 0.2786523799877614
