times:
  edit-metadata: 1.4053958244621754
  landing: 0.768588999286294
  view-data: 3.2852213364094496
