times:
  edit-metadata: 1.1455957796424627
  landing: 0.054392121732234955
  view-data: 0.2622308386489749
