times:
  landing: 1.1043535950000205
  view-data: 0.5547686549999753
