times:
  edit-metadata: 3.459203153848648
  landing: 0.27263504080474377
  view-data: 0.6737595070153475
