times:
  edit-metadata: 2.2594060669653118
  landing: 0.04609040101058781
  view-data: 0.21986115601612255
