times:
  edit-metadata: 1.742229912430048
  landing: 1.2541226334869862
  view-data: 3.3302177116274834
