times:
  edit-metadata: 2.3898119293153286
  landing: 0.021788358688354492
  view-data: 0.02571207284927368
