times:
  edit-metadata: 1.3507831562310457
  landing: 0.8270902205258608
  view-data: 3.401983879506588
