times:
  landing: 0.5706570349999822
  view-data: 0.04936131699997759
