times:
  edit-metadata: 2.2000191069673747
  landing: 0.04742935101967305
  view-data: 0.23315232701133937
