times:
  edit-metadata: 2.0465734163299203
  landing: 0.021411755122244358
  view-data: 0.023472963832318783
