times:
  edit-metadata: 2.137192452995805
  landing: 0.04909501798101701
  view-data: 0.23724307399243116
