times:
  edit-metadata: 1.6847549192607403
  landing: 0.884504821151495
  view-data: 3.3018139116466045
