times:
  landing: 1.6437107360000027
  view-data: 0.5594841569999858
