times:
  edit-metadata: 1.3084945888258517
  landing: 0.09489458706229925
  view-data: 0.3135139411315322
