times:
  landing: 0.5490481509999654
  view-data: 0.5553140239999834
