times:
  edit-metadata: 2.2542926321038976
  landing: 0.04631958401296288
  view-data: 0.22215360205154866
