times:
  edit-metadata: 2.3224470149725676
  landing: 0.019894244149327278
  view-data: 0.02515789121389389
