times:
  edit-metadata: 1.055152249056846
  landing: 0.045118025969713926
  view-data: 0.22941411565989256
