times:
  edit-metadata: 1.0185946659184992
  landing: 0.049240811727941036
  view-data: 0.2297734757885337
