times:
  landing: 0.5527368709999791
  view-data: 0.5542741829999613
