times:
  edit-metadata: 2.6760840490460396
  landing: 0.658642940223217
  view-data: 0.2932327054440975
