times:
  edit-metadata: 1.7118833661079407
  landing: 1.4036077447235584
  view-data: 3.4628571905195713
