times:
  landing: 1.059766452999952
  view-data: 0.548934322999969
