times:
  edit-metadata: 2.146725932136178
  landing: 0.020015486516058445
  view-data: 0.024078017100691795
