times:
  edit-metadata: 1.1303967249696143
  landing: 0.06095027597621083
  view-data: 0.2791170119890012
