times:
  edit-metadata: 1.624713845551014
  landing: 0.9510517977178097
  view-data: 3.3544472120702267
