times:
  edit-metadata: 1.0749314920976758
  landing: 0.049681209959089756
  view-data: 0.22815370000898838
