times:
  edit-metadata: 1.0474363039247692
  landing: 0.052345731761306524
  view-data: 0.22120181331411004
