times:
  edit-metadata: 1.0574451265856624
  landing: 0.05640897061675787
  view-data: 0.23891438078135252
