times:
  edit-metadata: 2.830004086717963
  landing: 1.2580477967858315
  view-data: 3.550152825191617
