times:
  edit-metadata: 1.710167519748211
  landing: 1.3390804938971996
  view-data: 3.285794999450445
