times:
  landing: 1.5950650860000337
  view-data: 0.5597143509999682
