times:
  edit-metadata: 1.0390780800953507
  landing: 0.05374717991799116
  view-data: 0.22840433986857533
