times:
  edit-metadata: 2.1124978912994266
  landing: 0.13538388907909393
  view-data: 0.027461056597530842
