times:
  edit-metadata: 1.4035145749803632
  landing: 0.8978032551240176
  view-data: 3.2653627139516175
