times:
  edit-metadata: 2.9562005009502172
  landing: 1.1318040788173676
  view-data: 0.6871907934546471
