times:
  edit-metadata: 2.4366041757166386
  landing: 0.024400437250733376
  view-data: 0.02494969591498375
