times:
  edit-metadata: 2.1224217650014907
  landing: 0.04651792102959007
  view-data: 0.22297686606179923
