times:
  edit-metadata: 1.6206544511951506
  landing: 0.9698970289900899
  view-data: 3.4077988280914724
