times:
  edit-metadata: 2.074543595314026
  landing: 0.021802219562232494
  view-data: 0.11590672936290503
