times:
  edit-metadata: 1.0446151420474052
  landing: 0.04523185594007373
  view-data: 0.2270302721299231
