times:
  edit-metadata: 1.157033575931564
  landing: 0.056510069174692035
  view-data: 0.26127634407021105
