times:
  edit-metadata: 5.458499159896746
  landing: 0.08566342806443572
  view-data: 0.532821241999045
