times:
  edit-metadata: 1.4487808486446738
  landing: 0.8303617294877768
  view-data: 3.2700504940003157
