times:
  landing: 1.5787583029999723
  view-data: 0.5603573409999854
