times:
  edit-metadata: 2.4177262727171183
  landing: 0.1397938895970583
  view-data: 0.3977676425129175
