times:
  edit-metadata: 1.5071098618209362
  landing: 1.0049459412693977
  view-data: 3.439084604382515
