times:
  edit-metadata: 1.0380107630044222
  landing: 0.055900104343891144
  view-data: 0.22795373341068625
