times:
  edit-metadata: 1.826518326997757
  landing: 1.5499318838119507
  view-data: 3.3957569375634193
