times:
  landing: 2.101631864999945
  view-data: 0.5577669499999729
