times:
  edit-metadata: 1.544128429144621
  landing: 1.0667057614773512
  view-data: 3.311106886714697
