times:
  edit-metadata: 2.2576430551707745
  landing: 0.2556715700775385
  view-data: 0.026644788682460785
