times:
  landing: 0.55188476699999
  view-data: 0.5571134289999691
