times:
  edit-metadata: 1.1592665282078087
  landing: 0.05529870418831706
  view-data: 0.23375508934259415
