times:
  edit-metadata: 2.165109228109941
  landing: 0.04443578002974391
  view-data: 0.22327762213535607
