times:
  edit-metadata: 1.991588456556201
  landing: 0.020898789167404175
  view-data: 0.3187110275030136
