times:
  landing: 1.0747646789999976
  view-data: 0.5892299660000049
