times:
  edit-metadata: 2.068335543386638
  landing: 0.021180644631385803
  view-data: 0.10267231427133083
