times:
  edit-metadata: 1.0217651929706335
  landing: 0.05000034114345908
  view-data: 0.21632741019129753
