times:
  edit-metadata: 3.604336751624942
  landing: 0.5299446824938059
  view-data: 0.24474630318582058
