times:
  edit-metadata: 1.1925834571011364
  landing: 0.0501062017865479
  view-data: 0.2761697191745043
