times:
  edit-metadata: 1.1384121892042458
  landing: 0.04085165495052934
  view-data: 0.26524485601112247
