times:
  edit-metadata: 1.0718831131234765
  landing: 0.04356935992836952
  view-data: 0.24817351158708334
