times:
  edit-metadata: 1.5389068350195885
  landing: 0.9870875142514706
  view-data: 3.391263373196125
