times:
  edit-metadata: 1.7173651978373528
  landing: 1.012764073908329
  view-data: 3.3499935008585453
