times:
  edit-metadata: 2.196608236990869
  landing: 0.05346052022650838
  view-data: 0.22088823607191443
