times:
  edit-metadata: 1.379556456580758
  landing: 0.9776946324855089
  view-data: 3.3142668902873993
