times:
  edit-metadata: 1.5185040012001991
  landing: 1.04239084944129
  view-data: 3.314674984663725
