times:
  landing: 0.5603136099999801
  view-data: 0.5639869000000317
