times:
  edit-metadata: 2.4390581538900733
  landing: 0.15713738277554512
  view-data: 0.022948410362005234
