times:
  edit-metadata: 2.208215265534818
  landing: 0.04557006247341633
  view-data: 0.12633786164224148
