times:
  edit-metadata: 1.0758917396888137
  landing: 0.04533154424279928
  view-data: 0.2460114322602749
