times:
  edit-metadata: 2.899447575211525
  landing: 0.5955214444547892
  view-data: 0.6703237630426884
