times:
  edit-metadata: 2.486969392048195
  landing: 0.04960494698025286
  view-data: 0.25164785888046026
