times:
  edit-metadata: 2.626689799129963
  landing: 0.0434650182723999
  view-data: 0.2537261173129082
