times:
  edit-metadata: 1.673738744109869
  landing: 1.016838688403368
  view-data: 3.368361674249172
