times:
  edit-metadata: 1.2698075361549854
  landing: 0.046052857767790556
  view-data: 0.2982521578669548
