times:
  landing: 0.5540509200000088
  view-data: 0.5621362470000122
