times:
  edit-metadata: 1.5639106146991253
  landing: 5.585988778620958
  view-data: 3.4015135169029236
