times:
  edit-metadata: 2.791541315615177
  landing: 1.1338023040443659
  view-data: 0.43552251160144806
