times:
  edit-metadata: 2.603633988648653
  landing: 0.04832633212208748
  view-data: 0.26156702265143394
