times:
  edit-metadata: 2.15279340185225
  landing: 0.020785896107554436
  view-data: 0.02693849802017212
