times:
  edit-metadata: 2.7850843388587236
  landing: 0.17709245905280113
  view-data: 0.4689975790679455
