times:
  edit-metadata: 1.2751126340590417
  landing: 0.7719514789059758
  view-data: 3.344056057976559
