times:
  edit-metadata: 1.1204405068419874
  landing: 0.054715474136173725
  view-data: 0.2707518609240651
