times:
  edit-metadata: 1.365905487909913
  landing: 0.7849404104053974
  view-data: 3.3614007085561752
