times:
  edit-metadata: 2.817737076431513
  landing: 0.588536337018013
  view-data: 0.332596305757761
