times:
  edit-metadata: 2.9458599481731653
  landing: 0.1690813023597002
  view-data: 0.2641191016882658
