times:
  edit-metadata: 1.5368591230362654
  landing: 0.8317068163305521
  view-data: 3.2669709883630276
