times:
  edit-metadata: 3.030862372368574
  landing: 2.516168400645256
  view-data: 3.9562347903847694
