times:
  edit-metadata: 1.6283494979143143
  landing: 1.177703995257616
  view-data: 3.3799837604165077
