times:
  edit-metadata: 2.1130056008696556
  landing: 0.16269668005406857
  view-data: 0.30171991139650345
