times:
  landing: 0.5425970950000192
  view-data: 0.5499233369999956
