times:
  edit-metadata: 2.180841486901045
  landing: 0.14094417169690132
  view-data: 0.4730453370139003
