times:
  edit-metadata: 2.8568897135555744
  landing: 1.141712486743927
  view-data: 0.6752251498401165
