times:
  edit-metadata: 1.1634698999114335
  landing: 0.04942061007022858
  view-data: 0.25610506022349
