times:
  edit-metadata: 1.461041777394712
  landing: 0.9569444544613361
  view-data: 3.300076744519174
