times:
  landing: 1.0658937240000341
  view-data: 0.5557794260000151
