times:
  edit-metadata: 2.5308143235743046
  landing: 0.35324195213615894
  view-data: 0.3901877459138632
