times:
  edit-metadata: 1.0650847861543298
  landing: 0.05338576203212142
  view-data: 0.2305378089658916
