times:
  edit-metadata: 1.037134406156838
  landing: 0.05056667886674404
  view-data: 0.225817556027323
