times:
  edit-metadata: 1.4705837350338697
  landing: 0.7716817483305931
  view-data: 3.3058814760297537
