times:
  edit-metadata: 2.2289747630711645
  landing: 0.051793212071061134
  view-data: 0.23276423988863826
