times:
  landing: 1.0670397179999895
  view-data: 0.5891880679999986
