times:
  edit-metadata: 1.0579256443306804
  landing: 0.052673665806651115
  view-data: 0.2337856525555253
