times:
  edit-metadata: 2.3112549372017384
  landing: 0.1226834412664175
  view-data: 0.4565471187233925
