times:
  landing: 0.5439604329999952
  view-data: 0.5868721560000267
