times:
  edit-metadata: 2.0731704318895936
  landing: 0.018358481116592884
  view-data: 0.11450241133570671
