times:
  edit-metadata: 1.6187726710923016
  landing: 1.053355917101726
  view-data: 3.3045072508975863
