times:
  edit-metadata: 1.1474584052339196
  landing: 0.058110629208385944
  view-data: 0.4250540188513696
