times:
  edit-metadata: 2.586434153839946
  landing: 0.16175615042448044
  view-data: 0.06551985070109367
