times:
  edit-metadata: 2.9195173252373934
  landing: 0.6363166999071836
  view-data: 0.29145434871315956
