times:
  edit-metadata: 2.198582282057032
  landing: 0.04614176996983588
  view-data: 0.22058506903704256
