times:
  edit-metadata: 1.1364964270032942
  landing: 0.05206686072051525
  view-data: 0.23173450026661158
