times:
  edit-metadata: 1.297230068128556
  landing: 0.8034202372655272
  view-data: 3.4392768926918507
