times:
  edit-metadata: 1.6960778287611902
  landing: 1.0937940669246018
  view-data: 3.6874891598708928
