times:
  edit-metadata: 2.59525765478611
  landing: 0.047767121344804764
  view-data: 0.2516130618751049
