times:
  edit-metadata: 2.5287703070789576
  landing: 3.801351001486182
  view-data: 0.6279245279729366
