times:
  landing: 0.6142495159999726
  view-data: 0.5679365579999853
