times:
  edit-metadata: 2.2930508833378553
  landing: 1.2092319000512362
  view-data: 3.5796965626068413
