times:
  landing: 0.5634907140000109
  view-data: 0.5565836620000368
