times:
  edit-metadata: 1.1341600909363478
  landing: 0.05284715804737061
  view-data: 0.4026345420861617
