times:
  edit-metadata: 1.1610869318246841
  landing: 0.05431512976065278
  view-data: 0.2562575680203736
