times:
  edit-metadata: 1.057980771176517
  landing: 0.04733991716057062
  view-data: 0.2260409938171506
