times:
  edit-metadata: 1.3755587306804955
  landing: 0.09164382331073284
  view-data: 0.3157811197452247
