times:
  edit-metadata: 2.2165482118725777
  landing: 0.14702551998198032
  view-data: 0.4282691180706024
