times:
  edit-metadata: 1.3082701438106596
  landing: 0.8401148510165513
  view-data: 3.365104875061661
