times:
  edit-metadata: 1.7689005509018898
  landing: 1.0431537479162216
  view-data: 3.4083953835070133
