times:
  landing: 0.5495976249999899
  view-data: 0.5548518100000024
