times:
  edit-metadata: 2.564816223923117
  landing: 0.05325382691808045
  view-data: 0.26026273891329765
