times:
  edit-metadata: 1.4045641380362213
  landing: 0.06374201597645879
  view-data: 0.2528134132735431
