times:
  edit-metadata: 2.059454687871039
  landing: 0.12972287833690643
  view-data: 0.21473316848278046
