times:
  edit-metadata: 1.4358885777182877
  landing: 1.0024655819870532
  view-data: 3.2965431390330195
