times:
  edit-metadata: 2.5081502629909664
  landing: 0.047869019908830523
  view-data: 0.2261259318329394
