times:
  edit-metadata: 1.463734706863761
  landing: 1.1854932326823473
  view-data: 3.371766744181514
