times:
  edit-metadata: 2.1490522059611976
  landing: 0.05089063290506601
  view-data: 0.24457966000773013
