times:
  edit-metadata: 1.432260688394308
  landing: 0.8474824838340282
  view-data: 3.355773765593767
