times:
  edit-metadata: 2.114294928498566
  landing: 0.24318603985011578
  view-data: 0.12632456794381142
