times:
  edit-metadata: 1.1371199321001768
  landing: 0.050076080951839685
  view-data: 0.22683845972642303
