times:
  edit-metadata: 2.007879199460149
  landing: 0.01981711946427822
  view-data: 0.02203407511115074
