times:
  edit-metadata: 1.1560843120096251
  landing: 0.055467340047471225
  view-data: 0.26622007199330255
