times:
  edit-metadata: 2.406987357418984
  landing: 0.04626441886648536
  view-data: 0.23188672307878733
