times:
  edit-metadata: 2.149305353872478
  landing: 0.01938647124916315
  view-data: 0.4175946116447449
