times:
  edit-metadata: 2.1938022719696164
  landing: 0.020951763726770878
  view-data: 0.4660642882809043
