times:
  edit-metadata: 2.4133363952860236
  landing: 0.021266067400574684
  view-data: 0.029035908170044422
