times:
  edit-metadata: 1.1440273670013994
  landing: 0.0494207760784775
  view-data: 0.2624707480426878
