times:
  edit-metadata: 2.5044859498739243
  landing: 0.04773546755313873
  view-data: 0.2535489425063133
