times:
  landing: 0.5603936859999976
  view-data: 0.5606699869999829
