times:
  edit-metadata: 2.8740375919733196
  landing: 0.06374134501675144
  view-data: 0.2852355780196376
