times:
  edit-metadata: 2.327481899410486
  landing: 0.20371650904417038
  view-data: 0.4777634236961603
