times:
  edit-metadata: 3.2791717275977135
  landing: 1.3351884800940752
  view-data: 0.7721550092101097
