times:
  edit-metadata: 1.1870216560200788
  landing: 0.05223765905248001
  view-data: 0.27968038100516424
