times:
  landing: 0.5517186430000152
  view-data: 0.5662568149999743
