times:
  edit-metadata: 1.0412033288739622
  landing: 0.05440543405711651
  view-data: 0.2404380631633103
