times:
  edit-metadata: 2.0934592509875074
  landing: 0.04672602901700884
  view-data: 0.2130190070020035
