times:
  edit-metadata: 1.5119333919137716
  landing: 0.8032279554754496
  view-data: 3.3520322497934103
