times:
  landing: 0.5457884429999922
  view-data: 0.5496320600000217
