times:
  edit-metadata: 1.0369173381477594
  landing: 0.05073795700445771
  view-data: 0.23008425114676356
