times:
  edit-metadata: 2.286699446849525
  landing: 0.056615589652210474
  view-data: 0.22250137710943818
