times:
  edit-metadata: 1.4562589600682259
  landing: 0.837662098929286
  view-data: 3.2952250372618437
