times:
  edit-metadata: 2.256850754842162
  landing: 0.022354941815137863
  view-data: 0.4956884738057852
