times:
  edit-metadata: 1.5099528096616268
  landing: 1.0070278840139508
  view-data: 3.2973409052938223
