times:
  edit-metadata: 2.566604569554329
  landing: 0.04343462362885475
  view-data: 0.2588479481637478
