times:
  landing: 0.5497898950000035
  view-data: 0.554452877000017
