times:
  edit-metadata: 2.7958144024014473
  landing: 0.9672372285276651
  view-data: 0.26693292520940304
