times:
  edit-metadata: 2.3891700264066458
  landing: 0.018752746284008026
  view-data: 0.3778780233114958
