times:
  edit-metadata: 2.04769288841635
  landing: 0.01904366910457611
  view-data: 0.12036241311579943
