times:
  edit-metadata: 1.037445530295372
  landing: 0.04386535193771124
  view-data: 0.6165488744154572
