times:
  edit-metadata: 2.1430810913443565
  landing: 0.052433256059885025
  view-data: 0.23717132583260536
