times:
  landing: 0.5542882830000053
  view-data: 0.5547802860000104
