times:
  edit-metadata: 2.6019989401102066
  landing: 0.30286367796361446
  view-data: 0.15550958551466465
