times:
  edit-metadata: 2.0543324379250407
  landing: 0.020866437815129757
  view-data: 0.12138871103525162
