times:
  edit-metadata: 1.7753162599401549
  landing: 0.9510409289505333
  view-data: 3.3429285479942337
