times:
  edit-metadata: 2.1939949532970786
  landing: 0.11098464764654636
  view-data: 0.022558243945240974
