times:
  edit-metadata: 2.039118471555412
  landing: 0.11469885148108006
  view-data: 0.12381592858582735
