times:
  edit-metadata: 1.5607182271778584
  landing: 1.0002717897295952
  view-data: 3.3327981270849705
