times:
  edit-metadata: 2.5274491384625435
  landing: 1.5096645951271057
  view-data: 3.361198980361223
