times:
  edit-metadata: 1.4792191833257675
  landing: 0.7621861323714256
  view-data: 3.258853252977133
