times:
  edit-metadata: 2.1027795150876045
  landing: 0.021891317330300808
  view-data: 0.38834840152412653
