times:
  landing: 0.5439549529999965
  view-data: 0.5488739040000041
