times:
  edit-metadata: 2.3057370979804546
  landing: 0.04295282904058695
  view-data: 0.21659166307654232
