times:
  edit-metadata: 2.2008965807035565
  landing: 0.019789397716522217
  view-data: 0.024042978882789612
