times:
  edit-metadata: 1.6687953751534224
  landing: 0.995331984013319
  view-data: 3.391117511782795
