times:
  edit-metadata: 1.4588708151131868
  landing: 0.7496681641787291
  view-data: 3.3167530447244644
