times:
  edit-metadata: 1.1508881279733032
  landing: 0.056688081938773394
  view-data: 0.2517317240126431
