times:
  edit-metadata: 1.584842260926962
  landing: 1.17393434420228
  view-data: 3.385689064860344
