times:
  edit-metadata: 1.4606655612587929
  landing: 0.9089622069150209
  view-data: 3.365522138774395
