times:
  edit-metadata: 2.303194150328636
  landing: 0.022077174857258797
  view-data: 0.12795709073543549
