times:
  landing: 1.071438506999982
  view-data: 0.5623139630000082
