times:
  edit-metadata: 2.0998578974977136
  landing: 0.020155743695795536
  view-data: 0.02443260606378317
