times:
  edit-metadata: 2.2501450832933187
  landing: 0.022021187469363213
  view-data: 0.02471734955906868
