times:
  edit-metadata: 2.15294194908347
  landing: 0.06350156490225345
  view-data: 0.22811826795805246
