times:
  edit-metadata: 1.11289031105116
  landing: 0.054131763987243176
  view-data: 0.3845809740014374
