times:
  edit-metadata: 1.4478599186986685
  landing: 0.7670702859759331
  view-data: 3.31361248716712
