times:
  edit-metadata: 1.4603237845003605
  landing: 0.8497859835624695
  view-data: 3.340194571763277
