times:
  edit-metadata: 2.457754482049495
  landing: 0.04914234101306647
  view-data: 0.22678466304205358
