times:
  edit-metadata: 1.4946348965168
  landing: 0.9227021858096123
  view-data: 3.32473461702466
