times:
  edit-metadata: 1.740146804600954
  landing: 1.4474455192685127
  view-data: 3.370937053114176
