times:
  landing: 0.5780126689999747
  view-data: 0.579147225999975
