times:
  landing: 1.5963458929999774
  view-data: 0.5568684980000285
