times:
  landing: 0.5554927909999492
  view-data: 0.5604637170000046
