times:
  edit-metadata: 1.6442995183169842
  landing: 1.0849651247262955
  view-data: 3.32491922006011
