times:
  edit-metadata: 2.1189331728965044
  landing: 0.19991816952824593
  view-data: 0.024696236476302147
