times:
  edit-metadata: 2.466139647178352
  landing: 0.043501004576683044
  view-data: 0.22323753591626883
