times:
  landing: 0.5570417120000002
  view-data: 0.5613334629999827
