times:
  edit-metadata: 2.0741155557334423
  landing: 0.022412827238440514
  view-data: 0.02342083491384983
