times:
  edit-metadata: 1.3964456655085087
  landing: 0.8816870748996735
  view-data: 3.403257457539439
