times:
  edit-metadata: 1.5718096531927586
  landing: 1.0460958145558834
  view-data: 3.401000265032053
