times:
  edit-metadata: 2.1420671651139855
  landing: 0.018924313597381115
  view-data: 0.4756347080692649
