times:
  edit-metadata: 2.7393716308288276
  landing: 0.06889647501520813
  view-data: 0.31072657997719944
