times:
  edit-metadata: 1.0366021818481386
  landing: 0.05276988307014108
  view-data: 0.23027969524264336
