times:
  edit-metadata: 1.4097475539892912
  landing: 0.08945948304608464
  view-data: 0.2891822927631438
