times:
  edit-metadata: 1.449490699917078
  landing: 0.9516615439206362
  view-data: 3.311561208218336
