times:
  edit-metadata: 1.1529610669822432
  landing: 0.05265901202801615
  view-data: 0.2511898709926754
