times:
  edit-metadata: 1.7723688203841448
  landing: 1.0360986664891243
  view-data: 3.47085152938962
