times:
  edit-metadata: 1.3925037139561027
  landing: 0.10645096999360248
  view-data: 0.28497470897855237
