times:
  landing: 0.5437048360000176
  view-data: 0.551356740000017
