times:
  edit-metadata: 2.3679850455373526
  landing: 0.020083473064005375
  view-data: 0.05041144508868456
