times:
  edit-metadata: 1.911033146083355
  landing: 1.3254880122840405
  view-data: 3.3480292297899723
