times:
  edit-metadata: 1.0190064427442849
  landing: 0.05832005385309458
  view-data: 0.22301721293479204
