times:
  edit-metadata: 2.2193729281425476
  landing: 0.1435336023569107
  view-data: 0.12251610495150089
