times:
  edit-metadata: 1.047180409077555
  landing: 0.05255845421925187
  view-data: 0.22425244422629476
