times:
  edit-metadata: 2.788954012095928
  landing: 0.746816074475646
  view-data: 0.26931583881378174
