times:
  edit-metadata: 2.141122869012179
  landing: 0.041647014004411176
  view-data: 0.23561078301281668
