times:
  landing: 0.5494633629999726
  view-data: 0.5678214600000047
