times:
  edit-metadata: 2.046595089137554
  landing: 0.022379664704203606
  view-data: 0.024608158506453037
