times:
  edit-metadata: 1.3803869877010584
  landing: 0.7926905918866396
  view-data: 3.358711902052164
