times:
  edit-metadata: 1.523792814463377
  landing: 0.9179007522761822
  view-data: 3.3416477032005787
