times:
  edit-metadata: 1.469937201589346
  landing: 0.825852831825614
  view-data: 3.321023357100785
