times:
  edit-metadata: 2.0780250849202275
  landing: 0.13353974092751741
  view-data: 0.02279650792479515
