times:
  edit-metadata: 2.2405763539718464
  landing: 0.04905091493856162
  view-data: 0.2338809969369322
