times:
  edit-metadata: 2.131370262010023
  landing: 0.04532590403687209
  view-data: 0.21305744495475665
