times:
  edit-metadata: 2.781661905348301
  landing: 0.604456439614296
  view-data: 0.6783939134329557
