times:
  landing: 0.5471580980000113
  view-data: 0.5530589979999831
