times:
  edit-metadata: 2.7473559323698282
  landing: 2.4283581040799618
  view-data: 0.7275522388517857
