times:
  edit-metadata: 2.1251411782577634
  landing: 0.2124884156510234
  view-data: 0.023780587129294872
