times:
  edit-metadata: 2.6777029633522034
  landing: 0.5913460813462734
  view-data: 0.2718246076256037
