times:
  edit-metadata: 2.2629807610064745
  landing: 0.022490346804261208
  view-data: 0.026556137949228287
