times:
  edit-metadata: 1.722005058079958
  landing: 1.0160572864115238
  view-data: 3.3858757726848125
