times:
  edit-metadata: 2.205211089923978
  landing: 0.05395453097298741
  view-data: 0.22019894886761904
