times:
  landing: 1.5896932459999675
  view-data: 0.5530374800000004
