times:
  edit-metadata: 2.0697198882699013
  landing: 0.021785492077469826
  view-data: 0.02683931402862072
