times:
  edit-metadata: 1.5222752504050732
  landing: 0.886317852884531
  view-data: 3.310320448130369
