times:
  edit-metadata: 3.5056583397090435
  landing: 0.3932775165885687
  view-data: 0.3774846140295267
