times:
  edit-metadata: 2.2538594231009483
  landing: 0.054411728866398335
  view-data: 0.21608514594845474
