times:
  edit-metadata: 2.117235040292144
  landing: 1.2102630510926247
  view-data: 3.4290201645344496
