times:
  edit-metadata: 1.4067379680054728
  landing: 0.0658152170071844
  view-data: 0.24381548300152645
