times:
  landing: 0.5585379389999616
  view-data: 0.5577347360000431
