times:
  edit-metadata: 2.112283411901444
  landing: 0.04528973205015063
  view-data: 0.22789787035435438
