times:
  edit-metadata: 1.1555680909659714
  landing: 0.05322246509604156
  view-data: 0.5118367541581392
