times:
  edit-metadata: 1.1652605899143964
  landing: 0.04358596703968942
  view-data: 0.2698394649196416
