times:
  edit-metadata: 1.4484638087451458
  landing: 1.2090823110193014
  view-data: 0.6302351411432028
