times:
  edit-metadata: 2.796544598415494
  landing: 0.6510238163173199
  view-data: 0.3885618634521961
