times:
  edit-metadata: 2.57542435079813
  landing: 0.0505840964615345
  view-data: 0.25445884838700294
