times:
  edit-metadata: 1.7310479395091534
  landing: 0.9393235426396132
  view-data: 3.3705069813877344
