times:
  landing: 0.5455896260000372
  view-data: 0.5543459420000545
