times:
  edit-metadata: 2.686717724427581
  landing: 1.4276517201215029
  view-data: 3.623912289738655
