times:
  landing: 0.5500071470000307
  view-data: 0.5612193699999466
