times:
  edit-metadata: 2.809084327891469
  landing: 0.7004597764462233
  view-data: 0.38074673525989056
