times:
  edit-metadata: 1.431307815015316
  landing: 0.9683861024677753
  view-data: 3.2978596910834312
