times:
  edit-metadata: 1.393999116960913
  landing: 1.1286887798924
  view-data: 3.3635879021603614
