times:
  landing: 0.5416986440000073
  view-data: 0.5462140979999788
