times:
  edit-metadata: 1.070516733918339
  landing: 0.050580537877976894
  view-data: 0.21907504927366972
