times:
  edit-metadata: 1.7613722495734692
  landing: 1.2699520662426949
  view-data: 3.386002790182829
