times:
  edit-metadata: 3.1959974924102426
  landing: 0.3467614073306322
  view-data: 0.21597271971404552
