times:
  edit-metadata: 2.5420124884694815
  landing: 0.3019601386040449
  view-data: 0.40771787613630295
