times:
  edit-metadata: 1.3325346959754825
  landing: 0.8579984121024609
  view-data: 3.418590608984232
