times:
  edit-metadata: 1.1302223068196326
  landing: 0.05582091095857322
  view-data: 0.2762037431821227
