times:
  edit-metadata: 2.1822455413639545
  landing: 0.07419079542160034
  view-data: 0.2517631873488426
