times:
  edit-metadata: 1.314398645889014
  landing: 0.045456354040652514
  view-data: 0.37435551127418876
