times:
  edit-metadata: 2.52847483754158
  landing: 0.04379192739725113
  view-data: 0.2458123005926609
