times:
  edit-metadata: 2.3851491920650005
  landing: 1.4695353638380766
  view-data: 3.5260395351797342
