times:
  edit-metadata: 1.4674311019480228
  landing: 0.9968705750070512
  view-data: 3.295835640281439
