times:
  edit-metadata: 1.1990099721588194
  landing: 0.04836001805961132
  view-data: 0.26136263366788626
