times:
  edit-metadata: 1.1366255869797897
  landing: 0.058434348000446334
  view-data: 0.3824164420075249
