times:
  edit-metadata: 2.8095402885228395
  landing: 1.2055218648165464
  view-data: 0.3781819101423025
