times:
  edit-metadata: 1.0548529061488807
  landing: 0.040493293199688196
  view-data: 0.23431988200172782
