times:
  edit-metadata: 2.229031190276146
  landing: 0.13154771458357573
  view-data: 0.39336551167070866
