times:
  edit-metadata: 2.0989401265978813
  landing: 0.20002280082553625
  view-data: 0.3938731951639056
