times:
  edit-metadata: 2.1285222850274295
  landing: 0.04783497704192996
  view-data: 0.21516854304354638
