times:
  landing: 1.0608561349999945
  view-data: 0.5487250110000161
