times:
  edit-metadata: 1.170268583111465
  landing: 0.04512820392847061
  view-data: 0.2535855188034475
