times:
  edit-metadata: 1.4108519330620766
  landing: 0.8770439121872187
  view-data: 3.273067992180586
