times:
  edit-metadata: 1.3771216981112957
  landing: 0.8201260883361101
  view-data: 3.309319340623915
