times:
  landing: 0.5509958989999859
  view-data: 0.5545884279999882
