times:
  landing: 2.620281581000029
  view-data: 0.566418289000012
