times:
  edit-metadata: 2.912649445235729
  landing: 0.8695514481514692
  view-data: 0.36154972948133945
