times:
  edit-metadata: 1.9647056683897972
  landing: 1.2560786753892899
  view-data: 3.401895437389612
