times:
  landing: 1.0726454590000003
  view-data: 0.5633843929999784
