times:
  edit-metadata: 1.1135372258722782
  landing: 0.052751843351870775
  view-data: 0.2420142930932343
