times:
  edit-metadata: 3.5204600263386965
  landing: 0.6013218127191067
  view-data: 0.633062120527029
