times:
  edit-metadata: 1.8230517618358135
  landing: 1.1487776450812817
  view-data: 3.3585146628320217
