times:
  edit-metadata: 1.5403697155416012
  landing: 0.8855352904647589
  view-data: 3.3377150539308786
