times:
  edit-metadata: 2.1359621529700235
  landing: 0.047843998996540904
  view-data: 0.21879612002521753
