times:
  edit-metadata: 2.8498535733669996
  landing: 0.9372075367718935
  view-data: 0.4803075511008501
