times:
  edit-metadata: 2.783087169751525
  landing: 0.6389516592025757
  view-data: 0.37600040063261986
