times:
  landing: 0.551203342000008
  view-data: 0.5595146389999854
