times:
  edit-metadata: 2.148252571001649
  landing: 0.19245920330286026
  view-data: 0.024799670092761517
