times:
  edit-metadata: 2.728590587154031
  landing: 0.053551096469163895
  view-data: 0.3707524314522743
