times:
  edit-metadata: 2.89884571172297
  landing: 0.6252065617591143
  view-data: 0.37541092932224274
