times:
  edit-metadata: 1.469996765255928
  landing: 0.7346029672771692
  view-data: 3.2874604277312756
