times:
  edit-metadata: 1.5393079593777657
  landing: 1.0228081867098808
  view-data: 3.362413089722395
