times:
  edit-metadata: 2.2451968420064077
  landing: 0.04898724390659481
  view-data: 0.2178483079187572
