times:
  edit-metadata: 1.7264001909643412
  landing: 1.4142359551042318
  view-data: 3.337356125935912
