times:
  landing: 1.0921403099999907
  view-data: 0.5573273029999655
