times:
  edit-metadata: 1.135113860014826
  landing: 0.0525750070810318
  view-data: 0.24288741359487176
