times:
  edit-metadata: 1.6875443765893579
  landing: 0.9777773655951023
  view-data: 3.462633187882602
