times:
  edit-metadata: 2.059555407613516
  landing: 0.019817987456917763
  view-data: 0.11976645607501268
