times:
  edit-metadata: 1.7027015462517738
  landing: 1.0368040092289448
  view-data: 3.3902709558606148
