times:
  edit-metadata: 3.0916264038532972
  landing: 1.146255375817418
  view-data: 0.6891734283417463
