times:
  edit-metadata: 1.124752594000256
  landing: 0.056692337000185944
  view-data: 0.27418253499990897
