times:
  edit-metadata: 2.070302144624293
  landing: 0.04277531336992979
  view-data: 0.13772346917539835
