times:
  edit-metadata: 2.7983534894883633
  landing: 0.04000859707593918
  view-data: 0.25678180530667305
