times:
  edit-metadata: 1.209842778975144
  landing: 0.05193822307046503
  view-data: 0.2966072109993547
