times:
  landing: 0.5507701790000397
  view-data: 0.08513913900003445
