times:
  landing: 0.6351460690000295
  view-data: 0.5651450760000216
