times:
  edit-metadata: 2.01330104842782
  landing: 0.12244442105293274
  view-data: 0.1224485095590353
