times:
  edit-metadata: 2.1190079795196652
  landing: 0.020438886247575283
  view-data: 0.025386255234479904
