times:
  edit-metadata: 1.6422963477671146
  landing: 1.5635541640222073
  view-data: 3.3207469917833805
