times:
  edit-metadata: 1.4048019251786172
  landing: 0.07438687421381474
  view-data: 0.3130367612466216
