times:
  edit-metadata: 1.0079254461452365
  landing: 0.05232510203495622
  view-data: 0.2295430968515575
