times:
  edit-metadata: 3.420038952026516
  landing: 0.1245594160282053
  view-data: 0.32185894902795553
