times:
  landing: 0.5493234300000154
  view-data: 0.5581563129999836
