times:
  edit-metadata: 2.4748375869821757
  landing: 0.05101528391242027
  view-data: 0.2340242271311581
