times:
  edit-metadata: 2.6132944617420435
  landing: 1.5902716983109713
  view-data: 3.4559794375672936
