times:
  edit-metadata: 2.265223982045427
  landing: 0.041578861069865525
  view-data: 0.23398550401907414
