times:
  edit-metadata: 1.160922960843891
  landing: 0.05381973786279559
  view-data: 0.23606296116486192
