times:
  edit-metadata: 1.135997398989275
  landing: 0.05260758299846202
  view-data: 0.25787093403050676
