times:
  edit-metadata: 2.520134214311838
  landing: 0.05166191980242729
  view-data: 0.25278792902827263
