times:
  edit-metadata: 3.632974624633789
  landing: 0.535930210724473
  view-data: 0.2863199822604656
