times:
  edit-metadata: 1.1126800128258765
  landing: 0.05292789381928742
  view-data: 0.24900541920214891
