times:
  edit-metadata: 1.5781068578362465
  landing: 0.9762913808226585
  view-data: 3.3430877439677715
