times:
  edit-metadata: 2.296963899047114
  landing: 0.04299033700954169
  view-data: 0.2186945749563165
