times:
  edit-metadata: 2.2908894510474056
  landing: 0.04949356592260301
  view-data: 0.24387810402549803
