times:
  edit-metadata: 2.068026746623218
  landing: 0.021208851598203182
  view-data: 0.02345971204340458
