times:
  edit-metadata: 2.0847974196076393
  landing: 0.01837419904768467
  view-data: 0.09924296010285616
