times:
  edit-metadata: 1.109279055002844
  landing: 0.0503049069957342
  view-data: 0.385256041015964
