times:
  edit-metadata: 1.9779990687966347
  landing: 1.3783410303294659
  view-data: 3.2996277660131454
