times:
  edit-metadata: 1.4400324448943138
  landing: 0.9160893484950066
  view-data: 3.437742955982685
