times:
  edit-metadata: 1.5585280507802963
  landing: 1.0567447692155838
  view-data: 3.5462406054139137
