times:
  edit-metadata: 1.435898520052433
  landing: 0.8252802714705467
  view-data: 3.287777967751026
