times:
  edit-metadata: 1.4617764800786972
  landing: 0.8877478688955307
  view-data: 3.291502483189106
