times:
  edit-metadata: 1.8626971617341042
  landing: 1.0447167716920376
  view-data: 3.360414434224367
