times:
  edit-metadata: 1.9507212303578854
  landing: 1.3814770430326462
  view-data: 3.2830869406461716
