times:
  edit-metadata: 1.644720807671547
  landing: 1.0367073491215706
  view-data: 3.5027751699090004
