times:
  edit-metadata: 1.489545188844204
  landing: 0.8612251169979572
  view-data: 3.379753202199936
