times:
  edit-metadata: 2.1647966504096985
  landing: 1.4036810249090195
  view-data: 3.259852096438408
