times:
  edit-metadata: 1.721817247569561
  landing: 1.0299309119582176
  view-data: 3.5356064587831497
