times:
  edit-metadata: 1.5752404853701591
  landing: 0.8904864713549614
  view-data: 3.48733226954937
