times:
  edit-metadata: 1.449827365577221
  landing: 0.8923102989792824
  view-data: 3.425136238336563
