times:
  edit-metadata: 1.4359780102968216
  landing: 0.8887345269322395
  view-data: 3.4790030419826508
