times:
  edit-metadata: 1.5289004668593407
  landing: 1.0025092214345932
  view-data: 3.440939910709858
