times:
  edit-metadata: 1.6060859560966492
  landing: 1.0848738923668861
  view-data: 3.440219335258007
