times:
  edit-metadata: 2.4486160464584827
  landing: 1.367094248533249
  view-data: 3.351843737065792
