times:
  edit-metadata: 1.476637564599514
  landing: 0.8626986891031265
  view-data: 3.2512857913970947
