times:
  edit-metadata: 1.4981035590171814
  landing: 0.9322609528899193
  view-data: 3.506179504096508
