times:
  edit-metadata: 1.5180151537060738
  landing: 0.9303598925471306
  view-data: 3.349767468869686
