times:
  edit-metadata: 1.5197589322924614
  landing: 0.8356541059911251
  view-data: 3.310525380074978
