times:
  edit-metadata: 1.7023704461753368
  landing: 1.5233046375215054
  view-data: 3.410418286919594
