times:
  edit-metadata: 1.418290100991726
  landing: 0.8674397170543671
  view-data: 3.4685002490878105
