times:
  edit-metadata: 1.554233107715845
  landing: 1.1472593322396278
  view-data: 3.256909739226103
