times:
  edit-metadata: 2.1941520012915134
  landing: 1.2161789275705814
  view-data: 0.9575228877365589
