times:
  edit-metadata: 1.4251261800527573
  landing: 0.8496357202529907
  view-data: 3.446958065032959
