times:
  edit-metadata: 1.3688394874334335
  landing: 1.1770918816328049
  view-data: 3.282499209046364
