times:
  edit-metadata: 1.3945960327982903
  landing: 0.8466806858778
  view-data: 3.393724873661995
