times:
  edit-metadata: 1.6079471781849861
  landing: 0.923724040389061
  view-data: 3.3268243968486786
