times:
  edit-metadata: 1.4410784542560577
  landing: 0.9014111310243607
  view-data: 3.2900667786598206
