times:
  edit-metadata: 1.5304702892899513
  landing: 1.1970873102545738
  view-data: 3.534070961177349
