times:
  edit-metadata: 2.108022641390562
  landing: 1.3073166906833649
  view-data: 3.3150212801992893
