times:
  edit-metadata: 1.5353601388633251
  landing: 0.9924259409308434
  view-data: 3.325979206711054
