times:
  edit-metadata: 1.3978608548641205
  landing: 0.8874635845422745
  view-data: 3.4563889652490616
