times:
  edit-metadata: 2.118052765727043
  landing: 1.339757964015007
  view-data: 1.1930410750210285
