times:
  edit-metadata: 2.333364862948656
  landing: 1.84758161008358
  view-data: 3.3538907021284103
