times:
  edit-metadata: 1.9877343885600567
  landing: 1.1821352131664753
  view-data: 0.9992599412798882
