times:
  edit-metadata: 1.5534820035099983
  landing: 1.3690031580626965
  view-data: 3.365994744002819
