times:
  edit-metadata: 1.675973478704691
  landing: 0.9009330123662949
  view-data: 3.31446947529912
