times:
  edit-metadata: 1.9997103586792946
  landing: 1.4975423403084278
  view-data: 3.3449225537478924
