times:
  edit-metadata: 1.538989670574665
  landing: 0.9161508306860924
  view-data: 3.428976349532604
