times:
  edit-metadata: 2.5473315194249153
  landing: 1.5070725828409195
  view-data: 3.3654822185635567
