times:
  edit-metadata: 2.0000418685376644
  landing: 1.1259616017341614
  view-data: 1.240159709006548
