times:
  edit-metadata: 2.2032052874565125
  landing: 1.285467006266117
  view-data: 3.5895004868507385
