times:
  edit-metadata: 1.4628245644271374
  landing: 0.8618714176118374
  view-data: 3.3208595402538776
