times:
  edit-metadata: 2.031470160931349
  landing: 1.323130328208208
  view-data: 0.9590169079601765
