times:
  edit-metadata: 1.548706017434597
  landing: 1.0471325144171715
  view-data: 3.483351193368435
