times:
  edit-metadata: 1.428187184035778
  landing: 0.8832048587501049
  view-data: 3.313720192760229
