times:
  edit-metadata: 1.5047934018075466
  landing: 0.8952008560299873
  view-data: 3.32791593298316
