times:
  edit-metadata: 1.6100059933960438
  landing: 1.092176876962185
  view-data: 1.0539134964346886
