times:
  edit-metadata: 1.469038687646389
  landing: 0.9440063089132309
  view-data: 3.4712638705968857
