times:
  edit-metadata: 1.72026938945055
  landing: 0.9959060028195381
  view-data: 3.632278487086296
