times:
  edit-metadata: 1.5611224509775639
  landing: 0.8441141694784164
  view-data: 3.3348271548748016
