times:
  edit-metadata: 1.3875131458044052
  landing: 1.0265876203775406
  view-data: 3.415537640452385
