times:
  edit-metadata: 1.5203741267323494
  landing: 0.81839320063591
  view-data: 3.280030682682991
