times:
  edit-metadata: 1.4643239006400108
  landing: 0.9042408764362335
  view-data: 3.443131275475025
