times:
  edit-metadata: 1.3842752501368523
  landing: 1.1855702996253967
  view-data: 3.429691217839718
