times:
  edit-metadata: 1.45367331802845
  landing: 1.0075106918811798
  view-data: 3.4595533832907677
