times:
  edit-metadata: 1.4948649480938911
  landing: 0.9508318230509758
  view-data: 3.5336920842528343
