times:
  edit-metadata: 2.7106066942214966
  landing: 1.3439706340432167
  view-data: 3.393406964838505
