times:
  edit-metadata: 1.5310353711247444
  landing: 0.976821668446064
  view-data: 3.3427721560001373
