times:
  edit-metadata: 1.4490653723478317
  landing: 0.8896836638450623
  view-data: 3.4843967631459236
