times:
  edit-metadata: 1.4492040127515793
  landing: 0.88556919246912
  view-data: 3.452671281993389
