times:
  edit-metadata: 1.5183828175067902
  landing: 0.8459104150533676
  view-data: 3.509044997394085
