times:
  edit-metadata: 1.9781976416707039
  landing: 1.1254922151565552
  view-data: 3.32334004342556
