times:
  edit-metadata: 1.4272254779934883
  landing: 0.9583862647414207
  view-data: 3.4381710961461067
