times:
  edit-metadata: 1.5124920085072517
  landing: 0.9159321263432503
  view-data: 3.4230725169181824
