times:
  edit-metadata: 1.548547476530075
  landing: 1.004217553883791
  view-data: 3.408820152282715
