times:
  edit-metadata: 1.5562131702899933
  landing: 0.7947391793131828
  view-data: 3.4892734214663506
