times:
  edit-metadata: 2.199133802205324
  landing: 1.2968379072844982
  view-data: 3.320620581507683
