times:
  edit-metadata: 1.4383782744407654
  landing: 0.8859808295965195
  view-data: 3.4864225536584854
