times:
  edit-metadata: 1.3632532805204391
  landing: 0.8999427482485771
  view-data: 3.412970244884491
