times:
  edit-metadata: 1.558722272515297
  landing: 0.9022539332509041
  view-data: 3.513876773416996
