times:
  edit-metadata: 1.4558548852801323
  landing: 0.8573632463812828
  view-data: 3.4683067947626114
