times:
  edit-metadata: 1.5502466037869453
  landing: 0.9576327577233315
  view-data: 3.3553455621004105
