times:
  edit-metadata: 1.6645695976912975
  landing: 1.1415777802467346
  view-data: 1.1228989027440548
