times:
  edit-metadata: 2.6431102231144905
  landing: 1.8579252287745476
  view-data: 3.7293897345662117
