times:
  edit-metadata: 2.0751795135438442
  landing: 1.421594675630331
  view-data: 3.3418498933315277
