times:
  edit-metadata: 2.1497136428952217
  landing: 1.2234943956136703
  view-data: 3.4129286035895348
