times:
  edit-metadata: 1.423943992704153
  landing: 0.96092788875103
  view-data: 3.387496128678322
