times:
  edit-metadata: 1.7685549929738045
  landing: 1.0688486099243164
  view-data: 3.327467728406191
