times:
  edit-metadata: 1.4148948937654495
  landing: 0.9364745244383812
  view-data: 3.460355781018734
