times:
  edit-metadata: 1.527710858732462
  landing: 1.2491095289587975
  view-data: 0.999410193413496
