times:
  edit-metadata: 1.9894406981766224
  landing: 1.1448745876550674
  view-data: 3.305159918963909
