times:
  edit-metadata: 1.9110603109002113
  landing: 1.326855406165123
  view-data: 0.9553811401128769
