times:
  edit-metadata: 1.427426002919674
  landing: 0.9138230234384537
  view-data: 3.5054526180028915
