times:
  edit-metadata: 1.4846596643328667
  landing: 0.8074152544140816
  view-data: 3.4304022938013077
