times:
  edit-metadata: 1.9781286641955376
  landing: 1.3560257107019424
  view-data: 3.4249226227402687
