times:
  edit-metadata: 1.5320757701992989
  landing: 0.8780451491475105
  view-data: 3.331359174102545
