times:
  edit-metadata: 1.4680780321359634
  landing: 0.8372256606817245
  view-data: 3.4374837651848793
