times:
  edit-metadata: 1.498994417488575
  landing: 0.8139533996582031
  view-data: 3.439768575131893
