times:
  edit-metadata: 1.48321832716465
  landing: 0.9096144214272499
  view-data: 3.491238094866276
