times:
  edit-metadata: 1.3678542785346508
  landing: 0.9541286043822765
  view-data: 3.254240997135639
