times:
  edit-metadata: 2.005753431469202
  landing: 1.438104648143053
  view-data: 1.1796001717448235
