times:
  edit-metadata: 1.4318851605057716
  landing: 1.0354745090007782
  view-data: 3.472449593245983
