times:
  edit-metadata: 1.5798601098358631
  landing: 1.1493156030774117
  view-data: 3.3064794056117535
