times:
  edit-metadata: 1.4538428261876106
  landing: 0.9508299380540848
  view-data: 3.439138501882553
