times:
  edit-metadata: 1.5645101591944695
  landing: 0.9759270325303078
  view-data: 3.419377379119396
