times:
  edit-metadata: 1.9740206748247147
  landing: 1.2079756073653698
  view-data: 3.5964833721518517
