times:
  edit-metadata: 1.5006811618804932
  landing: 0.928545780479908
  view-data: 3.500413455069065
