times:
  edit-metadata: 1.3954793363809586
  landing: 0.8812518641352654
  view-data: 3.487671375274658
