times:
  edit-metadata: 1.5691705644130707
  landing: 0.8585010543465614
  view-data: 3.4778552800416946
