times:
  edit-metadata: 1.581681214272976
  landing: 0.8791113495826721
  view-data: 3.342260144650936
