times:
  edit-metadata: 1.439363680779934
  landing: 0.9026433825492859
  view-data: 3.31072860583663
