times:
  edit-metadata: 1.5076228454709053
  landing: 0.9733358696103096
  view-data: 3.3956821113824844
