times:
  edit-metadata: 1.4184413775801659
  landing: 0.8682322651147842
  view-data: 3.3044306859374046
