times:
  edit-metadata: 1.461938850581646
  landing: 0.9373922199010849
  view-data: 3.4914746433496475
