times:
  edit-metadata: 1.469808705151081
  landing: 0.8639603890478611
  view-data: 3.3675457797944546
