times:
  edit-metadata: 2.029738415032625
  landing: 1.0813876762986183
  view-data: 3.325537383556366
