times:
  edit-metadata: 1.942346628755331
  landing: 1.3792808763682842
  view-data: 3.307651400566101
