times:
  edit-metadata: 1.4075472205877304
  landing: 0.8393511697649956
  view-data: 3.5301472693681717
