times:
  edit-metadata: 1.5805377587676048
  landing: 0.9108360111713409
  view-data: 3.3076775297522545
