times:
  edit-metadata: 1.4787302650511265
  landing: 0.8785122819244862
  view-data: 3.258861292153597
