times:
  edit-metadata: 1.538365937769413
  landing: 0.9260033145546913
  view-data: 3.4324766993522644
