times:
  edit-metadata: 1.4673850685358047
  landing: 0.841374084353447
  view-data: 3.3187475204467773
