times:
  edit-metadata: 1.449884321540594
  landing: 0.8531780354678631
  view-data: 3.286034367978573
