times:
  edit-metadata: 1.4593861103057861
  landing: 0.952580414712429
  view-data: 3.533424772322178
