times:
  edit-metadata: 1.9584901966154575
  landing: 1.3079166151583195
  view-data: 3.3401399217545986
