times:
  edit-metadata: 1.7149363718926907
  landing: 1.1944597512483597
  view-data: 3.324408456683159
