times:
  edit-metadata: 2.2421149872243404
  landing: 1.7488992996513844
  view-data: 3.3751103803515434
