times:
  edit-metadata: 1.5441448241472244
  landing: 1.5556613728404045
  view-data: 3.345950558781624
