times:
  edit-metadata: 1.4193814992904663
  landing: 0.9704006910324097
  view-data: 3.3828313052654266
