times:
  edit-metadata: 1.5154921412467957
  landing: 0.9745079055428505
  view-data: 3.467774100601673
