times:
  edit-metadata: 1.4009985625743866
  landing: 0.9184394180774689
  view-data: 3.4606368839740753
