times:
  edit-metadata: 1.5026681162416935
  landing: 0.9371249228715897
  view-data: 3.3247880153357983
