times:
  edit-metadata: 2.4561579897999763
  landing: 1.316859532147646
  view-data: 3.506169807165861
