times:
  edit-metadata: 1.4288676977157593
  landing: 0.8751460686326027
  view-data: 3.306741774082184
