times:
  edit-metadata: 1.7552383989095688
  landing: 1.0770453438162804
  view-data: 3.3914148434996605
