times:
  edit-metadata: 2.161993257701397
  landing: 1.1998961307108402
  view-data: 3.37978707998991
