times:
  edit-metadata: 2.439329918473959
  landing: 1.8298470340669155
  view-data: 3.3189991116523743
