times:
  edit-metadata: 1.4430284276604652
  landing: 0.8597370833158493
  view-data: 3.3063253089785576
