times:
  edit-metadata: 1.3741701543331146
  landing: 0.7882559299468994
  view-data: 3.4264464527368546
