times:
  edit-metadata: 1.5290728881955147
  landing: 1.067567240446806
  view-data: 3.3435656800866127
