times:
  edit-metadata: 1.9904816672205925
  landing: 1.3547678664326668
  view-data: 3.597688026726246
