times:
  edit-metadata: 1.6428378038108349
  landing: 0.9320392496883869
  view-data: 3.317750334739685
