times:
  edit-metadata: 1.5545910373330116
  landing: 0.9598423838615417
  view-data: 3.495070733129978
