times:
  edit-metadata: 1.549765445291996
  landing: 0.8919708877801895
  view-data: 3.4035836309194565
