times:
  edit-metadata: 1.6467361599206924
  landing: 1.0047272145748138
  view-data: 3.446518786251545
