times:
  edit-metadata: 1.9517459087073803
  landing: 1.2193478234112263
  view-data: 3.3067459166049957
