times:
  edit-metadata: 1.4895852208137512
  landing: 0.873297892510891
  view-data: 3.4819071367383003
