times:
  edit-metadata: 1.560715764760971
  landing: 0.8175724372267723
  view-data: 3.4250546768307686
