times:
  edit-metadata: 1.4417707100510597
  landing: 0.8406037017703056
  view-data: 3.447737991809845
