times:
  edit-metadata: 1.575462467968464
  landing: 0.8480648137629032
  view-data: 3.2499738074839115
