times:
  edit-metadata: 1.3708682879805565
  landing: 0.8834790214896202
  view-data: 3.495243050158024
