times:
  edit-metadata: 1.4611976593732834
  landing: 0.8876132518053055
  view-data: 3.3443227261304855
