times:
  edit-metadata: 1.4359105601906776
  landing: 0.8312967792153358
  view-data: 3.446339838206768
