times:
  edit-metadata: 1.5696187391877174
  landing: 0.9253585115075111
  view-data: 3.322125256061554
