times:
  edit-metadata: 1.4614577889442444
  landing: 0.9004424661397934
  view-data: 3.3263463526964188
