times:
  edit-metadata: 1.7019402608275414
  landing: 0.997777096927166
  view-data: 3.526100881397724
