times:
  edit-metadata: 1.436777077615261
  landing: 0.9496244415640831
  view-data: 3.464279241859913
