times:
  edit-metadata: 1.4903948828577995
  landing: 0.9266858622431755
  view-data: 3.460522711277008
