times:
  edit-metadata: 1.787155605852604
  landing: 1.0458190515637398
  view-data: 3.6119182631373405
