times:
  edit-metadata: 1.5345917642116547
  landing: 0.942288301885128
  view-data: 3.508744716644287
