times:
  edit-metadata: 1.5880254656076431
  landing: 0.9410015121102333
  view-data: 3.7086040638387203
