times:
  edit-metadata: 1.4424502402544022
  landing: 0.9420339092612267
  view-data: 3.3947475254535675
