times:
  edit-metadata: 1.466978207230568
  landing: 0.9205732643604279
  view-data: 3.2676398530602455
