times:
  edit-metadata: 1.6319956704974174
  landing: 0.8264729008078575
  view-data: 3.433273933827877
