times:
  edit-metadata: 2.1562910713255405
  landing: 1.4029143899679184
  view-data: 0.9298603236675262
