times:
  edit-metadata: 1.647689662873745
  landing: 0.9678043574094772
  view-data: 3.307861588895321
