times:
  edit-metadata: 1.519061952829361
  landing: 0.849063828587532
  view-data: 3.4545686841011047
