times:
  edit-metadata: 1.5811482556164265
  landing: 1.0748688019812107
  view-data: 3.297659534960985
