times:
  edit-metadata: 1.352986454963684
  landing: 0.8427378758788109
  view-data: 3.3327500745654106
