times:
  edit-metadata: 1.4758751764893532
  landing: 0.8108877390623093
  view-data: 3.475647419691086
