times:
  edit-metadata: 1.4606763049960136
  landing: 0.7933095023036003
  view-data: 3.3927686661481857
