times:
  edit-metadata: 1.4712060689926147
  landing: 0.7889700457453728
  view-data: 3.465507246553898
