times:
  edit-metadata: 1.51753731071949
  landing: 0.8856154158711433
  view-data: 3.4700421020388603
