times:
  edit-metadata: 1.3968389928340912
  landing: 0.8143010661005974
  view-data: 3.5420129895210266
