times:
  edit-metadata: 1.4404970034956932
  landing: 0.7771366015076637
  view-data: 3.5044917166233063
