times:
  edit-metadata: 1.393961288034916
  landing: 0.7629614993929863
  view-data: 3.5380369052290916
