times:
  edit-metadata: 1.5355246141552925
  landing: 0.9104191437363625
  view-data: 3.2985738664865494
