times:
  edit-metadata: 1.5700781606137753
  landing: 0.9100493304431438
  view-data: 3.3307796344161034
