times:
  edit-metadata: 1.4079495966434479
  landing: 0.8913635909557343
  view-data: 3.4858201667666435
