times:
  edit-metadata: 1.4144401922821999
  landing: 0.7746302559971809
  view-data: 3.258368395268917
