times:
  edit-metadata: 2.4408430494368076
  landing: 1.4735904969274998
  view-data: 3.348922785371542
