times:
  edit-metadata: 1.400771178305149
  landing: 0.8808437809348106
  view-data: 3.482241116464138
