times:
  edit-metadata: 1.5366891846060753
  landing: 0.9450826197862625
  view-data: 3.3507559671998024
