times:
  edit-metadata: 1.475732333958149
  landing: 0.878956139087677
  view-data: 3.4876343607902527
