times:
  edit-metadata: 2.199860244989395
  landing: 1.828545093536377
  view-data: 3.536037392914295
