times:
  edit-metadata: 1.760730504989624
  landing: 1.1589608117938042
  view-data: 3.3436777591705322
