times:
  edit-metadata: 1.6777075380086899
  landing: 0.9534952491521835
  view-data: 3.4773155450820923
