times:
  edit-metadata: 1.3947792798280716
  landing: 0.8843357041478157
  view-data: 3.334414631128311
