times:
  edit-metadata: 1.6314262188971043
  landing: 0.8781076483428478
  view-data: 3.3766828142106533
