times:
  edit-metadata: 1.514625195413828
  landing: 0.8899886421859264
  view-data: 3.4315977320075035
