times:
  edit-metadata: 1.628308728337288
  landing: 0.8637342676520348
  view-data: 3.3693552762269974
