times:
  edit-metadata: 1.648560918867588
  landing: 1.1938082501292229
  view-data: 3.31761110201478
