times:
  edit-metadata: 1.4654314778745174
  landing: 0.8235133178532124
  view-data: 3.313970174640417
