times:
  edit-metadata: 1.463415339589119
  landing: 0.7817380279302597
  view-data: 3.4863907173275948
