times:
  edit-metadata: 1.4377073422074318
  landing: 0.7440987750887871
  view-data: 3.5631681084632874
