times:
  edit-metadata: 1.4079230800271034
  landing: 0.7932163998484612
  view-data: 3.4273661971092224
