times:
  edit-metadata: 1.541714422404766
  landing: 0.7824807167053223
  view-data: 3.5217064321041107
