times:
  edit-metadata: 1.4569195285439491
  landing: 0.7398353293538094
  view-data: 3.36165289580822
