times:
  edit-metadata: 1.4087026491761208
  landing: 0.7997831776738167
  view-data: 3.410834327340126
