times:
  edit-metadata: 1.3980782553553581
  landing: 0.8005439713597298
  view-data: 3.2474823892116547
