times:
  edit-metadata: 1.574390895664692
  landing: 0.8752592653036118
  view-data: 3.5772240459918976
