times:
  edit-metadata: 1.5411533638834953
  landing: 1.0843565687537193
  view-data: 3.6164170652627945
