times:
  edit-metadata: 1.469589740037918
  landing: 0.7796559259295464
  view-data: 3.4355341866612434
