times:
  edit-metadata: 1.4412088170647621
  landing: 0.7614316567778587
  view-data: 3.4957640022039413
