times:
  edit-metadata: 1.4938599355518818
  landing: 0.8806897215545177
  view-data: 3.408290844410658
