times:
  edit-metadata: 1.4720206707715988
  landing: 0.8441427126526833
  view-data: 3.3058452904224396
