times:
  edit-metadata: 1.3466938361525536
  landing: 0.8165646120905876
  view-data: 3.273806095123291
