times:
  edit-metadata: 2.1166830509901047
  landing: 1.0713014006614685
  view-data: 3.4084155708551407
