times:
  edit-metadata: 1.3829649910330772
  landing: 0.8124285638332367
  view-data: 3.4630600810050964
