times:
  edit-metadata: 1.4724335968494415
  landing: 0.8972898796200752
  view-data: 3.342565044760704
