times:
  edit-metadata: 1.4597919285297394
  landing: 0.7717760466039181
  view-data: 3.2859832122921944
