times:
  edit-metadata: 1.5487171113491058
  landing: 0.8095468655228615
  view-data: 3.498866945505142
