times:
  edit-metadata: 1.520713284611702
  landing: 0.8141543194651604
  view-data: 3.545660436153412
