times:
  edit-metadata: 1.3784113675355911
  landing: 0.8282683193683624
  view-data: 3.3747397363185883
