times:
  edit-metadata: 1.557099875062704
  landing: 1.038819082081318
  view-data: 3.402951154857874
