times:
  edit-metadata: 1.463538620620966
  landing: 0.8020561449229717
  view-data: 3.310445949435234
