times:
  edit-metadata: 1.4164757132530212
  landing: 0.7899051085114479
  view-data: 3.5538704469799995
