times:
  edit-metadata: 1.3930777460336685
  landing: 0.9040312469005585
  view-data: 3.363210804760456
