times:
  edit-metadata: 1.441632591187954
  landing: 0.8453722633421421
  view-data: 3.3968804702162743
