times:
  edit-metadata: 2.0264982767403126
  landing: 1.2646918930113316
  view-data: 3.333040341734886
