times:
  edit-metadata: 1.862575277686119
  landing: 1.23741714656353
  view-data: 3.5276671275496483
