times:
  edit-metadata: 1.569913610816002
  landing: 0.9139862060546875
  view-data: 3.409389488399029
