times:
  edit-metadata: 1.5060569681227207
  landing: 0.8134727440774441
  view-data: 3.2820714190602303
