times:
  edit-metadata: 1.4851118065416813
  landing: 1.1296931132674217
  view-data: 3.2947391122579575
