times:
  edit-metadata: 1.4449552446603775
  landing: 0.8361274152994156
  view-data: 3.4364653676748276
