times:
  edit-metadata: 1.6336394660174847
  landing: 0.9038391001522541
  view-data: 3.338619902729988
