times:
  edit-metadata: 1.490009218454361
  landing: 0.8192263096570969
  view-data: 3.550097346305847
