times:
  edit-metadata: 1.4347607418894768
  landing: 0.7737985551357269
  view-data: 3.5366562828421593
