times:
  edit-metadata: 1.5474902540445328
  landing: 0.8453578278422356
  view-data: 3.504959858953953
