times:
  edit-metadata: 1.3975541144609451
  landing: 0.8352765738964081
  view-data: 3.379235200583935
