times:
  edit-metadata: 1.5668112821877003
  landing: 0.7606079429388046
  view-data: 3.281532071530819
