times:
  edit-metadata: 1.5704535022377968
  landing: 0.7697507739067078
  view-data: 3.456992045044899
