times:
  edit-metadata: 1.5957080721855164
  landing: 0.8550984710454941
  view-data: 3.2742078974843025
