times:
  edit-metadata: 1.4383547082543373
  landing: 0.812360517680645
  view-data: 3.428638093173504
