times:
  edit-metadata: 1.4782202169299126
  landing: 0.7959436699748039
  view-data: 3.4238558635115623
