times:
  edit-metadata: 1.5509365275502205
  landing: 0.8433070108294487
  view-data: 3.3070892468094826
