times:
  edit-metadata: 1.5114905312657356
  landing: 0.852110467851162
  view-data: 3.5881172716617584
