times:
  edit-metadata: 1.7725443914532661
  landing: 1.2088311426341534
  view-data: 3.373544432222843
