times:
  edit-metadata: 1.4094018302857876
  landing: 0.8315855637192726
  view-data: 3.344379462301731
