times:
  edit-metadata: 1.803063042461872
  landing: 1.2872416712343693
  view-data: 3.4142703525722027
