times:
  edit-metadata: 1.5045263096690178
  landing: 0.8128344863653183
  view-data: 3.6027126386761665
