times:
  edit-metadata: 1.565826814621687
  landing: 0.9064873121678829
  view-data: 3.34990081936121
