times:
  edit-metadata: 1.4876632764935493
  landing: 0.7950063347816467
  view-data: 3.4905311688780785
