times:
  edit-metadata: 1.3441667817533016
  landing: 0.8229716271162033
  view-data: 3.327176932245493
