times:
  edit-metadata: 1.5489857755601406
  landing: 0.8141462840139866
  view-data: 3.373751111328602
