times:
  edit-metadata: 1.4946786537766457
  landing: 0.7892885133624077
  view-data: 3.426789164543152
