times:
  edit-metadata: 1.4929137229919434
  landing: 0.9570075869560242
  view-data: 3.3277684822678566
