times:
  edit-metadata: 1.5732830911874771
  landing: 0.8465750738978386
  view-data: 3.2941421642899513
