times:
  edit-metadata: 1.4168280139565468
  landing: 0.8245233818888664
  view-data: 3.512878581881523
