times:
  edit-metadata: 1.4197348020970821
  landing: 0.8419651426374912
  view-data: 3.2851013503968716
