times:
  edit-metadata: 1.5511371120810509
  landing: 1.2120743691921234
  view-data: 3.32695684581995
