times:
  edit-metadata: 1.532365120947361
  landing: 0.813368909060955
  view-data: 3.576129212975502
