times:
  edit-metadata: 1.4165285378694534
  landing: 0.821173682808876
  view-data: 3.3374453708529472
