times:
  edit-metadata: 1.5153341591358185
  landing: 0.7584572210907936
  view-data: 3.536275163292885
