times:
  edit-metadata: 1.382044441998005
  landing: 0.8277124240994453
  view-data: 3.4390585869550705
