times:
  edit-metadata: 1.4637558460235596
  landing: 0.8452457562088966
  view-data: 3.3687243312597275
