times:
  edit-metadata: 1.5043631568551064
  landing: 0.81438809633255
  view-data: 3.3732723742723465
