times:
  edit-metadata: 1.4364862814545631
  landing: 1.0524167492985725
  view-data: 3.286051318049431
