times:
  edit-metadata: 1.7777192629873753
  landing: 0.9043420851230621
  view-data: 3.445119511336088
