times:
  edit-metadata: 1.614222064614296
  landing: 0.9251382201910019
  view-data: 3.420565076172352
