times:
  edit-metadata: 1.4206122383475304
  landing: 0.8459287583827972
  view-data: 3.3555078878998756
