times:
  edit-metadata: 1.4177402183413506
  landing: 0.8688652813434601
  view-data: 3.4299788400530815
