times:
  edit-metadata: 1.4478439390659332
  landing: 0.7885202020406723
  view-data: 3.4616280123591423
