times:
  edit-metadata: 1.4071082398295403
  landing: 0.8080737851560116
  view-data: 3.241165202111006
