times:
  edit-metadata: 1.402476154267788
  landing: 0.859464481472969
  view-data: 3.3315981216728687
