times:
  edit-metadata: 1.5987705811858177
  landing: 0.9796726033091545
  view-data: 3.326534688472748
