times:
  edit-metadata: 1.4062626250088215
  landing: 0.8427242115139961
  view-data: 3.354742545634508
