times:
  edit-metadata: 1.5883699357509613
  landing: 1.268025927245617
  view-data: 3.3223795667290688
