times:
  edit-metadata: 1.4922446608543396
  landing: 1.5631607323884964
  view-data: 3.376238226890564
