times:
  edit-metadata: 1.536230891942978
  landing: 0.8534438982605934
  view-data: 3.474350653588772
