times:
  edit-metadata: 1.6505467519164085
  landing: 0.8285029605031013
  view-data: 3.5412647873163223
