times:
  edit-metadata: 1.5414515659213066
  landing: 0.8282259926199913
  view-data: 3.6021766141057014
