times:
  edit-metadata: 1.448818702250719
  landing: 0.809579323977232
  view-data: 3.368608396500349
