times:
  edit-metadata: 1.5472992807626724
  landing: 0.7199090421199799
  view-data: 3.5270270258188248
