times:
  edit-metadata: 1.5721389800310135
  landing: 0.8117179125547409
  view-data: 3.5148100182414055
