times:
  edit-metadata: 1.5853515602648258
  landing: 0.900260902941227
  view-data: 3.402517855167389
