times:
  edit-metadata: 1.447156809270382
  landing: 0.6955385059118271
  view-data: 3.5171230509877205
