times:
  edit-metadata: 1.539216309785843
  landing: 0.8321594446897507
  view-data: 3.2539810985326767
