times:
  edit-metadata: 1.4213964641094208
  landing: 0.7441548407077789
  view-data: 3.3820963501930237
