times:
  edit-metadata: 1.4130497314035892
  landing: 0.8366349935531616
  view-data: 3.334063198417425
