times:
  edit-metadata: 1.545035034418106
  landing: 0.7858286201953888
  view-data: 3.4173241183161736
