times:
  edit-metadata: 1.4978776089847088
  landing: 0.7743656970560551
  view-data: 3.4017413035035133
