times:
  edit-metadata: 1.5296727940440178
  landing: 0.823516495525837
  view-data: 3.436037950217724
