times:
  edit-metadata: 1.4052302911877632
  landing: 1.1721726134419441
  view-data: 3.5484208166599274
