times:
  edit-metadata: 1.578056201338768
  landing: 0.8717393055558205
  view-data: 3.330675158649683
