times:
  edit-metadata: 1.417751707136631
  landing: 0.7868256270885468
  view-data: 3.607942394912243
