times:
  edit-metadata: 1.3900480270385742
  landing: 0.7113568484783173
  view-data: 3.5175781548023224
