times:
  edit-metadata: 1.4868559911847115
  landing: 0.8273729532957077
  view-data: 3.356308750808239
