times:
  edit-metadata: 1.4122391641139984
  landing: 0.8406206965446472
  view-data: 3.2953594028949738
