times:
  edit-metadata: 1.4567891061306
  landing: 0.7550734728574753
  view-data: 3.4435561820864677
