times:
  edit-metadata: 2.4590818248689175
  landing: 1.3448208570480347
  view-data: 3.3924475684762
