times:
  edit-metadata: 1.3885420486330986
  landing: 0.8178104497492313
  view-data: 3.291571196168661
