times:
  edit-metadata: 1.523933932185173
  landing: 0.9769941717386246
  view-data: 3.494540773332119
