times:
  edit-metadata: 1.4538106471300125
  landing: 0.7529524601995945
  view-data: 3.3841472864151
