times:
  edit-metadata: 1.7180496156215668
  landing: 1.106818675994873
  view-data: 3.732524298131466
