times:
  edit-metadata: 1.63234443962574
  landing: 0.8440166786313057
  view-data: 3.409785218536854
