times:
  edit-metadata: 1.4307823702692986
  landing: 0.7569826692342758
  view-data: 3.3020960800349712
