times:
  edit-metadata: 1.4817681089043617
  landing: 0.8447789326310158
  view-data: 3.4464844688773155
