times:
  edit-metadata: 1.4145100973546505
  landing: 0.8579405061900616
  view-data: 3.3428904227912426
