times:
  edit-metadata: 1.5280486047267914
  landing: 0.9441459476947784
  view-data: 3.436249226331711
