times:
  edit-metadata: 1.505821082741022
  landing: 0.8901098109781742
  view-data: 3.3602053225040436
