times:
  edit-metadata: 1.7562200650572777
  landing: 1.0188611969351768
  view-data: 3.342542089521885
