times:
  edit-metadata: 1.5223279856145382
  landing: 0.929132703691721
  view-data: 3.3901278004050255
