times:
  edit-metadata: 1.4220065996050835
  landing: 0.9374221935868263
  view-data: 3.533586598932743
