times:
  edit-metadata: 1.6007056683301926
  landing: 0.7548750266432762
  view-data: 3.5093889832496643
