times:
  edit-metadata: 2.964345693588257
  landing: 1.9318782612681389
  view-data: 3.8333458229899406
