times:
  edit-metadata: 1.3797593712806702
  landing: 0.7505602240562439
  view-data: 3.4466278105974197
