times:
  edit-metadata: 1.521246012300253
  landing: 0.8965993411839008
  view-data: 3.3312398083508015
