times:
  edit-metadata: 1.4781223274767399
  landing: 0.8628166578710079
  view-data: 3.3612810485064983
