times:
  edit-metadata: 1.3729435727000237
  landing: 0.8102810755372047
  view-data: 3.4578026980161667
