times:
  edit-metadata: 1.436714369803667
  landing: 0.8147006407380104
  view-data: 3.2992990612983704
