times:
  edit-metadata: 1.463592030107975
  landing: 1.0326911434531212
  view-data: 3.320716507732868
