times:
  edit-metadata: 1.4597468748688698
  landing: 0.7642824947834015
  view-data: 3.5085875019431114
