times:
  edit-metadata: 1.4279420003294945
  landing: 0.7630256414413452
  view-data: 3.2364414781332016
