times:
  edit-metadata: 1.516312450170517
  landing: 0.8490724042057991
  view-data: 3.31710022687912
