times:
  edit-metadata: 1.3861549273133278
  landing: 0.8725943192839622
  view-data: 3.3284504115581512
