times:
  edit-metadata: 1.436161857098341
  landing: 0.8359635882079601
  view-data: 3.402728743851185
