times:
  edit-metadata: 1.476500079035759
  landing: 0.8243015706539154
  view-data: 3.468584567308426
