times:
  edit-metadata: 1.454519547522068
  landing: 0.7772263437509537
  view-data: 3.330059513449669
