times:
  edit-metadata: 1.3954811915755272
  landing: 0.8167937472462654
  view-data: 3.237895153462887
