times:
  edit-metadata: 1.5167494639754295
  landing: 0.8393857777118683
  view-data: 3.4023299142718315
