times:
  edit-metadata: 1.570375718176365
  landing: 0.7323487251996994
  view-data: 3.556909315288067
