times:
  edit-metadata: 1.4512836411595345
  landing: 0.931076493114233
  view-data: 3.345844104886055
