times:
  edit-metadata: 1.385373629629612
  landing: 0.7952411845326424
  view-data: 3.3276400826871395
