times:
  edit-metadata: 1.2477098405361176
  landing: 0.7082094177603722
  view-data: 3.4285972639918327
