times:
  edit-metadata: 1.550099365413189
  landing: 0.895591527223587
  view-data: 3.51302058249712
