times:
  edit-metadata: 1.4522794224321842
  landing: 0.7923219129443169
  view-data: 3.338738441467285
