times:
  edit-metadata: 1.5989196002483368
  landing: 0.9022661969065666
  view-data: 3.3274553529918194
