times:
  edit-metadata: 1.5771074071526527
  landing: 0.9095617532730103
  view-data: 3.4012202844023705
