times:
  edit-metadata: 1.432071290910244
  landing: 0.8434589728713036
  view-data: 3.487290509045124
