times:
  edit-metadata: 1.3926417604088783
  landing: 0.8437519855797291
  view-data: 3.3055826909840107
