times:
  edit-metadata: 1.3911355324089527
  landing: 0.9591913744807243
  view-data: 3.3072548620402813
