times:
  edit-metadata: 1.650219313800335
  landing: 1.0811264663934708
  view-data: 3.384001135826111
