times:
  edit-metadata: 1.6578988581895828
  landing: 0.9867337867617607
  view-data: 3.379974879324436
