times:
  edit-metadata: 1.540203109383583
  landing: 0.9412588104605675
  view-data: 3.5249080434441566
