times:
  edit-metadata: 1.450453493744135
  landing: 0.8542247451841831
  view-data: 3.3771979957818985
