times:
  edit-metadata: 1.3636946640908718
  landing: 0.9088451638817787
  view-data: 3.282515872269869
