times:
  edit-metadata: 1.44912638515234
  landing: 0.9896863773465157
  view-data: 3.357349880039692
