times:
  edit-metadata: 1.3592964857816696
  landing: 0.8342689499258995
  view-data: 3.4255870953202248
