times:
  edit-metadata: 1.8811616748571396
  landing: 1.4977908805012703
  view-data: 3.52401015907526
