times:
  edit-metadata: 1.370878979563713
  landing: 0.7961781397461891
  view-data: 3.4305503889918327
