times:
  edit-metadata: 1.8225838467478752
  landing: 1.0611435994505882
  view-data: 3.4099752753973007
