times:
  edit-metadata: 1.4710289761424065
  landing: 0.7675324827432632
  view-data: 3.4686308950185776
