times:
  edit-metadata: 1.386071227490902
  landing: 0.8662848025560379
  view-data: 3.4444460719823837
