times:
  edit-metadata: 1.3866585493087769
  landing: 0.8681539483368397
  view-data: 3.305463418364525
