times:
  edit-metadata: 1.5453149527311325
  landing: 0.7800142988562584
  view-data: 3.381737492978573
