times:
  edit-metadata: 1.4265886694192886
  landing: 0.9084168076515198
  view-data: 3.5040062367916107
