times:
  edit-metadata: 1.9440696462988853
  landing: 0.9905315041542053
  view-data: 3.5301897674798965
