times:
  edit-metadata: 1.4159759655594826
  landing: 0.8474112302064896
  view-data: 3.3024236261844635
