times:
  edit-metadata: 1.4274499267339706
  landing: 0.8881343230605125
  view-data: 6.635713703930378
