times:
  edit-metadata: 1.61933184415102
  landing: 0.8119885064661503
  view-data: 3.287301305681467
