times:
  edit-metadata: 1.4598908126354218
  landing: 0.9610271081328392
  view-data: 3.387001484632492
