times:
  edit-metadata: 1.4912634938955307
  landing: 0.8080896064639091
  view-data: 3.4289278015494347
