times:
  edit-metadata: 1.4246041104197502
  landing: 0.8828407451510429
  view-data: 3.5351329371333122
