times:
  edit-metadata: 1.422158069908619
  landing: 0.9427632540464401
  view-data: 3.5166688933968544
