times:
  edit-metadata: 1.447137512266636
  landing: 0.7938161864876747
  view-data: 3.280778393149376
