times:
  edit-metadata: 1.3804860599339008
  landing: 0.806945625692606
  view-data: 3.27537764236331
