times:
  edit-metadata: 1.7832786738872528
  landing: 0.9428509213030338
  view-data: 3.342491954565048
