times:
  edit-metadata: 1.7009048983454704
  landing: 1.2419963702559471
  view-data: 3.5143494978547096
