times:
  edit-metadata: 1.4490084946155548
  landing: 1.0308032035827637
  view-data: 3.419299863278866
