times:
  edit-metadata: 1.5067625381052494
  landing: 0.9528623521327972
  view-data: 3.439184170216322
