times:
  edit-metadata: 1.490896224975586
  landing: 0.8010463193058968
  view-data: 3.4895306900143623
