times:
  edit-metadata: 1.4458326995372772
  landing: 0.9074466601014137
  view-data: 3.4409030079841614
