times:
  edit-metadata: 1.4059123918414116
  landing: 0.8579805754125118
  view-data: 3.286947801709175
