times:
  edit-metadata: 1.4844266325235367
  landing: 0.7858063131570816
  view-data: 3.5196006298065186
