times:
  edit-metadata: 1.3729943335056305
  landing: 0.9026274681091309
  view-data: 3.2649002633988857
