times:
  edit-metadata: 1.8032578267157078
  landing: 1.2243074104189873
  view-data: 3.2763230726122856
