times:
  edit-metadata: 1.5421344116330147
  landing: 0.8586277589201927
  view-data: 3.367276132106781
