times:
  edit-metadata: 1.6919635310769081
  landing: 1.2485348731279373
  view-data: 3.3063343204557896
