times:
  edit-metadata: 1.3999583721160889
  landing: 0.7802554368972778
  view-data: 3.4730394035577774
