times:
  edit-metadata: 1.5590321756899357
  landing: 0.9878424033522606
  view-data: 3.353474035859108
