times:
  edit-metadata: 1.4213298708200455
  landing: 0.9390450417995453
  view-data: 3.2762254551053047
