times:
  edit-metadata: 1.4582094699144363
  landing: 0.7746022045612335
  view-data: 3.30841650813818
