times:
  edit-metadata: 1.4384010657668114
  landing: 0.7609549686312675
  view-data: 3.516059197485447
