times:
  edit-metadata: 1.3486107848584652
  landing: 0.8189656026661396
  view-data: 3.2988397292792797
