times:
  edit-metadata: 1.653868205845356
  landing: 0.7702610567212105
  view-data: 3.4148882627487183
