times:
  edit-metadata: 1.487287513911724
  landing: 0.8898394107818604
  view-data: 3.4649773836135864
