times:
  edit-metadata: 1.4289511889219284
  landing: 0.8183039352297783
  view-data: 3.31614900380373
