times:
  edit-metadata: 1.5637232661247253
  landing: 0.7897290512919426
  view-data: 3.5016592666506767
