times:
  edit-metadata: 1.274131827056408
  landing: 0.8463601469993591
  view-data: 3.442198596894741
