times:
  edit-metadata: 1.4002618193626404
  landing: 0.8054767921566963
  view-data: 3.4889678061008453
