times:
  edit-metadata: 1.4200545027852058
  landing: 0.8426218628883362
  view-data: 3.4713152796030045
