times:
  edit-metadata: 1.2267469763755798
  landing: 0.9047302380204201
  view-data: 3.573008418083191
