times:
  edit-metadata: 1.362137071788311
  landing: 0.8248571902513504
  view-data: 3.523551397025585
