times:
  edit-metadata: 1.5260288417339325
  landing: 0.8171045780181885
  view-data: 3.4118701592087746
