times:
  edit-metadata: 1.657083161175251
  landing: 0.886766105890274
  view-data: 3.4881841614842415
