times:
  edit-metadata: 1.45242228358984
  landing: 0.8938369303941727
  view-data: 3.485300622880459
