times:
  edit-metadata: 1.8955914564430714
  landing: 1.6523028165102005
  view-data: 3.378612995147705
