times:
  edit-metadata: 1.4811318218708038
  landing: 0.7916333563625813
  view-data: 3.317584540694952
