times:
  edit-metadata: 1.468268059194088
  landing: 0.9518857970833778
  view-data: 3.3578101098537445
