times:
  edit-metadata: 1.9653589129447937
  landing: 1.2466145753860474
  view-data: 3.5711072981357574
