times:
  edit-metadata: 1.4037100970745087
  landing: 0.7288172692060471
  view-data: 3.469887360930443
