times:
  edit-metadata: 1.679143451154232
  landing: 0.8975078798830509
  view-data: 3.3724660351872444
