times:
  edit-metadata: 1.3564360439777374
  landing: 0.8835032284259796
  view-data: 3.465406633913517
