times:
  edit-metadata: 1.4741511270403862
  landing: 0.8390697613358498
  view-data: 3.4860513731837273
