times:
  edit-metadata: 1.4761532917618752
  landing: 0.9715861901640892
  view-data: 3.5271690413355827
