times:
  edit-metadata: 1.3350796699523926
  landing: 0.8117235265672207
  view-data: 3.7701944671571255
