times:
  edit-metadata: 1.3805919773876667
  landing: 0.8271593675017357
  view-data: 3.326080124825239
