times:
  edit-metadata: 1.3807503655552864
  landing: 0.8403422683477402
  view-data: 3.3834826052188873
