times:
  edit-metadata: 1.750668976455927
  landing: 0.8939573168754578
  view-data: 3.3142890483140945
