times:
  edit-metadata: 1.3692322857677937
  landing: 0.8034553788602352
  view-data: 3.2511823773384094
