times:
  edit-metadata: 1.7963664829730988
  landing: 1.2204683050513268
  view-data: 3.508925639092922
