times:
  edit-metadata: 1.4628152884542942
  landing: 0.7516032457351685
  view-data: 3.2894920110702515
