times:
  edit-metadata: 1.4831927791237831
  landing: 0.8257263973355293
  view-data: 3.4650214463472366
