times:
  edit-metadata: 1.5559562668204308
  landing: 0.9674462676048279
  view-data: 3.3135970942676067
