times:
  edit-metadata: 1.3553789928555489
  landing: 1.0571815595030785
  view-data: 3.377793714404106
