times:
  edit-metadata: 1.5102095901966095
  landing: 0.9518913924694061
  view-data: 3.5780561938881874
