times:
  edit-metadata: 1.5161595717072487
  landing: 0.8947834596037865
  view-data: 3.49838774651289
