times:
  edit-metadata: 1.3739689365029335
  landing: 0.8012035265564919
  view-data: 3.2636529728770256
