times:
  edit-metadata: 1.4648355394601822
  landing: 0.9455960616469383
  view-data: 3.3413057699799538
