times:
  edit-metadata: 1.3613140806555748
  landing: 0.7735680863261223
  view-data: 3.526905469596386
