times:
  edit-metadata: 1.6745013147592545
  landing: 0.8798844404518604
  view-data: 3.3504740446805954
