times:
  edit-metadata: 1.4574752897024155
  landing: 0.7785809487104416
  view-data: 3.5187851190567017
