times:
  edit-metadata: 1.4648805931210518
  landing: 0.8489491194486618
  view-data: 3.2935717962682247
