times:
  edit-metadata: 1.624316267669201
  landing: 1.1214160360395908
  view-data: 3.2915316745638847
