times:
  edit-metadata: 1.4869535230100155
  landing: 0.8397798649966717
  view-data: 3.3464756943285465
