times:
  edit-metadata: 1.5751111470162868
  landing: 0.7747799754142761
  view-data: 3.3241289667785168
