times:
  edit-metadata: 1.5357325598597527
  landing: 0.908223070204258
  view-data: 3.4999924674630165
