times:
  edit-metadata: 1.591911368072033
  landing: 1.256298627704382
  view-data: 3.3294271267950535
