times:
  edit-metadata: 1.4637471437454224
  landing: 0.8658434450626373
  view-data: 3.560022786259651
