times:
  edit-metadata: 1.505347415804863
  landing: 0.9340309351682663
  view-data: 3.352811850607395
