times:
  edit-metadata: 1.566733032464981
  landing: 1.0186311937868595
  view-data: 3.3426894322037697
