times:
  edit-metadata: 1.4099350944161415
  landing: 0.7869852222502232
  view-data: 3.2584836073219776
