times:
  edit-metadata: 1.3877629488706589
  landing: 0.8141709938645363
  view-data: 3.566046714782715
