times:
  edit-metadata: 1.56190375238657
  landing: 0.9978688657283783
  view-data: 3.4927699491381645
