times:
  edit-metadata: 1.3382597863674164
  landing: 0.8910588771104813
  view-data: 3.4750329852104187
