times:
  edit-metadata: 1.3206253200769424
  landing: 0.824202973395586
  view-data: 3.337293591350317
