times:
  edit-metadata: 1.3708446212112904
  landing: 0.7937631830573082
  view-data: 3.371420569717884
