times:
  edit-metadata: 1.4546803906559944
  landing: 0.8953787907958031
  view-data: 3.3041889891028404
