times:
  edit-metadata: 1.4256057813763618
  landing: 0.8648440390825272
  view-data: 3.4573432207107544
