times:
  edit-metadata: 1.6923452615737915
  landing: 0.9517988711595535
  view-data: 3.526145301759243
