times:
  edit-metadata: 1.5283347740769386
  landing: 1.0146025866270065
  view-data: 3.4168611317873
