times:
  edit-metadata: 1.3740243837237358
  landing: 0.7743288651108742
  view-data: 3.3164782598614693
