times:
  edit-metadata: 1.3776171654462814
  landing: 0.801841028034687
  view-data: 3.503995545208454
