times:
  edit-metadata: 1.518250398337841
  landing: 0.6899945959448814
  view-data: 3.397852696478367
