times:
  edit-metadata: 1.3855480551719666
  landing: 0.8665898442268372
  view-data: 3.4295351952314377
