times:
  edit-metadata: 1.3439510762691498
  landing: 0.8070746809244156
  view-data: 3.447170600295067
