times:
  edit-metadata: 1.4679387733340263
  landing: 0.8068583905696869
  view-data: 3.5174932330846786
