times:
  edit-metadata: 1.4317083060741425
  landing: 0.8342902548611164
  view-data: 3.3839904330670834
