times:
  edit-metadata: 1.3761638477444649
  landing: 0.9376461356878281
  view-data: 3.505787141621113
