times:
  edit-metadata: 1.5147953145205975
  landing: 1.0284125208854675
  view-data: 3.3899222761392593
