times:
  edit-metadata: 1.449155692011118
  landing: 0.8985418230295181
  view-data: 3.3577146641910076
