times:
  edit-metadata: 1.5331050232052803
  landing: 0.7674544975161552
  view-data: 3.5607235580682755
