times:
  edit-metadata: 1.4464349374175072
  landing: 0.8128817677497864
  view-data: 3.443745158612728
