times:
  edit-metadata: 1.6183298155665398
  landing: 0.9144190810620785
  view-data: 3.407833393663168
