times:
  edit-metadata: 1.7694009095430374
  landing: 1.2182787954807281
  view-data: 3.3539514020085335
