times:
  edit-metadata: 1.45150887966156
  landing: 0.7932934910058975
  view-data: 3.451876789331436
