times:
  edit-metadata: 1.6563617289066315
  landing: 1.0206901282072067
  view-data: 3.333688296377659
