times:
  edit-metadata: 1.5219411849975586
  landing: 0.8819702006876469
  view-data: 3.284863729029894
