times:
  edit-metadata: 1.3801224455237389
  landing: 0.8296414837241173
  view-data: 3.4409313425421715
