times:
  edit-metadata: 1.4715682715177536
  landing: 0.8076931089162827
  view-data: 3.4251799061894417
