times:
  edit-metadata: 1.3548656180500984
  landing: 0.8750660829246044
  view-data: 3.3615369647741318
