times:
  edit-metadata: 1.417961873114109
  landing: 0.9259330108761787
  view-data: 3.437473177909851
