times:
  edit-metadata: 1.5568977743387222
  landing: 0.9932555630803108
  view-data: 3.3577500134706497
