times:
  edit-metadata: 1.489560142159462
  landing: 0.7581279277801514
  view-data: 3.4485634565353394
