times:
  edit-metadata: 1.355713490396738
  landing: 1.1071227304637432
  view-data: 3.678400818258524
