times:
  edit-metadata: 1.626880206167698
  landing: 0.8081691488623619
  view-data: 3.3911023288965225
