times:
  edit-metadata: 1.4972782507538795
  landing: 0.8241752609610558
  view-data: 3.2888392955064774
