times:
  edit-metadata: 2.516740620136261
  landing: 1.7542788162827492
  view-data: 3.696694403886795
