times:
  edit-metadata: 1.4690632447600365
  landing: 0.895415659993887
  view-data: 3.315336238592863
