times:
  edit-metadata: 1.438242070376873
  landing: 0.8264976739883423
  view-data: 3.486224226653576
