times:
  edit-metadata: 2.778306659311056
  landing: 1.816997766494751
  view-data: 3.5358483642339706
