times:
  edit-metadata: 1.3899629637598991
  landing: 0.7622050121426582
  view-data: 3.3400074169039726
