times:
  edit-metadata: 1.4509244859218597
  landing: 1.0074640437960625
  view-data: 3.2642370834946632
