times:
  edit-metadata: 1.3166423365473747
  landing: 0.9379453063011169
  view-data: 3.6004753932356834
