times:
  edit-metadata: 1.3428471833467484
  landing: 0.9814446792006493
  view-data: 3.266934208571911
