times:
  edit-metadata: 1.7042251750826836
  landing: 0.81222815066576
  view-data: 3.4135402888059616
