times:
  edit-metadata: 1.4058393463492393
  landing: 0.8660395964980125
  view-data: 3.5318967700004578
