times:
  edit-metadata: 2.0499341562390327
  landing: 1.0854167863726616
  view-data: 3.3526651933789253
