times:
  edit-metadata: 1.3791101090610027
  landing: 0.8415569476783276
  view-data: 3.3289547972381115
