times:
  edit-metadata: 1.3886707201600075
  landing: 0.7870226502418518
  view-data: 3.4752067625522614
