times:
  edit-metadata: 1.402331367135048
  landing: 0.8165468871593475
  view-data: 3.5709128677845
