times:
  edit-metadata: 1.3907083049416542
  landing: 0.8367227464914322
  view-data: 3.37337788939476
