times:
  edit-metadata: 1.437589444220066
  landing: 1.096901997923851
  view-data: 3.3273861035704613
