times:
  edit-metadata: 1.566641230136156
  landing: 1.134260393679142
  view-data: 3.3241336345672607
