times:
  edit-metadata: 1.4147285744547844
  landing: 0.8840463235974312
  view-data: 3.317608565092087
