times:
  edit-metadata: 1.6581225916743279
  landing: 0.9397354982793331
  view-data: 3.3023468665778637
