times:
  edit-metadata: 1.8562362529337406
  landing: 1.3885268867015839
  view-data: 3.3876309245824814
