times:
  edit-metadata: 1.40911415964365
  landing: 0.8622845225036144
  view-data: 3.2982959039509296
