times:
  edit-metadata: 1.9485117122530937
  landing: 1.0030160248279572
  view-data: 3.625161685049534
