times:
  edit-metadata: 1.5057020634412766
  landing: 0.9046141318976879
  view-data: 3.3151414021849632
