times:
  edit-metadata: 1.2928262501955032
  landing: 1.082519806921482
  view-data: 3.7512934654951096
