times:
  edit-metadata: 1.4559934586286545
  landing: 0.7706025838851929
  view-data: 3.4930718764662743
