times:
  edit-metadata: 1.416121780872345
  landing: 0.8165414184331894
  view-data: 3.255488097667694
