times:
  edit-metadata: 1.4452689960598946
  landing: 0.9329782798886299
  view-data: 3.309436649084091
