times:
  edit-metadata: 1.4495855495333672
  landing: 0.8957386985421181
  view-data: 3.508090741932392
