times:
  edit-metadata: 1.5488953813910484
  landing: 0.8385046944022179
  view-data: 3.4862904101610184
