times:
  edit-metadata: 1.5590842850506306
  landing: 0.8727152198553085
  view-data: 3.333212099969387
