times:
  edit-metadata: 2.024358868598938
  landing: 1.1971504911780357
  view-data: 3.5209698379039764
