times:
  edit-metadata: 1.4755063280463219
  landing: 0.8135531917214394
  view-data: 3.264860212802887
