times:
  edit-metadata: 1.4331880435347557
  landing: 0.8726304545998573
  view-data: 3.4053897857666016
