times:
  edit-metadata: 1.5156501568853855
  landing: 0.9279887713491917
  view-data: 3.275247097015381
