times:
  edit-metadata: 1.4232491627335548
  landing: 0.7435258999466896
  view-data: 3.393432378768921
