times:
  edit-metadata: 1.4560589157044888
  landing: 0.8725423030555248
  view-data: 3.321383848786354
