times:
  edit-metadata: 1.5374447703361511
  landing: 0.8520534932613373
  view-data: 3.410807326436043
