times:
  edit-metadata: 1.4744344353675842
  landing: 0.8932411223649979
  view-data: 3.4482251554727554
