times:
  edit-metadata: 1.416188508272171
  landing: 0.7613390497863293
  view-data: 3.267372779548168
