times:
  edit-metadata: 1.4019705578684807
  landing: 0.8250773623585701
  view-data: 3.311765640974045
