times:
  edit-metadata: 1.4778330475091934
  landing: 0.7985185012221336
  view-data: 3.274143725633621
