times:
  edit-metadata: 1.4020590037107468
  landing: 0.811572715640068
  view-data: 3.458782836794853
