times:
  edit-metadata: 1.4199628233909607
  landing: 0.7727079465985298
  view-data: 3.5882404670119286
