times:
  edit-metadata: 1.4786274582147598
  landing: 0.837839663028717
  view-data: 3.455831028521061
