times:
  edit-metadata: 1.5497895367443562
  landing: 0.9191036820411682
  view-data: 3.3602204024791718
