times:
  edit-metadata: 1.4175881668925285
  landing: 0.8082293570041656
  view-data: 3.5694307908415794
