times:
  edit-metadata: 1.4541093781590462
  landing: 0.8416861817240715
  view-data: 3.319824270904064
