times:
  edit-metadata: 1.5294083803892136
  landing: 0.9903625659644604
  view-data: 3.3364871107041836
