times:
  edit-metadata: 1.764487437903881
  landing: 1.0365782529115677
  view-data: 3.757277987897396
