times:
  edit-metadata: 1.4152951315045357
  landing: 0.7551774047315121
  view-data: 3.328969568014145
