times:
  edit-metadata: 1.7827081829309464
  landing: 1.486358880996704
  view-data: 3.3310851082205772
