times:
  edit-metadata: 1.3334853164851665
  landing: 0.7549022734165192
  view-data: 3.262554094195366
