times:
  edit-metadata: 1.654062733054161
  landing: 0.849362775683403
  view-data: 3.4241401106119156
