times:
  edit-metadata: 1.3987603075802326
  landing: 0.8864907808601856
  view-data: 3.321845382452011
