times:
  edit-metadata: 1.1593757271766663
  landing: 0.8510477244853973
  view-data: 3.5142392739653587
