times:
  edit-metadata: 2.145032748579979
  landing: 1.2211556136608124
  view-data: 3.2881741523742676
