times:
  edit-metadata: 1.4635729789733887
  landing: 0.8004495352506638
  view-data: 3.3525665253400803
