times:
  edit-metadata: 1.428012352436781
  landing: 0.7604087814688683
  view-data: 3.2721058428287506
