times:
  edit-metadata: 1.3729830272495747
  landing: 0.7802601717412472
  view-data: 3.346310567110777
