times:
  edit-metadata: 1.4470096230506897
  landing: 0.7572560682892799
  view-data: 3.5145713835954666
