times:
  edit-metadata: 1.4313771724700928
  landing: 0.7572911754250526
  view-data: 3.4552018344402313
