times:
  edit-metadata: 1.5972970388829708
  landing: 0.8530738539993763
  view-data: 3.29006165638566
