times:
  edit-metadata: 1.403521228581667
  landing: 0.8338353931903839
  view-data: 3.3207673616707325
