times:
  edit-metadata: 1.3969192579388618
  landing: 0.9789335988461971
  view-data: 3.257071018218994
