times:
  edit-metadata: 1.4309195689857006
  landing: 0.9232724644243717
  view-data: 3.3266520500183105
