times:
  edit-metadata: 1.433129370212555
  landing: 0.822375662624836
  view-data: 3.504584811627865
