times:
  edit-metadata: 1.4955865740776062
  landing: 0.8461348414421082
  view-data: 3.306660033762455
