times:
  edit-metadata: 1.4092904105782509
  landing: 0.8149154186248779
  view-data: 3.4309844002127647
