times:
  edit-metadata: 1.4129424095153809
  landing: 0.8139436319470406
  view-data: 3.4071154966950417
