times:
  edit-metadata: 1.9051700718700886
  landing: 1.452160369604826
  view-data: 3.3299407735466957
