times:
  edit-metadata: 1.6298377476632595
  landing: 0.8611169084906578
  view-data: 3.2833161391317844
