times:
  edit-metadata: 1.4545215219259262
  landing: 0.8252335041761398
  view-data: 3.460632711648941
