times:
  edit-metadata: 1.4417666718363762
  landing: 1.065220758318901
  view-data: 3.4787878319621086
