times:
  edit-metadata: 1.4907103404402733
  landing: 0.859977699816227
  view-data: 3.4690335541963577
