times:
  edit-metadata: 1.4963838011026382
  landing: 1.1916341111063957
  view-data: 3.274659477174282
