times:
  edit-metadata: 1.3658764213323593
  landing: 0.9740318655967712
  view-data: 3.31739092618227
