times:
  edit-metadata: 1.4867965430021286
  landing: 0.8308540806174278
  view-data: 3.4601832553744316
