times:
  edit-metadata: 1.509411409497261
  landing: 0.8225248530507088
  view-data: 3.423571027815342
