times:
  edit-metadata: 1.430150792002678
  landing: 0.8154768347740173
  view-data: 3.424337148666382
