times:
  edit-metadata: 1.6078133955597878
  landing: 0.9523173347115517
  view-data: 3.3720137737691402
