times:
  edit-metadata: 1.4254980757832527
  landing: 0.8643486313521862
  view-data: 3.2992532067000866
