times:
  edit-metadata: 1.5011309832334518
  landing: 0.7764411866664886
  view-data: 3.4453326016664505
