times:
  edit-metadata: 2.50538681820035
  landing: 1.0843302235007286
  view-data: 3.4531392976641655
