times:
  edit-metadata: 1.720665916800499
  landing: 1.0889296904206276
  view-data: 3.313285581767559
