times:
  edit-metadata: 1.5485411807894707
  landing: 0.8797639384865761
  view-data: 3.3540528938174248
