times:
  edit-metadata: 1.5959893390536308
  landing: 0.9332040250301361
  view-data: 3.344974122941494
