times:
  edit-metadata: 1.424089677631855
  landing: 0.7863936126232147
  view-data: 3.350978910923004
