times:
  edit-metadata: 1.429230436682701
  landing: 0.7728419974446297
  view-data: 3.7556904032826424
