times:
  edit-metadata: 1.3820020779967308
  landing: 0.7969200760126114
  view-data: 3.5054556727409363
