times:
  edit-metadata: 1.5494500547647476
  landing: 0.9917419329285622
  view-data: 3.543860174715519
