times:
  edit-metadata: 1.3507126793265343
  landing: 0.8350534215569496
  view-data: 3.4176416397094727
