times:
  edit-metadata: 1.5041605085134506
  landing: 0.8409960120916367
  view-data: 3.3427510485053062
