times:
  edit-metadata: 3.0673627704381943
  landing: 1.4898002073168755
  view-data: 4.054298244416714
