times:
  edit-metadata: 1.3470839820802212
  landing: 0.783838301897049
  view-data: 3.3685110695660114
