times:
  edit-metadata: 1.3879850879311562
  landing: 0.7704357579350471
  view-data: 3.4202132523059845
