times:
  edit-metadata: 1.4785407222807407
  landing: 0.8040791973471642
  view-data: 3.3369274251163006
