times:
  edit-metadata: 1.4554135352373123
  landing: 0.9035006836056709
  view-data: 3.525632917881012
