times:
  edit-metadata: 1.4006923474371433
  landing: 0.8233858980238438
  view-data: 3.3536077588796616
