times:
  edit-metadata: 1.460371308028698
  landing: 0.7782777547836304
  view-data: 3.401278592646122
