times:
  edit-metadata: 1.3962424993515015
  landing: 0.781129464507103
  view-data: 3.2303562723100185
