times:
  edit-metadata: 1.6760795898735523
  landing: 0.8894808180630207
  view-data: 3.265438288450241
