times:
  edit-metadata: 1.5312415063381195
  landing: 0.8842474222183228
  view-data: 3.538912057876587
