times:
  edit-metadata: 1.462976098060608
  landing: 0.7429333478212357
  view-data: 3.4662532284855843
