times:
  edit-metadata: 1.5451630875468254
  landing: 0.7600877694785595
  view-data: 3.343479745090008
