times:
  edit-metadata: 1.4320898577570915
  landing: 0.7954576462507248
  view-data: 3.3462283462285995
