times:
  edit-metadata: 1.4306986182928085
  landing: 0.8630028292536736
  view-data: 3.37280210852623
