times:
  edit-metadata: 1.3818651176989079
  landing: 0.9279412552714348
  view-data: 3.348747171461582
