times:
  edit-metadata: 1.3944141715765
  landing: 0.7767422273755074
  view-data: 3.5644152387976646
