times:
  edit-metadata: 1.5891341492533684
  landing: 0.9487226381897926
  view-data: 3.6165537014603615
