times:
  edit-metadata: 1.4388536140322685
  landing: 0.8010585606098175
  view-data: 3.5158029049634933
