times:
  edit-metadata: 2.0585156083106995
  landing: 1.518454845994711
  view-data: 3.972722426056862
