times:
  edit-metadata: 1.3514472357928753
  landing: 0.8320789076387882
  view-data: 3.3183527141809464
