times:
  edit-metadata: 1.4168433994054794
  landing: 0.792937807738781
  view-data: 3.502353236079216
