times:
  edit-metadata: 2.1960522904992104
  landing: 1.4953067749738693
  view-data: 3.89973808825016
