times:
  edit-metadata: 1.3830552697181702
  landing: 0.724111407995224
  view-data: 3.4323600828647614
