times:
  edit-metadata: 1.4105911329388618
  landing: 0.8296669311821461
  view-data: 3.3756936490535736
