times:
  edit-metadata: 1.4145362079143524
  landing: 0.8012244775891304
  view-data: 3.5938888117671013
