times:
  edit-metadata: 1.544338047504425
  landing: 0.8854271322488785
  view-data: 3.6537911742925644
