times:
  edit-metadata: 1.3851966708898544
  landing: 0.8035303726792336
  view-data: 3.4923905581235886
