times:
  edit-metadata: 1.446697685867548
  landing: 0.8164356537163258
  view-data: 3.534206844866276
