times:
  edit-metadata: 1.3861405327916145
  landing: 0.8088357895612717
  view-data: 3.4238230511546135
