times:
  edit-metadata: 1.4087230749428272
  landing: 0.8421689830720425
  view-data: 3.353600077331066
