times:
  edit-metadata: 1.4864283874630928
  landing: 0.7691488042473793
  view-data: 3.325652524828911
