times:
  edit-metadata: 1.5579592250287533
  landing: 0.8068641796708107
  view-data: 3.2784893475472927
