times:
  edit-metadata: 1.562255259603262
  landing: 1.035623386502266
  view-data: 3.314007807523012
