times:
  edit-metadata: 3.194374769926071
  landing: 2.0184882134199142
  view-data: 3.8642035350203514
