times:
  edit-metadata: 1.4470435753464699
  landing: 0.7569475397467613
  view-data: 3.3546608611941338
