times:
  edit-metadata: 1.35463747382164
  landing: 0.7796398401260376
  view-data: 3.3229580596089363
