times:
  edit-metadata: 1.3907563649117947
  landing: 0.7736303322017193
  view-data: 3.27384065836668
