times:
  edit-metadata: 1.8094327077269554
  landing: 1.0734828114509583
  view-data: 3.2993379831314087
