times:
  edit-metadata: 1.5334547236561775
  landing: 0.8033235520124435
  view-data: 3.4841701313853264
