times:
  edit-metadata: 1.4650837033987045
  landing: 0.8039266690611839
  view-data: 3.3791427463293076
