times:
  edit-metadata: 1.5561096295714378
  landing: 0.8479969426989555
  view-data: 3.4340977296233177
