times:
  edit-metadata: 1.8723601512610912
  landing: 1.2579129710793495
  view-data: 3.399417508393526
