times:
  edit-metadata: 1.630770318210125
  landing: 0.9839277602732182
  view-data: 3.297666408121586
