times:
  edit-metadata: 1.5813353955745697
  landing: 0.8042339459061623
  view-data: 3.451766721904278
