times:
  edit-metadata: 1.4536025077104568
  landing: 0.871007114648819
  view-data: 3.3597556203603745
