times:
  edit-metadata: 1.4059028401970863
  landing: 0.7804627418518066
  view-data: 3.539371430873871
