times:
  edit-metadata: 1.3582799024879932
  landing: 0.8544624447822571
  view-data: 3.3796646632254124
