times:
  edit-metadata: 1.4334482252597809
  landing: 0.8076452612876892
  view-data: 3.3291875906288624
