times:
  edit-metadata: 1.118587501347065
  landing: 0.7369772493839264
  view-data: 3.5123828127980232
