times:
  edit-metadata: 1.539893712848425
  landing: 0.9454337693750858
  view-data: 3.31589450314641
