times:
  edit-metadata: 1.4706014469265938
  landing: 0.7861391603946686
  view-data: 3.516507737338543
