times:
  edit-metadata: 1.4403885826468468
  landing: 0.8229457139968872
  view-data: 3.5213995054364204
