times:
  edit-metadata: 2.201427109539509
  landing: 1.5463959649205208
  view-data: 3.5896695405244827
