times:
  edit-metadata: 1.430487222969532
  landing: 0.7848630174994469
  view-data: 3.289832290261984
