times:
  edit-metadata: 1.4398959577083588
  landing: 0.7960725165903568
  view-data: 3.304700393229723
