times:
  edit-metadata: 1.446967527270317
  landing: 0.7640882954001427
  view-data: 3.431780494749546
