times:
  edit-metadata: 1.672907367348671
  landing: 0.8205069601535797
  view-data: 3.3637148812413216
