times:
  edit-metadata: 1.6258854679763317
  landing: 0.9248147532343864
  view-data: 3.3616576716303825
