times:
  edit-metadata: 2.5174607783555984
  landing: 1.772028811275959
  view-data: 3.87671335041523
