times:
  edit-metadata: 1.416695013642311
  landing: 0.7541264668107033
  view-data: 3.554850421845913
