times:
  edit-metadata: 1.4073356315493584
  landing: 0.848093181848526
  view-data: 3.3482786491513252
