times:
  edit-metadata: 1.4559648036956787
  landing: 0.7957731559872627
  view-data: 3.4248063638806343
