times:
  edit-metadata: 1.6134946048259735
  landing: 0.8868955075740814
  view-data: 3.5551761984825134
