times:
  edit-metadata: 1.3622810244560242
  landing: 0.854380339384079
  view-data: 3.401825375854969
