times:
  edit-metadata: 1.5227984115481377
  landing: 0.7455343753099442
  view-data: 3.511617600917816
