times:
  edit-metadata: 1.5639953017234802
  landing: 0.8509372249245644
  view-data: 3.5453085005283356
