times:
  edit-metadata: 1.4138227067887783
  landing: 0.7804756239056587
  view-data: 3.3152688406407833
