times:
  edit-metadata: 1.772221751511097
  landing: 1.1807255148887634
  view-data: 3.2900250740349293
