times:
  edit-metadata: 1.5313603654503822
  landing: 0.7106679752469063
  view-data: 3.4404167979955673
