times:
  edit-metadata: 1.604031503200531
  landing: 0.8195585906505585
  view-data: 3.2869552671909332
