times:
  edit-metadata: 1.3696070164442062
  landing: 0.7791472524404526
  view-data: 3.479721359908581
