times:
  edit-metadata: 1.6283252574503422
  landing: 0.7785651236772537
  view-data: 3.270612236112356
