times:
  edit-metadata: 1.4096322283148766
  landing: 0.8443553149700165
  view-data: 3.470346726477146
