times:
  edit-metadata: 1.3754562139511108
  landing: 0.8555733039975166
  view-data: 3.5279980078339577
