times:
  edit-metadata: 1.4863158464431763
  landing: 0.9704447612166405
  view-data: 3.495592214167118
