times:
  edit-metadata: 1.6645238474011421
  landing: 0.9200058951973915
  view-data: 3.3262019120156765
