times:
  edit-metadata: 1.3638626597821712
  landing: 0.8247240595519543
  view-data: 3.2935838773846626
