times:
  edit-metadata: 1.5019419193267822
  landing: 0.7187689244747162
  view-data: 3.436202958226204
