times:
  edit-metadata: 1.4449209794402122
  landing: 0.8944649547338486
  view-data: 3.28871650993824
