times:
  edit-metadata: 1.400583691895008
  landing: 0.7710870578885078
  view-data: 3.510591872036457
