times:
  edit-metadata: 1.5440694317221642
  landing: 0.8555087968707085
  view-data: 3.3454997912049294
