times:
  edit-metadata: 1.5732342638075352
  landing: 0.8115563578903675
  view-data: 3.274414997547865
