times:
  edit-metadata: 1.4074701853096485
  landing: 0.9361821711063385
  view-data: 3.306622926145792
