times:
  edit-metadata: 1.4584785401821136
  landing: 0.7806500867009163
  view-data: 3.525266632437706
