times:
  edit-metadata: 1.3834841027855873
  landing: 0.824708878993988
  view-data: 3.339903622865677
