times:
  edit-metadata: 1.4101142510771751
  landing: 0.7900300100445747
  view-data: 3.4103071317076683
