times:
  edit-metadata: 1.5092575326561928
  landing: 0.7673411890864372
  view-data: 3.437555752694607
