times:
  edit-metadata: 1.4570822156965733
  landing: 0.8631967194378376
  view-data: 3.327853299677372
