times:
  edit-metadata: 1.4908915609121323
  landing: 0.8652219325304031
  view-data: 3.466821826994419
