times:
  edit-metadata: 1.5529440566897392
  landing: 0.7887395843863487
  view-data: 3.345078207552433
