times:
  edit-metadata: 1.5507690459489822
  landing: 0.891032986342907
  view-data: 3.45059122890234
