times:
  edit-metadata: 1.6694516688585281
  landing: 0.7544036209583282
  view-data: 3.5074550807476044
