times:
  edit-metadata: 1.472752407193184
  landing: 0.8590957708656788
  view-data: 3.3041425347328186
