times:
  edit-metadata: 2.1578772887587547
  landing: 1.4407128281891346
  view-data: 3.585841864347458
