times:
  edit-metadata: 1.4496438056230545
  landing: 0.8247743807733059
  view-data: 3.3702395521104336
