times:
  edit-metadata: 1.5934927724301815
  landing: 0.9827527366578579
  view-data: 3.393988836556673
