times:
  edit-metadata: 1.5009969770908356
  landing: 0.8336005583405495
  view-data: 3.3739710934460163
