times:
  edit-metadata: 1.339067492634058
  landing: 0.7458894476294518
  view-data: 3.424551572650671
