times:
  edit-metadata: 1.9898444302380085
  landing: 1.1371090710163116
  view-data: 3.3979013301432133
