times:
  edit-metadata: 1.4999435134232044
  landing: 0.8929198272526264
  view-data: 3.4251221157610416
