times:
  edit-metadata: 1.5181856080889702
  landing: 0.8283387422561646
  view-data: 3.390630204230547
