times:
  edit-metadata: 1.466860841959715
  landing: 0.8946941271424294
  view-data: 3.3331537880003452
