times:
  edit-metadata: 1.5172942951321602
  landing: 0.877434927970171
  view-data: 3.42209043353796
