times:
  edit-metadata: 1.5041987411677837
  landing: 0.8972706608474255
  view-data: 3.3895675390958786
