times:
  edit-metadata: 1.5897778309881687
  landing: 0.8384817242622375
  view-data: 3.373781729489565
