times:
  edit-metadata: 1.4569134078919888
  landing: 0.960265651345253
  view-data: 3.378852989524603
