times:
  edit-metadata: 1.5477677509188652
  landing: 0.9478971250355244
  view-data: 3.324572179466486
