times:
  edit-metadata: 3.6391762867569923
  landing: 1.4064466953277588
  view-data: 3.7302915044128895
