times:
  edit-metadata: 1.3584931641817093
  landing: 0.7572630420327187
  view-data: 3.369841180741787
