times:
  edit-metadata: 1.5369624942541122
  landing: 1.0176105871796608
  view-data: 3.4461542926728725
