times:
  edit-metadata: 1.4963879249989986
  landing: 0.7915594130754471
  view-data: 3.394433192908764
