times:
  edit-metadata: 2.0280345417559147
  landing: 1.2587832063436508
  view-data: 3.3012652210891247
