times:
  edit-metadata: 1.4324436336755753
  landing: 1.0024637319147587
  view-data: 3.7633717879652977
