times:
  edit-metadata: 1.4807768687605858
  landing: 0.9494175165891647
  view-data: 3.3211342357099056
