times:
  edit-metadata: 1.4423883706331253
  landing: 0.8607596158981323
  view-data: 3.344235386699438
