times:
  edit-metadata: 1.548048760741949
  landing: 7.424717515707016
  view-data: 3.4414958991110325
