times:
  edit-metadata: 1.3924904502928257
  landing: 0.8002357259392738
  view-data: 3.3549252822995186
