times:
  edit-metadata: 1.4509341567754745
  landing: 1.259470146149397
  view-data: 3.470330588519573
