times:
  edit-metadata: 1.5026619210839272
  landing: 0.913692370057106
  view-data: 3.457104992121458
