times:
  edit-metadata: 1.6026817820966244
  landing: 0.9119489192962646
  view-data: 3.3924606293439865
