times:
  edit-metadata: 1.615114975720644
  landing: 0.884050615131855
  view-data: 3.4249208755791187
