times:
  edit-metadata: 1.4020253792405128
  landing: 0.8760159313678741
  view-data: 3.3428979702293873
