times:
  edit-metadata: 1.420922178775072
  landing: 0.8779745437204838
  view-data: 3.3482556343078613
