times:
  edit-metadata: 1.5884093418717384
  landing: 0.8321342207491398
  view-data: 3.3811921030282974
