times:
  edit-metadata: 1.5959601663053036
  landing: 1.0031275153160095
  view-data: 3.789024278521538
