times:
  edit-metadata: 1.3991550207138062
  landing: 0.7800992578268051
  view-data: 3.467442464083433
