times:
  edit-metadata: 1.4574893675744534
  landing: 0.7711406126618385
  view-data: 3.3596377223730087
