times:
  edit-metadata: 2.2386949844658375
  landing: 1.2152380011975765
  view-data: 3.8847578428685665
