times:
  edit-metadata: 3.3733416944742203
  landing: 1.9824974909424782
  view-data: 3.726836573332548
