times:
  edit-metadata: 1.5674845650792122
  landing: 0.9899955950677395
  view-data: 3.500289600342512
