times:
  edit-metadata: 1.3722452409565449
  landing: 0.9224072694778442
  view-data: 3.3510081507265568
