times:
  edit-metadata: 1.4776564091444016
  landing: 0.8396695926785469
  view-data: 3.436276603490114
