times:
  edit-metadata: 1.5543337538838387
  landing: 1.2264745831489563
  view-data: 3.40838735550642
