times:
  edit-metadata: 2.0745905861258507
  landing: 1.4115961380302906
  view-data: 3.5081705525517464
