times:
  edit-metadata: 1.504066914319992
  landing: 0.9699965044856071
  view-data: 3.3838237710297108
