times:
  edit-metadata: 1.448656551539898
  landing: 0.9195322953164577
  view-data: 3.3588017895817757
