times:
  edit-metadata: 1.4782593846321106
  landing: 0.9534594044089317
  view-data: 3.340433970093727
