times:
  edit-metadata: 2.936359725892544
  landing: 1.3996409475803375
  view-data: 3.4358796551823616
