times:
  edit-metadata: 1.6460042707622051
  landing: 1.084041964262724
  view-data: 3.4062123708426952
