times:
  edit-metadata: 1.381502591073513
  landing: 0.7164004780352116
  view-data: 3.2971778362989426
