times:
  edit-metadata: 1.5578019246459007
  landing: 0.8575677126646042
  view-data: 3.4519600942730904
