times:
  edit-metadata: 1.4480928741395473
  landing: 1.1333365216851234
  view-data: 3.281074211001396
