times:
  edit-metadata: 2.0800779461860657
  landing: 0.9769934378564358
  view-data: 3.445622619241476
