times:
  edit-metadata: 1.3241004832088947
  landing: 0.7295669093728065
  view-data: 3.2484823539853096
