times:
  edit-metadata: 1.4935668744146824
  landing: 0.827284187078476
  view-data: 3.4469427168369293
