times:
  edit-metadata: 1.418453935533762
  landing: 0.8263691253960133
  view-data: 3.287812229245901
