times:
  edit-metadata: 1.5911278575658798
  landing: 1.024661511182785
  view-data: 3.383825331926346
