times:
  edit-metadata: 0.4999752070289105
  landing: 0.05816932604648173
  view-data: 0.2155160470865667
