times:
  edit-metadata: 0.5913326879963279
  landing: 0.06974620011169463
  view-data: 0.2173648470779881
