times:
  edit-metadata: 1.7763392918277532
  landing: 0.8263305299915373
  view-data: 3.3017276460304856
