times:
  edit-metadata: 3.325884025543928
  landing: 1.798687119036913
  view-data: 3.5625787153840065
