times:
  edit-metadata: 1.5025911182165146
  landing: 1.0614045597612858
  view-data: 3.3557637222111225
