times:
  edit-metadata: 1.4847694793716073
  landing: 0.8556958707049489
  view-data: 3.270766413770616
