times:
  edit-metadata: 1.4437936283648014
  landing: 0.7336483597755432
  view-data: 3.3637346513569355
