times:
  edit-metadata: 1.5706414375454187
  landing: 0.7982001714408398
  view-data: 3.4538336098194122
