times:
  edit-metadata: 1.3786168922670186
  landing: 0.7378451228141785
  view-data: 3.305055371951312
