times:
  edit-metadata: 0.5840789789799601
  landing: 0.05045796697959304
  view-data: 0.23059052403550595
