times:
  edit-metadata: 1.4957958105951548
  landing: 0.7506983894854784
  view-data: 3.4177553709596395
