times:
  edit-metadata: 1.792175553739071
  landing: 1.0916544646024704
  view-data: 3.4074789322912693
