times:
  edit-metadata: 1.5149876028299332
  landing: 0.8180897403508425
  view-data: 3.4337947592139244
