times:
  edit-metadata: 1.5057484488934278
  landing: 0.7626230604946613
  view-data: 3.366172494366765
