times:
  edit-metadata: 1.4260133225470781
  landing: 0.748319786041975
  view-data: 3.2533353492617607
