times:
  edit-metadata: 0.5128693300066516
  landing: 0.04558419599197805
  view-data: 0.20512285904260352
