times:
  edit-metadata: 0.6018902140203863
  landing: 0.05176800297340378
  view-data: 0.326129499997478
