times:
  edit-metadata: 1.409701718017459
  landing: 0.8832336850464344
  view-data: 3.4348913580179214
