times:
  edit-metadata: 1.5316455611027777
  landing: 0.7583879388403147
  view-data: 3.368769057095051
