times:
  edit-metadata: 1.5237889736890793
  landing: 0.7460988331586123
  view-data: 3.3983417972922325
