times:
  edit-metadata: 1.4593823431059718
  landing: 0.8159118350595236
  view-data: 3.359253237955272
