times:
  edit-metadata: 0.5202106488868594
  landing: 0.06074171420186758
  view-data: 0.20955407293513417
