times:
  edit-metadata: 1.4805266205221415
  landing: 0.751033116132021
  view-data: 3.4050752967596054
