times:
  edit-metadata: 1.3587854355573654
  landing: 0.7688232967630029
  view-data: 3.3925370797514915
