times:
  edit-metadata: 1.5146208759397268
  landing: 0.746299697086215
  view-data: 3.430744955316186
