times:
  edit-metadata: 1.533756012097001
  landing: 0.7648955695331097
  view-data: 3.3709749467670918
