times:
  edit-metadata: 0.48932752572000027
  landing: 0.05545314075425267
  view-data: 0.3331096996553242
