times:
  edit-metadata: 1.5571568384766579
  landing: 0.9214626327157021
  view-data: 3.4812696427106857
