times:
  edit-metadata: 1.5435241740196943
  landing: 0.7790559753775597
  view-data: 3.4604311464354396
