times:
  edit-metadata: 0.6953909970179666
  landing: 0.0828588519943878
  view-data: 0.2831411770021077
