times:
  edit-metadata: 1.4829474890138954
  landing: 0.7618071399629116
  view-data: 3.2462935720104724
