times:
  edit-metadata: 0.513601207989268
  landing: 0.05499543691985309
  view-data: 0.207885172101669
