times:
  edit-metadata: 1.664888709783554
  landing: 0.9511546939611435
  view-data: 3.340151123702526
