times:
  edit-metadata: 1.516540503129363
  landing: 0.7947776038199663
  view-data: 3.3996958192437887
