times:
  edit-metadata: 1.4671800322830677
  landing: 0.9738476313650608
  view-data: 3.343019813299179
