times:
  edit-metadata: 1.6276014931499958
  landing: 0.8674843348562717
  view-data: 3.4608338121324778
