times:
  edit-metadata: 2.3307832330465317
  landing: 1.4148701690137386
  view-data: 3.600223932415247
