times:
  edit-metadata: 1.5875293835997581
  landing: 0.866046592593193
  view-data: 3.373525060713291
