times:
  edit-metadata: 1.5667226277291775
  landing: 0.8281474802643061
  view-data: 3.4135086722671986
