times:
  edit-metadata: 1.5264851059764624
  landing: 0.8177634980529547
  view-data: 3.405194567516446
