times:
  edit-metadata: 1.3392199280206114
  landing: 0.9013328740838915
  view-data: 3.4498657828662544
