times:
  edit-metadata: 1.615416407585144
  landing: 0.900183193385601
  view-data: 3.4128036834299564
