times:
  edit-metadata: 1.9268836341798306
  landing: 0.8005948876962066
  view-data: 3.4817408435046673
