times:
  edit-metadata: 0.5632075619651005
  landing: 0.08427267801016569
  view-data: 0.355805543018505
