times:
  edit-metadata: 1.4124060859903693
  landing: 0.9179484960623085
  view-data: 3.3162011180538684
