times:
  edit-metadata: 0.5063824669923633
  landing: 0.04624763410538435
  view-data: 0.33832588605582714
