times:
  edit-metadata: 0.5672670769999968
  landing: 0.04598860300029628
  view-data: 0.2268879269977333
