times:
  edit-metadata: 0.48061219486407936
  landing: 0.04860555403865874
  view-data: 0.21356333093717694
