times:
  edit-metadata: 1.4654827732592821
  landing: 0.9547155741602182
  view-data: 3.3275115080177784
