times:
  edit-metadata: 0.504331381060183
  landing: 0.047084028949029744
  view-data: 0.20921588107012212
