times:
  edit-metadata: 1.5069406125694513
  landing: 0.7872718125581741
  view-data: 3.405612476170063
