times:
  edit-metadata: 1.5601518899202347
  landing: 0.8305564559996128
  view-data: 3.387337615713477
