times:
  edit-metadata: 1.3814817555248737
  landing: 0.8930166261270642
  view-data: 3.3241637563332915
