times:
  edit-metadata: 1.7417254149913788
  landing: 0.9366895221173763
  view-data: 3.3595687486231327
