times:
  edit-metadata: 1.5169803034514189
  landing: 0.7753451764583588
  view-data: 3.421527996659279
