times:
  edit-metadata: 1.862866235896945
  landing: 0.9742947854101658
  view-data: 3.401569277048111
