times:
  edit-metadata: 1.522430507466197
  landing: 0.7520648427307606
  view-data: 3.4165835734456778
