times:
  edit-metadata: 0.5799143130425364
  landing: 0.046618341002613306
  view-data: 0.21607208799105138
