times:
  edit-metadata: 1.5678685978055
  landing: 0.9565314427018166
  view-data: 3.3579100593924522
