times:
  edit-metadata: 0.49640150205232203
  landing: 0.05468752211891115
  view-data: 0.21706419507972896
