times:
  edit-metadata: 0.7096471209079027
  landing: 0.0840129698626697
  view-data: 0.3381792060099542
