times:
  edit-metadata: 1.2006066500325687
  landing: 0.21511685999576002
  view-data: 0.22537222999380901
