times:
  edit-metadata: 0.5026298949960619
  landing: 0.047998966998420656
  view-data: 0.2096380260773003
