times:
  edit-metadata: 1.475363278761506
  landing: 0.8658490795642138
  view-data: 3.3878280837088823
