times:
  edit-metadata: 0.4910987210460007
  landing: 0.04903087904676795
  view-data: 0.21447460586205125
