times:
  edit-metadata: 1.543584655970335
  landing: 0.8026549778878689
  view-data: 3.40466670319438
