times:
  edit-metadata: 1.32565336197149
  landing: 0.7753404459217563
  view-data: 3.4642379590077326
