times:
  edit-metadata: 0.487261920934543
  landing: 0.05187309789471328
  view-data: 0.19773591891862452
