times:
  edit-metadata: 1.321072437800467
  landing: 0.7316931560635567
  view-data: 3.300145845860243
