times:
  edit-metadata: 1.3446589624509215
  landing: 0.8036889545619488
  view-data: 3.319716449826956
