times:
  edit-metadata: 1.47524711699225
  landing: 0.8099772578570992
  view-data: 3.340776991099119
