times:
  edit-metadata: 1.5613665929995477
  landing: 0.8640327929751948
  view-data: 3.3275818179827183
