times:
  edit-metadata: 1.5350709240883589
  landing: 0.8325994312763214
  view-data: 3.4546337239444256
