times:
  edit-metadata: 1.5464861765503883
  landing: 0.812460221350193
  view-data: 3.3118557520210743
