times:
  edit-metadata: 1.4003176838159561
  landing: 0.7394637279212475
  view-data: 3.332409583032131
