times:
  edit-metadata: 0.5101466269697994
  landing: 0.04807384707964957
  view-data: 0.33709431788884103
