times:
  edit-metadata: 1.6022859448567033
  landing: 0.8645888371393085
  view-data: 3.352015160024166
