times:
  edit-metadata: 1.5668390169739723
  landing: 0.7876404337584972
  view-data: 3.384480260312557
