times:
  edit-metadata: 1.3757242411375046
  landing: 0.8279681019484997
  view-data: 3.30510445125401
