times:
  edit-metadata: 0.5977661950018955
  landing: 0.07120708700676914
  view-data: 0.23246895500051323
