times:
  edit-metadata: 1.3755668960511684
  landing: 1.098052728921175
  view-data: 3.6671076519414783
