times:
  edit-metadata: 1.557018393650651
  landing: 0.7557213176041842
  view-data: 3.4030702002346516
