times:
  edit-metadata: 1.556852227076888
  landing: 0.865756144747138
  view-data: 3.428270574659109
