times:
  edit-metadata: 1.522036811336875
  landing: 0.8084323517978191
  view-data: 3.4212620574980974
