times:
  edit-metadata: 0.5059584961272776
  landing: 0.0533937260042876
  view-data: 0.21771587897092104
