times:
  edit-metadata: 1.8150056973099709
  landing: 0.9382458925247192
  view-data: 3.3929027020931244
