times:
  edit-metadata: 2.406794061884284
  landing: 1.307800266891718
  view-data: 3.4402440264821053
