times:
  edit-metadata: 1.5463881213217974
  landing: 0.773219482973218
  view-data: 3.4567173924297094
