times:
  edit-metadata: 1.544736111536622
  landing: 1.0132920891046524
  view-data: 3.3574851229786873
