times:
  edit-metadata: 1.5934435445815325
  landing: 0.8895293977111578
  view-data: 3.3872080296278
