times:
  edit-metadata: 0.5723558979807422
  landing: 0.044439127086661756
  view-data: 0.21911614597775042
