times:
  edit-metadata: 1.4996755635365844
  landing: 0.8369125192984939
  view-data: 3.343960426747799
