times:
  edit-metadata: 0.4992151730693877
  landing: 0.054672351107001305
  view-data: 0.2050173229072243
