times:
  edit-metadata: 1.5311227468773723
  landing: 0.7655482687987387
  view-data: 3.3693586150184274
