times:
  edit-metadata: 0.5769811639329419
  landing: 0.04897829797118902
  view-data: 0.2606193160172552
