times:
  edit-metadata: 0.5874982959358022
  landing: 0.06567251996602863
  view-data: 0.21038878709077835
