times:
  edit-metadata: 1.4349049059674144
  landing: 0.8446298809722066
  view-data: 3.388322424143553
