times:
  edit-metadata: 1.4562641559168696
  landing: 0.7958589754998684
  view-data: 3.3699221033602953
