times:
  edit-metadata: 0.5027677651960403
  landing: 0.04278318700380623
  view-data: 0.2135572419501841
