times:
  edit-metadata: 1.645627154968679
  landing: 0.9764968450181186
  view-data: 3.396678120829165
