times:
  edit-metadata: 1.4857130898162723
  landing: 0.8084060167893767
  view-data: 3.380186051130295
