times:
  edit-metadata: 1.4854096230119467
  landing: 0.7648624023422599
  view-data: 3.371548459865153
