times:
  edit-metadata: 1.5130331087857485
  landing: 0.8300027679651976
  view-data: 3.414666200056672
