times:
  edit-metadata: 1.5030057430267334
  landing: 0.8522174544632435
  view-data: 3.3118800297379494
