times:
  edit-metadata: 1.5743777714669704
  landing: 0.8724160864949226
  view-data: 3.398091048002243
