times:
  edit-metadata: 1.5830820724368095
  landing: 1.1986454837024212
  view-data: 3.3673131838440895
