times:
  edit-metadata: 1.4456842329818755
  landing: 0.7266969369957224
  view-data: 3.3242614610353485
