times:
  edit-metadata: 1.3277244679629803
  landing: 1.0077859428711236
  view-data: 3.3835025280714035
