times:
  edit-metadata: 1.5697889290750027
  landing: 0.8609787467867136
  view-data: 3.4807897144928575
