times:
  edit-metadata: 0.5471388439982547
  landing: 0.047836386002018116
  view-data: 0.20864992200222332
