times:
  edit-metadata: 1.5471508204936981
  landing: 0.8809577003121376
  view-data: 3.4039750061929226
