times:
  edit-metadata: 0.6254654270014726
  landing: 0.08102606900501996
  view-data: 0.29303441000229213
