times:
  edit-metadata: 1.5421683005988598
  landing: 0.6908625867217779
  view-data: 3.319746430963278
