times:
  edit-metadata: 1.544310474768281
  landing: 0.8556644767522812
  view-data: 3.3450052682310343
