times:
  edit-metadata: 1.679691543802619
  landing: 1.0217759031802416
  view-data: 3.4658290315419436
