times:
  edit-metadata: 1.5262490753084421
  landing: 0.7647295920178294
  view-data: 3.3390201525762677
