times:
  edit-metadata: 0.5011666429927573
  landing: 0.06522469001356512
  view-data: 0.21029350702883676
