times:
  edit-metadata: 1.426275297999382
  landing: 0.6413352731615305
  view-data: 3.2949087880551815
