times:
  edit-metadata: 1.7117751836776733
  landing: 0.9763417840003967
  view-data: 3.3379083909094334
