times:
  edit-metadata: 2.2740419134497643
  landing: 1.1894937567412853
  view-data: 3.4465169720351696
