times:
  edit-metadata: 0.5182463559322059
  landing: 0.05094942403957248
  view-data: 0.20158130885101855
