times:
  edit-metadata: 1.5466842409223318
  landing: 0.7682558242231607
  view-data: 3.4573947489261627
