times:
  edit-metadata: 1.4647301249206066
  landing: 0.7253940012305975
  view-data: 3.3275939282029867
