times:
  edit-metadata: 1.5224598031491041
  landing: 0.6781901344656944
  view-data: 3.295891188085079
