times:
  edit-metadata: 1.5447469353675842
  landing: 0.9302110187709332
  view-data: 3.2839940525591373
