times:
  edit-metadata: 1.5507659502327442
  landing: 0.7971606310456991
  view-data: 3.4325847271829844
