times:
  edit-metadata: 0.4985571959987283
  landing: 0.05054493900388479
  view-data: 0.20016823499463499
