times:
  edit-metadata: 1.4506743848323822
  landing: 0.7878350159153342
  view-data: 3.3685128642246127
