times:
  edit-metadata: 1.500847466289997
  landing: 0.7555979415774345
  view-data: 3.384420581161976
