times:
  edit-metadata: 1.5249952301383018
  landing: 0.7591116409748793
  view-data: 3.3760172463953495
