times:
  edit-metadata: 1.5268574226647615
  landing: 0.8245416916906834
  view-data: 3.471486544236541
