times:
  edit-metadata: 0.5028098640004828
  landing: 0.04901162500027567
  view-data: 0.20965145700029097
