times:
  edit-metadata: 1.5034429486840963
  landing: 0.7244462929666042
  view-data: 3.398341676220298
