times:
  edit-metadata: 1.4790679197758436
  landing: 0.93607547134161
  view-data: 3.325928971171379
