times:
  edit-metadata: 0.7425362509966362
  landing: 0.07393975899321958
  view-data: 0.2419705459906254
