times:
  edit-metadata: 0.4925667238421738
  landing: 0.04562455881386995
  view-data: 0.21333169098943472
