times:
  edit-metadata: 1.5158030465245247
  landing: 0.9671868495643139
  view-data: 2.877800766378641
