times:
  edit-metadata: 0.5933572080102749
  landing: 0.04654969600960612
  view-data: 0.22314480098430067
