times:
  edit-metadata: 1.6969151198863983
  landing: 0.9925038851797581
  view-data: 3.3987085968255997
