times:
  edit-metadata: 1.4886326845735312
  landing: 0.7455696500837803
  view-data: 3.3580868132412434
