times:
  edit-metadata: 0.4902747849992011
  landing: 0.049341688019922
  view-data: 0.21826899697771296
