times:
  edit-metadata: 1.5562027767300606
  landing: 1.169253945350647
  view-data: 3.4608548656105995
