times:
  edit-metadata: 0.7239871360070538
  landing: 0.17125874999328516
  view-data: 0.24683049399754964
