times:
  edit-metadata: 1.515074821189046
  landing: 0.7971564959734678
  view-data: 3.403512993827462
