times:
  edit-metadata: 1.512100413441658
  landing: 0.8755191750824451
  view-data: 3.4077997766435146
