times:
  edit-metadata: 1.4267887622117996
  landing: 0.7240466568619013
  view-data: 3.3523477762937546
