times:
  edit-metadata: 1.5354549661278725
  landing: 0.9205612204968929
  view-data: 3.4371836222708225
