times:
  edit-metadata: 1.7449544742703438
  landing: 1.3507849797606468
  view-data: 3.8454218693077564
