times:
  edit-metadata: 1.530149769037962
  landing: 0.8280444145202637
  view-data: 3.430100705474615
