times:
  edit-metadata: 0.49259620788507164
  landing: 0.044367928989231586
  view-data: 0.21677288599312305
