times:
  edit-metadata: 0.5030544060282409
  landing: 0.053292079363018274
  view-data: 0.21977173537015915
