times:
  edit-metadata: 2.3632791563868523
  landing: 1.105928961187601
  view-data: 3.670342715457082
