times:
  edit-metadata: 1.3865680480375886
  landing: 0.7187777245417237
  view-data: 3.3152119452133775
