times:
  edit-metadata: 1.9197849468328059
  landing: 1.2052109818905592
  view-data: 3.5855575297027826
