times:
  edit-metadata: 0.4821821949444711
  landing: 0.078744787722826
  view-data: 0.2204780988395214
