times:
  edit-metadata: 0.49659159197472036
  landing: 0.0545997079461813
  view-data: 0.1988542890176177
