times:
  edit-metadata: 1.4655858874320984
  landing: 0.912094458937645
  view-data: 3.327704284340143
