times:
  edit-metadata: 0.4861501029226929
  landing: 0.05324709496926516
  view-data: 0.20519851497374475
