times:
  edit-metadata: 1.6150695718824863
  landing: 1.1828320138156414
  view-data: 3.4076745472848415
