times:
  edit-metadata: 1.4522054428234696
  landing: 0.8546743700280786
  view-data: 3.5006441068835557
