times:
  edit-metadata: 1.4752725390717387
  landing: 0.7891078619286418
  view-data: 3.5060934191569686
