times:
  edit-metadata: 1.644258987158537
  landing: 1.0420616753399372
  view-data: 3.4461920373141766
