times:
  edit-metadata: 1.352857505902648
  landing: 0.7196214031428099
  view-data: 3.277447812957689
