times:
  edit-metadata: 1.5647493842989206
  landing: 0.7750999443233013
  view-data: 3.431480312719941
