times:
  edit-metadata: 1.4649388319812715
  landing: 0.8524072770960629
  view-data: 3.405677423812449
