times:
  edit-metadata: 0.49916503694839776
  landing: 0.05369308893568814
  view-data: 0.21189892501570284
