times:
  edit-metadata: 1.5358762945979834
  landing: 0.7787294443696737
  view-data: 3.441396150738001
