times:
  edit-metadata: 1.4626536667346954
  landing: 0.6705045495182276
  view-data: 3.336036615073681
