times:
  edit-metadata: 1.4693135106936097
  landing: 0.9702076502144337
  view-data: 3.373776131309569
