times:
  edit-metadata: 1.4397261925041676
  landing: 0.7468337789177895
  view-data: 3.2841858863830566
