times:
  edit-metadata: 1.5090797878801823
  landing: 0.7665208950638771
  view-data: 3.370272681117058
