times:
  edit-metadata: 0.5047867358662188
  landing: 0.05509226303547621
  view-data: 0.3426650818437338
