times:
  edit-metadata: 1.4677649214863777
  landing: 0.7675001695752144
  view-data: 3.3694922998547554
