times:
  edit-metadata: 1.5252883080393076
  landing: 0.7295047920197248
  view-data: 3.399861413985491
