times:
  edit-metadata: 1.612723644822836
  landing: 1.008597083389759
  view-data: 3.5450873151421547
