times:
  edit-metadata: 1.4176327995955944
  landing: 0.9614243432879448
  view-data: 3.3672504387795925
