times:
  edit-metadata: 0.5134822819964029
  landing: 0.05718944902764633
  view-data: 0.23040034499717876
