times:
  edit-metadata: 0.6027236340160016
  landing: 0.039827172993682325
  view-data: 0.34335311298491433
