times:
  edit-metadata: 1.6593646593391895
  landing: 0.965308154001832
  view-data: 3.346458774060011
