times:
  edit-metadata: 1.4663316328078508
  landing: 0.7313430942595005
  view-data: 3.3808756303042173
