times:
  edit-metadata: 1.5769713819026947
  landing: 0.8553693015128374
  view-data: 3.4629726763814688
