times:
  edit-metadata: 1.6299505904316902
  landing: 0.8834581784904003
  view-data: 3.4863787721842527
