times:
  edit-metadata: 1.4633905361406505
  landing: 0.8380485293455422
  view-data: 3.418011059984565
