times:
  edit-metadata: 1.5477325022220612
  landing: 0.8886127099394798
  view-data: 3.347807213664055
