times:
  edit-metadata: 1.5301995947957039
  landing: 0.9221669472754002
  view-data: 3.3774338252842426
