times:
  edit-metadata: 1.5079368762671947
  landing: 6.875584173947573
  view-data: 3.3420413993299007
