times:
  edit-metadata: 1.5788273587822914
  landing: 0.9845349341630936
  view-data: 3.3248620107769966
