times:
  edit-metadata: 1.3770711086690426
  landing: 0.8402683399617672
  view-data: 3.363267820328474
