times:
  edit-metadata: 1.6029897518455982
  landing: 0.8042089976370335
  view-data: 3.307912115007639
