times:
  edit-metadata: 1.4533897824585438
  landing: 0.9238907136023045
  view-data: 3.300338003784418
