times:
  edit-metadata: 1.4969447972252965
  landing: 0.8718986846506596
  view-data: 3.512167301028967
