times:
  edit-metadata: 0.5176046418491751
  landing: 0.1000155780930072
  view-data: 0.2056671897880733
