times:
  edit-metadata: 1.6206360086798668
  landing: 0.9347242563962936
  view-data: 3.293320618569851
