times:
  edit-metadata: 1.9178461655974388
  landing: 1.1712477914988995
  view-data: 3.610134232789278
