times:
  edit-metadata: 1.432610696181655
  landing: 0.8321395572274923
  view-data: 3.3610124299302697
