times:
  edit-metadata: 2.182940758764744
  landing: 1.4026135616004467
  view-data: 3.652255315333605
