times:
  edit-metadata: 0.5034014459233731
  landing: 0.050607993034645915
  view-data: 0.21891466109082103
