times:
  edit-metadata: 1.4306010697036982
  landing: 0.8104094434529543
  view-data: 3.3687172643840313
