times:
  edit-metadata: 0.5001369549427181
  landing: 0.07824908406473696
  view-data: 0.22311683697625995
