times:
  edit-metadata: 1.5531322513706982
  landing: 0.7754303091205657
  view-data: 3.344747049268335
