times:
  edit-metadata: 1.4774175696074963
  landing: 0.8966971151530743
  view-data: 3.3810482397675514
