times:
  edit-metadata: 1.4543831422924995
  landing: 0.8429933153092861
  view-data: 3.343230042606592
