times:
  edit-metadata: 1.5579220484942198
  landing: 0.8540098704397678
  view-data: 3.3911689277738333
