times:
  edit-metadata: 1.3928703237324953
  landing: 0.8659517960622907
  view-data: 3.327290393412113
