times:
  edit-metadata: 1.51416957937181
  landing: 0.7448116820305586
  view-data: 3.4093408696353436
