times:
  edit-metadata: 1.5001971710007638
  landing: 0.766244542086497
  view-data: 3.358551480108872
