times:
  edit-metadata: 1.5942466277629137
  landing: 0.8285033479332924
  view-data: 3.3776959888637066
