times:
  edit-metadata: 1.5370110534131527
  landing: 0.7622046992182732
  view-data: 3.40559178031981
