times:
  edit-metadata: 0.5115257552824914
  landing: 0.052255489863455296
  view-data: 0.20838071079924703
