times:
  edit-metadata: 1.44953359849751
  landing: 0.8021092433482409
  view-data: 3.3533124830573797
