times:
  edit-metadata: 1.4358229767531157
  landing: 0.7796744769439101
  view-data: 3.3199208108708262
