times:
  edit-metadata: 0.5007713219965808
  landing: 0.0465046230237931
  view-data: 0.22793788800481707
