times:
  edit-metadata: 1.4596045690122992
  landing: 0.782156344037503
  view-data: 3.357062441064045
