times:
  edit-metadata: 1.6927647404372692
  landing: 1.0990929305553436
  view-data: 3.4120878241956234
