times:
  edit-metadata: 1.4191690385341644
  landing: 0.9605064578354359
  view-data: 3.330330640077591
