times:
  edit-metadata: 1.4709863159805536
  landing: 0.8319283691234887
  view-data: 3.378571230918169
