times:
  edit-metadata: 2.030283966101706
  landing: 1.1643767557106912
  view-data: 3.359762900043279
