times:
  edit-metadata: 0.5025371781084687
  landing: 0.049353439128026366
  view-data: 0.2073234210256487
