times:
  edit-metadata: 1.6351277325302362
  landing: 0.8337757736444473
  view-data: 3.3282737005501986
