times:
  edit-metadata: 0.5567674659978366
  landing: 0.04647133400430903
  view-data: 0.232340798000223
