times:
  edit-metadata: 2.3704750295728445
  landing: 1.1348375268280506
  view-data: 3.494881918653846
