times:
  edit-metadata: 1.4316094852983952
  landing: 0.761038601398468
  view-data: 3.2978995107114315
