times:
  edit-metadata: 0.5716758539783768
  landing: 0.05217324401019141
  view-data: 0.23035387601703405
