times:
  edit-metadata: 1.5814657881855965
  landing: 0.8838635757565498
  view-data: 3.4606958776712418
