times:
  edit-metadata: 1.449438109062612
  landing: 0.7528527840040624
  view-data: 3.295778799802065
