times:
  edit-metadata: 2.180814228951931
  landing: 0.8486367864534259
  view-data: 3.4202745677903295
