times:
  edit-metadata: 1.5687955357134342
  landing: 1.0480095706880093
  view-data: 3.3469897992908955
