times:
  edit-metadata: 1.524789595976472
  landing: 0.8418619409203529
  view-data: 3.4303631484508514
