times:
  edit-metadata: 0.5548014499945566
  landing: 0.04952349001541734
  view-data: 0.22083364200079814
