times:
  edit-metadata: 0.4977166731841862
  landing: 0.05399379599839449
  view-data: 0.20247534988448024
