times:
  edit-metadata: 0.5397245418280363
  landing: 0.05832206690683961
  view-data: 0.19865889009088278
