times:
  edit-metadata: 1.433550726622343
  landing: 0.8377224169671535
  view-data: 3.3460133373737335
