times:
  edit-metadata: 0.4739845509175211
  landing: 0.0479780079331249
  view-data: 0.21595855010673404
