times:
  edit-metadata: 0.4953038489911705
  landing: 0.05547699797898531
  view-data: 0.22059658903162926
