times:
  edit-metadata: 1.436825598590076
  landing: 0.8465728117153049
  view-data: 3.3109283726662397
