times:
  edit-metadata: 1.5359285958111286
  landing: 0.7490646839141846
  view-data: 3.4039883222430944
