times:
  edit-metadata: 1.524535872042179
  landing: 0.757018681615591
  view-data: 3.413545807823539
