times:
  edit-metadata: 2.1837672255933285
  landing: 1.1919219847768545
  view-data: 3.646444351412356
