times:
  edit-metadata: 1.5655637010931969
  landing: 0.7900147009640932
  view-data: 3.341356573626399
