times:
  edit-metadata: 0.476282243616879
  landing: 0.10194456670433283
  view-data: 0.21364405378699303
