times:
  edit-metadata: 1.4033864180091769
  landing: 0.7067783980164677
  view-data: 3.2884337950963527
