times:
  edit-metadata: 1.3913813550025225
  landing: 0.7489654012024403
  view-data: 3.33323010802269
