times:
  edit-metadata: 1.5192893985658884
  landing: 0.7726689968258142
  view-data: 3.394941294565797
