times:
  edit-metadata: 1.5510613471269608
  landing: 0.9224455477669835
  view-data: 3.4179002651944757
