times:
  edit-metadata: 1.6086089219897985
  landing: 0.7519697109237313
  view-data: 3.430220334790647
