times:
  edit-metadata: 2.164902336895466
  landing: 0.978870864957571
  view-data: 3.9134486131370068
