times:
  edit-metadata: 1.9344313647598028
  landing: 1.1612922484055161
  view-data: 3.3233338007703424
