times:
  edit-metadata: 0.49623303406406194
  landing: 0.05276655906345695
  view-data: 0.2270550379762426
