times:
  edit-metadata: 1.4006535895168781
  landing: 1.3742956146597862
  view-data: 3.3204213455319405
