times:
  edit-metadata: 1.6208716556429863
  landing: 0.84724036231637
  view-data: 3.3149960190057755
