times:
  edit-metadata: 1.603586107492447
  landing: 0.9762620814144611
  view-data: 3.404490876942873
