times:
  edit-metadata: 1.3728956058621407
  landing: 0.9433266595005989
  view-data: 3.291569210588932
