times:
  edit-metadata: 1.4322856850922108
  landing: 0.685492604970932
  view-data: 3.3262389563024044
