times:
  edit-metadata: 0.5091602090396918
  landing: 0.04851046798285097
  view-data: 0.21767044998705387
