times:
  edit-metadata: 1.6409969329833984
  landing: 1.1545749977231026
  view-data: 3.388786245137453
