times:
  edit-metadata: 1.6664610356092453
  landing: 0.9360652100294828
  view-data: 3.363108979538083
