times:
  edit-metadata: 3.678870338946581
  landing: 0.9543393068015575
  view-data: 3.4580323547124863
