times:
  edit-metadata: 1.4403046034276485
  landing: 0.979957178235054
  view-data: 3.366836704313755
