times:
  edit-metadata: 0.49547251100011636
  landing: 0.046694071003003046
  view-data: 0.224293064995436
