times:
  edit-metadata: 1.4691276475787163
  landing: 0.9301688708364964
  view-data: 3.4448855109512806
