times:
  edit-metadata: 0.5779488689731807
  landing: 0.04366734600625932
  view-data: 0.23447300295811146
