times:
  edit-metadata: 1.6178905256092548
  landing: 0.9952384866774082
  view-data: 3.310901615768671
