times:
  edit-metadata: 1.4838228810112923
  landing: 0.895783863030374
  view-data: 3.405604586005211
