times:
  edit-metadata: 1.565333602949977
  landing: 0.8852905351668596
  view-data: 3.43345813639462
