times:
  edit-metadata: 1.6048101726919413
  landing: 0.9274462964385748
  view-data: 3.4653672464191914
