times:
  edit-metadata: 0.4693856779485941
  landing: 0.04745788709260523
  view-data: 0.21330380789004266
