times:
  edit-metadata: 1.538986591156572
  landing: 0.8002713178284466
  view-data: 3.4070635670796037
