times:
  edit-metadata: 1.519351428374648
  landing: 0.9597520567476749
  view-data: 3.349393269047141
