times:
  edit-metadata: 1.5210370495915413
  landing: 0.9638081081211567
  view-data: 3.3652995377779007
