times:
  edit-metadata: 1.5820344593375921
  landing: 0.8636426944285631
  view-data: 3.4265411477535963
