times:
  edit-metadata: 1.5414455868303776
  landing: 0.8588335141539574
  view-data: 3.441195696592331
