times:
  edit-metadata: 1.3915743716061115
  landing: 0.6776530221104622
  view-data: 3.3090988993644714
