times:
  edit-metadata: 1.4687605081126094
  landing: 0.8034717040136456
  view-data: 3.359312690794468
