times:
  edit-metadata: 1.4643481890670955
  landing: 0.7993130041286349
  view-data: 3.441354935988784
