times:
  edit-metadata: 1.4687851332128048
  landing: 0.7511233957484365
  view-data: 3.3295819740742445
