times:
  edit-metadata: 1.4480771832168102
  landing: 0.9140137583017349
  view-data: 3.4398050270974636
