times:
  edit-metadata: 0.477886545995716
  landing: 0.05811181801254861
  view-data: 0.23499586401158012
