times:
  edit-metadata: 0.4981092900270596
  landing: 0.056743732013273984
  view-data: 0.2102908999659121
