times:
  edit-metadata: 1.5184274483472109
  landing: 0.7251025680452585
  view-data: 3.3792165648192167
