times:
  edit-metadata: 1.4463862627744675
  landing: 0.7786458693444729
  view-data: 3.3846168145537376
