times:
  edit-metadata: 1.769832693040371
  landing: 0.9751864187419415
  view-data: 3.391273234039545
