times:
  edit-metadata: 0.5742790770000283
  landing: 0.06236468499992043
  view-data: 0.2253585930002373
