times:
  edit-metadata: 1.503437776118517
  landing: 0.7317281309515238
  view-data: 3.397288518026471
