times:
  edit-metadata: 2.6728970296680927
  landing: 1.5625397637486458
  view-data: 3.5538950003683567
