times:
  edit-metadata: 0.49897149100434035
  landing: 0.043230575043708086
  view-data: 0.20024671906139702
