times:
  edit-metadata: 0.5037858540017623
  landing: 0.0479374110000208
  view-data: 0.3372629079967737
