times:
  edit-metadata: 1.3880723975598812
  landing: 0.8799864053726196
  view-data: 3.260051105171442
