times:
  edit-metadata: 0.5686592050187755
  landing: 0.04848601800040342
  view-data: 0.25207347600371577
