times:
  edit-metadata: 0.5099764859769493
  landing: 0.051078773802146316
  view-data: 0.2044044730719179
