times:
  edit-metadata: 1.4733015559613705
  landing: 0.8720400407910347
  view-data: 3.34890790656209
