times:
  edit-metadata: 1.4955941997468472
  landing: 0.700982678681612
  view-data: 3.334991067647934
