times:
  edit-metadata: 1.5485049523413181
  landing: 0.7620442733168602
  view-data: 3.4489312572404742
