times:
  edit-metadata: 1.419903989881277
  landing: 0.8489774763584137
  view-data: 3.497909877449274
