times:
  edit-metadata: 1.6900464817881584
  landing: 0.7669120952486992
  view-data: 3.3974453061819077
