times:
  edit-metadata: 1.587380118202418
  landing: 0.808802701998502
  view-data: 3.3541522207669914
