times:
  edit-metadata: 1.5590405836701393
  landing: 0.9234252348542213
  view-data: 3.4296488538384438
