times:
  edit-metadata: 1.5925822295248508
  landing: 1.0949103087186813
  view-data: 3.3627984896302223
