times:
  edit-metadata: 1.6097901961766183
  landing: 0.9938195715658367
  view-data: 3.311720307916403
