times:
  edit-metadata: 1.3933146297931671
  landing: 0.8437312766909599
  view-data: 3.31707251816988
