times:
  edit-metadata: 0.5801720200106502
  landing: 0.06759766000322998
  view-data: 0.2178587899543345
