times:
  edit-metadata: 1.7109906803816557
  landing: 0.9609240312129259
  view-data: 3.3761413004249334
