times:
  edit-metadata: 1.6722646234557033
  landing: 1.0449541760608554
  view-data: 3.4654924143105745
