times:
  edit-metadata: 1.4824156784452498
  landing: 0.7904533450491726
  view-data: 0.6252273702993989
