times:
  edit-metadata: 1.5821169391274452
  landing: 0.7955931015312672
  view-data: 3.392248798161745
