times:
  edit-metadata: 0.5913110529654659
  landing: 0.1143014800036326
  view-data: 0.23634823999600485
