times:
  edit-metadata: 1.5943515170365572
  landing: 0.8554562702775002
  view-data: 3.391440151259303
