times:
  edit-metadata: 1.4900069683790207
  landing: 5.029438231140375
  view-data: 3.7802340537309647
