times:
  edit-metadata: 2.154754093848169
  landing: 1.2446298245340586
  view-data: 3.344314055517316
