times:
  edit-metadata: 0.49651720095425844
  landing: 0.05275408807210624
  view-data: 0.20282760681584477
