times:
  edit-metadata: 2.6110064201056957
  landing: 1.4944623708724976
  view-data: 3.7769754119217396
