times:
  edit-metadata: 1.5256778839975595
  landing: 0.8048109412193298
  view-data: 3.43192077241838
