times:
  edit-metadata: 1.6404959373176098
  landing: 0.8905260302126408
  view-data: 3.483760751783848
