times:
  edit-metadata: 1.597756402567029
  landing: 1.1537273023277521
  view-data: 3.371385711245239
