times:
  edit-metadata: 1.605008402839303
  landing: 0.7608858179301023
  view-data: 3.356214454397559
