times:
  edit-metadata: 1.3713522292673588
  landing: 0.9029704332351685
  view-data: 3.350574802607298
