times:
  edit-metadata: 1.4775323010981083
  landing: 1.0160750895738602
  view-data: 3.2579056657850742
