times:
  edit-metadata: 0.48491244693286717
  landing: 0.04559953021816909
  view-data: 0.4616064028814435
