times:
  edit-metadata: 0.4974431302398443
  landing: 0.046290215104818344
  view-data: 0.20573808811604977
