times:
  edit-metadata: 1.4762060791254044
  landing: 0.7527753710746765
  view-data: 3.3477058559656143
