times:
  edit-metadata: 1.8228402882814407
  landing: 1.0004772245883942
  view-data: 3.4388685151934624
