times:
  edit-metadata: 1.4417572319507599
  landing: 0.7942313477396965
  view-data: 3.5055364444851875
