times:
  edit-metadata: 1.441179282963276
  landing: 0.8344426304101944
  view-data: 3.502338595688343
