times:
  edit-metadata: 1.5174209922552109
  landing: 0.8304379135370255
  view-data: 3.4392883107066154
