times:
  edit-metadata: 1.5752575024962425
  landing: 0.7842136174440384
  view-data: 3.5411253347992897
