times:
  edit-metadata: 1.9970929697155952
  landing: 1.165634386241436
  view-data: 4.198843292891979
