times:
  edit-metadata: 1.4828688651323318
  landing: 0.9131574556231499
  view-data: 3.38542527705431
