times:
  edit-metadata: 1.5259346589446068
  landing: 0.7441500797867775
  view-data: 3.397091828286648
