times:
  edit-metadata: 1.4386339262127876
  landing: 0.8161715567111969
  view-data: 3.4254259765148163
