times:
  edit-metadata: 1.5596594512462616
  landing: 0.7973127365112305
  view-data: 3.5155012384057045
