times:
  edit-metadata: 1.443355530500412
  landing: 0.749735064804554
  view-data: 3.4493183493614197
