times:
  edit-metadata: 1.40369264036417
  landing: 0.8018163293600082
  view-data: 3.470155954360962
