times:
  edit-metadata: 1.390419326722622
  landing: 0.7944077253341675
  view-data: 3.4162010550498962
