times:
  edit-metadata: 1.5406296998262405
  landing: 0.793773703277111
  view-data: 3.438950002193451
