times:
  edit-metadata: 1.524929665029049
  landing: 0.7405602857470512
  view-data: 3.3393291011452675
