times:
  edit-metadata: 1.5715767368674278
  landing: 0.7902159318327904
  view-data: 3.420216366648674
