times:
  edit-metadata: 1.5991755053400993
  landing: 0.8367625400424004
  view-data: 3.5135634914040565
