times:
  edit-metadata: 1.8039214387536049
  landing: 1.359257236123085
  view-data: 3.6281760558485985
