times:
  edit-metadata: 2.5558690428733826
  landing: 1.9275254160165787
  view-data: 4.179199054837227
