times:
  edit-metadata: 1.4407510161399841
  landing: 0.8815885037183762
  view-data: 3.4714640602469444
