times:
  edit-metadata: 1.4252822771668434
  landing: 0.8149980381131172
  view-data: 3.4423985183238983
