times:
  edit-metadata: 1.5413239821791649
  landing: 0.8399207293987274
  view-data: 3.418078690767288
