times:
  edit-metadata: 1.52927765250206
  landing: 0.825397439301014
  view-data: 3.4332419112324715
