times:
  edit-metadata: 1.6280869171023369
  landing: 0.9360676929354668
  view-data: 3.4047787711024284
