times:
  edit-metadata: 1.4015743061900139
  landing: 0.8603429347276688
  view-data: 3.523022770881653
