times:
  edit-metadata: 1.5989363640546799
  landing: 0.7765415087342262
  view-data: 3.469524674117565
