times:
  edit-metadata: 1.4870457202196121
  landing: 0.8907346203923225
  view-data: 3.500067561864853
