times:
  edit-metadata: 2.289594680070877
  landing: 1.3275580629706383
  view-data: 3.5143063738942146
