times:
  edit-metadata: 1.4477749541401863
  landing: 0.7460800185799599
  view-data: 3.528544321656227
