times:
  edit-metadata: 1.4828538373112679
  landing: 0.8254411444067955
  view-data: 3.4361468702554703
