times:
  edit-metadata: 1.3861337676644325
  landing: 0.8137856274843216
  view-data: 3.5104850605130196
