times:
  edit-metadata: 2.642766520380974
  landing: 1.4915724769234657
  view-data: 3.6067617386579514
