times:
  edit-metadata: 1.723895087838173
  landing: 0.9388075396418571
  view-data: 3.645597279071808
