times:
  edit-metadata: 1.4755298495292664
  landing: 0.7456878498196602
  view-data: 3.5789640471339226
