times:
  edit-metadata: 1.4972284510731697
  landing: 1.0471395552158356
  view-data: 3.598012737929821
