times:
  edit-metadata: 1.4991957023739815
  landing: 1.0818762332201004
  view-data: 3.8016669377684593
