times:
  edit-metadata: 1.649888463318348
  landing: 0.8528410419821739
  view-data: 3.571811743080616
