times:
  edit-metadata: 1.525183528661728
  landing: 0.8847628459334373
  view-data: 3.4572234749794006
