times:
  edit-metadata: 1.5040903389453888
  landing: 0.7105461657047272
  view-data: 3.4935964718461037
