times:
  edit-metadata: 1.431906670331955
  landing: 0.777051143348217
  view-data: 3.4162658229470253
