times:
  edit-metadata: 1.3956232368946075
  landing: 0.8156627342104912
  view-data: 3.488448888063431
