times:
  edit-metadata: 1.486180990934372
  landing: 0.7873800098896027
  view-data: 3.470550559461117
