times:
  edit-metadata: 1.4432210251688957
  landing: 0.8117714822292328
  view-data: 3.4605153799057007
