times:
  edit-metadata: 1.5841234475374222
  landing: 0.8070740848779678
  view-data: 3.4122249856591225
