times:
  edit-metadata: 1.8800873309373856
  landing: 0.7432295680046082
  view-data: 3.537632942199707
