times:
  edit-metadata: 1.4022541716694832
  landing: 0.899239182472229
  view-data: 3.501834437251091
