times:
  edit-metadata: 1.398622490465641
  landing: 0.828265056014061
  view-data: 3.4276185408234596
