times:
  edit-metadata: 1.4924944788217545
  landing: 0.7705472037196159
  view-data: 3.4981303960084915
