times:
  edit-metadata: 1.5317589864134789
  landing: 0.8747041746973991
  view-data: 3.5314260497689247
