times:
  edit-metadata: 1.4167131334543228
  landing: 0.8458202481269836
  view-data: 3.4893514588475227
