times:
  edit-metadata: 1.4342981055378914
  landing: 0.857172429561615
  view-data: 3.4494146183133125
