times:
  edit-metadata: 1.3719132244586945
  landing: 0.7772905379533768
  view-data: 3.5530248284339905
