times:
  edit-metadata: 1.4999199658632278
  landing: 0.9392625167965889
  view-data: 3.5599599927663803
