times:
  edit-metadata: 1.6491924822330475
  landing: 0.7909364476799965
  view-data: 3.452142171561718
