times:
  edit-metadata: 3.6678124591708183
  landing: 1.8878798559308052
  view-data: 3.6788935884833336
