times:
  edit-metadata: 1.7804464362561703
  landing: 1.1130170300602913
  view-data: 3.3214179426431656
