times:
  edit-metadata: 1.5996662266552448
  landing: 1.0422480627894402
  view-data: 3.364544026553631
