times:
  edit-metadata: 2.8235670030117035
  landing: 2.265642248094082
  view-data: 3.525891199707985
