times:
  edit-metadata: 1.4952915608882904
  landing: 0.958497166633606
  view-data: 3.4139881134033203
