times:
  edit-metadata: 1.6983981728553772
  landing: 0.9863268136978149
  view-data: 3.5297426879405975
