times:
  edit-metadata: 1.601389855146408
  landing: 1.4657169729471207
  view-data: 3.3758457377552986
