times:
  edit-metadata: 1.6700590625405312
  landing: 1.4325756505131721
  view-data: 3.282695934176445
