times:
  edit-metadata: 1.5114751309156418
  landing: 1.0356486588716507
  view-data: 3.3953779861330986
