times:
  edit-metadata: 2.0473051257431507
  landing: 1.2360139265656471
  view-data: 3.381726399064064
