times:
  edit-metadata: 1.4941230341792107
  landing: 1.0187257081270218
  view-data: 3.5119216069579124
