times:
  edit-metadata: 1.5630605407059193
  landing: 1.0008510537445545
  view-data: 3.3685897402465343
