times:
  edit-metadata: 1.705905720591545
  landing: 1.131682712584734
  view-data: 3.3234988301992416
