times:
  edit-metadata: 1.5074347406625748
  landing: 0.8754675388336182
  view-data: 3.4603361263871193
