times:
  edit-metadata: 1.5093872770667076
  landing: 0.9697242602705956
  view-data: 3.4402869641780853
