times:
  edit-metadata: 1.8947438076138496
  landing: 1.2381332144141197
  view-data: 3.4684819132089615
