times:
  edit-metadata: 1.5705936551094055
  landing: 0.9557875096797943
  view-data: 3.4026449471712112
