times:
  edit-metadata: 1.4757270365953445
  landing: 1.0039150565862656
  view-data: 3.4823738038539886
