times:
  edit-metadata: 1.5838195644319057
  landing: 0.9630905278027058
  view-data: 3.3342835754156113
