times:
  edit-metadata: 1.5501149147748947
  landing: 0.9863633885979652
  view-data: 3.3842960968613625
