times:
  edit-metadata: 1.4938642382621765
  landing: 0.9301346614956856
  view-data: 3.3918893188238144
