times:
  edit-metadata: 1.6650027930736542
  landing: 0.948907695710659
  view-data: 3.4688593968749046
