times:
  edit-metadata: 1.51648473367095
  landing: 1.0077539533376694
  view-data: 3.37437092512846
