times:
  edit-metadata: 1.5766346529126167
  landing: 1.172755092382431
  view-data: 3.445173256099224
