times:
  edit-metadata: 1.4839587956666946
  landing: 0.9540769159793854
  view-data: 3.4658667147159576
