times:
  edit-metadata: 1.5209135450422764
  landing: 0.9906149879097939
  view-data: 3.2792186737060547
