times:
  edit-metadata: 1.9399875700473785
  landing: 1.1071918606758118
  view-data: 3.2985301688313484
