times:
  edit-metadata: 2.260874606668949
  landing: 1.1769862696528435
  view-data: 3.3756796792149544
