times:
  edit-metadata: 1.6014097817242146
  landing: 0.9780140668153763
  view-data: 3.372749675065279
