times:
  edit-metadata: 1.6953464560210705
  landing: 1.1446340680122375
  view-data: 3.4079766422510147
