times:
  edit-metadata: 1.6149171628057957
  landing: 1.071489181369543
  view-data: 3.319949474185705
