times:
  edit-metadata: 1.5434260666370392
  landing: 0.9329399541020393
  view-data: 3.338814564049244
