times:
  edit-metadata: 1.6331212520599365
  landing: 0.9191155135631561
  view-data: 3.2816828042268753
