times:
  edit-metadata: 1.5152148120105267
  landing: 1.0636324472725391
  view-data: 3.36598776653409
