times:
  edit-metadata: 1.5195825546979904
  landing: 0.9351551905274391
  view-data: 3.328169770538807
