times:
  edit-metadata: 1.5446243584156036
  landing: 0.9913639202713966
  view-data: 3.409039005637169
