times:
  edit-metadata: 1.62226140499115
  landing: 0.890078529715538
  view-data: 3.4136892780661583
