times:
  edit-metadata: 1.561876904219389
  landing: 1.0046652741730213
  view-data: 3.312129721045494
