times:
  edit-metadata: 1.533540591597557
  landing: 1.1074837818741798
  view-data: 3.4878736659884453
