times:
  edit-metadata: 1.677560716867447
  landing: 1.0133728235960007
  view-data: 3.5084999427199364
