times:
  edit-metadata: 1.7549849599599838
  landing: 1.2073404639959335
  view-data: 3.528807021677494
