times:
  edit-metadata: 1.6911160685122013
  landing: 0.9839834086596966
  view-data: 3.333969119936228
