times:
  edit-metadata: 1.4933892711997032
  landing: 0.9521062299609184
  view-data: 3.4476408883929253
