times:
  edit-metadata: 1.8046038001775742
  landing: 1.1634212248027325
  view-data: 3.303236771374941
