times:
  edit-metadata: 1.6882839538156986
  landing: 1.007606603205204
  view-data: 3.3594563342630863
