times:
  edit-metadata: 1.9545068070292473
  landing: 1.412971742451191
  view-data: 3.4646786972880363
