times:
  edit-metadata: 1.5521979555487633
  landing: 1.1396320015192032
  view-data: 3.2946374863386154
