times:
  edit-metadata: 1.4803782179951668
  landing: 0.9932796284556389
  view-data: 3.456532783806324
