times:
  edit-metadata: 1.52523572742939
  landing: 0.9716071859002113
  view-data: 3.3182471990585327
