times:
  edit-metadata: 1.908036358654499
  landing: 1.3413789197802544
  view-data: 3.3303465619683266
