times:
  edit-metadata: 1.666131354868412
  landing: 1.0018669068813324
  view-data: 3.289840266108513
