times:
  edit-metadata: 1.5426947474479675
  landing: 0.9600579664111137
  view-data: 3.494227945804596
