times:
  edit-metadata: 1.5335135534405708
  landing: 0.9792262241244316
  view-data: 3.297245778143406
