times:
  edit-metadata: 1.7031136974692345
  landing: 0.9919536262750626
  view-data: 3.326636701822281
