times:
  edit-metadata: 1.7074063196778297
  landing: 0.9778505489230156
  view-data: 3.387853980064392
