times:
  edit-metadata: 1.551344409584999
  landing: 1.0191501304507256
  view-data: 3.395368278026581
