times:
  edit-metadata: 1.6083241328597069
  landing: 0.9273505583405495
  view-data: 3.3945789858698845
