times:
  edit-metadata: 1.5674107298254967
  landing: 0.9943773746490479
  view-data: 3.38736928999424
