times:
  edit-metadata: 1.5062476471066475
  landing: 0.9345318451523781
  view-data: 3.5172001272439957
