times:
  edit-metadata: 1.5435662381350994
  landing: 1.0117455497384071
  view-data: 3.3521619997918606
