times:
  edit-metadata: 1.5505061075091362
  landing: 1.0219664722681046
  view-data: 3.491347849369049
