times:
  edit-metadata: 1.597703032195568
  landing: 0.9555705040693283
  view-data: 3.455747351050377
