times:
  edit-metadata: 1.5203296467661858
  landing: 0.9609905853867531
  view-data: 3.324165068566799
