times:
  edit-metadata: 1.7105681523680687
  landing: 0.9958078563213348
  view-data: 3.2476584017276764
