times:
  edit-metadata: 1.7862756662070751
  landing: 1.0550587698817253
  view-data: 3.288308572024107
