times:
  edit-metadata: 1.5507607385516167
  landing: 0.9063438475131989
  view-data: 3.431302383542061
