times:
  edit-metadata: 1.5723626911640167
  landing: 1.0339216068387032
  view-data: 3.3395641148090363
