times:
  edit-metadata: 1.576754055917263
  landing: 1.1108573898673058
  view-data: 3.515593498945236
