times:
  edit-metadata: 1.5395504832267761
  landing: 0.9829911515116692
  view-data: 3.4817534685134888
