times:
  edit-metadata: 1.5636669285595417
  landing: 1.1540203653275967
  view-data: 3.3259132653474808
