times:
  edit-metadata: 1.7689446955919266
  landing: 1.0318019799888134
  view-data: 3.322196863591671
