times:
  edit-metadata: 1.493318110704422
  landing: 0.9995963200926781
  view-data: 3.4058008193969727
