times:
  edit-metadata: 1.8848721198737621
  landing: 1.2297323048114777
  view-data: 3.3192445635795593
