times:
  edit-metadata: 1.5552068799734116
  landing: 1.0102761834859848
  view-data: 3.5400761887431145
