times:
  edit-metadata: 1.5939375162124634
  landing: 0.9009028449654579
  view-data: 3.417544089257717
