times:
  edit-metadata: 1.5443958714604378
  landing: 0.9406745731830597
  view-data: 3.5381812676787376
