times:
  edit-metadata: 1.4901853203773499
  landing: 1.0099103674292564
  view-data: 3.4275822564959526
