times:
  edit-metadata: 2.1602798402309418
  landing: 1.2351265102624893
  view-data: 3.428132489323616
