times:
  edit-metadata: 1.6765794940292835
  landing: 1.2149808146059513
  view-data: 3.352688282728195
