times:
  edit-metadata: 3.025827020406723
  landing: 1.5548699125647545
  view-data: 3.366611883044243
