times:
  edit-metadata: 1.8558881096541882
  landing: 1.0926894284784794
  view-data: 3.3879131823778152
