times:
  edit-metadata: 1.5235490873456001
  landing: 0.9567139744758606
  view-data: 3.4193196445703506
