times:
  edit-metadata: 1.5169661082327366
  landing: 0.9763538837432861
  view-data: 3.2996080704033375
