times:
  edit-metadata: 2.5302509739995003
  landing: 1.5429296419024467
  view-data: 3.790433868765831
