times:
  edit-metadata: 1.6382495388388634
  landing: 1.0652367509901524
  view-data: 3.334889981895685
