times:
  edit-metadata: 1.6644864082336426
  landing: 1.0526419915258884
  view-data: 3.3280662558972836
