times:
  edit-metadata: 1.52015121281147
  landing: 1.0553149282932281
  view-data: 3.504251204431057
