times:
  edit-metadata: 1.5801715701818466
  landing: 1.0600007884204388
  view-data: 3.4253979325294495
