times:
  edit-metadata: 1.4635874778032303
  landing: 0.9581431299448013
  view-data: 3.2865602895617485
