times:
  edit-metadata: 1.4907549694180489
  landing: 0.9409457817673683
  view-data: 3.466067112982273
