times:
  edit-metadata: 1.9625612162053585
  landing: 1.2088159210979939
  view-data: 3.3152486756443977
