times:
  edit-metadata: 1.8815338984131813
  landing: 1.1123145371675491
  view-data: 3.559935487806797
