times:
  edit-metadata: 1.651657111942768
  landing: 0.9708928614854813
  view-data: 3.453711412847042
