times:
  edit-metadata: 1.5369032993912697
  landing: 1.0940270870923996
  view-data: 3.4947600290179253
