times:
  edit-metadata: 1.6429037153720856
  landing: 1.0802424028515816
  view-data: 3.3928845524787903
