times:
  edit-metadata: 1.5888475216925144
  landing: 1.0538132302463055
  view-data: 3.3186191618442535
