times:
  edit-metadata: 1.5297307968139648
  landing: 0.9726806432008743
  view-data: 3.4324365630745888
