times:
  edit-metadata: 1.5891636833548546
  landing: 0.9930605106055737
  view-data: 3.361022997647524
