times:
  edit-metadata: 1.6323628202080727
  landing: 0.9541110619902611
  view-data: 3.3920216485857964
