times:
  edit-metadata: 2.5108425430953503
  landing: 1.37163495272398
  view-data: 3.686118461191654
