times:
  edit-metadata: 1.5515733137726784
  landing: 0.9605030715465546
  view-data: 3.4503958597779274
