times:
  edit-metadata: 2.3082940243184566
  landing: 1.2969278246164322
  view-data: 3.3659726344048977
