times:
  edit-metadata: 1.4881661683321
  landing: 1.0584557801485062
  view-data: 3.446603946387768
