times:
  edit-metadata: 1.558154083788395
  landing: 0.9559905901551247
  view-data: 3.326308324933052
