times:
  edit-metadata: 1.5543274134397507
  landing: 0.9811294451355934
  view-data: 3.4717568829655647
