times:
  edit-metadata: 1.8902110010385513
  landing: 1.671602576971054
  view-data: 3.304834060370922
