times:
  edit-metadata: 1.5283790454268456
  landing: 0.8934705629944801
  view-data: 3.482737846672535
