times:
  edit-metadata: 1.5219524912536144
  landing: 1.0409473516047
  view-data: 3.2988950088620186
