times:
  edit-metadata: 1.5476029589772224
  landing: 1.057472325861454
  view-data: 3.471506431698799
