times:
  edit-metadata: 1.6729280427098274
  landing: 1.0023967996239662
  view-data: 3.329967811703682
