times:
  edit-metadata: 2.8574533611536026
  landing: 1.452957846224308
  view-data: 3.702586241066456
