times:
  edit-metadata: 1.7948558405041695
  landing: 1.0657578743994236
  view-data: 3.292703755199909
