times:
  edit-metadata: 1.8516079299151897
  landing: 0.9747773222625256
  view-data: 3.3328679390251637
