times:
  edit-metadata: 1.988014817237854
  landing: 1.1026694104075432
  view-data: 3.3783858083188534
