times:
  edit-metadata: 1.4921855330467224
  landing: 0.9329102598130703
  view-data: 3.3371522054076195
