times:
  edit-metadata: 1.9515019655227661
  landing: 1.1300366818904877
  view-data: 3.5018713027238846
