times:
  edit-metadata: 1.547667220234871
  landing: 0.9668238312005997
  view-data: 3.5174525156617165
