times:
  edit-metadata: 1.5651250928640366
  landing: 1.0023086071014404
  view-data: 3.4346563294529915
