times:
  edit-metadata: 1.528800092637539
  landing: 1.0832600221037865
  view-data: 3.5035557001829147
