times:
  edit-metadata: 1.5485569201409817
  landing: 1.092071108520031
  view-data: 3.2992805279791355
