times:
  edit-metadata: 1.5442331321537495
  landing: 0.9356638453900814
  view-data: 3.3259668722748756
