times:
  edit-metadata: 2.121357783675194
  landing: 0.8751565143465996
  view-data: 3.451785571873188
