times:
  edit-metadata: 1.8383092880249023
  landing: 1.1154194548726082
  view-data: 3.361154407262802
