times:
  edit-metadata: 1.5759613513946533
  landing: 0.9022291302680969
  view-data: 3.335600458085537
