times:
  edit-metadata: 1.8727642074227333
  landing: 1.1950474828481674
  view-data: 3.321964405477047
