times:
  edit-metadata: 1.5633642375469208
  landing: 0.9294766560196877
  view-data: 3.449693985283375
