times:
  edit-metadata: 1.6395872086286545
  landing: 1.0804262980818748
  view-data: 3.502509795129299
