times:
  edit-metadata: 1.5492263659834862
  landing: 0.9807393625378609
  view-data: 3.4178634956479073
