times:
  edit-metadata: 1.5336868315935135
  landing: 0.9619523212313652
  view-data: 3.4464378356933594
