times:
  edit-metadata: 1.7579334750771523
  landing: 1.0520479753613472
  view-data: 3.3735337629914284
