times:
  edit-metadata: 1.6285722628235817
  landing: 1.0364250726997852
  view-data: 3.305372439324856
