times:
  edit-metadata: 2.8639991246163845
  landing: 1.7032946050167084
  view-data: 3.684042051434517
