times:
  edit-metadata: 1.6974432654678822
  landing: 1.1800360567867756
  view-data: 3.3923324197530746
