times:
  edit-metadata: 1.4889589622616768
  landing: 0.9817558415234089
  view-data: 3.3324413523077965
