times:
  edit-metadata: 1.6132404282689095
  landing: 1.177793174982071
  view-data: 3.366842705756426
