times:
  edit-metadata: 1.877474818378687
  landing: 1.1158479452133179
  view-data: 3.3756654299795628
