times:
  edit-metadata: 1.5378749780356884
  landing: 1.1683569215238094
  view-data: 3.358493160456419
