times:
  edit-metadata: 1.614156797528267
  landing: 0.9232930317521095
  view-data: 3.440642364323139
