times:
  edit-metadata: 1.8305758498609066
  landing: 1.1721388548612595
  view-data: 3.304882910102606
