times:
  edit-metadata: 1.5670201107859612
  landing: 1.0653976313769817
  view-data: 3.375650107860565
