times:
  edit-metadata: 1.9848892837762833
  landing: 1.2561658397316933
  view-data: 3.385916084051132
