times:
  edit-metadata: 1.7844602763652802
  landing: 1.028492532670498
  view-data: 3.3148609399795532
