times:
  edit-metadata: 1.5893792286515236
  landing: 1.0251345932483673
  view-data: 3.464131109416485
