times:
  edit-metadata: 1.576661929488182
  landing: 1.0761174894869328
  view-data: 3.355214100331068
