times:
  edit-metadata: 1.5386661477386951
  landing: 1.0091628655791283
  view-data: 3.307347796857357
