times:
  edit-metadata: 1.8037792332470417
  landing: 1.040438313037157
  view-data: 3.3228888660669327
