times:
  edit-metadata: 1.928256742656231
  landing: 1.0251019895076752
  view-data: 3.5075200125575066
