times:
  edit-metadata: 1.6364526376128197
  landing: 1.1150630004703999
  view-data: 3.4152112044394016
