times:
  edit-metadata: 1.6225907281041145
  landing: 0.9745167270302773
  view-data: 3.2906535267829895
