times:
  edit-metadata: 1.4533769637346268
  landing: 0.810773205012083
  view-data: 3.368644919246435
