times:
  edit-metadata: 1.5979121886193752
  landing: 1.0566811710596085
  view-data: 3.3500440306961536
