times:
  edit-metadata: 1.6647304445505142
  landing: 1.030000139027834
  view-data: 3.3751718774437904
