times:
  edit-metadata: 1.491279736161232
  landing: 1.047018799930811
  view-data: 3.4303395487368107
