times:
  edit-metadata: 1.5295412614941597
  landing: 0.9879977107048035
  view-data: 3.355908751487732
