times:
  edit-metadata: 1.462725207209587
  landing: 1.162448711693287
  view-data: 3.5220868289470673
