times:
  edit-metadata: 1.4120810478925705
  landing: 0.7421026974916458
  view-data: 3.4485068321228027
