times:
  edit-metadata: 1.3818529024720192
  landing: 0.7867279425263405
  view-data: 3.3943868577480316
