times:
  edit-metadata: 1.5171968936920166
  landing: 0.8201573714613914
  view-data: 3.500853642821312
