times:
  edit-metadata: 1.4812050461769104
  landing: 0.8305707685649395
  view-data: 3.279619611799717
