times:
  edit-metadata: 1.4599897861480713
  landing: 0.7787636518478394
  view-data: 3.4912010431289673
