times:
  edit-metadata: 1.4516386650502682
  landing: 0.762732021510601
  view-data: 3.2544226869940758
