times:
  edit-metadata: 1.4272589907050133
  landing: 0.7015528008341789
  view-data: 3.3476570919156075
