times:
  edit-metadata: 1.4074141383171082
  landing: 0.8213480859994888
  view-data: 3.4663065746426582
