times:
  edit-metadata: 1.4514345154166222
  landing: 0.7590857967734337
  view-data: 3.3920613527297974
