times:
  edit-metadata: 1.465649053454399
  landing: 0.8250630274415016
  view-data: 3.306523881852627
