times:
  edit-metadata: 1.4770226627588272
  landing: 0.772291287779808
  view-data: 3.2611116245388985
