times:
  edit-metadata: 2.0392527356743813
  landing: 1.0528943091630936
  view-data: 3.519762136042118
