times:
  edit-metadata: 1.4828652516007423
  landing: 0.7335951700806618
  view-data: 3.3559355810284615
