times:
  edit-metadata: 1.5327732041478157
  landing: 0.8258828483521938
  view-data: 3.326896771788597
