times:
  edit-metadata: 1.474289134144783
  landing: 0.8603726327419281
  view-data: 3.3135678246617317
