times:
  edit-metadata: 1.498699951916933
  landing: 0.7962099239230156
  view-data: 3.2947899401187897
