times:
  edit-metadata: 1.4003375992178917
  landing: 0.8449292741715908
  view-data: 3.3687857277691364
