times:
  edit-metadata: 1.4699524119496346
  landing: 0.7871619760990143
  view-data: 3.407071739435196
