times:
  edit-metadata: 1.401995848864317
  landing: 0.8195142857730389
  view-data: 3.383689768612385
