times:
  edit-metadata: 1.6008433103561401
  landing: 1.0455370098352432
  view-data: 3.613846205174923
