times:
  edit-metadata: 1.4708851166069508
  landing: 0.7869943417608738
  view-data: 3.6175309531390667
