times:
  edit-metadata: 1.5573679953813553
  landing: 0.7613976486027241
  view-data: 3.299378599971533
