times:
  edit-metadata: 1.5657370276749134
  landing: 0.9277100078761578
  view-data: 3.329845365136862
