times:
  edit-metadata: 1.4715570881962776
  landing: 0.6991042867302895
  view-data: 3.414464123547077
