times:
  edit-metadata: 1.4436655342578888
  landing: 0.7972928062081337
  view-data: 3.5143140107393265
