times:
  edit-metadata: 1.3793875090777874
  landing: 0.8542305082082748
  view-data: 3.30260481312871
