times:
  edit-metadata: 1.6245589405298233
  landing: 0.8915816023945808
  view-data: 3.514222674071789
