times:
  edit-metadata: 1.485975719988346
  landing: 0.8285745680332184
  view-data: 3.440173663198948
