times:
  edit-metadata: 1.4602338336408138
  landing: 0.8078625686466694
  view-data: 3.3094059079885483
