times:
  edit-metadata: 1.4282648600637913
  landing: 0.9099647551774979
  view-data: 3.401387684047222
