times:
  edit-metadata: 1.4768724329769611
  landing: 0.8644497506320477
  view-data: 3.3483134880661964
