times:
  edit-metadata: 1.4896134063601494
  landing: 0.7972000725567341
  view-data: 3.3621861711144447
