times:
  edit-metadata: 1.5428768396377563
  landing: 1.023974522948265
  view-data: 3.526086241006851
