times:
  edit-metadata: 1.8604453951120377
  landing: 1.0778083018958569
  view-data: 3.5087226517498493
