times:
  edit-metadata: 1.3484515771269798
  landing: 0.7909745126962662
  view-data: 3.409028582274914
