times:
  edit-metadata: 1.3639470636844635
  landing: 0.7212849333882332
  view-data: 3.4716640934348106
