times:
  edit-metadata: 2.0658531486988068
  landing: 1.2956779822707176
  view-data: 3.3663711845874786
