times:
  edit-metadata: 1.4119767248630524
  landing: 0.766325943171978
  view-data: 3.2935713827610016
