times:
  edit-metadata: 1.4272155538201332
  landing: 0.7848090305924416
  view-data: 3.4965201318264008
