times:
  edit-metadata: 1.385870322585106
  landing: 0.7998974025249481
  view-data: 3.4409258663654327
