times:
  edit-metadata: 1.3876929134130478
  landing: 0.7599095851182938
  view-data: 3.3832197561860085
