times:
  edit-metadata: 1.7454408034682274
  landing: 0.8672704175114632
  view-data: 3.3060545697808266
