times:
  edit-metadata: 1.5928018391132355
  landing: 0.791525349020958
  view-data: 3.4505199268460274
