times:
  edit-metadata: 1.5601339563727379
  landing: 0.9492219984531403
  view-data: 3.445353254675865
