times:
  edit-metadata: 1.4134085699915886
  landing: 0.7350272871553898
  view-data: 3.292882476001978
