times:
  edit-metadata: 1.4455219879746437
  landing: 0.8093317970633507
  view-data: 3.545682467520237
