times:
  edit-metadata: 1.45042734593153
  landing: 0.8346306681632996
  view-data: 3.5219281390309334
