times:
  edit-metadata: 1.3971131667494774
  landing: 0.7972478494048119
  view-data: 3.320553556084633
