times:
  edit-metadata: 1.3767676651477814
  landing: 0.735208660364151
  view-data: 3.474385589361191
