times:
  edit-metadata: 1.4014281630516052
  landing: 0.7673387750983238
  view-data: 3.424045868217945
