times:
  edit-metadata: 1.4778571501374245
  landing: 0.8646310493350029
  view-data: 3.5755853056907654
