times:
  edit-metadata: 1.4794988557696342
  landing: 0.8811201900243759
  view-data: 3.4742381498217583
