times:
  edit-metadata: 1.3495312556624413
  landing: 0.7090905457735062
  view-data: 3.511066719889641
