times:
  edit-metadata: 1.7370229288935661
  landing: 1.0936858430504799
  view-data: 3.49917059391737
