times:
  edit-metadata: 1.435001365840435
  landing: 0.7800440564751625
  view-data: 3.4482731223106384
