times:
  edit-metadata: 1.4054431840777397
  landing: 0.8405318483710289
  view-data: 3.4914558827877045
