times:
  edit-metadata: 1.7005713619291782
  landing: 1.0740097053349018
  view-data: 3.3444292061030865
