times:
  edit-metadata: 1.3951999619603157
  landing: 0.756751574575901
  view-data: 3.4649504721164703
