times:
  edit-metadata: 1.4418954849243164
  landing: 0.8780312836170197
  view-data: 3.381764717400074
