times:
  edit-metadata: 1.5345019325613976
  landing: 0.7906797677278519
  view-data: 3.4761648178100586
