times:
  edit-metadata: 1.4773661270737648
  landing: 0.8066126517951488
  view-data: 3.3320908434689045
