times:
  edit-metadata: 1.57090225815773
  landing: 0.8212666213512421
  view-data: 3.505466751754284
