times:
  edit-metadata: 1.8176333270967007
  landing: 1.0991736724972725
  view-data: 3.38019135966897
