times:
  edit-metadata: 1.390719898045063
  landing: 0.7463285960257053
  view-data: 3.2940119318664074
