times:
  edit-metadata: 1.512638047337532
  landing: 0.7753520123660564
  view-data: 3.3092219531536102
