times:
  edit-metadata: 1.4317143484950066
  landing: 0.7960190102458
  view-data: 3.47372455149889
