times:
  edit-metadata: 1.3839965611696243
  landing: 0.7725390195846558
  view-data: 3.290865980088711
