times:
  edit-metadata: 1.3801121041178703
  landing: 0.7925553917884827
  view-data: 3.4022348523139954
