times:
  edit-metadata: 1.49137032777071
  landing: 0.7776760011911392
  view-data: 3.419035606086254
