times:
  edit-metadata: 1.6774476543068886
  landing: 1.0037929639220238
  view-data: 3.461655281484127
