times:
  edit-metadata: 1.4025924056768417
  landing: 0.8323968090116978
  view-data: 3.299788612872362
