times:
  edit-metadata: 1.4268544241786003
  landing: 0.8232117258012295
  view-data: 3.4203929007053375
