times:
  edit-metadata: 1.8390718773007393
  landing: 1.069697618484497
  view-data: 3.4293340742588043
