times:
  edit-metadata: 1.5598794594407082
  landing: 0.9174961373209953
  view-data: 3.3262401446700096
