times:
  edit-metadata: 1.4281834326684475
  landing: 0.827568918466568
  view-data: 3.321689911186695
