times:
  edit-metadata: 1.429333046078682
  landing: 0.7810110151767731
  view-data: 3.4486415162682533
