times:
  edit-metadata: 1.3932847678661346
  landing: 0.7259789705276489
  view-data: 3.2985251247882843
