times:
  edit-metadata: 1.476536814123392
  landing: 0.8868961222469807
  view-data: 3.308411855250597
