times:
  edit-metadata: 1.4305869862437248
  landing: 0.9922144487500191
  view-data: 3.591276839375496
