times:
  edit-metadata: 1.6248481944203377
  landing: 0.9156148657202721
  view-data: 3.5223688073456287
