times:
  edit-metadata: 1.9835593774914742
  landing: 1.4854558408260345
  view-data: 3.6044119149446487
