times:
  edit-metadata: 1.4029401503503323
  landing: 0.8215310797095299
  view-data: 3.313182968646288
