times:
  edit-metadata: 1.4112826138734818
  landing: 0.8297243937849998
  view-data: 3.451253481209278
