times:
  edit-metadata: 1.3927401416003704
  landing: 0.8107329867780209
  view-data: 3.2748687528073788
