times:
  edit-metadata: 1.5125064738094807
  landing: 0.8127279877662659
  view-data: 3.324153307825327
