times:
  edit-metadata: 1.3588666841387749
  landing: 0.7289019785821438
  view-data: 3.2798732854425907
