times:
  edit-metadata: 1.4705645963549614
  landing: 0.7782700434327126
  view-data: 3.538960315287113
