times:
  edit-metadata: 1.4698089361190796
  landing: 0.8052505478262901
  view-data: 3.3153598457574844
