times:
  edit-metadata: 1.3865386247634888
  landing: 0.7731122970581055
  view-data: 3.4069425016641617
