times:
  edit-metadata: 1.409331202507019
  landing: 0.7624061033129692
  view-data: 3.4964488744735718
