times:
  edit-metadata: 1.3616755902767181
  landing: 0.7551625110208988
  view-data: 3.563264735043049
