times:
  edit-metadata: 1.445295311510563
  landing: 0.7496063858270645
  view-data: 3.403844393789768
