times:
  edit-metadata: 1.4549783281981945
  landing: 0.825775608420372
  view-data: 3.3849455639719963
