times:
  edit-metadata: 1.3963650688529015
  landing: 0.7460412792861462
  view-data: 3.323932621628046
