times:
  edit-metadata: 2.464928686618805
  landing: 1.41913528367877
  view-data: 3.4050478897988796
