times:
  edit-metadata: 1.4960712119936943
  landing: 0.859755165874958
  view-data: 3.36792154610157
