times:
  edit-metadata: 1.4426901564002037
  landing: 0.89345782995224
  view-data: 3.4034996069967747
