times:
  edit-metadata: 1.3562121465802193
  landing: 0.8863561674952507
  view-data: 3.4708891957998276
