times:
  edit-metadata: 2.4002345576882362
  landing: 1.23344636708498
  view-data: 3.4330810457468033
