times:
  edit-metadata: 1.5128601714968681
  landing: 0.7875384911894798
  view-data: 3.458474762737751
