times:
  edit-metadata: 1.721086546778679
  landing: 0.9770742431282997
  view-data: 3.379556357860565
