times:
  edit-metadata: 1.4371057897806168
  landing: 0.8426677733659744
  view-data: 3.5286865234375
