times:
  edit-metadata: 1.4084429666399956
  landing: 0.8566730469465256
  view-data: 3.301503799855709
