times:
  edit-metadata: 1.4525687023997307
  landing: 0.768547922372818
  view-data: 3.4833539873361588
