times:
  edit-metadata: 1.4616743139922619
  landing: 1.3926040939986706
  view-data: 3.3070182390511036
