times:
  edit-metadata: 1.5167264379560947
  landing: 0.7827717810869217
  view-data: 3.3198526427149773
