times:
  edit-metadata: 1.3650192096829414
  landing: 0.7849707305431366
  view-data: 3.270745951682329
