times:
  edit-metadata: 1.527576707303524
  landing: 0.9012868851423264
  view-data: 3.5151614025235176
