times:
  edit-metadata: 1.6704479083418846
  landing: 0.7742634005844593
  view-data: 3.300804805010557
