times:
  edit-metadata: 1.4606220200657845
  landing: 0.824719063937664
  view-data: 3.523536242544651
