times:
  edit-metadata: 1.4230591282248497
  landing: 0.846624068915844
  view-data: 3.3241548612713814
