times:
  edit-metadata: 1.4276129938662052
  landing: 0.7649482451379299
  view-data: 3.297011159360409
