times:
  edit-metadata: 1.378095380961895
  landing: 0.7799982167780399
  view-data: 3.3156983479857445
