times:
  edit-metadata: 1.5018231645226479
  landing: 0.9249725639820099
  view-data: 3.3581732511520386
