times:
  edit-metadata: 1.4713799729943275
  landing: 0.7809855937957764
  view-data: 3.4976869598031044
