times:
  edit-metadata: 1.5212122648954391
  landing: 0.8220274895429611
  view-data: 3.4941164404153824
