times:
  edit-metadata: 2.194325774908066
  landing: 1.1601820886135101
  view-data: 3.4384131021797657
