times:
  edit-metadata: 1.358004555106163
  landing: 0.7959839254617691
  view-data: 3.3029120452702045
