times:
  edit-metadata: 1.3295515701174736
  landing: 0.7586997598409653
  view-data: 3.2603841088712215
