times:
  edit-metadata: 1.4831112995743752
  landing: 0.8431262075901031
  view-data: 3.3132279440760612
