times:
  edit-metadata: 1.403236523270607
  landing: 0.7407303899526596
  view-data: 3.3206851482391357
