times:
  edit-metadata: 1.3608371168375015
  landing: 0.7627122551202774
  view-data: 3.570761516690254
