times:
  edit-metadata: 1.4439486786723137
  landing: 0.822906956076622
  view-data: 3.4487293362617493
