times:
  edit-metadata: 1.5568590238690376
  landing: 0.8612887971103191
  view-data: 3.318160515278578
