times:
  edit-metadata: 1.3941265381872654
  landing: 0.7399083413183689
  view-data: 3.3595295026898384
