times:
  edit-metadata: 3.0078898295760155
  landing: 1.8172703310847282
  view-data: 3.640332706272602
