times:
  edit-metadata: 1.4841402098536491
  landing: 0.7391213104128838
  view-data: 3.430704675614834
