times:
  edit-metadata: 1.4053628668189049
  landing: 0.7747786119580269
  view-data: 3.3879654370248318
