times:
  edit-metadata: 1.4487389400601387
  landing: 0.8545328080654144
  view-data: 3.433468222618103
