times:
  edit-metadata: 1.5067339017987251
  landing: 0.9192053228616714
  view-data: 3.3427633196115494
