times:
  edit-metadata: 1.350191816687584
  landing: 0.7502296715974808
  view-data: 3.4358180165290833
