times:
  edit-metadata: 1.4451153501868248
  landing: 0.8345153443515301
  view-data: 3.3428391627967358
