times:
  edit-metadata: 1.372818410396576
  landing: 0.7592071816325188
  view-data: 3.470198392868042
