times:
  edit-metadata: 1.5791836120188236
  landing: 0.7855500690639019
  view-data: 3.331380471587181
