times:
  edit-metadata: 1.4111957103013992
  landing: 0.8171211518347263
  view-data: 3.2735915891826153
