times:
  edit-metadata: 1.3869847878813744
  landing: 0.7847117707133293
  view-data: 3.3683561980724335
