times:
  edit-metadata: 2.105554275214672
  landing: 0.8493052944540977
  view-data: 3.4409314319491386
