times:
  edit-metadata: 1.3674737960100174
  landing: 0.7542967759072781
  view-data: 3.3260858356952667
