times:
  edit-metadata: 1.4988203272223473
  landing: 0.9098036959767342
  view-data: 3.338615357875824
