times:
  edit-metadata: 1.3799188435077667
  landing: 0.805897943675518
  view-data: 3.3622119277715683
