times:
  edit-metadata: 1.4008370339870453
  landing: 0.7603661864995956
  view-data: 3.4056074917316437
