times:
  edit-metadata: 1.3301244601607323
  landing: 0.8570161610841751
  view-data: 3.4658715650439262
