times:
  edit-metadata: 1.3919269144535065
  landing: 0.7815180271863937
  view-data: 3.512501373887062
