times:
  edit-metadata: 1.3498732037842274
  landing: 0.8046927079558372
  view-data: 3.3609634190797806
