times:
  edit-metadata: 1.4635245203971863
  landing: 0.7411165982484818
  view-data: 3.2876517176628113
