times:
  edit-metadata: 1.4161632545292377
  landing: 0.8426573425531387
  view-data: 3.2840920351445675
