times:
  edit-metadata: 1.0687432959675789
  landing: 0.09632179141044617
  view-data: 0.23206388764083385
