times:
  edit-metadata: 1.6871092328801751
  landing: 0.2137249242514372
  view-data: 0.11905614379793406
