times:
  edit-metadata: 1.7406292269006371
  landing: 0.24412141926586628
  view-data: 0.02352550160139799
