times:
  edit-metadata: 1.818227268755436
  landing: 0.11431063152849674
  view-data: 0.12596371956169605
