times:
  edit-metadata: 1.3743407119764015
  landing: 0.16381509194616228
  view-data: 0.23131237993948162
