times:
  landing: 1.2202558179999983
  view-data: 0.5753624799999955
