times:
  edit-metadata: 1.894816417247057
  landing: 0.12204777076840401
  view-data: 0.2419729046523571
