times:
  edit-metadata: 1.0041732331737876
  landing: 0.14928451739251614
  view-data: 0.23371238494291902
