times:
  edit-metadata: 1.7994733657687902
  landing: 0.11584567837417126
  view-data: 0.13342678360641003
