times:
  edit-metadata: 1.5904445610940456
  landing: 1.0843553617596626
  view-data: 3.4172075986862183
