times:
  edit-metadata: 1.9570546597242355
  landing: 0.1091428454965353
  view-data: 0.6364175137132406
