times:
  edit-metadata: 1.3234497727826238
  landing: 2.0520247546955943
  view-data: 3.296026515774429
