times:
  landing: 0.5850051689999987
  view-data: 0.5707371469999885
