times:
  edit-metadata: 1.449037100886926
  landing: 0.983082665130496
  view-data: 3.3038352138828486
