times:
  edit-metadata: 1.020277300849557
  landing: 0.11434243619441986
  view-data: 0.25255617685616016
