times:
  landing: 0.06318350599985934
  view-data: 0.5925228959999913
