times:
  edit-metadata: 1.3402560660615563
  landing: 0.14028253802098334
  view-data: 0.23794289398938417
