times:
  edit-metadata: 1.341985329054296
  landing: 0.22738203802146018
  view-data: 0.23173049394972622
