times:
  edit-metadata: 1.1407727049663663
  landing: 0.05630661698523909
  view-data: 0.32332361000590026
