times:
  edit-metadata: 1.9562981333583593
  landing: 0.9812737610191107
  view-data: 0.33582974784076214
