times:
  edit-metadata: 1.0499343569390476
  landing: 0.05455612204968929
  view-data: 0.28635922726243734
