times:
  edit-metadata: 1.6290638614445925
  landing: 1.1045449497178197
  view-data: 3.4052420053631067
