times:
  edit-metadata: 1.7051599798724055
  landing: 0.2009712615981698
  view-data: 0.12521233689039946
