times:
  edit-metadata: 1.859130796045065
  landing: 0.13987469673156738
  view-data: 0.2596778329461813
