times:
  edit-metadata: 1.8185277010779828
  landing: 1.184528450947255
  view-data: 3.3258551390608773
