times:
  edit-metadata: 1.7530179442837834
  landing: 0.1511208675801754
  view-data: 0.4350472129881382
