times:
  edit-metadata: 1.374711181037128
  landing: 0.24856117903254926
  view-data: 0.23247511498630047
