times:
  edit-metadata: 1.4322709800326265
  landing: 0.01874228799715638
  view-data: 0.2579385509598069
