times:
  landing: 0.5969453550000026
  view-data: 0.579715493000009
