times:
  edit-metadata: 2.0147991478443146
  landing: 0.2306962050497532
  view-data: 0.15363185480237007
