times:
  edit-metadata: 1.8607286270707846
  landing: 0.24306138046085835
  view-data: 0.40306476317346096
