times:
  edit-metadata: 1.0418422888033092
  landing: 0.06349463574588299
  view-data: 0.2817044369876385
