times:
  edit-metadata: 1.0426750211045146
  landing: 0.0697565209120512
  view-data: 0.28510187612846494
