times:
  edit-metadata: 1.4498614519834518
  landing: 1.0154633447527885
  view-data: 3.3955886401236057
