times:
  edit-metadata: 1.4685958428308368
  landing: 1.8698138603940606
  view-data: 3.320417519658804
