times:
  edit-metadata: 1.3851569009711966
  landing: 0.10309347591828555
  view-data: 0.39225943200290203
