times:
  edit-metadata: 1.0301084141246974
  landing: 0.14938227646052837
  view-data: 0.23796254536136985
