times:
  edit-metadata: 1.029399218969047
  landing: 0.059235268738120794
  view-data: 0.25220262771472335
