times:
  edit-metadata: 2.465972827747464
  landing: 0.26463332772254944
  view-data: 0.46894723176956177
