times:
  edit-metadata: 1.370044352952391
  landing: 2.126839717850089
  view-data: 3.2941360189579427
