times:
  edit-metadata: 1.862745812162757
  landing: 0.19269160460680723
  view-data: 0.5020496854558587
