times:
  edit-metadata: 1.84062097966671
  landing: 0.04748392850160599
  view-data: 0.6232209466397762
