times:
  edit-metadata: 1.7566836569458246
  landing: 0.1154511533677578
  view-data: 0.1278651338070631
