times:
  edit-metadata: 3.1217893846333027
  landing: 1.633555669337511
  view-data: 3.3949442766606808
