times:
  edit-metadata: 2.645153570920229
  landing: 0.24443694576621056
  view-data: 0.2764319498091936
