times:
  edit-metadata: 1.032376613933593
  landing: 0.06756353424862027
  view-data: 0.27208143612369895
