times:
  edit-metadata: 1.6562593467533588
  landing: 1.3059184812009335
  view-data: 3.337651439011097
