times:
  edit-metadata: 1.1310912889894098
  landing: 0.060639115050435066
  view-data: 0.2983809659490362
