times:
  landing: 1.6638499259999548
  view-data: 0.5833252639999955
