times:
  edit-metadata: 1.035179764032364
  landing: 0.049380369018763304
  view-data: 0.3035679720342159
