times:
  edit-metadata: 2.005143791437149
  landing: 0.02368977479636669
  view-data: 0.6610427293926477
