times:
  edit-metadata: 1.4200028516352177
  landing: 1.366418767720461
  view-data: 3.405838131904602
