times:
  edit-metadata: 1.3405850819544867
  landing: 0.017983890022151172
  view-data: 0.24008976202458143
