times:
  edit-metadata: 1.8878899328410625
  landing: 0.1423519067466259
  view-data: 0.45680378936231136
