times:
  landing: 0.5910362230000032
  view-data: 0.5724082209999892
