times:
  landing: 0.03315278100001251
  view-data: 0.5609547440000142
