times:
  edit-metadata: 1.484433352947235
  landing: 0.9449413679540157
  view-data: 3.3701581694185734
