times:
  edit-metadata: 0.9903918420895934
  landing: 0.14138288190588355
  view-data: 0.23217722913250327
