times:
  edit-metadata: 2.1083624362945557
  landing: 0.2683042734861374
  view-data: 0.14341907761991024
