times:
  edit-metadata: 1.7100172694772482
  landing: 0.02887857612222433
  view-data: 0.02672810759395361
