times:
  edit-metadata: 1.4825067073106766
  landing: 1.0633554831147194
  view-data: 3.3802002519369125
