times:
  edit-metadata: 1.1447289830539376
  landing: 0.05499234399758279
  view-data: 0.2725018230266869
