times:
  edit-metadata: 2.2071407437324524
  landing: 0.043960968032479286
  view-data: 0.30228375643491745
