times:
  edit-metadata: 1.0412946250289679
  landing: 0.07318612700328231
  view-data: 0.28341892501339316
