times:
  edit-metadata: 1.517621971666813
  landing: 1.9944877717643976
  view-data: 3.2595686027780175
