times:
  edit-metadata: 1.4885680228471756
  landing: 0.8157940395176411
  view-data: 4.630369355902076
