times:
  edit-metadata: 1.949757233262062
  landing: 0.18411298841238022
  view-data: 0.24534400179982185
