times:
  edit-metadata: 1.9207503721117973
  landing: 0.02072909101843834
  view-data: 0.25112538039684296
