times:
  edit-metadata: 1.9207213371992111
  landing: 0.20665638521313667
  view-data: 0.24367278069257736
