times:
  edit-metadata: 1.823625722900033
  landing: 0.04303749278187752
  view-data: 0.35968393087387085
