times:
  edit-metadata: 1.857212333008647
  landing: 0.030580501072108746
  view-data: 0.025447016581892967
