times:
  edit-metadata: 1.8673206781968474
  landing: 0.1512320265173912
  view-data: 0.12207081075757742
