times:
  edit-metadata: 1.9193805251270533
  landing: 0.02091272361576557
  view-data: 0.6539555173367262
