times:
  edit-metadata: 1.932844303548336
  landing: 0.0483151338994503
  view-data: 0.708395516499877
