times:
  edit-metadata: 1.0706954346969724
  landing: 0.06349940784275532
  view-data: 0.24202401377260685
