times:
  landing: 0.590865645000008
  view-data: 0.5792650799999706
