times:
  edit-metadata: 1.364330701995641
  landing: 0.13564575597411022
  view-data: 0.22953020996646956
