times:
  edit-metadata: 1.4258654434233904
  landing: 0.8341620955616236
  view-data: 3.307867832481861
