times:
  landing: 1.223776086999976
  view-data: 0.5650580899999795
