times:
  edit-metadata: 1.8276089746505022
  landing: 0.02063526026904583
  view-data: 0.14226451702415943
