times:
  edit-metadata: 1.3661417620023713
  landing: 0.020873481000307947
  view-data: 0.2193478589761071
