times:
  landing: 0.0524617350000085
  view-data: 0.5479166830000111
