times:
  edit-metadata: 1.3629576279781759
  landing: 0.15985153708606958
  view-data: 0.23104786896146834
