times:
  edit-metadata: 1.0565043976530433
  landing: 0.05648884875699878
  view-data: 0.35587253514677286
