times:
  edit-metadata: 1.3947686357423663
  landing: 0.7501753140240908
  view-data: 3.271603800356388
