times:
  edit-metadata: 1.8653650023043156
  landing: 0.20408359542489052
  view-data: 0.2466084249317646
