times:
  landing: 0.050716642000054435
  view-data: 0.5656176499999788
