times:
  edit-metadata: 1.4683770220726728
  landing: 1.9543503802269697
  view-data: 3.400445606559515
