times:
  edit-metadata: 2.1198738999664783
  landing: 0.2552136480808258
  view-data: 0.31095479242503643
