times:
  landing: 1.097417637999996
  view-data: 0.560979317999994
