times:
  edit-metadata: 1.9265233371406794
  landing: 0.08780564740300179
  view-data: 0.3189804535359144
