times:
  edit-metadata: 1.7007144389208406
  landing: 2.365464244969189
  view-data: 3.3812692690407857
