times:
  edit-metadata: 1.8090649209916592
  landing: 0.11960157193243504
  view-data: 0.38222835771739483
