times:
  edit-metadata: 1.81533307954669
  landing: 0.12511281576007605
  view-data: 0.025902277790009975
