times:
  edit-metadata: 1.014818396884948
  landing: 0.13126984518021345
  view-data: 0.22618842869997025
