times:
  edit-metadata: 1.4540915288962424
  landing: 0.9569894929882139
  view-data: 3.315785706974566
