times:
  edit-metadata: 2.080434820614755
  landing: 0.9037248007953167
  view-data: 0.6002185880206525
