times:
  edit-metadata: 1.9279090706259012
  landing: 0.0491363275796175
  view-data: 0.022418281063437462
