times:
  landing: 0.612287871000035
  view-data: 0.5988175940000247
