times:
  edit-metadata: 1.4352807477116585
  landing: 1.0254119671881199
  view-data: 3.3075381703674793
