times:
  edit-metadata: 2.1587089244276285
  landing: 0.05011780746281147
  view-data: 0.32820323295891285
