times:
  edit-metadata: 1.0687971976585686
  landing: 0.0477438778616488
  view-data: 0.2984371967613697
