times:
  edit-metadata: 1.0089411879889667
  landing: 0.20022962894290686
  view-data: 0.23080902500078082
