times:
  landing: 1.6617478089999906
  view-data: 0.13800791100001675
