times:
  landing: 0.8007544642314315
  view-data: 0.5783014129847288
