times:
  edit-metadata: 1.0286983199998758
  landing: 0.07119310400003087
  view-data: 0.4011895710000317
