times:
  edit-metadata: 1.0355590200051665
  landing: 0.05677276477217674
  view-data: 0.26725410763174295
