times:
  edit-metadata: 2.2710318453609943
  landing: 0.024365846067667007
  view-data: 0.6925991345196962
