times:
  edit-metadata: 1.383414188399911
  landing: 1.028040025383234
  view-data: 3.6956706568598747
