times:
  edit-metadata: 2.00363009609282
  landing: 2.370072830468416
  view-data: 3.6100946608930826
