times:
  edit-metadata: 2.1254136208444834
  landing: 0.27726134192198515
  view-data: 0.4534628540277481
