times:
  landing: 0.5946979119999583
  view-data: 0.5871538439999995
