times:
  edit-metadata: 1.885368363931775
  landing: 0.1420245412737131
  view-data: 0.3081280142068863
