times:
  edit-metadata: 1.7584678316488862
  landing: 0.15879938565194607
  view-data: 0.1175950150936842
