times:
  landing: 0.5812082129999965
  view-data: 0.5735601739999936
