times:
  edit-metadata: 1.456507446244359
  landing: 1.9935554675757885
  view-data: 3.2911653984338045
