times:
  edit-metadata: 1.129060336999828
  landing: 0.05323694298567716
  view-data: 0.3271851309982594
