times:
  edit-metadata: 1.7579693961888552
  landing: 0.10944177117198706
  view-data: 0.02470141462981701
