times:
  edit-metadata: 1.366152219939977
  landing: 0.01854218600783497
  view-data: 0.23201267304830253
