times:
  landing: 0.571982797000004
  view-data: 0.566466781999992
