times:
  edit-metadata: 1.9889817647635937
  landing: 0.045312315225601196
  view-data: 0.6472066752612591
