times:
  edit-metadata: 1.0246863160282373
  landing: 0.05686040403088555
  view-data: 0.3741381060099229
