times:
  edit-metadata: 1.884898778051138
  landing: 0.19478941708803177
  view-data: 0.23833845183253288
