times:
  edit-metadata: 1.067643167451024
  landing: 0.03995673544704914
  view-data: 0.37609997764229774
