times:
  edit-metadata: 1.4569961074739695
  landing: 0.858012817800045
  view-data: 3.2989358715713024
