times:
  edit-metadata: 1.8613310027867556
  landing: 0.043284159153699875
  view-data: 0.624377328902483
