times:
  edit-metadata: 1.8984235487878323
  landing: 0.1544437576085329
  view-data: 0.3577051591128111
