times:
  edit-metadata: 1.0513580050319433
  landing: 0.07010144088417292
  view-data: 0.24310196423903108
