times:
  edit-metadata: 1.9104491060134023
  landing: 2.5504809329286218
  view-data: 3.3501352389575914
