times:
  edit-metadata: 1.0435386379249394
  landing: 0.057373136980459094
  view-data: 0.29631423810496926
