times:
  landing: 0.03436287599998877
  view-data: 1.0892071890000068
