times:
  edit-metadata: 1.4953538700938225
  landing: 1.1706122979521751
  view-data: 3.323900956660509
