times:
  edit-metadata: 1.1687350671272725
  landing: 0.0994102309923619
  view-data: 0.37443068507127464
