times:
  edit-metadata: 1.299977032467723
  landing: 0.15165026485919952
  view-data: 0.32585594430565834
