times:
  edit-metadata: 1.0107588479295373
  landing: 0.2227010540664196
  view-data: 0.2335431450046599
