times:
  edit-metadata: 1.7901642760261893
  landing: 0.025073278695344925
  view-data: 0.23969756998121738
