times:
  edit-metadata: 0.9906616532243788
  landing: 0.060794293880462646
  view-data: 0.24969627195969224
