times:
  edit-metadata: 1.790587443858385
  landing: 0.11377334035933018
  view-data: 0.4026549607515335
