times:
  edit-metadata: 1.4218656793236732
  landing: 2.0903844460844994
  view-data: 3.318659346550703
