times:
  edit-metadata: 1.4875847278162837
  landing: 0.79994793003425
  view-data: 3.2566869291476905
