times:
  edit-metadata: 2.3636858560494147
  landing: 0.022239888028707355
  view-data: 0.03238400298869237
