times:
  landing: 1.0832242200000053
  view-data: 0.5569688239999948
