times:
  edit-metadata: 1.0063265701755881
  landing: 0.17024033423513174
  view-data: 0.25264460407197475
