times:
  edit-metadata: 1.8629956990480423
  landing: 0.12341685965657234
  view-data: 0.24139337241649628
