times:
  edit-metadata: 1.6918842233717442
  landing: 0.1335961762815714
  view-data: 0.14493392035365105
