times:
  edit-metadata: 1.530081570148468
  landing: 0.9288635589182377
  view-data: 3.3266963846981525
