times:
  landing: 0.04570629300002338
  view-data: 0.5514831190000109
