times:
  edit-metadata: 1.4456495083868504
  landing: 0.8849584609270096
  view-data: 3.2879948168992996
