times:
  edit-metadata: 1.4513760060071945
  landing: 2.7556528062559664
  view-data: 3.2877365299500525
