times:
  edit-metadata: 1.4927544053643942
  landing: 0.9324903935194016
  view-data: 3.3568594735115767
