times:
  edit-metadata: 1.3902458390221
  landing: 0.2099926418159157
  view-data: 0.23939695209264755
