times:
  edit-metadata: 1.6250682510435581
  landing: 1.0327843502163887
  view-data: 3.4474209286272526
