times:
  landing: 1.104292819999955
  view-data: 0.5713183249999929
