times:
  edit-metadata: 1.4749740175902843
  landing: 0.97219043597579
  view-data: 3.3767711259424686
