times:
  edit-metadata: 1.4261400029063225
  landing: 1.226332165300846
  view-data: 3.3358492627739906
