times:
  edit-metadata: 2.163896195590496
  landing: 0.15195893868803978
  view-data: 0.4326918050646782
