times:
  edit-metadata: 3.748034803196788
  landing: 0.9272873681038618
  view-data: 1.0177805833518505
