times:
  edit-metadata: 1.5340456515550613
  landing: 0.9746966697275639
  view-data: 3.4217893071472645
