times:
  edit-metadata: 1.9403785727918148
  landing: 0.018910501152276993
  view-data: 0.24152908474206924
