times:
  edit-metadata: 2.118938360363245
  landing: 0.2420920543372631
  view-data: 0.315870625898242
