times:
  edit-metadata: 1.4443811103701591
  landing: 0.833843195810914
  view-data: 3.302139276638627
