times:
  edit-metadata: 1.0501988776959479
  landing: 0.20819254126399755
  view-data: 0.24742446700111032
