times:
  edit-metadata: 1.0978138614445925
  landing: 0.137753551825881
  view-data: 0.39055412635207176
