times:
  edit-metadata: 1.6928539406508207
  landing: 0.05000997707247734
  view-data: 0.36240849643945694
