times:
  landing: 0.03901354999999285
  view-data: 0.5676271629999974
