times:
  edit-metadata: 1.715893181040883
  landing: 0.5618759947828948
  view-data: 0.5102152647450566
