times:
  landing: 0.03124602700000878
  view-data: 0.5550292830000103
