times:
  edit-metadata: 1.0613733809441328
  landing: 0.022438164334744215
  view-data: 0.23954128520563245
