times:
  edit-metadata: 1.8876347355544567
  landing: 0.02034652605652809
  view-data: 0.2589465416967869
