times:
  edit-metadata: 2.114609556272626
  landing: 1.1253867764025927
  view-data: 3.3979235999286175
