times:
  edit-metadata: 1.943614587187767
  landing: 0.018614664673805237
  view-data: 0.25024348124861717
