times:
  edit-metadata: 1.0227774149971083
  landing: 0.06289052590727806
  view-data: 0.3030790110351518
