times:
  landing: 0.59771448500004
  view-data: 0.5838482779999481
