times:
  landing: 1.1323843350000118
  view-data: 0.5613228100000072
