times:
  edit-metadata: 1.7406439455226064
  landing: 0.12709724251180887
  view-data: 0.12327527441084385
