times:
  edit-metadata: 1.8335389383137226
  landing: 0.1175975939258933
  view-data: 0.026232204400002956
