times:
  edit-metadata: 1.4026405920740217
  landing: 0.2151370890205726
  view-data: 0.2511244340566918
