times:
  edit-metadata: 1.7097893934696913
  landing: 0.11561979074031115
  view-data: 0.024543536826968193
