times:
  edit-metadata: 1.0841130109038204
  landing: 0.051588525995612144
  view-data: 0.29712526802904904
