times:
  edit-metadata: 1.044891676865518
  landing: 0.057914072182029486
  view-data: 0.2913869586773217
