times:
  edit-metadata: 1.043455308303237
  landing: 0.054665553849190474
  view-data: 0.30351130198687315
