times:
  landing: 0.5987974020000024
  view-data: 0.5795815369999957
