times:
  edit-metadata: 1.062633641064167
  landing: 0.12743358500301838
  view-data: 0.2411471540108323
