times:
  edit-metadata: 1.7590033262968063
  landing: 0.0198182575404644
  view-data: 0.02637078519910574
