times:
  edit-metadata: 1.036469057900831
  landing: 0.0754544788505882
  view-data: 0.3025109129957855
