times:
  landing: 1.6258941490000325
  view-data: 2.1301359880000064
