times:
  edit-metadata: 1.7964916937053204
  landing: 0.04504462331533432
  view-data: 0.3627943117171526
