times:
  edit-metadata: 1.8789056725800037
  landing: 0.020496193319559097
  view-data: 0.2488214261829853
