times:
  edit-metadata: 1.6707039196044207
  landing: 0.14129829220473766
  view-data: 0.10029920563101768
