times:
  edit-metadata: 1.0651629138737917
  landing: 0.061315823812037706
  view-data: 0.2714415970258415
