times:
  edit-metadata: 1.9354099668562412
  landing: 0.11081447079777718
  view-data: 0.24422777816653252
