times:
  edit-metadata: 1.7482965178787708
  landing: 0.21680755726993084
  view-data: 0.12607006449252367
