times:
  landing: 1.176000762000001
  view-data: 0.5725668599999949
