times:
  edit-metadata: 1.042858507949859
  landing: 0.12964621232822537
  view-data: 0.24792114086449146
