times:
  edit-metadata: 1.9249063152819872
  landing: 0.1806177832186222
  view-data: 0.3604930769652128
