times:
  edit-metadata: 1.3373583579668775
  landing: 0.14778376603499055
  view-data: 0.2256741049932316
