times:
  edit-metadata: 1.7254517078399658
  landing: 0.01934435497969389
  view-data: 0.12029816769063473
