times:
  edit-metadata: 1.8205799292773008
  landing: 0.13579130545258522
  view-data: 0.2699003852903843
