times:
  edit-metadata: 1.7633019722998142
  landing: 0.13807661086320877
  view-data: 0.26488885283470154
