times:
  edit-metadata: 1.7527021141722798
  landing: 0.2051677769050002
  view-data: 0.12066508457064629
