times:
  edit-metadata: 1.7120530661195517
  landing: 0.026886314153671265
  view-data: 0.025755667127668858
