times:
  edit-metadata: 1.4697443265467882
  landing: 9.810391471721232
  view-data: 3.2342970659956336
