times:
  edit-metadata: 1.384831913979724
  landing: 0.019572428020182997
  view-data: 0.22665618098108098
