times:
  edit-metadata: 1.668900585733354
  landing: 2.2121376786381006
  view-data: 3.3056240994483232
