times:
  landing: 1.1030154780000032
  view-data: 0.5737732610000137
