times:
  landing: 0.5763552379999908
  view-data: 0.5887306570000135
