times:
  edit-metadata: 1.1884174030274153
  landing: 0.1436033700592816
  view-data: 0.2335358327254653
