times:
  edit-metadata: 2.074691786430776
  landing: 0.018782833591103554
  view-data: 0.024043324403464794
