times:
  edit-metadata: 1.7012688228860497
  landing: 0.1307283155620098
  view-data: 0.11558506358414888
