times:
  edit-metadata: 1.4480646308511496
  landing: 2.2089977357536554
  view-data: 3.3439563661813736
