times:
  edit-metadata: 1.0566328761633486
  landing: 0.054064579075202346
  view-data: 0.3049663510173559
