times:
  edit-metadata: 1.408850017003715
  landing: 0.04891572007909417
  view-data: 0.23985351715236902
