times:
  edit-metadata: 2.1487899270141497
  landing: 0.2712707809987478
  view-data: 0.4017217280343175
