times:
  edit-metadata: 1.0649309951113537
  landing: 0.06344284303486347
  view-data: 0.2955955290235579
