times:
  edit-metadata: 1.506341528147459
  landing: 1.4855334199965
  view-data: 3.3601726591587067
