times:
  edit-metadata: 1.5008827969431877
  landing: 0.8358240947127342
  view-data: 3.2926976643502712
