times:
  edit-metadata: 2.303892810828984
  landing: 3.247696023900062
  view-data: 3.739682607818395
