times:
  edit-metadata: 1.0191401373595
  landing: 0.12207749299705029
  view-data: 0.23591938987374306
