times:
  edit-metadata: 1.7779707312583923
  landing: 2.628840794786811
  view-data: 3.346271989867091
