times:
  edit-metadata: 1.8307882379740477
  landing: 0.24384204857051373
  view-data: 0.02621910534799099
