times:
  edit-metadata: 1.8297974541783333
  landing: 1.5135712698101997
  view-data: 3.3541933596134186
