times:
  edit-metadata: 1.0017427196726203
  landing: 0.060159116983413696
  view-data: 0.2503109462559223
