times:
  landing: 0.584405701999998
  view-data: 0.566345057999996
