times:
  edit-metadata: 2.013592515140772
  landing: 1.2246812265366316
  view-data: 0.6584736257791519
