times:
  edit-metadata: 1.7572732586413622
  landing: 0.019238270819187164
  view-data: 0.02435627020895481
