times:
  edit-metadata: 1.460065796971321
  landing: 2.8225467558950186
  view-data: 3.366286465898156
