times:
  edit-metadata: 2.057740271091461
  landing: 1.1024198941886425
  view-data: 3.6589244939386845
