times:
  edit-metadata: 2.3759155217558146
  landing: 0.1931233648210764
  view-data: 0.47038560826331377
