times:
  edit-metadata: 1.0688141610007733
  landing: 0.06653252500109375
  view-data: 0.29611563100479543
