times:
  edit-metadata: 1.3898852369748056
  landing: 0.01805859198793769
  view-data: 0.2282435050001368
