times:
  landing: 0.58507931500003
  view-data: 0.5816959729999667
