times:
  edit-metadata: 1.3616693340009078
  landing: 0.17366351594682783
  view-data: 0.22991492308210582
