times:
  edit-metadata: 2.3549565486609936
  landing: 0.25793748907744884
  view-data: 0.6279868241399527
