times:
  edit-metadata: 1.806115249171853
  landing: 0.12272627092897892
  view-data: 0.34969604574143887
