times:
  edit-metadata: 1.0435945829376578
  landing: 0.05947944615036249
  view-data: 0.2887819870375097
