times:
  edit-metadata: 1.3762678880011663
  landing: 0.02308512106537819
  view-data: 0.2312379750655964
