times:
  edit-metadata: 1.477308914065361
  landing: 0.12658738996833563
  view-data: 0.3415063419379294
