times:
  edit-metadata: 1.8711915090680122
  landing: 0.01823948323726654
  view-data: 0.24731828272342682
