times:
  edit-metadata: 1.436736024916172
  landing: 0.8536381758749485
  view-data: 3.3726266156882048
