times:
  landing: 0.034489092000001165
  view-data: 0.5611773220000202
