times:
  edit-metadata: 1.9138099197298288
  landing: 0.12459617853164673
  view-data: 0.38236124254763126
