times:
  edit-metadata: 2.06990456674248
  landing: 1.9680051589384675
  view-data: 3.34166481718421
