times:
  edit-metadata: 2.0047381035983562
  landing: 1.6760918833315372
  view-data: 3.4043995030224323
