times:
  edit-metadata: 2.150270562618971
  landing: 1.3542477004230022
  view-data: 3.4713049717247486
