times:
  edit-metadata: 1.4547234843485057
  landing: 3.364334639161825
  view-data: 3.3010082887485623
