times:
  landing: 0.03306546599998228
  view-data: 1.0854676870000048
