times:
  edit-metadata: 1.9986645728349686
  landing: 0.25104404613375664
  view-data: 0.02627413533627987
