times:
  edit-metadata: 1.1347493570065126
  landing: 0.07026471800054424
  view-data: 0.2900238360161893
