times:
  edit-metadata: 1.4947086982429028
  landing: 0.83215007558465
  view-data: 0.7025039326399565
