times:
  landing: 0.6054282960000137
  view-data: 0.5751587860000029
