times:
  edit-metadata: 1.062750861980021
  landing: 0.2584287039935589
  view-data: 0.27027406287379563
