times:
  edit-metadata: 1.0231609789188951
  landing: 0.05586864287033677
  view-data: 0.2796679479070008
