times:
  edit-metadata: 1.4774681832641363
  landing: 1.4711473174393177
  view-data: 3.343038870021701
