times:
  edit-metadata: 1.028356455033645
  landing: 0.06229482404887676
  view-data: 0.28215816407464445
