times:
  edit-metadata: 3.156233500689268
  landing: 1.293350264430046
  view-data: 3.5528942719101906
