times:
  edit-metadata: 1.0152145102620125
  landing: 0.24438710091635585
  view-data: 0.23127230117097497
