times:
  edit-metadata: 1.6331832888536155
  landing: 0.059387590270489454
  view-data: 0.37050382094457746
