times:
  edit-metadata: 1.8600958902388811
  landing: 0.15418922156095505
  view-data: 0.40378135070204735
