times:
  edit-metadata: 1.9174056611955166
  landing: 0.019281134009361267
  view-data: 0.2446436658501625
