times:
  edit-metadata: 1.906600071117282
  landing: 0.1369730457663536
  view-data: 0.47681411914527416
