times:
  edit-metadata: 1.7085190173238516
  landing: 2.5439491663128138
  view-data: 3.36114221252501
