times:
  edit-metadata: 1.3498385699931532
  landing: 0.1773778439965099
  view-data: 0.23427708609960973
