times:
  edit-metadata: 1.078136557014659
  landing: 0.06541315698996186
  view-data: 0.6673877800349146
