times:
  edit-metadata: 1.9298888621851802
  landing: 0.13656163681298494
  view-data: 0.025162922218441963
