times:
  edit-metadata: 1.7966882567852736
  landing: 0.12125224433839321
  view-data: 0.025644770823419094
