times:
  edit-metadata: 1.5976295657455921
  landing: 1.173180479556322
  view-data: 3.3371751867234707
