times:
  edit-metadata: 2.254993984475732
  landing: 1.8182830028235912
  view-data: 3.7739263959228992
