times:
  edit-metadata: 1.089985202997923
  landing: 0.059768901963252574
  view-data: 0.33786812803009525
