times:
  edit-metadata: 1.4395863953977823
  landing: 0.8206212017685175
  view-data: 3.3628873582929373
