times:
  edit-metadata: 1.9109111595898867
  landing: 0.668222963809967
  view-data: 0.25228247232735157
