times:
  edit-metadata: 1.5011365939863026
  landing: 0.3261106258723885
  view-data: 0.3086729950737208
