times:
  edit-metadata: 1.3931285683065653
  landing: 1.2673561163246632
  view-data: 3.269154289737344
