times:
  edit-metadata: 1.4561869651079178
  landing: 1.2293533235788345
  view-data: 3.34265405125916
