times:
  edit-metadata: 1.2431884119287133
  landing: 0.22045542602427304
  view-data: 0.5752144549041986
