times:
  landing: 1.1025203269999793
  view-data: 0.5807132019999983
