times:
  edit-metadata: 1.349869282974396
  landing: 0.13415420200908557
  view-data: 0.224978041020222
