times:
  edit-metadata: 2.365916971117258
  landing: 1.6047422364354134
  view-data: 3.3158896155655384
