times:
  landing: 1.6309716829999843
  view-data: 0.5692776879999997
