times:
  edit-metadata: 1.9026044681668282
  landing: 0.020259689539670944
  view-data: 0.24750718101859093
