times:
  edit-metadata: 1.9175400622189045
  landing: 0.022897925227880478
  view-data: 0.2551625370979309
