times:
  edit-metadata: 1.007496985141188
  landing: 0.1711669941432774
  view-data: 0.2369249532930553
