times:
  edit-metadata: 1.12488408095669
  landing: 0.05507137603126466
  view-data: 0.28377998201176524
