times:
  edit-metadata: 1.739003760740161
  landing: 0.14109164290130138
  view-data: 0.11927655432373285
