times:
  edit-metadata: 1.025285366922617
  landing: 0.11484151007607579
  view-data: 0.24523957399651408
