times:
  edit-metadata: 1.412314310669899
  landing: 2.20641974452883
  view-data: 3.315034150145948
