times:
  edit-metadata: 1.0406270730309188
  landing: 0.01939205825328827
  view-data: 0.24749459978193045
