times:
  edit-metadata: 1.9038825258612633
  landing: 0.021700870245695114
  view-data: 0.2501789964735508
