times:
  edit-metadata: 0.9833564250729978
  landing: 0.17086112219840288
  view-data: 0.24350665183737874
