times:
  edit-metadata: 1.0669217011891305
  landing: 0.06017287913709879
  view-data: 0.2769703180529177
