times:
  landing: 0.02944655400000329
  view-data: 0.5565513070000065
