times:
  landing: 0.5972890470000038
  view-data: 0.07373595399999999
