times:
  landing: 0.031448992000036924
  view-data: 0.5561383030000115
