times:
  edit-metadata: 1.761879462748766
  landing: 0.028272774070501328
  view-data: 0.38418373093008995
