times:
  edit-metadata: 1.024425253039226
  landing: 0.15075780916959047
  view-data: 0.23326935898512602
