times:
  edit-metadata: 1.7503316402435303
  landing: 0.140964075922966
  view-data: 0.2685946151614189
