times:
  edit-metadata: 1.5019872938282788
  landing: 0.12409606389701366
  view-data: 0.4214039328508079
