times:
  landing: 0.5729704809999987
  view-data: 0.5591529120000018
