times:
  edit-metadata: 1.0837147668935359
  landing: 0.19505832716822624
  view-data: 0.23645561002194881
