times:
  edit-metadata: 1.0273939119651914
  landing: 0.05781971709802747
  view-data: 0.2508617923595011
