times:
  edit-metadata: 1.4159964750288054
  landing: 0.2276179080363363
  view-data: 0.26441635703668
