times:
  landing: 1.128513226999985
  view-data: 0.5762259749999998
