times:
  landing: 1.1403629929999965
  view-data: 0.5834127939999973
