times:
  edit-metadata: 1.4188812440261245
  landing: 1.0775633957237005
  view-data: 3.3381438609212637
