times:
  edit-metadata: 1.8062448892742395
  landing: 0.04716743901371956
  view-data: 0.29523521661758423
