times:
  edit-metadata: 1.4511556467041373
  landing: 2.417039376683533
  view-data: 3.3273527417331934
