times:
  landing: 1.3811935770000332
  view-data: 0.5834104170000387
