times:
  edit-metadata: 1.724817818030715
  landing: 0.1611209437251091
  view-data: 0.4078638516366482
