times:
  landing: 0.030796296999994865
  view-data: 0.5497850250000056
