times:
  edit-metadata: 1.3835636820003856
  landing: 0.1151898899988737
  view-data: 0.24029287599842064
