times:
  landing: 0.5819632249999813
  view-data: 0.5828530370000067
