times:
  edit-metadata: 1.8288827557116747
  landing: 0.04903792217373848
  view-data: 0.686126371845603
