times:
  edit-metadata: 1.868249136954546
  landing: 0.020465774461627007
  view-data: 0.2630681451410055
