times:
  edit-metadata: 1.8538732500746846
  landing: 0.020969104953110218
  view-data: 0.05333234556019306
