times:
  edit-metadata: 1.8274710346013308
  landing: 0.1257056212052703
  view-data: 0.022758313454687595
