times:
  edit-metadata: 1.2881983537226915
  landing: 0.04584488831460476
  view-data: 0.41713184490799904
