times:
  edit-metadata: 1.3613545240368694
  landing: 0.17254834598861635
  view-data: 0.2375533499289304
