times:
  edit-metadata: 1.8152336291968822
  landing: 0.12495451886206865
  view-data: 0.6618021600879729
