times:
  edit-metadata: 1.4735855534672737
  landing: 1.1958425790071487
  view-data: 3.386015046387911
