times:
  landing: 1.155038085000001
  view-data: 0.5732085590000224
