times:
  edit-metadata: 1.8363895118236542
  landing: 0.13002923130989075
  view-data: 0.29811239801347256
