times:
  edit-metadata: 1.6770020313560963
  landing: 0.13213305547833443
  view-data: 0.025054931640625
