times:
  landing: 0.5795955639998738
  view-data: 0.5748038990000168
