times:
  edit-metadata: 1.0725300256162882
  landing: 0.026094291359186172
  view-data: 0.23788154497742653
