times:
  landing: 0.038772348999998485
  view-data: 0.6459767650000003
