times:
  landing: 0.03854425899999114
  view-data: 0.6639616700000488
