times:
  edit-metadata: 1.6074034739867784
  landing: 0.09122468397254124
  view-data: 0.3135324059985578
