times:
  landing: 0.581612075999999
  view-data: 0.5827560820000031
