times:
  edit-metadata: 1.0349006210453808
  landing: 0.20367375994101167
  view-data: 0.223520346917212
