times:
  edit-metadata: 1.8732759058475494
  landing: 0.019566748291254044
  view-data: 0.6595731321722269
