times:
  edit-metadata: 1.0851940177381039
  landing: 0.12023354228585958
  view-data: 0.32289006002247334
