times:
  edit-metadata: 2.5074501894414425
  landing: 0.30583290569484234
  view-data: 0.3111038077622652
