times:
  edit-metadata: 2.0378616768866777
  landing: 0.2792776357382536
  view-data: 0.4783506114035845
