times:
  landing: 1.6280927449999467
  view-data: 0.5711078359999533
