times:
  edit-metadata: 1.3891731119947508
  landing: 0.13360828200529795
  view-data: 0.23486394798965193
