times:
  edit-metadata: 1.4974456205964088
  landing: 0.9233135469257832
  view-data: 3.346902422606945
