times:
  edit-metadata: 1.1995604373514652
  landing: 0.03852410428225994
  view-data: 0.46656508930027485
