times:
  edit-metadata: 1.2220945563167334
  landing: 0.05335066840052605
  view-data: 0.3046046644449234
