times:
  edit-metadata: 1.455934228375554
  landing: 0.886493019759655
  view-data: 3.3905700221657753
