times:
  edit-metadata: 1.922037523239851
  landing: 0.019665155559778214
  view-data: 0.24229179322719574
