times:
  edit-metadata: 1.4862687876448035
  landing: 1.6382775716483593
  view-data: 3.2893213741481304
