times:
  edit-metadata: 1.426719080656767
  landing: 1.026939619332552
  view-data: 3.3505812101066113
