times:
  edit-metadata: 1.4415747113525867
  landing: 0.8440592177212238
  view-data: 3.274238081648946
