times:
  edit-metadata: 1.7673980379477143
  landing: 0.1125164357945323
  view-data: 0.11949655506759882
