times:
  edit-metadata: 2.4594769924879074
  landing: 1.791373860090971
  view-data: 3.3371029272675514
