times:
  edit-metadata: 1.9121551178395748
  landing: 0.021414441987872124
  view-data: 0.024831684306263924
