times:
  edit-metadata: 1.0298966658301651
  landing: 0.17201155982911587
  view-data: 0.2458399678580463
