times:
  edit-metadata: 1.8785871341824532
  landing: 0.09474743530154228
  view-data: 0.23747114464640617
