times:
  edit-metadata: 1.0682752467691898
  landing: 0.06560790818184614
  view-data: 0.30686516873538494
