times:
  edit-metadata: 2.4344449006021023
  landing: 1.4227693062275648
  view-data: 3.504792023450136
