times:
  edit-metadata: 2.118597585707903
  landing: 0.2331049032509327
  view-data: 0.026184039190411568
