times:
  edit-metadata: 1.6173483561724424
  landing: 3.5834171939641237
  view-data: 3.3650107448920608
