times:
  landing: 0.6235821630000089
  view-data: 0.5990628879999917
