times:
  edit-metadata: 2.262054830789566
  landing: 1.9200273137539625
  view-data: 3.4819065555930138
