times:
  edit-metadata: 1.0080464398488402
  landing: 0.1101749250665307
  view-data: 0.23749247938394547
