times:
  edit-metadata: 1.9830012563616037
  landing: 0.043670596554875374
  view-data: 0.37521545216441154
