times:
  edit-metadata: 2.100945521146059
  landing: 1.7245565205812454
  view-data: 3.431315056979656
