times:
  edit-metadata: 1.1119181560061406
  landing: 0.05909339201753028
  view-data: 0.3400280979985837
