times:
  landing: 1.6177924330000053
  view-data: 0.5892441100000099
