times:
  edit-metadata: 1.2510615098290145
  landing: 0.38355372683145106
  view-data: 0.25304863089695573
