times:
  landing: 0.08454538299997694
  view-data: 1.6075047660000337
