times:
  edit-metadata: 1.8270248714834452
  landing: 0.12988380156457424
  view-data: 0.4127855449914932
