times:
  landing: 1.6533547079999948
  view-data: 0.5739963150000165
