times:
  landing: 0.5952297610000414
  view-data: 0.5745849080000198
