times:
  edit-metadata: 1.0388076559174806
  landing: 0.054328767117112875
  view-data: 0.3123974921181798
