times:
  edit-metadata: 1.3140745959244668
  landing: 0.2085185709875077
  view-data: 0.22941511298995465
