times:
  landing: 0.5789152790000003
  view-data: 0.5733690049999893
