times:
  edit-metadata: 1.0690287190955132
  landing: 0.053485565120354295
  view-data: 0.2801015288569033
