times:
  edit-metadata: 1.0113012818619609
  landing: 0.056849495973438025
  view-data: 0.2819811962544918
