times:
  landing: 0.6007565900000031
  view-data: 0.08535437000000456
