times:
  edit-metadata: 1.4534798711538315
  landing: 1.0295434454455972
  view-data: 3.338749723508954
