times:
  edit-metadata: 1.8415332734584808
  landing: 0.23211127147078514
  view-data: 0.25427788868546486
