times:
  edit-metadata: 1.1223103730008006
  landing: 0.05046811199281365
  view-data: 0.26400339195970446
