times:
  edit-metadata: 1.7866695001721382
  landing: 0.018852468580007553
  view-data: 0.3603899981826544
