times:
  edit-metadata: 1.8157552880002186
  landing: 0.133075485995505
  view-data: 0.23817558999871835
