times:
  edit-metadata: 1.9910286460071802
  landing: 1.4603580422699451
  view-data: 3.346277656033635
