times:
  landing: 0.07276608500001203
  view-data: 0.5584712130000753
