times:
  edit-metadata: 1.4671393129974604
  landing: 0.0531000979244709
  view-data: 0.3015536549501121
