times:
  edit-metadata: 1.7768879709765315
  landing: 0.19381895195692778
  view-data: 0.024035314098000526
