times:
  edit-metadata: 1.4231077171862125
  landing: 0.8124728016555309
  view-data: 3.318932928144932
