times:
  edit-metadata: 1.0039184750057757
  landing: 0.06665454898029566
  view-data: 0.26288097398355603
