times:
  edit-metadata: 2.209056731313467
  landing: 0.17337192595005035
  view-data: 0.428136071190238
