times:
  landing: 1.6364462580000065
  view-data: 0.5925794739999901
