times:
  landing: 0.6122302200000149
  view-data: 0.5844854329999976
