times:
  landing: 1.608039988999991
  view-data: 0.5764964550000116
