times:
  landing: 0.04710728600002767
  view-data: 0.5589653260000205
