times:
  edit-metadata: 2.0402033235877752
  landing: 0.16546958684921265
  view-data: 0.36469272896647453
