times:
  edit-metadata: 1.0634023072198033
  landing: 0.06255348678678274
  view-data: 0.2630345420911908
