times:
  edit-metadata: 1.905479721724987
  landing: 0.10159457847476006
  view-data: 0.2594089601188898
