times:
  edit-metadata: 1.4211698388680816
  landing: 0.9675703158136457
  view-data: 3.2771837620530277
