times:
  edit-metadata: 1.5088811870664358
  landing: 2.136509256437421
  view-data: 3.3938075080513954
