times:
  edit-metadata: 1.9142415672540665
  landing: 0.12875204905867577
  view-data: 0.24246355518698692
