times:
  edit-metadata: 1.9264965690672398
  landing: 0.15300471894443035
  view-data: 0.5167191866785288
