times:
  landing: 0.04641921999998999
  view-data: 0.584693207000015
