times:
  edit-metadata: 1.2948860437609255
  landing: 0.051099265925586224
  view-data: 0.47196635184809566
