times:
  edit-metadata: 1.8696694262325764
  landing: 1.1309155710041523
  view-data: 3.3396933637559414
