times:
  edit-metadata: 1.7583895339630544
  landing: 0.1350130579667166
  view-data: 0.02934110601199791
