times:
  edit-metadata: 1.45333430217579
  landing: 0.13541675684973598
  view-data: 0.2871770029887557
