times:
  edit-metadata: 1.4300740668550134
  landing: 0.17897981498390436
  view-data: 0.23037049616687
