times:
  edit-metadata: 0.9864744669757783
  landing: 0.21074774395674467
  view-data: 0.23307051789015532
