times:
  edit-metadata: 4.642448227852583
  landing: 3.0183835588395596
  view-data: 3.690735924988985
