times:
  edit-metadata: 0.9968876740895212
  landing: 0.13487611711025238
  view-data: 0.2512608440592885
