times:
  edit-metadata: 2.0334568843245506
  landing: 1.6812564469873905
  view-data: 3.3732518889009953
