times:
  edit-metadata: 1.3578722380043473
  landing: 0.018754855991574004
  view-data: 0.2476086019887589
