times:
  edit-metadata: 1.7165761040523648
  landing: 0.1749995080754161
  view-data: 0.02779161650687456
