times:
  edit-metadata: 1.0356818623840809
  landing: 0.05804582126438618
  view-data: 0.2695743404328823
