times:
  edit-metadata: 2.876525456085801
  landing: 2.1213037986308336
  view-data: 3.4793020812794566
