times:
  edit-metadata: 1.4058108646422625
  landing: 1.4246717430651188
  view-data: 3.330025777220726
