times:
  edit-metadata: 1.0025841630995274
  landing: 0.13678021682426333
  view-data: 0.24778119521215558
