times:
  landing: 1.1980504759999917
  view-data: 0.5720691599999839
