times:
  edit-metadata: 2.2340639331378043
  landing: 2.6777131790295243
  view-data: 3.341820473317057
