times:
  edit-metadata: 1.4363896930590272
  landing: 0.9068981232121587
  view-data: 3.3200162136927247
