times:
  edit-metadata: 1.9913010112941265
  landing: 0.9125840328633785
  view-data: 3.424570055678487
