times:
  edit-metadata: 1.5378095395863056
  landing: 1.633348261937499
  view-data: 3.30097515322268
