times:
  edit-metadata: 1.1480274789500982
  landing: 0.0575112160295248
  view-data: 0.28778576699551195
