times:
  edit-metadata: 1.678273495286703
  landing: 0.9755452163517475
  view-data: 3.383653188124299
