times:
  edit-metadata: 2.0534619633108377
  landing: 0.05608118884265423
  view-data: 0.47133269533514977
