times:
  edit-metadata: 1.8197053838521242
  landing: 0.12629312463104725
  view-data: 0.6334550082683563
