times:
  edit-metadata: 1.5239268243312836
  landing: 1.370975885540247
  view-data: 3.3572769574820995
