times:
  edit-metadata: 1.841232399456203
  landing: 0.02422563172876835
  view-data: 0.4236947549507022
