times:
  edit-metadata: 1.0802864152938128
  landing: 0.05974892806261778
  view-data: 0.25748405419290066
