times:
  edit-metadata: 2.3140593506395817
  landing: 0.2312960233539343
  view-data: 0.49181005358695984
