times:
  edit-metadata: 1.828051595017314
  landing: 0.04269099980592728
  view-data: 0.5253362394869328
