times:
  landing: 0.8517011809999531
  view-data: 0.5827912500000139
