times:
  edit-metadata: 1.381393188610673
  landing: 2.1799465278163552
  view-data: 3.280388976447284
