times:
  edit-metadata: 1.0328103201463819
  landing: 0.05793766607530415
  view-data: 0.30342332692816854
