times:
  edit-metadata: 1.8270769119262695
  landing: 0.11858659703284502
  view-data: 0.4977905508130789
