times:
  edit-metadata: 1.7280222168192267
  landing: 0.11322998348623514
  view-data: 0.12061995267868042
