times:
  edit-metadata: 2.1074189841747284
  landing: 0.253111956641078
  view-data: 0.4917897693812847
