times:
  edit-metadata: 0.9956757891923189
  landing: 0.1458997381851077
  view-data: 0.24957864778116345
