times:
  edit-metadata: 1.7297281846404076
  landing: 0.02738273609429598
  view-data: 0.025765301659703255
