times:
  landing: 0.5771580949999873
  view-data: 0.5790201070000194
