times:
  landing: 1.6939993820000154
  view-data: 1.1009613580000064
