times:
  edit-metadata: 1.5443574972450733
  landing: 1.2989820800721645
  view-data: 3.3318346813321114
