times:
  edit-metadata: 1.3293496160767972
  landing: 0.2826099740341306
  view-data: 0.2649464141577482
