times:
  edit-metadata: 1.183733282610774
  landing: 0.0438117440789938
  view-data: 0.2784699499607086
