times:
  edit-metadata: 2.112387616187334
  landing: 0.23965927585959435
  view-data: 0.28651197627186775
