times:
  edit-metadata: 1.7882790490984917
  landing: 0.18578492477536201
  view-data: 0.255968501791358
