times:
  edit-metadata: 1.918700066395104
  landing: 0.307678759098053
  view-data: 0.5790947368368506
