times:
  landing: 0.5672865980000097
  view-data: 0.5603703969999856
