times:
  landing: 0.03495027399998207
  view-data: 0.5543986370000198
