times:
  edit-metadata: 2.4487091787159443
  landing: 0.2346773948520422
  view-data: 0.29522442631423473
