times:
  edit-metadata: 1.0432915440760553
  landing: 0.052364657865837216
  view-data: 0.2517016439232975
