times:
  edit-metadata: 1.2672774139791727
  landing: 0.07569636218249798
  view-data: 0.40131572680547833
