times:
  edit-metadata: 1.0471152851823717
  landing: 0.09799904096871614
  view-data: 0.23677458008751273
