times:
  edit-metadata: 1.9286386519670486
  landing: 0.0219569094479084
  view-data: 0.25343161448836327
