times:
  edit-metadata: 1.3772796229750384
  landing: 0.14031261298805475
  view-data: 0.218497327005025
