times:
  edit-metadata: 1.3616631347686052
  landing: 1.8964400449767709
  view-data: 3.251358214765787
