times:
  edit-metadata: 1.9006257876753807
  landing: 0.021394483745098114
  view-data: 0.23998843133449554
