times:
  edit-metadata: 1.3461512809153646
  landing: 0.14020313997752964
  view-data: 0.24221971700899303
