times:
  landing: 0.6306531900000039
  view-data: 0.5853605389999927
