times:
  edit-metadata: 2.35685233771801
  landing: 1.6666642017662525
  view-data: 3.437791757285595
