times:
  landing: 0.5935618609999835
  view-data: 0.06953207099999759
