times:
  edit-metadata: 1.0919199008494616
  landing: 0.06364615680649877
  view-data: 0.39948937902227044
