times:
  edit-metadata: 1.7485608411952853
  landing: 0.16648047044873238
  view-data: 0.024832374416291714
