times:
  edit-metadata: 2.102670129388571
  landing: 1.367497332394123
  view-data: 3.330326832830906
