times:
  edit-metadata: 1.0434489380568266
  landing: 0.16713191894814372
  view-data: 0.24133180966600776
