times:
  edit-metadata: 2.1219922490417957
  landing: 2.528292282484472
  view-data: 3.292319979518652
