times:
  edit-metadata: 1.3354637979064137
  landing: 0.021319794934242964
  view-data: 0.268352635204792
