times:
  edit-metadata: 1.510640237480402
  landing: 0.8697794787585735
  view-data: 3.4310635831207037
