times:
  edit-metadata: 1.3947189571335912
  landing: 0.8703293451108038
  view-data: 3.2532536941580474
