times:
  edit-metadata: 1.5269376677460968
  landing: 0.06131156021729112
  view-data: 0.38246307708323
