times:
  edit-metadata: 1.7317477241158485
  landing: 0.11018389090895653
  view-data: 0.12265911791473627
