times:
  edit-metadata: 1.0607874589040875
  landing: 0.21844352781772614
  view-data: 0.24371550977230072
