times:
  edit-metadata: 1.9391259998083115
  landing: 0.1310877688229084
  view-data: 0.24504879489541054
