times:
  edit-metadata: 1.739111672155559
  landing: 0.018790696747601032
  view-data: 0.027097786776721478
