times:
  edit-metadata: 1.7784080747514963
  landing: 0.1254543298855424
  view-data: 0.11924167908728123
