times:
  edit-metadata: 1.9385320246219635
  landing: 0.18602648749947548
  view-data: 0.03136258386075497
