times:
  edit-metadata: 1.8773732837289572
  landing: 0.02464018203318119
  view-data: 0.023963337764143944
