times:
  edit-metadata: 1.0348810369614512
  landing: 0.05673282593488693
  view-data: 0.3059339940082282
