times:
  edit-metadata: 1.9322379492223263
  landing: 0.01991375908255577
  view-data: 0.24454493820667267
