times:
  edit-metadata: 2.2186943255364895
  landing: 1.3978675492107868
  view-data: 3.4069623686373234
