times:
  edit-metadata: 2.2739802449941635
  landing: 1.5082232132554054
  view-data: 3.4171707555651665
