times:
  landing: 0.5846546829999966
  view-data: 0.5750532630000009
