times:
  edit-metadata: 1.7403840813785791
  landing: 0.22205685265362263
  view-data: 0.14878249447792768
