times:
  edit-metadata: 2.4810506999492645
  landing: 1.7284272387623787
  view-data: 3.449062737636268
