times:
  landing: 1.2513210330000106
  view-data: 0.5637315360000059
