times:
  landing: 1.1345038699999748
  view-data: 0.5756124400000147
