times:
  landing: 1.6783578302711248
  view-data: 0.6131816189736128
