times:
  landing: 0.5924390440000025
  view-data: 0.5792659800000024
