times:
  edit-metadata: 1.8001482635736465
  landing: 0.11170175485312939
  view-data: 0.3814767077565193
