times:
  edit-metadata: 1.363203322980553
  landing: 0.1969289609696716
  view-data: 0.23833664087578654
