times:
  landing: 0.5860597420000033
  view-data: 0.5856730379999817
