times:
  edit-metadata: 1.3778009237721562
  landing: 1.4859110321849585
  view-data: 3.330200245603919
