times:
  edit-metadata: 2.8984154276549816
  landing: 1.4935738779604435
  view-data: 3.8956668116152287
