times:
  edit-metadata: 1.082859806716442
  landing: 0.06296754814684391
  view-data: 0.29150267597287893
