times:
  edit-metadata: 1.0575870107859373
  landing: 0.12348557310178876
  view-data: 0.2758800471201539
