times:
  edit-metadata: 1.7226945469155908
  landing: 0.13926169276237488
  view-data: 0.026579570956528187
