times:
  edit-metadata: 2.324208702892065
  landing: 0.28948893770575523
  view-data: 0.6666640304028988
