times:
  edit-metadata: 1.9158177766948938
  landing: 0.04462337680160999
  view-data: 0.5923587009310722
