times:
  edit-metadata: 1.9926160564646125
  landing: 0.14862859342247248
  view-data: 0.4496822329238057
