times:
  edit-metadata: 1.9075139295309782
  landing: 0.023039402440190315
  view-data: 0.3479051347821951
