times:
  edit-metadata: 1.8845533803105354
  landing: 0.01964046061038971
  view-data: 0.2567840702831745
