times:
  edit-metadata: 1.554459623992443
  landing: 1.0562753193080425
  view-data: 3.3450536504387856
