times:
  edit-metadata: 1.7299525076523423
  landing: 0.20787019655108452
  view-data: 0.026606767438352108
