times:
  landing: 0.5929593739999746
  view-data: 0.5745599180000909
