times:
  edit-metadata: 1.36579882632941
  landing: 0.06480538938194513
  view-data: 0.5373159660957754
