times:
  edit-metadata: 1.8348634373396635
  landing: 0.13497955165803432
  view-data: 0.025436243042349815
