times:
  landing: 1.172643340000036
  view-data: 0.5739570329999992
