times:
  edit-metadata: 1.6749657727777958
  landing: 1.4022325165569782
  view-data: 3.4096069745719433
