times:
  edit-metadata: 1.47637427598238
  landing: 2.0334421135485172
  view-data: 3.345880089327693
