times:
  landing: 0.049328733999971064
  view-data: 0.5673495880000132
