times:
  landing: 1.1000421969999934
  view-data: 0.5641220420000082
