times:
  edit-metadata: 1.0325277112424374
  landing: 0.06155469734221697
  view-data: 0.25380215607583523
