times:
  landing: 0.043181820000000926
  view-data: 0.6074864939999998
