times:
  edit-metadata: 1.9256371669471264
  landing: 0.021277152001857758
  view-data: 0.2472468875348568
