times:
  edit-metadata: 1.624270536005497
  landing: 2.4152172096073627
  view-data: 3.3703092206269503
