times:
  edit-metadata: 2.3192014023661613
  landing: 3.5590296667069197
  view-data: 3.6637326683849096
