times:
  edit-metadata: 1.0472015179693699
  landing: 0.053356126067228615
  view-data: 0.38572519400622696
