times:
  edit-metadata: 1.8734609931707382
  landing: 0.13158060982823372
  view-data: 0.23866446688771248
