times:
  edit-metadata: 1.0507683500181884
  landing: 0.0696520860074088
  view-data: 0.31525391002651304
