times:
  edit-metadata: 1.22186373299337
  landing: 0.04723529200418852
  view-data: 0.4706260389939416
