times:
  edit-metadata: 1.7175618531182408
  landing: 0.20186007674783468
  view-data: 0.09928270149976015
