times:
  edit-metadata: 1.3531610080972314
  landing: 0.125828776974231
  view-data: 0.5823155869729817
