times:
  edit-metadata: 1.4655630050692707
  landing: 0.8925500349141657
  view-data: 3.3347181130666286
