times:
  edit-metadata: 2.525966616347432
  landing: 0.2629126254469156
  view-data: 0.594213156029582
