times:
  edit-metadata: 1.8347049187868834
  landing: 0.030052974820137024
  view-data: 0.4144930336624384
