times:
  edit-metadata: 1.458674134220928
  landing: 2.2589270090684295
  view-data: 3.3682706779800355
