times:
  edit-metadata: 1.32862844504416
  landing: 0.13051339914090931
  view-data: 0.24382217694073915
