times:
  edit-metadata: 1.2287996849045157
  landing: 0.2312058829702437
  view-data: 0.2741790930740535
