times:
  edit-metadata: 1.5891439504921436
  landing: 0.9849821105599403
  view-data: 3.3982434011995792
