times:
  edit-metadata: 1.90601272508502
  landing: 1.1351763401180506
  view-data: 0.6317180600017309
