times:
  edit-metadata: 2.480614062398672
  landing: 1.3555540516972542
  view-data: 3.4510231353342533
