times:
  edit-metadata: 1.7037066798657179
  landing: 0.19261459354311228
  view-data: 0.024413717910647392
