times:
  edit-metadata: 1.9383672289550304
  landing: 2.5943095106631517
  view-data: 3.3275003358721733
