times:
  edit-metadata: 1.5840777619741857
  landing: 0.19989487901329994
  view-data: 0.43513338197954
