times:
  edit-metadata: 1.4126533679664135
  landing: 1.9274817630648613
  view-data: 3.2464622277766466
