times:
  edit-metadata: 2.1164668649435043
  landing: 0.3126101288944483
  view-data: 0.4081166461110115
