times:
  edit-metadata: 1.7710142424330115
  landing: 0.24636209104210138
  view-data: 0.4125359021127224
