times:
  edit-metadata: 1.9468579236418009
  landing: 0.13383773155510426
  view-data: 0.29409556090831757
