times:
  edit-metadata: 2.4627878721803427
  landing: 0.9504455700516701
  view-data: 3.5111786043271422
