times:
  edit-metadata: 1.8437988869845867
  landing: 0.054028335958719254
  view-data: 0.40661961771547794
