times:
  landing: 0.58430112100001
  view-data: 0.5858526110000071
