times:
  landing: 0.06250560899999869
  view-data: 0.709186993000003
