times:
  edit-metadata: 1.783667485229671
  landing: 0.11793998070061207
  view-data: 0.13300228584557772
