times:
  edit-metadata: 1.3971595871262252
  landing: 3.3410528101958334
  view-data: 3.307585255242884
