times:
  edit-metadata: 1.899073051288724
  landing: 0.14522494561970234
  view-data: 0.34838462620973587
