times:
  edit-metadata: 1.0911461070063524
  landing: 0.07411060098093003
  view-data: 0.274399281013757
