times:
  edit-metadata: 1.8197956569492817
  landing: 0.20808189176023006
  view-data: 0.025194864720106125
