times:
  edit-metadata: 2.116948815062642
  landing: 0.048024898394942284
  view-data: 0.025733187794685364
