times:
  edit-metadata: 2.3127802833914757
  landing: 1.4945432431995869
  view-data: 3.4015573039650917
