times:
  edit-metadata: 2.515146798999922
  landing: 0.1475227169999016
  view-data: 0.6079648670001916
