times:
  edit-metadata: 1.7635685410350561
  landing: 0.019036066718399525
  view-data: 0.11970919743180275
