times:
  edit-metadata: 1.7249993979930878
  landing: 0.21987739577889442
  view-data: 0.19719488080590963
