times:
  edit-metadata: 2.213712379336357
  landing: 2.4255029000341892
  view-data: 3.337542435154319
