times:
  edit-metadata: 1.9158136676996946
  landing: 0.04868036136031151
  view-data: 0.15473374165594578
