times:
  edit-metadata: 2.7902627494186163
  landing: 0.24509781785309315
  view-data: 0.5377609357237816
