times:
  edit-metadata: 1.8367264261469245
  landing: 0.17728918883949518
  view-data: 0.12368841096758842
