times:
  edit-metadata: 1.8566324226558208
  landing: 0.18664830550551414
  view-data: 0.2406160533428192
