times:
  landing: 0.576147026000001
  view-data: 0.5784328880000089
