times:
  edit-metadata: 1.044220371171832
  landing: 0.04638659209012985
  view-data: 0.23608105815947056
