times:
  landing: 0.608844253000143
  view-data: 0.5706603430000996
