times:
  edit-metadata: 1.459889702964574
  landing: 0.8145196391269565
  view-data: 3.239160508150235
