times:
  edit-metadata: 1.900383036583662
  landing: 0.18698611482977867
  view-data: 0.24329737946391106
