times:
  edit-metadata: 1.9084919318556786
  landing: 0.01869032345712185
  view-data: 0.2588756512850523
