times:
  landing: 1.151679252000008
  view-data: 0.5795839439999781
