times:
  edit-metadata: 1.7760419994592667
  landing: 0.14528736472129822
  view-data: 0.3597926292568445
