times:
  edit-metadata: 2.1158310789614916
  landing: 0.0191821176558733
  view-data: 0.24377753771841526
