times:
  landing: 0.6198718109999959
  view-data: 0.08540322700000047
