times:
  edit-metadata: 1.5313861314207315
  landing: 1.9812206719070673
  view-data: 3.361404614523053
