times:
  landing: 1.0883029029999989
  view-data: 0.5604721520000169
