times:
  edit-metadata: 1.8619756186380982
  landing: 0.12405197136104107
  view-data: 0.13705017510801554
