times:
  edit-metadata: 1.4719692878425121
  landing: 1.992546359077096
  view-data: 3.350605955347419
