times:
  edit-metadata: 1.3231269180541858
  landing: 0.018735134974122047
  view-data: 0.2275867589050904
