times:
  edit-metadata: 1.3944567800499499
  landing: 0.17603717604652047
  view-data: 0.2404341429937631
