times:
  edit-metadata: 1.3066139140282758
  landing: 0.14496573497308418
  view-data: 0.2289707440068014
