times:
  edit-metadata: 1.8500812277197838
  landing: 0.902911739423871
  view-data: 3.4119271766394377
