times:
  edit-metadata: 1.898822121322155
  landing: 0.1750405617058277
  view-data: 0.13811969384551048
