times:
  edit-metadata: 1.024243929889053
  landing: 0.11853339988738298
  view-data: 0.24048748798668385
