times:
  edit-metadata: 1.855558767914772
  landing: 0.16141726449131966
  view-data: 0.12916655838489532
