times:
  edit-metadata: 1.5212586149573326
  landing: 0.9226238764822483
  view-data: 3.3188906461000443
