times:
  edit-metadata: 1.7275161566212773
  landing: 0.22317429725080729
  view-data: 0.024222923442721367
