times:
  edit-metadata: 1.982897862792015
  landing: 0.021891245618462563
  view-data: 0.644381295889616
