times:
  edit-metadata: 1.870990687981248
  landing: 0.16372325457632542
  view-data: 0.13933266513049603
