times:
  edit-metadata: 1.1984301609991235
  landing: 0.05840603599790484
  view-data: 0.29137290899961954
