times:
  edit-metadata: 1.9002593960613012
  landing: 0.12847104854881763
  view-data: 0.29125066474080086
