times:
  edit-metadata: 1.7646866980940104
  landing: 0.22493818681687117
  view-data: 0.41292833164334297
