times:
  landing: 0.03582953099999031
  view-data: 0.5854498030000173
