times:
  landing: 0.6261791800000083
  view-data: 0.5875259139999969
