times:
  landing: 0.049137688000030266
  view-data: 0.5682912999999985
