times:
  edit-metadata: 1.5099530164152384
  landing: 1.0943776853382587
  view-data: 3.3321030708029866
