times:
  edit-metadata: 1.8391141016036272
  landing: 0.048082707449793816
  view-data: 0.34837378561496735
