times:
  edit-metadata: 1.4608229212462902
  landing: 1.2674417980015278
  view-data: 3.317999728024006
