times:
  edit-metadata: 1.9867725744843483
  landing: 2.1769106201827526
  view-data: 3.4514433331787586
