times:
  landing: 0.5693963179999741
  view-data: 0.5665236810000351
