times:
  edit-metadata: 0.9891674998216331
  landing: 0.019600779749453068
  view-data: 0.25526708690449595
