times:
  landing: 0.5874251760000107
  view-data: 0.08173794300000736
