times:
  edit-metadata: 2.188614608719945
  landing: 0.02051815390586853
  view-data: 0.2893048729747534
