times:
  edit-metadata: 1.4156400356441736
  landing: 1.1230800487101078
  view-data: 3.3590895645320415
