times:
  landing: 0.5791659129999971
  view-data: 0.5641372890000298
