times:
  edit-metadata: 1.770363968797028
  landing: 0.1544348243623972
  view-data: 0.1376228639855981
