times:
  edit-metadata: 2.4021899811923504
  landing: 1.228522464632988
  view-data: 3.391020679846406
