times:
  edit-metadata: 1.047997704707086
  landing: 0.12932044779881835
  view-data: 0.2560676271095872
