times:
  edit-metadata: 1.0191087140701711
  landing: 0.05334457801654935
  view-data: 0.260577364359051
