times:
  edit-metadata: 1.1580062466673553
  landing: 0.05586511129513383
  view-data: 0.293294926173985
