times:
  landing: 1.1781538740000315
  view-data: 0.5588079830000652
