times:
  landing: 0.6152296750000232
  view-data: 0.5813243329999978
