times:
  edit-metadata: 1.1178311499534175
  landing: 0.06421835103537887
  view-data: 0.2935316540533677
