times:
  landing: 0.5848013099999889
  view-data: 0.5740183530000138
