times:
  edit-metadata: 2.061532727908343
  landing: 1.0737941479310393
  view-data: 3.530521383974701
