times:
  edit-metadata: 1.4684694837778807
  landing: 2.944910880178213
  view-data: 3.3083189353346825
