times:
  edit-metadata: 1.4503175653517246
  landing: 2.0764324329793453
  view-data: 3.3756346087902784
