times:
  edit-metadata: 1.5184024777263403
  landing: 0.8136268928647041
  view-data: 3.3543325792998075
