times:
  landing: 0.5897511699999995
  view-data: 0.5729904259999898
