times:
  edit-metadata: 1.4521559998393059
  landing: 0.8203038275241852
  view-data: 3.316053507849574
