times:
  edit-metadata: 1.0702956980094314
  landing: 0.059193871915340424
  view-data: 0.3083863751962781
