times:
  edit-metadata: 1.5145417340099812
  landing: 0.9349893797188997
  view-data: 3.372674871236086
