times:
  edit-metadata: 1.7514906721189618
  landing: 0.1158093148842454
  view-data: 0.026993154548108578
