times:
  edit-metadata: 1.9061243571341038
  landing: 0.019689861685037613
  view-data: 0.24606256186962128
