times:
  edit-metadata: 1.3787860960001126
  landing: 0.1747502100188285
  view-data: 0.22563807608094066
