times:
  edit-metadata: 2.0797154679894447
  landing: 0.3662674278020859
  view-data: 0.24977914616465569
