times:
  landing: 0.5994636679999985
  view-data: 0.5905190169999628
