times:
  edit-metadata: 1.1118707310015452
  landing: 0.05630500800180016
  view-data: 0.38583304299390875
