times:
  edit-metadata: 1.691523221321404
  landing: 0.1305394610390067
  view-data: 0.025484765879809856
