times:
  edit-metadata: 1.0455768490210176
  landing: 0.06688388402108103
  view-data: 0.2931797369965352
