times:
  landing: 0.5708999309999854
  view-data: 0.5688528670000323
