times:
  edit-metadata: 1.7208105651661754
  landing: 0.01787922065705061
  view-data: 0.10201204754412174
