times:
  edit-metadata: 1.0571274280082434
  landing: 0.06468582502566278
  view-data: 0.30827549495734274
