times:
  edit-metadata: 1.4391223285347223
  landing: 0.7981204055249691
  view-data: 3.2181842923164368
