times:
  landing: 0.6132599689999552
  view-data: 0.5716799450000281
