times:
  edit-metadata: 1.7826192621141672
  landing: 0.12232154980301857
  view-data: 0.4431611392647028
