times:
  edit-metadata: 1.9005600605159998
  landing: 0.024567484855651855
  view-data: 0.44130044616758823
