times:
  edit-metadata: 1.7478318829089403
  landing: 0.24595247069373727
  view-data: 0.3236595019698143
