times:
  edit-metadata: 1.759255058132112
  landing: 0.13349727727472782
  view-data: 0.11788690742105246
