times:
  edit-metadata: 3.7126832557842135
  landing: 0.7881669998168945
  view-data: 0.6975786266848445
