times:
  landing: 0.042534945999989304
  view-data: 0.07862746700001821
