times:
  landing: 0.05920134200005123
  view-data: 0.5712473280000268
