times:
  edit-metadata: 1.0418914729962125
  landing: 0.058207713067531586
  view-data: 0.2853270199848339
