times:
  landing: 0.6069859520000023
  view-data: 0.5855532180000012
