times:
  edit-metadata: 1.0365254119969904
  landing: 0.05732098314911127
  view-data: 0.3905856078490615
