times:
  edit-metadata: 1.9785628225654364
  landing: 0.0245452132076025
  view-data: 0.34755218029022217
