times:
  edit-metadata: 2.0214718729257584
  landing: 0.029712369665503502
  view-data: 0.18002139404416084
