times:
  edit-metadata: 1.892583854496479
  landing: 0.1963634490966797
  view-data: 0.2350296750664711
