times:
  edit-metadata: 1.6774172112345695
  landing: 0.9492528550326824
  view-data: 0.7062386348843575
