times:
  edit-metadata: 1.6984060239046812
  landing: 0.8321303892880678
  view-data: 3.343771267682314
