times:
  edit-metadata: 1.6717842854559422
  landing: 1.013899490237236
  view-data: 3.350812178105116
