times:
  edit-metadata: 1.5501858330098912
  landing: 0.14464626897824928
  view-data: 0.2653385740122758
