times:
  edit-metadata: 1.4547871891409159
  landing: 2.4498436329886317
  view-data: 3.3224136028438807
