times:
  edit-metadata: 1.8079327326267958
  landing: 0.021672172471880913
  view-data: 0.1539480723440647
