times:
  edit-metadata: 1.9066637819632888
  landing: 0.12193631008267403
  view-data: 0.1251387493684888
