times:
  edit-metadata: 1.7112061707302928
  landing: 0.14638874307274818
  view-data: 0.023298053070902824
