times:
  landing: 0.05583035300003303
  view-data: 0.5562051550000433
