times:
  edit-metadata: 1.792861394584179
  landing: 0.1415876680985093
  view-data: 0.46102976333349943
