times:
  edit-metadata: 2.2014166405424476
  landing: 0.8684234786778688
  view-data: 3.3475158270448446
