times:
  landing: 1.1169814419999966
  view-data: 0.5788269799999739
