times:
  edit-metadata: 1.4116355190053582
  landing: 0.9406310804188251
  view-data: 3.30317968595773
