times:
  edit-metadata: 1.9134406205266714
  landing: 0.019282527267932892
  view-data: 0.13827229104936123
