times:
  edit-metadata: 1.294028775766492
  landing: 0.01844923011958599
  view-data: 0.37241516821086407
