times:
  landing: 0.04843208399998389
  view-data: 0.09165572599999905
