times:
  edit-metadata: 2.2059746561571956
  landing: 0.1425899937748909
  view-data: 0.033013710752129555
