times:
  edit-metadata: 1.163946044165641
  landing: 0.05589902913197875
  view-data: 0.27077988255769014
