times:
  landing: 1.1248029610000003
  view-data: 0.5708532629999752
