times:
  edit-metadata: 1.341451246989891
  landing: 0.11379849002696574
  view-data: 0.22681848099455237
