times:
  edit-metadata: 1.9006889034062624
  landing: 0.11499261483550072
  view-data: 0.13991563580930233
