times:
  edit-metadata: 2.73261440359056
  landing: 3.6886935364454985
  view-data: 3.7274210145696998
