times:
  edit-metadata: 1.988407090306282
  landing: 1.8341798894107342
  view-data: 3.4743658378720284
