times:
  edit-metadata: 1.6320360489189625
  landing: 1.094348565209657
  view-data: 3.2564565639477223
