times:
  edit-metadata: 1.3235679706558585
  landing: 0.21984176011756063
  view-data: 0.34759758366271853
