times:
  edit-metadata: 1.8601190000772476
  landing: 0.018927983939647675
  view-data: 0.02465064451098442
