times:
  edit-metadata: 1.884101513773203
  landing: 1.139672677963972
  view-data: 3.4468631744384766
