times:
  edit-metadata: 1.0986859870608896
  landing: 0.06464215205051005
  view-data: 0.3089353588875383
