times:
  edit-metadata: 1.922709908336401
  landing: 0.1114046759903431
  view-data: 0.24351484328508377
