times:
  landing: 1.657335382000383
  view-data: 0.5716427380002642
