times:
  edit-metadata: 2.0316925048828125
  landing: 1.1606498062610626
  view-data: 3.673193085938692
