times:
  edit-metadata: 1.7253857795149088
  landing: 0.027632768265902996
  view-data: 0.025433947332203388
