times:
  edit-metadata: 1.5422990024089813
  landing: 1.8950161021202803
  view-data: 3.3173089791089296
