times:
  edit-metadata: 1.7660112548619509
  landing: 0.024816179648041725
  view-data: 0.023818775080144405
