times:
  edit-metadata: 1.5895929262042046
  landing: 1.2601760402321815
  view-data: 3.339353196322918
