times:
  landing: 1.1240823370000044
  view-data: 0.5824074390000078
