times:
  landing: 0.05448768100001189
  view-data: 0.5994269990000021
