times:
  edit-metadata: 1.0248908530920744
  landing: 0.11430122796446085
  view-data: 0.2400291278026998
