times:
  edit-metadata: 1.4716436564922333
  landing: 1.0060947239398956
  view-data: 3.3686984702944756
