times:
  edit-metadata: 1.422141831368208
  landing: 1.933271648362279
  view-data: 3.4930832106620073
