times:
  edit-metadata: 1.8380845100000442
  landing: 0.17489703300088877
  view-data: 0.2407654470007401
