times:
  edit-metadata: 1.3872311291052029
  landing: 0.13606594898737967
  view-data: 0.29110085300635546
