times:
  edit-metadata: 1.468930784612894
  landing: 0.9742397926747799
  view-data: 3.3234318159520626
