times:
  edit-metadata: 1.5375727824866772
  landing: 0.9019966293126345
  view-data: 3.4155619759112597
