times:
  edit-metadata: 1.0767709049396217
  landing: 0.2558172820135951
  view-data: 0.23635966517031193
