times:
  edit-metadata: 1.5148042421787977
  landing: 1.0318929012864828
  view-data: 0.7546306541189551
