times:
  edit-metadata: 2.064034468960017
  landing: 1.7603416978381574
  view-data: 3.38616397511214
