times:
  edit-metadata: 1.8276224061846733
  landing: 0.14310293644666672
  view-data: 0.44634937960654497
