times:
  edit-metadata: 1.399637422990054
  landing: 0.758127651992254
  view-data: 3.2624479919904843
