times:
  edit-metadata: 1.0318072424270213
  landing: 0.023095238022506237
  view-data: 0.24438313907012343
