times:
  edit-metadata: 1.8217080160975456
  landing: 0.020374845713377
  view-data: 0.6492098867893219
