times:
  landing: 0.6085220129999698
  view-data: 0.5666875080000295
