times:
  landing: 1.153719685999988
  view-data: 0.11179543899999089
