times:
  landing: 0.05296479100002216
  view-data: 0.5671618809999757
