times:
  edit-metadata: 2.5986062232404947
  landing: 2.3210253939032555
  view-data: 3.4985676258802414
