times:
  landing: 1.1317107000000135
  view-data: 0.5799214900000038
