times:
  edit-metadata: 1.9735974688082933
  landing: 0.21286810748279095
  view-data: 0.21676683239638805
