times:
  edit-metadata: 2.2395940888673067
  landing: 0.3036760212853551
  view-data: 0.256974920630455
