times:
  edit-metadata: 1.022508995840326
  landing: 0.19799468480050564
  view-data: 0.22676403890363872
