times:
  edit-metadata: 1.9835038483142853
  landing: 0.020581264048814774
  view-data: 0.24581753835082054
