times:
  edit-metadata: 1.8857222460210323
  landing: 0.02117617428302765
  view-data: 0.24126536771655083
