times:
  edit-metadata: 1.7552136527374387
  landing: 0.17553020175546408
  view-data: 0.02524581365287304
