times:
  edit-metadata: 1.7256362689659
  landing: 0.17851407174021006
  view-data: 0.12196673732250929
