times:
  edit-metadata: 1.3825950709870085
  landing: 0.08535580697935075
  view-data: 0.3885156349861063
