times:
  landing: 0.6048791730000005
  view-data: 0.568852722999992
