times:
  edit-metadata: 1.075342196971178
  landing: 0.062430961057543755
  view-data: 0.27521567698568106
