times:
  edit-metadata: 1.41910919547081
  landing: 0.851468350738287
  view-data: 3.292364777997136
