times:
  edit-metadata: 1.8324223086237907
  landing: 0.05012808181345463
  view-data: 0.6480557899922132
