times:
  edit-metadata: 1.8912069126963615
  landing: 0.1210411973297596
  view-data: 0.24747026339173317
