times:
  edit-metadata: 1.0145434490405023
  landing: 0.13802645960822701
  view-data: 0.2355437958613038
