times:
  landing: 1.0995355539999991
  view-data: 0.5697765849999996
