times:
  edit-metadata: 3.8915312122553587
  landing: 0.3069694535806775
  view-data: 0.45847116224467754
