times:
  edit-metadata: 1.1673737806268036
  landing: 0.05752253485843539
  view-data: 0.2885934808291495
