times:
  edit-metadata: 1.6061833165585995
  landing: 2.451139060780406
  view-data: 3.3345549385994673
