times:
  edit-metadata: 1.7963993651792407
  landing: 0.14904595166444778
  view-data: 0.10469991900026798
