times:
  edit-metadata: 1.039927275851369
  landing: 0.22097956505604088
  view-data: 0.22944885003380477
