times:
  edit-metadata: 1.9410558020463213
  landing: 1.1966708389809355
  view-data: 3.438768621068448
