times:
  edit-metadata: 1.4106533154845238
  landing: 1.0980828441679478
  view-data: 3.2966852001845837
