times:
  landing: 0.04009825600002159
  view-data: 1.0706811480000056
