times:
  edit-metadata: 1.4545438084751368
  landing: 2.193299515172839
  view-data: 3.3289011530578136
