times:
  edit-metadata: 1.6869975998997688
  landing: 3.3490303605794907
  view-data: 3.331681592389941
