times:
  edit-metadata: 1.5114265941083431
  landing: 1.0416149087250233
  view-data: 3.3395394198596478
