times:
  edit-metadata: 1.9470979236066341
  landing: 0.14450424909591675
  view-data: 0.2605200223624706
