times:
  edit-metadata: 1.6394632756710052
  landing: 0.9423094764351845
  view-data: 3.4069403670728207
