times:
  edit-metadata: 1.7619984075427055
  landing: 0.02403355948626995
  view-data: 0.21710493601858616
