times:
  edit-metadata: 1.205845670774579
  landing: 0.11671270057559013
  view-data: 0.25261582992970943
