times:
  edit-metadata: 1.392878517974168
  landing: 2.244183173868805
  view-data: 3.2881861706264317
