times:
  edit-metadata: 1.3403041959973052
  landing: 0.019067827961407602
  view-data: 0.4702047349419445
