times:
  edit-metadata: 1.4461115440353751
  landing: 0.8131827525794506
  view-data: 3.2540380489081144
