times:
  edit-metadata: 1.8802689909934998
  landing: 1.0230131298303604
  view-data: 3.410513337701559
