times:
  edit-metadata: 1.5136419348418713
  landing: 0.9755784012377262
  view-data: 3.3326731771230698
