times:
  landing: 0.04940474599999334
  view-data: 0.5730843740000182
