times:
  edit-metadata: 1.8624504078179598
  landing: 0.047637276351451874
  view-data: 0.46945093758404255
