times:
  edit-metadata: 1.166709443088621
  landing: 0.05822893511503935
  view-data: 0.28145149210467935
