times:
  edit-metadata: 1.4691857695579529
  landing: 1.1066468730568886
  view-data: 3.3634804636240005
