times:
  edit-metadata: 1.1550389975309372
  landing: 0.12623051553964615
  view-data: 0.3702493645250797
