times:
  edit-metadata: 1.3346340639982373
  landing: 0.12158610206097364
  view-data: 0.23334299819543958
