times:
  edit-metadata: 3.644264344125986
  landing: 4.41440824046731
  view-data: 3.4745626114308834
