times:
  edit-metadata: 3.144551591016352
  landing: 0.5344512909650803
  view-data: 0.6527110002934933
