times:
  edit-metadata: 1.0750191449187696
  landing: 0.06475396314635873
  view-data: 0.37555786594748497
