times:
  edit-metadata: 1.6750600645318627
  landing: 0.13956706505268812
  view-data: 0.09747803956270218
