times:
  edit-metadata: 1.2126480992883444
  landing: 0.022091655991971493
  view-data: 0.2949360371567309
