times:
  edit-metadata: 1.0320550156757236
  landing: 0.21752065001055598
  view-data: 0.2382873222231865
