times:
  edit-metadata: 1.6252135317772627
  landing: 1.222921945154667
  view-data: 3.311781307682395
