times:
  landing: 1.0976876500000117
  view-data: 0.5708282499999768
