times:
  edit-metadata: 1.4670064067468047
  landing: 2.9327683122828603
  view-data: 3.343928582035005
