times:
  landing: 1.2478313100000094
  view-data: 0.5749920960000168
