times:
  landing: 0.0509398469999951
  view-data: 1.0809810009999978
