times:
  edit-metadata: 2.0311662163585424
  landing: 0.024595340713858604
  view-data: 0.02770891785621643
