times:
  edit-metadata: 1.5847166925668716
  landing: 1.034650046378374
  view-data: 3.472022294998169
