times:
  edit-metadata: 1.455539483577013
  landing: 0.8552668243646622
  view-data: 3.223397232592106
