times:
  edit-metadata: 1.3744188559940085
  landing: 0.02003181300824508
  view-data: 0.23376584699144587
