times:
  landing: 0.040215180000018336
  view-data: 1.0817639150000105
