times:
  landing: 2.239340954925865
  view-data: 0.033995073987171054
