times:
  edit-metadata: 1.0171908638440073
  landing: 0.05879200482740998
  view-data: 0.29424360184930265
