times:
  edit-metadata: 1.0550293843261898
  landing: 0.06273928843438625
  view-data: 0.3089242442511022
