times:
  edit-metadata: 1.50010050740093
  landing: 1.3269971190020442
  view-data: 3.264762216247618
