times:
  landing: 2.6609049310000046
  view-data: 0.5735373430000266
