times:
  edit-metadata: 1.3800038719782606
  landing: 0.02191845898050815
  view-data: 0.2381114079616964
