times:
  edit-metadata: 1.8953624200075865
  landing: 0.14365475997328758
  view-data: 0.34728173166513443
