times:
  edit-metadata: 1.3612160559277982
  landing: 0.20323708397336304
  view-data: 0.2440899161156267
