times:
  edit-metadata: 1.1457661343738437
  landing: 0.05521226767450571
  view-data: 0.2664367901161313
