times:
  edit-metadata: 1.9345240071415901
  landing: 0.02116408199071884
  view-data: 0.24625280126929283
