times:
  edit-metadata: 1.7158571118488908
  landing: 0.019726112484931946
  view-data: 0.4728631814941764
