times:
  edit-metadata: 1.754509525373578
  landing: 0.11828639917075634
  view-data: 0.11738212686032057
