times:
  edit-metadata: 1.3766814458649606
  landing: 0.846971136983484
  view-data: 3.248955735936761
