times:
  edit-metadata: 1.5044529670849442
  landing: 0.7716092676855624
  view-data: 3.311079225037247
