times:
  edit-metadata: 1.1894632210023701
  landing: 0.23294031480327249
  view-data: 0.2747998400591314
