times:
  landing: 1.2526565560000051
  view-data: 0.5999298270000111
