times:
  edit-metadata: 1.3562808567658067
  landing: 0.07116502104327083
  view-data: 0.5287553612142801
