times:
  edit-metadata: 2.0824449323117733
  landing: 0.3009814992547035
  view-data: 0.4387421403080225
