times:
  landing: 0.08586892800002488
  view-data: 0.582896269999992
