times:
  edit-metadata: 1.886701187118888
  landing: 0.020738590508699417
  view-data: 0.02782733179628849
