times:
  edit-metadata: 1.072979493997991
  landing: 0.056537740863859653
  view-data: 0.248511609621346
