times:
  edit-metadata: 1.351263775024563
  landing: 0.171085363952443
  view-data: 0.2243733329232782
