times:
  edit-metadata: 1.398809090256691
  landing: 3.0526466090232134
  view-data: 3.320547898299992
