times:
  edit-metadata: 2.217719065025449
  landing: 0.30251798033714294
  view-data: 0.1410927213728428
