times:
  edit-metadata: 1.1322228955104947
  landing: 0.08242806419730186
  view-data: 0.25917714089155197
