times:
  edit-metadata: 1.522163487970829
  landing: 1.2711322531104088
  view-data: 3.3480774089694023
