times:
  edit-metadata: 1.8058259598910809
  landing: 0.21670150011777878
  view-data: 0.2513738423585892
