times:
  edit-metadata: 1.041651003062725
  landing: 0.1255409480072558
  view-data: 0.23405839828774333
