times:
  edit-metadata: 1.8757096473127604
  landing: 0.1231888011097908
  view-data: 0.2635332513600588
