times:
  edit-metadata: 1.9148456007242203
  landing: 0.1252988837659359
  view-data: 0.24626557528972626
