times:
  landing: 1.2174289720000218
  view-data: 0.5700011400000164
