times:
  edit-metadata: 1.0362909918185323
  landing: 0.22052454901859164
  view-data: 0.2329870890825987
