times:
  edit-metadata: 1.8886837735772133
  landing: 0.18385189026594162
  view-data: 0.24064956977963448
