times:
  edit-metadata: 1.4114606194198132
  landing: 0.8671023156493902
  view-data: 3.3453649766743183
