times:
  edit-metadata: 2.9238994480001566
  landing: 0.2624684479997086
  view-data: 0.5317659709999134
