times:
  edit-metadata: 1.4828556329011917
  landing: 2.1799343284219503
  view-data: 3.3367044255137444
