times:
  edit-metadata: 2.4787655700929463
  landing: 1.434075797908008
  view-data: 3.5465052691288292
