times:
  edit-metadata: 1.9220154825598001
  landing: 0.023582367226481438
  view-data: 0.4140943679958582
