times:
  edit-metadata: 1.4415962547063828
  landing: 1.2034122720360756
  view-data: 3.3450658917427063
