times:
  edit-metadata: 1.9113427940756083
  landing: 0.019508972764015198
  view-data: 0.6447324771434069
