times:
  landing: 0.7188647579999952
  view-data: 0.5804628740000055
