times:
  edit-metadata: 1.713863531127572
  landing: 0.16771515272557735
  view-data: 0.11608430556952953
