times:
  edit-metadata: 1.8299939967691898
  landing: 0.042210595682263374
  view-data: 1.0500860437750816
