times:
  edit-metadata: 1.8067522679994
  landing: 0.2145278829993913
  view-data: 0.25853932300015003
