times:
  edit-metadata: 1.5871441438794136
  landing: 1.0105079635977745
  view-data: 3.331234350800514
