times:
  edit-metadata: 1.6644028685986996
  landing: 1.2907624430954456
  view-data: 3.3509200513362885
