times:
  edit-metadata: 1.0614496627822518
  landing: 0.05314288195222616
  view-data: 0.24457325041294098
