times:
  landing: 1.1769632680000086
  view-data: 0.5666094989999806
