times:
  edit-metadata: 1.066405629971996
  landing: 0.05886012990958989
  view-data: 0.29635338205844164
