times:
  edit-metadata: 1.9872769825160503
  landing: 0.052386168390512466
  view-data: 0.5803579352796078
