times:
  edit-metadata: 2.0834125131368637
  landing: 0.25080757588148117
  view-data: 0.20306564681231976
