times:
  edit-metadata: 1.0534348639776
  landing: 0.07544636604143307
  view-data: 0.3279212210327387
