times:
  edit-metadata: 1.4286024821922183
  landing: 0.1157837649807334
  view-data: 0.25635754503309727
