times:
  edit-metadata: 1.7092269333079457
  landing: 0.126480121165514
  view-data: 0.11235705856233835
