times:
  edit-metadata: 1.0862841479829513
  landing: 0.061037136998493224
  view-data: 0.2892822480062023
