times:
  edit-metadata: 1.5848260950297117
  landing: 1.9691625591367483
  view-data: 3.3425172604620457
