times:
  edit-metadata: 1.0681748499628156
  landing: 0.05005868605803698
  view-data: 0.3013254100224003
