times:
  edit-metadata: 2.261235795915127
  landing: 1.4806165918707848
  view-data: 3.4707849100232124
