times:
  edit-metadata: 1.5490931048989296
  landing: 1.1891855895519257
  view-data: 3.3290068842470646
