times:
  edit-metadata: 1.3261351201217622
  landing: 0.951351315015927
  view-data: 3.2692323320079595
