times:
  edit-metadata: 1.3572242811787874
  landing: 0.11501117190346122
  view-data: 0.2180298729799688
