times:
  edit-metadata: 1.559028897434473
  landing: 1.0666103512048721
  view-data: 3.28849421069026
