times:
  edit-metadata: 1.0485015325248241
  landing: 0.10245605558156967
  view-data: 0.2574754636734724
