times:
  edit-metadata: 1.9888196559622884
  landing: 0.1265328200533986
  view-data: 0.02390268724411726
