times:
  landing: 0.5686691960000019
  view-data: 0.5626324400000158
