times:
  edit-metadata: 1.4832441844046116
  landing: 1.0272321440279484
  view-data: 3.2943749614059925
