times:
  edit-metadata: 2.2777114417403936
  landing: 0.31735725328326225
  view-data: 0.029766712337732315
