times:
  edit-metadata: 1.6868182001635432
  landing: 0.1374520491808653
  view-data: 0.15109478123486042
