times:
  edit-metadata: 1.7229294357821345
  landing: 0.1440945826470852
  view-data: 0.024934769608080387
