times:
  edit-metadata: 1.2939159777015448
  landing: 0.025494275614619255
  view-data: 0.37746354565024376
