times:
  edit-metadata: 2.01582651399076
  landing: 0.12283981963992119
  view-data: 0.032032500952482224
