times:
  edit-metadata: 1.056746224872768
  landing: 0.05800703261047602
  view-data: 0.523443647660315
