times:
  edit-metadata: 1.433699306100607
  landing: 0.8669991083443165
  view-data: 3.2999185044318438
