times:
  edit-metadata: 1.3501271083950996
  landing: 0.8250406654551625
  view-data: 3.258478792384267
