times:
  edit-metadata: 1.8225125148892403
  landing: 0.21294637955725193
  view-data: 0.11003808118402958
