times:
  edit-metadata: 1.8476186655461788
  landing: 0.2253841245546937
  view-data: 0.21700908057391644
