times:
  edit-metadata: 2.0351929273456335
  landing: 0.20804152078926563
  view-data: 0.5121733844280243
