times:
  edit-metadata: 1.4223861690261401
  landing: 0.19336578098591417
  view-data: 0.21288348798407242
