times:
  edit-metadata: 1.7780805211514235
  landing: 0.024912753142416477
  view-data: 0.12002450414001942
