times:
  edit-metadata: 1.0635699033737183
  landing: 0.1391235780902207
  view-data: 0.23855141922831535
