times:
  landing: 1.1694999110000026
  view-data: 0.5845706929999892
