times:
  edit-metadata: 0.9884279137477279
  landing: 0.06956479232758284
  view-data: 0.23913250677287579
