times:
  edit-metadata: 1.5030981600284576
  landing: 0.8888394515961409
  view-data: 3.4117833841592073
