times:
  edit-metadata: 1.1807158270385116
  landing: 0.06365029700100422
  view-data: 0.3091346789733507
