times:
  edit-metadata: 0.9665087591856718
  landing: 0.06104120006784797
  view-data: 0.2658928702585399
