times:
  edit-metadata: 2.200112234801054
  landing: 0.583132591098547
  view-data: 0.17436672002077103
