times:
  edit-metadata: 1.3558882209472358
  landing: 0.024018280091695487
  view-data: 0.24314741196576506
