times:
  edit-metadata: 1.7604759829118848
  landing: 0.12723387498408556
  view-data: 0.09986688662320375
