times:
  edit-metadata: 2.0026637632399797
  landing: 0.16959267295897007
  view-data: 0.3718814142048359
