times:
  landing: 1.240191081000006
  view-data: 0.5735775120000142
