times:
  landing: 1.1244650879999654
  view-data: 0.5766993949999915
