times:
  edit-metadata: 1.6097955703735352
  landing: 1.1439971067011356
  view-data: 3.434584841132164
