times:
  edit-metadata: 1.6659524664282799
  landing: 1.0435317642986774
  view-data: 3.4265053160488605
