times:
  edit-metadata: 1.7069476265460253
  landing: 0.2378839459270239
  view-data: 0.12051092647016048
