times:
  edit-metadata: 0.9744947757571936
  landing: 0.05419560708105564
  view-data: 0.369305407628417
