times:
  edit-metadata: 1.0391698919702321
  landing: 0.05185709288343787
  view-data: 0.3922641910612583
