times:
  edit-metadata: 1.0770307769998908
  landing: 0.06343816799926572
  view-data: 0.3601840260089375
