times:
  edit-metadata: 1.7690246775746346
  landing: 0.018923873081803322
  view-data: 0.4080334668979049
