times:
  edit-metadata: 2.6520705465227365
  landing: 0.17776045389473438
  view-data: 0.5787361823022366
