times:
  edit-metadata: 1.5021066600456834
  landing: 0.7686366401612759
  view-data: 3.4304523868486285
