times:
  edit-metadata: 1.0184426940977573
  landing: 0.05241773393936455
  view-data: 0.3122576638124883
