times:
  edit-metadata: 1.8196277171373367
  landing: 0.018856855109333992
  view-data: 0.021970409899950027
