times:
  edit-metadata: 1.0144213321618736
  landing: 0.05768820270895958
  view-data: 0.2906559919938445
