times:
  edit-metadata: 1.3913508339319378
  landing: 0.17971076699905097
  view-data: 0.23033527610823512
