times:
  edit-metadata: 1.0308432797901332
  landing: 0.16934295604005456
  view-data: 0.2597783110104501
