times:
  edit-metadata: 1.8054818771779537
  landing: 1.2466675378382206
  view-data: 3.43436698615551
