times:
  edit-metadata: 1.560772530734539
  landing: 1.0220229215919971
  view-data: 3.3240828067064285
