times:
  edit-metadata: 1.8474944345653057
  landing: 0.048236533999443054
  view-data: 0.24724028818309307
