times:
  edit-metadata: 1.6772264568135142
  landing: 0.023240447975695133
  view-data: 0.03329338040202856
