times:
  landing: 0.0371319590000212
  view-data: 0.1427178280000021
