times:
  edit-metadata: 3.0695453714579344
  landing: 2.055355147458613
  view-data: 3.4351208731532097
