times:
  landing: 0.5924852890000238
  view-data: 0.5847186319999764
