times:
  edit-metadata: 1.8990122117102146
  landing: 0.15041342191398144
  view-data: 0.4723540600389242
