times:
  edit-metadata: 1.0588149530813098
  landing: 0.05876525118947029
  view-data: 0.2568122623488307
