times:
  edit-metadata: 1.079535729950294
  landing: 0.2631797909270972
  view-data: 0.2553523611277342
