times:
  edit-metadata: 1.0479870890267193
  landing: 0.05840147892013192
  view-data: 0.23291910998523235
