times:
  edit-metadata: 1.9155296869575977
  landing: 0.28759572096168995
  view-data: 0.45993627049028873
