times:
  edit-metadata: 1.9553147498518229
  landing: 0.1421814113855362
  view-data: 0.5016937591135502
