times:
  landing: 1.1548151408787817
  view-data: 0.5562894761096686
