times:
  edit-metadata: 1.8342101499438286
  landing: 0.1424236074090004
  view-data: 0.40598854422569275
