times:
  edit-metadata: 0.9817974311299622
  landing: 0.11681568808853626
  view-data: 0.24038503784686327
