times:
  edit-metadata: 1.7507335571572185
  landing: 0.16909963451325893
  view-data: 0.028621929697692394
