times:
  edit-metadata: 1.517082765698433
  landing: 0.975291233509779
  view-data: 3.3736231476068497
