times:
  edit-metadata: 1.3970167632214725
  landing: 0.06729127187281847
  view-data: 0.27904430124908686
