times:
  edit-metadata: 1.7800150969997048
  landing: 0.019588216207921505
  view-data: 0.1202028663828969
