times:
  edit-metadata: 1.8421409111469984
  landing: 0.04267975129187107
  view-data: 0.27832601591944695
