times:
  edit-metadata: 3.0288156159222126
  landing: 1.8849833868443966
  view-data: 3.485582586377859
