times:
  edit-metadata: 2.151081318035722
  landing: 0.1255391761660576
  view-data: 0.3099173679947853
