times:
  landing: 0.043240661999988106
  view-data: 0.5664805450000188
