times:
  edit-metadata: 1.0532964989542961
  landing: 0.0662270663306117
  view-data: 0.3865039418451488
