times:
  edit-metadata: 1.8898814972490072
  landing: 0.024479128420352936
  view-data: 0.654943423345685
