times:
  edit-metadata: 1.4542310999240726
  landing: 0.12151350895874202
  view-data: 0.23337916797026992
