times:
  edit-metadata: 0.973455626051873
  landing: 0.12564614787697792
  view-data: 0.24264625599607825
