times:
  edit-metadata: 1.9089501686394215
  landing: 0.16151920706033707
  view-data: 0.2541012205183506
