times:
  edit-metadata: 1.8361512552946806
  landing: 0.11772735975682735
  view-data: 0.339229391887784
