times:
  edit-metadata: 1.6893327049911022
  landing: 0.9508335404098034
  view-data: 3.3244500309228897
