times:
  edit-metadata: 1.0648491871543229
  landing: 0.023696477990597486
  view-data: 0.24083023285493255
