times:
  landing: 0.6319631189999768
  view-data: 0.5789480179999487
