times:
  edit-metadata: 1.5361091200029477
  landing: 0.12029137898935005
  view-data: 0.2469888050109148
