times:
  landing: 0.6203514889999724
  view-data: 0.5836669280000137
