times:
  edit-metadata: 1.8597042690962553
  landing: 0.12659994885325432
  view-data: 0.42849407345056534
