times:
  edit-metadata: 2.1333194598555565
  landing: 1.3231276720762253
  view-data: 3.406222064048052
