times:
  edit-metadata: 1.0397552619688213
  landing: 0.05541369097772986
  view-data: 0.2937775329919532
