times:
  edit-metadata: 1.0502984839986311
  landing: 0.07155719900038093
  view-data: 0.417799668997759
