times:
  edit-metadata: 1.4341310930030886
  landing: 0.18502533397986554
  view-data: 0.2441883540013805
