times:
  edit-metadata: 1.3735594920581207
  landing: 0.019256719038821757
  view-data: 0.22627761401236057
