times:
  landing: 0.572672845999989
  view-data: 0.5610536860000082
