times:
  edit-metadata: 1.8502884190529585
  landing: 0.018618600443005562
  view-data: 0.13331934995949268
