times:
  edit-metadata: 1.8710844218730927
  landing: 0.020010586827993393
  view-data: 0.2500741258263588
