times:
  edit-metadata: 1.0443667648360133
  landing: 0.019524307921528816
  view-data: 0.2511807978153229
