times:
  edit-metadata: 1.5241145342588425
  landing: 1.0453009903430939
  view-data: 3.387266743928194
