times:
  edit-metadata: 1.7415381306782365
  landing: 0.01981889083981514
  view-data: 0.48117964807897806
