times:
  edit-metadata: 1.0348335290327668
  landing: 0.024866626132279634
  view-data: 0.22927471110597253
