times:
  edit-metadata: 1.404755312949419
  landing: 1.0699368342757225
  view-data: 3.3548785261809826
