times:
  edit-metadata: 1.589104917831719
  landing: 1.4738620165735483
  view-data: 3.5582228852435946
