times:
  landing: 0.5772914099999298
  view-data: 0.5754259149999825
