times:
  edit-metadata: 1.1522212107665837
  landing: 0.06749201705679297
  view-data: 0.2781891361810267
