times:
  edit-metadata: 1.4717157930135727
  landing: 0.9962820559740067
  view-data: 3.439684137701988
