times:
  landing: 0.04730299000004834
  view-data: 0.5789461450000317
