times:
  landing: 1.0945083039999872
  view-data: 0.5625449829999525
