times:
  edit-metadata: 1.4282145947217941
  landing: 0.8541489783674479
  view-data: 3.3329999912530184
