times:
  edit-metadata: 1.237056877987925
  landing: 0.12657323700841516
  view-data: 0.4204521359934006
