times:
  edit-metadata: 1.773608114104718
  landing: 3.8874528310261667
  view-data: 3.3017517351545393
