times:
  landing: 1.1134683399999972
  view-data: 0.5769221859999902
