times:
  edit-metadata: 1.5433221831917763
  landing: 0.8992271479219198
  view-data: 3.555190119892359
