times:
  edit-metadata: 1.4707118198275566
  landing: 0.8790918402373791
  view-data: 3.3377657029777765
