times:
  landing: 0.07760499500000151
  view-data: 0.5580026490000023
