times:
  landing: 0.590007968000009
  view-data: 0.5807074060000161
