times:
  landing: 0.5891596090000348
  view-data: 0.5753164420000303
