times:
  edit-metadata: 1.5867017582058907
  landing: 1.337318118661642
  view-data: 3.3793384917080402
