times:
  edit-metadata: 1.8415147848427296
  landing: 0.1968644242733717
  view-data: 0.1349505614489317
