times:
  edit-metadata: 1.0050238156691194
  landing: 0.055974883027374744
  view-data: 0.2673663394525647
