times:
  edit-metadata: 1.8825791720300913
  landing: 0.14663342013955116
  view-data: 0.25615186989307404
