times:
  landing: 0.592854004000003
  view-data: 0.5860676629999944
