times:
  edit-metadata: 1.831330643966794
  landing: 1.0499653164297342
  view-data: 3.3189528603106737
