times:
  edit-metadata: 2.1152553223073483
  landing: 0.09637080691754818
  view-data: 0.42788383550941944
