times:
  edit-metadata: 1.4162594068329781
  landing: 0.18972207698971033
  view-data: 0.24400559510104358
