times:
  landing: 0.03836370199999806
  view-data: 0.5753944230000059
