times:
  edit-metadata: 1.415879014879465
  landing: 2.079605419188738
  view-data: 3.330946870148182
