times:
  edit-metadata: 1.0234581588301808
  landing: 0.06634641718119383
  view-data: 0.31281411182135344
