times:
  edit-metadata: 1.0323037030175328
  landing: 0.05256100092083216
  view-data: 0.24260813277214766
