times:
  edit-metadata: 1.7976296842098236
  landing: 0.030673867091536522
  view-data: 0.13980423100292683
