times:
  edit-metadata: 1.6492344476282597
  landing: 1.0814676247537136
  view-data: 3.3793136440217495
