times:
  edit-metadata: 1.4564845459535718
  landing: 0.9581967380363494
  view-data: 3.292072157957591
