times:
  edit-metadata: 1.054921897011809
  landing: 0.05415979103418067
  view-data: 0.2953891530050896
