times:
  landing: 1.1353193120000071
  view-data: 0.5788654680000036
