times:
  edit-metadata: 1.5454003605991602
  landing: 0.8381798639893532
  view-data: 3.3876333963125944
