times:
  edit-metadata: 1.0297717647626996
  landing: 0.057379307225346565
  view-data: 0.2779560349881649
