times:
  edit-metadata: 1.7276591351255774
  landing: 0.12425434496253729
  view-data: 0.527808572165668
