times:
  edit-metadata: 0.9622069261968136
  landing: 0.020349679980427027
  view-data: 0.23332448489964008
