times:
  landing: 0.09134294799997633
  view-data: 0.60227261
