times:
  edit-metadata: 0.9837841610424221
  landing: 0.06167101603932679
  view-data: 0.27644823701120913
