times:
  edit-metadata: 1.7560736611485481
  landing: 0.021335373632609844
  view-data: 0.027012635953724384
