times:
  edit-metadata: 1.5644384026527405
  landing: 1.0224508121609688
  view-data: 3.4515953697264194
