times:
  edit-metadata: 1.0489201312884688
  landing: 0.058786739595234394
  view-data: 0.27720877807587385
