times:
  edit-metadata: 1.8472842779010534
  landing: 0.0384246651083231
  view-data: 0.37324455194175243
