times:
  landing: 0.5876501400000507
  view-data: 0.5770856429999185
