times:
  edit-metadata: 1.7138816192746162
  landing: 0.02100562397390604
  view-data: 0.024683753028512
