times:
  landing: 0.6106034780000016
  view-data: 0.578912779999996
