times:
  edit-metadata: 1.937759654596448
  landing: 0.023378370329737663
  view-data: 0.13621345721185207
