times:
  edit-metadata: 2.1680987682193518
  landing: 0.24071700498461723
  view-data: 0.17346814274787903
