times:
  landing: 1.6764423509999915
  view-data: 0.6003485989999717
