times:
  landing: 0.032471398999973644
  view-data: 0.5603939480000122
