times:
  edit-metadata: 1.1791084096767008
  landing: 0.05823418265208602
  view-data: 0.3105216361582279
