times:
  edit-metadata: 1.889292135834694
  landing: 1.143691647797823
  view-data: 3.4741716999560595
