times:
  edit-metadata: 1.9075390979996882
  landing: 0.08167460697586648
  view-data: 0.5250510350160766
