times:
  edit-metadata: 3.231638114899397
  landing: 2.0798513256013393
  view-data: 3.636976707726717
