times:
  edit-metadata: 2.309198744595051
  landing: 0.3831747639924288
  view-data: 0.4571927450597286
