times:
  landing: 0.6215439600000536
  view-data: 0.5821766210001442
