times:
  edit-metadata: 1.7847617333754897
  landing: 0.019735011272132397
  view-data: 0.026788312941789627
