times:
  edit-metadata: 1.0672867633402348
  landing: 0.041230881586670876
  view-data: 0.402239041402936
