times:
  edit-metadata: 1.0613108957186341
  landing: 0.25662152003496885
  view-data: 0.25474549597129226
