times:
  edit-metadata: 1.0797173629980534
  landing: 0.05033377883955836
  view-data: 0.30617680097930133
