times:
  edit-metadata: 1.6900812424719334
  landing: 0.12854506727308035
  view-data: 0.024219504557549953
