times:
  edit-metadata: 1.0383131478447467
  landing: 0.05957637797109783
  view-data: 0.443262506974861
