times:
  edit-metadata: 0.9953528251498938
  landing: 0.07534635066986084
  view-data: 0.2518588760867715
