times:
  edit-metadata: 1.3635465010302141
  landing: 0.02038266701856628
  view-data: 0.23117738601285964
