times:
  edit-metadata: 2.19231996499002
  landing: 0.29328562691807747
  view-data: 0.16464078798890114
