times:
  edit-metadata: 1.1104294679826126
  landing: 0.054844759055413306
  view-data: 0.2714171960251406
