times:
  landing: 0.6245296570000107
  view-data: 0.568402883999994
