times:
  edit-metadata: 0.9968271441757679
  landing: 0.1380394441075623
  view-data: 0.23310031602159142
