times:
  edit-metadata: 1.798743087798357
  landing: 0.020212305709719658
  view-data: 0.643560403957963
