times:
  edit-metadata: 2.0015704315155745
  landing: 0.035712070763111115
  view-data: 0.26133780740201473
