times:
  edit-metadata: 1.8323465399444103
  landing: 1.2129053063690662
  view-data: 3.336670033633709
