times:
  edit-metadata: 1.83078739233315
  landing: 0.05058378726243973
  view-data: 0.625726381316781
