times:
  edit-metadata: 2.1060528978705406
  landing: 0.31537772342562675
  view-data: 0.5271773431450129
