times:
  edit-metadata: 1.4239388201385736
  landing: 2.0927600022405386
  view-data: 3.2704710997641087
