times:
  edit-metadata: 1.0326636023819447
  landing: 0.05422258470207453
  view-data: 0.23648242745548487
