times:
  landing: 0.5817663229999823
  view-data: 0.5721441230000153
