times:
  landing: 0.0668101700000534
  view-data: 0.5456742659999918
