times:
  edit-metadata: 1.551885275170207
  landing: 2.186234937980771
  view-data: 0.9509159061126411
