times:
  landing: 0.5931549370000084
  view-data: 0.5806105409999986
