times:
  edit-metadata: 1.741127660498023
  landing: 0.1290629804134369
  view-data: 0.40866371989250183
