times:
  edit-metadata: 3.0610575452446938
  landing: 1.8353249691426754
  view-data: 3.3833514526486397
