times:
  edit-metadata: 1.4050852730870247
  landing: 1.9814758384600282
  view-data: 3.331521618179977
