times:
  edit-metadata: 1.396079006837681
  landing: 1.9084447459317744
  view-data: 3.296411184826866
