times:
  edit-metadata: 1.4432108798064291
  landing: 0.050499649718403816
  view-data: 0.5145561140961945
