times:
  edit-metadata: 2.229282772168517
  landing: 1.4471646137535572
  view-data: 3.4681225940585136
