times:
  edit-metadata: 1.905109629034996
  landing: 0.0187915600836277
  view-data: 0.2510469853878021
