times:
  edit-metadata: 2.632431799545884
  landing: 0.5320405997335911
  view-data: 0.33627170883119106
