times:
  edit-metadata: 1.713937608525157
  landing: 0.12060491275042295
  view-data: 0.024149938486516476
