times:
  edit-metadata: 1.6632093167863786
  landing: 1.1393821840174496
  view-data: 3.3994622589088976
