times:
  edit-metadata: 1.8571571996435523
  landing: 0.2452259697020054
  view-data: 0.41877188440412283
