times:
  edit-metadata: 2.8513774052262306
  landing: 1.6044239848852158
  view-data: 3.515073051676154
