times:
  edit-metadata: 1.8560524471104145
  landing: 0.04584021493792534
  view-data: 0.4715669918805361
