times:
  landing: 1.1404601469999989
  view-data: 0.5765340639999863
