times:
  landing: 0.08076387100004467
  view-data: 0.5754476699999032
