times:
  landing: 0.034109991999969225
  view-data: 0.5789562319999959
