times:
  edit-metadata: 1.908135537058115
  landing: 0.15199080482125282
  view-data: 0.2448466457426548
