times:
  landing: 0.605959845000001
  view-data: 0.5827900580000005
