times:
  edit-metadata: 1.7205676976591349
  landing: 0.19171816669404507
  view-data: 0.025798276998102665
