times:
  edit-metadata: 1.8074681162834167
  landing: 0.021254612132906914
  view-data: 0.023699073120951653
