times:
  edit-metadata: 1.3590809893794358
  landing: 0.07935310807079077
  view-data: 0.5308448220603168
