times:
  edit-metadata: 2.085387909784913
  landing: 0.16253061965107918
  view-data: 0.47109808400273323
