times:
  edit-metadata: 1.4364087767899036
  landing: 2.098908158019185
  view-data: 3.3723302837461233
