times:
  edit-metadata: 1.6176385767757893
  landing: 1.1303301826119423
  view-data: 3.3422224782407284
