times:
  edit-metadata: 1.6775494450703263
  landing: 0.2078298619017005
  view-data: 0.11220267880707979
