times:
  edit-metadata: 1.7911952249705791
  landing: 0.029022332280874252
  view-data: 0.43873242661356926
