times:
  edit-metadata: 1.9150105603039265
  landing: 0.2472995314747095
  view-data: 0.028447549790143967
