times:
  edit-metadata: 1.055993938818574
  landing: 0.04349081590771675
  view-data: 0.5719297360628843
