times:
  edit-metadata: 1.640709332015831
  landing: 0.06983993900939822
  view-data: 0.36192085104994476
