times:
  edit-metadata: 1.7225752342492342
  landing: 0.18802404031157494
  view-data: 0.490471713244915
