times:
  edit-metadata: 1.0425397623330355
  landing: 0.026226628571748734
  view-data: 0.37640113197267056
