times:
  edit-metadata: 1.039950410835445
  landing: 0.22685566078871489
  view-data: 0.24825442675501108
