times:
  edit-metadata: 1.4503620024770498
  landing: 0.7592681236565113
  view-data: 3.2993227150291204
