times:
  edit-metadata: 2.9984716437757015
  landing: 0.8070626184344292
  view-data: 3.3270364217460155
