times:
  edit-metadata: 1.4098330230917782
  landing: 0.12128281011246145
  view-data: 0.24054578295908868
