times:
  edit-metadata: 1.5807551946491003
  landing: 0.8825103472918272
  view-data: 3.3424087706953287
