times:
  edit-metadata: 1.1344718389445916
  landing: 0.05765986302867532
  view-data: 0.3025544169358909
