times:
  edit-metadata: 1.8969178348779678
  landing: 0.09511621296405792
  view-data: 0.24887210503220558
