times:
  edit-metadata: 1.6702793892472982
  landing: 0.2170959571376443
  view-data: 0.13330607302486897
