times:
  edit-metadata: 1.9716599509119987
  landing: 0.061608223244547844
  view-data: 0.5162687264382839
