times:
  landing: 1.1191017149999993
  view-data: 0.5695629319999966
