times:
  landing: 1.1333312270000135
  view-data: 0.5688510249999865
