times:
  landing: 1.1291457839999737
  view-data: 0.574261300000046
