times:
  edit-metadata: 1.3548695000063162
  landing: 0.025896959996316582
  view-data: 0.2293365060031647
