times:
  edit-metadata: 1.050192177761346
  landing: 0.055095125921070576
  view-data: 0.3164791879244149
