times:
  edit-metadata: 1.450980432331562
  landing: 1.0203572884202003
  view-data: 3.3138559348881245
