times:
  edit-metadata: 1.5984662538394332
  landing: 0.13178091635927558
  view-data: 0.5283505679108202
