times:
  edit-metadata: 1.9776149168610573
  landing: 0.04023091495037079
  view-data: 0.3579209540039301
