times:
  edit-metadata: 1.8401578534394503
  landing: 0.2474691029638052
  view-data: 0.12327780574560165
