times:
  landing: 0.039466890999989346
  view-data: 0.5815366550000078
