times:
  landing: 1.6621316889999775
  view-data: 1.1106548110000176
