times:
  edit-metadata: 1.4747843840159476
  landing: 0.19068862404674292
  view-data: 0.2846917361021042
