times:
  edit-metadata: 1.7363608265295625
  landing: 0.12558450736105442
  view-data: 0.4444725029170513
