times:
  edit-metadata: 1.3804712780984119
  landing: 0.01826025207992643
  view-data: 0.2466239300556481
