times:
  edit-metadata: 1.393891764106229
  landing: 0.1046410109847784
  view-data: 0.2472158120945096
