times:
  landing: 0.6157895849999875
  view-data: 0.09534072799999649
