times:
  edit-metadata: 1.9507275223731995
  landing: 0.14542428776621819
  view-data: 0.25634760595858097
