times:
  edit-metadata: 1.8575281593948603
  landing: 0.13593412097543478
  view-data: 0.023909633979201317
