times:
  edit-metadata: 1.344729989010375
  landing: 0.018352677987422794
  view-data: 0.23629030998563394
