times:
  landing: 0.5801351420000174
  view-data: 0.5743920339999704
