times:
  edit-metadata: 1.35236941894982
  landing: 0.021140743978321552
  view-data: 0.24023754009976983
