times:
  edit-metadata: 1.7617972735315561
  landing: 0.14486248698085546
  view-data: 0.4382882732897997
