times:
  edit-metadata: 2.2687614476308227
  landing: 2.7750594345852733
  view-data: 3.536115825176239
