times:
  edit-metadata: 1.4310678839683533
  landing: 0.9879632890224457
  view-data: 3.4190806038677692
