times:
  landing: 0.709869561000005
  view-data: 0.5799327590000303
