times:
  edit-metadata: 1.4404155630618334
  landing: 3.2923655677586794
  view-data: 3.283223560079932
