times:
  edit-metadata: 1.5798795148730278
  landing: 1.0311200842261314
  view-data: 3.3386801332235336
