times:
  edit-metadata: 1.496042661368847
  landing: 1.0042243301868439
  view-data: 3.453295297920704
