times:
  edit-metadata: 1.4474957548081875
  landing: 0.9869110248982906
  view-data: 0.5878754099830985
