times:
  edit-metadata: 2.6206954270601273
  landing: 1.3943290300667286
  view-data: 0.8204231448471546
