times:
  edit-metadata: 1.407155565917492
  landing: 0.7869451697915792
  view-data: 0.6614976674318314
