times:
  edit-metadata: 1.5234105996787548
  landing: 0.8623074032366276
  view-data: 0.6778733972460032
