times:
  edit-metadata: 1.7435151915997267
  landing: 1.0482803890481591
  view-data: 0.6821082215756178
