times:
  edit-metadata: 2.0030143316835165
  landing: 1.307196456938982
  view-data: 3.4036313872784376
