times:
  edit-metadata: 1.803150475025177
  landing: 0.9194592889398336
  view-data: 0.7381929541006684
