times:
  edit-metadata: 1.5440075444057584
  landing: 1.0579410810023546
  view-data: 0.6482894653454423
