times:
  edit-metadata: 1.5904953591525555
  landing: 0.8679816499352455
  view-data: 3.402794625610113
