times:
  edit-metadata: 1.5920111294835806
  landing: 0.9428813066333532
  view-data: 3.4351368620991707
