times:
  edit-metadata: 1.4641543924808502
  landing: 0.812382984906435
  view-data: 0.6069742552936077
