times:
  edit-metadata: 1.4885897599160671
  landing: 1.1016784869134426
  view-data: 3.372644040733576
