times:
  edit-metadata: 1.4986627455800772
  landing: 0.9816269502043724
  view-data: 3.368753144517541
