times:
  edit-metadata: 1.4417061656713486
  landing: 1.0341650135815144
  view-data: 3.4384255073964596
