times:
  edit-metadata: 1.3939626878127456
  landing: 0.850533202290535
  view-data: 0.7216388657689095
