times:
  edit-metadata: 1.4984892383217812
  landing: 1.1235701143741608
  view-data: 3.3192099556326866
