times:
  edit-metadata: 1.433622206095606
  landing: 0.9786319406703115
  view-data: 0.6429631123319268
