times:
  edit-metadata: 1.7645719945430756
  landing: 1.1141366194933653
  view-data: 0.6004744730889797
