times:
  edit-metadata: 1.5131025575101376
  landing: 0.9429973140358925
  view-data: 3.406217958778143
