times:
  edit-metadata: 1.5709337517619133
  landing: 0.8583691548556089
  view-data: 3.4122398793697357
