times:
  edit-metadata: 1.5331284794956446
  landing: 0.8805803507566452
  view-data: 0.7439403440803289
