times:
  edit-metadata: 1.530815439298749
  landing: 0.9295089114457369
  view-data: 0.6966028921306133
