times:
  edit-metadata: 1.5349688287824392
  landing: 0.9082194082438946
  view-data: 0.7046046778559685
