times:
  edit-metadata: 1.6329475212842226
  landing: 0.9590507186949253
  view-data: 3.47350163012743
