times:
  edit-metadata: 1.9640710894018412
  landing: 1.2201222516596317
  view-data: 3.471356885507703
