times:
  edit-metadata: 1.5406415108591318
  landing: 0.9462388437241316
  view-data: 3.461723802611232
