times:
  edit-metadata: 1.3131776303052902
  landing: 0.9221751168370247
  view-data: 3.297642521560192
