times:
  edit-metadata: 1.4640592113137245
  landing: 1.0329917930066586
  view-data: 3.3299691565334797
