times:
  edit-metadata: 1.463532093912363
  landing: 1.1579870358109474
  view-data: 3.331363335251808
