times:
  edit-metadata: 1.526362370699644
  landing: 0.8740328885614872
  view-data: 0.6560995485633612
