times:
  edit-metadata: 1.5061244554817677
  landing: 0.9214084949344397
  view-data: 1.1722005996853113
