times:
  edit-metadata: 1.6166688948869705
  landing: 0.9120070450007915
  view-data: 3.379767034202814
