times:
  edit-metadata: 1.4868091363459826
  landing: 0.7868821136653423
  view-data: 3.36919142305851
