times:
  edit-metadata: 1.4054968021810055
  landing: 1.0181531198322773
  view-data: 3.3726801313459873
