times:
  edit-metadata: 1.7497452311217785
  landing: 1.0114857451990247
  view-data: 1.038762092590332
