times:
  edit-metadata: 1.49934321641922
  landing: 1.0867053978145123
  view-data: 0.7613862417638302
