times:
  edit-metadata: 1.6959594376385212
  landing: 1.5962359867990017
  view-data: 3.370742190629244
