times:
  edit-metadata: 1.5393363907933235
  landing: 0.9136481657624245
  view-data: 3.3894837610423565
