times:
  edit-metadata: 1.4668395891785622
  landing: 1.0871447175741196
  view-data: 3.3173396550118923
