times:
  edit-metadata: 1.5601051338016987
  landing: 1.0922845751047134
  view-data: 3.373330969363451
