times:
  edit-metadata: 1.512389924377203
  landing: 1.0265921354293823
  view-data: 3.4550968036055565
