times:
  edit-metadata: 1.4583212118595839
  landing: 1.0567238666117191
  view-data: 0.8219020422548056
