times:
  edit-metadata: 1.4211693312972784
  landing: 0.926706837490201
  view-data: 0.6561771864071488
