times:
  edit-metadata: 1.5360307209193707
  landing: 1.0890528075397015
  view-data: 0.7940828781574965
