times:
  edit-metadata: 1.5610879212617874
  landing: 1.0351356156170368
  view-data: 3.4356128126382828
