times:
  edit-metadata: 1.5011951699852943
  landing: 0.7655045557767153
  view-data: 0.6095560770481825
