times:
  edit-metadata: 1.543275035917759
  landing: 0.8965555019676685
  view-data: 3.4393562488257885
