times:
  edit-metadata: 1.5199447087943554
  landing: 0.7970281019806862
  view-data: 3.3514790199697018
