times:
  edit-metadata: 1.6070995666086674
  landing: 1.013044461607933
  view-data: 3.292934063822031
