times:
  edit-metadata: 1.477109469473362
  landing: 0.9922416461631656
  view-data: 0.7078056894242764
