times:
  edit-metadata: 1.4540073378011584
  landing: 0.8919036881998181
  view-data: 3.3803852247074246
