times:
  edit-metadata: 1.4543303716927767
  landing: 1.0091645456850529
  view-data: 0.6720667760819197
