times:
  edit-metadata: 1.4285108596086502
  landing: 1.050717119127512
  view-data: 0.5830020979046822
