times:
  edit-metadata: 2.1016633696854115
  landing: 1.3993909768760204
  view-data: 3.4093542397022247
