times:
  edit-metadata: 1.5756659340113401
  landing: 1.0980982221662998
  view-data: 0.8328700354322791
