times:
  edit-metadata: 1.4430041979067028
  landing: 0.8451544139534235
  view-data: 0.6266539772041142
