times:
  edit-metadata: 1.5145259834825993
  landing: 0.8421924281865358
  view-data: 3.3894093427807093
