times:
  edit-metadata: 1.4652525540441275
  landing: 0.8639733879826963
  view-data: 3.35261414013803
