times:
  edit-metadata: 1.549789119977504
  landing: 0.8012771187350154
  view-data: 3.402076000813395
