times:
  edit-metadata: 1.4808098152279854
  landing: 0.843012323603034
  view-data: 3.417582346126437
