times:
  edit-metadata: 1.3830278683453798
  landing: 0.9972868515178561
  view-data: 0.8329604845494032
