times:
  edit-metadata: 1.545142039656639
  landing: 0.8728750813752413
  view-data: 0.7359874732792377
