times:
  edit-metadata: 1.3858916889876127
  landing: 0.8228403981775045
  view-data: 0.6196737214922905
