times:
  edit-metadata: 1.3318183459341526
  landing: 0.8904815912246704
  view-data: 3.35753695294261
