times:
  edit-metadata: 1.4012820348143578
  landing: 0.9418905870988965
  view-data: 0.5530838565900922
