times:
  edit-metadata: 1.9313541101291776
  landing: 0.8567551169544458
  view-data: 0.6298162257298827
