times:
  edit-metadata: 1.3555511189624667
  landing: 0.9110691184177995
  view-data: 0.8490844136103988
