times:
  edit-metadata: 1.4961207080632448
  landing: 0.9545373134315014
  view-data: 3.6601172015070915
