times:
  edit-metadata: 1.6808031909167767
  landing: 1.065681416541338
  view-data: 3.353222034871578
