times:
  edit-metadata: 1.3724923245608807
  landing: 0.8488097749650478
  view-data: 3.3236513510346413
