times:
  edit-metadata: 1.5280935084447265
  landing: 0.7863076636567712
  view-data: 0.63207365013659
