times:
  edit-metadata: 1.509392149746418
  landing: 0.9800404589623213
  view-data: 0.6981627400964499
