times:
  edit-metadata: 1.617401184514165
  landing: 1.0758384857326746
  view-data: 0.7325495313853025
