times:
  edit-metadata: 3.0196173898875713
  landing: 1.3025123700499535
  view-data: 3.4443717189133167
