times:
  edit-metadata: 1.3763610078021884
  landing: 1.0552974296733737
  view-data: 0.6811429699882865
