times:
  edit-metadata: 1.6932059079408646
  landing: 1.2011156305670738
  view-data: 3.350026223808527
