times:
  edit-metadata: 1.5050654336810112
  landing: 0.9847680032253265
  view-data: 3.400214906781912
