times:
  edit-metadata: 1.4501506723463535
  landing: 1.0472078509628773
  view-data: 3.362652748823166
