times:
  edit-metadata: 1.4104249328374863
  landing: 0.8038407675921917
  view-data: 3.3022556230425835
