times:
  edit-metadata: 1.5597500000149012
  landing: 0.8866679146885872
  view-data: 0.7608327381312847
