times:
  edit-metadata: 1.4858414940536022
  landing: 0.7586476281285286
  view-data: 3.2849143221974373
