times:
  edit-metadata: 1.5740970764309168
  landing: 0.8426162041723728
  view-data: 0.71976438164711
