times:
  edit-metadata: 3.819646216928959
  landing: 2.6164563596248627
  view-data: 3.7559654116630554
