times:
  edit-metadata: 1.6161320433020592
  landing: 0.8608841765671968
  view-data: 0.6537458151578903
