times:
  edit-metadata: 1.5954369818791747
  landing: 1.175893954001367
  view-data: 0.6702232202515006
