times:
  edit-metadata: 1.5367035754024982
  landing: 0.9144685938954353
  view-data: 0.7851244881749153
