times:
  edit-metadata: 1.5977833531796932
  landing: 1.0560936704277992
  view-data: 3.3317182064056396
