times:
  edit-metadata: 1.4478816860355437
  landing: 0.89782859897241
  view-data: 0.6250830050557852
