times:
  edit-metadata: 1.479553934186697
  landing: 1.0071613490581512
  view-data: 3.3878460749983788
