times:
  edit-metadata: 1.5480854474008083
  landing: 1.2043523490428925
  view-data: 3.3176259137690067
