times:
  edit-metadata: 1.5530672073364258
  landing: 0.8485469073057175
  view-data: 0.7378453500568867
