times:
  edit-metadata: 1.4309965148568153
  landing: 0.9635952413082123
  view-data: 3.364771645516157
