times:
  edit-metadata: 1.720660287886858
  landing: 1.1118452176451683
  view-data: 3.3994630686938763
