times:
  edit-metadata: 1.5053308364003897
  landing: 0.9143808614462614
  view-data: 0.6533248387277126
