times:
  edit-metadata: 1.5525176599621773
  landing: 0.9134725462645292
  view-data: 0.7127476669847965
