times:
  edit-metadata: 1.5095882527530193
  landing: 0.9086958169937134
  view-data: 3.420503471046686
