times:
  edit-metadata: 2.2401604130864143
  landing: 7.7935573644936085
  view-data: 3.3877549581229687
