times:
  edit-metadata: 1.3480012211948633
  landing: 0.7852613013237715
  view-data: 0.6695342417806387
