times:
  edit-metadata: 1.4456862770020962
  landing: 0.9851085394620895
  view-data: 3.3697680979967117
