times:
  edit-metadata: 1.4939676877111197
  landing: 0.8642556834965944
  view-data: 0.826300160959363
