times:
  edit-metadata: 1.5383910797536373
  landing: 0.9228202514350414
  view-data: 3.6074898093938828
