times:
  edit-metadata: 1.547920174896717
  landing: 0.8714936450123787
  view-data: 3.3676264211535454
