times:
  edit-metadata: 1.6376475542783737
  landing: 1.0532989241182804
  view-data: 3.3165138997137547
