times:
  edit-metadata: 1.5402019433677197
  landing: 0.8119951989501715
  view-data: 3.4449218902736902
