times:
  edit-metadata: 1.5244664754718542
  landing: 0.8303650338202715
  view-data: 0.7418507859110832
