times:
  edit-metadata: 1.4409729447215796
  landing: 0.8563058767467737
  view-data: 0.7396319955587387
