times:
  edit-metadata: 1.5354040153324604
  landing: 1.1246196553111076
  view-data: 3.3392826952040195
