times:
  edit-metadata: 1.8641819264739752
  landing: 1.3137563690543175
  view-data: 3.3293429501354694
