times:
  edit-metadata: 1.5359304398298264
  landing: 1.0337482690811157
  view-data: 0.7315442599356174
