times:
  edit-metadata: 1.4675199249759316
  landing: 0.9428584594279528
  view-data: 3.3531371913850307
