times:
  edit-metadata: 1.5101296622306108
  landing: 1.0285100303590298
  view-data: 0.7557166367769241
