times:
  edit-metadata: 1.6898823101073503
  landing: 1.055117353796959
  view-data: 0.7798984348773956
