times:
  edit-metadata: 1.504864016547799
  landing: 0.9047303609549999
  view-data: 0.635098597034812
