times:
  edit-metadata: 1.607190277427435
  landing: 0.8492527110502124
  view-data: 0.6819492867216468
