times:
  edit-metadata: 1.5556523129343987
  landing: 0.9707775786519051
  view-data: 3.398996602743864
