times:
  edit-metadata: 2.5915879663079977
  landing: 1.5697933249175549
  view-data: 3.6182669773697853
