times:
  edit-metadata: 1.4743470046669245
  landing: 0.9147437494248152
  view-data: 0.7113145031034946
