times:
  edit-metadata: 1.4944050051271915
  landing: 1.0366933271288872
  view-data: 3.2943483255803585
