times:
  edit-metadata: 1.5278680697083473
  landing: 0.8445624820888042
  view-data: 3.3002790436148643
