times:
  edit-metadata: 1.557955276221037
  landing: 1.0945316478610039
  view-data: 3.326769169420004
