times:
  edit-metadata: 1.4696294590830803
  landing: 0.8831110261380672
  view-data: 3.358249891549349
