times:
  edit-metadata: 1.3624677397310734
  landing: 0.8992659281939268
  view-data: 3.3182384502142668
