times:
  edit-metadata: 1.8307570405304432
  landing: 1.122822243720293
  view-data: 3.374966900795698
