times:
  edit-metadata: 1.5008640177547932
  landing: 1.0329263806343079
  view-data: 3.3785216473042965
