times:
  edit-metadata: 1.553299181163311
  landing: 0.990793488919735
  view-data: 3.399892318993807
