times:
  edit-metadata: 1.642762877047062
  landing: 1.1928114369511604
  view-data: 3.4311011880636215
