times:
  edit-metadata: 2.253830086439848
  landing: 1.8712102640420198
  view-data: 3.355122271925211
