times:
  edit-metadata: 1.561903862748295
  landing: 0.8067651642486453
  view-data: 3.3423423198983073
