times:
  edit-metadata: 1.5339549593627453
  landing: 0.882063128054142
  view-data: 3.3083274997770786
