times:
  edit-metadata: 1.5062594329938293
  landing: 0.9927326804026961
  view-data: 3.4005175521597266
