times:
  edit-metadata: 1.5354848690330982
  landing: 0.835577854886651
  view-data: 0.6461825538426638
