times:
  edit-metadata: 1.5667058899998665
  landing: 0.9743198528885841
  view-data: 3.3414019607007504
