times:
  edit-metadata: 1.373643459752202
  landing: 1.0752546153962612
  view-data: 0.767797963693738
