times:
  edit-metadata: 1.4011918902397156
  landing: 0.8256526328623295
  view-data: 3.336492858827114
