times:
  edit-metadata: 1.4752702824771404
  landing: 0.9416335485875607
  view-data: 3.3145236931741238
