times:
  edit-metadata: 2.04335003066808
  landing: 0.978789085522294
  view-data: 0.7128118323162198
