times:
  edit-metadata: 2.4929584339261055
  landing: 1.5056453011929989
  view-data: 3.5168542340397835
