times:
  edit-metadata: 1.399906593374908
  landing: 0.841926321387291
  view-data: 0.6790457833558321
