times:
  edit-metadata: 1.5397621560841799
  landing: 0.9502654261887074
  view-data: 0.7241559028625488
