times:
  edit-metadata: 1.5399284176528454
  landing: 0.950937382876873
  view-data: 3.41720487177372
