times:
  edit-metadata: 1.8478780910372734
  landing: 1.3304146900773048
  view-data: 3.638697247952223
