times:
  edit-metadata: 1.4177252314984798
  landing: 0.935998946428299
  view-data: 3.345034435391426
