times:
  edit-metadata: 1.5786805711686611
  landing: 0.9777911491692066
  view-data: 0.9271797686815262
