times:
  edit-metadata: 1.546256236732006
  landing: 0.8763447403907776
  view-data: 3.372760057449341
