times:
  edit-metadata: 1.7456829566508532
  landing: 1.1750698741525412
  view-data: 0.7359271878376603
