times:
  edit-metadata: 1.4047634629532695
  landing: 1.148124098777771
  view-data: 0.5951579408720136
