times:
  edit-metadata: 1.4862138703465462
  landing: 0.9271702654659748
  view-data: 0.6308775618672371
