times:
  edit-metadata: 2.4841848192736506
  landing: 1.5781199070625007
  view-data: 0.8275080593302846
