times:
  edit-metadata: 1.524050261825323
  landing: 0.8011609017848969
  view-data: 3.3961213137954473
