times:
  edit-metadata: 2.3465931862592697
  landing: 1.565700251609087
  view-data: 3.535777159035206
