times:
  edit-metadata: 1.523761834949255
  landing: 0.8547774348407984
  view-data: 3.434085378423333
