times:
  edit-metadata: 1.4915827680379152
  landing: 0.9608475472778082
  view-data: 3.4542866852134466
