times:
  edit-metadata: 1.4639569781720638
  landing: 1.0728758685290813
  view-data: 0.8432377371937037
