times:
  edit-metadata: 1.3905360959470272
  landing: 0.9908560365438461
  view-data: 3.323338557034731
