times:
  edit-metadata: 1.4212081171572208
  landing: 1.0175930205732584
  view-data: 0.6663254629820585
