times:
  edit-metadata: 1.3644310170784593
  landing: 0.8591857952997088
  view-data: 0.795926408842206
