times:
  edit-metadata: 1.4053687863051891
  landing: 1.051149945706129
  view-data: 0.6947268210351467
