times:
  edit-metadata: 1.8966792589053512
  landing: 1.0603186013177037
  view-data: 0.8288499070331454
