times:
  edit-metadata: 1.4751753360033035
  landing: 0.9007771126925945
  view-data: 3.3604030422866344
