times:
  edit-metadata: 2.601034190505743
  landing: 1.7599918507039547
  view-data: 3.521578896790743
