times:
  edit-metadata: 1.4514943957328796
  landing: 0.9142135232686996
  view-data: 0.6228847894817591
