times:
  edit-metadata: 1.5743184685707092
  landing: 7.651983495801687
  view-data: 3.3489347249269485
