times:
  edit-metadata: 1.9258353114128113
  landing: 1.4212275706231594
  view-data: 3.408498641103506
