times:
  edit-metadata: 1.5480278171598911
  landing: 0.8677902035415173
  view-data: 0.7462792862206697
