times:
  edit-metadata: 1.5027553476393223
  landing: 0.8337829932570457
  view-data: 0.7918728049844503
