times:
  edit-metadata: 1.5921179316937923
  landing: 1.0673657432198524
  view-data: 3.398619819432497
