times:
  edit-metadata: 1.5932028628885746
  landing: 0.9410447366535664
  view-data: 1.119619594886899
