times:
  edit-metadata: 1.6055527292191982
  landing: 1.2170780785381794
  view-data: 3.3864780478179455
