times:
  edit-metadata: 1.6479726191610098
  landing: 0.9498777110129595
  view-data: 3.421759048011154
