times:
  edit-metadata: 1.4326667189598083
  landing: 1.0512838400900364
  view-data: 3.364296570420265
