times:
  edit-metadata: 1.4684677850455046
  landing: 0.9949403833597898
  view-data: 0.7216180227696896
