times:
  edit-metadata: 2.1478903982788324
  landing: 1.2845973754301667
  view-data: 3.4649896919727325
