times:
  edit-metadata: 1.5540458895266056
  landing: 0.9572437144815922
  view-data: 3.395828139036894
