times:
  edit-metadata: 1.5015235543251038
  landing: 0.9892664328217506
  view-data: 3.437642317265272
