times:
  edit-metadata: 1.7977662719786167
  landing: 0.9299968481063843
  view-data: 0.6800878196954727
