times:
  edit-metadata: 1.4936724342405796
  landing: 0.8053550962358713
  view-data: 0.7401070203632116
