times:
  edit-metadata: 1.7203178443014622
  landing: 1.0354358479380608
  view-data: 3.3295534551143646
