times:
  edit-metadata: 1.509259894490242
  landing: 1.037332870066166
  view-data: 3.3623334281146526
