times:
  edit-metadata: 1.5177793260663748
  landing: 0.8760040011256933
  view-data: 3.3900786731392145
