times:
  edit-metadata: 1.6432104110717773
  landing: 1.1300856955349445
  view-data: 3.439778156578541
