times:
  edit-metadata: 1.7041387353092432
  landing: 0.9900692952796817
  view-data: 0.6657051611691713
