times:
  edit-metadata: 1.6630192995071411
  landing: 0.9832680001854897
  view-data: 3.447190582752228
