times:
  edit-metadata: 1.5261505674570799
  landing: 0.851574094966054
  view-data: 3.438902512192726
