times:
  edit-metadata: 1.607668798416853
  landing: 0.9543188419193029
  view-data: 0.7646409794688225
