times:
  edit-metadata: 1.5341977253556252
  landing: 12.159349417313933
  view-data: 0.6376496441662312
