times:
  edit-metadata: 1.4776213485747576
  landing: 0.9633138692006469
  view-data: 3.393392911180854
