times:
  edit-metadata: 1.4696462787687778
  landing: 0.8010404799133539
  view-data: 3.393491892144084
