times:
  edit-metadata: 2.0657665356993675
  landing: 0.9619489647448063
  view-data: 3.303055129945278
