times:
  edit-metadata: 1.668332014232874
  landing: 1.1498531885445118
  view-data: 3.342206358909607
