times:
  edit-metadata: 1.5346481762826443
  landing: 1.004113309085369
  view-data: 3.417550466954708
