times:
  edit-metadata: 1.5186118315905333
  landing: 0.8465009648352861
  view-data: 0.7086272165179253
