times:
  edit-metadata: 1.5363600216805935
  landing: 1.0769766457378864
  view-data: 3.322335071861744
