times:
  edit-metadata: 1.3837406486272812
  landing: 0.9958148524165154
  view-data: 3.3356359489262104
