times:
  edit-metadata: 1.5060459934175014
  landing: 0.8357772417366505
  view-data: 3.3685150407254696
