times:
  edit-metadata: 1.3672714810818434
  landing: 0.9068514788523316
  view-data: 0.6104628778994083
