times:
  edit-metadata: 1.4709776379168034
  landing: 0.9810849614441395
  view-data: 3.324976108968258
