times:
  edit-metadata: 1.4495060024783015
  landing: 1.0062059974297881
  view-data: 0.7913162400946021
