times:
  edit-metadata: 2.593582541681826
  landing: 1.375783040188253
  view-data: 3.6276249159127474
