times:
  edit-metadata: 1.4588478989899158
  landing: 0.865322545170784
  view-data: 3.2973911240696907
