times:
  edit-metadata: 1.5834925659000874
  landing: 1.0590191595256329
  view-data: 0.599047839641571
