times:
  edit-metadata: 1.3721163533627987
  landing: 0.910468552261591
  view-data: 3.3337900266051292
