times:
  edit-metadata: 1.48572145588696
  landing: 1.0778583157807589
  view-data: 0.5739572793245316
