times:
  edit-metadata: 1.3961441977880895
  landing: 0.925977255217731
  view-data: 0.641091181896627
