times:
  edit-metadata: 1.3470672443509102
  landing: 0.8357327245175838
  view-data: 3.2366129644215107
