times:
  edit-metadata: 1.8508172165602446
  landing: 0.8570167478173971
  view-data: 0.6389180365949869
