times:
  edit-metadata: 1.6085197366774082
  landing: 1.0755793154239655
  view-data: 3.340069007128477
