times:
  edit-metadata: 1.4414251307025552
  landing: 0.9158702362328768
  view-data: 3.3500778414309025
