times:
  edit-metadata: 1.6799761280417442
  landing: 1.1013145297765732
  view-data: 3.377938136458397
