times:
  edit-metadata: 1.6089099259115756
  landing: 0.982846817933023
  view-data: 3.4093601196072996
