times:
  edit-metadata: 1.5444075837731361
  landing: 1.0685026720166206
  view-data: 3.3482893370091915
