times:
  edit-metadata: 1.3741724453866482
  landing: 0.7479843720793724
  view-data: 3.3328954689204693
