times:
  edit-metadata: 1.5405544266104698
  landing: 0.9557961672544479
  view-data: 3.4348123781383038
