times:
  edit-metadata: 1.509110962972045
  landing: 0.793444624170661
  view-data: 3.447733161970973
