times:
  edit-metadata: 1.587273932993412
  landing: 0.8198541440069675
  view-data: 3.40007995814085
