times:
  edit-metadata: 1.572972159832716
  landing: 1.1102080792188644
  view-data: 3.35825227573514
