times:
  edit-metadata: 2.269040260463953
  landing: 1.2776316925883293
  view-data: 3.6591431461274624
