times:
  edit-metadata: 1.545597855001688
  landing: 1.1185599192976952
  view-data: 3.375658642500639
