times:
  edit-metadata: 1.6036973185837269
  landing: 0.9941569343209267
  view-data: 3.3890274576842785
