times:
  edit-metadata: 1.4759740978479385
  landing: 0.7629655860364437
  view-data: 3.3477745912969112
