times:
  edit-metadata: 3.936904050409794
  landing: 0.8334970939904451
  view-data: 3.4273281190544367
