times:
  edit-metadata: 1.469502042979002
  landing: 0.976575892418623
  view-data: 3.3744930140674114
