times:
  edit-metadata: 1.4049756489694118
  landing: 0.7515804767608643
  view-data: 3.249433644115925
