times:
  edit-metadata: 1.4650680404156446
  landing: 0.7325946278870106
  view-data: 3.3066317960619926
