times:
  edit-metadata: 1.6064857468008995
  landing: 1.0608710162341595
  view-data: 3.308936893939972
