times:
  edit-metadata: 1.4863419700413942
  landing: 0.7509095333516598
  view-data: 3.408004032447934
