times:
  edit-metadata: 1.528331145644188
  landing: 0.8717329651117325
  view-data: 3.380726344883442
