times:
  edit-metadata: 1.5201481953263283
  landing: 0.7565946150571108
  view-data: 3.417881829664111
