times:
  edit-metadata: 1.7181554585695267
  landing: 1.0281647071242332
  view-data: 3.3626373931765556
