times:
  edit-metadata: 1.5203492976725101
  landing: 0.8613839261233807
  view-data: 3.356466505676508
