times:
  edit-metadata: 1.3962534256279469
  landing: 0.9705207832157612
  view-data: 3.2952173091471195
