times:
  edit-metadata: 1.5067740567028522
  landing: 0.8610969819128513
  view-data: 3.417290896177292
