times:
  edit-metadata: 1.528982101008296
  landing: 0.7974727656692266
  view-data: 3.4270298499614
