times:
  edit-metadata: 1.5277082342654467
  landing: 0.8354368843138218
  view-data: 3.465248955413699
