times:
  edit-metadata: 1.5055501107126474
  landing: 0.8155946750193834
  view-data: 3.3660984858870506
