times:
  edit-metadata: 1.410828247666359
  landing: 0.8913910612463951
  view-data: 3.3488001748919487
