times:
  edit-metadata: 1.5916765555739403
  landing: 1.0157122313976288
  view-data: 3.369798880070448
