times:
  edit-metadata: 1.3133527301251888
  landing: 0.8562224432826042
  view-data: 3.316057965159416
