times:
  edit-metadata: 1.682879887521267
  landing: 0.9387336522340775
  view-data: 3.269237983971834
