times:
  edit-metadata: 1.480969600379467
  landing: 0.9693549014627934
  view-data: 3.3462264239788055
