times:
  edit-metadata: 1.4252296965569258
  landing: 0.8159071821719408
  view-data: 3.3857139106839895
