times:
  edit-metadata: 1.6327237337827682
  landing: 0.9176261089742184
  view-data: 3.4049930460751057
