times:
  edit-metadata: 1.7206979021430016
  landing: 0.9811110831797123
  view-data: 3.392188023775816
