times:
  edit-metadata: 1.3856372870504856
  landing: 0.7417778223752975
  view-data: 3.3572199530899525
