times:
  edit-metadata: 1.499839685857296
  landing: 0.7991177476942539
  view-data: 3.304415002465248
