times:
  edit-metadata: 1.5701942145824432
  landing: 1.0736668184399605
  view-data: 3.3615218065679073
