times:
  edit-metadata: 1.614796243607998
  landing: 0.9336334429681301
  view-data: 3.289810910820961
