times:
  edit-metadata: 1.4779374040663242
  landing: 0.9712330438196659
  view-data: 3.346299458295107
