times:
  edit-metadata: 1.376233235001564
  landing: 0.8359249383211136
  view-data: 3.3030779473483562
