times:
  edit-metadata: 1.57738795876503
  landing: 1.001308973878622
  view-data: 3.442663174122572
