times:
  edit-metadata: 1.391710128635168
  landing: 0.7825806997716427
  view-data: 3.2473886348307133
