times:
  edit-metadata: 1.4753789398819208
  landing: 0.7802277076989412
  view-data: 3.3317341916263103
