times:
  edit-metadata: 1.54557341709733
  landing: 0.9586615767329931
  view-data: 3.4171377178281546
