times:
  edit-metadata: 1.496450487524271
  landing: 0.8091452773660421
  view-data: 3.370077332481742
