times:
  edit-metadata: 1.699904192239046
  landing: 0.9602573215961456
  view-data: 3.3755036555230618
