times:
  edit-metadata: 1.5708825513720512
  landing: 0.7912804987281561
  view-data: 3.396469719707966
