times:
  edit-metadata: 1.5466291904449463
  landing: 1.0438604280352592
  view-data: 3.413686618208885
