times:
  edit-metadata: 1.5583949908614159
  landing: 6.552063882350922
  view-data: 3.3186813965439796
