times:
  edit-metadata: 1.7055737394839525
  landing: 1.0642283782362938
  view-data: 3.487719491124153
