times:
  edit-metadata: 1.6232632510364056
  landing: 1.034015018492937
  view-data: 3.312580429017544
