times:
  edit-metadata: 1.5717851147055626
  landing: 1.0905592143535614
  view-data: 3.4569149874150753
