times:
  edit-metadata: 1.471835382282734
  landing: 0.9013039357960224
  view-data: 3.3587841019034386
