times:
  edit-metadata: 1.3250326700508595
  landing: 0.9574787132441998
  view-data: 3.3434408977627754
