times:
  edit-metadata: 1.5513178519904613
  landing: 1.0380490832030773
  view-data: 3.467329852283001
