times:
  edit-metadata: 1.344117395579815
  landing: 0.833492137491703
  view-data: 3.3828004486858845
