times:
  edit-metadata: 1.601147335022688
  landing: 1.1155701205134392
  view-data: 3.385477229952812
