times:
  edit-metadata: 1.4343342036008835
  landing: 0.8299125488847494
  view-data: 3.3009176310151815
