times:
  edit-metadata: 3.5927774719893932
  landing: 1.7908856980502605
  view-data: 4.038030594587326
