times:
  edit-metadata: 1.3929276447743177
  landing: 0.8279025070369244
  view-data: 3.3860777486115694
