times:
  edit-metadata: 1.5007048528641462
  landing: 0.8039628323167562
  view-data: 3.3591031320393085
