times:
  edit-metadata: 1.5963315516710281
  landing: 1.107540238648653
  view-data: 3.407670557498932
