times:
  edit-metadata: 1.6910125277936459
  landing: 0.9584688507020473
  view-data: 3.327689301222563
