times:
  edit-metadata: 1.4837659075856209
  landing: 0.7849001102149487
  view-data: 3.366218676790595
