times:
  edit-metadata: 1.4174925908446312
  landing: 0.8745790049433708
  view-data: 3.3294068165123463
