times:
  edit-metadata: 1.4536047615110874
  landing: 1.2213619500398636
  view-data: 3.315735511481762
