times:
  edit-metadata: 1.4044551327824593
  landing: 0.9867998398840427
  view-data: 3.333435546606779
