times:
  edit-metadata: 1.4954211916774511
  landing: 0.7742739599198103
  view-data: 3.4099542517215014
