times:
  edit-metadata: 1.331752747297287
  landing: 0.7642573490738869
  view-data: 3.3376809656620026
