times:
  edit-metadata: 1.5289383232593536
  landing: 0.8019886109977961
  view-data: 3.4362086188048124
