times:
  edit-metadata: 1.5012987442314625
  landing: 0.7981212642043829
  view-data: 3.417558893561363
