times:
  edit-metadata: 1.3150535598397255
  landing: 0.8116562366485596
  view-data: 3.3312842175364494
