times:
  edit-metadata: 1.3752493932843208
  landing: 0.872020248323679
  view-data: 3.363578137010336
