times:
  edit-metadata: 1.3824556097388268
  landing: 0.7614350616931915
  view-data: 3.345183562487364
