times:
  edit-metadata: 2.465576834976673
  landing: 1.2295824773609638
  view-data: 3.463125314563513
