times:
  edit-metadata: 1.5131552405655384
  landing: 1.1781543493270874
  view-data: 3.4265097081661224
