times:
  edit-metadata: 1.6201115883886814
  landing: 6.820037707686424
  view-data: 3.3050407953560352
