times:
  edit-metadata: 1.438917137682438
  landing: 0.8394892159849405
  view-data: 3.408827856183052
