times:
  edit-metadata: 1.4863087870180607
  landing: 0.8690949566662312
  view-data: 3.3754334039986134
