times:
  edit-metadata: 1.839807879179716
  landing: 1.1438075453042984
  view-data: 3.4098698683083057
