times:
  edit-metadata: 1.5214851051568985
  landing: 0.8266010358929634
  view-data: 3.3727305494248867
