times:
  edit-metadata: 1.3785062357783318
  landing: 0.7876113019883633
  view-data: 3.3278278410434723
