times:
  edit-metadata: 1.4259524010121822
  landing: 0.8579593785107136
  view-data: 3.3556803949177265
