times:
  edit-metadata: 1.355294093489647
  landing: 0.760882779955864
  view-data: 3.2852502577006817
