times:
  edit-metadata: 1.3872625902295113
  landing: 0.9884402677416801
  view-data: 3.357041969895363
