times:
  edit-metadata: 1.4808706026524305
  landing: 0.8330462854355574
  view-data: 3.348803987726569
