times:
  edit-metadata: 1.4064699914306402
  landing: 0.8279048074036837
  view-data: 3.3815638963133097
