times:
  edit-metadata: 1.422399379312992
  landing: 0.7714510634541512
  view-data: 3.348271943628788
