times:
  edit-metadata: 1.415652122348547
  landing: 0.9016029089689255
  view-data: 3.3687778152525425
