times:
  edit-metadata: 1.3539286255836487
  landing: 0.8450112752616405
  view-data: 3.335012774914503
