times:
  edit-metadata: 1.4654775187373161
  landing: 0.7938191723078489
  view-data: 3.3673195503652096
