times:
  edit-metadata: 1.4973858837038279
  landing: 0.7629970256239176
  view-data: 3.430732000619173
