times:
  edit-metadata: 1.4054468050599098
  landing: 0.9615001566708088
  view-data: 3.3336091302335262
