times:
  edit-metadata: 2.130828008055687
  landing: 1.0030582696199417
  view-data: 3.57362949475646
