times:
  edit-metadata: 1.3374238088726997
  landing: 0.8718031495809555
  view-data: 3.369519457221031
