times:
  edit-metadata: 2.1485183499753475
  landing: 1.3240573182702065
  view-data: 3.5344877801835537
