times:
  edit-metadata: 2.2567185647785664
  landing: 1.578652560710907
  view-data: 3.7579895332455635
