times:
  edit-metadata: 1.3879796788096428
  landing: 0.7596865743398666
  view-data: 3.377809502184391
