times:
  edit-metadata: 1.3009434007108212
  landing: 0.7167239859700203
  view-data: 3.367510475218296
