times:
  edit-metadata: 1.3484987616539001
  landing: 0.9368915297091007
  view-data: 3.347182210534811
