times:
  edit-metadata: 1.5851029269397259
  landing: 1.379467524588108
  view-data: 3.350799113512039
