times:
  edit-metadata: 1.3558854162693024
  landing: 0.9662228673696518
  view-data: 3.39730167016387
