times:
  edit-metadata: 1.5300768204033375
  landing: 0.8564485423266888
  view-data: 3.3579176776111126
