times:
  edit-metadata: 1.4834619630128145
  landing: 0.8113564234226942
  view-data: 3.3943343721330166
