times:
  edit-metadata: 1.5004282370209694
  landing: 0.7830330953001976
  view-data: 3.382425483316183
