times:
  edit-metadata: 1.4050166960805655
  landing: 0.8745998460799456
  view-data: 3.4067167285829782
