times:
  edit-metadata: 1.5486286208033562
  landing: 1.013906229287386
  view-data: 3.3771390542387962
