times:
  edit-metadata: 1.6606674753129482
  landing: 1.013853508979082
  view-data: 3.4415309354662895
