times:
  edit-metadata: 1.418732974678278
  landing: 0.7908082995563745
  view-data: 3.4262495432049036
