times:
  edit-metadata: 1.5022498276084661
  landing: 0.7486912291496992
  view-data: 3.3716283813118935
