times:
  edit-metadata: 1.5504491552710533
  landing: 0.8552361018955708
  view-data: 3.435144145041704
