times:
  edit-metadata: 1.5242840386927128
  landing: 0.7787316534668207
  view-data: 3.388614447787404
