times:
  edit-metadata: 1.7440111227333546
  landing: 1.1088287681341171
  view-data: 3.3913663513958454
