times:
  edit-metadata: 1.5099501423537731
  landing: 0.7074823193252087
  view-data: 3.3353420682251453
