times:
  edit-metadata: 1.4342500753700733
  landing: 0.9544523358345032
  view-data: 3.4055912494659424
