times:
  edit-metadata: 1.6785815358161926
  landing: 1.041643850505352
  view-data: 3.4274790585041046
