times:
  edit-metadata: 1.4971002526581287
  landing: 0.817627826705575
  view-data: 3.3887891359627247
