times:
  edit-metadata: 1.5122706703841686
  landing: 0.7608707901090384
  view-data: 3.3570695985108614
