times:
  edit-metadata: 1.6294479742646217
  landing: 1.0451603680849075
  view-data: 3.312617991119623
