times:
  edit-metadata: 1.6362509280443192
  landing: 0.8409165013581514
  view-data: 3.3006473816931248
