times:
  edit-metadata: 1.6976547408849
  landing: 0.8647477589547634
  view-data: 3.322487473487854
