times:
  edit-metadata: 1.5492495596408844
  landing: 0.9874064363539219
  view-data: 3.4514140523970127
