times:
  edit-metadata: 1.9307004176080227
  landing: 1.030214961618185
  view-data: 3.5120338797569275
