times:
  edit-metadata: 1.4624023959040642
  landing: 0.9429438598453999
  view-data: 3.284005180001259
