times:
  edit-metadata: 1.436834566295147
  landing: 0.8944254666566849
  view-data: 3.3005708158016205
