times:
  edit-metadata: 1.5261385161429644
  landing: 0.8799440562725067
  view-data: 3.4025182612240314
