times:
  edit-metadata: 1.6283348090946674
  landing: 1.0392400808632374
  view-data: 3.3502057306468487
