times:
  edit-metadata: 1.5159528739750385
  landing: 0.8729848749935627
  view-data: 3.4180428348481655
