times:
  edit-metadata: 1.5706360563635826
  landing: 0.9936736710369587
  view-data: 3.3607206121087074
