times:
  edit-metadata: 1.485127404332161
  landing: 0.7055211402475834
  view-data: 3.355241136625409
