times:
  edit-metadata: 1.747208259999752
  landing: 1.3038950078189373
  view-data: 3.4006269089877605
