times:
  edit-metadata: 1.5198885891586542
  landing: 0.8988137431442738
  view-data: 3.3666288014501333
