times:
  edit-metadata: 1.5130225978791714
  landing: 0.7884224951267242
  view-data: 3.374408347532153
