times:
  edit-metadata: 1.4280077200382948
  landing: 0.7859008572995663
  view-data: 3.3427315950393677
