times:
  edit-metadata: 1.4659778587520123
  landing: 0.9411730654537678
  view-data: 3.3724056892096996
