times:
  edit-metadata: 1.5502459518611431
  landing: 1.0880147479474545
  view-data: 3.3895412124693394
