times:
  edit-metadata: 1.6459286138415337
  landing: 0.8302069529891014
  view-data: 3.3336535915732384
