times:
  edit-metadata: 1.3566003553569317
  landing: 0.7801271602511406
  view-data: 3.2775776088237762
