times:
  edit-metadata: 1.3629227057099342
  landing: 0.9368799775838852
  view-data: 3.3385318107903004
