times:
  edit-metadata: 1.3662227392196655
  landing: 0.7414392828941345
  view-data: 3.489311195909977
