times:
  edit-metadata: 1.3817059844732285
  landing: 0.7289978265762329
  view-data: 3.531757950782776
