times:
  edit-metadata: 1.3767011016607285
  landing: 1.0107831731438637
  view-data: 3.5991691574454308
