times:
  edit-metadata: 1.332554891705513
  landing: 0.7898637466132641
  view-data: 3.3998022451996803
