times:
  edit-metadata: 1.399321272969246
  landing: 0.8086985275149345
  view-data: 3.526162177324295
