times:
  edit-metadata: 1.4640284478664398
  landing: 0.7420754283666611
  view-data: 3.429446868598461
