times:
  edit-metadata: 1.5301284566521645
  landing: 0.9135914705693722
  view-data: 3.3933112397789955
