times:
  edit-metadata: 1.4275279939174652
  landing: 0.8018465265631676
  view-data: 3.456472873687744
