times:
  edit-metadata: 1.381421022117138
  landing: 0.808350034058094
  view-data: 3.3356301560997963
