times:
  edit-metadata: 1.4223389737308025
  landing: 0.7913220971822739
  view-data: 3.339545466005802
