times:
  edit-metadata: 1.4114080145955086
  landing: 0.8217464089393616
  view-data: 3.466909408569336
