times:
  edit-metadata: 1.8010052517056465
  landing: 0.7196471393108368
  view-data: 3.460777908563614
