times:
  edit-metadata: 1.523242399096489
  landing: 0.8558267951011658
  view-data: 3.308452345430851
