times:
  edit-metadata: 1.528548687696457
  landing: 0.7338467203080654
  view-data: 3.3212652131915092
