times:
  edit-metadata: 1.376645267009735
  landing: 0.8375672847032547
  view-data: 3.438507743179798
