times:
  edit-metadata: 1.3784797862172127
  landing: 0.7373539134860039
  view-data: 3.392264522612095
