times:
  edit-metadata: 1.5060709565877914
  landing: 0.812753189355135
  view-data: 3.3053357861936092
