times:
  edit-metadata: 1.6561135277152061
  landing: 0.9512599185109138
  view-data: 3.466581031680107
