times:
  edit-metadata: 1.5690441876649857
  landing: 0.9799543395638466
  view-data: 3.3625150620937347
