times:
  edit-metadata: 1.56726635992527
  landing: 0.827978640794754
  view-data: 3.3188639506697655
