times:
  edit-metadata: 1.5232850387692451
  landing: 0.778388574719429
  view-data: 3.312271863222122
