times:
  edit-metadata: 1.454221785068512
  landing: 0.7660857290029526
  view-data: 3.2878750786185265
