times:
  edit-metadata: 1.366909883916378
  landing: 0.8441440761089325
  view-data: 3.478796236217022
