times:
  edit-metadata: 1.830497995018959
  landing: 1.2186785191297531
  view-data: 3.6521166563034058
