times:
  edit-metadata: 1.4149033799767494
  landing: 0.801065631210804
  view-data: 3.49802453070879
