times:
  edit-metadata: 1.4431144446134567
  landing: 0.9192561954259872
  view-data: 3.6027563735842705
