times:
  edit-metadata: 1.4015710204839706
  landing: 0.8883901536464691
  view-data: 3.5365573540329933
