times:
  edit-metadata: 1.4676611721515656
  landing: 0.753397960215807
  view-data: 3.3055390529334545
