times:
  edit-metadata: 1.5630658641457558
  landing: 1.1241740435361862
  view-data: 3.69108609855175
