times:
  edit-metadata: 1.5219205357134342
  landing: 0.9408349953591824
  view-data: 3.3820591047406197
