times:
  edit-metadata: 1.9503804370760918
  landing: 1.223931834101677
  view-data: 3.627277232706547
