times:
  edit-metadata: 1.4802229553461075
  landing: 0.9951526373624802
  view-data: 3.5137579664587975
