times:
  edit-metadata: 1.374380223453045
  landing: 0.8069510944187641
  view-data: 3.33572531118989
