times:
  edit-metadata: 1.3832501322031021
  landing: 0.7875626385211945
  view-data: 3.4632463976740837
