times:
  edit-metadata: 1.404835194349289
  landing: 0.7107966020703316
  view-data: 3.48922997713089
