times:
  edit-metadata: 1.3571937419474125
  landing: 0.8531970642507076
  view-data: 3.324959859251976
