times:
  edit-metadata: 1.4685975424945354
  landing: 0.892913218587637
  view-data: 3.3294003792107105
