times:
  edit-metadata: 1.7539533600211143
  landing: 1.0547001212835312
  view-data: 3.5854454785585403
