times:
  edit-metadata: 1.4950716271996498
  landing: 0.8354024216532707
  view-data: 3.394221194088459
