times:
  edit-metadata: 1.3618304580450058
  landing: 0.7568981796503067
  view-data: 3.516244888305664
