times:
  edit-metadata: 1.427180863916874
  landing: 0.7354471608996391
  view-data: 3.5350677967071533
