times:
  edit-metadata: 1.4970114529132843
  landing: 1.0564369410276413
  view-data: 3.4493590891361237
