times:
  edit-metadata: 1.7359821498394012
  landing: 0.950273659080267
  view-data: 3.305654864758253
