times:
  edit-metadata: 1.3076619282364845
  landing: 0.7546098455786705
  view-data: 3.3514479361474514
