times:
  edit-metadata: 1.4849691987037659
  landing: 0.7698490247130394
  view-data: 3.490213342010975
