times:
  edit-metadata: 1.4679069891571999
  landing: 0.8771649561822414
  view-data: 3.2920325100421906
