times:
  edit-metadata: 1.6228872165083885
  landing: 0.8128810748457909
  view-data: 3.654904007911682
