times:
  edit-metadata: 1.4330720230937004
  landing: 0.7720232643187046
  view-data: 3.306231554597616
