times:
  edit-metadata: 1.3826685957610607
  landing: 0.6830861233174801
  view-data: 3.3019041046500206
