times:
  edit-metadata: 1.5951437279582024
  landing: 0.8265118077397346
  view-data: 3.268618166446686
