times:
  edit-metadata: 1.4474979564547539
  landing: 0.8883165046572685
  view-data: 3.351743917912245
