times:
  edit-metadata: 1.508387915790081
  landing: 0.7852007672190666
  view-data: 3.502374552190304
