times:
  edit-metadata: 1.3517654240131378
  landing: 0.7773723229765892
  view-data: 3.26485825330019
