times:
  edit-metadata: 1.5192937329411507
  landing: 1.421325460076332
  view-data: 3.272974371910095
