times:
  edit-metadata: 1.3823382630944252
  landing: 0.7220145463943481
  view-data: 3.371284142136574
