times:
  edit-metadata: 1.4184253215789795
  landing: 0.6755061820149422
  view-data: 3.5099359154701233
