times:
  edit-metadata: 1.488064020872116
  landing: 0.7447152957320213
  view-data: 3.4403301402926445
