times:
  edit-metadata: 1.3969331830739975
  landing: 0.9846958816051483
  view-data: 3.291875846683979
