times:
  edit-metadata: 1.3095138892531395
  landing: 0.7028510347008705
  view-data: 3.4195682406425476
