times:
  edit-metadata: 1.4283558428287506
  landing: 0.762261152267456
  view-data: 3.495576724410057
