times:
  edit-metadata: 1.6737790554761887
  landing: 0.8265388980507851
  view-data: 3.7320774868130684
