times:
  edit-metadata: 1.49308605119586
  landing: 0.8186866119503975
  view-data: 3.4357503540813923
