times:
  edit-metadata: 1.485505785793066
  landing: 0.8661451898515224
  view-data: 3.3432689495384693
