times:
  edit-metadata: 2.344386201351881
  landing: 1.1912457831203938
  view-data: 3.438418857753277
