times:
  edit-metadata: 1.3577014729380608
  landing: 0.8527619056403637
  view-data: 3.263679154217243
