times:
  edit-metadata: 1.4892670884728432
  landing: 0.7788306102156639
  view-data: 3.303951606154442
