times:
  edit-metadata: 1.7309430353343487
  landing: 1.1771534085273743
  view-data: 3.334708970040083
