times:
  edit-metadata: 1.4216257631778717
  landing: 0.723716177046299
  view-data: 3.525454066693783
