times:
  edit-metadata: 1.61786600202322
  landing: 0.7995250523090363
  view-data: 3.357077728956938
