times:
  edit-metadata: 1.5027765035629272
  landing: 0.8163062483072281
  view-data: 3.448868088424206
