times:
  edit-metadata: 1.3937268033623695
  landing: 0.7665028460323811
  view-data: 3.303806535899639
