times:
  edit-metadata: 1.4132529348134995
  landing: 0.7964557260274887
  view-data: 3.532171942293644
