times:
  edit-metadata: 1.360097624361515
  landing: 0.7851124331355095
  view-data: 3.3343739435076714
