times:
  edit-metadata: 1.4545861966907978
  landing: 0.7378301620483398
  view-data: 3.323606960475445
