times:
  edit-metadata: 1.534147322177887
  landing: 0.95595383644104
  view-data: 3.5157498195767403
