times:
  edit-metadata: 1.3918135464191437
  landing: 0.7895158007740974
  view-data: 0.6171699315309525
