times:
  edit-metadata: 1.4725538082420826
  landing: 0.7461625337600708
  view-data: 3.3681923374533653
