times:
  edit-metadata: 1.366056989878416
  landing: 0.710842452943325
  view-data: 3.2601123079657555
