times:
  edit-metadata: 1.443921998143196
  landing: 0.7335950806736946
  view-data: 3.544050708413124
