times:
  edit-metadata: 1.490710161626339
  landing: 0.8346991017460823
  view-data: 3.406943090260029
