times:
  edit-metadata: 1.3730505034327507
  landing: 0.7670314162969589
  view-data: 3.474999539554119
