times:
  edit-metadata: 3.2213648706674576
  landing: 2.1051926016807556
  view-data: 3.8213952630758286
