times:
  edit-metadata: 1.4519481845200062
  landing: 0.8161301985383034
  view-data: 3.3303705528378487
