times:
  edit-metadata: 1.3384677916765213
  landing: 0.7603244781494141
  view-data: 3.518836125731468
