times:
  edit-metadata: 1.3572993949055672
  landing: 0.8319158777594566
  view-data: 3.4187402427196503
