times:
  edit-metadata: 2.238397754728794
  landing: 1.1082773953676224
  view-data: 3.4002075158059597
