times:
  edit-metadata: 1.458964966237545
  landing: 0.9077174142003059
  view-data: 3.3172297328710556
