times:
  edit-metadata: 1.694861251860857
  landing: 0.984730951488018
  view-data: 3.3160982206463814
