times:
  edit-metadata: 1.4140788689255714
  landing: 0.7123257294297218
  view-data: 3.375684715807438
