times:
  edit-metadata: 1.4558699280023575
  landing: 0.7919427752494812
  view-data: 3.321506083011627
