times:
  edit-metadata: 1.3474238254129887
  landing: 0.7576441429555416
  view-data: 3.3145803809165955
