times:
  edit-metadata: 1.5848345831036568
  landing: 0.9132817387580872
  view-data: 3.336294040083885
