times:
  edit-metadata: 1.6354738473892212
  landing: 0.8082625269889832
  view-data: 3.326278455555439
