times:
  edit-metadata: 1.3793565183877945
  landing: 0.7516279146075249
  view-data: 3.486450672149658
