times:
  edit-metadata: 1.4403858669102192
  landing: 0.7859162352979183
  view-data: 3.303731929510832
