times:
  edit-metadata: 1.5656807273626328
  landing: 0.890931524336338
  view-data: 3.355105124413967
