times:
  edit-metadata: 1.4606006257236004
  landing: 0.874651838093996
  view-data: 3.298245880752802
