times:
  edit-metadata: 1.3868404403328896
  landing: 0.7885012105107307
  view-data: 3.3641621470451355
