times:
  edit-metadata: 1.400332659482956
  landing: 0.7462600693106651
  view-data: 3.4938812628388405
