times:
  edit-metadata: 1.3835516199469566
  landing: 0.7767527960240841
  view-data: 3.3626892268657684
