times:
  edit-metadata: 1.4017470628023148
  landing: 0.7527808323502541
  view-data: 3.429932549595833
