times:
  edit-metadata: 1.4076599217951298
  landing: 0.7485077679157257
  view-data: 3.3714161589741707
