times:
  edit-metadata: 1.3566293604671955
  landing: 0.7638396807014942
  view-data: 3.315489113330841
