times:
  edit-metadata: 1.5294801443815231
  landing: 0.781015120446682
  view-data: 3.388891503214836
