times:
  edit-metadata: 1.4487017318606377
  landing: 0.7706505134701729
  view-data: 3.4421960562467575
