times:
  edit-metadata: 1.4348708093166351
  landing: 0.7001544833183289
  view-data: 3.443610742688179
