times:
  edit-metadata: 1.4517396315932274
  landing: 0.9129210114479065
  view-data: 3.3834374621510506
