times:
  edit-metadata: 1.3755811750888824
  landing: 0.7022247463464737
  view-data: 3.436622366309166
