times:
  edit-metadata: 1.594293586909771
  landing: 0.870753038674593
  view-data: 3.3289290331304073
