times:
  edit-metadata: 1.4832352064549923
  landing: 0.9200175069272518
  view-data: 3.4825362227857113
