times:
  edit-metadata: 1.4087697193026543
  landing: 0.7445368990302086
  view-data: 3.5032237246632576
