times:
  edit-metadata: 1.3706862777471542
  landing: 0.7976373732089996
  view-data: 3.459251329302788
