times:
  edit-metadata: 1.5118254497647285
  landing: 0.7356251105666161
  view-data: 3.5385657846927643
