times:
  edit-metadata: 1.5169182866811752
  landing: 0.7914665639400482
  view-data: 3.491040751338005
