times:
  edit-metadata: 1.4499078840017319
  landing: 0.7000191658735275
  view-data: 3.4500289410352707
