times:
  edit-metadata: 1.7800298482179642
  landing: 0.8039723858237267
  view-data: 3.3435247130692005
