times:
  edit-metadata: 1.3667046092450619
  landing: 0.7209738232195377
  view-data: 3.3228599205613136
