times:
  edit-metadata: 1.40935380756855
  landing: 0.7486460730433464
  view-data: 3.533714972436428
