times:
  edit-metadata: 1.786461003124714
  landing: 1.2785870432853699
  view-data: 3.751599758863449
