times:
  edit-metadata: 1.368581861257553
  landing: 0.7683330550789833
  view-data: 3.343122214078903
