times:
  edit-metadata: 1.4905842989683151
  landing: 0.8299641534686089
  view-data: 3.4295535013079643
