times:
  edit-metadata: 1.3619453608989716
  landing: 0.8634186759591103
  view-data: 3.760717421770096
