times:
  edit-metadata: 1.3327830210328102
  landing: 0.755150094628334
  view-data: 3.5353604778647423
