times:
  edit-metadata: 1.4540155455470085
  landing: 0.8136012479662895
  view-data: 3.495394431054592
