times:
  edit-metadata: 1.5542703419923782
  landing: 1.1989954262971878
  view-data: 3.316361725330353
