times:
  edit-metadata: 1.2613434195518494
  landing: 1.290382832288742
  view-data: 3.8189597874879837
