times:
  edit-metadata: 1.9471262246370316
  landing: 1.5165918469429016
  view-data: 3.4025315418839455
