times:
  edit-metadata: 1.2938459180295467
  landing: 0.7816397994756699
  view-data: 3.2526176385581493
