times:
  edit-metadata: 1.5702474191784859
  landing: 0.8176067695021629
  view-data: 3.3720879703760147
