times:
  edit-metadata: 1.5137419179081917
  landing: 0.6855026036500931
  view-data: 3.3677270002663136
