times:
  edit-metadata: 1.6914646290242672
  landing: 1.124249193817377
  view-data: 3.3036081455647945
