times:
  edit-metadata: 1.4564398787915707
  landing: 0.8471141718327999
  view-data: 3.293810736387968
