times:
  edit-metadata: 1.377514787018299
  landing: 0.7413385473191738
  view-data: 3.3427569419145584
