times:
  edit-metadata: 1.4271194115281105
  landing: 0.7356183752417564
  view-data: 3.437612868845463
