times:
  edit-metadata: 1.3825654163956642
  landing: 0.7720726579427719
  view-data: 3.474647931754589
