times:
  edit-metadata: 1.405181385576725
  landing: 0.7528495639562607
  view-data: 3.7067337557673454
