times:
  edit-metadata: 1.3872416466474533
  landing: 0.6870067864656448
  view-data: 3.4243825003504753
