times:
  edit-metadata: 1.405777245759964
  landing: 0.770056426525116
  view-data: 3.343930020928383
