times:
  edit-metadata: 1.4221807047724724
  landing: 0.779906377196312
  view-data: 3.3679981380701065
