times:
  edit-metadata: 2.5035569071769714
  landing: 1.2519272342324257
  view-data: 3.835743434727192
