times:
  edit-metadata: 1.357801377773285
  landing: 0.7253558561205864
  view-data: 3.366619110107422
