times:
  edit-metadata: 1.520984336733818
  landing: 0.7724597230553627
  view-data: 3.5227329805493355
