times:
  edit-metadata: 1.439879670739174
  landing: 0.7630532011389732
  view-data: 3.5016424879431725
