times:
  edit-metadata: 2.035997152328491
  landing: 1.1881450861692429
  view-data: 3.7837059646844864
