times:
  edit-metadata: 1.4236059673130512
  landing: 0.7719913981854916
  view-data: 3.314478527754545
