times:
  edit-metadata: 1.3627920262515545
  landing: 0.7634886503219604
  view-data: 3.3250476717948914
