times:
  edit-metadata: 1.4577475972473621
  landing: 0.7213932648301125
  view-data: 3.2873415350914
