times:
  edit-metadata: 1.4308082833886147
  landing: 0.7567097917199135
  view-data: 3.4292235523462296
