times:
  edit-metadata: 1.648543942719698
  landing: 1.0039210002869368
  view-data: 3.4116040654480457
