times:
  edit-metadata: 1.593839854001999
  landing: 1.2560663744807243
  view-data: 3.3455622978508472
