times:
  edit-metadata: 1.3420244604349136
  landing: 0.9461065419018269
  view-data: 3.375130482017994
