times:
  edit-metadata: 1.5092739146202803
  landing: 0.8503304366022348
  view-data: 3.4418031368404627
