times:
  edit-metadata: 1.5611757151782513
  landing: 0.8517005555331707
  view-data: 3.4137688130140305
