times:
  edit-metadata: 1.5517648123204708
  landing: 0.8522675558924675
  view-data: 3.4507123921066523
