times:
  edit-metadata: 1.4547140896320343
  landing: 1.0351923406124115
  view-data: 3.3677540384233
