times:
  edit-metadata: 1.6487234849482775
  landing: 0.9038956426084042
  view-data: 3.4434437919408083
