times:
  edit-metadata: 1.4449234046041965
  landing: 0.7139859944581985
  view-data: 3.3294296376407146
