times:
  edit-metadata: 1.5409373566508293
  landing: 0.9745719693601131
  view-data: 3.425435785204172
