times:
  edit-metadata: 1.5580315329134464
  landing: 2.3926760964095592
  view-data: 3.360541371628642
