times:
  edit-metadata: 1.5621969625353813
  landing: 0.812026135623455
  view-data: 3.4431625828146935
