times:
  edit-metadata: 1.6595479287207127
  landing: 1.0845661871135235
  view-data: 3.368291188031435
