times:
  edit-metadata: 1.5119485296308994
  landing: 0.9323530606925488
  view-data: 3.397382453083992
