times:
  edit-metadata: 1.5408609695732594
  landing: 0.9052240513265133
  view-data: 3.3749034740030766
