times:
  edit-metadata: 1.4993148632347584
  landing: 0.9623878113925457
  view-data: 3.3700379319489002
