times:
  edit-metadata: 1.5506451893597841
  landing: 0.8664527330547571
  view-data: 3.46147720515728
