times:
  edit-metadata: 1.558405602350831
  landing: 0.8548176065087318
  view-data: 3.3822830244898796
