times:
  edit-metadata: 2.2108910754323006
  landing: 1.280126042664051
  view-data: 3.687670649960637
