times:
  edit-metadata: 1.7206908240914345
  landing: 1.00736702978611
  view-data: 3.377913724631071
