times:
  edit-metadata: 1.3648031558841467
  landing: 0.9133839197456837
  view-data: 3.3811173252761364
