times:
  edit-metadata: 1.5655833594501019
  landing: 0.9290296211838722
  view-data: 3.335914984345436
