times:
  edit-metadata: 1.6198611296713352
  landing: 1.27782778814435
  view-data: 3.3921795058995485
