times:
  edit-metadata: 1.5092787835747004
  landing: 0.7490739077329636
  view-data: 3.3845240771770477
