times:
  edit-metadata: 1.5574121363461018
  landing: 0.813399201259017
  view-data: 3.398021724075079
