times:
  edit-metadata: 1.4899192117154598
  landing: 0.953727088868618
  view-data: 3.323543231934309
