times:
  edit-metadata: 1.5122761689126492
  landing: 1.0889110155403614
  view-data: 3.2817922942340374
