times:
  edit-metadata: 1.5655901543796062
  landing: 0.9115173555910587
  view-data: 3.3538391031324863
