times:
  edit-metadata: 1.5116804353892803
  landing: 0.9351607374846935
  view-data: 3.415648343041539
