times:
  edit-metadata: 1.573640875518322
  landing: 0.7735299728810787
  view-data: 3.4129807874560356
