times:
  edit-metadata: 1.513214023783803
  landing: 0.7926929257810116
  view-data: 3.4000040907412767
