times:
  edit-metadata: 1.5729743875563145
  landing: 0.7552185468375683
  view-data: 3.3838695157319307
