times:
  edit-metadata: 1.518848853185773
  landing: 0.754566865041852
  view-data: 3.366852533072233
