times:
  edit-metadata: 1.5252026058733463
  landing: 0.8058570865541697
  view-data: 3.387485809624195
