times:
  edit-metadata: 1.5101413615047932
  landing: 0.8095644246786833
  view-data: 3.4212356973439455
