times:
  edit-metadata: 1.4330726228654385
  landing: 0.8932464495301247
  view-data: 3.324821747839451
