times:
  edit-metadata: 1.4844251722097397
  landing: 0.8377014882862568
  view-data: 3.4489216320216656
