times:
  edit-metadata: 1.790769411250949
  landing: 0.9095003008842468
  view-data: 3.313415003940463
