times:
  edit-metadata: 3.859723597764969
  landing: 2.476892787963152
  view-data: 3.5121549516916275
