times:
  edit-metadata: 1.4342579413205385
  landing: 0.7854894157499075
  view-data: 3.3329741302877665
