times:
  edit-metadata: 1.5869622938334942
  landing: 0.8973329365253448
  view-data: 3.352052215486765
