times:
  edit-metadata: 1.373466283082962
  landing: 0.8149871602654457
  view-data: 3.3927408419549465
