times:
  edit-metadata: 1.4721147753298283
  landing: 0.8462351821362972
  view-data: 3.436974497511983
