times:
  edit-metadata: 1.5473908092826605
  landing: 1.0997621435672045
  view-data: 3.3506721816956997
