times:
  edit-metadata: 1.3772440440952778
  landing: 0.828399833291769
  view-data: 3.3181392550468445
