times:
  edit-metadata: 1.5321912001818419
  landing: 0.980525866150856
  view-data: 3.425676468759775
