times:
  edit-metadata: 1.78207191452384
  landing: 0.8485602326691151
  view-data: 3.3413789719343185
