times:
  edit-metadata: 1.546973504126072
  landing: 0.964559905230999
  view-data: 3.3825188539922237
