times:
  edit-metadata: 1.5170868709683418
  landing: 0.8402973785996437
  view-data: 3.448251973837614
