times:
  edit-metadata: 1.4327026307582855
  landing: 0.9347060509026051
  view-data: 3.265008445829153
