times:
  edit-metadata: 1.5553061589598656
  landing: 0.8695253003388643
  view-data: 3.404614707455039
