times:
  edit-metadata: 1.7324873451143503
  landing: 0.9222301617264748
  view-data: 3.371418682858348
