times:
  edit-metadata: 1.8080861940979958
  landing: 1.2492541745305061
  view-data: 3.387114778161049
