times:
  edit-metadata: 1.6241412963718176
  landing: 0.7881076168268919
  view-data: 3.282432598993182
