times:
  edit-metadata: 1.4487613998353481
  landing: 1.0615326911211014
  view-data: 3.44123250618577
