times:
  edit-metadata: 1.4819419346749783
  landing: 0.8082250580191612
  view-data: 3.3502859864383936
