times:
  edit-metadata: 1.5477594248950481
  landing: 1.4393311571329832
  view-data: 3.3938109260052443
