times:
  edit-metadata: 2.1320796869695187
  landing: 1.2743286387994885
  view-data: 3.533926877193153
