times:
  edit-metadata: 1.4085464850068092
  landing: 0.9009096547961235
  view-data: 3.404730901122093
