times:
  edit-metadata: 1.770325055345893
  landing: 1.1366919428110123
  view-data: 3.377909963950515
