times:
  edit-metadata: 1.4037989117205143
  landing: 0.9046829678118229
  view-data: 3.3449231795966625
