times:
  edit-metadata: 1.490088190883398
  landing: 0.7091811485588551
  view-data: 3.314118143171072
