times:
  edit-metadata: 1.56834495998919
  landing: 0.7934240438044071
  view-data: 3.3995485939085484
