times:
  edit-metadata: 1.6379587687551975
  landing: 0.987096955999732
  view-data: 3.3039530143141747
