times:
  edit-metadata: 1.5452138390392065
  landing: 0.8445263057947159
  view-data: 3.4812370259314775
