times:
  edit-metadata: 1.970529105514288
  landing: 1.2306704707443714
  view-data: 3.4336207434535027
