times:
  edit-metadata: 1.5479937717318535
  landing: 0.8398890905082226
  view-data: 3.4187752082943916
