times:
  edit-metadata: 1.5733554847538471
  landing: 0.8653758876025677
  view-data: 3.3551758639514446
