times:
  edit-metadata: 1.5912235490977764
  landing: 0.9089462161064148
  view-data: 3.3573001325130463
