times:
  edit-metadata: 1.6127207316458225
  landing: 0.9142614714801311
  view-data: 3.3924314342439175
