times:
  edit-metadata: 1.7481005527079105
  landing: 1.084626629948616
  view-data: 3.3923755697906017
