times:
  edit-metadata: 1.9465181939303875
  landing: 1.2725616693496704
  view-data: 3.762194763869047
