times:
  edit-metadata: 1.603660922497511
  landing: 1.0731086395680904
  view-data: 3.475948430597782
