times:
  edit-metadata: 1.5096374694257975
  landing: 0.9076313562691212
  view-data: 3.4033739250153303
