times:
  edit-metadata: 1.6698077470064163
  landing: 0.9280391931533813
  view-data: 3.333407200872898
