times:
  edit-metadata: 1.6111052799969912
  landing: 0.8554860483855009
  view-data: 3.3961195591837168
