times:
  edit-metadata: 1.5112764220684767
  landing: 0.9114982206374407
  view-data: 3.35853473469615
