times:
  edit-metadata: 1.5025173760950565
  landing: 0.7934898193925619
  view-data: 3.407776966691017
