times:
  edit-metadata: 1.4773291572928429
  landing: 0.8768637850880623
  view-data: 3.409718234091997
