times:
  edit-metadata: 1.3722120933234692
  landing: 0.9534490704536438
  view-data: 3.3237814009189606
