times:
  edit-metadata: 1.6059810239821672
  landing: 0.8767284601926804
  view-data: 3.4166762866079807
