times:
  edit-metadata: 1.646995259448886
  landing: 1.118028288707137
  view-data: 3.412550412118435
