times:
  edit-metadata: 1.4042115472257137
  landing: 0.9809184968471527
  view-data: 3.3575771003961563
