times:
  edit-metadata: 1.6521580442786217
  landing: 1.0728236101567745
  view-data: 3.3305127173662186
