times:
  edit-metadata: 1.5728156194090843
  landing: 0.9150761850178242
  view-data: 3.424355000257492
