times:
  edit-metadata: 1.534022644162178
  landing: 0.9799299482256174
  view-data: 3.313254199922085
