times:
  edit-metadata: 1.4902290161699057
  landing: 0.9455612860620022
  view-data: 3.45556434430182
