times:
  edit-metadata: 2.016526252962649
  landing: 1.1654822872951627
  view-data: 3.3827297165989876
