times:
  edit-metadata: 1.4881288334727287
  landing: 0.8782207369804382
  view-data: 3.332293175160885
