times:
  edit-metadata: 1.3768136762082577
  landing: 1.0064097121357918
  view-data: 3.328775092959404
