times:
  edit-metadata: 1.7009163238108158
  landing: 1.114665161818266
  view-data: 3.3977558091282845
