times:
  edit-metadata: 1.422451701015234
  landing: 0.7771270200610161
  view-data: 3.3027022629976273
