times:
  edit-metadata: 1.6927294880151749
  landing: 1.174463678151369
  view-data: 3.401058904826641
