times:
  edit-metadata: 1.6321100927889347
  landing: 1.1094878427684307
  view-data: 3.3459145948290825
