times:
  edit-metadata: 1.4998817518353462
  landing: 0.9021104425191879
  view-data: 3.335351351648569
