times:
  edit-metadata: 1.6506280936300755
  landing: 1.5517185218632221
  view-data: 3.3612710125744343
