times:
  edit-metadata: 2.427470864728093
  landing: 1.607761001214385
  view-data: 3.5769009422510862
