times:
  edit-metadata: 1.4861634969711304
  landing: 1.0096075404435396
  view-data: 3.4655446149408817
