times:
  edit-metadata: 1.3537151720374823
  landing: 0.8038466908037663
  view-data: 3.3547276221215725
