times:
  edit-metadata: 1.4097140170633793
  landing: 0.8329964317381382
  view-data: 3.291625451296568
