times:
  edit-metadata: 1.4142316356301308
  landing: 0.7984920144081116
  view-data: 3.359177866950631
