times:
  edit-metadata: 1.3733814805746078
  landing: 0.8503571804612875
  view-data: 3.253562957048416
