times:
  edit-metadata: 2.919452192261815
  landing: 0.9329130230471492
  view-data: 4.329120815731585
