times:
  edit-metadata: 1.7197705879807472
  landing: 1.149026047438383
  view-data: 3.3168730437755585
