times:
  edit-metadata: 1.5757447350770235
  landing: 0.8464398812502623
  view-data: 3.382255656644702
