times:
  edit-metadata: 1.5702054966241121
  landing: 0.8134192693978548
  view-data: 0.6429656408727169
