times:
  edit-metadata: 1.4028491601347923
  landing: 0.9484056644141674
  view-data: 3.330883551388979
