times:
  edit-metadata: 1.3827892243862152
  landing: 0.9132845364511013
  view-data: 3.3365620896220207
