times:
  edit-metadata: 1.4035148806869984
  landing: 0.8314685486257076
  view-data: 3.2307101897895336
