times:
  edit-metadata: 1.5388718955218792
  landing: 0.9166061542928219
  view-data: 3.3870432190597057
