times:
  edit-metadata: 1.5480532944202423
  landing: 1.0310481525957584
  view-data: 3.412117552012205
