times:
  edit-metadata: 1.510552091524005
  landing: 0.7964887637645006
  view-data: 3.371149128302932
