times:
  edit-metadata: 1.6464283838868141
  landing: 0.9725761190056801
  view-data: 3.390008494257927
