times:
  edit-metadata: 1.5685574188828468
  landing: 0.848720932379365
  view-data: 3.4042786713689566
