times:
  edit-metadata: 1.6306546702980995
  landing: 0.9697441328316927
  view-data: 3.470870716497302
