times:
  edit-metadata: 1.5288593675941229
  landing: 0.8762642946094275
  view-data: 3.4501971062272787
