times:
  edit-metadata: 2.5972369089722633
  landing: 1.979004830121994
  view-data: 3.5380519963800907
