times:
  edit-metadata: 1.5279767960309982
  landing: 0.8970318008214235
  view-data: 3.4127669893205166
