times:
  edit-metadata: 1.5162528902292252
  landing: 0.7962185088545084
  view-data: 3.405807998031378
