times:
  edit-metadata: 1.560927301645279
  landing: 0.9023926556110382
  view-data: 3.334134228527546
