times:
  edit-metadata: 1.6544284150004387
  landing: 1.0323581360280514
  view-data: 3.4108867440372705
