times:
  edit-metadata: 1.4677184550091624
  landing: 1.0340589843690395
  view-data: 3.4250689381733537
