times:
  edit-metadata: 1.4617990106344223
  landing: 0.7828547898679972
  view-data: 3.3406809102743864
