times:
  edit-metadata: 1.593064159154892
  landing: 0.8553779348731041
  view-data: 3.454359333962202
