times:
  edit-metadata: 1.4697340950369835
  landing: 0.8213890753686428
  view-data: 3.285093605518341
