times:
  edit-metadata: 1.8071246519684792
  landing: 1.1964993216097355
  view-data: 3.3475325368344784
