times:
  edit-metadata: 1.512673182412982
  landing: 0.7909554950892925
  view-data: 3.365019490942359
