times:
  edit-metadata: 1.409664187580347
  landing: 0.9386242851614952
  view-data: 3.3804761469364166
