times:
  edit-metadata: 2.8227236084640026
  landing: 1.4471563156694174
  view-data: 3.6097278464585543
