times:
  edit-metadata: 1.5521312057971954
  landing: 0.9463617391884327
  view-data: 3.307142175734043
