times:
  edit-metadata: 1.707677248865366
  landing: 1.0721819177269936
  view-data: 3.4243615455925465
