times:
  edit-metadata: 1.5492878817021847
  landing: 0.8416436370462179
  view-data: 3.449170248582959
