times:
  edit-metadata: 1.539515974931419
  landing: 0.9936805851757526
  view-data: 3.3712374875321984
