times:
  edit-metadata: 1.495813999325037
  landing: 0.7839415017515421
  view-data: 3.4619016079232097
