times:
  edit-metadata: 1.5410442911088467
  landing: 0.8478679060935974
  view-data: 3.346096310764551
