times:
  edit-metadata: 1.645360566675663
  landing: 1.0543097667396069
  view-data: 3.449787050485611
