times:
  edit-metadata: 1.3982477933168411
  landing: 0.9172833263874054
  view-data: 3.3842971585690975
