times:
  edit-metadata: 1.8343723826110363
  landing: 1.029523991048336
  view-data: 3.560871224850416
