times:
  edit-metadata: 1.4105960167944431
  landing: 0.8677398003637791
  view-data: 3.303685761988163
