times:
  edit-metadata: 2.299076810479164
  landing: 1.5070538967847824
  view-data: 3.8640680462121964
