times:
  edit-metadata: 1.6016621254384518
  landing: 0.8221862055361271
  view-data: 3.4195284955203533
