times:
  edit-metadata: 1.408267967402935
  landing: 0.8395940139889717
  view-data: 3.295025274157524
