times:
  edit-metadata: 1.740647740662098
  landing: 0.9788262117654085
  view-data: 3.3055431712418795
