times:
  edit-metadata: 1.497180676087737
  landing: 0.8032408412545919
  view-data: 3.4336740523576736
