times:
  edit-metadata: 1.491344340145588
  landing: 0.95832659304142
  view-data: 3.33366372063756
