times:
  edit-metadata: 1.520538069307804
  landing: 0.7880493979901075
  view-data: 3.439027925953269
