times:
  edit-metadata: 1.8050713315606117
  landing: 0.9675220213830471
  view-data: 3.320369202643633
