times:
  edit-metadata: 2.1842060312628746
  landing: 1.348147451877594
  view-data: 3.486585732549429
