times:
  edit-metadata: 1.6158143989741802
  landing: 0.7839822266250849
  view-data: 3.377809766680002
