times:
  edit-metadata: 1.5233347862958908
  landing: 0.9538502246141434
  view-data: 3.3479589596390724
