times:
  edit-metadata: 1.8058637659996748
  landing: 0.8107817554846406
  view-data: 3.5214262269437313
