times:
  edit-metadata: 1.615230105817318
  landing: 0.8358297199010849
  view-data: 3.3917038086801767
