times:
  edit-metadata: 2.4058122225105762
  landing: 7.983254756778479
  view-data: 3.4961108416318893
