times:
  edit-metadata: 1.3873099833726883
  landing: 0.8971919119358063
  view-data: 3.359735805541277
