times:
  edit-metadata: 1.5225361455231905
  landing: 0.9809554200619459
  view-data: 3.385910302400589
