times:
  edit-metadata: 2.66573878377676
  landing: 1.5808548592031002
  view-data: 3.450443636626005
