times:
  edit-metadata: 1.4520417116582394
  landing: 0.8230708427727222
  view-data: 3.3680685684084892
