times:
  edit-metadata: 1.613310412503779
  landing: 0.88890041410923
  view-data: 3.415591325610876
