times:
  edit-metadata: 1.434402223676443
  landing: 1.1138082332909107
  view-data: 3.3415964916348457
