times:
  edit-metadata: 1.7398419044911861
  landing: 0.7856667265295982
  view-data: 3.3488725442439318
