times:
  edit-metadata: 1.530790570192039
  landing: 0.863856153562665
  view-data: 3.3187344279140234
