times:
  edit-metadata: 1.601895434781909
  landing: 0.8757327180355787
  view-data: 3.4515706188976765
