times:
  edit-metadata: 2.2021206952631474
  landing: 1.0072275139391422
  view-data: 3.2552812844514847
