times:
  edit-metadata: 1.5765331275761127
  landing: 0.9009704515337944
  view-data: 3.3206783533096313
