times:
  edit-metadata: 1.4429274266585708
  landing: 0.8622919581830502
  view-data: 3.2769893081858754
