times:
  edit-metadata: 1.4987372886389494
  landing: 0.9634189568459988
  view-data: 3.4567946922034025
