times:
  edit-metadata: 1.4461450651288033
  landing: 0.9382002241909504
  view-data: 3.3495768047869205
