times:
  edit-metadata: 1.402822494506836
  landing: 0.9822580851614475
  view-data: 3.4337679743766785
