times:
  edit-metadata: 1.4915939550846815
  landing: 0.9639819599688053
  view-data: 3.4237654972821474
