times:
  edit-metadata: 1.7139496132731438
  landing: 0.9966448284685612
  view-data: 3.3462707959115505
