times:
  edit-metadata: 1.3959937952458858
  landing: 0.8084928765892982
  view-data: 3.2928485311567783
