times:
  edit-metadata: 1.4902368001639843
  landing: 0.8553630132228136
  view-data: 3.4036511573940516
