times:
  edit-metadata: 1.72074128780514
  landing: 1.018109024502337
  view-data: 3.399147684685886
