times:
  edit-metadata: 2.2718468979001045
  landing: 1.431199137121439
  view-data: 3.3356214612722397
