times:
  edit-metadata: 1.6817739605903625
  landing: 1.3550254665315151
  view-data: 3.4713253378868103
