times:
  edit-metadata: 1.4162234291434288
  landing: 0.8811145722866058
  view-data: 3.346828266978264
