times:
  edit-metadata: 1.5823124088346958
  landing: 1.0562822073698044
  view-data: 3.40267077088356
