times:
  edit-metadata: 1.5171402655541897
  landing: 0.7707183640450239
  view-data: 3.3841221760958433
