times:
  edit-metadata: 1.4213799647986889
  landing: 0.7714241482317448
  view-data: 3.2831500992178917
