times:
  edit-metadata: 1.522773690521717
  landing: 1.0986470356583595
  view-data: 3.3137214928865433
