times:
  edit-metadata: 1.464121650904417
  landing: 0.8894015699625015
  view-data: 3.331370934844017
