times:
  edit-metadata: 1.5249034725129604
  landing: 0.8016349859535694
  view-data: 3.3879398591816425
