times:
  edit-metadata: 1.6337552405893803
  landing: 1.0338012352585793
  view-data: 3.4036480002105236
