times:
  edit-metadata: 1.6043373085558414
  landing: 0.8955122753977776
  view-data: 3.3986440654844046
