times:
  edit-metadata: 1.429922517389059
  landing: 0.7881041541695595
  view-data: 3.3972545228898525
