times:
  edit-metadata: 1.5058820694684982
  landing: 0.8644333332777023
  view-data: 3.4841531813144684
