times:
  edit-metadata: 1.7505841217935085
  landing: 0.9347727932035923
  view-data: 3.425763066858053
