times:
  edit-metadata: 1.471932079643011
  landing: 0.8886326067149639
  view-data: 3.31554489210248
