times:
  edit-metadata: 1.3927904218435287
  landing: 0.7633168771862984
  view-data: 3.462863363325596
