times:
  edit-metadata: 1.995534971356392
  landing: 0.9935638755559921
  view-data: 4.280169516801834
