times:
  edit-metadata: 1.4011620543897152
  landing: 0.8071129731833935
  view-data: 3.271542601287365
