times:
  edit-metadata: 1.540164515376091
  landing: 0.8669881746172905
  view-data: 3.311671160161495
