times:
  edit-metadata: 1.3604988679289818
  landing: 0.8620524927973747
  view-data: 3.48856008797884
