times:
  edit-metadata: 1.5263173282146454
  landing: 0.7962069138884544
  view-data: 3.441871426999569
