times:
  edit-metadata: 1.36178570240736
  landing: 0.8313219323754311
  view-data: 3.3016506135463715
