times:
  edit-metadata: 1.5569028817117214
  landing: 0.9667955636978149
  view-data: 3.3616773895919323
