times:
  edit-metadata: 1.4604201689362526
  landing: 0.8341293781995773
  view-data: 3.45068945735693
