times:
  edit-metadata: 1.353363499045372
  landing: 0.7164868339896202
  view-data: 3.419150158762932
