times:
  edit-metadata: 1.3791263848543167
  landing: 0.7771143317222595
  view-data: 3.3702311888337135
