times:
  edit-metadata: 1.4491588547825813
  landing: 0.836807381361723
  view-data: 3.4671614468097687
