times:
  edit-metadata: 1.6034480035305023
  landing: 0.9345827214419842
  view-data: 3.3130441792309284
