times:
  edit-metadata: 1.2445992305874825
  landing: 0.8342020995914936
  view-data: 3.305424530059099
