times:
  edit-metadata: 1.3777965046465397
  landing: 0.9290860444307327
  view-data: 3.318987425416708
