times:
  edit-metadata: 1.6424156576395035
  landing: 0.9387010484933853
  view-data: 3.6055655255913734
