times:
  edit-metadata: 1.3954039551317692
  landing: 0.8258773647248745
  view-data: 3.380906082689762
