times:
  edit-metadata: 1.4178306609392166
  landing: 0.877436064183712
  view-data: 3.521036721765995
