times:
  edit-metadata: 1.345644511282444
  landing: 0.850645512342453
  view-data: 3.4665166586637497
