times:
  edit-metadata: 1.4340072274208069
  landing: 0.8272377848625183
  view-data: 3.423607014119625
