times:
  edit-metadata: 1.5189866051077843
  landing: 0.7544540613889694
  view-data: 3.4538420885801315
