times:
  edit-metadata: 1.4001067988574505
  landing: 0.937669426202774
  view-data: 3.3007605113089085
