times:
  edit-metadata: 1.4984764009714127
  landing: 0.8128729909658432
  view-data: 3.418198309838772
