times:
  edit-metadata: 1.423230603337288
  landing: 0.9263368099927902
  view-data: 3.4640849977731705
