times:
  edit-metadata: 2.815560609102249
  landing: 1.6923839524388313
  view-data: 3.655438147485256
