times:
  edit-metadata: 1.4668221101164818
  landing: 0.8505370318889618
  view-data: 3.469094567000866
