times:
  edit-metadata: 1.5387078449130058
  landing: 0.9642181918025017
  view-data: 3.5513974726200104
