times:
  edit-metadata: 1.3627311512827873
  landing: 0.8083841726183891
  view-data: 3.383588384836912
