times:
  edit-metadata: 2.5894845873117447
  landing: 1.5758861526846886
  view-data: 3.9154834672808647
