times:
  edit-metadata: 1.4333415254950523
  landing: 0.8373155146837234
  view-data: 3.2927194759249687
