times:
  edit-metadata: 1.5000715181231499
  landing: 0.9111269116401672
  view-data: 3.415939398109913
