times:
  edit-metadata: 1.4590869918465614
  landing: 0.7739549949765205
  view-data: 3.4802139177918434
