times:
  edit-metadata: 1.394714243710041
  landing: 0.8188468962907791
  view-data: 3.3160210996866226
