times:
  edit-metadata: 1.4338594153523445
  landing: 0.8242576718330383
  view-data: 3.5073588490486145
