times:
  edit-metadata: 1.435795158147812
  landing: 0.8073194399476051
  view-data: 3.491041511297226
