times:
  edit-metadata: 1.3252071663737297
  landing: 0.8356554694473743
  view-data: 3.434559639543295
