times:
  edit-metadata: 1.5235979706048965
  landing: 0.8565478585660458
  view-data: 3.262817408889532
