times:
  edit-metadata: 1.7322129979729652
  landing: 1.110276721417904
  view-data: 3.6425914242863655
