times:
  edit-metadata: 1.5283233523368835
  landing: 0.7787226960062981
  view-data: 3.5112790018320084
