times:
  edit-metadata: 1.4120693504810333
  landing: 0.9175002537667751
  view-data: 3.314237728714943
