times:
  edit-metadata: 1.6956712044775486
  landing: 0.8818341083824635
  view-data: 3.3574350997805595
