times:
  edit-metadata: 1.4380505979061127
  landing: 0.780089445412159
  view-data: 3.3634598031640053
