times:
  edit-metadata: 1.3902336582541466
  landing: 0.949963353574276
  view-data: 3.649008199572563
