times:
  edit-metadata: 1.6920366659760475
  landing: 0.9802939742803574
  view-data: 3.4532197415828705
