times:
  edit-metadata: 1.2677743807435036
  landing: 0.8860309682786465
  view-data: 3.3697755597531796
