times:
  edit-metadata: 1.5217435844242573
  landing: 0.8911914341151714
  view-data: 3.360282424837351
