times:
  edit-metadata: 1.4175337813794613
  landing: 0.9206146374344826
  view-data: 3.3298486843705177
