times:
  edit-metadata: 1.52100196108222
  landing: 0.9267956614494324
  view-data: 3.298131562769413
