times:
  edit-metadata: 1.4761359468102455
  landing: 0.7972985878586769
  view-data: 3.534416727721691
