times:
  edit-metadata: 1.5028343200683594
  landing: 0.8188679069280624
  view-data: 3.446261927485466
