times:
  edit-metadata: 1.4515627920627594
  landing: 0.9308566227555275
  view-data: 3.554086707532406
