times:
  edit-metadata: 1.494677871465683
  landing: 0.9573485180735588
  view-data: 3.313827820122242
