times:
  edit-metadata: 1.4235043302178383
  landing: 0.7680426463484764
  view-data: 3.329825185239315
