times:
  edit-metadata: 1.596308819949627
  landing: 1.0577958524227142
  view-data: 3.4650286063551903
