times:
  edit-metadata: 1.3351736664772034
  landing: 0.8774471245706081
  view-data: 3.373771447688341
