times:
  edit-metadata: 1.4280696175992489
  landing: 1.000206422060728
  view-data: 3.3170299269258976
