times:
  edit-metadata: 1.5072638615965843
  landing: 0.9036459550261497
  view-data: 3.3711527585983276
