times:
  edit-metadata: 1.456719420850277
  landing: 0.8730379454791546
  view-data: 3.332355111837387
