times:
  edit-metadata: 3.0506166629493237
  landing: 2.100523993372917
  view-data: 4.473531927913427
