times:
  edit-metadata: 1.3436511754989624
  landing: 0.8853940553963184
  view-data: 3.3386906273663044
