times:
  edit-metadata: 1.5400637909770012
  landing: 0.8370387069880962
  view-data: 3.3527944311499596
