times:
  edit-metadata: 1.3431123122572899
  landing: 0.8013050332665443
  view-data: 3.461474560201168
