times:
  edit-metadata: 1.3696942403912544
  landing: 0.8096576109528542
  view-data: 3.5091637596488
