times:
  edit-metadata: 1.5058032423257828
  landing: 0.7711203321814537
  view-data: 3.444644510746002
