times:
  edit-metadata: 1.4560642838478088
  landing: 0.869291078299284
  view-data: 3.382726538926363
