times:
  edit-metadata: 1.8432462066411972
  landing: 1.3852660283446312
  view-data: 3.384922720491886
