times:
  edit-metadata: 1.6533133909106255
  landing: 0.9362867139279842
  view-data: 3.3696835972368717
