times:
  edit-metadata: 1.632011502981186
  landing: 0.9928076565265656
  view-data: 3.3500536680221558
