times:
  edit-metadata: 1.4095484167337418
  landing: 0.7188175767660141
  view-data: 3.694952182471752
