times:
  edit-metadata: 2.9773013293743134
  landing: 2.3969028182327747
  view-data: 3.4253092408180237
