times:
  edit-metadata: 1.3974609673023224
  landing: 0.8321370929479599
  view-data: 3.44226735830307
