times:
  edit-metadata: 1.4662691801786423
  landing: 0.8952075615525246
  view-data: 3.284286756068468
