times:
  edit-metadata: 1.337840385735035
  landing: 0.8302417919039726
  view-data: 3.4785695523023605
