times:
  edit-metadata: 1.9788929112255573
  landing: 1.210004597902298
  view-data: 3.5969268530607224
