times:
  edit-metadata: 1.3959418013691902
  landing: 0.822723999619484
  view-data: 3.4730716943740845
