times:
  edit-metadata: 1.5161317735910416
  landing: 0.8578458428382874
  view-data: 3.3354715406894684
