times:
  edit-metadata: 1.4720834121108055
  landing: 0.8187863975763321
  view-data: 3.3873480707406998
