times:
  edit-metadata: 1.4844076856970787
  landing: 1.1988935768604279
  view-data: 3.28183551132679
