times:
  edit-metadata: 1.452737271785736
  landing: 0.7450415194034576
  view-data: 3.3046668842434883
