times:
  edit-metadata: 1.3678655326366425
  landing: 0.8502437770366669
  view-data: 3.4851819649338722
