times:
  edit-metadata: 1.3728735260665417
  landing: 0.8466108292341232
  view-data: 3.3650229163467884
