times:
  edit-metadata: 1.524847824126482
  landing: 0.8115648627281189
  view-data: 3.294981461018324
