times:
  edit-metadata: 1.2853293977677822
  landing: 0.8925839066505432
  view-data: 3.367994327098131
