times:
  edit-metadata: 1.3409861475229263
  landing: 0.7670580893754959
  view-data: 3.4123037308454514
