times:
  edit-metadata: 2.1770244240760803
  landing: 1.0994721725583076
  view-data: 3.3637880235910416
