times:
  edit-metadata: 1.24791806563735
  landing: 0.8289778046309948
  view-data: 3.2948004826903343
