times:
  edit-metadata: 1.4273296296596527
  landing: 0.8228549584746361
  view-data: 3.4874001517891884
