times:
  edit-metadata: 1.4070621244609356
  landing: 0.8512026928365231
  view-data: 3.377990707755089
