times:
  edit-metadata: 2.655321665108204
  landing: 1.6444131135940552
  view-data: 3.7235775217413902
