times:
  edit-metadata: 1.7472550719976425
  landing: 1.0851752758026123
  view-data: 3.365083634853363
