times:
  edit-metadata: 1.5110364221036434
  landing: 0.8763732947409153
  view-data: 3.4128369092941284
