times:
  edit-metadata: 1.5048770010471344
  landing: 0.8244973048567772
  view-data: 3.502908766269684
