times:
  edit-metadata: 1.442063294351101
  landing: 0.7847636081278324
  view-data: 3.291268840432167
