times:
  edit-metadata: 1.5123531967401505
  landing: 0.8801006749272346
  view-data: 3.4602927416563034
