times:
  edit-metadata: 2.384376209229231
  landing: 1.1418830342590809
  view-data: 6.210712354630232
