times:
  edit-metadata: 1.393307738006115
  landing: 0.8689991384744644
  view-data: 3.52083657681942
