times:
  edit-metadata: 1.4488405883312225
  landing: 0.9191041216254234
  view-data: 3.41928718239069
