times:
  edit-metadata: 1.500461220741272
  landing: 0.9212340414524078
  view-data: 3.3046423196792603
