times:
  edit-metadata: 1.5269004367291927
  landing: 0.9430558048188686
  view-data: 3.4129381999373436
