times:
  edit-metadata: 1.4069879204034805
  landing: 0.8196225836873055
  view-data: 3.459083005785942
