times:
  edit-metadata: 1.5160085186362267
  landing: 0.8688160367310047
  view-data: 3.342386867851019
