times:
  edit-metadata: 1.4226754754781723
  landing: 0.7414795532822609
  view-data: 3.4168448969721794
