times:
  edit-metadata: 1.3820017501711845
  landing: 0.8416496962308884
  view-data: 3.2872059643268585
