times:
  edit-metadata: 1.548897735774517
  landing: 0.8327668681740761
  view-data: 3.5853553786873817
