times:
  edit-metadata: 1.4914561063051224
  landing: 0.7352812886238098
  view-data: 3.511708527803421
