times:
  edit-metadata: 1.3610233813524246
  landing: 0.8250677436590195
  view-data: 3.4872030317783356
