times:
  edit-metadata: 1.4539559856057167
  landing: 0.7972302213311195
  view-data: 3.4464670345187187
