times:
  edit-metadata: 1.4957315847277641
  landing: 0.8674497008323669
  view-data: 3.2945065051317215
