times:
  edit-metadata: 1.5368412509560585
  landing: 0.7998692095279694
  view-data: 3.278709828853607
