times:
  edit-metadata: 1.478324055671692
  landing: 0.8401515036821365
  view-data: 3.3926836997270584
