times:
  edit-metadata: 1.6221672408282757
  landing: 1.359265424311161
  view-data: 3.3328069858253
