times:
  edit-metadata: 1.4915956258773804
  landing: 0.8434072993695736
  view-data: 3.3733321614563465
