times:
  edit-metadata: 1.5178635939955711
  landing: 0.8840457573533058
  view-data: 3.538715049624443
