times:
  edit-metadata: 2.122198738157749
  landing: 1.4675920456647873
  view-data: 3.6602052971720695
