times:
  edit-metadata: 2.7018101811408997
  landing: 1.2721766531467438
  view-data: 3.531527891755104
