times:
  edit-metadata: 1.472479797899723
  landing: 0.8453376777470112
  view-data: 3.28421950340271
