times:
  edit-metadata: 1.4491263628005981
  landing: 0.9340641796588898
  view-data: 3.5038016885519028
