times:
  edit-metadata: 1.4787912145256996
  landing: 0.7787742614746094
  view-data: 3.5158848091959953
