times:
  edit-metadata: 1.6673110760748386
  landing: 0.8920924738049507
  view-data: 3.36149512976408
