times:
  edit-metadata: 1.4460311084985733
  landing: 0.9300159513950348
  view-data: 3.3996244072914124
