times:
  edit-metadata: 1.3968477174639702
  landing: 0.754445031285286
  view-data: 3.404846377670765
