times:
  edit-metadata: 1.4182085767388344
  landing: 0.8236466497182846
  view-data: 3.3623077496886253
