times:
  edit-metadata: 1.3710570856928825
  landing: 0.9982330873608589
  view-data: 3.4529914408922195
