times:
  edit-metadata: 1.5819418467581272
  landing: 0.9017623737454414
  view-data: 3.317153811454773
