times:
  edit-metadata: 1.4372647516429424
  landing: 0.781669020652771
  view-data: 3.321395792067051
