times:
  edit-metadata: 1.4057003855705261
  landing: 0.8194165416061878
  view-data: 3.3019308038055897
