times:
  edit-metadata: 1.3641825839877129
  landing: 0.788677453994751
  view-data: 3.4224913269281387
