times:
  edit-metadata: 1.4610303863883018
  landing: 0.9762119129300117
  view-data: 3.4762243255972862
