times:
  edit-metadata: 1.4490231908857822
  landing: 0.8772094622254372
  view-data: 3.4079399667680264
