times:
  edit-metadata: 1.6957071535289288
  landing: 1.2449526265263557
  view-data: 3.3495409041643143
