times:
  edit-metadata: 1.6123825646936893
  landing: 0.9282949045300484
  view-data: 3.3565951362252235
