times:
  edit-metadata: 1.3928582593798637
  landing: 0.7785829231142998
  view-data: 3.4141033589839935
