times:
  edit-metadata: 1.5125635713338852
  landing: 0.8815133571624756
  view-data: 3.478594943881035
