times:
  edit-metadata: 1.3311172425746918
  landing: 0.8420528471469879
  view-data: 3.2920340076088905
