times:
  edit-metadata: 1.4456164874136448
  landing: 0.8057753257453442
  view-data: 3.2703894674777985
