times:
  edit-metadata: 1.4790407121181488
  landing: 0.8328264057636261
  view-data: 3.3198206909000874
