times:
  edit-metadata: 1.4388080537319183
  landing: 0.7494524419307709
  view-data: 3.4647188410162926
