times:
  edit-metadata: 1.8305975012481213
  landing: 0.85120590031147
  view-data: 3.4137515649199486
