times:
  edit-metadata: 1.4722470939159393
  landing: 0.8363305032253265
  view-data: 3.319879971444607
