times:
  edit-metadata: 1.515379048883915
  landing: 0.8696186617016792
  view-data: 3.56779682636261
