times:
  edit-metadata: 1.5508579351007938
  landing: 0.8970000632107258
  view-data: 3.344247967004776
