times:
  edit-metadata: 1.4055053368210793
  landing: 0.8045854642987251
  view-data: 0.7087320759892464
