times:
  edit-metadata: 1.5880702808499336
  landing: 0.9310960099101067
  view-data: 3.3019324764609337
