times:
  edit-metadata: 1.4615671522915363
  landing: 0.8262126184999943
  view-data: 3.3506635911762714
