times:
  edit-metadata: 1.5786795914173126
  landing: 0.9535436667501926
  view-data: 3.304647460579872
