times:
  edit-metadata: 1.4980120360851288
  landing: 0.7918436080217361
  view-data: 3.3371935933828354
