times:
  edit-metadata: 1.4695212692022324
  landing: 0.880609504878521
  view-data: 3.3719342648983
