times:
  edit-metadata: 1.4363888129591942
  landing: 0.7578204050660133
  view-data: 3.417913518846035
