times:
  edit-metadata: 1.5380552262067795
  landing: 0.9167814031243324
  view-data: 3.4944225922226906
