times:
  edit-metadata: 1.5575158447027206
  landing: 0.8518300950527191
  view-data: 3.310587763786316
