times:
  edit-metadata: 1.4230779856443405
  landing: 0.8088701367378235
  view-data: 3.2577670887112617
