times:
  edit-metadata: 1.531885340809822
  landing: 0.7983310222625732
  view-data: 3.46106731146574
