times:
  edit-metadata: 1.421469233930111
  landing: 0.7815970182418823
  view-data: 3.526426210999489
