times:
  edit-metadata: 1.4551926478743553
  landing: 0.8825841769576073
  view-data: 3.3156122490763664
