times:
  edit-metadata: 1.342027798295021
  landing: 0.8302080854773521
  view-data: 3.4663822799921036
