times:
  edit-metadata: 1.5809259973466396
  landing: 0.8169865347445011
  view-data: 3.3769362717866898
