times:
  edit-metadata: 1.8270631656050682
  landing: 1.125623807311058
  view-data: 4.10191959887743
