times:
  edit-metadata: 1.3812933899462223
  landing: 1.0642487183213234
  view-data: 3.4377640932798386
