times:
  edit-metadata: 1.4262533076107502
  landing: 0.8106159158051014
  view-data: 3.3704645335674286
