times:
  edit-metadata: 1.4398079812526703
  landing: 0.7261228710412979
  view-data: 3.555357687175274
