times:
  edit-metadata: 1.3928279429674149
  landing: 0.7656812071800232
  view-data: 3.419785261154175
