times:
  edit-metadata: 2.346043035387993
  landing: 1.3183883503079414
  view-data: 3.5043771266937256
