times:
  edit-metadata: 1.3542699962854385
  landing: 0.7671956345438957
  view-data: 3.3461464568972588
