times:
  edit-metadata: 1.3977353498339653
  landing: 0.7450319677591324
  view-data: 3.309170015156269
