times:
  edit-metadata: 1.5013748742640018
  landing: 0.8616716153919697
  view-data: 3.3018167428672314
