times:
  edit-metadata: 1.3845942243933678
  landing: 0.7318492978811264
  view-data: 3.434914842247963
