times:
  edit-metadata: 1.471319392323494
  landing: 0.8695880696177483
  view-data: 3.327145256102085
