times:
  edit-metadata: 1.5321090705692768
  landing: 1.0211922340095043
  view-data: 3.3628822155296803
