times:
  edit-metadata: 1.3361054621636868
  landing: 0.7036371231079102
  view-data: 3.2493392042815685
