times:
  edit-metadata: 1.379496693611145
  landing: 0.846657857298851
  view-data: 3.2844594791531563
