times:
  edit-metadata: 1.3257033079862595
  landing: 0.7447020448744297
  view-data: 3.296971384435892
