times:
  edit-metadata: 1.3908490091562271
  landing: 0.753200463950634
  view-data: 3.4787167385220528
