times:
  edit-metadata: 1.3338607922196388
  landing: 0.7916399464011192
  view-data: 3.5297422781586647
