times:
  edit-metadata: 1.480428785085678
  landing: 0.7415551468729973
  view-data: 3.485804721713066
