times:
  edit-metadata: 1.4366397336125374
  landing: 0.9251754730939865
  view-data: 3.282307654619217
