times:
  edit-metadata: 1.3810117319226265
  landing: 0.7760988622903824
  view-data: 3.422979012131691
