times:
  edit-metadata: 1.49742042273283
  landing: 0.8777322024106979
  view-data: 3.320429679006338
