times:
  edit-metadata: 1.5478956885635853
  landing: 0.8635971210896969
  view-data: 3.3738010488450527
