times:
  edit-metadata: 1.4656663537025452
  landing: 0.7829145863652229
  view-data: 3.5279662683606148
