times:
  edit-metadata: 1.3500692546367645
  landing: 0.7222785800695419
  view-data: 3.289084054529667
