times:
  edit-metadata: 1.4641829580068588
  landing: 0.8287794217467308
  view-data: 3.3541060499846935
