times:
  edit-metadata: 1.3688575774431229
  landing: 0.7436362951993942
  view-data: 3.274971604347229
