times:
  edit-metadata: 1.3651617467403412
  landing: 0.8078170195221901
  view-data: 3.2772108279168606
