times:
  edit-metadata: 1.4775157049298286
  landing: 0.808796189725399
  view-data: 3.471266508102417
