times:
  edit-metadata: 1.3868463560938835
  landing: 0.7958660796284676
  view-data: 3.5155357122421265
