times:
  edit-metadata: 1.3168322890996933
  landing: 0.7572000660002232
  view-data: 3.3265129439532757
