times:
  edit-metadata: 1.4009771272540092
  landing: 0.778457023203373
  view-data: 3.487737312912941
