times:
  edit-metadata: 1.4293568059802055
  landing: 0.8537818267941475
  view-data: 3.46151365339756
