times:
  edit-metadata: 1.4698691591620445
  landing: 0.7540486603975296
  view-data: 3.516175091266632
