times:
  edit-metadata: 2.18962724506855
  landing: 1.4392129927873611
  view-data: 3.514484368264675
