times:
  edit-metadata: 1.4968691021203995
  landing: 0.7117849886417389
  view-data: 3.3581518158316612
