times:
  edit-metadata: 1.3777118921279907
  landing: 0.8044920936226845
  view-data: 3.365219399333
