times:
  edit-metadata: 1.3836114779114723
  landing: 0.7469492331147194
  view-data: 3.470486231148243
