times:
  edit-metadata: 1.3513734862208366
  landing: 0.7887590676546097
  view-data: 3.2889630645513535
