times:
  edit-metadata: 1.412464663386345
  landing: 0.7215204164385796
  view-data: 3.320660140365362
