times:
  edit-metadata: 1.3617229871451855
  landing: 0.8443173095583916
  view-data: 3.2811493314802647
