times:
  edit-metadata: 1.5035979002714157
  landing: 0.9110169783234596
  view-data: 3.54160475730896
