times:
  edit-metadata: 1.4175531640648842
  landing: 0.6952305734157562
  view-data: 3.4437076449394226
