times:
  edit-metadata: 1.6164362914860249
  landing: 0.9278969839215279
  view-data: 3.3377620577812195
