times:
  edit-metadata: 1.5360161662101746
  landing: 0.8301033526659012
  view-data: 3.45719937980175
