times:
  edit-metadata: 1.3505323603749275
  landing: 0.7773764878511429
  view-data: 3.270504556596279
