times:
  edit-metadata: 1.470191441476345
  landing: 0.8183863833546638
  view-data: 3.4360285624861717
