times:
  edit-metadata: 1.3512458056211472
  landing: 0.799776516854763
  view-data: 3.5851313397288322
