times:
  edit-metadata: 1.3765051886439323
  landing: 0.7941318228840828
  view-data: 3.3537343963980675
