times:
  edit-metadata: 1.4686819314956665
  landing: 0.8269305303692818
  view-data: 3.3114568442106247
