times:
  edit-metadata: 1.5021057464182377
  landing: 0.9284052103757858
  view-data: 3.3313007950782776
