times:
  edit-metadata: 1.3869708105921745
  landing: 0.6990946307778358
  view-data: 3.469946824014187
