times:
  edit-metadata: 1.3589539416134357
  landing: 0.7694937475025654
  view-data: 3.3036419972777367
