times:
  edit-metadata: 1.7090421319007874
  landing: 0.7964726164937019
  view-data: 3.328282453119755
