times:
  edit-metadata: 1.595406360924244
  landing: 0.8790955394506454
  view-data: 3.3313838690519333
