times:
  edit-metadata: 1.3769729882478714
  landing: 0.7525526061654091
  view-data: 3.4900649413466454
