times:
  edit-metadata: 1.3720006942749023
  landing: 0.7417815998196602
  view-data: 3.579776056110859
