times:
  edit-metadata: 1.4832948446273804
  landing: 0.8253293335437775
  view-data: 3.5370241329073906
