times:
  edit-metadata: 1.414118506014347
  landing: 0.7885627523064613
  view-data: 3.4810765236616135
