times:
  edit-metadata: 1.429431326687336
  landing: 0.7479115165770054
  view-data: 3.2873516529798508
