times:
  edit-metadata: 1.360762570053339
  landing: 0.7208031713962555
  view-data: 3.3128818534314632
