times:
  edit-metadata: 1.384950615465641
  landing: 0.7508478313684464
  view-data: 3.5626999959349632
