times:
  edit-metadata: 1.5380267277359962
  landing: 0.8483977504074574
  view-data: 3.3482532165944576
