times:
  edit-metadata: 1.908468134701252
  landing: 1.0335805900394917
  view-data: 3.374154333025217
