times:
  edit-metadata: 1.3980368450284004
  landing: 0.8395552635192871
  view-data: 3.2806804180145264
