times:
  edit-metadata: 1.8779798746109009
  landing: 0.9802065640687943
  view-data: 3.504861496388912
