times:
  edit-metadata: 1.3814618289470673
  landing: 1.1055807769298553
  view-data: 3.3948283344507217
