times:
  edit-metadata: 3.2453725039958954
  landing: 1.8542400822043419
  view-data: 3.6836230903863907
