times:
  edit-metadata: 1.4309230223298073
  landing: 0.9980921223759651
  view-data: 3.578965902328491
