times:
  edit-metadata: 1.4052497148513794
  landing: 0.7431090846657753
  view-data: 3.4784053713083267
