times:
  edit-metadata: 1.813390001654625
  landing: 1.5656302571296692
  view-data: 3.7492988407611847
