times:
  edit-metadata: 1.524523876607418
  landing: 0.7945391051471233
  view-data: 3.307705122977495
