times:
  edit-metadata: 1.5544381141662598
  landing: 0.9988126158714294
  view-data: 3.612435020506382
