times:
  edit-metadata: 1.3861220479011536
  landing: 0.7528954893350601
  view-data: 3.499735116958618
