times:
  edit-metadata: 1.3741374388337135
  landing: 0.8405067250132561
  view-data: 3.5003260895609856
