times:
  edit-metadata: 1.434525366872549
  landing: 0.7782688066363335
  view-data: 3.3147773034870625
