times:
  edit-metadata: 1.3222072944045067
  landing: 0.7769396379590034
  view-data: 3.428293354809284
