times:
  edit-metadata: 1.4205928668379784
  landing: 0.7375023812055588
  view-data: 3.464327074587345
