times:
  edit-metadata: 1.5122449472546577
  landing: 0.8291065841913223
  view-data: 3.2807407304644585
