times:
  edit-metadata: 1.5185266807675362
  landing: 0.8015741258859634
  view-data: 3.430763967335224
