times:
  edit-metadata: 1.486306793987751
  landing: 0.7447335422039032
  view-data: 3.3733336217701435
