times:
  edit-metadata: 1.5797139257192612
  landing: 0.7630215771496296
  view-data: 3.331772990524769
