times:
  edit-metadata: 1.3330364227294922
  landing: 1.015516560524702
  view-data: 3.3390547558665276
