times:
  edit-metadata: 1.3738359697163105
  landing: 0.8919054679572582
  view-data: 3.3331859298050404
