times:
  edit-metadata: 1.399944245815277
  landing: 0.706384539604187
  view-data: 3.3818733245134354
