times:
  edit-metadata: 1.455096174031496
  landing: 0.8097599595785141
  view-data: 3.394195705652237
