times:
  edit-metadata: 1.4805718883872032
  landing: 0.9279735013842583
  view-data: 3.343681365251541
