times:
  edit-metadata: 1.6928236484527588
  landing: 0.969963900744915
  view-data: 3.574457570910454
