times:
  edit-metadata: 1.4897093772888184
  landing: 0.7177169173955917
  view-data: 3.4605360254645348
