times:
  edit-metadata: 1.342508740723133
  landing: 0.7644971758127213
  view-data: 3.4148653596639633
