times:
  edit-metadata: 1.5172305405139923
  landing: 0.7722465693950653
  view-data: 3.5201796516776085
