times:
  edit-metadata: 1.5465768352150917
  landing: 0.750061646103859
  view-data: 3.441054366528988
