times:
  edit-metadata: 1.4293047413229942
  landing: 0.7741077765822411
  view-data: 3.3143306598067284
