times:
  edit-metadata: 1.3445019274950027
  landing: 0.732936717569828
  view-data: 3.4494285583496094
