times:
  edit-metadata: 1.4241998344659805
  landing: 0.8043533079326153
  view-data: 3.3610063306987286
