times:
  edit-metadata: 1.357485070824623
  landing: 0.7220167815685272
  view-data: 3.514003172516823
