times:
  edit-metadata: 1.437353827059269
  landing: 0.7271765470504761
  view-data: 3.3610201701521873
