times:
  edit-metadata: 1.4498249515891075
  landing: 0.8920916989445686
  view-data: 3.3290550261735916
