times:
  edit-metadata: 1.3294638097286224
  landing: 0.8040452674031258
  view-data: 3.3098969757556915
