times:
  edit-metadata: 1.3368303701281548
  landing: 0.7679970040917397
  view-data: 3.5411057621240616
