times:
  edit-metadata: 1.4007890075445175
  landing: 0.8009217903017998
  view-data: 3.3215016946196556
