times:
  edit-metadata: 1.414623662829399
  landing: 0.8531435877084732
  view-data: 3.377272240817547
