times:
  edit-metadata: 1.5547822788357735
  landing: 1.205176793038845
  view-data: 3.591517172753811
