times:
  edit-metadata: 1.4351380243897438
  landing: 0.7630923837423325
  view-data: 3.331730678677559
