times:
  edit-metadata: 1.7270941957831383
  landing: 0.9220220409333706
  view-data: 3.3125860653817654
