times:
  edit-metadata: 1.4234754294157028
  landing: 0.7852152436971664
  view-data: 3.301056183874607
