times:
  edit-metadata: 1.4653071761131287
  landing: 0.7120978832244873
  view-data: 3.4536449387669563
