times:
  edit-metadata: 1.4016848132014275
  landing: 0.7020104676485062
  view-data: 3.3282861784100533
