times:
  edit-metadata: 1.478975735604763
  landing: 0.7949075400829315
  view-data: 3.508717805147171
