times:
  edit-metadata: 1.432140290737152
  landing: 0.8410442396998405
  view-data: 3.350415363907814
