times:
  edit-metadata: 1.369093045592308
  landing: 0.8033108972012997
  view-data: 3.38573544844985
