times:
  edit-metadata: 1.3685816824436188
  landing: 0.7663676366209984
  view-data: 3.3492987379431725
