times:
  edit-metadata: 1.4914835467934608
  landing: 0.73126470297575
  view-data: 3.320496302098036
