times:
  edit-metadata: 1.443133793771267
  landing: 0.8046076893806458
  view-data: 3.5592728555202484
