times:
  edit-metadata: 1.5162233263254166
  landing: 0.9803098440170288
  view-data: 3.3031136356294155
