times:
  edit-metadata: 1.48551607131958
  landing: 0.8203394860029221
  view-data: 3.516712412238121
