times:
  edit-metadata: 1.41794790700078
  landing: 0.7507422231137753
  view-data: 3.2916093729436398
