times:
  edit-metadata: 1.3486008569598198
  landing: 0.8050631769001484
  view-data: 3.360629990696907
