times:
  edit-metadata: 1.4240999817848206
  landing: 0.8538167104125023
  view-data: 3.310510814189911
