times:
  edit-metadata: 1.5101383849978447
  landing: 0.7041948139667511
  view-data: 3.5188300609588623
