times:
  edit-metadata: 1.4750545881688595
  landing: 0.8048873692750931
  view-data: 3.3137586154043674
