times:
  edit-metadata: 1.435483917593956
  landing: 0.7567014247179031
  view-data: 3.491843268275261
