times:
  edit-metadata: 1.363560989499092
  landing: 0.7198315411806107
  view-data: 3.525643825531006
