times:
  edit-metadata: 1.3620957732200623
  landing: 0.7649580538272858
  view-data: 3.511163003742695
