times:
  edit-metadata: 1.3511235788464546
  landing: 0.848911102861166
  view-data: 3.3337066806852818
