times:
  edit-metadata: 1.4273523949086666
  landing: 0.7920199856162071
  view-data: 3.3085419796407223
