times:
  edit-metadata: 1.4699952527880669
  landing: 0.7823874466121197
  view-data: 3.40982474014163
