times:
  edit-metadata: 1.427331119775772
  landing: 0.7645698487758636
  view-data: 3.326762244105339
