times:
  edit-metadata: 1.3923902623355389
  landing: 0.8148307912051678
  view-data: 3.384210754185915
