times:
  edit-metadata: 2.2975701987743378
  landing: 1.425150454044342
  view-data: 3.5283533483743668
