times:
  edit-metadata: 1.4727425500750542
  landing: 0.7361276298761368
  view-data: 3.3810585737228394
