times:
  edit-metadata: 1.4729498736560345
  landing: 0.7734615504741669
  view-data: 3.310195319354534
