times:
  edit-metadata: 1.9530378989875317
  landing: 1.368857230991125
  view-data: 3.534353844821453
