times:
  edit-metadata: 1.3729396872222424
  landing: 0.8551278412342072
  view-data: 3.3093827292323112
