times:
  edit-metadata: 1.4468419589102268
  landing: 0.8083195090293884
  view-data: 3.2911335453391075
