times:
  edit-metadata: 1.5095469877123833
  landing: 0.7866970747709274
  view-data: 3.4522588551044464
