times:
  edit-metadata: 1.5021129697561264
  landing: 0.726708434522152
  view-data: 3.4607724249362946
