times:
  edit-metadata: 1.5087608322501183
  landing: 0.7994516119360924
  view-data: 3.4636843353509903
