times:
  edit-metadata: 1.5044184178113937
  landing: 0.7401099056005478
  view-data: 3.5728407576680183
