times:
  edit-metadata: 1.527420997619629
  landing: 0.8100258857011795
  view-data: 3.5847830325365067
