times:
  edit-metadata: 1.4231689386069775
  landing: 0.7573058120906353
  view-data: 3.296084500849247
