times:
  edit-metadata: 1.3780911192297935
  landing: 0.7871860601007938
  view-data: 3.2820241898298264
