times:
  edit-metadata: 1.4604921489953995
  landing: 0.6863547042012215
  view-data: 3.375548392534256
