times:
  edit-metadata: 1.575471393764019
  landing: 1.0199825391173363
  view-data: 3.513335481286049
