times:
  edit-metadata: 1.4369663000106812
  landing: 0.8762754797935486
  view-data: 3.447868160903454
