times:
  edit-metadata: 1.5092490017414093
  landing: 0.880589559674263
  view-data: 3.2981224209070206
