times:
  edit-metadata: 1.4886508584022522
  landing: 0.8009174093604088
  view-data: 3.4919049218297005
