times:
  edit-metadata: 2.089422680437565
  landing: 1.5084624737501144
  view-data: 3.469679854810238
