times:
  edit-metadata: 1.351017527282238
  landing: 0.9080077521502972
  view-data: 3.3608287163078785
