times:
  edit-metadata: 1.399284452199936
  landing: 0.8443379774689674
  view-data: 3.4012086018919945
