times:
  edit-metadata: 1.4173887744545937
  landing: 0.8355724960565567
  view-data: 3.454296886920929
