times:
  edit-metadata: 1.5117369629442692
  landing: 0.7889282889664173
  view-data: 3.2797364741563797
