times:
  edit-metadata: 1.4724930822849274
  landing: 0.7403092980384827
  view-data: 3.514041803777218
