times:
  edit-metadata: 1.5018594488501549
  landing: 0.836468517780304
  view-data: 3.454804316163063
