times:
  edit-metadata: 1.4020539671182632
  landing: 0.8344018086791039
  view-data: 3.314448945224285
