times:
  edit-metadata: 1.4920929707586765
  landing: 1.0301696620881557
  view-data: 3.316853493452072
