times:
  edit-metadata: 1.5345688983798027
  landing: 0.9904926158487797
  view-data: 3.3010675236582756
