times:
  edit-metadata: 1.4283100366592407
  landing: 0.8965249694883823
  view-data: 3.331923857331276
