times:
  edit-metadata: 1.5329470485448837
  landing: 0.871778529137373
  view-data: 3.3934335224330425
