times:
  edit-metadata: 1.678356908261776
  landing: 1.0980374068021774
  view-data: 3.2944821305572987
