times:
  edit-metadata: 1.4953924901783466
  landing: 0.7937609329819679
  view-data: 3.4101370200514793
