times:
  edit-metadata: 1.5711244493722916
  landing: 0.8442920297384262
  view-data: 3.3594332709908485
