times:
  edit-metadata: 1.417459711432457
  landing: 0.8720426484942436
  view-data: 3.2746336683630943
