times:
  edit-metadata: 1.5294127762317657
  landing: 0.814319983124733
  view-data: 3.411933071911335
