times:
  edit-metadata: 1.5932140871882439
  landing: 0.9207874536514282
  view-data: 3.429882414638996
