times:
  edit-metadata: 1.8020191825926304
  landing: 1.1767307929694653
  view-data: 3.4239041060209274
