times:
  edit-metadata: 1.5143574476242065
  landing: 0.7616540044546127
  view-data: 3.436466708779335
