times:
  edit-metadata: 1.4287516474723816
  landing: 0.8397011086344719
  view-data: 3.624652400612831
