times:
  edit-metadata: 1.9467290416359901
  landing: 0.9247865155339241
  view-data: 3.5570617988705635
