times:
  edit-metadata: 1.46916439011693
  landing: 0.8890345022082329
  view-data: 3.2879734449088573
