times:
  edit-metadata: 1.5363155901432037
  landing: 0.7758587524294853
  view-data: 3.444730930030346
