times:
  edit-metadata: 2.7494478970766068
  landing: 1.2470505386590958
  view-data: 3.729515627026558
