times:
  edit-metadata: 1.4376964643597603
  landing: 0.786593534052372
  view-data: 3.467177003622055
