times:
  edit-metadata: 1.4093348868191242
  landing: 0.965356670320034
  view-data: 3.247472796589136
