times:
  edit-metadata: 1.5416301041841507
  landing: 0.808633379638195
  view-data: 3.3521582037210464
