times:
  edit-metadata: 1.407914638519287
  landing: 0.7843591347336769
  view-data: 3.4539375379681587
