times:
  edit-metadata: 1.3836601488292217
  landing: 0.8333585783839226
  view-data: 3.295667603611946
