times:
  edit-metadata: 1.4252996146678925
  landing: 0.8007121309638023
  view-data: 3.3144621551036835
