times:
  edit-metadata: 1.4523071013391018
  landing: 0.8235931545495987
  view-data: 3.2983547672629356
