times:
  edit-metadata: 1.9683562703430653
  landing: 1.0576148517429829
  view-data: 3.4343497306108475
