times:
  edit-metadata: 1.4354668334126472
  landing: 0.7336522191762924
  view-data: 3.4648057967424393
