times:
  edit-metadata: 1.5891720652580261
  landing: 0.8755664005875587
  view-data: 3.37889276817441
