times:
  edit-metadata: 1.3620854243636131
  landing: 0.8080707788467407
  view-data: 3.38623808324337
