times:
  edit-metadata: 1.447483405470848
  landing: 0.8366620354354382
  view-data: 3.3596447594463825
