times:
  edit-metadata: 1.5076381228864193
  landing: 0.8781692869961262
  view-data: 3.334716573357582
