times:
  edit-metadata: 1.4454095289111137
  landing: 0.9064894691109657
  view-data: 3.3390857949852943
