times:
  edit-metadata: 1.4031918346881866
  landing: 0.918521348387003
  view-data: 3.2910563349723816
