times:
  edit-metadata: 1.6538327932357788
  landing: 1.1345661655068398
  view-data: 3.3254065550863743
