times:
  edit-metadata: 1.4011285528540611
  landing: 0.8037805780768394
  view-data: 3.293275460600853
