times:
  edit-metadata: 1.5818824246525764
  landing: 0.8634214997291565
  view-data: 3.3856704235076904
