times:
  edit-metadata: 1.4573613703250885
  landing: 1.1303207725286484
  view-data: 3.272847045212984
