times:
  edit-metadata: 1.412869542837143
  landing: 0.8479737043380737
  view-data: 3.3409278988838196
