times:
  edit-metadata: 1.4993656277656555
  landing: 0.832289308309555
  view-data: 3.4612628668546677
