times:
  edit-metadata: 1.402929574251175
  landing: 0.8236182406544685
  view-data: 3.5035014152526855
