times:
  edit-metadata: 1.7597739547491074
  landing: 1.0640757903456688
  view-data: 3.315154042094946
