times:
  edit-metadata: 1.5499869957566261
  landing: 0.9148827716708183
  view-data: 3.6038792729377747
