times:
  edit-metadata: 2.001558482646942
  landing: 1.0096638053655624
  view-data: 3.340792141854763
