times:
  edit-metadata: 1.970016535371542
  landing: 1.5619138553738594
  view-data: 3.6672667302191257
