times:
  edit-metadata: 1.4578667767345905
  landing: 0.7681936509907246
  view-data: 3.326562099158764
