times:
  edit-metadata: 1.39829483628273
  landing: 0.7524110153317451
  view-data: 3.4315170347690582
