times:
  edit-metadata: 1.597760796546936
  landing: 0.7700410559773445
  view-data: 3.534530095756054
