times:
  edit-metadata: 1.4285267516970634
  landing: 0.8308170437812805
  view-data: 3.2429139241576195
