times:
  edit-metadata: 1.4312620759010315
  landing: 0.8947420865297318
  view-data: 3.3252113573253155
