times:
  edit-metadata: 1.4743460938334465
  landing: 0.8511201031506062
  view-data: 3.3017132841050625
