times:
  edit-metadata: 1.473240152001381
  landing: 0.7724887654185295
  view-data: 3.459554262459278
