times:
  edit-metadata: 1.4529104083776474
  landing: 1.0626419633626938
  view-data: 3.744895786046982
