times:
  edit-metadata: 1.4792845137417316
  landing: 0.7992276735603809
  view-data: 3.281493838876486
