times:
  edit-metadata: 1.3881003335118294
  landing: 0.8798153288662434
  view-data: 3.3121853582561016
