times:
  edit-metadata: 1.5167272165417671
  landing: 0.8140756264328957
  view-data: 3.538120448589325
