times:
  edit-metadata: 1.5528081879019737
  landing: 0.8926313668489456
  view-data: 3.292587898671627
