times:
  edit-metadata: 1.4504930675029755
  landing: 0.8873543590307236
  view-data: 3.3762620612978935
