times:
  edit-metadata: 1.4605581052601337
  landing: 0.8203494437038898
  view-data: 3.4789570719003677
