times:
  edit-metadata: 1.4935754835605621
  landing: 0.7201576828956604
  view-data: 3.399854652583599
