times:
  edit-metadata: 1.3825121596455574
  landing: 0.7985615432262421
  view-data: 3.4105494618415833
