times:
  edit-metadata: 1.8351807333528996
  landing: 1.1449860595166683
  view-data: 3.3306881561875343
