times:
  edit-metadata: 1.4493640437722206
  landing: 0.8561071828007698
  view-data: 3.5226332768797874
