times:
  edit-metadata: 1.533230759203434
  landing: 0.8470656275749207
  view-data: 3.4829891100525856
