times:
  edit-metadata: 1.3470923602581024
  landing: 0.9122908338904381
  view-data: 3.3045525811612606
