times:
  edit-metadata: 1.4263906106352806
  landing: 0.8272399008274078
  view-data: 3.429498441517353
