times:
  edit-metadata: 1.5198106318712234
  landing: 0.7568016946315765
  view-data: 3.4344124272465706
