times:
  edit-metadata: 1.5038198977708817
  landing: 0.7384832203388214
  view-data: 3.5131411775946617
