times:
  edit-metadata: 1.370370827615261
  landing: 0.7654730305075645
  view-data: 3.4637720957398415
