times:
  edit-metadata: 1.4232840985059738
  landing: 0.7278561517596245
  view-data: 3.3078235536813736
