times:
  edit-metadata: 1.456521950662136
  landing: 0.7943891957402229
  view-data: 3.481022298336029
