times:
  edit-metadata: 1.4138028621673584
  landing: 0.7884325757622719
  view-data: 3.4500259682536125
