times:
  edit-metadata: 1.612682469189167
  landing: 0.881901390850544
  view-data: 3.3095297664403915
