times:
  edit-metadata: 1.3578470759093761
  landing: 0.9351732023060322
  view-data: 3.3792970217764378
