times:
  edit-metadata: 1.4178090244531631
  landing: 0.7901514992117882
  view-data: 3.4682570844888687
