times:
  edit-metadata: 1.497371070086956
  landing: 0.7532080337405205
  view-data: 3.484947048127651
