times:
  edit-metadata: 1.390290766954422
  landing: 0.7957614436745644
  view-data: 3.476123869419098
