times:
  edit-metadata: 1.6421923227608204
  landing: 0.9420029670000076
  view-data: 3.3741548135876656
