times:
  edit-metadata: 2.0855306312441826
  landing: 1.5265343561768532
  view-data: 3.4195373095571995
