times:
  edit-metadata: 1.4254277683794498
  landing: 0.8827769160270691
  view-data: 3.2977453097701073
