times:
  edit-metadata: 1.4340964332222939
  landing: 0.9067359119653702
  view-data: 3.4443996474146843
