times:
  edit-metadata: 1.4783693701028824
  landing: 0.8757177926599979
  view-data: 3.25338713824749
