times:
  edit-metadata: 1.4153278097510338
  landing: 0.8000870868563652
  view-data: 3.428625501692295
