times:
  edit-metadata: 1.4433753341436386
  landing: 0.795859083533287
  view-data: 3.4417735561728477
