times:
  edit-metadata: 1.6608951836824417
  landing: 0.987844243645668
  view-data: 3.530285008251667
