times:
  edit-metadata: 1.539911638945341
  landing: 0.9229925014078617
  view-data: 3.409517053514719
