times:
  edit-metadata: 1.3728394284844398
  landing: 0.736882172524929
  view-data: 3.427988901734352
