times:
  edit-metadata: 1.437782570719719
  landing: 0.7743179649114609
  view-data: 3.4133638814091682
