times:
  edit-metadata: 1.4913633540272713
  landing: 0.7960932180285454
  view-data: 3.3163409531116486
