times:
  edit-metadata: 1.5139847695827484
  landing: 0.8903044536709785
  view-data: 3.421982169151306
