times:
  edit-metadata: 1.497767724096775
  landing: 0.7411620318889618
  view-data: 3.449314422905445
