times:
  edit-metadata: 1.42630947381258
  landing: 0.766360454261303
  view-data: 3.416678875684738
