times:
  edit-metadata: 1.4425686337053776
  landing: 0.822019062936306
  view-data: 3.3314542323350906
