times:
  edit-metadata: 1.5520239248871803
  landing: 0.8304343000054359
  view-data: 3.3882784843444824
