times:
  edit-metadata: 1.3663183823227882
  landing: 0.8356460630893707
  view-data: 3.680983141064644
