times:
  edit-metadata: 1.4077864363789558
  landing: 0.7554260045289993
  view-data: 3.530158258974552
