times:
  edit-metadata: 1.3431110233068466
  landing: 0.7632828876376152
  view-data: 3.351208157837391
