times:
  edit-metadata: 1.5011069439351559
  landing: 0.8003419004380703
  view-data: 3.3325677812099457
