times:
  edit-metadata: 1.6370816826820374
  landing: 1.219612441956997
  view-data: 3.4176319018006325
