times:
  edit-metadata: 2.5321503542363644
  landing: 1.6711198315024376
  view-data: 3.5255368687212467
