times:
  edit-metadata: 1.5426212325692177
  landing: 0.7429129406809807
  view-data: 3.5412078350782394
