times:
  edit-metadata: 1.427104141563177
  landing: 0.9069462642073631
  view-data: 3.3455567061901093
