times:
  edit-metadata: 1.4846285469830036
  landing: 0.8729248680174351
  view-data: 3.338822416961193
