times:
  edit-metadata: 1.421636052429676
  landing: 0.7318456619977951
  view-data: 3.4300322458148003
