times:
  edit-metadata: 1.6871915012598038
  landing: 0.924340695142746
  view-data: 3.324850916862488
