times:
  edit-metadata: 1.477814331650734
  landing: 0.8728299215435982
  view-data: 3.4290353506803513
