times:
  edit-metadata: 1.61048574000597
  landing: 0.96565355733037
  view-data: 3.284731388092041
