times:
  edit-metadata: 1.5198657102882862
  landing: 1.0482748225331306
  view-data: 3.3342207595705986
