times:
  edit-metadata: 1.4183519259095192
  landing: 0.7910973429679871
  view-data: 3.4801364839076996
