times:
  edit-metadata: 1.4169794023036957
  landing: 0.8852624967694283
  view-data: 3.6288478448987007
