times:
  edit-metadata: 1.7239583283662796
  landing: 0.9781795516610146
  view-data: 3.4131931513547897
