times:
  edit-metadata: 1.5313550680875778
  landing: 0.9369995780289173
  view-data: 3.3236733451485634
