times:
  edit-metadata: 1.5704226717352867
  landing: 1.1715128272771835
  view-data: 3.3154071271419525
