times:
  edit-metadata: 2.0183168798685074
  landing: 1.2425517588853836
  view-data: 3.6819492802023888
