times:
  edit-metadata: 1.4279344007372856
  landing: 0.8211294561624527
  view-data: 3.453207954764366
