times:
  edit-metadata: 1.5008570104837418
  landing: 0.8782238438725471
  view-data: 3.434210278093815
