times:
  edit-metadata: 1.4727760404348373
  landing: 0.7655599266290665
  view-data: 3.432355836033821
