times:
  edit-metadata: 1.597152978181839
  landing: 0.9794008322060108
  view-data: 3.375432152301073
