times:
  edit-metadata: 1.4506362527608871
  landing: 0.8301747664809227
  view-data: 3.432890757918358
