times:
  edit-metadata: 1.4454092420637608
  landing: 0.8055554367601871
  view-data: 3.273110408335924
