times:
  edit-metadata: 1.374819204211235
  landing: 0.8230831399559975
  view-data: 3.3122164607048035
