times:
  edit-metadata: 1.463634081184864
  landing: 0.7959594652056694
  view-data: 3.515080973505974
