times:
  edit-metadata: 1.9498157128691673
  landing: 1.2663696445524693
  view-data: 3.3261277079582214
