times:
  edit-metadata: 1.5264305099844933
  landing: 1.1294958293437958
  view-data: 3.4752196073532104
