times:
  edit-metadata: 1.456623937934637
  landing: 0.8397764526307583
  view-data: 3.3635203167796135
