times:
  edit-metadata: 1.4372098594903946
  landing: 0.7986269816756248
  view-data: 3.3193232491612434
