times:
  edit-metadata: 1.4784691780805588
  landing: 0.9214152544736862
  view-data: 3.348380610346794
