times:
  edit-metadata: 1.5381673276424408
  landing: 0.8569315299391747
  view-data: 3.2833542339503765
