times:
  edit-metadata: 1.498942844569683
  landing: 0.8402373418211937
  view-data: 3.50861194729805
