times:
  edit-metadata: 2.744279433041811
  landing: 1.843720331788063
  view-data: 3.4934468120336533
