times:
  edit-metadata: 2.0696349292993546
  landing: 0.9629720747470856
  view-data: 3.3267972953617573
