times:
  edit-metadata: 1.9686001986265182
  landing: 1.109398901462555
  view-data: 3.3523771688342094
