times:
  edit-metadata: 1.4072351604700089
  landing: 0.7846070602536201
  view-data: 3.2755640372633934
