times:
  edit-metadata: 1.5272421725094318
  landing: 0.8558877184987068
  view-data: 3.318368509411812
