times:
  edit-metadata: 1.4338147938251495
  landing: 0.8206276223063469
  view-data: 3.4872530922293663
