times:
  edit-metadata: 2.0029524117708206
  landing: 1.071107916533947
  view-data: 3.5937544107437134
