times:
  edit-metadata: 1.4737138003110886
  landing: 0.8013806417584419
  view-data: 3.2853606045246124
