times:
  edit-metadata: 1.5303992703557014
  landing: 0.7889691069722176
  view-data: 3.3990625888109207
