times:
  edit-metadata: 1.9241404384374619
  landing: 0.9475270211696625
  view-data: 3.693494088947773
