times:
  edit-metadata: 1.508818008005619
  landing: 0.8172041699290276
  view-data: 3.4221202582120895
