times:
  edit-metadata: 1.4835682436823845
  landing: 0.7568396031856537
  view-data: 3.5543871372938156
