times:
  edit-metadata: 2.541680909693241
  landing: 0.8248180411756039
  view-data: 3.3633794598281384
