times:
  edit-metadata: 1.3986719697713852
  landing: 0.8355027511715889
  view-data: 3.50601127743721
