times:
  edit-metadata: 1.4496504589915276
  landing: 0.9056207835674286
  view-data: 3.301835410296917
