times:
  edit-metadata: 1.5791593864560127
  landing: 0.7900464758276939
  view-data: 3.384935863316059
