times:
  edit-metadata: 1.4442738220095634
  landing: 0.7425709366798401
  view-data: 3.50407275557518
