times:
  edit-metadata: 1.491312351077795
  landing: 0.8588993959128857
  view-data: 3.3109708055853844
