times:
  edit-metadata: 1.4394427463412285
  landing: 0.7358458787202835
  view-data: 3.367618665099144
