times:
  edit-metadata: 1.6387019157409668
  landing: 1.2042305916547775
  view-data: 3.3339011445641518
