times:
  edit-metadata: 1.4246626645326614
  landing: 0.753475122153759
  view-data: 3.4357474222779274
