times:
  edit-metadata: 1.3848498091101646
  landing: 0.7061043083667755
  view-data: 3.373429484665394
