times:
  edit-metadata: 1.8019807040691376
  landing: 0.9958400912582874
  view-data: 3.450131341814995
