times:
  edit-metadata: 1.5413194969296455
  landing: 0.8967343270778656
  view-data: 3.315773881971836
