times:
  edit-metadata: 1.562264047563076
  landing: 0.7925437912344933
  view-data: 3.3487089201807976
