times:
  edit-metadata: 1.5469696894288063
  landing: 0.9584024399518967
  view-data: 3.321254588663578
