times:
  edit-metadata: 1.5477025136351585
  landing: 0.7006318643689156
  view-data: 3.5091477930545807
