times:
  edit-metadata: 1.4036341980099678
  landing: 0.7113053500652313
  view-data: 3.254206195473671
