times:
  edit-metadata: 1.633413553237915
  landing: 0.8888764679431915
  view-data: 3.483857624232769
