times:
  edit-metadata: 1.4595068544149399
  landing: 0.7409963011741638
  view-data: 3.405370719730854
