times:
  edit-metadata: 1.375643029808998
  landing: 0.7588729783892632
  view-data: 3.331968553364277
