times:
  edit-metadata: 1.4515074118971825
  landing: 0.7506111338734627
  view-data: 3.488867036998272
