times:
  edit-metadata: 1.4022161662578583
  landing: 0.6916259080171585
  view-data: 3.392342120409012
