times:
  edit-metadata: 1.4473394751548767
  landing: 0.8069998323917389
  view-data: 3.4800586476922035
