times:
  edit-metadata: 1.5177161656320095
  landing: 0.823916882276535
  view-data: 3.301222749054432
