times:
  edit-metadata: 1.5246572941541672
  landing: 0.7386934235692024
  view-data: 3.505900464951992
