times:
  edit-metadata: 1.5396943390369415
  landing: 1.0761938095092773
  view-data: 3.5976269021630287
