times:
  edit-metadata: 1.466059461236
  landing: 0.7414957992732525
  view-data: 3.315466273576021
