times:
  edit-metadata: 1.4350563064217567
  landing: 0.7219722718000412
  view-data: 3.438035324215889
