times:
  edit-metadata: 1.3969201371073723
  landing: 0.7876260504126549
  view-data: 3.4183042272925377
