times:
  edit-metadata: 1.4143444448709488
  landing: 0.7961355820298195
  view-data: 3.324768505990505
