times:
  edit-metadata: 1.479419395327568
  landing: 0.7358226925134659
  view-data: 3.4261555075645447
