times:
  edit-metadata: 1.449184812605381
  landing: 0.7974916771054268
  view-data: 3.5005930587649345
