times:
  edit-metadata: 1.703669399023056
  landing: 0.9610258564352989
  view-data: 3.3171528428792953
