times:
  edit-metadata: 1.4520386345684528
  landing: 0.9340876452624798
  view-data: 3.3492142744362354
