times:
  edit-metadata: 1.4287769198417664
  landing: 0.7133489102125168
  view-data: 3.287531204521656
