times:
  edit-metadata: 1.9984614327549934
  landing: 1.025801107287407
  view-data: 3.308986708521843
