times:
  edit-metadata: 1.4658874347805977
  landing: 0.8769823163747787
  view-data: 3.3278107680380344
