times:
  edit-metadata: 1.3716227561235428
  landing: 0.7483627796173096
  view-data: 3.4724328070878983
