times:
  edit-metadata: 1.3578222766518593
  landing: 0.7334828451275826
  view-data: 3.5296702310442924
