times:
  edit-metadata: 1.4372114017605782
  landing: 0.763351321220398
  view-data: 3.5213893353939056
