times:
  edit-metadata: 1.3810587488114834
  landing: 0.947547934949398
  view-data: 3.302067294716835
