times:
  edit-metadata: 1.417562309652567
  landing: 0.7100561037659645
  view-data: 3.2574517242610455
