times:
  edit-metadata: 1.362075924873352
  landing: 0.6555495858192444
  view-data: 3.4085244461894035
