times:
  edit-metadata: 1.483554184436798
  landing: 0.7322651259601116
  view-data: 3.3510687984526157
