times:
  edit-metadata: 1.3884836286306381
  landing: 0.7748525366187096
  view-data: 3.5042805150151253
