times:
  edit-metadata: 1.487313725054264
  landing: 0.7312205731868744
  view-data: 3.3405933529138565
