times:
  edit-metadata: 1.5130684599280357
  landing: 0.8846600651741028
  view-data: 3.3534177765250206
