times:
  edit-metadata: 1.5245342142879963
  landing: 0.8530372679233551
  view-data: 3.420461181551218
