times:
  edit-metadata: 1.4593062177300453
  landing: 0.8376679867506027
  view-data: 3.2915522307157516
