times:
  edit-metadata: 1.3867509588599205
  landing: 0.7721022218465805
  view-data: 3.490178845822811
