times:
  edit-metadata: 1.6010616272687912
  landing: 0.7762631550431252
  view-data: 3.3268054500222206
