times:
  edit-metadata: 1.5587548315525055
  landing: 0.8222159296274185
  view-data: 3.5852204635739326
