times:
  edit-metadata: 1.527975156903267
  landing: 0.7675246745347977
  view-data: 3.4049225598573685
