times:
  edit-metadata: 1.4085974246263504
  landing: 0.7622436732053757
  view-data: 3.2868920639157295
