times:
  edit-metadata: 1.5767570436000824
  landing: 0.7589205950498581
  view-data: 3.4141483455896378
