times:
  edit-metadata: 1.7591315656900406
  landing: 0.9302655681967735
  view-data: 3.6282107532024384
