times:
  edit-metadata: 1.4663906544446945
  landing: 0.7760002426803112
  view-data: 3.395776603370905
