times:
  edit-metadata: 1.4353070817887783
  landing: 0.7754240073263645
  view-data: 3.298768676817417
