times:
  edit-metadata: 1.4104497358202934
  landing: 0.9537118375301361
  view-data: 3.5199916437268257
