times:
  edit-metadata: 1.4997510723769665
  landing: 0.7290166318416595
  view-data: 3.3170503303408623
