times:
  edit-metadata: 1.4370289109647274
  landing: 0.7654277011752129
  view-data: 3.364796429872513
