times:
  edit-metadata: 1.4024770855903625
  landing: 0.7834193333983421
  view-data: 3.490526035428047
