times:
  edit-metadata: 2.2669960856437683
  landing: 1.200267244130373
  view-data: 3.432888835668564
