times:
  edit-metadata: 1.521438129246235
  landing: 0.7459823563694954
  view-data: 3.4865686893463135
