times:
  edit-metadata: 1.4579501822590828
  landing: 0.7267077937722206
  view-data: 3.5417904555797577
