times:
  edit-metadata: 1.413329292088747
  landing: 0.7578534334897995
  view-data: 3.35800439119339
