times:
  edit-metadata: 1.4855902381241322
  landing: 0.8250169530510902
  view-data: 3.3177139163017273
