times:
  edit-metadata: 1.4800671227276325
  landing: 0.7790571115911007
  view-data: 3.297133330255747
