times:
  edit-metadata: 1.507784392684698
  landing: 0.7781743109226227
  view-data: 3.2552825920283794
