times:
  edit-metadata: 1.6438649892807007
  landing: 0.9287082739174366
  view-data: 3.3174368254840374
