times:
  edit-metadata: 1.5430715307593346
  landing: 0.8467186614871025
  view-data: 3.5039870887994766
