times:
  edit-metadata: 1.6392699889838696
  landing: 0.9532455317676067
  view-data: 3.2951897867023945
