times:
  edit-metadata: 1.4725765138864517
  landing: 0.7550461664795876
  view-data: 3.280625879764557
