times:
  edit-metadata: 1.4186044298112392
  landing: 0.7632879875600338
  view-data: 3.3080270178616047
