times:
  edit-metadata: 1.8727052435278893
  landing: 0.7810827940702438
  view-data: 3.3005817234516144
