times:
  edit-metadata: 1.4322652071714401
  landing: 0.7771901786327362
  view-data: 3.473223201930523
