times:
  edit-metadata: 1.4354552328586578
  landing: 0.661068856716156
  view-data: 3.464293025434017
