times:
  edit-metadata: 1.4115158766508102
  landing: 0.6877725273370743
  view-data: 3.3398119658231735
