times:
  edit-metadata: 1.6435982137918472
  landing: 0.8742931559681892
  view-data: 3.3524143546819687
