times:
  edit-metadata: 3.378651898354292
  landing: 1.1048153974115849
  view-data: 3.293519675731659
