times:
  edit-metadata: 1.6288371346890926
  landing: 0.9810633510351181
  view-data: 3.275244679301977
