times:
  edit-metadata: 1.5569830052554607
  landing: 0.7886143885552883
  view-data: 3.3587064258754253
