times:
  edit-metadata: 1.5472839251160622
  landing: 0.8130082674324512
  view-data: 3.4878756664693356
