times:
  edit-metadata: 1.5708491131663322
  landing: 0.8089858256280422
  view-data: 3.304863017052412
