times:
  edit-metadata: 1.5744772404432297
  landing: 0.8064249008893967
  view-data: 3.375854142010212
