times:
  edit-metadata: 1.6262441501021385
  landing: 0.9467301033437252
  view-data: 3.2933780811727047
