times:
  edit-metadata: 1.419932335615158
  landing: 0.6998936235904694
  view-data: 3.4295161366462708
