times:
  edit-metadata: 1.512606993317604
  landing: 0.7889181077480316
  view-data: 3.3111899197101593
