times:
  edit-metadata: 1.4932140037417412
  landing: 0.8747366070747375
  view-data: 3.313932675868273
