times:
  edit-metadata: 1.500199593603611
  landing: 0.7452946081757545
  view-data: 3.468599461019039
