times:
  edit-metadata: 1.447959952056408
  landing: 0.8072473183274269
  view-data: 3.4625889882445335
