times:
  edit-metadata: 1.448182962834835
  landing: 0.818710021674633
  view-data: 3.3128705620765686
