times:
  edit-metadata: 1.5602498576045036
  landing: 0.7907964736223221
  view-data: 3.3530522361397743
