times:
  edit-metadata: 1.447009451687336
  landing: 0.787988755851984
  view-data: 3.3514905758202076
