times:
  edit-metadata: 1.4761714674532413
  landing: 0.8457021713256836
  view-data: 3.3027558401226997
