times:
  edit-metadata: 1.6432616896927357
  landing: 0.9189554378390312
  view-data: 3.2964017055928707
