times:
  edit-metadata: 1.3982556536793709
  landing: 0.9983110018074512
  view-data: 3.394660849124193
