times:
  edit-metadata: 1.5925011076033115
  landing: 0.8307980298995972
  view-data: 3.3423730432987213
