times:
  edit-metadata: 1.4816572666168213
  landing: 0.7431941479444504
  view-data: 3.5025731027126312
