times:
  edit-metadata: 1.4882184155285358
  landing: 0.7336073219776154
  view-data: 3.317322362214327
