times:
  edit-metadata: 1.4179939776659012
  landing: 0.6768542155623436
  view-data: 3.448433168232441
