times:
  edit-metadata: 1.5007045939564705
  landing: 0.779295988380909
  view-data: 3.4782968685030937
