times:
  edit-metadata: 1.4522922299802303
  landing: 0.8040604330599308
  view-data: 3.4531416185200214
