times:
  edit-metadata: 1.404983900487423
  landing: 0.877480261027813
  view-data: 3.485784947872162
