times:
  edit-metadata: 1.373181950300932
  landing: 0.8109325468540192
  view-data: 3.293490309268236
