times:
  edit-metadata: 1.429565206170082
  landing: 0.7768912985920906
  view-data: 3.2971463799476624
