times:
  edit-metadata: 1.5410227850079536
  landing: 0.7243011444807053
  view-data: 3.5282565280795097
