times:
  edit-metadata: 1.5033414587378502
  landing: 0.7204080745577812
  view-data: 3.5648491084575653
