times:
  edit-metadata: 1.4390576295554638
  landing: 0.82169159501791
  view-data: 3.410675033926964
