times:
  edit-metadata: 1.5008793957531452
  landing: 0.74845240265131
  view-data: 3.2976127676665783
