times:
  edit-metadata: 1.428897850215435
  landing: 0.73619120195508
  view-data: 3.2868617400527
