times:
  edit-metadata: 1.4432237595319748
  landing: 0.7885881960391998
  view-data: 3.277846336364746
