times:
  edit-metadata: 1.5343089401721954
  landing: 0.7165365666151047
  view-data: 3.5048557221889496
