times:
  edit-metadata: 1.4751072600483894
  landing: 1.046906717121601
  view-data: 3.4098424166440964
