times:
  edit-metadata: 1.5117990374565125
  landing: 0.8961417600512505
  view-data: 3.5161309838294983
