times:
  edit-metadata: 1.4124188087880611
  landing: 0.7384259924292564
  view-data: 3.2716923281550407
