times:
  edit-metadata: 2.087858382612467
  landing: 0.9567987956106663
  view-data: 3.429884199053049
