times:
  edit-metadata: 1.4824116602540016
  landing: 0.8508919924497604
  view-data: 3.4471249729394913
