times:
  edit-metadata: 1.4867629334330559
  landing: 0.8096563145518303
  view-data: 3.3514586836099625
