times:
  edit-metadata: 1.3984181210398674
  landing: 0.8271671161055565
  view-data: 3.4961114153265953
