times:
  edit-metadata: 1.6838296055793762
  landing: 0.8400939628481865
  view-data: 3.3893065080046654
