times:
  edit-metadata: 1.543857928365469
  landing: 0.6905432231724262
  view-data: 3.336438160389662
