times:
  edit-metadata: 1.5337742194533348
  landing: 0.8449913933873177
  view-data: 3.359674796462059
