times:
  edit-metadata: 1.4708648324012756
  landing: 0.7798008024692535
  view-data: 3.508395329117775
