times:
  edit-metadata: 1.5601993314921856
  landing: 0.7912317477166653
  view-data: 3.3160730712115765
