times:
  edit-metadata: 1.5294321738183498
  landing: 0.823915533721447
  view-data: 3.4092368111014366
