times:
  edit-metadata: 1.7096320986747742
  landing: 1.0252228491008282
  view-data: 3.2936053164303303
