times:
  edit-metadata: 1.8425663858652115
  landing: 1.0691046342253685
  view-data: 3.5194078236818314
