times:
  edit-metadata: 1.8802546635270119
  landing: 0.9788956418633461
  view-data: 3.32635048776865
