times:
  edit-metadata: 1.4650665372610092
  landing: 0.7737782448530197
  view-data: 3.412596296519041
