times:
  edit-metadata: 2.389944925904274
  landing: 1.4657706171274185
  view-data: 3.6918934285640717
