times:
  edit-metadata: 1.4758048877120018
  landing: 0.7124292925000191
  view-data: 3.4023294001817703
