times:
  edit-metadata: 1.3950249776244164
  landing: 0.7491166219115257
  view-data: 3.4563896656036377
