times:
  edit-metadata: 1.8903428316116333
  landing: 1.0586631670594215
  view-data: 3.4551712796092033
