times:
  edit-metadata: 1.410946063697338
  landing: 0.7447574660181999
  view-data: 3.54365611076355
