times:
  edit-metadata: 1.3544655591249466
  landing: 0.8013028278946877
  view-data: 3.4580214768648148
