times:
  edit-metadata: 1.4825978502631187
  landing: 0.7738665863871574
  view-data: 3.3263068608939648
