times:
  edit-metadata: 1.6491835489869118
  landing: 0.9343622252345085
  view-data: 3.4153819642961025
