times:
  edit-metadata: 1.3972787410020828
  landing: 0.6856946423649788
  view-data: 3.4846006333827972
