times:
  edit-metadata: 1.5599068403244019
  landing: 0.8276351168751717
  view-data: 3.333165481686592
