times:
  edit-metadata: 1.5088773295283318
  landing: 0.759619265794754
  view-data: 3.481134168803692
