times:
  edit-metadata: 1.4524597004055977
  landing: 0.8353235833346844
  view-data: 3.341535471379757
