times:
  edit-metadata: 1.3801898434758186
  landing: 0.7198141142725945
  view-data: 3.4375037103891373
