times:
  edit-metadata: 1.418063148856163
  landing: 0.7353222072124481
  view-data: 3.261770561337471
