times:
  edit-metadata: 1.3900062218308449
  landing: 0.7625445574522018
  view-data: 3.32106726616621
