times:
  edit-metadata: 1.3432289622724056
  landing: 0.6947845369577408
  view-data: 3.263907179236412
