times:
  edit-metadata: 1.711535781621933
  landing: 0.8178523853421211
  view-data: 3.4657529070973396
