times:
  edit-metadata: 1.4153285883367062
  landing: 0.7430432923138142
  view-data: 3.313537407666445
