times:
  edit-metadata: 1.5395194441080093
  landing: 0.7110136598348618
  view-data: 3.5116382986307144
