times:
  edit-metadata: 1.4007921665906906
  landing: 0.7563273757696152
  view-data: 3.5174169838428497
