times:
  edit-metadata: 1.474291868507862
  landing: 0.7047627717256546
  view-data: 3.370555244386196
