times:
  edit-metadata: 1.399340957403183
  landing: 0.6754778921604156
  view-data: 3.3442739993333817
