times:
  edit-metadata: 1.6110081113874912
  landing: 0.8529469147324562
  view-data: 3.3296881578862667
