times:
  edit-metadata: 1.4496954828500748
  landing: 0.7003497667610645
  view-data: 3.2576587833464146
