times:
  edit-metadata: 1.4430249705910683
  landing: 0.9048349410295486
  view-data: 3.526290602982044
