times:
  edit-metadata: 2.134251192212105
  landing: 1.2400767728686333
  view-data: 3.841215841472149
