times:
  edit-metadata: 1.497019987553358
  landing: 0.8031162619590759
  view-data: 3.270080376416445
