times:
  edit-metadata: 2.3241845294833183
  landing: 1.2160374522209167
  view-data: 3.83347325026989
