times:
  edit-metadata: 1.4006140679121017
  landing: 0.7644758000969887
  view-data: 3.350918672978878
