times:
  edit-metadata: 1.8584704026579857
  landing: 0.8296159729361534
  view-data: 3.4838284701108932
