times:
  edit-metadata: 1.4554561972618103
  landing: 0.7353748083114624
  view-data: 3.386790119111538
