times:
  edit-metadata: 1.3443545997142792
  landing: 0.9482808038592339
  view-data: 3.4213710203766823
