times:
  edit-metadata: 1.741565003991127
  landing: 0.9206146039068699
  view-data: 3.3554027788341045
