times:
  edit-metadata: 1.5324114263057709
  landing: 0.8766638860106468
  view-data: 3.4050348550081253
