times:
  edit-metadata: 1.4867075011134148
  landing: 0.8152620866894722
  view-data: 3.490752123296261
