times:
  edit-metadata: 1.380272462964058
  landing: 0.9227285012602806
  view-data: 3.4157739877700806
