times:
  edit-metadata: 1.5461977273225784
  landing: 0.8583728820085526
  view-data: 3.559663087129593
