times:
  edit-metadata: 1.3570795208215714
  landing: 0.8505614623427391
  view-data: 3.3857451528310776
