times:
  edit-metadata: 1.4869223050773144
  landing: 0.8955441117286682
  view-data: 3.415702611207962
