times:
  edit-metadata: 1.241956740617752
  landing: 1.0918357148766518
  view-data: 3.49970743060112
