times:
  edit-metadata: 1.3513495400547981
  landing: 0.7500807493925095
  view-data: 3.3169601261615753
