times:
  edit-metadata: 1.5654949024319649
  landing: 0.9093705080449581
  view-data: 3.329473737627268
