times:
  edit-metadata: 1.417718730866909
  landing: 0.7834180258214474
  view-data: 3.3026437014341354
