times:
  edit-metadata: 1.606766752898693
  landing: 0.8804835379123688
  view-data: 3.4010074660182
