times:
  edit-metadata: 1.3823361545801163
  landing: 0.8782113790512085
  view-data: 3.2859343215823174
