times:
  edit-metadata: 1.39274812489748
  landing: 0.7993100509047508
  view-data: 3.4689485877752304
