times:
  edit-metadata: 1.38683345541358
  landing: 0.862276054918766
  view-data: 3.3188384622335434
