times:
  edit-metadata: 1.4663910940289497
  landing: 0.8843560516834259
  view-data: 3.4275665506720543
