times:
  edit-metadata: 1.699026983231306
  landing: 1.0905402339994907
  view-data: 3.5766647309064865
