times:
  edit-metadata: 1.5284621343016624
  landing: 0.7365561574697495
  view-data: 3.415697365999222
