times:
  edit-metadata: 2.554915852844715
  landing: 1.6851294860243797
  view-data: 4.021634072065353
