times:
  edit-metadata: 1.3535144180059433
  landing: 0.8704688623547554
  view-data: 3.3056667149066925
