times:
  edit-metadata: 1.4212019816040993
  landing: 0.8053932040929794
  view-data: 3.388768881559372
