times:
  edit-metadata: 1.5825171321630478
  landing: 0.7276189923286438
  view-data: 3.4573512822389603
