times:
  edit-metadata: 1.4989854395389557
  landing: 0.7356341630220413
  view-data: 3.501206547021866
