times:
  edit-metadata: 1.4121587313711643
  landing: 0.910912673920393
  view-data: 3.267552360892296
