times:
  edit-metadata: 1.4875448420643806
  landing: 0.7715947329998016
  view-data: 3.4235087260603905
