times:
  edit-metadata: 1.4583299309015274
  landing: 0.7538032233715057
  view-data: 3.562337286770344
