times:
  edit-metadata: 1.3985393643379211
  landing: 0.7495823875069618
  view-data: 3.357201248407364
