times:
  edit-metadata: 1.439698301255703
  landing: 0.7605149745941162
  view-data: 3.522917218506336
