times:
  edit-metadata: 1.4278397485613823
  landing: 0.8161247223615646
  view-data: 3.5297116488218307
