times:
  edit-metadata: 1.417824700474739
  landing: 0.7472400143742561
  view-data: 3.495371848344803
