times:
  edit-metadata: 1.3902629055082798
  landing: 0.8123712055385113
  view-data: 3.3710167966783047
