times:
  edit-metadata: 1.3214024752378464
  landing: 0.7535727880895138
  view-data: 3.277575597167015
