times:
  edit-metadata: 1.7257990948855877
  landing: 0.9624956101179123
  view-data: 3.3649137914180756
