times:
  edit-metadata: 1.35509380325675
  landing: 0.8629152402281761
  view-data: 3.2669201642274857
