times:
  edit-metadata: 1.4144632071256638
  landing: 0.8925834931433201
  view-data: 3.414255753159523
