times:
  edit-metadata: 1.41646508872509
  landing: 0.7522731870412827
  view-data: 3.457871250808239
