times:
  edit-metadata: 1.4152243584394455
  landing: 0.8479947745800018
  view-data: 3.350004658102989
