times:
  edit-metadata: 1.4681034982204437
  landing: 0.8972299136221409
  view-data: 3.3237807005643845
