times:
  edit-metadata: 1.5000579431653023
  landing: 0.7771952897310257
  view-data: 3.4535704106092453
