times:
  edit-metadata: 1.421929955482483
  landing: 0.7386443540453911
  view-data: 3.508911430835724
