times:
  edit-metadata: 1.4785455018281937
  landing: 0.7318032681941986
  view-data: 3.517484150826931
