times:
  edit-metadata: 1.4685642793774605
  landing: 0.7724187150597572
  view-data: 3.4289799630641937
