times:
  edit-metadata: 1.5280903726816177
  landing: 0.7875749170780182
  view-data: 3.372547022998333
