times:
  edit-metadata: 1.4413079097867012
  landing: 0.9788344949483871
  view-data: 3.6139963567256927
