times:
  edit-metadata: 1.3873985782265663
  landing: 0.8318561986088753
  view-data: 3.465012215077877
