times:
  edit-metadata: 1.4088037982583046
  landing: 0.8897455111145973
  view-data: 3.4131375029683113
