times:
  edit-metadata: 1.5011646673083305
  landing: 0.7542913779616356
  view-data: 3.472766175866127
