times:
  edit-metadata: 1.5613621398806572
  landing: 0.8399915248155594
  view-data: 3.325229249894619
