times:
  edit-metadata: 1.5809441469609737
  landing: 0.9288688339293003
  view-data: 3.3462739922106266
