times:
  edit-metadata: 1.4121729359030724
  landing: 1.0064205825328827
  view-data: 3.5536938160657883
