times:
  edit-metadata: 1.3914393670856953
  landing: 0.8057656213641167
  view-data: 3.294144656509161
