times:
  edit-metadata: 1.8530282229185104
  landing: 1.1699789315462112
  view-data: 3.391244649887085
