times:
  edit-metadata: 1.4646488316357136
  landing: 0.8138899989426136
  view-data: 3.2430156357586384
