times:
  edit-metadata: 1.430923704057932
  landing: 0.7409096024930477
  view-data: 3.27284499630332
