times:
  edit-metadata: 1.3861383385956287
  landing: 0.7941410802304745
  view-data: 3.331697266548872
