times:
  edit-metadata: 1.438630722463131
  landing: 0.8550511449575424
  view-data: 3.3068646043539047
