times:
  edit-metadata: 1.3943135775625706
  landing: 0.8925552666187286
  view-data: 3.326764330267906
