times:
  edit-metadata: 1.3163159862160683
  landing: 0.7807769104838371
  view-data: 3.4621854573488235
