times:
  edit-metadata: 1.359237913042307
  landing: 0.778967123478651
  view-data: 3.2699110694229603
