times:
  edit-metadata: 1.4907168038189411
  landing: 0.8133646100759506
  view-data: 3.3267784900963306
