times:
  edit-metadata: 1.5083736404776573
  landing: 0.9623282924294472
  view-data: 3.2923865988850594
