times:
  edit-metadata: 1.3501769863069057
  landing: 0.8729957342147827
  view-data: 3.3199158385396004
