times:
  edit-metadata: 1.4370002895593643
  landing: 0.7510764896869659
  view-data: 3.2735645473003387
