times:
  edit-metadata: 1.4504742994904518
  landing: 0.7880805134773254
  view-data: 3.320575103163719
