times:
  edit-metadata: 1.339534804224968
  landing: 0.7923930510878563
  view-data: 3.3434456512331963
