times:
  edit-metadata: 1.349403627216816
  landing: 0.74521454423666
  view-data: 3.505294121801853
