times:
  edit-metadata: 1.4788706302642822
  landing: 0.8062836155295372
  view-data: 3.5282008424401283
