times:
  edit-metadata: 1.367065954953432
  landing: 0.8430207930505276
  view-data: 3.3327104970812798
