times:
  edit-metadata: 1.5216997489333153
  landing: 0.9189334139227867
  view-data: 3.3043343275785446
