times:
  edit-metadata: 1.4278338178992271
  landing: 0.7340953722596169
  view-data: 3.4138325676321983
