times:
  edit-metadata: 1.415104828774929
  landing: 0.8853312507271767
  view-data: 3.347605563700199
