times:
  edit-metadata: 1.5007080286741257
  landing: 0.8186118192970753
  view-data: 3.3267422169446945
