times:
  edit-metadata: 1.9725917987525463
  landing: 1.1582766063511372
  view-data: 3.6115044206380844
