times:
  edit-metadata: 1.444713655859232
  landing: 0.8902919888496399
  view-data: 3.2790075056254864
