times:
  edit-metadata: 1.530708484351635
  landing: 0.9698391407728195
  view-data: 3.3961589857935905
