times:
  edit-metadata: 1.4521317072212696
  landing: 0.8553824983537197
  view-data: 3.2893270440399647
