times:
  edit-metadata: 1.4283068999648094
  landing: 0.9274597093462944
  view-data: 3.4931035339832306
