times:
  edit-metadata: 1.6634321101009846
  landing: 1.200081966817379
  view-data: 3.4851416274905205
