times:
  edit-metadata: 1.8263250887393951
  landing: 1.3408703207969666
  view-data: 3.5528996512293816
