times:
  edit-metadata: 1.3341537714004517
  landing: 0.8084234148263931
  view-data: 3.280331827700138
