times:
  edit-metadata: 1.4314847365021706
  landing: 0.7970751821994781
  view-data: 3.44484194368124
