times:
  edit-metadata: 1.4613217115402222
  landing: 0.7956246063113213
  view-data: 3.4289259910583496
