times:
  edit-metadata: 1.4369939044117928
  landing: 0.8208822533488274
  view-data: 3.437165707349777
