times:
  edit-metadata: 1.4749099127948284
  landing: 1.0221889540553093
  view-data: 3.3233692944049835
