times:
  edit-metadata: 1.458499725908041
  landing: 0.8539634421467781
  view-data: 3.3693625666201115
