times:
  edit-metadata: 1.3958193212747574
  landing: 0.7729378938674927
  view-data: 3.5144812017679214
