times:
  edit-metadata: 1.4341642931103706
  landing: 0.8901505880057812
  view-data: 3.3241812773048878
