times:
  edit-metadata: 1.3485551960766315
  landing: 0.769761223345995
  view-data: 3.332382034510374
