times:
  edit-metadata: 1.6065275818109512
  landing: 1.0327123329043388
  view-data: 3.4987951293587685
