times:
  edit-metadata: 1.4954649582505226
  landing: 0.8005566671490669
  view-data: 3.5842656046152115
