times:
  edit-metadata: 1.4256719872355461
  landing: 0.7917834781110287
  view-data: 3.3289265893399715
