times:
  edit-metadata: 1.492416214197874
  landing: 0.7477835305035114
  view-data: 3.270697645843029
