times:
  edit-metadata: 1.4665738455951214
  landing: 1.0700675286352634
  view-data: 3.3279749155044556
