times:
  edit-metadata: 1.4668970108032227
  landing: 0.7526269257068634
  view-data: 3.4279488772153854
