times:
  edit-metadata: 1.6785775050520897
  landing: 0.9875990971922874
  view-data: 3.388981766998768
