times:
  edit-metadata: 1.3347637616097927
  landing: 0.8048705048859119
  view-data: 3.380444251000881
