times:
  edit-metadata: 1.42093875259161
  landing: 0.8730216138064861
  view-data: 3.255933213979006
