times:
  edit-metadata: 1.4125434160232544
  landing: 0.8262460008263588
  view-data: 3.319740019738674
