times:
  edit-metadata: 1.3891302980482578
  landing: 0.8410726189613342
  view-data: 3.2732208035886288
