times:
  edit-metadata: 1.4761872440576553
  landing: 0.7828041687607765
  view-data: 3.4127045795321465
