times:
  edit-metadata: 1.3642139807343483
  landing: 0.8880353420972824
  view-data: 3.255603790283203
