times:
  edit-metadata: 1.384559653699398
  landing: 0.752123549580574
  view-data: 3.4510582461953163
