times:
  edit-metadata: 1.3787554167211056
  landing: 0.8176422454416752
  view-data: 3.289806853979826
