times:
  edit-metadata: 1.4771200120449066
  landing: 0.8256387785077095
  view-data: 3.4275914654135704
