times:
  edit-metadata: 1.3890801221132278
  landing: 0.7953298315405846
  view-data: 3.4878880456089973
