times:
  edit-metadata: 1.4197850674390793
  landing: 0.873786173760891
  view-data: 3.4737348333001137
