times:
  edit-metadata: 1.435709074139595
  landing: 0.769250325858593
  view-data: 3.4602880999445915
