times:
  edit-metadata: 1.3302651047706604
  landing: 0.8727672547101974
  view-data: 3.5064516812562943
