times:
  edit-metadata: 1.3975103572010994
  landing: 0.8203538879752159
  view-data: 3.4488071128726006
