times:
  edit-metadata: 1.4026814177632332
  landing: 0.7688527405261993
  view-data: 3.487838424742222
