times:
  edit-metadata: 1.7397963888943195
  landing: 1.2540659122169018
  view-data: 3.3240016885101795
