times:
  edit-metadata: 1.4297748059034348
  landing: 0.8703821301460266
  view-data: 3.2728258594870567
