times:
  edit-metadata: 1.4860296472907066
  landing: 0.8297507464885712
  view-data: 3.489704042673111
