times:
  edit-metadata: 1.5428845658898354
  landing: 0.8798314034938812
  view-data: 3.392860397696495
