times:
  edit-metadata: 1.384708784520626
  landing: 0.768207423388958
  view-data: 3.421969823539257
