times:
  edit-metadata: 1.4336744770407677
  landing: 0.8336323201656342
  view-data: 3.314033478498459
