times:
  edit-metadata: 1.764859825372696
  landing: 1.1613425463438034
  view-data: 3.447791837155819
