times:
  edit-metadata: 1.5430274680256844
  landing: 1.220554679632187
  view-data: 3.3730818405747414
