times:
  edit-metadata: 1.2771942168474197
  landing: 0.7255821749567986
  view-data: 3.423310413956642
