times:
  edit-metadata: 1.5092979669570923
  landing: 0.7914503142237663
  view-data: 3.4795392900705338
