times:
  edit-metadata: 1.471578523516655
  landing: 0.837428193539381
  view-data: 3.3388329036533833
