times:
  edit-metadata: 1.4525854140520096
  landing: 0.7381023317575455
  view-data: 3.6180902495980263
