times:
  edit-metadata: 1.4668928161263466
  landing: 0.7885528095066547
  view-data: 3.330593630671501
