times:
  edit-metadata: 1.6432884484529495
  landing: 0.9491139799356461
  view-data: 3.494523271918297
