times:
  edit-metadata: 1.437558639794588
  landing: 0.8894540220499039
  view-data: 3.3696988709270954
