times:
  edit-metadata: 1.4722620025277138
  landing: 0.8422703966498375
  view-data: 3.444760099053383
