times:
  edit-metadata: 1.374239757657051
  landing: 0.8509834036231041
  view-data: 3.3068219423294067
