times:
  edit-metadata: 1.4071476757526398
  landing: 0.8495372645556927
  view-data: 3.4071970880031586
