times:
  edit-metadata: 1.8150732144713402
  landing: 0.8224101960659027
  view-data: 3.4212526455521584
