times:
  edit-metadata: 1.4591402933001518
  landing: 0.8348407708108425
  view-data: 3.4234923385083675
