times:
  edit-metadata: 1.4287859052419662
  landing: 0.8064694553613663
  view-data: 3.470602549612522
