times:
  edit-metadata: 1.3990722671151161
  landing: 0.7830296009778976
  view-data: 3.465677559375763
