times:
  edit-metadata: 1.4465176276862621
  landing: 0.8374013043940067
  view-data: 3.2887974083423615
