times:
  edit-metadata: 1.4243788085877895
  landing: 0.9061584733426571
  view-data: 3.31166123226285
