times:
  edit-metadata: 1.4689096212387085
  landing: 0.7540751397609711
  view-data: 3.5094981342554092
