times:
  edit-metadata: 1.412164643406868
  landing: 0.7367419227957726
  view-data: 3.3053407445549965
