times:
  edit-metadata: 1.4063641279935837
  landing: 0.7813145667314529
  view-data: 3.5485158190131187
