times:
  edit-metadata: 1.375422365963459
  landing: 0.7683324888348579
  view-data: 3.4247027561068535
