times:
  edit-metadata: 1.387689784169197
  landing: 0.8187282010912895
  view-data: 3.256673589348793
