times:
  edit-metadata: 1.5619120374321938
  landing: 0.9712695553898811
  view-data: 3.376283720135689
