times:
  edit-metadata: 1.4861374869942665
  landing: 0.9124045334756374
  view-data: 3.3748225942254066
