times:
  edit-metadata: 1.3765506893396378
  landing: 0.7625985220074654
  view-data: 3.4265914484858513
