times:
  edit-metadata: 1.4342789128422737
  landing: 0.8112812899053097
  view-data: 3.2711432054638863
