times:
  edit-metadata: 1.4151476696133614
  landing: 0.8182637058198452
  view-data: 3.2810077220201492
