times:
  edit-metadata: 2.1132123358547688
  landing: 0.8765131495893002
  view-data: 3.330813307315111
