times:
  edit-metadata: 1.5094887614250183
  landing: 0.7842813059687614
  view-data: 3.476326785981655
