times:
  edit-metadata: 1.5143325328826904
  landing: 0.9305064007639885
  view-data: 3.288547072559595
