times:
  edit-metadata: 1.4707968421280384
  landing: 0.8269775100052357
  view-data: 3.317814279347658
