times:
  edit-metadata: 1.383750081062317
  landing: 0.7086062878370285
  view-data: 3.6022801622748375
