times:
  edit-metadata: 1.3828710913658142
  landing: 0.8062951266765594
  view-data: 3.4424244463443756
