times:
  edit-metadata: 2.1515243127942085
  landing: 1.4720203801989555
  view-data: 3.520903065800667
