times:
  edit-metadata: 1.465504065155983
  landing: 0.7978474274277687
  view-data: 3.635083921253681
