times:
  edit-metadata: 2.1584941744804382
  landing: 1.2942382171750069
  view-data: 3.5196323543787003
