times:
  edit-metadata: 1.452481247484684
  landing: 0.800857663154602
  view-data: 3.243248712271452
