times:
  edit-metadata: 1.790727622807026
  landing: 0.9098536819219589
  view-data: 3.5886376574635506
