times:
  edit-metadata: 1.3434251323342323
  landing: 0.7654452994465828
  view-data: 3.397255189716816
