times:
  edit-metadata: 1.5662741586565971
  landing: 1.042047657072544
  view-data: 3.278465013951063
