times:
  edit-metadata: 1.41603272408247
  landing: 1.2030305862426758
  view-data: 3.545912481844425
