times:
  edit-metadata: 1.3856416568160057
  landing: 0.8602799996733665
  view-data: 3.461412899196148
