times:
  edit-metadata: 1.4190306402742863
  landing: 0.9013425968587399
  view-data: 3.3035436272621155
