times:
  edit-metadata: 1.3754703029990196
  landing: 0.7746835127472878
  view-data: 3.465614750981331
