times:
  edit-metadata: 1.4200053699314594
  landing: 0.6957530230283737
  view-data: 3.3039384707808495
