times:
  edit-metadata: 1.4690129682421684
  landing: 0.7405178546905518
  view-data: 6.566150426864624
