times:
  edit-metadata: 1.4757853969931602
  landing: 0.7424968481063843
  view-data: 3.5271688401699066
