times:
  edit-metadata: 1.7731374874711037
  landing: 1.350046917796135
  view-data: 3.6506226137280464
