times:
  edit-metadata: 1.453936755657196
  landing: 0.7717412039637566
  view-data: 3.4527259916067123
