times:
  edit-metadata: 1.5226946845650673
  landing: 0.719426192343235
  view-data: 3.432155631482601
