times:
  edit-metadata: 1.5581662505865097
  landing: 0.8204791322350502
  view-data: 3.4973506703972816
