times:
  edit-metadata: 1.382770948112011
  landing: 0.7602738998830318
  view-data: 3.3964839912950993
