times:
  edit-metadata: 1.556611806154251
  landing: 0.7897574678063393
  view-data: 3.4860932379961014
