times:
  edit-metadata: 1.4802989289164543
  landing: 0.7555280178785324
  view-data: 3.4239606633782387
