times:
  edit-metadata: 1.5978765226900578
  landing: 0.7767302840948105
  view-data: 3.2969406992197037
