times:
  edit-metadata: 1.3884327784180641
  landing: 0.8208177834749222
  view-data: 3.4493455439805984
