times:
  edit-metadata: 1.4523186460137367
  landing: 0.7770669460296631
  view-data: 3.350125879049301
