times:
  edit-metadata: 1.5618393495678902
  landing: 0.8438001945614815
  view-data: 3.2539971619844437
