times:
  edit-metadata: 1.6758724302053452
  landing: 0.902719646692276
  view-data: 3.698368579149246
