times:
  edit-metadata: 1.5077287927269936
  landing: 0.736049197614193
  view-data: 3.418628863990307
