times:
  edit-metadata: 1.510153528302908
  landing: 0.8085636682808399
  view-data: 3.3523675985634327
