times:
  edit-metadata: 1.4048698395490646
  landing: 0.7459522858262062
  view-data: 3.3976261913776398
