times:
  edit-metadata: 1.3883890882134438
  landing: 0.771509125828743
  view-data: 3.4307875260710716
