times:
  edit-metadata: 1.381683737039566
  landing: 0.777179017663002
  view-data: 3.445808991789818
