times:
  edit-metadata: 1.448283962905407
  landing: 0.7740439102053642
  view-data: 3.517073594033718
