times:
  edit-metadata: 1.446147546172142
  landing: 0.7634823024272919
  view-data: 3.5705150067806244
