times:
  edit-metadata: 2.078681129962206
  landing: 0.942380640655756
  view-data: 3.3308138102293015
