times:
  edit-metadata: 1.4514064341783524
  landing: 0.7384788393974304
  view-data: 3.273421071469784
