times:
  edit-metadata: 1.3956222757697105
  landing: 0.6871350295841694
  view-data: 3.310257337987423
