times:
  edit-metadata: 2.026033613830805
  landing: 1.271545097231865
  view-data: 3.4600197188556194
