times:
  edit-metadata: 1.3866767883300781
  landing: 0.7822887822985649
  view-data: 3.5968647822737694
