times:
  edit-metadata: 1.4730299413204193
  landing: 0.7332548201084137
  view-data: 3.4436979442834854
