times:
  edit-metadata: 1.6507126167416573
  landing: 1.082319125533104
  view-data: 3.347098283469677
