times:
  edit-metadata: 1.8081894479691982
  landing: 0.7616229392588139
  view-data: 3.3545041605830193
