times:
  edit-metadata: 2.064753867685795
  landing: 1.2250228598713875
  view-data: 3.5712459832429886
