times:
  edit-metadata: 1.4935014098882675
  landing: 0.7070890590548515
  view-data: 3.5352483093738556
