times:
  edit-metadata: 1.4873325526714325
  landing: 0.7665486335754395
  view-data: 3.5641505494713783
