times:
  edit-metadata: 1.5513796731829643
  landing: 0.7243324890732765
  view-data: 3.531191647052765
