times:
  edit-metadata: 1.6476083062589169
  landing: 0.8947858884930611
  view-data: 3.4276491664350033
