times:
  edit-metadata: 1.5062289461493492
  landing: 0.7325986325740814
  view-data: 3.4429149627685547
