times:
  edit-metadata: 1.4267374649643898
  landing: 0.8064797446131706
  view-data: 3.283992327749729
