times:
  edit-metadata: 2.305728390812874
  landing: 1.3850851133465767
  view-data: 3.463938742876053
