times:
  edit-metadata: 1.4322492182254791
  landing: 0.8107172399759293
  view-data: 3.392274498939514
