times:
  edit-metadata: 2.4183455780148506
  landing: 1.274361290037632
  view-data: 3.5559917613863945
