times:
  edit-metadata: 1.3855228126049042
  landing: 0.7516399919986725
  view-data: 3.4594016820192337
