times:
  edit-metadata: 1.6677492707967758
  landing: 1.0364981442689896
  view-data: 3.458594962954521
