times:
  edit-metadata: 1.5239969566464424
  landing: 0.8292022943496704
  view-data: 3.359217181801796
