times:
  edit-metadata: 1.8458870276808739
  landing: 1.305995374917984
  view-data: 3.6210171282291412
