times:
  edit-metadata: 1.4738049432635307
  landing: 0.7649608179926872
  view-data: 3.364417128264904
