times:
  edit-metadata: 1.4412846267223358
  landing: 0.7426819950342178
  view-data: 3.5209349617362022
