times:
  edit-metadata: 1.3920721746981144
  landing: 0.8327691927552223
  view-data: 3.3420990146696568
