times:
  edit-metadata: 1.5066110007464886
  landing: 0.798728920519352
  view-data: 3.2613324150443077
