times:
  edit-metadata: 1.4208036810159683
  landing: 0.7133955880999565
  view-data: 3.550967685878277
