times:
  edit-metadata: 1.4519807882606983
  landing: 0.8150416985154152
  view-data: 3.350912306457758
