times:
  edit-metadata: 1.6735135093331337
  landing: 1.0231753773987293
  view-data: 3.4074434898793697
