times:
  edit-metadata: 1.5814868807792664
  landing: 0.8401585072278976
  view-data: 3.3192505314946175
