times:
  edit-metadata: 1.4163730889558792
  landing: 0.7659785635769367
  view-data: 3.289435800164938
