times:
  edit-metadata: 1.3864396214485168
  landing: 0.7053803578019142
  view-data: 3.483329154551029
