times:
  edit-metadata: 1.5430367141962051
  landing: 0.8265515677630901
  view-data: 3.329712398350239
