times:
  edit-metadata: 1.3767377361655235
  landing: 0.7494415193796158
  view-data: 3.5260902643203735
