times:
  edit-metadata: 1.521829940378666
  landing: 0.6931660175323486
  view-data: 3.4102814570069313
