times:
  edit-metadata: 1.5455543547868729
  landing: 0.8710950911045074
  view-data: 3.309810109436512
