times:
  edit-metadata: 1.552075870335102
  landing: 0.9393141008913517
  view-data: 3.346426200121641
