times:
  edit-metadata: 1.3806127384305
  landing: 0.7889927700161934
  view-data: 3.2660595700144768
