times:
  edit-metadata: 1.5241434089839458
  landing: 0.9597822465002537
  view-data: 3.319791529327631
