times:
  edit-metadata: 1.437743954360485
  landing: 0.7767000943422318
  view-data: 3.277033232152462
