times:
  edit-metadata: 1.6672452092170715
  landing: 1.1140313670039177
  view-data: 3.613778956234455
