times:
  edit-metadata: 1.3909642696380615
  landing: 0.7899325713515282
  view-data: 3.4449733197689056
