times:
  edit-metadata: 1.512036845088005
  landing: 0.8080860748887062
  view-data: 3.307569943368435
