times:
  edit-metadata: 1.9082777872681618
  landing: 0.9387557730078697
  view-data: 3.6687120124697685
