times:
  edit-metadata: 1.4909719936549664
  landing: 0.7514054737985134
  view-data: 3.3513938672840595
