times:
  edit-metadata: 1.4418975487351418
  landing: 0.6825517266988754
  view-data: 3.4080526530742645
