times:
  edit-metadata: 1.446275606751442
  landing: 0.802819199860096
  view-data: 0.718707874417305
