times:
  edit-metadata: 1.4456980153918266
  landing: 0.8333445340394974
  view-data: 3.263807535171509
