times:
  edit-metadata: 1.4819881431758404
  landing: 0.930369395762682
  view-data: 3.3367289528250694
