times:
  edit-metadata: 1.6589981690049171
  landing: 0.8294175416231155
  view-data: 3.4027994945645332
