times:
  edit-metadata: 1.4325771443545818
  landing: 0.7823989763855934
  view-data: 3.3171550445258617
