times:
  edit-metadata: 1.4136830866336823
  landing: 0.879506953060627
  view-data: 3.27983471006155
