times:
  edit-metadata: 1.4387607537209988
  landing: 0.8221507519483566
  view-data: 3.3159582167863846
