times:
  edit-metadata: 1.540771447122097
  landing: 0.9184903390705585
  view-data: 3.3550658524036407
