times:
  edit-metadata: 1.3759647868573666
  landing: 0.7515024431049824
  view-data: 3.3044602684676647
