times:
  edit-metadata: 1.5533471703529358
  landing: 0.7287859618663788
  view-data: 3.5382949635386467
