times:
  edit-metadata: 1.4359075352549553
  landing: 0.774309940636158
  view-data: 3.437550202012062
