times:
  edit-metadata: 1.49396213889122
  landing: 0.8468886911869049
  view-data: 3.3082092478871346
