times:
  edit-metadata: 1.4635965153574944
  landing: 0.7067134752869606
  view-data: 3.34987311065197
