times:
  edit-metadata: 1.440235547721386
  landing: 0.7147406935691833
  view-data: 3.5484071001410484
