times:
  edit-metadata: 1.594896174967289
  landing: 0.7576417848467827
  view-data: 3.3336093313992023
