times:
  edit-metadata: 1.5373411253094673
  landing: 0.7385873794555664
  view-data: 3.5893514826893806
