times:
  edit-metadata: 1.4825563952326775
  landing: 0.8639447540044785
  view-data: 3.293233811855316
