times:
  edit-metadata: 1.479683667421341
  landing: 0.718561127781868
  view-data: 3.55142130702734
