times:
  edit-metadata: 1.3516421616077423
  landing: 0.7608765698969364
  view-data: 3.29438366740942
