times:
  edit-metadata: 1.6043917685747147
  landing: 0.8140645995736122
  view-data: 3.307165563106537
