times:
  edit-metadata: 1.440826877951622
  landing: 0.7327938228845596
  view-data: 3.5364654660224915
