times:
  edit-metadata: 1.4770902767777443
  landing: 0.7694782242178917
  view-data: 3.325794495642185
