times:
  edit-metadata: 1.4442353919148445
  landing: 0.8103868402540684
  view-data: 3.3215805925428867
