times:
  edit-metadata: 1.8217029608786106
  landing: 0.8646130189299583
  view-data: 3.3037836998701096
