times:
  edit-metadata: 1.3672764226794243
  landing: 0.7647576704621315
  view-data: 3.585918612778187
