times:
  edit-metadata: 1.4861541986465454
  landing: 0.7400458306074142
  view-data: 3.5568682178854942
