times:
  edit-metadata: 1.3533328846096992
  landing: 0.7360463850200176
  view-data: 3.296123556792736
