times:
  edit-metadata: 1.4722368568181992
  landing: 0.7108450755476952
  view-data: 3.2584597654640675
