times:
  edit-metadata: 1.7481397613883018
  landing: 1.0161788761615753
  view-data: 3.7420298978686333
