times:
  edit-metadata: 1.4320212826132774
  landing: 0.7691529840230942
  view-data: 3.522804968059063
