times:
  edit-metadata: 1.3726503439247608
  landing: 0.7692095600068569
  view-data: 3.2970100454986095
