times:
  edit-metadata: 1.5321572422981262
  landing: 0.8595109805464745
  view-data: 3.3121294751763344
