times:
  edit-metadata: 1.4783317595720291
  landing: 0.8966277912259102
  view-data: 3.7782707288861275
