times:
  edit-metadata: 1.4340000301599503
  landing: 0.6887439414858818
  view-data: 3.4836335256695747
