times:
  edit-metadata: 1.4876625463366508
  landing: 0.7083412855863571
  view-data: 3.470452696084976
