times:
  edit-metadata: 1.4469177573919296
  landing: 0.7412310838699341
  view-data: 3.6951289996504784
