times:
  edit-metadata: 1.46144999563694
  landing: 0.7218313217163086
  view-data: 3.4985361099243164
