times:
  edit-metadata: 2.640129841864109
  landing: 1.2368778623640537
  view-data: 3.8539784513413906
