times:
  edit-metadata: 1.4667442925274372
  landing: 0.785910539329052
  view-data: 3.2945052087306976
