times:
  edit-metadata: 1.6485281065106392
  landing: 1.0100827626883984
  view-data: 3.366110261529684
