times:
  edit-metadata: 2.5717455223202705
  landing: 1.3980014696717262
  view-data: 3.859601639211178
