times:
  edit-metadata: 1.527398232370615
  landing: 0.7743905410170555
  view-data: 3.2972080893814564
