times:
  edit-metadata: 1.4157396629452705
  landing: 0.7720620334148407
  view-data: 3.2988622710108757
