times:
  edit-metadata: 1.437719464302063
  landing: 0.769043929874897
  view-data: 3.332416348159313
