times:
  edit-metadata: 1.46394931524992
  landing: 0.7577920630574226
  view-data: 3.7174199372529984
