times:
  edit-metadata: 1.7307717576622963
  landing: 0.7133818417787552
  view-data: 3.7465945556759834
