times:
  edit-metadata: 1.379845179617405
  landing: 0.8223737701773643
  view-data: 3.589787892997265
