times:
  edit-metadata: 1.6294570453464985
  landing: 0.9289509728550911
  view-data: 3.582818191498518
