times:
  edit-metadata: 1.413402982056141
  landing: 0.6628160700201988
  view-data: 3.486882656812668
