times:
  edit-metadata: 1.4883259385824203
  landing: 0.807416882365942
  view-data: 3.3164333291351795
