times:
  edit-metadata: 1.5238320715725422
  landing: 0.7614472322165966
  view-data: 3.266065552830696
