times:
  edit-metadata: 1.6731377765536308
  landing: 0.8788725882768631
  view-data: 3.410392075777054
