times:
  edit-metadata: 2.3857404962182045
  landing: 1.1108822859823704
  view-data: 3.5665839314460754
