times:
  edit-metadata: 1.7603626511991024
  landing: 1.006324727088213
  view-data: 3.778848819434643
