times:
  edit-metadata: 1.4450697377324104
  landing: 0.7155245617032051
  view-data: 3.456832617521286
