times:
  edit-metadata: 1.856705367565155
  landing: 0.994603618979454
  view-data: 3.3634009063243866
