times:
  edit-metadata: 1.4633947797119617
  landing: 0.7239968255162239
  view-data: 3.295265417546034
