times:
  edit-metadata: 1.439491719007492
  landing: 0.7734680995345116
  view-data: 3.326826795935631
