times:
  edit-metadata: 1.394145354628563
  landing: 0.72683185338974
  view-data: 3.34445920586586
