times:
  edit-metadata: 1.4482126161456108
  landing: 0.7816660962998867
  view-data: 3.3596362210810184
