times:
  edit-metadata: 1.7374428547918797
  landing: 0.8660159781575203
  view-data: 3.3963551372289658
