times:
  edit-metadata: 1.5081194788217545
  landing: 0.8306193798780441
  view-data: 3.3144594356417656
