times:
  edit-metadata: 1.4659162536263466
  landing: 0.7726282700896263
  view-data: 3.414948023855686
