times:
  edit-metadata: 1.4365377575159073
  landing: 0.7576734647154808
  view-data: 3.4545493721961975
