times:
  edit-metadata: 1.4937057718634605
  landing: 0.7886971682310104
  view-data: 3.4370380267500877
