times:
  edit-metadata: 1.4096683599054813
  landing: 0.837719514966011
  view-data: 3.3891562819480896
