times:
  edit-metadata: 1.4083894863724709
  landing: 0.7488297745585442
  view-data: 3.3033670596778393
