times:
  edit-metadata: 1.4275568202137947
  landing: 0.7946248725056648
  view-data: 3.50528971105814
