times:
  edit-metadata: 1.5124084427952766
  landing: 0.8450794368982315
  view-data: 3.4993481561541557
