times:
  edit-metadata: 1.4917158484458923
  landing: 0.7696648836135864
  view-data: 3.4806474670767784
