times:
  edit-metadata: 1.4882586747407913
  landing: 1.0804713070392609
  view-data: 3.2972652912139893
