times:
  edit-metadata: 1.4334385097026825
  landing: 0.7175967246294022
  view-data: 3.4166010320186615
