times:
  edit-metadata: 1.4912008866667747
  landing: 0.7839415743947029
  view-data: 3.456398658454418
