times:
  edit-metadata: 1.428450919687748
  landing: 0.7445044666528702
  view-data: 3.3327331840991974
