times:
  edit-metadata: 1.5132898390293121
  landing: 0.8166955150663853
  view-data: 3.2971534356474876
