times:
  edit-metadata: 1.3625062629580498
  landing: 0.9769681990146637
  view-data: 3.2893711291253567
