times:
  edit-metadata: 2.056202284991741
  landing: 1.2088937163352966
  view-data: 3.469857692718506
