times:
  edit-metadata: 1.3890003561973572
  landing: 0.8048968836665154
  view-data: 3.3399843461811543
