times:
  edit-metadata: 1.6364630311727524
  landing: 1.092711292207241
  view-data: 3.3855277448892593
