times:
  edit-metadata: 1.5392031334340572
  landing: 0.829534862190485
  view-data: 3.3002485036849976
