times:
  edit-metadata: 1.365388110280037
  landing: 0.6921199709177017
  view-data: 3.5151789784431458
