times:
  edit-metadata: 1.3779982551932335
  landing: 0.7731829732656479
  view-data: 3.274169161915779
