times:
  edit-metadata: 1.4496747180819511
  landing: 0.7786112204194069
  view-data: 3.326974868774414
