times:
  edit-metadata: 1.4248165413737297
  landing: 0.7099202126264572
  view-data: 3.597207121551037
