times:
  edit-metadata: 1.553198017179966
  landing: 0.6902649328112602
  view-data: 3.443335011601448
