times:
  edit-metadata: 1.460576705634594
  landing: 0.9457880258560181
  view-data: 3.4325710460543633
