times:
  edit-metadata: 1.4548666663467884
  landing: 0.7214556001126766
  view-data: 3.339950829744339
