times:
  edit-metadata: 2.3425797149538994
  landing: 1.386273942887783
  view-data: 4.003048658370972
