times:
  edit-metadata: 1.3818117156624794
  landing: 0.7195952609181404
  view-data: 3.543265827000141
