times:
  edit-metadata: 1.7456772774457932
  landing: 1.001183919608593
  view-data: 3.3089968487620354
