times:
  edit-metadata: 1.5495098382234573
  landing: 0.7443885207176208
  view-data: 3.4258231595158577
