times:
  edit-metadata: 2.0672050956636667
  landing: 1.3787995483726263
  view-data: 3.5596500765532255
