times:
  edit-metadata: 1.4187727831304073
  landing: 0.6568889264017344
  view-data: 3.3265214823186398
