times:
  edit-metadata: 1.5654983315616846
  landing: 0.9874942172318697
  view-data: 3.4342246931046247
