times:
  edit-metadata: 1.466145783662796
  landing: 0.197319608181715
  view-data: 0.3306202758103609
