times:
  edit-metadata: 0.5657560830004513
  landing: 0.05498153297230601
  view-data: 0.2288979422301054
