times:
  edit-metadata: 0.7445847709896043
  landing: 0.1291839659679681
  view-data: 0.2158414520090446
