times:
  edit-metadata: 1.5522775650024414
  landing: 0.7836352996528149
  view-data: 3.329504869878292
