times:
  edit-metadata: 1.3739647381007671
  landing: 0.9068307466804981
  view-data: 3.3520594285801053
