times:
  edit-metadata: 1.40381221473217
  landing: 0.6844427324831486
  view-data: 3.3203762155026197
