times:
  edit-metadata: 1.7628609165549278
  landing: 0.16290424019098282
  view-data: 0.4057433158159256
