times:
  edit-metadata: 0.4915530448779464
  landing: 0.06868557701818645
  view-data: 0.22269929386675358
