times:
  edit-metadata: 2.522295620292425
  landing: 1.3368476703763008
  view-data: 3.5570414029061794
