times:
  edit-metadata: 0.5401055559050292
  landing: 0.057486233999952674
  view-data: 0.20872321701608598
