times:
  edit-metadata: 1.6441235393285751
  landing: 0.7992828469723463
  view-data: 3.410062499344349
