times:
  edit-metadata: 1.7759448289871216
  landing: 1.0962490439414978
  view-data: 3.402804996818304
