times:
  edit-metadata: 1.5714221205562353
  landing: 0.8084243293851614
  view-data: 3.49335359595716
