times:
  edit-metadata: 1.3097026749746874
  landing: 0.7627722759498283
  view-data: 3.2784725760575384
