times:
  edit-metadata: 1.5715809650719166
  landing: 0.2108490727841854
  view-data: 0.15739228762686253
