times:
  edit-metadata: 1.4297635294497013
  landing: 0.023096155375242233
  view-data: 0.14133229106664658
