times:
  edit-metadata: 1.4829941801726818
  landing: 0.8201227262616158
  view-data: 3.342176739126444
