times:
  edit-metadata: 1.794794037938118
  landing: 0.8811163194477558
  view-data: 3.4220249643549323
