times:
  edit-metadata: 1.4612964168190956
  landing: 0.13414878025650978
  view-data: 0.3791617788374424
