times:
  edit-metadata: 1.4378725960850716
  landing: 0.8705444522202015
  view-data: 3.344260174781084
