times:
  edit-metadata: 0.49937141709960997
  landing: 0.07123086205683649
  view-data: 0.22686012694612145
