times:
  edit-metadata: 0.5737063852138817
  landing: 0.12665400304831564
  view-data: 0.2470903571229428
