times:
  edit-metadata: 1.4004787509329617
  landing: 0.9282789770513773
  view-data: 3.6039418652653694
