times:
  edit-metadata: 1.6529309265315533
  landing: 0.9689057469367981
  view-data: 3.323257051408291
