times:
  edit-metadata: 1.3826382318511605
  landing: 0.7668272778391838
  view-data: 3.292581083253026
