times:
  edit-metadata: 0.49180902005173266
  landing: 0.0626602730480954
  view-data: 0.21243787102866918
