times:
  edit-metadata: 0.4866851819679141
  landing: 0.07264492684043944
  view-data: 0.2120948291849345
