times:
  edit-metadata: 0.5108903429936618
  landing: 0.07477370207197964
  view-data: 0.2157091370318085
