times:
  edit-metadata: 0.48511573096038774
  landing: 0.06693067902233452
  view-data: 0.2060418039909564
