times:
  edit-metadata: 1.4886804763227701
  landing: 0.6384848542511463
  view-data: 3.3513495437800884
