times:
  edit-metadata: 1.5713319405913353
  landing: 0.8893002085387707
  view-data: 3.2986715473234653
