times:
  edit-metadata: 0.5235380178783089
  landing: 0.056478795828297734
  view-data: 0.213655861094594
