times:
  edit-metadata: 0.8390393927693367
  landing: 0.05793153587728739
  view-data: 0.30077547393739223
