times:
  edit-metadata: 1.611782057210803
  landing: 0.2983492501080036
  view-data: 0.28465907648205757
