times:
  edit-metadata: 0.48318210477009416
  landing: 0.06559386011213064
  view-data: 0.2063737795688212
