times:
  edit-metadata: 1.5216665416955948
  landing: 0.15128480829298496
  view-data: 0.02546442113816738
