times:
  edit-metadata: 2.966379391029477
  landing: 1.2002221439033747
  view-data: 3.4794826097786427
