times:
  edit-metadata: 0.49964505806565285
  landing: 0.06740344315767288
  view-data: 0.20756136486306787
