times:
  edit-metadata: 1.436967863002792
  landing: 0.7664400249486789
  view-data: 3.342048503924161
