times:
  edit-metadata: 1.5626732874661684
  landing: 0.1557700876146555
  view-data: 0.33926575630903244
