times:
  edit-metadata: 1.42904148157686
  landing: 0.748979908414185
  view-data: 3.3627386642619967
