times:
  edit-metadata: 1.3720819558948278
  landing: 0.7398827169090509
  view-data: 3.343453923240304
