times:
  edit-metadata: 0.4886634680442512
  landing: 0.06686420692130923
  view-data: 0.23733749892562628
