times:
  edit-metadata: 1.4208121728152037
  landing: 0.84920445503667
  view-data: 3.3512228401377797
