times:
  edit-metadata: 1.4245696514844894
  landing: 0.891575425863266
  view-data: 3.3774485886096954
