times:
  edit-metadata: 0.7064563499998258
  landing: 0.12990089100003388
  view-data: 0.2587446170000476
