times:
  edit-metadata: 1.4955449718981981
  landing: 0.7708012349903584
  view-data: 3.4159877859055996
