times:
  edit-metadata: 1.4907012339681387
  landing: 0.25345519557595253
  view-data: 0.43805134296417236
