times:
  edit-metadata: 1.5353180542588234
  landing: 0.9347025826573372
  view-data: 3.316632580012083
