times:
  edit-metadata: 1.445982951670885
  landing: 0.13440260291099548
  view-data: 0.030620133504271507
