times:
  edit-metadata: 1.5640708804130554
  landing: 0.9830214902758598
  view-data: 3.399738870561123
