times:
  edit-metadata: 1.5264585129916668
  landing: 0.9991143755614758
  view-data: 3.378433108329773
