times:
  edit-metadata: 0.4917110379319638
  landing: 0.08119352301582694
  view-data: 0.20123048301320523
