times:
  edit-metadata: 1.3667057864367962
  landing: 0.7961735725402832
  view-data: 3.359851196408272
