times:
  edit-metadata: 1.5800571031868458
  landing: 0.9065169859677553
  view-data: 3.376965705305338
