times:
  edit-metadata: 1.7972115483134985
  landing: 0.2227941583842039
  view-data: 0.31767506152391434
