times:
  edit-metadata: 1.5560226403176785
  landing: 0.9199918434023857
  view-data: 3.452947910875082
