times:
  edit-metadata: 1.3424863554537296
  landing: 0.7650978099554777
  view-data: 3.3429161552339792
