times:
  edit-metadata: 0.4791753610188607
  landing: 0.06028975997469388
  view-data: 0.23593662900384516
