times:
  edit-metadata: 1.4092889968305826
  landing: 0.6831912323832512
  view-data: 3.305571112781763
