times:
  edit-metadata: 1.5422605723142624
  landing: 0.6294065304100513
  view-data: 3.3846898712217808
