times:
  edit-metadata: 1.5036712810397148
  landing: 0.7511615939438343
  view-data: 3.3455587700009346
