times:
  edit-metadata: 0.5763917859876528
  landing: 0.07184881600551307
  view-data: 0.22619933693204075
