times:
  edit-metadata: 1.4755573198199272
  landing: 0.8547336719930172
  view-data: 3.276268981397152
