times:
  edit-metadata: 0.5018150579999201
  landing: 0.05822758300928399
  view-data: 0.24272762599866837
