times:
  edit-metadata: 0.4954897400457412
  landing: 0.0679259670432657
  view-data: 0.21946607786230743
