times:
  edit-metadata: 1.5821977071464062
  landing: 0.6852165386080742
  view-data: 3.3298988603055477
