times:
  edit-metadata: 1.5550397634506226
  landing: 0.875350883230567
  view-data: 3.3629160188138485
