times:
  edit-metadata: 1.52479537576437
  landing: 0.18680893443524837
  view-data: 0.1538566891103983
