times:
  edit-metadata: 1.374776778742671
  landing: 0.7478788625448942
  view-data: 3.36672137491405
