times:
  edit-metadata: 1.7148174736648798
  landing: 0.19676521234214306
  view-data: 0.4023011289536953
