times:
  edit-metadata: 1.6954140830785036
  landing: 0.18967541307210922
  view-data: 0.16296408511698246
