times:
  edit-metadata: 1.4415867421776056
  landing: 0.7722153402864933
  view-data: 3.292486658319831
