times:
  edit-metadata: 1.5059649515897036
  landing: 0.7551487870514393
  view-data: 3.3979156725108624
