times:
  edit-metadata: 1.6406332068145275
  landing: 0.7692406661808491
  view-data: 3.4366624020040035
