times:
  edit-metadata: 0.5718799438327551
  landing: 0.049526178278028965
  view-data: 0.2105034259147942
