times:
  edit-metadata: 1.61549268104136
  landing: 0.021003859117627144
  view-data: 0.15397118777036667
