times:
  edit-metadata: 1.4828512836247683
  landing: 0.019136065617203712
  view-data: 0.023642143234610558
