times:
  edit-metadata: 0.5819701329746749
  landing: 0.06367441799375229
  view-data: 0.22757651100982912
