times:
  edit-metadata: 1.4072837755084038
  landing: 0.8616474363952875
  view-data: 3.340941750444472
