times:
  edit-metadata: 1.4960972145199776
  landing: 0.7508054636418819
  view-data: 3.3090783804655075
