times:
  edit-metadata: 1.8310318449512124
  landing: 1.0466086827218533
  view-data: 3.403636916540563
