times:
  edit-metadata: 1.4244519583880901
  landing: 0.9144553802907467
  view-data: 3.355812318623066
