times:
  edit-metadata: 0.5825294759124517
  landing: 0.10071664489805698
  view-data: 0.2920019021257758
