times:
  edit-metadata: 1.5350759085267782
  landing: 0.7640593126416206
  view-data: 3.3807250149548054
