times:
  edit-metadata: 0.502811263082549
  landing: 0.06685418903362006
  view-data: 0.2182116030016914
