times:
  edit-metadata: 1.373633375391364
  landing: 0.7654651133343577
  view-data: 3.3535582097247243
