times:
  edit-metadata: 1.4016441125422716
  landing: 0.12686908803880215
  view-data: 0.2957836426794529
