times:
  edit-metadata: 1.321022992953658
  landing: 0.735974607989192
  view-data: 3.3693001326173544
