times:
  edit-metadata: 0.5984286890015937
  landing: 0.046394154996960424
  view-data: 0.22838689299533144
