times:
  edit-metadata: 1.531840156763792
  landing: 1.0219759121537209
  view-data: 3.3371430672705173
