times:
  edit-metadata: 2.0681628677994013
  landing: 0.7971451636403799
  view-data: 3.410241276025772
