times:
  edit-metadata: 1.5424039624631405
  landing: 1.113710928708315
  view-data: 3.36953691765666
