times:
  edit-metadata: 1.3650334822013974
  landing: 0.8508261111564934
  view-data: 3.4076794208958745
