times:
  edit-metadata: 2.8804736603051424
  landing: 1.415700253099203
  view-data: 3.5352522768080235
