times:
  edit-metadata: 0.5702485302463174
  landing: 0.10382932191714644
  view-data: 0.32003665203228593
