times:
  edit-metadata: 0.49705648700000893
  landing: 0.0776859190000323
  view-data: 0.21515691300010076
