times:
  edit-metadata: 1.5312964636832476
  landing: 0.7481462676078081
  view-data: 3.393115419894457
