times:
  edit-metadata: 0.7180096092633903
  landing: 0.05801659822463989
  view-data: 0.30497846100479364
