times:
  edit-metadata: 1.3363139480352402
  landing: 0.9014954157173634
  view-data: 3.327263306826353
