times:
  edit-metadata: 2.1207857793197036
  landing: 1.2428510691970587
  view-data: 3.482084134593606
