times:
  edit-metadata: 1.375163834542036
  landing: 0.7487508878111839
  view-data: 3.3389701433479786
