times:
  edit-metadata: 1.5658833291381598
  landing: 0.9829568192362785
  view-data: 3.383386880159378
