times:
  edit-metadata: 1.429359510075301
  landing: 0.8058174350298941
  view-data: 3.408513293834403
