times:
  edit-metadata: 0.7261685160920024
  landing: 0.09724068315699697
  view-data: 0.29175859270617366
