times:
  edit-metadata: 1.4795162789523602
  landing: 0.8830591887235641
  view-data: 3.339130949229002
