times:
  edit-metadata: 1.4374370593577623
  landing: 0.20973140001296997
  view-data: 0.266934284940362
