times:
  edit-metadata: 0.49995191488415003
  landing: 0.05908547667786479
  view-data: 0.21922146389260888
