times:
  edit-metadata: 1.5818439610302448
  landing: 0.8647675309330225
  view-data: 3.4278911221772432
