times:
  edit-metadata: 1.522182883694768
  landing: 0.8340865503996611
  view-data: 3.4259137231856585
