times:
  edit-metadata: 1.5457204394042492
  landing: 0.1748729795217514
  view-data: 0.13856200128793716
