times:
  edit-metadata: 1.694996666163206
  landing: 0.9362264573574066
  view-data: 3.3218763284385204
