times:
  edit-metadata: 1.4359284359961748
  landing: 1.046714233700186
  view-data: 3.3667020821012557
