times:
  edit-metadata: 1.4366318546235561
  landing: 0.822949830442667
  view-data: 3.353288756683469
