times:
  edit-metadata: 1.3796756528317928
  landing: 0.6997790541499853
  view-data: 3.326144602149725
