times:
  edit-metadata: 1.4487468395382166
  landing: 0.022168202325701714
  view-data: 0.023890694603323936
