times:
  edit-metadata: 1.427892243489623
  landing: 0.8039557859301567
  view-data: 3.4322141176089644
