times:
  edit-metadata: 1.5038796020671725
  landing: 0.8106933140661567
  view-data: 3.3669747828971595
