times:
  edit-metadata: 0.49190630193334073
  landing: 0.06543045991566032
  view-data: 0.21798853005748242
