times:
  edit-metadata: 1.4944903329014778
  landing: 0.9424428008496761
  view-data: 3.374071467667818
