times:
  edit-metadata: 1.4567460780963302
  landing: 0.755413678009063
  view-data: 3.3918357649818063
