times:
  edit-metadata: 1.3920611198991537
  landing: 0.022835448384284973
  view-data: 0.12022239156067371
