times:
  edit-metadata: 1.5264425855129957
  landing: 0.7894848864525557
  view-data: 3.4289184473454952
