times:
  edit-metadata: 1.7967048659920692
  landing: 0.3450767621397972
  view-data: 0.39370266906917095
