times:
  edit-metadata: 1.4292767457664013
  landing: 0.9059766605496407
  view-data: 3.399812448769808
