times:
  edit-metadata: 1.5868437439203262
  landing: 0.84245665371418
  view-data: 3.430315662175417
