times:
  edit-metadata: 1.353440659120679
  landing: 1.2531454488635063
  view-data: 3.6230826782993972
