times:
  edit-metadata: 1.4050771072506905
  landing: 0.8464997634291649
  view-data: 3.3530237711966038
