times:
  edit-metadata: 1.54373075440526
  landing: 0.8395725637674332
  view-data: 3.417895697057247
