times:
  edit-metadata: 1.4436248112469912
  landing: 0.09873520210385323
  view-data: 0.02330068126320839
