times:
  edit-metadata: 1.3387028351426125
  landing: 0.7555124424397945
  view-data: 3.30575754866004
