times:
  edit-metadata: 1.3783626221120358
  landing: 0.8395986109972
  view-data: 3.2987355459481478
