times:
  edit-metadata: 1.5765884146094322
  landing: 0.1433438565582037
  view-data: 0.43227668851614
