times:
  edit-metadata: 1.5362043008208275
  landing: 0.9279781319200993
  view-data: 3.383849360048771
