times:
  edit-metadata: 1.3464127071201801
  landing: 0.7514023520052433
  view-data: 3.364473957568407
