times:
  edit-metadata: 1.7824906520545483
  landing: 0.8258499000221491
  view-data: 3.3379111532121897
