times:
  edit-metadata: 1.4933257810771465
  landing: 0.020527752116322517
  view-data: 0.3144415635615587
