times:
  edit-metadata: 1.5020808540284634
  landing: 0.7945945970714092
  view-data: 3.3169048726558685
