times:
  edit-metadata: 1.5422799326479435
  landing: 0.8971797153353691
  view-data: 3.396882563829422
