times:
  edit-metadata: 1.3872343637049198
  landing: 0.7186381816864014
  view-data: 3.3180158250033855
