times:
  edit-metadata: 1.4239273108541965
  landing: 0.7906709834933281
  view-data: 3.288175445050001
