times:
  edit-metadata: 0.4878845060011372
  landing: 0.07621619303245097
  view-data: 0.20278120401781052
