times:
  edit-metadata: 1.5428795088082552
  landing: 0.726975129917264
  view-data: 3.41609063744545
