times:
  edit-metadata: 0.6245058779604733
  landing: 0.06576842721551657
  view-data: 0.20518122287467122
