times:
  edit-metadata: 1.4612800618633628
  landing: 0.7807377343997359
  view-data: 3.403190551325679
