times:
  edit-metadata: 0.4897535650015925
  landing: 0.07358119200216606
  view-data: 0.2184523870018893
