times:
  edit-metadata: 0.5148583729751408
  landing: 0.0641219999815803
  view-data: 0.34835801101871766
