times:
  edit-metadata: 1.5037188772112131
  landing: 0.02347097173333168
  view-data: 0.328201062977314
