times:
  edit-metadata: 1.5543439239263535
  landing: 0.728560883551836
  view-data: 3.3865211736410856
