times:
  edit-metadata: 1.5086678583174944
  landing: 0.8985884599387646
  view-data: 3.364893089979887
