times:
  edit-metadata: 1.7251809490844607
  landing: 0.6915920041501522
  view-data: 3.391495336778462
