times:
  edit-metadata: 0.49501828802749515
  landing: 0.05852757906541228
  view-data: 0.21408299403265119
