times:
  edit-metadata: 1.6058838032186031
  landing: 1.02260110527277
  view-data: 3.3670764677226543
