times:
  edit-metadata: 1.538250658661127
  landing: 0.7621469292789698
  view-data: 3.380355091765523
