times:
  edit-metadata: 1.5416469275951385
  landing: 0.7486215494573116
  view-data: 3.4350668974220753
