times:
  edit-metadata: 0.4880924550816417
  landing: 0.06925831874832511
  view-data: 0.2088334229774773
