times:
  edit-metadata: 1.4544214978814125
  landing: 0.8273116908967495
  view-data: 3.3545463755726814
