times:
  edit-metadata: 0.4914833358488977
  landing: 0.06569696217775345
  view-data: 0.21405116305686533
