times:
  edit-metadata: 1.7370453178882599
  landing: 0.2763665243983269
  view-data: 0.4355343021452427
