times:
  edit-metadata: 1.6295377891510725
  landing: 0.2342416513711214
  view-data: 0.41667915135622025
