times:
  edit-metadata: 1.622035538777709
  landing: 0.7943470068275928
  view-data: 3.4621918071061373
