times:
  edit-metadata: 2.5767389591783285
  landing: 1.4470123182982206
  view-data: 3.9305692575871944
