times:
  edit-metadata: 0.5004787800135091
  landing: 0.0791122050723061
  view-data: 0.21827820700127631
