times:
  edit-metadata: 0.5903961258009076
  landing: 0.05033591901883483
  view-data: 0.21062971325591207
