times:
  edit-metadata: 1.4033074229955673
  landing: 0.9090365096926689
  view-data: 3.355930522084236
