times:
  edit-metadata: 1.515273247845471
  landing: 0.8108116677030921
  view-data: 3.3020228720270097
