times:
  edit-metadata: 0.6239785677753389
  landing: 0.08320352900773287
  view-data: 0.24691674206405878
