times:
  edit-metadata: 1.6228167992085218
  landing: 0.7592397090047598
  view-data: 3.390893714502454
