times:
  edit-metadata: 1.5130837671458721
  landing: 1.0058039426803589
  view-data: 3.4182937294244766
