times:
  edit-metadata: 0.4845351129770279
  landing: 0.07260493794456124
  view-data: 0.22064572689123452
