times:
  edit-metadata: 1.667617842555046
  landing: 0.9610416367650032
  view-data: 3.485375724732876
