times:
  edit-metadata: 0.5273632500320673
  landing: 0.04125571297481656
  view-data: 0.20405277295503765
