times:
  edit-metadata: 2.862929407507181
  landing: 1.0975699871778488
  view-data: 3.6565024815499783
