times:
  edit-metadata: 1.5932585522532463
  landing: 0.9881885573267937
  view-data: 3.3359669260680676
