times:
  edit-metadata: 1.5096052587032318
  landing: 0.8514672257006168
  view-data: 3.3881433866918087
