times:
  edit-metadata: 1.4025690257549286
  landing: 0.8487992398440838
  view-data: 3.306076679378748
