times:
  edit-metadata: 0.6256817760877311
  landing: 0.08932654885575175
  view-data: 0.22544807475060225
