times:
  edit-metadata: 0.4901212230324745
  landing: 0.077917868969962
  view-data: 0.21348097478039563
