times:
  edit-metadata: 1.4829898700118065
  landing: 0.8035395760089159
  view-data: 3.420062465593219
