times:
  edit-metadata: 1.6813204176723957
  landing: 1.0339221805334091
  view-data: 3.402198389172554
