times:
  edit-metadata: 1.6109606213867664
  landing: 0.7794421669095755
  view-data: 3.4500286243855953
