times:
  edit-metadata: 1.402658449485898
  landing: 0.2393579687923193
  view-data: 0.32991703040897846
