times:
  edit-metadata: 0.4941173121333122
  landing: 0.06030385382473469
  view-data: 0.2064159158617258
