times:
  edit-metadata: 1.442239172756672
  landing: 0.1247588712722063
  view-data: 0.27485813945531845
