times:
  edit-metadata: 1.5426480199676007
  landing: 0.8545879989396781
  view-data: 3.4020893757697195
