times:
  edit-metadata: 1.564547922462225
  landing: 0.828417707234621
  view-data: 3.4202256351709366
