times:
  edit-metadata: 1.5313086584210396
  landing: 0.8730419054627419
  view-data: 3.4154572263360023
