times:
  edit-metadata: 1.4821272811386734
  landing: 0.7387500440236181
  view-data: 3.311492044944316
