times:
  edit-metadata: 1.52177544683218
  landing: 0.8089779559522867
  view-data: 3.381211880594492
