times:
  edit-metadata: 2.6932685170322657
  landing: 1.3687933757901192
  view-data: 3.758631903678179
