times:
  edit-metadata: 1.5751658009830862
  landing: 0.8335888549918309
  view-data: 3.354767788085155
