times:
  edit-metadata: 1.3998344726860523
  landing: 0.9273484125733376
  view-data: 3.2950257919728756
