times:
  edit-metadata: 1.8500173203647137
  landing: 0.9893969129770994
  view-data: 3.348847486078739
