times:
  edit-metadata: 1.4622765940148383
  landing: 0.7914772061631083
  view-data: 3.3100237499456853
