times:
  edit-metadata: 1.3918411899358034
  landing: 0.04868616722524166
  view-data: 0.026240380480885506
