times:
  edit-metadata: 0.5802994300611317
  landing: 0.0734387959819287
  view-data: 0.23345093906391412
