times:
  edit-metadata: 1.5161212142556906
  landing: 0.7276412323117256
  view-data: 3.372673748061061
