times:
  edit-metadata: 1.5986332781612873
  landing: 0.9198973253369331
  view-data: 3.385551568120718
