times:
  edit-metadata: 1.4654158111661673
  landing: 0.18702459149062634
  view-data: 0.143008166924119
