times:
  edit-metadata: 1.3243658361025155
  landing: 0.7692307000979781
  view-data: 3.380336371716112
