times:
  edit-metadata: 0.6198177399928682
  landing: 0.04528713005129248
  view-data: 0.22347843903116882
