times:
  edit-metadata: 1.5578850340098143
  landing: 1.0767895318567753
  view-data: 3.3508392944931984
