times:
  edit-metadata: 2.9452364770695567
  landing: 2.0285869278013706
  view-data: 3.383506362326443
