times:
  edit-metadata: 0.6195282439875882
  landing: 0.07003538799472153
  view-data: 0.23385768898879178
