times:
  edit-metadata: 1.473792415112257
  landing: 0.023699818179011345
  view-data: 0.0277110543102026
