times:
  edit-metadata: 1.261241895146668
  landing: 0.8160110916942358
  view-data: 3.274334126152098
