times:
  edit-metadata: 1.5794556606560946
  landing: 0.9194988887757063
  view-data: 3.7996002789586782
