times:
  edit-metadata: 1.430726794525981
  landing: 0.021682484075427055
  view-data: 0.022374525666236877
