times:
  edit-metadata: 1.4512612319085747
  landing: 0.775234314147383
  view-data: 3.313230246072635
