times:
  edit-metadata: 0.536881763022393
  landing: 0.056710097938776016
  view-data: 0.2075379379093647
