times:
  edit-metadata: 0.6417720809986349
  landing: 0.07727301800332498
  view-data: 0.22857892900356092
