times:
  edit-metadata: 0.6280303510138765
  landing: 0.0426400940050371
  view-data: 0.23889046101248823
