times:
  edit-metadata: 1.4484980460256338
  landing: 0.11989764496684074
  view-data: 0.024737773463129997
