times:
  edit-metadata: 2.61760148499161
  landing: 1.551566275767982
  view-data: 0.8763736076653004
