times:
  edit-metadata: 1.3249869788996875
  landing: 0.7460268150316551
  view-data: 3.3461624580668285
