times:
  edit-metadata: 1.5334611237049103
  landing: 0.9738729707896709
  view-data: 3.429208882153034
