times:
  edit-metadata: 0.601879911031574
  landing: 0.07249859906733036
  view-data: 0.22575597558170557
