times:
  edit-metadata: 1.6066132001578808
  landing: 1.0494242161512375
  view-data: 3.4242906644940376
