times:
  edit-metadata: 4.371876193210483
  landing: 1.9812935590744019
  view-data: 4.408955033868551
