times:
  edit-metadata: 1.8858984801918268
  landing: 0.2903994396328926
  view-data: 0.4591354001313448
