times:
  edit-metadata: 1.3672211579978466
  landing: 0.6779500879347324
  view-data: 3.422575442120433
