times:
  edit-metadata: 1.2527756140334532
  landing: 0.33871231600642204
  view-data: 0.25978366105118766
