times:
  edit-metadata: 0.5556060929084197
  landing: 0.05263440799899399
  view-data: 0.32296897599007934
