times:
  edit-metadata: 1.54854516685009
  landing: 0.6502264998853207
  view-data: 3.3776255063712597
