times:
  edit-metadata: 1.3761130329221487
  landing: 0.13379467651247978
  view-data: 0.23004166968166828
