times:
  edit-metadata: 1.8521752078086138
  landing: 0.04897189699113369
  view-data: 0.19617451913654804
