times:
  edit-metadata: 0.5860870969481766
  landing: 0.1434919130988419
  view-data: 0.2219224739819765
