times:
  edit-metadata: 1.352230116724968
  landing: 0.6373524554073811
  view-data: 3.2901909314095974
