times:
  edit-metadata: 1.4853427466005087
  landing: 0.21752212569117546
  view-data: 0.027500424534082413
