times:
  edit-metadata: 1.509736992418766
  landing: 0.8343819919973612
  view-data: 3.38036485388875
