times:
  edit-metadata: 2.714592944830656
  landing: 1.1748405508697033
  view-data: 3.4202796705067158
