times:
  edit-metadata: 1.4451571814715862
  landing: 0.232266953215003
  view-data: 0.024725737050175667
