times:
  edit-metadata: 1.527457732707262
  landing: 0.20962773449718952
  view-data: 0.1248479038476944
