times:
  edit-metadata: 1.6267512924969196
  landing: 0.896403294056654
  view-data: 3.4116364642977715
