times:
  edit-metadata: 1.498623352497816
  landing: 0.8489086590707302
  view-data: 3.365866955369711
