times:
  edit-metadata: 1.5896526873111725
  landing: 0.7458345238119364
  view-data: 3.3593886829912663
