times:
  edit-metadata: 1.5037450715899467
  landing: 0.832735363394022
  view-data: 3.5531516820192337
