times:
  edit-metadata: 1.4670061450451612
  landing: 0.019559338688850403
  view-data: 0.025971869006752968
