times:
  edit-metadata: 0.4946803320199251
  landing: 0.053713178960606456
  view-data: 0.22578794392757118
