times:
  edit-metadata: 1.6528634764254093
  landing: 0.8535487465560436
  view-data: 3.433634728193283
