times:
  edit-metadata: 1.679034641943872
  landing: 1.0228028381243348
  view-data: 3.342052579857409
