times:
  edit-metadata: 1.441724714357406
  landing: 0.7882383149117231
  view-data: 3.3534590108320117
