times:
  edit-metadata: 1.5332166799344122
  landing: 0.8409727960824966
  view-data: 3.4270034939981997
