times:
  edit-metadata: 1.542662438005209
  landing: 0.8965291269123554
  view-data: 3.346079483628273
