times:
  edit-metadata: 2.1544502153992653
  landing: 0.2311970256268978
  view-data: 0.36646229587495327
