times:
  edit-metadata: 1.6151497066020966
  landing: 0.9007141105830669
  view-data: 3.4039847664535046
