times:
  edit-metadata: 1.5517041934654117
  landing: 0.8044573618099093
  view-data: 3.400566023774445
