times:
  edit-metadata: 0.501452038064599
  landing: 0.06995078502222896
  view-data: 0.22059453278779984
