times:
  edit-metadata: 1.4155633710324764
  landing: 0.020994579419493675
  view-data: 0.1296401508152485
