times:
  edit-metadata: 1.419523729942739
  landing: 0.7287172004580498
  view-data: 3.329514062963426
