times:
  edit-metadata: 1.372899167239666
  landing: 0.8844088166952133
  view-data: 3.3579647690057755
