times:
  edit-metadata: 1.4789914973080158
  landing: 0.9031051620841026
  view-data: 3.319036316126585
