times:
  edit-metadata: 1.4008649177849293
  landing: 0.8237331621348858
  view-data: 3.330108070746064
