times:
  edit-metadata: 1.5124754160642624
  landing: 0.19322355464100838
  view-data: 0.10018948838114738
