times:
  edit-metadata: 0.6099240947514772
  landing: 0.04516457486897707
  view-data: 0.21927456511184573
