times:
  edit-metadata: 0.5322565296664834
  landing: 0.05261929798871279
  view-data: 0.21971582807600498
