times:
  edit-metadata: 0.49415215384215117
  landing: 0.07228369195945561
  view-data: 0.2115529130678624
