times:
  edit-metadata: 1.3963595759123564
  landing: 6.265636762138456
  view-data: 3.3614866728894413
