times:
  edit-metadata: 1.5459019169211388
  landing: 0.9051807634532452
  view-data: 3.4028620589524508
