times:
  edit-metadata: 1.6502087507396936
  landing: 0.02094770036637783
  view-data: 0.3653552159667015
