times:
  edit-metadata: 2.463317386806011
  landing: 1.4310283921658993
  view-data: 3.433536820113659
