times:
  edit-metadata: 0.594725776987616
  landing: 0.04939107899554074
  view-data: 0.22397915500914678
