times:
  edit-metadata: 4.510551575571299
  landing: 1.8243209831416607
  view-data: 3.9854825995862484
