times:
  edit-metadata: 1.9298240412026644
  landing: 1.328578757122159
  view-data: 3.5246029756963253
