times:
  edit-metadata: 1.3950591292232275
  landing: 0.020106827840209007
  view-data: 0.330229751765728
