times:
  edit-metadata: 1.4261107863858342
  landing: 0.7663992969319224
  view-data: 3.2910656984895468
