times:
  edit-metadata: 1.357349682599306
  landing: 0.7665953300893307
  view-data: 3.299986232072115
