times:
  edit-metadata: 1.4574957666918635
  landing: 0.7496324544772506
  view-data: 3.3240641271695495
