times:
  edit-metadata: 1.3473114762455225
  landing: 0.7765752258710563
  view-data: 0.46403650380671024
