times:
  edit-metadata: 1.3542302269488573
  landing: 0.7940837936475873
  view-data: 3.3362660575658083
