times:
  edit-metadata: 1.5755472369492054
  landing: 0.8047248795628548
  view-data: 3.4081990756094456
