times:
  edit-metadata: 1.505082856863737
  landing: 0.17384636774659157
  view-data: 0.13807273097336292
