times:
  edit-metadata: 1.5779452286660671
  landing: 0.8499418403953314
  view-data: 3.4318644907325506
