times:
  edit-metadata: 1.5194663144648075
  landing: 0.8720292113721371
  view-data: 3.367857664823532
