times:
  edit-metadata: 1.6177262291312218
  landing: 0.9649175740778446
  view-data: 3.4881533719599247
