times:
  edit-metadata: 1.6460939161479473
  landing: 0.1496791671961546
  view-data: 0.4012311026453972
