times:
  edit-metadata: 1.5468109343200922
  landing: 0.9067226527258754
  view-data: 3.275312271900475
