times:
  edit-metadata: 0.6064353830879554
  landing: 0.04585222795139998
  view-data: 0.21977657394018024
