times:
  edit-metadata: 1.5560664795339108
  landing: 0.7754822801798582
  view-data: 3.4725442305207253
