times:
  edit-metadata: 1.3682052791118622
  landing: 0.7262646742165089
  view-data: 3.279035583138466
