times:
  edit-metadata: 0.4983957459917292
  landing: 0.05886572500457987
  view-data: 0.2283843900077045
