times:
  edit-metadata: 1.5911274449899793
  landing: 1.0832416787743568
  view-data: 3.3983005499467254
