times:
  edit-metadata: 0.6187674610409886
  landing: 0.04594039102084935
  view-data: 0.2244208010379225
