times:
  edit-metadata: 1.5491287959739566
  landing: 0.9119642870500684
  view-data: 3.379060219042003
