times:
  edit-metadata: 0.5809431253001094
  landing: 0.06083165807649493
  view-data: 0.2199203330092132
