times:
  edit-metadata: 1.3583629801869392
  landing: 0.8517721481621265
  view-data: 3.307379614561796
