times:
  edit-metadata: 1.5894866827875376
  landing: 0.8341010995209217
  view-data: 3.4367017075419426
