times:
  edit-metadata: 1.4860412110574543
  landing: 0.8245905200019479
  view-data: 3.3973171981051564
