times:
  edit-metadata: 1.4521665298379958
  landing: 0.7682602577842772
  view-data: 3.353048570919782
