times:
  edit-metadata: 1.656668433919549
  landing: 0.022171130403876305
  view-data: 0.142981780692935
