times:
  edit-metadata: 1.4417547099292278
  landing: 0.8245993852615356
  view-data: 3.2838313598185778
