times:
  edit-metadata: 0.4771961970254779
  landing: 0.06336960312910378
  view-data: 0.3392549189738929
