times:
  edit-metadata: 1.4724046103656292
  landing: 0.020791972056031227
  view-data: 0.35825525037944317
