times:
  edit-metadata: 1.5727623626589775
  landing: 0.8858370520174503
  view-data: 3.3574470467865467
