times:
  edit-metadata: 1.412053570151329
  landing: 1.4515732675790787
  view-data: 3.332910720258951
