times:
  edit-metadata: 2.232169546186924
  landing: 1.2584260571748018
  view-data: 3.734326174482703
