times:
  edit-metadata: 1.7838796246796846
  landing: 0.3061021789908409
  view-data: 0.431876715272665
