times:
  edit-metadata: 1.4227168001234531
  landing: 0.7994770593941212
  view-data: 3.309694293886423
