times:
  edit-metadata: 1.5518772155046463
  landing: 0.7558871321380138
  view-data: 3.41016941703856
