times:
  edit-metadata: 0.6122929868288338
  landing: 0.047197407111525536
  view-data: 0.2020960166119039
