times:
  edit-metadata: 1.5603449512273073
  landing: 0.12892510555684566
  view-data: 0.2750614546239376
