times:
  edit-metadata: 1.5557500589638948
  landing: 0.23721841908991337
  view-data: 0.4023080915212631
