times:
  edit-metadata: 1.4516770336776972
  landing: 0.7765662195160985
  view-data: 3.3904961962252855
