times:
  edit-metadata: 1.726953118108213
  landing: 1.0113649358972907
  view-data: 3.5085916500538588
