times:
  edit-metadata: 1.533649168908596
  landing: 0.7283219136297703
  view-data: 3.3662094324827194
