times:
  edit-metadata: 1.8006059769541025
  landing: 1.3569495007395744
  view-data: 3.3387054055929184
