times:
  edit-metadata: 1.4488785788416862
  landing: 0.9549304954707623
  view-data: 3.3552795834839344
