times:
  edit-metadata: 1.4913537837564945
  landing: 0.2074796725064516
  view-data: 0.3192621320486069
