times:
  edit-metadata: 1.6123240813612938
  landing: 0.9729122016578913
  view-data: 3.4811301436275244
