times:
  edit-metadata: 1.5374140180647373
  landing: 1.1418098788708448
  view-data: 3.2959219217300415
