times:
  edit-metadata: 0.5927093609934673
  landing: 0.06339809496421367
  view-data: 0.22397653490770608
