times:
  edit-metadata: 1.5451263934373856
  landing: 0.8878813199698925
  view-data: 3.4272471591830254
