times:
  edit-metadata: 0.6370472410344519
  landing: 0.09672528097871691
  view-data: 0.2250773450359702
