times:
  edit-metadata: 0.4963310449384153
  landing: 0.07552944216877222
  view-data: 0.20283175725489855
