times:
  edit-metadata: 0.5111664439900778
  landing: 0.03888675203779712
  view-data: 0.2075292450026609
