times:
  edit-metadata: 1.5850173812359571
  landing: 0.7626252062618732
  view-data: 3.452053565531969
