times:
  edit-metadata: 1.5307214856147766
  landing: 0.7651305645704269
  view-data: 3.343131083995104
