times:
  edit-metadata: 2.200097367167473
  landing: 1.1276244390755892
  view-data: 3.442434959113598
