times:
  edit-metadata: 1.457605464849621
  landing: 0.7438847068697214
  view-data: 3.374555507907644
