times:
  edit-metadata: 2.169243055395782
  landing: 0.736393884755671
  view-data: 3.427569861523807
