times:
  edit-metadata: 1.421136137098074
  landing: 0.6886999644339085
  view-data: 3.3340293169021606
