times:
  edit-metadata: 1.7716660164296627
  landing: 0.8297717422246933
  view-data: 3.401331026107073
