times:
  edit-metadata: 1.465120730921626
  landing: 0.8521749395877123
  view-data: 3.401582851074636
