times:
  edit-metadata: 1.423500794917345
  landing: 0.23691006749868393
  view-data: 0.319049384444952
