times:
  edit-metadata: 0.5838364558294415
  landing: 0.06228939210996032
  view-data: 0.2891843388788402
