times:
  edit-metadata: 0.5030361409299076
  landing: 0.0635301029542461
  view-data: 0.2082552700303495
