times:
  edit-metadata: 1.5122765023261309
  landing: 0.7650035936385393
  view-data: 3.4183049611747265
