times:
  edit-metadata: 1.4395938590168953
  landing: 0.8912711329758167
  view-data: 3.360559646040201
