times:
  edit-metadata: 1.5938640050590038
  landing: 0.7232792228460312
  view-data: 3.4108917079865932
