times:
  edit-metadata: 1.612686569802463
  landing: 0.8880320312455297
  view-data: 3.5524684619158506
