times:
  edit-metadata: 0.6836187830194831
  landing: 0.05034977290779352
  view-data: 0.21354383090510964
