times:
  edit-metadata: 1.356222071684897
  landing: 0.7172752805054188
  view-data: 3.2890662122517824
