times:
  edit-metadata: 1.4167601466178894
  landing: 0.8641171418130398
  view-data: 3.451685607433319
