times:
  edit-metadata: 1.5399527261033654
  landing: 0.8270598249509931
  view-data: 3.367084209807217
