times:
  edit-metadata: 2.9533079639077187
  landing: 1.8125518523156643
  view-data: 4.027481146156788
