times:
  edit-metadata: 2.025112235918641
  landing: 0.9390419125556946
  view-data: 3.3588591888546944
