times:
  edit-metadata: 0.4992323110345751
  landing: 0.07322126301005483
  view-data: 0.2197457100264728
