times:
  edit-metadata: 1.5521050710231066
  landing: 0.2890585958957672
  view-data: 0.3718996960669756
