times:
  edit-metadata: 1.6974921710789204
  landing: 0.7979099582880735
  view-data: 3.421563943848014
