times:
  edit-metadata: 0.4966101669706404
  landing: 0.06118436111137271
  view-data: 0.32151692686602473
