times:
  edit-metadata: 1.4318771110847592
  landing: 0.728961730375886
  view-data: 3.34080820530653
