times:
  edit-metadata: 1.439732275903225
  landing: 0.02164245955646038
  view-data: 0.2395583726465702
