times:
  edit-metadata: 1.399191353470087
  landing: 0.8733093813061714
  view-data: 3.4587141685187817
