times:
  edit-metadata: 0.5916356281377375
  landing: 0.06724669504910707
  view-data: 0.21163801569491625
