times:
  edit-metadata: 0.5026225700130453
  landing: 0.05473292799433693
  view-data: 0.20468032998905983
