times:
  edit-metadata: 0.5083955798763782
  landing: 0.07686344301328063
  view-data: 0.21668476797640324
