times:
  edit-metadata: 0.49160055513493717
  landing: 0.0591515670530498
  view-data: 0.20764431403949857
