times:
  edit-metadata: 2.2254483476281166
  landing: 1.4464384764432907
  view-data: 3.71461783349514
