times:
  edit-metadata: 1.4752017790451646
  landing: 1.1921556927263737
  view-data: 3.3990595089271665
