times:
  edit-metadata: 1.5157920308411121
  landing: 0.8021649830043316
  view-data: 3.307595495134592
