times:
  edit-metadata: 0.4886321029625833
  landing: 0.07278064405545592
  view-data: 0.20635953918099403
