times:
  edit-metadata: 1.6053078584372997
  landing: 1.0242296569049358
  view-data: 3.4279768876731396
