times:
  edit-metadata: 1.7388161644339561
  landing: 1.1325842402875423
  view-data: 3.3983222357928753
