times:
  edit-metadata: 0.4791395659558475
  landing: 0.07296388898976147
  view-data: 0.20839675818569958
