times:
  edit-metadata: 0.539293474983424
  landing: 0.05062563205137849
  view-data: 0.2113075852394104
