times:
  edit-metadata: 1.6197330616414547
  landing: 0.7487992309033871
  view-data: 3.403815345838666
