times:
  edit-metadata: 1.9495792351663113
  landing: 1.2456835359334946
  view-data: 3.418672422412783
