times:
  edit-metadata: 1.3352465219795704
  landing: 0.8237889241427183
  view-data: 3.389677403960377
