times:
  edit-metadata: 1.4571563471108675
  landing: 0.7783476901240647
  view-data: 3.355645745061338
