times:
  edit-metadata: 1.7646798994392157
  landing: 1.2517964728176594
  view-data: 3.4455336276441813
