times:
  edit-metadata: 1.5008333306759596
  landing: 0.8752769529819489
  view-data: 3.4032604824751616
