times:
  edit-metadata: 1.5314689073711634
  landing: 0.771397465839982
  view-data: 3.4572226610034704
