times:
  edit-metadata: 1.5566309662535787
  landing: 1.3802532441914082
  view-data: 3.3670595353469253
