times:
  edit-metadata: 0.5131016920786351
  landing: 0.044712373055517673
  view-data: 0.222429180983454
