times:
  edit-metadata: 1.40293338696938
  landing: 0.6799662869889289
  view-data: 3.2932950099930167
