times:
  edit-metadata: 1.6446182057261467
  landing: 0.9454175867140293
  view-data: 3.397499404847622
