times:
  edit-metadata: 1.9181906562298536
  landing: 0.45441849529743195
  view-data: 0.18572520464658737
