times:
  edit-metadata: 0.6150825990043813
  landing: 0.04770763199485373
  view-data: 0.21994214599544648
