times:
  edit-metadata: 1.5034958249889314
  landing: 0.850152428727597
  view-data: 3.466711383778602
