times:
  edit-metadata: 1.4529894012957811
  landing: 0.1260323580354452
  view-data: 0.3085086736828089
