times:
  edit-metadata: 0.4961856671143323
  landing: 0.06372097902931273
  view-data: 0.213223691098392
