times:
  edit-metadata: 0.6296871189842932
  landing: 0.08203485101694241
  view-data: 0.22071268496802077
