times:
  edit-metadata: 1.422028124332428
  landing: 0.218172088265419
  view-data: 0.29287730902433395
