times:
  edit-metadata: 1.589729978935793
  landing: 0.895907033002004
  view-data: 3.3740189409581944
