times:
  edit-metadata: 1.383584063500166
  landing: 0.1337633840739727
  view-data: 0.28586980886757374
