times:
  edit-metadata: 1.4380762614309788
  landing: 0.019901715219020844
  view-data: 0.025525139644742012
