times:
  edit-metadata: 0.6931831239999156
  landing: 0.09018051099701552
  view-data: 0.21330890800163615
