times:
  edit-metadata: 1.5502209402620792
  landing: 0.9352986216545105
  view-data: 3.4220036417245865
