times:
  edit-metadata: 1.3372063636779785
  landing: 0.7519520036876202
  view-data: 3.381745396181941
