times:
  edit-metadata: 1.4570877682417631
  landing: 0.19795352406799793
  view-data: 0.10010630451142788
