times:
  edit-metadata: 1.618678618222475
  landing: 0.024772901087999344
  view-data: 0.29766560159623623
