times:
  edit-metadata: 1.5772642325609922
  landing: 0.7492243740707636
  view-data: 3.36109871417284
