times:
  edit-metadata: 2.939031705260277
  landing: 1.247187279164791
  view-data: 3.6078811027109623
