times:
  edit-metadata: 1.4968298748135567
  landing: 0.8978656828403473
  view-data: 3.401655189692974
