times:
  edit-metadata: 0.5945407330000307
  landing: 0.06604140699982963
  view-data: 0.23546717199951672
