times:
  edit-metadata: 2.954474711790681
  landing: 0.9952773991972208
  view-data: 3.680725608021021
