times:
  edit-metadata: 0.5430811229161918
  landing: 0.05688682594336569
  view-data: 0.21175926714204252
