times:
  edit-metadata: 1.3899266188964248
  landing: 0.7832423159852624
  view-data: 3.404392182826996
