times:
  edit-metadata: 1.4395403861999512
  landing: 0.021571019664406776
  view-data: 0.472970774397254
