times:
  edit-metadata: 1.2740082563832402
  landing: 0.7040645694360137
  view-data: 3.377239109016955
