times:
  edit-metadata: 0.5196336871013045
  landing: 0.08724704920314252
  view-data: 0.20689568808302283
