times:
  edit-metadata: 0.7258919929154217
  landing: 0.1238218848593533
  view-data: 0.31652960274368525
