times:
  edit-metadata: 1.405354306101799
  landing: 0.12121758982539177
  view-data: 0.268025416880846
