times:
  edit-metadata: 1.5768660753965378
  landing: 0.9028905592858791
  view-data: 3.3978590443730354
