times:
  edit-metadata: 0.5095172601286322
  landing: 0.06214938894845545
  view-data: 0.21023187902756035
