times:
  edit-metadata: 2.0210395492613316
  landing: 1.1837201286107302
  view-data: 3.619650300592184
