times:
  edit-metadata: 0.7218045940098818
  landing: 0.158179633988766
  view-data: 0.29215967701748013
