times:
  edit-metadata: 1.4813873916864395
  landing: 0.8352813497185707
  view-data: 3.5126760378479958
