times:
  edit-metadata: 1.4027228280901909
  landing: 0.9033390060067177
  view-data: 3.537144295871258
