times:
  edit-metadata: 1.3399189338088036
  landing: 0.9810270741581917
  view-data: 3.3309541009366512
