times:
  edit-metadata: 1.4269559308886528
  landing: 0.7863123416900635
  view-data: 3.37372837215662
