times:
  edit-metadata: 1.5512847751379013
  landing: 0.9817399755120277
  view-data: 3.706085294485092
