times:
  edit-metadata: 1.3575949594378471
  landing: 0.8419054560363293
  view-data: 3.3038364835083485
