times:
  edit-metadata: 1.3894275203347206
  landing: 0.8094658851623535
  view-data: 3.4893996715545654
