times:
  edit-metadata: 1.93686842918396
  landing: 1.0528824590146542
  view-data: 3.4436172135174274
