times:
  edit-metadata: 1.4188815206289291
  landing: 0.7616824060678482
  view-data: 3.45189069211483
