times:
  edit-metadata: 1.3289677500724792
  landing: 0.902600571513176
  view-data: 3.3624587394297123
