times:
  edit-metadata: 2.173046886920929
  landing: 1.10067468136549
  view-data: 3.550295665860176
