times:
  edit-metadata: 1.4152521416544914
  landing: 0.7716145217418671
  view-data: 3.4274643808603287
