times:
  edit-metadata: 1.3779876306653023
  landing: 0.7828641533851624
  view-data: 4.697496637701988
