times:
  edit-metadata: 1.4432760328054428
  landing: 0.9601332955062389
  view-data: 3.286787047982216
