times:
  edit-metadata: 1.468075092881918
  landing: 0.8750565350055695
  view-data: 3.267997018992901
