times:
  edit-metadata: 1.4347055181860924
  landing: 0.7529513835906982
  view-data: 3.532221607863903
