times:
  edit-metadata: 2.4050780348479748
  landing: 1.006263356655836
  view-data: 3.476356130093336
