times:
  edit-metadata: 1.470500148832798
  landing: 0.781386211514473
  view-data: 3.4145874455571175
