times:
  edit-metadata: 1.551959041506052
  landing: 0.856375202536583
  view-data: 3.300481867045164
