times:
  edit-metadata: 1.3898054361343384
  landing: 0.7667218670248985
  view-data: 3.5012769773602486
