times:
  edit-metadata: 1.4412166997790337
  landing: 0.9147793278098106
  view-data: 3.4999543502926826
