times:
  edit-metadata: 1.3682487681508064
  landing: 0.8020317032933235
  view-data: 3.376551553606987
