times:
  edit-metadata: 1.3845759108662605
  landing: 0.7904510721564293
  view-data: 3.4687171280384064
