times:
  edit-metadata: 1.3570691235363483
  landing: 0.8306835331022739
  view-data: 3.3564000576734543
