times:
  edit-metadata: 1.3805675134062767
  landing: 0.8829487785696983
  view-data: 3.5466488897800446
