times:
  edit-metadata: 1.3261401019990444
  landing: 0.758691743016243
  view-data: 3.27614975720644
