times:
  edit-metadata: 1.8819553703069687
  landing: 1.3928615003824234
  view-data: 3.450683332979679
