times:
  edit-metadata: 2.192224897444248
  landing: 0.7522360756993294
  view-data: 4.017543695867062
