times:
  edit-metadata: 1.3750512301921844
  landing: 0.8401831164956093
  view-data: 3.283260203897953
