times:
  edit-metadata: 1.4003953710198402
  landing: 0.8625699952244759
  view-data: 3.3774919360876083
