times:
  edit-metadata: 1.388968177139759
  landing: 0.829195037484169
  view-data: 3.54684030264616
