times:
  edit-metadata: 1.4526713117957115
  landing: 0.8440724909305573
  view-data: 3.5261843129992485
