times:
  edit-metadata: 1.3858993873000145
  landing: 0.7994924187660217
  view-data: 3.351638674736023
