times:
  edit-metadata: 1.461418054997921
  landing: 0.7299589291214943
  view-data: 3.4737830832600594
