times:
  edit-metadata: 1.568955659866333
  landing: 0.9260045513510704
  view-data: 3.6893456429243088
