times:
  edit-metadata: 1.5107151865959167
  landing: 0.883159875869751
  view-data: 3.321999564766884
