times:
  edit-metadata: 1.5096269324421883
  landing: 0.7305894270539284
  view-data: 3.515523813664913
