times:
  edit-metadata: 1.4443089179694653
  landing: 0.7641870900988579
  view-data: 3.2875758036971092
