times:
  edit-metadata: 1.492625392973423
  landing: 0.960231326520443
  view-data: 3.5845310539007187
