times:
  edit-metadata: 1.3808297738432884
  landing: 0.8273893371224403
  view-data: 3.3446371369063854
