times:
  edit-metadata: 1.4048878140747547
  landing: 0.8367350623011589
  view-data: 3.288265474140644
