times:
  edit-metadata: 1.4752827174961567
  landing: 0.8073347918689251
  view-data: 3.3529059439897537
