times:
  edit-metadata: 1.4566260129213333
  landing: 0.8862152099609375
  view-data: 3.478432685136795
