times:
  edit-metadata: 1.5753399208188057
  landing: 0.7659649178385735
  view-data: 3.332702085375786
