times:
  edit-metadata: 1.338592041283846
  landing: 0.8541886359453201
  view-data: 3.530896369367838
