times:
  edit-metadata: 1.4087323881685734
  landing: 0.9735487587749958
  view-data: 3.3247758224606514
