times:
  edit-metadata: 1.4154962673783302
  landing: 0.7792094424366951
  view-data: 3.43431057035923
