times:
  edit-metadata: 1.578681230545044
  landing: 1.1336761191487312
  view-data: 3.296216670423746
