times:
  edit-metadata: 1.3967335298657417
  landing: 1.005574755370617
  view-data: 3.2966438606381416
