times:
  edit-metadata: 1.4517698213458061
  landing: 0.8139126971364021
  view-data: 3.554397150874138
