times:
  edit-metadata: 1.477978952229023
  landing: 0.7863584458827972
  view-data: 3.3122352957725525
