times:
  edit-metadata: 2.1817925572395325
  landing: 1.0631271302700043
  view-data: 3.65160596370697
