times:
  edit-metadata: 1.32975784689188
  landing: 0.8370910584926605
  view-data: 3.2591242641210556
