times:
  edit-metadata: 1.3898050896823406
  landing: 0.9147617779672146
  view-data: 3.3251088224351406
