times:
  edit-metadata: 1.6962383389472961
  landing: 0.7863520011305809
  view-data: 3.6362410113215446
