times:
  edit-metadata: 2.342320054769516
  landing: 1.4580723717808723
  view-data: 3.4266510382294655
