times:
  edit-metadata: 1.3868908286094666
  landing: 0.8334794566035271
  view-data: 0.6036808043718338
