times:
  edit-metadata: 1.3749866336584091
  landing: 0.8754668161273003
  view-data: 0.6780005544424057
