times:
  edit-metadata: 1.3934607356786728
  landing: 0.800695151090622
  view-data: 3.2929775416851044
