times:
  edit-metadata: 1.4779228493571281
  landing: 0.9725431278347969
  view-data: 3.6053676903247833
