times:
  edit-metadata: 1.5084918141365051
  landing: 0.8864575698971748
  view-data: 3.450879283249378
