times:
  edit-metadata: 1.405422892421484
  landing: 0.8604201599955559
  view-data: 3.306649673730135
