times:
  edit-metadata: 1.4530606418848038
  landing: 0.8552364222705364
  view-data: 3.317063234746456
