times:
  edit-metadata: 1.3556880354881287
  landing: 0.7561273127794266
  view-data: 3.4234598129987717
