times:
  edit-metadata: 1.339125744998455
  landing: 0.7603057995438576
  view-data: 3.5358559787273407
