times:
  edit-metadata: 1.5379647426307201
  landing: 0.9602047018706799
  view-data: 3.3052674904465675
