times:
  edit-metadata: 1.4422288164496422
  landing: 0.8585690557956696
  view-data: 3.3146764636039734
