times:
  edit-metadata: 1.400065965950489
  landing: 0.8057814463973045
  view-data: 3.2659986540675163
