times:
  edit-metadata: 1.4646912962198257
  landing: 0.8542450368404388
  view-data: 3.677892215549946
