times:
  edit-metadata: 1.4275935180485249
  landing: 1.042124718427658
  view-data: 3.330480419099331
