times:
  edit-metadata: 1.4654027596116066
  landing: 1.0396593138575554
  view-data: 3.366383410990238
