times:
  edit-metadata: 1.320784606039524
  landing: 0.7968508005142212
  view-data: 3.4556025937199593
