times:
  edit-metadata: 1.5003416314721107
  landing: 0.823101244866848
  view-data: 3.4338171929121017
