times:
  edit-metadata: 1.4215596467256546
  landing: 0.7482672184705734
  view-data: 3.375448800623417
