times:
  edit-metadata: 1.4413745999336243
  landing: 0.8149530738592148
  view-data: 3.477240100502968
