times:
  edit-metadata: 1.4378884136676788
  landing: 0.7197572886943817
  view-data: 3.2896484434604645
