times:
  edit-metadata: 1.4433932080864906
  landing: 0.8351773396134377
  view-data: 3.462225951254368
