times:
  edit-metadata: 1.6302516236901283
  landing: 1.0463116243481636
  view-data: 3.2957705184817314
