times:
  edit-metadata: 1.520216554403305
  landing: 0.8805093765258789
  view-data: 3.380218543112278
