times:
  edit-metadata: 2.5891773402690887
  landing: 1.8512397930026054
  view-data: 3.594684287905693
