times:
  edit-metadata: 1.4355699643492699
  landing: 0.760430209338665
  view-data: 3.3189550191164017
