times:
  edit-metadata: 1.7200090438127518
  landing: 1.0041171088814735
  view-data: 3.3932140097022057
