times:
  edit-metadata: 1.5880905911326408
  landing: 0.8964630663394928
  view-data: 3.43705003708601
