times:
  edit-metadata: 1.4620457775890827
  landing: 0.7726098373532295
  view-data: 3.3316644355654716
