times:
  edit-metadata: 1.4380812011659145
  landing: 0.7989879734814167
  view-data: 3.348041158169508
