times:
  edit-metadata: 1.3697906583547592
  landing: 0.8167280852794647
  view-data: 3.3109810799360275
