times:
  edit-metadata: 1.4112265557050705
  landing: 0.8480883464217186
  view-data: 3.333613023161888
