times:
  edit-metadata: 1.3790427334606647
  landing: 0.734521172940731
  view-data: 3.299418408423662
