times:
  edit-metadata: 5.184467568993568
  landing: 2.263335295021534
  view-data: 4.657578431069851
