times:
  edit-metadata: 1.4929556846618652
  landing: 0.8408402763307095
  view-data: 3.3207817897200584
