times:
  edit-metadata: 1.3870339542627335
  landing: 0.8296960256993771
  view-data: 3.3767127990722656
