times:
  edit-metadata: 1.4389276094734669
  landing: 0.8306399844586849
  view-data: 3.371538657695055
