times:
  edit-metadata: 1.3866688534617424
  landing: 0.803098276257515
  view-data: 3.4512229412794113
