times:
  edit-metadata: 1.3334987610578537
  landing: 0.815588653087616
  view-data: 3.356565438210964
