times:
  edit-metadata: 1.4144240394234657
  landing: 0.8181083872914314
  view-data: 3.4919524267315865
