times:
  edit-metadata: 1.3961737602949142
  landing: 0.791532963514328
  view-data: 3.5276452600955963
