times:
  edit-metadata: 1.4899163991212845
  landing: 0.8886166140437126
  view-data: 3.3114993199706078
