times:
  edit-metadata: 1.7635295912623405
  landing: 1.2372773066163063
  view-data: 3.5727680027484894
