times:
  edit-metadata: 1.3670360743999481
  landing: 0.8116292953491211
  view-data: 3.544416330754757
