times:
  edit-metadata: 1.4195960387587547
  landing: 0.9851519614458084
  view-data: 3.4818702042102814
