times:
  edit-metadata: 1.3649514615535736
  landing: 0.7794266492128372
  view-data: 3.3704831898212433
