times:
  edit-metadata: 1.5676846280694008
  landing: 0.9355743005871773
  view-data: 3.326519452035427
