times:
  edit-metadata: 1.4053291603922844
  landing: 0.897287592291832
  view-data: 3.3256780952215195
