times:
  edit-metadata: 1.478007711470127
  landing: 0.8974152728915215
  view-data: 3.286796383559704
