times:
  edit-metadata: 1.5925832614302635
  landing: 0.7829386740922928
  view-data: 3.5277678817510605
