times:
  edit-metadata: 1.42015041410923
  landing: 0.8786361627280712
  view-data: 3.3447155468165874
