times:
  edit-metadata: 2.541215680539608
  landing: 1.3180692754685879
  view-data: 3.680150531232357
