times:
  edit-metadata: 1.4848257079720497
  landing: 0.7076318264007568
  view-data: 3.520272485911846
