times:
  edit-metadata: 1.3944335356354713
  landing: 0.7920239940285683
  view-data: 3.494023270905018
