times:
  edit-metadata: 1.3812909163534641
  landing: 0.8996675200760365
  view-data: 3.4194233678281307
