times:
  edit-metadata: 1.36512853205204
  landing: 0.8738906607031822
  view-data: 3.5416093692183495
