times:
  edit-metadata: 1.1029961556196213
  landing: 0.7992291003465652
  view-data: 3.5089160799980164
