times:
  edit-metadata: 2.0980307161808014
  landing: 0.9159268885850906
  view-data: 3.5849246121942997
