times:
  edit-metadata: 1.3502781838178635
  landing: 0.7771612592041492
  view-data: 3.301000826060772
