times:
  edit-metadata: 1.3875733874738216
  landing: 0.7864474728703499
  view-data: 3.304022829979658
