times:
  edit-metadata: 1.3805016726255417
  landing: 0.7302450984716415
  view-data: 3.4930572360754013
