times:
  edit-metadata: 1.4515822753310204
  landing: 0.7780999541282654
  view-data: 3.428885020315647
