times:
  edit-metadata: 1.4817336350679398
  landing: 0.7633251920342445
  view-data: 3.572035737335682
