times:
  edit-metadata: 1.3558684512972832
  landing: 0.7592509761452675
  view-data: 3.721912145614624
