times:
  edit-metadata: 1.4025787562131882
  landing: 0.7964149378240108
  view-data: 3.2985022999346256
