times:
  edit-metadata: 1.3561132550239563
  landing: 0.7967149689793587
  view-data: 3.396821789443493
