times:
  edit-metadata: 1.5059818103909492
  landing: 0.8831885680556297
  view-data: 3.5263787508010864
