times:
  edit-metadata: 1.9071698635816574
  landing: 1.30829755961895
  view-data: 3.406446285545826
