times:
  edit-metadata: 1.3688850812613964
  landing: 0.816388227045536
  view-data: 3.3901164196431637
