times:
  edit-metadata: 1.4385883212089539
  landing: 0.7825527712702751
  view-data: 3.4210067465901375
