times:
  edit-metadata: 1.3413303010165691
  landing: 0.9043124094605446
  view-data: 3.345305509865284
