times:
  edit-metadata: 1.4207146652042866
  landing: 0.792461458593607
  view-data: 3.3165125884115696
