times:
  edit-metadata: 1.4170911759138107
  landing: 0.8148446083068848
  view-data: 3.336433432996273
