times:
  edit-metadata: 1.5434754006564617
  landing: 0.8918058574199677
  view-data: 3.3026590310037136
