times:
  edit-metadata: 1.519682638347149
  landing: 0.8515213653445244
  view-data: 3.5644204393029213
