times:
  edit-metadata: 1.3666733354330063
  landing: 0.8608120977878571
  view-data: 3.358604647219181
