times:
  edit-metadata: 1.4003406390547752
  landing: 0.8051158413290977
  view-data: 3.5285866633057594
