times:
  edit-metadata: 1.3772768788039684
  landing: 0.9161197431385517
  view-data: 3.353191737085581
