times:
  edit-metadata: 1.4553160667419434
  landing: 1.1562811061739922
  view-data: 3.5113889053463936
