times:
  edit-metadata: 1.484042376279831
  landing: 0.8461455404758453
  view-data: 3.397813878953457
