times:
  edit-metadata: 1.5585914105176926
  landing: 0.9404909536242485
  view-data: 3.620808869600296
