times:
  edit-metadata: 1.344457097351551
  landing: 0.7893114499747753
  view-data: 3.284128699451685
