times:
  edit-metadata: 1.538403183221817
  landing: 0.9949906021356583
  view-data: 3.443660445511341
