times:
  edit-metadata: 1.3349896557629108
  landing: 0.8293998278677464
  view-data: 3.3217226415872574
