times:
  edit-metadata: 1.3484879061579704
  landing: 0.8168714717030525
  view-data: 3.4450744912028313
