times:
  edit-metadata: 1.5199055410921574
  landing: 0.8349596597254276
  view-data: 3.34095611423254
