times:
  edit-metadata: 1.487407773733139
  landing: 0.8096498250961304
  view-data: 3.537291795015335
