times:
  edit-metadata: 1.4834323190152645
  landing: 0.8482352830469608
  view-data: 3.356065895408392
