times:
  edit-metadata: 1.3807330578565598
  landing: 0.8015386313199997
  view-data: 3.5186059549450874
