times:
  edit-metadata: 1.377297967672348
  landing: 0.8087241128087044
  view-data: 3.418878957629204
