times:
  edit-metadata: 1.4350995942950249
  landing: 0.9169555827975273
  view-data: 3.2684794180095196
