times:
  edit-metadata: 1.5330549888312817
  landing: 0.9882507100701332
  view-data: 3.3555182702839375
