times:
  edit-metadata: 1.525502435863018
  landing: 0.9561313018202782
  view-data: 3.3725886791944504
