times:
  edit-metadata: 1.4762529768049717
  landing: 0.9145286381244659
  view-data: 3.363907653838396
