times:
  edit-metadata: 1.3780971243977547
  landing: 1.049466073513031
  view-data: 3.3044058717787266
