times:
  edit-metadata: 1.83371002972126
  landing: 1.088721051812172
  view-data: 3.6832665130496025
