times:
  edit-metadata: 1.4358805865049362
  landing: 0.7819364368915558
  view-data: 3.2926163002848625
