times:
  edit-metadata: 1.3776595368981361
  landing: 0.8255112543702126
  view-data: 3.362086907029152
