times:
  edit-metadata: 1.4283665092661977
  landing: 0.0219159172847867
  view-data: 0.4056088598445058
