times:
  edit-metadata: 0.5122558898292482
  landing: 0.05431390414014459
  view-data: 0.20220370776951313
