times:
  edit-metadata: 1.5436780378222466
  landing: 0.6822667308151722
  view-data: 3.311419188976288
