times:
  edit-metadata: 0.5058249379508197
  landing: 0.04713847814127803
  view-data: 0.32446850603446364
