times:
  edit-metadata: 1.4842086490243673
  landing: 0.21626363322138786
  view-data: 0.41128995642066
