times:
  edit-metadata: 1.310744235990569
  landing: 0.8160631869686767
  view-data: 3.564508874900639
