times:
  edit-metadata: 1.649252787232399
  landing: 1.007158774882555
  view-data: 3.2979214750230312
