times:
  edit-metadata: 1.3335405383259058
  landing: 0.8163279537111521
  view-data: 3.304296350106597
