times:
  edit-metadata: 1.5530655272305012
  landing: 0.7458989210426807
  view-data: 3.3810018114745617
