times:
  edit-metadata: 1.4684160929173231
  landing: 0.019092699512839317
  view-data: 0.02780168689787388
