times:
  landing: 0.5578774840000165
  view-data: 0.5588276959999803
