times:
  edit-metadata: 0.48703014000784606
  landing: 0.04235622799023986
  view-data: 0.1989359449944459
