times:
  edit-metadata: 0.516687772993464
  landing: 0.05230473598930985
  view-data: 0.18540310504613444
