times:
  edit-metadata: 1.3752549402415752
  landing: 0.745366538874805
  view-data: 3.409851538017392
