times:
  landing: 0.554639576999989
  view-data: 0.5574394320000238
