times:
  edit-metadata: 0.9698579180985689
  landing: 0.049761928617954254
  view-data: 0.20887626707553864
