times:
  edit-metadata: 1.53610061109066
  landing: 0.834313590079546
  view-data: 3.405148893594742
