times:
  edit-metadata: 1.368468314409256
  landing: 0.8593389950692654
  view-data: 3.3606320172548294
