times:
  edit-metadata: 0.8989619426429272
  landing: 0.048128724098205566
  view-data: 0.2061823196709156
