times:
  edit-metadata: 1.4566252194344997
  landing: 0.0189762432128191
  view-data: 0.3171861208975315
