times:
  edit-metadata: 1.4823627304285765
  landing: 0.8919878453016281
  view-data: 3.4304010160267353
