times:
  edit-metadata: 0.512855920009315
  landing: 0.04600727802608162
  view-data: 0.1887560780160129
