times:
  edit-metadata: 0.4896115600131452
  landing: 0.04887704597786069
  view-data: 0.1942820909898728
