times:
  edit-metadata: 1.385909816250205
  landing: 0.12681954726576805
  view-data: 0.023318566381931305
