times:
  edit-metadata: 0.4923546272329986
  landing: 0.04400230385363102
  view-data: 0.20066080335527658
