times:
  edit-metadata: 0.7653223443776369
  landing: 0.5806192737072706
  view-data: 0.24897319823503494
