times:
  edit-metadata: 1.4383690813556314
  landing: 0.022565198130905628
  view-data: 0.24657875578850508
