times:
  edit-metadata: 1.566049875691533
  landing: 0.2111145555973053
  view-data: 0.41796600446105003
