times:
  edit-metadata: 0.483659437042661
  landing: 0.045750202029012144
  view-data: 0.1989298090338707
