times:
  edit-metadata: 0.7248200909234583
  landing: 0.07914338493719697
  view-data: 0.2632469111122191
