times:
  edit-metadata: 0.5871118241921067
  landing: 0.041415011044591665
  view-data: 0.21153029473498464
