times:
  edit-metadata: 0.6475628680200316
  landing: 0.03977269004099071
  view-data: 0.19533605297328904
