times:
  edit-metadata: 1.4490037951618433
  landing: 0.11831362172961235
  view-data: 0.3962495094165206
