times:
  edit-metadata: 0.8038655146956444
  landing: 1.1018073167651892
  view-data: 0.6074124462902546
