times:
  edit-metadata: 0.49926214572042227
  landing: 0.04461297718808055
  view-data: 0.19905016757547855
