times:
  edit-metadata: 0.8999053835868835
  landing: 0.04945966228842735
  view-data: 0.20858802646398544
