times:
  landing: 0.552426660000009
  view-data: 0.569446159999984
