times:
  edit-metadata: 1.476700035855174
  landing: 0.19734696857631207
  view-data: 0.11951820738613605
