times:
  edit-metadata: 1.4773781588301063
  landing: 0.01972245704382658
  view-data: 0.3501316448673606
