times:
  edit-metadata: 1.5100224502384663
  landing: 0.16480799857527018
  view-data: 0.46526780538260937
