times:
  edit-metadata: 0.5973682440817356
  landing: 0.045010380912572145
  view-data: 0.22797273006290197
