times:
  edit-metadata: 0.5118450510781258
  landing: 0.04100234783254564
  view-data: 0.19934300798922777
