times:
  edit-metadata: 0.5207631199155003
  landing: 0.04353048698976636
  view-data: 0.2006863730493933
