times:
  edit-metadata: 1.4359350632876158
  landing: 0.1901478748768568
  view-data: 0.11816049367189407
