times:
  edit-metadata: 1.3929594452492893
  landing: 0.7941377861425281
  view-data: 3.3677542437799275
