times:
  landing: 0.571431337999968
  view-data: 0.5657743050000477
