times:
  edit-metadata: 1.6619017645716667
  landing: 0.20492500811815262
  view-data: 0.12458066456019878
