times:
  edit-metadata: 1.3993109446018934
  landing: 0.16323620826005936
  view-data: 0.13478907756507397
