times:
  edit-metadata: 0.5861479149898514
  landing: 0.04801046202192083
  view-data: 0.19686551805352792
