times:
  landing: 1.1659683390000168
  view-data: 0.5535058659999947
