times:
  edit-metadata: 0.5336085478775203
  landing: 0.0560257937759161
  view-data: 0.20484736980870366
