times:
  edit-metadata: 0.4805106557905674
  landing: 0.043954707216471434
  view-data: 0.19776885770261288
