times:
  edit-metadata: 0.9885954707860947
  landing: 0.05136100947856903
  view-data: 0.20446132123470306
