times:
  edit-metadata: 1.508269863203168
  landing: 0.019585933536291122
  view-data: 0.3606092892587185
