times:
  edit-metadata: 0.8658196348696947
  landing: 0.5685929227620363
  view-data: 0.6024078503251076
