times:
  edit-metadata: 0.49931335635483265
  landing: 0.0401179026812315
  view-data: 0.205053074285388
