times:
  edit-metadata: 0.8200866095721722
  landing: 0.5759373717010021
  view-data: 0.6067604441195726
