times:
  landing: 1.124318145000018
  view-data: 0.5573807609999903
