times:
  edit-metadata: 0.9267976470291615
  landing: 0.04136769101023674
  view-data: 0.20672259107232094
