times:
  edit-metadata: 1.645086009055376
  landing: 1.0051460396498442
  view-data: 3.4727923441678286
