times:
  landing: 0.5410814729999629
  view-data: 0.5506452450000552
