times:
  edit-metadata: 0.49076616298407316
  landing: 0.041202636901289225
  view-data: 0.20456211920827627
