times:
  edit-metadata: 0.850523728877306
  landing: 0.5998731125146151
  view-data: 0.317764300853014
