times:
  edit-metadata: 1.6626483649015427
  landing: 0.13900171220302582
  view-data: 0.3403054717928171
