times:
  edit-metadata: 1.4222796373069286
  landing: 0.02051155176013708
  view-data: 0.1220590015873313
