times:
  edit-metadata: 1.6315120961517096
  landing: 0.20662746019661427
  view-data: 0.028259307146072388
