times:
  edit-metadata: 1.4560758378356695
  landing: 0.13201080448925495
  view-data: 0.1345234364271164
