times:
  edit-metadata: 2.0168212838470936
  landing: 0.19638713262975216
  view-data: 0.2368802037090063
