times:
  edit-metadata: 1.448860790580511
  landing: 0.023696220479905605
  view-data: 0.02646527625620365
