times:
  edit-metadata: 0.8180339559912682
  landing: 0.04382792115211487
  view-data: 0.206863172352314
