times:
  edit-metadata: 1.6200942900031805
  landing: 1.2847411567345262
  view-data: 3.4249986354261637
