times:
  edit-metadata: 1.4808244756422937
  landing: 0.8069068659096956
  view-data: 3.423531526234001
