times:
  edit-metadata: 0.6688020060537383
  landing: 0.04468511801678687
  view-data: 0.2007405620533973
