times:
  edit-metadata: 0.49040598201099783
  landing: 0.045945163001306355
  view-data: 0.20166625001002103
