times:
  edit-metadata: 1.350273596122861
  landing: 0.7557667624205351
  view-data: 3.370824296027422
