times:
  edit-metadata: 1.2386341970413923
  landing: 0.8237971239723265
  view-data: 3.265124322846532
