times:
  edit-metadata: 1.449023999273777
  landing: 0.8887108005583286
  view-data: 3.3068307489156723
