times:
  edit-metadata: 3.388970321044326
  landing: 1.0100863426923752
  view-data: 0.932544351555407
