times:
  edit-metadata: 1.3708209991455078
  landing: 0.921029057353735
  view-data: 3.310619305819273
