times:
  landing: 0.5653794739999967
  view-data: 0.06286009699999795
