times:
  edit-metadata: 1.4185922257602215
  landing: 0.6483660247176886
  view-data: 3.276391986757517
