times:
  edit-metadata: 1.5416173050180078
  landing: 0.019833710975944996
  view-data: 0.4164574006572366
