times:
  edit-metadata: 1.5424052141606808
  landing: 0.9508242830634117
  view-data: 3.4217242635786533
