times:
  landing: 3.16110863199998
  view-data: 1.6009777090000057
