times:
  edit-metadata: 1.5500824637711048
  landing: 1.0358753129839897
  view-data: 3.4106839187443256
