times:
  edit-metadata: 1.4214498866349459
  landing: 0.020870249718427658
  view-data: 0.42212099209427834
