times:
  edit-metadata: 2.121138828806579
  landing: 1.4545558271929622
  view-data: 3.440338616259396
