times:
  edit-metadata: 1.5064152088016272
  landing: 0.01805797964334488
  view-data: 0.30811233818531036
