times:
  edit-metadata: 0.5164089109748602
  landing: 0.06492251018062234
  view-data: 0.19901857315562665
