times:
  edit-metadata: 1.486152264289558
  landing: 0.020978013053536415
  view-data: 0.024245239794254303
