times:
  edit-metadata: 2.670364157296717
  landing: 2.0250724712386727
  view-data: 3.573472086340189
