times:
  landing: 0.551818146999949
  view-data: 0.5562225450000824
