times:
  edit-metadata: 0.5022905855439603
  landing: 0.04276123410090804
  view-data: 0.21097868820652366
