times:
  edit-metadata: 0.5125504219977302
  landing: 0.0442750160000287
  view-data: 0.208853011004976
