times:
  edit-metadata: 1.3615029193460941
  landing: 0.8097542226314545
  view-data: 3.4187684506177902
