times:
  edit-metadata: 0.4935303370002657
  landing: 0.04930452606640756
  view-data: 0.19688479811884463
