times:
  edit-metadata: 0.6590469360235147
  landing: 0.04634572798386216
  view-data: 0.20405286800814793
