times:
  edit-metadata: 1.4840357564389706
  landing: 0.7736443411558867
  view-data: 3.4280110970139503
