times:
  edit-metadata: 0.6293535530567169
  landing: 0.057259269058704376
  view-data: 0.19850168004631996
