times:
  edit-metadata: 0.5191361459437758
  landing: 0.043185936054214835
  view-data: 0.20349619397893548
