times:
  edit-metadata: 1.6174335964024067
  landing: 0.2601610142737627
  view-data: 0.4075638223439455
