times:
  edit-metadata: 0.4939148030243814
  landing: 0.05314775591250509
  view-data: 0.19914182706270367
