times:
  edit-metadata: 1.328945567831397
  landing: 0.761221444234252
  view-data: 3.417953511700034
