times:
  edit-metadata: 0.5048124901950359
  landing: 0.04538227804005146
  view-data: 0.21021047420799732
