times:
  edit-metadata: 0.5278817932121456
  landing: 0.05081669217906892
  view-data: 0.18563620885834098
