times:
  edit-metadata: 0.5356832640245557
  landing: 0.04678678512573242
  view-data: 0.19194638030603528
