times:
  edit-metadata: 1.6243923585861921
  landing: 0.8343883920460939
  view-data: 3.454829502850771
