times:
  edit-metadata: 0.5007544048130512
  landing: 0.044672309421002865
  view-data: 0.20819300785660744
