times:
  edit-metadata: 0.5046676411293447
  landing: 0.04445648705586791
  view-data: 0.5820566997863352
