times:
  edit-metadata: 0.5780251338146627
  landing: 0.04456994077190757
  view-data: 0.2200158629566431
