times:
  edit-metadata: 0.5073484340682626
  landing: 0.04310052702203393
  view-data: 0.19550319015979767
