times:
  edit-metadata: 1.7141272611916065
  landing: 1.0590312406420708
  view-data: 3.39073633775115
