times:
  landing: 0.5572132479999823
  view-data: 0.5575230210000086
