times:
  landing: 0.5615698510000016
  view-data: 0.05950626599999964
