times:
  edit-metadata: 1.5439607687294483
  landing: 7.014739811420441
  view-data: 3.441330920904875
