times:
  edit-metadata: 1.3779657687991858
  landing: 0.021711111068725586
  view-data: 0.026881790719926357
