times:
  edit-metadata: 0.7358262334018946
  landing: 0.8500346560031176
  view-data: 0.439763430505991
