times:
  edit-metadata: 0.6588617890083697
  landing: 0.05396702201687731
  view-data: 0.19546195500879548
