times:
  edit-metadata: 1.468963616527617
  landing: 0.13399860635399818
  view-data: 0.43355940002948046
