times:
  edit-metadata: 0.847237765789032
  landing: 1.3736504130065441
  view-data: 0.3173598609864712
