times:
  edit-metadata: 0.6260206126607955
  landing: 0.06651575118303299
  view-data: 0.30233186995610595
