times:
  edit-metadata: 1.4673651894554496
  landing: 0.023354370146989822
  view-data: 0.025241512805223465
