times:
  edit-metadata: 0.8015049025416374
  landing: 0.5976198930293322
  view-data: 0.19949706085026264
