times:
  landing: 1.0649279099999944
  view-data: 0.5484667240000078
