times:
  landing: 0.5566165850000004
  view-data: 0.5577954659999875
