times:
  edit-metadata: 0.49985504522919655
  landing: 0.04161144280806184
  view-data: 0.21944275218993425
