times:
  edit-metadata: 1.4994300287216902
  landing: 0.801081920042634
  view-data: 3.431219831109047
