times:
  edit-metadata: 0.47508468106389046
  landing: 0.04890259215608239
  view-data: 0.19972036802209914
