times:
  edit-metadata: 0.5014382312074304
  landing: 0.04450581222772598
  view-data: 0.3454571939073503
