times:
  edit-metadata: 0.48045902606099844
  landing: 0.04333196487277746
  view-data: 0.2036462859250605
