times:
  edit-metadata: 0.5295115821063519
  landing: 0.0565821910277009
  view-data: 0.20919226994737983
