times:
  edit-metadata: 0.5249830354005098
  landing: 0.04510736418887973
  view-data: 0.2122025820426643
