times:
  edit-metadata: 1.4534452119842172
  landing: 0.1558072967454791
  view-data: 0.12370030954480171
