times:
  edit-metadata: 1.536423908022698
  landing: 0.14765354403061792
  view-data: 0.14594588801264763
