times:
  edit-metadata: 0.8426025919616222
  landing: 0.6532588005065918
  view-data: 0.19001940079033375
