times:
  edit-metadata: 0.4850258841179311
  landing: 0.04458898492157459
  view-data: 0.1909908656962216
