times:
  edit-metadata: 1.4514150377362967
  landing: 0.020042159594595432
  view-data: 0.02716012019664049
