times:
  landing: 1.0727175089999719
  view-data: 0.5630576739999924
