times:
  landing: 0.5763575629999877
  view-data: 0.559141153999974
