times:
  landing: 0.5535140160000083
  view-data: 0.5569920949999982
