times:
  edit-metadata: 1.3801326751708984
  landing: 0.7375330179929733
  view-data: 3.2905148528516293
