times:
  landing: 1.0891302709999877
  view-data: 0.5588325630000099
