times:
  edit-metadata: 1.5464222403243184
  landing: 0.019422389566898346
  view-data: 0.12383744399994612
