times:
  edit-metadata: 0.4957128600217402
  landing: 0.04527249187231064
  view-data: 0.33365891920402646
