times:
  edit-metadata: 1.4224897883832455
  landing: 0.9053209982812405
  view-data: 3.397077076137066
