times:
  edit-metadata: 1.350821178406477
  landing: 0.8007514737546444
  view-data: 3.3034349642693996
