times:
  edit-metadata: 0.4993315041065216
  landing: 0.05142559506930411
  view-data: 0.19664718699641526
