times:
  edit-metadata: 0.526324450969696
  landing: 0.047160129994153976
  view-data: 0.20475726760923862
