times:
  landing: 1.0790296130000172
  view-data: 0.5627116089999902
