times:
  edit-metadata: 1.5105496179312468
  landing: 0.020906315185129642
  view-data: 0.025938855484128
