times:
  edit-metadata: 1.3777087319176644
  landing: 0.8279514261521399
  view-data: 3.422270585084334
