times:
  landing: 0.553392209000009
  view-data: 0.5563590049999902
