times:
  edit-metadata: 1.4962142650038004
  landing: 1.1674596620723605
  view-data: 3.335252793971449
