times:
  landing: 0.5455439369999908
  view-data: 0.5526376389999541
