times:
  edit-metadata: 1.4458519704639912
  landing: 0.019615630619227886
  view-data: 0.3656778698787093
