times:
  edit-metadata: 0.5450704959221184
  landing: 0.1082821898162365
  view-data: 0.19729421194642782
