times:
  edit-metadata: 1.4615127723664045
  landing: 1.7591415187343955
  view-data: 3.446750313974917
