times:
  landing: 0.5417425189999676
  view-data: 0.5424967280000601
