times:
  edit-metadata: 1.518013246357441
  landing: 0.14008597657084465
  view-data: 0.478420352563262
