times:
  edit-metadata: 1.4670186694711447
  landing: 0.18720212765038013
  view-data: 0.028995021246373653
