times:
  edit-metadata: 0.4916499387472868
  landing: 0.05289709707722068
  view-data: 0.21152062760666013
