times:
  edit-metadata: 1.401775322854519
  landing: 0.8912121020257473
  view-data: 3.441150166094303
