times:
  edit-metadata: 1.5022100768983364
  landing: 0.14942874014377594
  view-data: 0.14573963545262814
