times:
  edit-metadata: 1.4661947032436728
  landing: 0.1596825299784541
  view-data: 0.024920902214944363
