times:
  edit-metadata: 1.5625235736370087
  landing: 0.8991158995777369
  view-data: 3.4023795910179615
