times:
  edit-metadata: 1.5180110438959673
  landing: 0.9905097779119387
  view-data: 3.3258356699952856
