times:
  edit-metadata: 1.477123387157917
  landing: 0.7688256613910198
  view-data: 3.410238055512309
