times:
  edit-metadata: 1.2566004039836116
  landing: 0.07913860501139425
  view-data: 0.386095388996182
