times:
  edit-metadata: 1.5724349059164524
  landing: 0.13921190053224564
  view-data: 0.04865417070686817
