times:
  edit-metadata: 1.5527948383241892
  landing: 0.1361137218773365
  view-data: 0.31690202839672565
