times:
  edit-metadata: 2.3703999780118465
  landing: 1.2634167410433292
  view-data: 3.3721259348094463
