times:
  landing: 0.5611659270000473
  view-data: 0.564695477999976
