times:
  edit-metadata: 0.502597413957119
  landing: 0.04759481502696872
  view-data: 0.20773495407775044
