times:
  edit-metadata: 1.4720703195780516
  landing: 0.17339342925697565
  view-data: 0.20897215139120817
