times:
  edit-metadata: 1.4325041212141514
  landing: 0.02166609652340412
  view-data: 0.03761987201869488
