times:
  edit-metadata: 0.7876331955194473
  landing: 0.5741089303046465
  view-data: 0.2190479002892971
