times:
  edit-metadata: 1.495009290985763
  landing: 0.12782638892531395
  view-data: 0.40871511213481426
