times:
  edit-metadata: 0.578403450002952
  landing: 0.04449823700269917
  view-data: 0.2131068199960282
