times:
  edit-metadata: 1.4443349572829902
  landing: 0.8558329879306257
  view-data: 3.354924467857927
