times:
  edit-metadata: 1.540282079949975
  landing: 0.01879320852458477
  view-data: 0.12172955647110939
