times:
  edit-metadata: 0.4911181330680847
  landing: 0.05751142371445894
  view-data: 0.19919855380430818
