times:
  landing: 0.5498741210000162
  view-data: 0.5497989119999147
