times:
  edit-metadata: 0.7888168320059776
  landing: 0.588693680241704
  view-data: 0.19949823804199696
