times:
  edit-metadata: 0.515217148931697
  landing: 0.04274523793719709
  view-data: 0.20064335083588958
