times:
  edit-metadata: 0.5016421722248197
  landing: 0.045976088847965
  view-data: 0.20333964796736836
