times:
  edit-metadata: 0.5185868642292917
  landing: 0.04417573567479849
  view-data: 0.2023832444101572
