times:
  edit-metadata: 1.49690967425704
  landing: 1.0235732458531857
  view-data: 3.3304393999278545
