times:
  landing: 0.5646543720000068
  view-data: 0.5653621740000006
