times:
  edit-metadata: 0.5097932510543615
  landing: 0.04286354314535856
  view-data: 0.20191663899458945
