times:
  edit-metadata: 0.62055958295241
  landing: 0.039111446123570204
  view-data: 0.2144905379973352
