times:
  edit-metadata: 1.5798835828900337
  landing: 0.8390445150434971
  view-data: 3.487525075674057
