times:
  landing: 0.5531779239999537
  view-data: 0.5521404570000072
