times:
  landing: 0.5508398470000202
  view-data: 0.5521161629999938
