times:
  edit-metadata: 0.5057450672611594
  landing: 0.04792320914566517
  view-data: 0.20322249736636877
