times:
  edit-metadata: 1.6246673502027988
  landing: 0.8863772302865982
  view-data: 3.340321781113744
