times:
  edit-metadata: 0.5087671559303999
  landing: 0.04072483303025365
  view-data: 0.21130958385765553
