times:
  edit-metadata: 1.46979770809412
  landing: 6.457552518695593
  view-data: 3.2826959788799286
