times:
  edit-metadata: 1.029972018674016
  landing: 0.9879544600844383
  view-data: 0.30983482860028744
