times:
  edit-metadata: 0.5180973818060011
  landing: 0.043043361976742744
  view-data: 0.193812987068668
