times:
  edit-metadata: 0.8053769487887621
  landing: 1.620888503268361
  view-data: 0.6002765465527773
