times:
  edit-metadata: 0.6745577151887119
  landing: 0.13858925318345428
  view-data: 0.3328646342270076
