times:
  edit-metadata: 0.6302810569759458
  landing: 0.060024255188181996
  view-data: 0.23946103686466813
