times:
  edit-metadata: 1.5175486225634813
  landing: 0.8862280827015638
  view-data: 3.409141082316637
