times:
  edit-metadata: 1.5202242154628038
  landing: 0.027573464438319206
  view-data: 0.024235665798187256
