times:
  edit-metadata: 0.5405258880928159
  landing: 0.09623927483335137
  view-data: 0.20924356300383806
