times:
  edit-metadata: 1.4642458870075643
  landing: 0.8239988621789962
  view-data: 3.352072746027261
