times:
  edit-metadata: 0.5133602989371866
  landing: 0.05774027993902564
  view-data: 0.1951738630887121
