times:
  edit-metadata: 0.47698840405792
  landing: 0.05109101184643805
  view-data: 0.1968745570629835
