times:
  landing: 1.0726211469999498
  view-data: 0.5587008159999982
