times:
  landing: 1.0753350169999862
  view-data: 0.5535121369999842
