times:
  edit-metadata: 0.5164971281774342
  landing: 0.050411451142281294
  view-data: 0.19998363638296723
