times:
  edit-metadata: 0.7047964720986784
  landing: 0.09270403196569532
  view-data: 0.33293524105101824
