times:
  edit-metadata: 1.5808147639036179
  landing: 0.14187656342983246
  view-data: 0.3433977086097002
