times:
  edit-metadata: 1.651691623032093
  landing: 0.14781604334712029
  view-data: 0.1696743443608284
