times:
  landing: 0.5500543709999874
  view-data: 0.563593505
