times:
  edit-metadata: 0.4944788869470358
  landing: 0.04347024718299508
  view-data: 0.19977962132543325
