times:
  edit-metadata: 1.9978020898997784
  landing: 1.5366612114012241
  view-data: 3.5024555902928114
