times:
  landing: 1.0695027149999987
  view-data: 0.5536892100000159
