times:
  landing: 1.0756486379999615
  view-data: 0.5527336910000145
