times:
  edit-metadata: 1.7489244267344475
  landing: 0.2898118831217289
  view-data: 0.024328108876943588
