times:
  edit-metadata: 0.47789253294467926
  landing: 0.04602112388238311
  view-data: 0.20032074791379273
