times:
  edit-metadata: 1.3833803441375494
  landing: 0.7271556835621595
  view-data: 3.3632652275264263
