times:
  edit-metadata: 1.3868156261742115
  landing: 0.7326277513056993
  view-data: 3.353100026026368
