times:
  edit-metadata: 1.4916009325534105
  landing: 0.1692484961822629
  view-data: 0.47350724786520004
