times:
  edit-metadata: 1.440919667482376
  landing: 1.0470582582056522
  view-data: 3.3534469939768314
