times:
  edit-metadata: 1.5101202391088009
  landing: 0.9269566964358091
  view-data: 3.4046588633209467
