times:
  edit-metadata: 1.5023303758352995
  landing: 0.13643933273851871
  view-data: 0.3517104350030422
