times:
  edit-metadata: 1.593654740601778
  landing: 0.8288467787206173
  view-data: 3.4730653185397387
