times:
  edit-metadata: 1.515194984152913
  landing: 0.7744872216135263
  view-data: 3.427240939810872
