times:
  edit-metadata: 1.4054092653095722
  landing: 0.8040035665035248
  view-data: 3.3198445439338684
