times:
  edit-metadata: 0.5078852181322873
  landing: 0.04708712897263467
  view-data: 0.19738352205604315
