times:
  edit-metadata: 0.5190338479587808
  landing: 0.04389905300922692
  view-data: 0.19706114090513438
