times:
  edit-metadata: 1.4386037178337574
  landing: 1.0426683323457837
  view-data: 3.339236867148429
