times:
  edit-metadata: 0.707494942471385
  landing: 0.687371589243412
  view-data: 0.2017967700958252
