times:
  edit-metadata: 1.426081620156765
  landing: 0.021031131967902184
  view-data: 0.10208701156079769
