times:
  landing: 0.5519090790000405
  view-data: 0.5548321789999591
