times:
  edit-metadata: 1.3390735313296318
  landing: 0.8419011011719704
  view-data: 3.3202839866280556
