times:
  edit-metadata: 0.7065634094178677
  landing: 0.6317408755421638
  view-data: 0.19879817217588425
