times:
  edit-metadata: 0.49655268527567387
  landing: 0.04862679215148091
  view-data: 0.21331238839775324
