times:
  edit-metadata: 0.5129933779826388
  landing: 0.048703495995141566
  view-data: 0.33343591197626665
