times:
  edit-metadata: 0.4915581881068647
  landing: 0.044619688764214516
  view-data: 0.19751503597944975
