times:
  edit-metadata: 0.4798642545938492
  landing: 0.04056421294808388
  view-data: 0.19995484594255686
