times:
  edit-metadata: 0.5060711679980159
  landing: 0.05460691498592496
  view-data: 0.19463231007102877
