times:
  edit-metadata: 1.457134979777038
  landing: 0.02030825987458229
  view-data: 0.415572009049356
