times:
  edit-metadata: 0.8129707369953394
  landing: 0.5657563842833042
  view-data: 0.6034372244030237
