times:
  edit-metadata: 0.644833756989101
  landing: 0.047745571995619684
  view-data: 0.2019370469788555
