times:
  landing: 0.5453373860000283
  view-data: 0.5428237529999933
