times:
  edit-metadata: 0.5587665920611471
  landing: 0.05530141922645271
  view-data: 0.21460546110756695
