times:
  landing: 0.5505072939999991
  view-data: 0.5569052279999482
