times:
  edit-metadata: 1.4624768495559692
  landing: 1.0167754143476486
  view-data: 3.358133964240551
