times:
  edit-metadata: 1.976967881899327
  landing: 0.8604322490282357
  view-data: 3.4022917540278286
