times:
  edit-metadata: 1.5223147068172693
  landing: 0.8044367972761393
  view-data: 3.4508771039545536
