times:
  edit-metadata: 1.6819757241755724
  landing: 0.11508112214505672
  view-data: 0.30191611498594284
