times:
  edit-metadata: 0.5194191806949675
  landing: 0.04349680617451668
  view-data: 0.21761361882090569
