times:
  edit-metadata: 1.503912279382348
  landing: 0.2053094618022442
  view-data: 0.2511771433055401
