times:
  edit-metadata: 0.8525347486138344
  landing: 0.5856005512177944
  view-data: 0.19384003803133965
