times:
  edit-metadata: 0.7645214796066284
  landing: 0.6200855448842049
  view-data: 0.20421494729816914
