times:
  edit-metadata: 0.6600941380020231
  landing: 0.05036109604407102
  view-data: 0.19879802595824003
