times:
  landing: 0.5533367360000057
  view-data: 0.5655185560000007
