times:
  edit-metadata: 1.4563732612878084
  landing: 0.19898878037929535
  view-data: 0.02384452521800995
