times:
  edit-metadata: 0.5211233370937407
  landing: 0.040831307880580425
  view-data: 0.20874852081760764
