times:
  landing: 0.5485546460000137
  view-data: 0.5519939650000083
