times:
  landing: 0.5457034319999821
  view-data: 0.5514254229999551
