times:
  edit-metadata: 0.490343879442662
  landing: 0.04983462207019329
  view-data: 0.20291808806359768
