times:
  edit-metadata: 2.643841761000658
  landing: 0.3056637160007085
  view-data: 0.4204700530026457
