times:
  landing: 1.5960536839999975
  view-data: 0.5509632129999886
