times:
  landing: 0.5580393370000252
  view-data: 0.5568382350000434
