times:
  edit-metadata: 1.493309510871768
  landing: 0.7457007821649313
  view-data: 3.3952673636376858
