times:
  edit-metadata: 1.3485232591629028
  landing: 0.9135580807924271
  view-data: 3.32980952039361
