times:
  edit-metadata: 0.768700011074543
  landing: 0.6798783671110868
  view-data: 0.2207368053495884
