times:
  edit-metadata: 1.513683369383216
  landing: 0.9312540050595999
  view-data: 3.4051481802016497
