times:
  edit-metadata: 0.50893200840801
  landing: 0.046902420930564404
  view-data: 0.20270482543855906
