times:
  edit-metadata: 1.4602500321343541
  landing: 0.09408039879053831
  view-data: 0.22863836493343115
