times:
  edit-metadata: 0.5064907970372587
  landing: 0.04778796504251659
  view-data: 0.20565706002525985
