times:
  edit-metadata: 0.7159287892282009
  landing: 0.6190620642155409
  view-data: 0.3170037046074867
