times:
  edit-metadata: 1.6206640396267176
  landing: 0.1509302482008934
  view-data: 0.15318381413817406
