times:
  edit-metadata: 0.5180611729156226
  landing: 0.049455913016572595
  view-data: 0.1965506700798869
