times:
  landing: 1.0730642770000145
  view-data: 0.5556541039999843
