times:
  edit-metadata: 0.48257467383518815
  landing: 0.06744901998899877
  view-data: 0.1933964011259377
