times:
  edit-metadata: 0.9670554660260677
  landing: 0.04597891867160797
  view-data: 0.2065974399447441
