times:
  edit-metadata: 0.5062843356281519
  landing: 0.04325592704117298
  view-data: 0.21105687972158194
