times:
  edit-metadata: 1.5068645868450403
  landing: 0.8223127219825983
  view-data: 3.4312786757946014
