times:
  edit-metadata: 1.4410079717636108
  landing: 0.8256345055997372
  view-data: 3.4357992708683014
