times:
  edit-metadata: 1.5991863803938031
  landing: 0.24738412164151669
  view-data: 0.02349749393761158
