times:
  edit-metadata: 0.6725125089869834
  landing: 0.05249518598429859
  view-data: 0.19553037005243823
