times:
  edit-metadata: 0.5988271959940903
  landing: 0.04879378899931908
  view-data: 0.2210518190113362
