times:
  edit-metadata: 1.4715840809512883
  landing: 0.020193630014546216
  view-data: 0.14396008203038946
