times:
  landing: 1.0708784130000026
  view-data: 0.5521612200000163
