times:
  landing: 0.5587893439999903
  view-data: 0.06379643599998985
