times:
  edit-metadata: 1.9821695294231176
  landing: 1.0218103043735027
  view-data: 3.6780280712991953
