times:
  landing: 0.5616520540000067
  view-data: 0.5568064770000092
