times:
  edit-metadata: 0.4771036639576778
  landing: 0.043476591003127396
  view-data: 0.20174191007390618
