times:
  landing: 0.5513865519999968
  view-data: 0.5512473419999537
