times:
  edit-metadata: 0.8515603989362717
  landing: 0.5234604552388191
  view-data: 0.20591605082154274
