times:
  edit-metadata: 0.7817343343049288
  landing: 0.5830550640821457
  view-data: 0.20597517304122448
