times:
  landing: 0.5503186889999938
  view-data: 0.5582833429999994
