times:
  edit-metadata: 1.5833526207134128
  landing: 0.8942762790247798
  view-data: 3.29399099573493
