times:
  edit-metadata: 1.5322353541851044
  landing: 0.9423301331698895
  view-data: 3.4368400685489178
