times:
  edit-metadata: 1.6606220602989197
  landing: 1.236937653273344
  view-data: 3.5631182021461427
