times:
  edit-metadata: 0.5313025729265064
  landing: 0.044360253028571606
  view-data: 0.20416359207592905
