times:
  edit-metadata: 0.5094658322632313
  landing: 0.045765722170472145
  view-data: 0.209225338883698
