times:
  edit-metadata: 0.9077020362019539
  landing: 0.05595392733812332
  view-data: 0.19686132296919823
