times:
  edit-metadata: 1.5717063574120402
  landing: 0.12830068916082382
  view-data: 0.02842187136411667
