times:
  edit-metadata: 0.5070908110355958
  landing: 0.04650456295348704
  view-data: 0.19121246796566993
