times:
  edit-metadata: 0.6141946749994531
  landing: 0.11353582498850301
  view-data: 0.24850595701718703
