times:
  edit-metadata: 1.5162356235086918
  landing: 0.8773126192390919
  view-data: 3.4068092852830887
