times:
  edit-metadata: 0.8120054211467505
  landing: 0.8242818284779787
  view-data: 0.3086189031600952
