times:
  edit-metadata: 0.515707892132923
  landing: 0.04266014811582863
  view-data: 0.19934908603318036
