times:
  edit-metadata: 0.5062607610598207
  landing: 0.04381162114441395
  view-data: 0.20920312497764826
