times:
  edit-metadata: 1.417697026859969
  landing: 0.909308432135731
  view-data: 3.4011407429352403
