times:
  edit-metadata: 1.5110583044588566
  landing: 0.7853531036525965
  view-data: 3.468824729323387
