times:
  edit-metadata: 1.4642109479755163
  landing: 0.02151806652545929
  view-data: 0.0261997003108263
