times:
  edit-metadata: 0.994192685931921
  landing: 0.6008268594741821
  view-data: 0.21286996267735958
