times:
  edit-metadata: 1.955445934087038
  landing: 1.096380140632391
  view-data: 3.536262907087803
