times:
  edit-metadata: 0.9060205314308405
  landing: 1.1514002587646246
  view-data: 0.6405497919768095
