times:
  edit-metadata: 0.49304102500900626
  landing: 0.04739909712225199
  view-data: 0.19613044941797853
