times:
  edit-metadata: 1.606671042740345
  landing: 0.021488245576620102
  view-data: 0.0256658848375082
