times:
  edit-metadata: 0.49074201798066497
  landing: 0.0479142926633358
  view-data: 0.19973444426432252
