times:
  edit-metadata: 0.9065507426857948
  landing: 0.04553758352994919
  view-data: 0.20573827996850014
