times:
  edit-metadata: 1.5018228385597467
  landing: 0.7430470865219831
  view-data: 3.3780409023165703
