times:
  landing: 0.5475694020000219
  view-data: 0.5534432769999853
