times:
  landing: 0.5639301269999919
  view-data: 0.5493013369999744
