times:
  edit-metadata: 1.5424072332680225
  landing: 0.7831551097333431
  view-data: 3.3648420069366693
