times:
  edit-metadata: 0.8852392919361591
  landing: 1.1519717890769243
  view-data: 0.6279618628323078
