times:
  edit-metadata: 0.5376408169977367
  landing: 0.05195638304576278
  view-data: 0.20690658362582326
