times:
  edit-metadata: 1.4317332543432713
  landing: 0.9003761820495129
  view-data: 3.3280048351734877
