times:
  edit-metadata: 1.496910948306322
  landing: 0.9393599387258291
  view-data: 3.4584009051322937
