times:
  edit-metadata: 1.4213946918025613
  landing: 0.7546115033328533
  view-data: 3.366198135074228
