times:
  edit-metadata: 0.8622040990740061
  landing: 0.35952400229871273
  view-data: 0.19771655090153217
