times:
  edit-metadata: 1.3641244731843472
  landing: 0.8651815801858902
  view-data: 3.4175127632915974
