times:
  edit-metadata: 0.5789130041375756
  landing: 0.052400635089725256
  view-data: 0.24259057501330972
