times:
  edit-metadata: 1.4933012463152409
  landing: 0.8231194000691175
  view-data: 3.416654773056507
