times:
  edit-metadata: 1.4334632251411676
  landing: 0.11242396384477615
  view-data: 0.0236423434689641
