times:
  edit-metadata: 1.4769657049328089
  landing: 0.6953582279384136
  view-data: 3.37487805262208
