times:
  edit-metadata: 1.391272619832307
  landing: 0.7342717181891203
  view-data: 3.373641431797296
