times:
  landing: 0.5493340880000233
  view-data: 0.54735746099999
