times:
  edit-metadata: 1.698790553957224
  landing: 0.9942417331039906
  view-data: 3.4125043749809265
