times:
  edit-metadata: 1.590134359896183
  landing: 0.9926358722150326
  view-data: 3.370114330202341
