times:
  edit-metadata: 0.7497659360524267
  landing: 0.09766808000858873
  view-data: 0.22467381798196584
