times:
  landing: 0.5459698829999979
  view-data: 0.5573065020000172
