times:
  edit-metadata: 0.6581877889111638
  landing: 0.054542594007216394
  view-data: 0.19491447799373418
