times:
  edit-metadata: 1.3812730247154832
  landing: 0.6693294746801257
  view-data: 3.2662235535681248
