times:
  edit-metadata: 0.7902076449245214
  landing: 1.1195139717310667
  view-data: 0.6083072405308485
