times:
  edit-metadata: 0.5016753077507019
  landing: 0.040053586941212416
  view-data: 0.21061906591057777
