times:
  edit-metadata: 0.5281779080396518
  landing: 0.0448469219263643
  view-data: 0.18567798903677613
