times:
  edit-metadata: 1.5351733099669218
  landing: 0.8473718427121639
  view-data: 3.4526665695011616
