times:
  edit-metadata: 0.4958592071197927
  landing: 0.04709103191271424
  view-data: 0.19724469212815166
