times:
  edit-metadata: 1.4633195316419005
  landing: 0.02079921867698431
  view-data: 0.4711146242916584
