times:
  landing: 1.0728144409999913
  view-data: 0.5539868959999978
