times:
  edit-metadata: 1.4129633754491806
  landing: 0.02070065587759018
  view-data: 0.027060391381382942
