times:
  edit-metadata: 1.4864686001092196
  landing: 0.13614728301763535
  view-data: 0.02543177269399166
