times:
  edit-metadata: 1.5042560286819935
  landing: 0.9553454406559467
  view-data: 3.3572547771036625
