times:
  edit-metadata: 1.5336714889854193
  landing: 0.8206969797611237
  view-data: 3.4091625548899174
