times:
  edit-metadata: 1.6953746676445007
  landing: 0.14103925414383411
  view-data: 0.3792400462552905
