times:
  edit-metadata: 0.6166977250250056
  landing: 0.054102704976685345
  view-data: 0.20814960694406182
