times:
  edit-metadata: 1.4013624102808535
  landing: 0.6966570233926177
  view-data: 3.436119105666876
