times:
  edit-metadata: 1.457820501178503
  landing: 0.020950510166585445
  view-data: 0.02447748463600874
