times:
  edit-metadata: 0.5003054199914914
  landing: 0.04227356699993834
  view-data: 0.22605831598048098
