times:
  edit-metadata: 1.4032574612647295
  landing: 0.11641597095876932
  view-data: 0.027913786470890045
