times:
  edit-metadata: 0.5012562689371407
  landing: 0.053344046929851174
  view-data: 0.2020734939724207
