times:
  edit-metadata: 1.582240965217352
  landing: 0.7459583505988121
  view-data: 3.2953203320503235
