times:
  edit-metadata: 1.5435611102730036
  landing: 0.8371794912964106
  view-data: 3.4084722883999348
