times:
  edit-metadata: 1.4062569225206971
  landing: 0.12454356532543898
  view-data: 0.025821897201240063
