times:
  edit-metadata: 1.442733459174633
  landing: 0.8594667725265026
  view-data: 3.2969282418489456
