times:
  edit-metadata: 1.461452217772603
  landing: 1.1174999941140413
  view-data: 3.320856634527445
