times:
  edit-metadata: 0.709306575357914
  landing: 0.6828586719930172
  view-data: 0.2132615614682436
