times:
  edit-metadata: 0.5925189778208733
  landing: 0.07395445322617888
  view-data: 0.3092084717936814
