times:
  edit-metadata: 0.7891676314175129
  landing: 0.698754558339715
  view-data: 0.19921989180147648
