times:
  edit-metadata: 0.5042278261389583
  landing: 0.046357237035408616
  view-data: 0.19606528896838427
