times:
  landing: 0.5456130809999991
  view-data: 0.5513384440000095
