times:
  edit-metadata: 1.6047655679285526
  landing: 0.8537654466927052
  view-data: 3.349466249346733
