times:
  landing: 0.5569594670000129
  view-data: 0.5574494690000051
