times:
  landing: 0.5509128310000051
  view-data: 0.5610316839999996
