times:
  edit-metadata: 1.3977381880395114
  landing: 0.807783697033301
  view-data: 3.4026624890975654
