times:
  edit-metadata: 1.7606194578111172
  landing: 0.2181068565696478
  view-data: 0.34931888431310654
