times:
  edit-metadata: 0.6836120260413736
  landing: 0.057381884078495204
  view-data: 0.19014598696958274
