times:
  edit-metadata: 0.8866095021367073
  landing: 0.04364609345793724
  view-data: 0.20626210793852806
