times:
  edit-metadata: 0.5486764621455222
  landing: 0.04888068092986941
  view-data: 0.2126397870015353
