times:
  landing: 1.074482823999972
  view-data: 0.5670276270000159
