times:
  edit-metadata: 0.8897649981081486
  landing: 0.054501358419656754
  view-data: 0.20393048226833344
