times:
  edit-metadata: 0.8568736631423235
  landing: 0.7353682741522789
  view-data: 0.22746046259999275
