times:
  edit-metadata: 1.5056585860438645
  landing: 1.0555231980979443
  view-data: 3.544922715984285
