times:
  edit-metadata: 0.49911649501882493
  landing: 0.05243341898312792
  view-data: 0.19424689299194142
