times:
  edit-metadata: 1.5044739972800016
  landing: 0.0219241539016366
  view-data: 0.12416603602468967
