times:
  landing: 1.0731578059999265
  view-data: 0.5631559839999909
