times:
  edit-metadata: 0.8962987996637821
  landing: 0.04339834302663803
  view-data: 0.20597288385033607
