times:
  edit-metadata: 1.5203385334461927
  landing: 0.0983353815972805
  view-data: 0.3582205604761839
