times:
  edit-metadata: 0.4864839918445796
  landing: 0.044370702002197504
  view-data: 0.19445124291814864
