times:
  edit-metadata: 1.3737863432615995
  landing: 0.8909137016162276
  view-data: 3.3942661732435226
