times:
  edit-metadata: 0.9970247056335211
  landing: 0.9531858563423157
  view-data: 0.21236576326191425
