times:
  edit-metadata: 0.4919592479709536
  landing: 0.042435333016328514
  view-data: 0.20729714399203658
