times:
  landing: 0.5508641620000105
  view-data: 0.5558538260000034
