times:
  edit-metadata: 0.5571069399884436
  landing: 0.04428945100517012
  view-data: 0.1997668359981617
