times:
  edit-metadata: 0.9577187299728394
  landing: 0.05514316260814667
  view-data: 0.19795696437358856
