times:
  edit-metadata: 1.5157942809164524
  landing: 0.9211844094097614
  view-data: 3.347045147791505
