times:
  edit-metadata: 1.6085586287081242
  landing: 1.0537287928164005
  view-data: 3.360808804631233
