times:
  edit-metadata: 1.51083898358047
  landing: 0.23580041900277138
  view-data: 0.14685489051043987
