times:
  edit-metadata: 1.577018240466714
  landing: 1.0856441613286734
  view-data: 3.301213216036558
