times:
  landing: 0.5544279989999836
  view-data: 0.5558334059999765
