times:
  edit-metadata: 1.5140881603583694
  landing: 0.019789704121649265
  view-data: 0.022922812961041927
