times:
  edit-metadata: 1.4239908531308174
  landing: 0.02049370389431715
  view-data: 0.2714371271431446
