times:
  edit-metadata: 1.4246325604617596
  landing: 0.11955153103917837
  view-data: 0.12354298401623964
