times:
  edit-metadata: 0.5026935229543597
  landing: 0.0528874380979687
  view-data: 0.20122161298058927
