times:
  edit-metadata: 0.8066047225147486
  landing: 0.58029062487185
  view-data: 0.6141589358448982
