times:
  edit-metadata: 1.5609100561123341
  landing: 0.7668556249700487
  view-data: 3.3923523740377277
