times:
  edit-metadata: 1.5080874413251877
  landing: 0.8103858679533005
  view-data: 3.472814191132784
