times:
  edit-metadata: 1.5669020619243383
  landing: 1.1177815590053797
  view-data: 3.883682042360306
