times:
  edit-metadata: 0.7601291052997112
  landing: 1.1229894645512104
  view-data: 0.2904725391417742
