times:
  landing: 0.5510490410000557
  view-data: 0.554103514000019
