times:
  edit-metadata: 1.4259110940620303
  landing: 0.1169458469375968
  view-data: 0.13251190166920424
