times:
  edit-metadata: 1.4360869713127613
  landing: 0.02361286338418722
  view-data: 0.2216136371716857
