times:
  edit-metadata: 1.43029310926795
  landing: 0.14218439161777496
  view-data: 0.024942953139543533
