times:
  edit-metadata: 1.5470712780952454
  landing: 4.654410518705845
  view-data: 3.364472460001707
