times:
  edit-metadata: 0.5099169618915766
  landing: 0.040106008062139153
  view-data: 0.19492508401162922
