times:
  edit-metadata: 1.679241506382823
  landing: 0.8488982245326042
  view-data: 3.2976045962423086
