times:
  edit-metadata: 1.4470011238008738
  landing: 0.1134261591359973
  view-data: 0.12201683968305588
