times:
  landing: 1.0600056700000096
  view-data: 0.5563784940000005
