times:
  edit-metadata: 1.6758869141340256
  landing: 0.32537679374217987
  view-data: 0.18835186399519444
