times:
  edit-metadata: 0.8603154234588146
  landing: 1.1097379326820374
  view-data: 0.628461915999651
