times:
  edit-metadata: 0.4984721508808434
  landing: 0.04629011498764157
  view-data: 0.20980033883824944
