times:
  edit-metadata: 0.504922506865114
  landing: 0.04527365090325475
  view-data: 0.21818913985043764
