times:
  edit-metadata: 0.5049717989750206
  landing: 0.0397441650275141
  view-data: 0.20850026002153754
