times:
  edit-metadata: 1.4183952249586582
  landing: 0.8971957387402654
  view-data: 3.3785201339051127
