times:
  landing: 0.5503119340000069
  view-data: 0.5537153690000025
