times:
  edit-metadata: 0.5003451821394265
  landing: 0.05386272817850113
  view-data: 0.20358638931065798
