times:
  edit-metadata: 1.4829034879803658
  landing: 0.7425415869802237
  view-data: 3.380102790892124
