times:
  edit-metadata: 1.494253046810627
  landing: 0.020673340186476707
  view-data: 0.10489417240023613
