times:
  edit-metadata: 3.0240539871156216
  landing: 1.4860594626516104
  view-data: 3.707359922118485
