times:
  landing: 0.5586815220000005
  view-data: 0.057172874000002594
