times:
  edit-metadata: 1.5834307707846165
  landing: 0.9849873036146164
  view-data: 3.3586723431944847
