times:
  edit-metadata: 0.5376814191695303
  landing: 0.058722617104649544
  view-data: 0.21161736198700964
