times:
  edit-metadata: 1.415009587071836
  landing: 0.8434034762904048
  view-data: 3.4419016428291798
