times:
  edit-metadata: 1.7629378661513329
  landing: 0.8226506933569908
  view-data: 3.295136731117964
