times:
  edit-metadata: 1.5209019519388676
  landing: 0.7464225348085165
  view-data: 3.379544474184513
