times:
  edit-metadata: 1.4679576717317104
  landing: 0.8411630280315876
  view-data: 3.3816036358475685
