times:
  edit-metadata: 1.457527657970786
  landing: 1.147270399145782
  view-data: 3.4370177425444126
