times:
  edit-metadata: 0.7288795001804829
  landing: 0.6111546754837036
  view-data: 0.21429420448839664
