times:
  edit-metadata: 2.108021925203502
  landing: 0.7658601347357035
  view-data: 3.3591517191380262
