times:
  edit-metadata: 1.4555889824405313
  landing: 0.020650720223784447
  view-data: 0.3938262118026614
