times:
  edit-metadata: 0.8606355739998435
  landing: 0.10846122400016611
  view-data: 0.3456812229997013
