times:
  edit-metadata: 1.4264366999268532
  landing: 0.021289424039423466
  view-data: 0.022205124609172344
