times:
  landing: 0.5532855810000115
  view-data: 0.5529763809999793
