times:
  edit-metadata: 1.884259209036827
  landing: 1.3564290218055248
  view-data: 3.5810831747949123
