times:
  edit-metadata: 0.5178184349788353
  landing: 0.04631501296535134
  view-data: 0.3215595670044422
