times:
  edit-metadata: 1.3778651747852564
  landing: 0.02253296785056591
  view-data: 0.41471458226442337
