times:
  edit-metadata: 1.6325392927974463
  landing: 0.14867203123867512
  view-data: 0.3561141323298216
