times:
  edit-metadata: 1.4435615222901106
  landing: 0.13254247978329659
  view-data: 0.16847272776067257
