times:
  landing: 2.1122736460000624
  view-data: 0.5547527019999734
