times:
  edit-metadata: 1.5531567595899105
  landing: 0.8197443392127752
  view-data: 3.45427537150681
