times:
  edit-metadata: 0.48808419390115887
  landing: 0.04346776590682566
  view-data: 0.18832299194764346
