times:
  edit-metadata: 0.8217228669673204
  landing: 2.13737590610981
  view-data: 0.6118729189038277
