times:
  edit-metadata: 0.4915373921394348
  landing: 0.04952881392091513
  view-data: 0.21080515487119555
