times:
  landing: 1.066011847000027
  view-data: 0.546542656999975
