times:
  edit-metadata: 0.5106928031891584
  landing: 0.0387320127338171
  view-data: 0.22221493907272816
