times:
  edit-metadata: 1.4229352846741676
  landing: 0.23106519877910614
  view-data: 0.022805429995059967
