times:
  edit-metadata: 1.5010489355772734
  landing: 0.8079584911465645
  view-data: 3.4099819753319025
