times:
  landing: 0.5455914570000004
  view-data: 0.5563762580000002
