times:
  edit-metadata: 0.8912437818944454
  landing: 0.05627081170678139
  view-data: 0.21399348229169846
