times:
  edit-metadata: 0.8428609911352396
  landing: 0.7753820195794106
  view-data: 0.34006391651928425
