times:
  edit-metadata: 0.9046424254775047
  landing: 0.04845813661813736
  view-data: 0.20772898942232132
