times:
  edit-metadata: 1.4805830866098404
  landing: 0.9687572978436947
  view-data: 3.4070944003760815
