times:
  edit-metadata: 0.49777105869725347
  landing: 0.04800123209133744
  view-data: 0.2038912191055715
