times:
  edit-metadata: 0.8889347519725561
  landing: 0.6324230749160051
  view-data: 0.2148181702941656
