times:
  landing: 0.5550000639999837
  view-data: 0.5612687059999928
