times:
  edit-metadata: 1.4788752496242523
  landing: 0.9126999117434025
  view-data: 3.3560385443270206
