times:
  edit-metadata: 0.7168288151733577
  landing: 0.06944579305127263
  view-data: 0.22933328617364168
