times:
  edit-metadata: 0.5242245690897107
  landing: 0.04576409293804318
  view-data: 0.2030319890473038
