times:
  edit-metadata: 0.9250138811767101
  landing: 0.05491144582629204
  view-data: 0.21213750913739204
