times:
  edit-metadata: 0.5036042090505362
  landing: 0.04339882591739297
  view-data: 0.20577565801795572
