times:
  edit-metadata: 0.6001202470069984
  landing: 0.05631303299742285
  view-data: 0.3377585020061815
