times:
  edit-metadata: 0.6386103719705716
  landing: 0.044305627001449466
  view-data: 0.19426903093699366
