times:
  edit-metadata: 0.6444046460092068
  landing: 0.0594511249801144
  view-data: 0.19149992801249027
