times:
  landing: 0.5497030960000302
  view-data: 0.5490695949999918
