times:
  edit-metadata: 1.4092734418809414
  landing: 0.809448204934597
  view-data: 3.2972623333334923
