times:
  edit-metadata: 1.5246874894946814
  landing: 1.352161151356995
  view-data: 3.470560561865568
