times:
  edit-metadata: 1.4112920612096786
  landing: 0.8795904144644737
  view-data: 3.34476550668478
