times:
  landing: 0.5508937669999341
  view-data: 0.5541003849999697
