times:
  edit-metadata: 0.9812553450465202
  landing: 0.055442165583372116
  view-data: 0.21197949722409248
