times:
  landing: 0.5575193699999659
  view-data: 0.551692590000016
