times:
  edit-metadata: 1.5331280902028084
  landing: 0.8795769438147545
  view-data: 3.4069028086960316
