times:
  edit-metadata: 1.308471567928791
  landing: 0.8040317161940038
  view-data: 3.2430892339907587
