times:
  edit-metadata: 0.520209614885971
  landing: 0.04797913902439177
  view-data: 0.19578763912431896
