times:
  edit-metadata: 0.9052487500011921
  landing: 0.05221913009881973
  view-data: 0.21088247001171112
