times:
  edit-metadata: 0.844167613890022
  landing: 0.0473272493109107
  view-data: 0.2958279219456017
