times:
  edit-metadata: 0.6608238900080323
  landing: 0.0439764850307256
  view-data: 0.20274028897983953
