times:
  edit-metadata: 0.6076113139861263
  landing: 0.0435617059993092
  view-data: 0.20747823599958792
