times:
  edit-metadata: 1.4656634610146284
  landing: 0.02106424607336521
  view-data: 0.3085541184991598
