times:
  edit-metadata: 0.6632735830062302
  landing: 0.04262831401138101
  view-data: 0.19943641500140075
