times:
  edit-metadata: 1.8595604971051216
  landing: 1.2081166077405214
  view-data: 3.4635006077587605
