times:
  landing: 1.0591146220000098
  view-data: 0.5482458429999895
