times:
  landing: 1.0961249529999577
  view-data: 0.5523703679999699
