times:
  edit-metadata: 0.7926426120102406
  landing: 0.3563847038894892
  view-data: 0.19819549657404423
