times:
  edit-metadata: 1.7624380961060524
  landing: 1.1987289600074291
  view-data: 3.3894610479474068
