times:
  landing: 0.5523002289999113
  view-data: 0.552920967999853
