times:
  landing: 0.5623627669999678
  view-data: 0.5534309180000037
