times:
  edit-metadata: 1.461519998498261
  landing: 0.8343838341534138
  view-data: 3.3925613472238183
