times:
  edit-metadata: 1.470401717349887
  landing: 0.13752872496843338
  view-data: 0.026657704263925552
