times:
  landing: 0.5553638260000184
  view-data: 0.5615933930000097
