times:
  edit-metadata: 2.9526268990011886
  landing: 0.16733316297177225
  view-data: 0.5712452969746664
