times:
  edit-metadata: 0.49993058992549777
  landing: 0.0429761380655691
  view-data: 0.20285792998038232
