times:
  edit-metadata: 0.5141415419930127
  landing: 0.041466956987278536
  view-data: 0.2293286740023177
