times:
  landing: 0.5490350070000147
  view-data: 0.55822054799998
