times:
  landing: 1.0689044899999658
  view-data: 0.5556717249999679
