times:
  edit-metadata: 0.502510076854378
  landing: 0.043284259038046
  view-data: 0.19973279908299446
