times:
  edit-metadata: 0.8960381746292114
  landing: 0.048598408699035645
  view-data: 0.20779626071453094
