times:
  edit-metadata: 0.8407045993953943
  landing: 0.8905449397861958
  view-data: 0.5368032045662403
