times:
  landing: 0.5588673549999896
  view-data: 0.5592667789999837
