times:
  edit-metadata: 1.5324535556137562
  landing: 1.0412354283034801
  view-data: 3.4117594733834267
