times:
  edit-metadata: 0.883881215006113
  landing: 0.05061674118041992
  view-data: 0.20808220654726028
