times:
  landing: 0.5573206680000169
  view-data: 0.5541223459999856
