times:
  edit-metadata: 0.9908021874725819
  landing: 0.04668772034347057
  view-data: 0.1977180875837803
