times:
  landing: 1.0634743699999945
  view-data: 0.5793279709999979
