times:
  edit-metadata: 1.7372886519879103
  landing: 0.295111745595932
  view-data: 0.35036027804017067
