times:
  edit-metadata: 0.9023118317127228
  landing: 0.044417642056941986
  view-data: 0.20167607814073563
