times:
  edit-metadata: 1.6307324999943376
  landing: 1.0858262220863253
  view-data: 3.350424017990008
