times:
  landing: 0.5603756059999796
  view-data: 0.5573981630000162
