times:
  landing: 0.5563496529999838
  view-data: 0.562387254000015
