times:
  edit-metadata: 1.6361202523112297
  landing: 1.0398491509258747
  view-data: 3.3148303255438805
