times:
  edit-metadata: 0.8510709926486015
  landing: 0.6349716372787952
  view-data: 0.19823626801371574
