times:
  edit-metadata: 1.560615331865847
  landing: 0.2045141514390707
  view-data: 0.023225540295243263
