times:
  edit-metadata: 1.5593538172543049
  landing: 0.7164586409926414
  view-data: 3.2974801510572433
