times:
  edit-metadata: 0.9174769559758715
  landing: 0.10103701398475096
  view-data: 0.24364956497447565
