times:
  landing: 0.544151032000002
  view-data: 0.5514095120000206
