times:
  edit-metadata: 1.4142774352803826
  landing: 0.8071815501898527
  view-data: 3.3044510697945952
