times:
  edit-metadata: 1.621359582990408
  landing: 0.16608216799795628
  view-data: 0.1841250006109476
