times:
  edit-metadata: 1.6088493764400482
  landing: 1.0546953044831753
  view-data: 3.3597726859152317
