times:
  edit-metadata: 1.5046168603003025
  landing: 0.77262993901968
  view-data: 3.3727645948529243
