times:
  edit-metadata: 0.6961532291024923
  landing: 0.06227386184036732
  view-data: 0.21359825506806374
