times:
  edit-metadata: 1.4986721705645323
  landing: 0.8067170344293118
  view-data: 3.3333496395498514
