times:
  edit-metadata: 1.3536212556064129
  landing: 0.8610321208834648
  view-data: 3.340948335826397
