times:
  edit-metadata: 0.5068242605775595
  landing: 0.04531632363796234
  view-data: 0.2017626017332077
