times:
  landing: 0.5485169280000264
  view-data: 0.5566284790000964
