times:
  edit-metadata: 1.511796159669757
  landing: 0.788211839273572
  view-data: 3.423370886594057
