times:
  edit-metadata: 1.4143786365166306
  landing: 0.8885655784979463
  view-data: 3.356863444671035
