times:
  edit-metadata: 1.5022878386080265
  landing: 0.021802784875035286
  view-data: 0.29786002077162266
