times:
  edit-metadata: 1.4431675001978874
  landing: 0.025420788675546646
  view-data: 0.02413923479616642
