times:
  edit-metadata: 1.5073315845802426
  landing: 0.1898038685321808
  view-data: 0.3924452308565378
