times:
  edit-metadata: 1.4906309880316257
  landing: 0.01940799131989479
  view-data: 0.024829616770148277
