times:
  edit-metadata: 1.3733962569385767
  landing: 0.7345370799303055
  view-data: 3.3477210490964353
