times:
  edit-metadata: 1.4813463799655437
  landing: 0.21108719147741795
  view-data: 0.12952290289103985
