times:
  landing: 0.5425232460000018
  view-data: 0.5449406050000221
