times:
  edit-metadata: 0.47948082303628325
  landing: 0.05605441005900502
  view-data: 0.19074127194471657
