times:
  edit-metadata: 0.5885446690372191
  landing: 0.04441574600059539
  view-data: 0.19559795898385346
