times:
  landing: 0.5543723390000537
  view-data: 0.5707763859999773
