times:
  edit-metadata: 2.18444484192878
  landing: 0.961342416703701
  view-data: 3.459440696053207
