times:
  edit-metadata: 1.4962489549070597
  landing: 0.2630287818610668
  view-data: 0.025515176355838776
