times:
  edit-metadata: 0.5013035498559475
  landing: 0.05440491810441017
  view-data: 0.20906632719561458
