times:
  edit-metadata: 0.4752984391525388
  landing: 0.043037367053329945
  view-data: 0.20297966990619898
