times:
  edit-metadata: 0.8986931852996349
  landing: 0.04701702669262886
  view-data: 0.20375331491231918
