times:
  edit-metadata: 1.490246381610632
  landing: 0.7918953727930784
  view-data: 3.3855043035000563
