times:
  edit-metadata: 1.4632661500945687
  landing: 0.022063777782022953
  view-data: 0.10032848827540874
