times:
  edit-metadata: 1.4038641080260277
  landing: 0.13398666307330132
  view-data: 0.362320126965642
