times:
  landing: 1.5910127079999938
  view-data: 0.5548713889999988
