times:
  edit-metadata: 1.4485202431678772
  landing: 0.9137120135128498
  view-data: 3.328070167452097
