times:
  edit-metadata: 0.8346954081207514
  landing: 0.7542705852538347
  view-data: 0.30165938660502434
