times:
  edit-metadata: 1.548530062660575
  landing: 0.1372509403154254
  view-data: 0.2339428924024105
