times:
  edit-metadata: 0.7967431433498859
  landing: 1.1031155306845903
  view-data: 0.6065192800015211
