times:
  landing: 0.5499463190000142
  view-data: 0.5524645609999652
