times:
  edit-metadata: 1.7446885257959366
  landing: 0.20667497999966145
  view-data: 0.41290826350450516
