times:
  edit-metadata: 1.5256796907633543
  landing: 0.02692001685500145
  view-data: 0.024425432085990906
