times:
  edit-metadata: 2.0386427426710725
  landing: 1.095727289095521
  view-data: 3.3553655073046684
