times:
  landing: 1.1150099467486143
  view-data: 0.5901037100702524
