times:
  edit-metadata: 1.4645545836538076
  landing: 0.021583840250968933
  view-data: 0.023677514865994453
