times:
  edit-metadata: 0.8758972994983196
  landing: 0.045541584491729736
  view-data: 0.2066393606364727
