times:
  edit-metadata: 1.6753506045788527
  landing: 0.27599911019206047
  view-data: 0.02705424651503563
