times:
  edit-metadata: 0.47968272294383496
  landing: 0.044573386083357036
  view-data: 0.19649422902148217
