times:
  edit-metadata: 1.5307111479341984
  landing: 0.8225882202386856
  view-data: 4.334772240370512
