times:
  edit-metadata: 0.5092122119385749
  landing: 0.050157747929915786
  view-data: 0.22149162995629013
