times:
  landing: 1.0832844110000224
  view-data: 0.5646944090000261
