times:
  landing: 0.554268809000007
  view-data: 0.058837068000002546
