times:
  edit-metadata: 1.621779702603817
  landing: 0.22939037531614304
  view-data: 0.025234494358301163
