times:
  landing: 0.5439192089999665
  view-data: 0.5451596420000442
