times:
  edit-metadata: 0.8339035492390394
  landing: 0.7391556482762098
  view-data: 0.3657214902341366
