times:
  edit-metadata: 1.563220614567399
  landing: 0.7911569252610207
  view-data: 3.4285335205495358
