times:
  edit-metadata: 0.49087102711200714
  landing: 0.050059064757078886
  view-data: 0.19733693171292543
