times:
  edit-metadata: 0.5054866368882358
  landing: 0.047030878253281116
  view-data: 0.2004911140538752
