times:
  edit-metadata: 0.8076102994382381
  landing: 0.5771681610494852
  view-data: 0.6002917364239693
