times:
  edit-metadata: 1.5152030549943447
  landing: 0.23341483622789383
  view-data: 0.5724654924124479
