times:
  edit-metadata: 1.4283542167395353
  landing: 0.9867844264954329
  view-data: 3.254367483779788
