times:
  edit-metadata: 1.4254031446762383
  landing: 0.7845071372576058
  view-data: 3.3644965020939708
