times:
  edit-metadata: 0.9371241480112076
  landing: 0.04387681931257248
  view-data: 0.20247670821845531
