times:
  edit-metadata: 0.48451822996139526
  landing: 0.04752246104180813
  view-data: 0.21035813889466226
