times:
  edit-metadata: 1.4679782595485449
  landing: 0.020377269946038723
  view-data: 0.11626676470041275
