times:
  edit-metadata: 0.49993670196272433
  landing: 0.06468601990491152
  view-data: 0.1922994500491768
