times:
  landing: 1.0758218280000165
  view-data: 0.5585782649999942
