times:
  edit-metadata: 1.4202478267252445
  landing: 0.8072994016110897
  view-data: 3.3377395682036877
