times:
  edit-metadata: 0.5398942559259012
  landing: 0.03999549197033048
  view-data: 0.20526761002838612
