times:
  edit-metadata: 1.5138043835759163
  landing: 1.1929481774568558
  view-data: 3.696005553007126
