times:
  edit-metadata: 1.4713681526482105
  landing: 0.02144501358270645
  view-data: 0.3948624590411782
