times:
  edit-metadata: 0.5096105230040848
  landing: 0.04379142797552049
  view-data: 0.1943396080750972
