times:
  edit-metadata: 0.5113114737905562
  landing: 0.04248306807130575
  view-data: 0.21892935503274202
