times:
  landing: 1.0721654559999934
  view-data: 0.5575636199999963
