times:
  edit-metadata: 0.6177299711853266
  landing: 0.041420051362365484
  view-data: 0.3109610169194639
