times:
  edit-metadata: 0.5226455228403211
  landing: 0.046813421882689
  view-data: 0.21992103848606348
