times:
  edit-metadata: 1.4096846841275692
  landing: 0.020594874396920204
  view-data: 0.02516099065542221
