times:
  edit-metadata: 0.7090831559617072
  landing: 0.047786227078177035
  view-data: 0.20101294200867414
