times:
  edit-metadata: 1.409545729868114
  landing: 0.17143200431019068
  view-data: 0.022263778373599052
