times:
  edit-metadata: 2.052494171075523
  landing: 0.1315652346238494
  view-data: 0.16244800202548504
