times:
  edit-metadata: 0.7548141800798476
  landing: 0.04463807726278901
  view-data: 0.21648985892534256
