times:
  edit-metadata: 0.5878541500060237
  landing: 0.046733083996514324
  view-data: 0.21262496599956648
