times:
  edit-metadata: 0.5015052100643516
  landing: 0.04098171228542924
  view-data: 0.22133978083729744
