times:
  edit-metadata: 0.5116009917110205
  landing: 0.05039426125586033
  view-data: 0.2187991701066494
