times:
  edit-metadata: 0.5112060382962227
  landing: 0.0516506414860487
  view-data: 0.465965055860579
