times:
  edit-metadata: 0.5067444667220116
  landing: 0.04829137586057186
  view-data: 0.20367392199113965
