times:
  edit-metadata: 0.4909088190179318
  landing: 0.04708013101480901
  view-data: 0.20034350012429059
