times:
  edit-metadata: 0.7926169689999369
  landing: 0.045102247000613715
  view-data: 0.20105277800030308
