times:
  landing: 0.5564301110000258
  view-data: 0.056626734000019496
