times:
  edit-metadata: 1.4013800870161504
  landing: 0.8983977660536766
  view-data: 3.287685246905312
