times:
  edit-metadata: 0.8834498040378094
  landing: 0.042990460991859436
  view-data: 0.20660564675927162
