times:
  landing: 0.5540543390000039
  view-data: 0.5621485679999978
