times:
  edit-metadata: 1.6853380911052227
  landing: 0.2206885628402233
  view-data: 0.1646120846271515
