times:
  edit-metadata: 1.5720903761684895
  landing: 0.14892360009253025
  view-data: 0.1378716044127941
