times:
  edit-metadata: 0.6731361839920282
  landing: 1.1229026932269335
  view-data: 0.5907700508832932
