times:
  landing: 0.5536987259999933
  view-data: 0.5675601440000264
