times:
  edit-metadata: 1.5169466566294432
  landing: 0.7709011752158403
  view-data: 3.3795823492109776
