times:
  edit-metadata: 0.8689408004283905
  landing: 0.8628447372466326
  view-data: 0.48559908382594585
