times:
  edit-metadata: 0.9637825638055801
  landing: 0.043010059744119644
  view-data: 0.33090819604694843
