times:
  edit-metadata: 1.5775769595056772
  landing: 0.7957631833851337
  view-data: 3.444987718015909
