times:
  landing: 0.5526787049999768
  view-data: 0.5522490809999852
