times:
  edit-metadata: 1.4397991877049208
  landing: 0.02295929193496704
  view-data: 0.3974252128973603
