times:
  edit-metadata: 1.8877788372337818
  landing: 1.303606539964676
  view-data: 3.4433194994926453
