times:
  edit-metadata: 0.8877993896603584
  landing: 0.041394080966711044
  view-data: 0.2060435637831688
