times:
  edit-metadata: 0.5121330160181969
  landing: 0.04217804502695799
  view-data: 0.1917712640715763
