times:
  edit-metadata: 1.647604813799262
  landing: 0.2759617231786251
  view-data: 0.14224664121866226
