times:
  edit-metadata: 0.5198052448686212
  landing: 0.05320101696997881
  view-data: 0.20719631505198777
