times:
  edit-metadata: 0.5131560179870576
  landing: 0.04461676999926567
  view-data: 0.19219892006367445
