times:
  edit-metadata: 1.389344360679388
  landing: 0.7896878067404032
  view-data: 3.3730150051414967
