times:
  edit-metadata: 1.991249319165945
  landing: 1.3056396059691906
  view-data: 3.416984423995018
