times:
  edit-metadata: 1.4691725838929415
  landing: 0.020732254721224308
  view-data: 0.12329960335046053
