times:
  edit-metadata: 1.5792432371526957
  landing: 0.818946486338973
  view-data: 3.4473172184079885
