times:
  edit-metadata: 1.2851519489777274
  landing: 0.3091581530170515
  view-data: 0.22206802200526
