times:
  edit-metadata: 1.6948339715600014
  landing: 0.9754433482885361
  view-data: 3.423805831000209
