times:
  landing: 1.5911223260000043
  view-data: 0.5528425059999904
