times:
  landing: 1.0703160219999859
  view-data: 0.5553531290000251
