times:
  edit-metadata: 0.495946167036891
  landing: 0.044928597286343575
  view-data: 0.2108791610226035
