times:
  landing: 0.544796993999995
  view-data: 0.5606230700000197
