times:
  edit-metadata: 1.3309518322348595
  landing: 0.9441279545426369
  view-data: 3.337349534034729
