times:
  edit-metadata: 0.5279337987303734
  landing: 0.041867722757160664
  view-data: 0.21137424930930138
