times:
  edit-metadata: 1.4095608238130808
  landing: 0.018902087584137917
  view-data: 0.023332655429840088
