times:
  edit-metadata: 0.5235767350532115
  landing: 0.04469970101490617
  view-data: 0.2032200121320784
