times:
  edit-metadata: 1.6672234050929546
  landing: 0.022201575338840485
  view-data: 0.166603934019804
