times:
  edit-metadata: 1.4493430685251951
  landing: 0.021478986367583275
  view-data: 0.38096358999609947
