times:
  edit-metadata: 1.1444437839090824
  landing: 0.5829598158597946
  view-data: 0.215861227363348
