times:
  edit-metadata: 0.5210323370993137
  landing: 0.04355859896168113
  view-data: 0.3328230839688331
