times:
  edit-metadata: 1.514056229032576
  landing: 0.022480634041130543
  view-data: 0.025372793897986412
