times:
  landing: 0.5670833709999954
  view-data: 0.5517617609999945
