times:
  edit-metadata: 0.5296804559998236
  landing: 0.04285392299971136
  view-data: 0.20470168600013494
