times:
  edit-metadata: 0.6747093349695206
  landing: 0.05268882599193603
  view-data: 0.2042881190427579
