times:
  landing: 1.1192174390000105
  view-data: 0.5585564069999691
