times:
  edit-metadata: 1.3849247973412275
  landing: 1.1863632686436176
  view-data: 3.307384026236832
