times:
  edit-metadata: 1.6279769260436296
  landing: 0.027249084785580635
  view-data: 0.024799881502985954
