times:
  landing: 0.5547447529997953
  view-data: 0.5643993129997398
