times:
  landing: 1.5885671860000343
  view-data: 0.5635506979999718
