times:
  edit-metadata: 2.2041034065186977
  landing: 0.2756434716284275
  view-data: 0.23889071121811867
