times:
  edit-metadata: 1.4242831747978926
  landing: 0.02044033631682396
  view-data: 0.1159681836143136
