times:
  edit-metadata: 1.4407271072268486
  landing: 0.8735480941832066
  view-data: 3.3185157142579556
