times:
  edit-metadata: 0.9041097573935986
  landing: 0.04894911125302315
  view-data: 0.2056046538054943
