times:
  edit-metadata: 0.5129308407194912
  landing: 0.04399666469544172
  view-data: 0.19969188468530774
