times:
  landing: 0.5495606519999967
  view-data: 0.5577634100000068
