times:
  edit-metadata: 1.9046398047357798
  landing: 1.1972179282456636
  view-data: 3.4328498132526875
