times:
  edit-metadata: 1.5781493671238422
  landing: 0.858364924788475
  view-data: 3.347098596394062
