times:
  edit-metadata: 0.6925205260049552
  landing: 0.0662215850315988
  view-data: 0.20781256898771971
