times:
  edit-metadata: 0.4737661140970886
  landing: 0.042150348890572786
  view-data: 0.20145197724923491
