times:
  landing: 1.0697162280000043
  view-data: 0.5561019539999847
