times:
  edit-metadata: 1.4223737306892872
  landing: 0.878576934337616
  view-data: 3.45517273619771
