times:
  edit-metadata: 1.4997957851737738
  landing: 0.8466611448675394
  view-data: 3.403226224705577
