times:
  edit-metadata: 1.4188600070774555
  landing: 0.13526922464370728
  view-data: 0.027176370844244957
