times:
  edit-metadata: 1.4584571663290262
  landing: 0.14603382907807827
  view-data: 0.02483575977385044
