times:
  edit-metadata: 0.8862280063331127
  landing: 0.043434612452983856
  view-data: 0.20586377754807472
