times:
  edit-metadata: 0.4998709629289806
  landing: 0.0503036929294467
  view-data: 0.19988473411649466
