times:
  landing: 1.0761421010000163
  view-data: 0.5657630270000027
