times:
  edit-metadata: 1.756691754795611
  landing: 0.13629932701587677
  view-data: 0.4073586305603385
