times:
  edit-metadata: 0.5202214699238539
  landing: 0.045779925771057606
  view-data: 0.22078667487949133
