times:
  edit-metadata: 0.551411144901067
  landing: 0.06974747707135975
  view-data: 0.1998835459817201
