times:
  edit-metadata: 0.5910505810752511
  landing: 0.08137867785990238
  view-data: 0.21608998533338308
