times:
  landing: 0.5507495350000227
  view-data: 0.5542015280000214
