times:
  edit-metadata: 0.5283535169437528
  landing: 0.045593247981742024
  view-data: 0.20026939292438328
