times:
  edit-metadata: 0.8085495363920927
  landing: 0.6706005875021219
  view-data: 0.31124683283269405
