times:
  edit-metadata: 0.7972028832882643
  landing: 0.9445451758801937
  view-data: 0.6501964051276445
