times:
  edit-metadata: 1.4445041147992015
  landing: 0.11535229254513979
  view-data: 0.4155967803671956
