times:
  landing: 0.5539088419999985
  view-data: 0.5580604069999993
