times:
  edit-metadata: 0.5038947616703808
  landing: 0.04274000786244869
  view-data: 0.20533096604049206
