times:
  edit-metadata: 0.5116943389875814
  landing: 0.045293052040506154
  view-data: 0.18548915698193014
