times:
  edit-metadata: 1.4784968420863152
  landing: 0.9037609212100506
  view-data: 3.317871741950512
