times:
  edit-metadata: 0.8261749316006899
  landing: 0.7709550056606531
  view-data: 0.19340186566114426
