times:
  edit-metadata: 0.480368017219007
  landing: 0.041891022119671106
  view-data: 0.19051890168339014
