times:
  edit-metadata: 1.4708399288356304
  landing: 0.22992706950753927
  view-data: 0.02555261179804802
