times:
  edit-metadata: 0.5949739092029631
  landing: 0.05408438201993704
  view-data: 0.21376002114266157
