times:
  landing: 1.0859518620000017
  view-data: 0.5639257629999861
