times:
  edit-metadata: 1.472499342635274
  landing: 0.1992926886305213
  view-data: 0.38874690886586905
