times:
  edit-metadata: 1.505949778482318
  landing: 0.792938981205225
  view-data: 3.430210202932358
