times:
  edit-metadata: 1.543262593448162
  landing: 0.24453319422900677
  view-data: 0.14598573558032513
