times:
  edit-metadata: 0.9103000722825527
  landing: 0.7996684424579144
  view-data: 0.3115646690130234
