times:
  edit-metadata: 1.4230355834588408
  landing: 0.11759306117892265
  view-data: 0.12049140315502882
