times:
  edit-metadata: 1.3980003921315074
  landing: 0.020224273204803467
  view-data: 0.2215917631983757
