times:
  edit-metadata: 2.086407830938697
  landing: 0.22058441117405891
  view-data: 0.3324034418910742
