times:
  edit-metadata: 1.4177520582452416
  landing: 0.021360493265092373
  view-data: 0.11855533439666033
