times:
  landing: 1.1512045730000295
  view-data: 0.5551338700000201
