times:
  landing: 1.1139574880000396
  view-data: 0.553892970999982
