times:
  edit-metadata: 0.5197853849967942
  landing: 0.051215198007412255
  view-data: 0.20733833394479007
