times:
  edit-metadata: 0.5961507710017031
  landing: 0.043389201993704773
  view-data: 0.20709900801011827
