times:
  edit-metadata: 0.7698288187384605
  landing: 0.49341294541954994
  view-data: 0.1940555777400732
