times:
  edit-metadata: 1.3983567710965872
  landing: 0.1350184604525566
  view-data: 0.11620703153312206
