times:
  edit-metadata: 1.2974085304886103
  landing: 0.836763733997941
  view-data: 3.310060078278184
