times:
  landing: 0.5658371030000353
  view-data: 0.5531439859999523
