times:
  landing: 1.0704771850000725
  view-data: 0.5620665449999933
