times:
  edit-metadata: 0.7782129868865013
  landing: 0.048354022204875946
  view-data: 0.2023046873509884
