times:
  landing: 0.5529872188344598
  view-data: 0.5527967950329185
