times:
  edit-metadata: 0.486677962820977
  landing: 0.05302177695557475
  view-data: 0.1976699628867209
