times:
  edit-metadata: 1.4393330169841647
  landing: 0.020995091646909714
  view-data: 0.12126299366354942
