times:
  landing: 0.557079563000002
  view-data: 0.5631427989999906
