times:
  edit-metadata: 1.557301227003336
  landing: 0.864025704562664
  view-data: 3.446737490594387
