times:
  edit-metadata: 1.4706234959885478
  landing: 0.1258037816733122
  view-data: 0.19683901593089104
