times:
  edit-metadata: 0.8084478676319122
  landing: 0.5734485387802124
  view-data: 0.6085772272199392
