times:
  edit-metadata: 1.5281850323081017
  landing: 0.8003314808011055
  view-data: 3.3804183527827263
