times:
  landing: 0.5516169339999806
  view-data: 0.5736227080000162
