times:
  edit-metadata: 1.4588797967880964
  landing: 0.021447609178721905
  view-data: 0.024518629536032677
