times:
  edit-metadata: 0.5026696189306676
  landing: 0.055860416032373905
  view-data: 0.20100673008710146
