times:
  edit-metadata: 1.4808866512030363
  landing: 0.7471370808780193
  view-data: 3.4109650049358606
