times:
  edit-metadata: 0.49440370686352253
  landing: 0.04687790106981993
  view-data: 0.21217867685481906
