times:
  landing: 1.084513367999989
  view-data: 0.5591496710000001
