times:
  edit-metadata: 0.5347510231658816
  landing: 0.04542049765586853
  view-data: 0.20675610285252333
