times:
  edit-metadata: 0.8087031580507755
  landing: 0.5933170262724161
  view-data: 0.6034657321870327
