times:
  edit-metadata: 0.6066052770474926
  landing: 0.04713359801098704
  view-data: 0.20553707308135927
