times:
  edit-metadata: 0.49186641490086913
  landing: 0.05074614332988858
  view-data: 0.1947498400695622
