times:
  edit-metadata: 0.5585799026302993
  landing: 0.06624370394274592
  view-data: 0.23079501185566187
