times:
  edit-metadata: 1.664058268070221
  landing: 1.1304501704871655
  view-data: 3.3537723273038864
