times:
  edit-metadata: 0.8952458202838898
  landing: 0.05389738455414772
  view-data: 0.20659338682889938
