times:
  edit-metadata: 0.8139866534620523
  landing: 0.5753455683588982
  view-data: 0.606835501268506
