times:
  edit-metadata: 1.0137940887361765
  landing: 0.05102650448679924
  view-data: 0.2329669799655676
