times:
  landing: 1.1056061940000177
  view-data: 0.557350538000037
