times:
  edit-metadata: 1.389649998396635
  landing: 0.02002955973148346
  view-data: 0.13440993428230286
