times:
  edit-metadata: 0.5081859258934855
  landing: 0.08793678693473339
  view-data: 0.2817545949947089
