times:
  edit-metadata: 1.4101094976067543
  landing: 0.739689557813108
  view-data: 3.3945640958845615
