times:
  edit-metadata: 1.5239336770027876
  landing: 0.7481279820203781
  view-data: 3.4116197172552347
