times:
  edit-metadata: 0.4888424891978502
  landing: 0.042867666110396385
  view-data: 0.21638522297143936
