times:
  landing: 0.5567706939999937
  view-data: 0.5516874310000048
