times:
  landing: 1.0696646690000193
  view-data: 0.559691163000025
