times:
  edit-metadata: 0.5137352229940007
  landing: 0.046752029011258855
  view-data: 0.3256354570039548
