times:
  edit-metadata: 0.8589982725679874
  landing: 0.8615309726446867
  view-data: 0.321743480861187
