times:
  landing: 0.5479188069999736
  view-data: 0.5518778629999588
