times:
  edit-metadata: 1.5132274786010385
  landing: 0.17921670712530613
  view-data: 0.24692457169294357
