times:
  edit-metadata: 0.511667313054204
  landing: 0.05719090485945344
  view-data: 0.19925399497151375
