times:
  edit-metadata: 0.4863791288807988
  landing: 0.049699201015755534
  view-data: 0.2014573779888451
