times:
  edit-metadata: 0.6707673629862256
  landing: 0.04308888898231089
  view-data: 0.19903237599646673
