times:
  edit-metadata: 0.7972616899642162
  landing: 0.06559704901883379
  view-data: 0.19829284498700872
