times:
  edit-metadata: 1.5270094722509384
  landing: 0.9448729082942009
  view-data: 3.4054070971906185
