times:
  edit-metadata: 0.5012898901477456
  landing: 0.052003408782184124
  view-data: 0.21297031734138727
