times:
  edit-metadata: 1.7542030606418848
  landing: 0.2886500805616379
  view-data: 0.42560683004558086
