times:
  edit-metadata: 1.5240862220525742
  landing: 0.9345297552645206
  view-data: 3.4012090004980564
