times:
  edit-metadata: 1.4206093428656459
  landing: 0.019578346982598305
  view-data: 0.22601812705397606
