times:
  landing: 0.5517914050000172
  view-data: 0.556208733999938
