times:
  edit-metadata: 1.8181173987686634
  landing: 0.23414173536002636
  view-data: 0.232962092384696
