times:
  edit-metadata: 0.5839300389634445
  landing: 0.04496983299031854
  view-data: 0.20038402103818953
