times:
  edit-metadata: 0.5810444090748206
  landing: 0.041721667046658695
  view-data: 0.2103229210479185
