times:
  edit-metadata: 0.502453850931488
  landing: 0.04709939891472459
  view-data: 0.20465822098776698
