times:
  edit-metadata: 0.8973897211253643
  landing: 0.05233028531074524
  view-data: 0.20894961059093475
