times:
  edit-metadata: 1.5196989551186562
  landing: 0.9155399799346924
  view-data: 3.395532760769129
