times:
  landing: 0.5548741520000249
  view-data: 0.5621083999999996
