times:
  edit-metadata: 0.8337368462234735
  landing: 0.5871869530528784
  view-data: 0.20659548975527287
