times:
  edit-metadata: 1.6249643806368113
  landing: 0.9250204190611839
  view-data: 3.490851791575551
