times:
  edit-metadata: 0.8045606315135956
  landing: 0.47924280911684036
  view-data: 0.1970471777021885
