times:
  edit-metadata: 0.585469514131546
  landing: 0.05158482398837805
  view-data: 0.22083933278918266
