times:
  edit-metadata: 0.5264348052442074
  landing: 0.046486129984259605
  view-data: 0.19776088185608387
