times:
  edit-metadata: 0.5816341582685709
  landing: 0.04816642822697759
  view-data: 0.21331848669797182
