times:
  edit-metadata: 1.504333196207881
  landing: 0.7530292812734842
  view-data: 3.3993803281337023
