times:
  edit-metadata: 1.9333508210256696
  landing: 0.020882676355540752
  view-data: 0.4120132578536868
