times:
  edit-metadata: 0.7700427826493979
  landing: 0.5065675228834152
  view-data: 0.32309150137007236
