times:
  edit-metadata: 1.3344996608793736
  landing: 0.141330998390913
  view-data: 0.024389471858739853
