times:
  edit-metadata: 0.5871902331709862
  landing: 0.061984905041754246
  view-data: 0.21142429090104997
