times:
  edit-metadata: 0.7965692486613989
  landing: 0.5877958629280329
  view-data: 0.6049014963209629
