times:
  edit-metadata: 1.6344591565430164
  landing: 1.0466745495796204
  view-data: 3.4722264520823956
