times:
  edit-metadata: 0.7404004372656345
  landing: 0.6430048644542694
  view-data: 0.23580304719507694
