times:
  edit-metadata: 1.516380256973207
  landing: 2.042925661429763
  view-data: 3.4149021906778216
