times:
  landing: 0.5561504929999614
  view-data: 0.5576014970000074
