times:
  landing: 0.5973920449999923
  view-data: 0.5616454070000145
