times:
  edit-metadata: 1.4908709172159433
  landing: 0.018208596855401993
  view-data: 0.026026736944913864
