times:
  edit-metadata: 1.5985756410518661
  landing: 0.9095117030665278
  view-data: 3.3308509489288554
