times:
  edit-metadata: 1.594447985291481
  landing: 0.9417454674839973
  view-data: 3.334656175225973
