times:
  landing: 0.5459831569999949
  view-data: 0.5475423609999837
