times:
  edit-metadata: 1.5714514702558517
  landing: 0.021615659818053246
  view-data: 0.11841237638145685
