times:
  edit-metadata: 0.5001372108235955
  landing: 0.044778296956792474
  view-data: 0.1907498820219189
