times:
  landing: 0.547972403000017
  view-data: 0.5610099030000129
