times:
  edit-metadata: 0.772206241999811
  landing: 0.048310410005797166
  view-data: 0.2018294080044143
