times:
  edit-metadata: 0.9056435413658619
  landing: 0.04585128277540207
  view-data: 0.20201097056269646
