times:
  landing: 0.5511220489999573
  view-data: 0.5617156100000216
