times:
  edit-metadata: 2.340543685015291
  landing: 1.4062539832666516
  view-data: 3.662418533116579
