times:
  edit-metadata: 1.4937869645655155
  landing: 1.056721292436123
  view-data: 3.3677625879645348
