times:
  landing: 0.553389855000205
  view-data: 0.5541571860003387
