times:
  edit-metadata: 0.6281276859808713
  landing: 0.053630587994121015
  view-data: 0.24477118099457584
