times:
  landing: 0.5649404050000157
  view-data: 0.5573613710000132
