times:
  edit-metadata: 1.4512712731957436
  landing: 0.8491418547928333
  view-data: 3.340274404734373
