times:
  edit-metadata: 1.6961586028337479
  landing: 1.0017557367682457
  view-data: 3.350083604454994
