times:
  landing: 1.0714886439964175
  view-data: 0.5520496920216829
