times:
  edit-metadata: 1.4018787378445268
  landing: 0.021872260607779026
  view-data: 0.11987132392823696
