times:
  edit-metadata: 1.3555781105533242
  landing: 0.8920932682231069
  view-data: 3.374231825582683
