times:
  edit-metadata: 1.4363036900758743
  landing: 0.8560805879533291
  view-data: 3.3518257699906826
