times:
  edit-metadata: 1.6671871691942215
  landing: 1.0774818509817123
  view-data: 3.406565472483635
