times:
  edit-metadata: 1.4235162942204624
  landing: 0.7868239688687027
  view-data: 3.3120300890877843
