times:
  edit-metadata: 1.4837755411863327
  landing: 1.0289510916918516
  view-data: 3.3906789124011993
