times:
  edit-metadata: 0.811143109574914
  landing: 0.49601611122488976
  view-data: 0.31827015057206154
