times:
  edit-metadata: 0.5225636649411172
  landing: 0.046393023105338216
  view-data: 0.20254851900972426
