times:
  edit-metadata: 0.49792206194251776
  landing: 0.04704222967848182
  view-data: 0.20738299516960979
