times:
  edit-metadata: 0.6164827309548855
  landing: 0.03819053201004863
  view-data: 0.22107228823006153
