times:
  edit-metadata: 1.5971935149282217
  landing: 0.028798194602131844
  view-data: 0.3542931117117405
