times:
  edit-metadata: 0.8255832344293594
  landing: 2.2298747915774584
  view-data: 0.5239844769239426
