times:
  edit-metadata: 0.5208695649635047
  landing: 0.04860735684633255
  view-data: 0.22201715991832316
