times:
  edit-metadata: 0.7368083856999874
  landing: 0.5724398475140333
  view-data: 0.21195365861058235
