times:
  edit-metadata: 0.8997242301702499
  landing: 0.042998574674129486
  view-data: 0.20369494333863258
