times:
  edit-metadata: 3.707325730472803
  landing: 1.2532858736813068
  view-data: 3.3784856349229813
