times:
  edit-metadata: 0.49380655866116285
  landing: 0.05118711804971099
  view-data: 0.19793558400124311
