times:
  landing: 0.5823048670000048
  view-data: 0.5633129029999964
