times:
  edit-metadata: 0.7754977997392416
  landing: 0.6468185801059008
  view-data: 0.20595531538128853
