times:
  landing: 1.0645390199999838
  view-data: 0.5495269509999616
