times:
  edit-metadata: 1.6969106774777174
  landing: 0.32381007075309753
  view-data: 0.026990415528416634
