times:
  edit-metadata: 1.4765522181987762
  landing: 0.14739961177110672
  view-data: 0.025616353377699852
