times:
  edit-metadata: 0.8594856765121222
  landing: 0.8805240355432034
  view-data: 0.3058905676007271
