times:
  landing: 0.5507244640000408
  view-data: 0.5494485570000052
