times:
  edit-metadata: 1.636942413984798
  landing: 0.9924863249761984
  view-data: 3.364456888055429
