times:
  edit-metadata: 1.377797743305564
  landing: 0.7500307983718812
  view-data: 3.3486059247516096
