times:
  edit-metadata: 0.7427652683109045
  landing: 0.6275981422513723
  view-data: 0.2377419602125883
