times:
  edit-metadata: 1.4923123642802238
  landing: 0.7860292997211218
  view-data: 3.3531601186841726
