times:
  edit-metadata: 0.4942651758901775
  landing: 0.05514826625585556
  view-data: 0.20370577927678823
