times:
  landing: 1.0905395389999626
  view-data: 0.557282229000009
