times:
  edit-metadata: 1.5126140471547842
  landing: 0.020196299999952316
  view-data: 0.024610118009150028
