times:
  edit-metadata: 1.4673578795045614
  landing: 0.6947680059820414
  view-data: 3.3619929160922766
