times:
  landing: 1.0725439750000305
  view-data: 0.5472906749999993
