times:
  edit-metadata: 0.7909692041575909
  landing: 0.046614624094218016
  view-data: 0.24085041461512446
