times:
  edit-metadata: 1.4607750130817294
  landing: 0.7554301060736179
  view-data: 3.371483378112316
