times:
  edit-metadata: 1.3858154527842999
  landing: 0.8155525624752045
  view-data: 3.2946068942546844
