times:
  landing: 1.078991430999963
  view-data: 0.5592280569999843
