times:
  edit-metadata: 0.4882190879434347
  landing: 0.05867856810800731
  view-data: 0.19831978809088469
