times:
  edit-metadata: 0.506711273919791
  landing: 0.05314725497737527
  view-data: 0.20186176197603345
