times:
  edit-metadata: 1.437817059457302
  landing: 0.020102092064917088
  view-data: 0.024809902533888817
