times:
  landing: 0.5557317270000226
  view-data: 0.5646752800000172
