times:
  edit-metadata: 0.6693007129942998
  landing: 0.062753709993558
  view-data: 0.19073133199708536
