times:
  edit-metadata: 0.5235754980240017
  landing: 0.05215501389466226
  view-data: 0.199088498018682
