times:
  edit-metadata: 1.9357331190258265
  landing: 1.2191950660198927
  view-data: 3.399635831359774
