times:
  landing: 1.0719453629999975
  view-data: 0.5559554520000063
