times:
  landing: 0.5718520249999983
  view-data: 0.5570672789999946
