times:
  edit-metadata: 1.9922816418111324
  landing: 1.0067703649401665
  view-data: 3.363844234496355
