times:
  edit-metadata: 2.186644785106182
  landing: 1.6748322919011116
  view-data: 3.4700302109122276
