times:
  edit-metadata: 0.8176020439714193
  landing: 5.524814434349537
  view-data: 0.41901129856705666
