times:
  edit-metadata: 0.518361615948379
  landing: 0.054331467021256685
  view-data: 0.20253058592788875
