times:
  edit-metadata: 1.4810985960066319
  landing: 0.01956833153963089
  view-data: 0.3343270793557167
