times:
  landing: 1.0816671860000042
  view-data: 0.5583385529999987
