times:
  landing: 1.0735356480000178
  view-data: 0.5609314339999969
