times:
  edit-metadata: 0.526937659829855
  landing: 0.039806877728551626
  view-data: 0.2055334597826004
