times:
  landing: 0.5499978349998855
  view-data: 0.5530265929999132
