times:
  edit-metadata: 2.1455786377191544
  landing: 0.2769148414954543
  view-data: 0.682048374786973
