times:
  edit-metadata: 0.9056299403309822
  landing: 0.04690968990325928
  view-data: 0.20550882816314697
