times:
  edit-metadata: 1.4328849660232663
  landing: 0.7676543174311519
  view-data: 3.3400113759562373
