times:
  edit-metadata: 0.5001411628909409
  landing: 0.05502714216709137
  view-data: 0.19767775479704142
