times:
  edit-metadata: 1.4938705498352647
  landing: 0.019702767953276634
  view-data: 0.474915930069983
