times:
  edit-metadata: 1.378840770572424
  landing: 0.7757716542109847
  view-data: 3.4062188249081373
