times:
  edit-metadata: 1.8419065810739994
  landing: 1.6901972517371178
  view-data: 3.4614799693226814
