times:
  edit-metadata: 0.577379650902003
  landing: 0.08371533267199993
  view-data: 0.21516591403633356
