times:
  edit-metadata: 0.6535869619983714
  landing: 0.05744005099404603
  view-data: 0.19332668400602415
