times:
  edit-metadata: 0.520216231001541
  landing: 0.043800691957585514
  view-data: 0.20105771801900119
