times:
  edit-metadata: 1.6952472999691963
  landing: 0.17631953489035368
  view-data: 0.4864849643781781
