times:
  edit-metadata: 0.8930640183389187
  landing: 0.05461236461997032
  view-data: 0.20925773680210114
