times:
  edit-metadata: 1.413410997018218
  landing: 0.023279731161892414
  view-data: 0.3215045677497983
