times:
  landing: 0.5522164689999727
  view-data: 0.555341607999992
