times:
  edit-metadata: 0.5184221551753581
  landing: 0.046928033232688904
  view-data: 0.3331506550312042
