times:
  edit-metadata: 1.3416087245568633
  landing: 0.7932309713214636
  view-data: 3.278586865402758
