times:
  edit-metadata: 1.7538305521011353
  landing: 1.2859509550035
  view-data: 3.3703985065221786
