times:
  edit-metadata: 1.4951215498149395
  landing: 0.9437283091247082
  view-data: 3.4321382492780685
