times:
  edit-metadata: 0.9052739031612873
  landing: 0.048312775790691376
  view-data: 0.19582026079297066
