times:
  edit-metadata: 1.4244728409685194
  landing: 0.817733331117779
  view-data: 3.315804152050987
