times:
  landing: 0.5530880590000038
  view-data: 0.053853427999996484
