times:
  edit-metadata: 1.5354410279542208
  landing: 0.023748068138957024
  view-data: 0.023040585219860077
