times:
  edit-metadata: 0.5701754209585488
  landing: 0.04780141590163112
  view-data: 0.22076511662453413
