times:
  landing: 0.5643931859999611
  view-data: 0.5723809799999913
