times:
  edit-metadata: 0.905322253704071
  landing: 0.04344658553600311
  view-data: 0.20684587210416794
