times:
  edit-metadata: 1.5735097266733646
  landing: 1.085962075740099
  view-data: 3.3455440923571587
