times:
  edit-metadata: 0.9128378964960575
  landing: 0.05396631732583046
  view-data: 0.20517215132713318
