times:
  edit-metadata: 1.4538882784545422
  landing: 0.8939969055354595
  view-data: 3.334974016994238
