times:
  landing: 0.5522350229999802
  view-data: 0.5562677709999662
