times:
  edit-metadata: 1.4288235008716583
  landing: 0.9026893507689238
  view-data: 3.327204344794154
