times:
  edit-metadata: 0.845232829451561
  landing: 0.49013140238821507
  view-data: 0.1894361451268196
