times:
  landing: 1.0963139620000106
  view-data: 0.5542375900000138
