times:
  edit-metadata: 0.666070884995861
  landing: 0.04836324098869227
  view-data: 0.19935316298506223
