times:
  edit-metadata: 0.48293627006933093
  landing: 0.04539702367037535
  view-data: 0.19681169465184212
