times:
  landing: 0.5414935949999915
  view-data: 0.5428040120000048
