times:
  edit-metadata: 1.4226177195087075
  landing: 0.1491844467818737
  view-data: 0.11853557359427214
