times:
  edit-metadata: 0.5880710550000003
  landing: 0.04503148200001306
  view-data: 0.22056551400009994
