times:
  landing: 1.0628400909999982
  view-data: 0.5464623169999925
