times:
  landing: 0.5457243079999898
  view-data: 0.5504688799999826
