times:
  landing: 0.555367345000036
  view-data: 0.561051023999994
