times:
  edit-metadata: 1.4763682894408703
  landing: 0.902672627940774
  view-data: 3.421321766451001
