times:
  edit-metadata: 0.899274542927742
  landing: 0.042140111327171326
  view-data: 0.2058231681585312
