times:
  edit-metadata: 1.407948992215097
  landing: 0.17796689085662365
  view-data: 0.11688840016722679
