times:
  edit-metadata: 0.7363678961992264
  landing: 1.1207743603736162
  view-data: 0.19269630871713161
