times:
  edit-metadata: 1.4921426959335804
  landing: 0.847566369920969
  view-data: 3.28130329400301
