times:
  edit-metadata: 1.4469108572229743
  landing: 0.022542055696249008
  view-data: 0.025282323360443115
