times:
  edit-metadata: 0.5068875458091497
  landing: 0.03781025763601065
  view-data: 0.21997237391769886
