times:
  edit-metadata: 0.7528460323810577
  landing: 1.003992298617959
  view-data: 0.31521268747746944
