times:
  landing: 1.082461194000075
  view-data: 0.5579212150000785
