times:
  edit-metadata: 0.8350049597211182
  landing: 0.04947889596223831
  view-data: 0.30589734576642513
