times:
  edit-metadata: 1.6391186211258173
  landing: 0.15650076046586037
  view-data: 0.46984977647662163
