times:
  edit-metadata: 1.9252691669389606
  landing: 1.2103616688400507
  view-data: 3.6131544234231114
