times:
  edit-metadata: 1.5367769170552492
  landing: 0.9940505493432283
  view-data: 3.482126960530877
