times:
  edit-metadata: 0.693651145324111
  landing: 1.0469085276126862
  view-data: 0.3127938359975815
