times:
  edit-metadata: 0.6673875809647143
  landing: 0.05994623899459839
  view-data: 0.24576838104985654
