times:
  edit-metadata: 1.5059072691947222
  landing: 0.7288695033639669
  view-data: 3.391026033088565
