times:
  landing: 0.5579370469999958
  view-data: 0.5569063400000118
