times:
  edit-metadata: 0.5903337530326098
  landing: 0.07298044697381556
  view-data: 0.19993799104122445
