times:
  edit-metadata: 1.5743435807526112
  landing: 0.7614485509693623
  view-data: 3.3748688995838165
