times:
  edit-metadata: 1.494962771423161
  landing: 0.020908853970468044
  view-data: 0.13177251163870096
