times:
  edit-metadata: 0.7797431200742722
  landing: 0.5151327271014452
  view-data: 0.1959977000951767
