times:
  edit-metadata: 0.887716356664896
  landing: 0.04391314089298248
  view-data: 0.20592603087425232
