times:
  landing: 0.546950446000011
  view-data: 0.546470443000004
