times:
  edit-metadata: 2.2940150033682585
  landing: 1.6028317362070084
  view-data: 3.5791198387742043
