times:
  edit-metadata: 1.4190432610921562
  landing: 1.1874962132424116
  view-data: 3.368007873184979
