times:
  edit-metadata: 0.6506614265963435
  landing: 0.06939722690731287
  view-data: 0.22905467171221972
