times:
  edit-metadata: 0.5935450629913248
  landing: 0.04228276101639494
  view-data: 0.20367151498794556
