times:
  edit-metadata: 1.5037822034209967
  landing: 0.7453207615762949
  view-data: 3.4153655786067247
