times:
  edit-metadata: 1.8774672020226717
  landing: 0.9948687627911568
  view-data: 3.4826902467757463
