times:
  edit-metadata: 0.4967812392860651
  landing: 0.044303123373538256
  view-data: 0.2194055221043527
