times:
  edit-metadata: 0.6608551699901
  landing: 0.0514474919764325
  view-data: 0.20479344599880278
