times:
  edit-metadata: 1.5685091577470303
  landing: 0.12787712551653385
  view-data: 0.2382788360118866
