times:
  edit-metadata: 1.5202277190983295
  landing: 0.021136553958058357
  view-data: 0.3174542896449566
