times:
  edit-metadata: 0.5106557169929147
  landing: 0.04832584410905838
  view-data: 0.19502916489727795
