times:
  edit-metadata: 1.4659820978995413
  landing: 1.420716089894995
  view-data: 3.370476942975074
