times:
  edit-metadata: 1.5027433782815933
  landing: 0.7530744597315788
  view-data: 3.3262358978390694
