times:
  edit-metadata: 0.7337096389965154
  landing: 0.04832406100467779
  view-data: 0.19935020100092515
