times:
  edit-metadata: 0.5070693641901016
  landing: 0.043636091984808445
  view-data: 0.21325170435011387
