times:
  edit-metadata: 1.5409484058618546
  landing: 0.8816261272877455
  view-data: 3.340819327160716
