times:
  edit-metadata: 1.5280705504119396
  landing: 0.7409614622592926
  view-data: 3.3071706630289555
