times:
  edit-metadata: 1.4835289753973484
  landing: 0.8026820924133062
  view-data: 3.4030737467110157
