times:
  edit-metadata: 1.3651407361030579
  landing: 0.8072506599128246
  view-data: 3.3884196914732456
