times:
  edit-metadata: 1.564003225415945
  landing: 0.9200380891561508
  view-data: 3.399237021803856
