times:
  edit-metadata: 0.6535079730092548
  landing: 0.05468599498271942
  view-data: 0.19208614097442478
