times:
  edit-metadata: 1.4966099560260773
  landing: 0.12810159008949995
  view-data: 0.09824251104146242
