times:
  edit-metadata: 0.7598965764045715
  landing: 0.3553025294095278
  view-data: 0.19597002305090427
