times:
  edit-metadata: 0.5135200032964349
  landing: 0.04988165106624365
  view-data: 0.19292578008025885
