times:
  edit-metadata: 1.495333019644022
  landing: 0.018765296787023544
  view-data: 0.13977588526904583
