times:
  landing: 0.550993581000057
  view-data: 0.5544123070000069
