times:
  edit-metadata: 0.8508223406970501
  landing: 2.5381730534136295
  view-data: 0.42323153279721737
