times:
  edit-metadata: 0.7077827230095863
  landing: 1.0184853915125132
  view-data: 0.28883539885282516
