times:
  edit-metadata: 0.5075395200401545
  landing: 0.0443234583362937
  view-data: 0.21238544397056103
