times:
  edit-metadata: 0.5267156648915261
  landing: 0.0432880490552634
  view-data: 0.20461784186773002
