times:
  edit-metadata: 1.566050578840077
  landing: 1.046994083095342
  view-data: 3.397415439132601
