times:
  edit-metadata: 2.1627377551048994
  landing: 1.24395015463233
  view-data: 3.3975114449858665
