times:
  edit-metadata: 1.4949673544615507
  landing: 0.02061712183058262
  view-data: 0.12588084675371647
