times:
  edit-metadata: 1.6400473434478045
  landing: 0.21782157011330128
  view-data: 0.4092555530369282
