times:
  edit-metadata: 1.458976224064827
  landing: 0.8523053303360939
  view-data: 3.3621191270649433
