times:
  edit-metadata: 0.6886342979269102
  landing: 0.051282554981298745
  view-data: 0.20202668302226812
