times:
  edit-metadata: 0.6766906199918594
  landing: 0.05005267198430374
  view-data: 0.20781826399615966
