times:
  edit-metadata: 1.4713491536676884
  landing: 0.18721824884414673
  view-data: 0.36321122013032436
