times:
  edit-metadata: 0.6741340089938603
  landing: 0.057784070988418534
  view-data: 0.26612286499585025
