times:
  edit-metadata: 0.5159587617963552
  landing: 0.050225278828293085
  view-data: 0.1978933596983552
