times:
  edit-metadata: 1.458910297602415
  landing: 1.0242353528738022
  view-data: 3.333300493657589
