times:
  edit-metadata: 0.8984424583613873
  landing: 0.054653435945510864
  view-data: 0.20237956568598747
