times:
  landing: 0.5558972579999875
  view-data: 0.5568174419999821
