times:
  edit-metadata: 1.8642614595592022
  landing: 0.02297586388885975
  view-data: 0.3755771107971668
