times:
  edit-metadata: 1.555434163659811
  landing: 0.27428984455764294
  view-data: 0.3560480922460556
