times:
  landing: 1.0631272070000364
  view-data: 0.5519205940000234
