times:
  edit-metadata: 0.6660236839670688
  landing: 0.10965732089243829
  view-data: 0.24155338783748448
