times:
  landing: 1.0619026790000134
  view-data: 0.548453923000011
