times:
  edit-metadata: 0.8863029200583696
  landing: 0.5530981197953224
  view-data: 0.21249131485819817
