times:
  edit-metadata: 1.491862516850233
  landing: 0.021497816778719425
  view-data: 0.027390257455408573
