times:
  landing: 0.557992626999976
  view-data: 0.5601294169999846
