times:
  edit-metadata: 1.5605685897171497
  landing: 1.0577854178845882
  view-data: 3.348463475704193
