times:
  edit-metadata: 0.4917420968413353
  landing: 0.04448744794353843
  view-data: 0.20530469715595245
