times:
  edit-metadata: 0.666462431952823
  landing: 0.04293516400502995
  view-data: 0.2035872809938155
