times:
  landing: 1.601113847000022
  view-data: 0.5638614859999507
