times:
  edit-metadata: 1.500613559037447
  landing: 0.9596592113375664
  view-data: 3.4017573706805706
