times:
  edit-metadata: 0.5116571630351245
  landing: 0.05032995529472828
  view-data: 0.20180328097194433
