times:
  edit-metadata: 1.5105036683380604
  landing: 0.7947962004691362
  view-data: 3.411685863509774
