times:
  edit-metadata: 0.5120168309658766
  landing: 0.04530734196305275
  view-data: 0.19835438183508813
