times:
  edit-metadata: 0.9111559689044952
  landing: 0.04494021460413933
  view-data: 0.2112625688314438
