times:
  edit-metadata: 0.6538000919972546
  landing: 0.045195428014267236
  view-data: 0.20846368902130052
