times:
  edit-metadata: 0.510392202064395
  landing: 0.040096800308674574
  view-data: 0.2157675139605999
