times:
  edit-metadata: 1.3864293140359223
  landing: 1.0252130748704076
  view-data: 3.352080614771694
