times:
  edit-metadata: 1.5458247950300574
  landing: 0.11771775968372822
  view-data: 0.023276020772755146
