times:
  edit-metadata: 1.5566177275031805
  landing: 0.7882980108261108
  view-data: 3.4545703139156103
