times:
  edit-metadata: 1.4715056344866753
  landing: 0.8573032431304455
  view-data: 3.34769643843174
