times:
  edit-metadata: 1.4126235069707036
  landing: 0.020625372417271137
  view-data: 0.48260876163840294
