times:
  edit-metadata: 1.477772812359035
  landing: 0.11594205070286989
  view-data: 0.2669504387304187
