times:
  landing: 0.558385157999993
  view-data: 0.5624481799999899
