times:
  edit-metadata: 0.5168379410170019
  landing: 0.042380708269774914
  view-data: 0.1971068219281733
