times:
  edit-metadata: 1.4838528167456388
  landing: 0.12895720824599266
  view-data: 0.33646440878510475
