times:
  landing: 0.5611234259999947
  view-data: 0.052200794000015094
