times:
  edit-metadata: 0.9001016765832901
  landing: 0.04438729211688042
  view-data: 0.34366827830672264
