times:
  edit-metadata: 2.169562012888491
  landing: 1.3061444628983736
  view-data: 3.3727185847237706
