times:
  edit-metadata: 1.4841518197208643
  landing: 0.15210226364433765
  view-data: 0.026817860081791878
