times:
  edit-metadata: 1.60629353672266
  landing: 0.9849325194954872
  view-data: 3.361827701330185
