times:
  edit-metadata: 0.5092039480805397
  landing: 0.04129775334149599
  view-data: 0.20406317431479692
