times:
  edit-metadata: 1.5221498860046268
  landing: 0.019893423654139042
  view-data: 0.09958512056618929
