times:
  edit-metadata: 1.5769399739801884
  landing: 0.206618744879961
  view-data: 0.02381906658411026
