times:
  edit-metadata: 1.4142300672829151
  landing: 0.12833106517791748
  view-data: 0.2277492694556713
