times:
  edit-metadata: 0.6529608520067995
  landing: 0.049538104998646304
  view-data: 0.19757485098671168
