times:
  landing: 0.540185135999991
  view-data: 0.5430027360000622
