times:
  edit-metadata: 1.4874101970344782
  landing: 0.25963079556822777
  view-data: 0.025795375928282738
