times:
  landing: 0.5626482369999906
  view-data: 0.558962992000005
