times:
  edit-metadata: 1.503859305754304
  landing: 0.02178424783051014
  view-data: 0.024121709167957306
