times:
  landing: 1.6124104759999796
  view-data: 0.5869035110000027
