times:
  landing: 1.0641226870000082
  view-data: 0.5566159410000182
