times:
  edit-metadata: 1.4446262996643782
  landing: 0.9715043627656996
  view-data: 3.3521744492463768
