times:
  edit-metadata: 0.487678452860564
  landing: 0.04229970322921872
  view-data: 0.20111864106729627
