times:
  edit-metadata: 1.4445153642445803
  landing: 0.021238626912236214
  view-data: 0.3373453887179494
