times:
  edit-metadata: 0.7611800003796816
  landing: 0.6131626572459936
  view-data: 0.2323428113013506
