times:
  edit-metadata: 1.4574299175292253
  landing: 0.021588562056422234
  view-data: 0.02609751932322979
