times:
  edit-metadata: 0.4923731009475887
  landing: 0.04571504192426801
  view-data: 0.20625223265960813
