times:
  edit-metadata: 1.5922365188598633
  landing: 0.9591619558632374
  view-data: 3.368479363620281
