times:
  edit-metadata: 1.4768083859235048
  landing: 0.01901086326688528
  view-data: 0.11956148687750101
