times:
  edit-metadata: 2.851491926237941
  landing: 0.4628019817173481
  view-data: 0.7541737370193005
