times:
  edit-metadata: 0.8130572475492954
  landing: 0.04177534580230713
  view-data: 0.2015642412006855
