times:
  landing: 0.555845306000009
  view-data: 0.5564570140000171
