times:
  edit-metadata: 1.4209551941603422
  landing: 0.19647127017378807
  view-data: 0.024974890053272247
