times:
  edit-metadata: 0.5227930429391563
  landing: 0.042643286753445864
  view-data: 0.20505564101040363
