times:
  edit-metadata: 0.5257133389823139
  landing: 0.0480339671485126
  view-data: 0.20461264112964272
