times:
  edit-metadata: 6.420182015746832
  landing: 0.9806548207998276
  view-data: 0.4246144965291023
