times:
  edit-metadata: 1.3915252769365907
  landing: 0.9908989360556006
  view-data: 3.303794431965798
