times:
  landing: 1.0734570139999846
  view-data: 0.573130080999988
