times:
  edit-metadata: 1.5979588814079762
  landing: 0.7807281035929918
  view-data: 3.3664013035595417
