times:
  edit-metadata: 1.53408210107591
  landing: 0.05770276498515159
  view-data: 0.29752489109523594
