times:
  edit-metadata: 1.657052262002253
  landing: 0.0746820460044546
  view-data: 0.30337129000690766
