times:
  landing: 1.074505332000001
  view-data: 0.5593260810000515
