times:
  edit-metadata: 4.43375383131206
  landing: 0.9161230102181435
  view-data: 0.38244941644370556
