times:
  landing: 0.5644972260000145
  view-data: 0.5578213910000045
