times:
  edit-metadata: 3.371124821715057
  landing: 0.29046037001535296
  view-data: 0.2562992968596518
