times:
  edit-metadata: 3.582114916993305
  landing: 0.29510610504075885
  view-data: 0.2531230777967721
