times:
  edit-metadata: 1.495427317917347
  landing: 0.8638290986418724
  view-data: 0.6627083607017994
