times:
  edit-metadata: 1.415835538879037
  landing: 0.8447416089475155
  view-data: 3.436541885137558
