times:
  landing: 0.5553695649999781
  view-data: 0.5573167099999807
