times:
  edit-metadata: 3.3297464079223573
  landing: 0.2882724030641839
  view-data: 0.2376284300116822
