times:
  edit-metadata: 1.3819624744355679
  landing: 0.7767380885779858
  view-data: 3.2947184136137366
