times:
  edit-metadata: 1.7633565440773964
  landing: 1.0773592330515385
  view-data: 3.3929803259670734
