times:
  landing: 0.5535516310000048
  view-data: 0.04540818999998919
