times:
  edit-metadata: 2.407729035243392
  landing: 0.019844867289066315
  view-data: 0.12318998854607344
