times:
  edit-metadata: 1.8064710050821304
  landing: 0.9437628909945488
  view-data: 0.6195933446288109
