times:
  edit-metadata: 1.5556561201810837
  landing: 0.8540841937065125
  view-data: 3.3305788412690163
