times:
  edit-metadata: 4.165706094354391
  landing: 0.3051249049603939
  view-data: 0.31929825246334076
