times:
  edit-metadata: 1.40547609096393
  landing: 0.29670738661661744
  view-data: 0.251686935313046
