times:
  edit-metadata: 4.572184335440397
  landing: 0.8999484777450562
  view-data: 0.4865300226956606
