times:
  edit-metadata: 1.9407485760748386
  landing: 1.250967837870121
  view-data: 3.899175502359867
