times:
  edit-metadata: 1.4731561793014407
  landing: 0.31173719000071287
  view-data: 0.3093399554491043
