times:
  edit-metadata: 1.3681649528443813
  landing: 0.7946954574435949
  view-data: 0.6829832624644041
