times:
  landing: 0.5548257000000092
  view-data: 0.5665129019999995
