times:
  edit-metadata: 1.3296918389387429
  landing: 0.7508220593445003
  view-data: 0.5526566589251161
