times:
  edit-metadata: 3.3923600589623675
  landing: 0.2998640349833295
  view-data: 0.2419580260757357
