times:
  edit-metadata: 2.885808788239956
  landing: 0.19754633679986
  view-data: 0.025493942201137543
