times:
  edit-metadata: 6.1821910217404366
  landing: 0.8034679535776377
  view-data: 0.29518204368650913
