times:
  edit-metadata: 4.5629206243902445
  landing: 1.649748120456934
  view-data: 0.5754670966416597
