times:
  edit-metadata: 1.520685174036771
  landing: 0.3004408641718328
  view-data: 0.28081986075267196
