times:
  landing: 0.5611754639999731
  view-data: 0.06966545400001678
