times:
  edit-metadata: 3.2964863639790565
  landing: 0.2769618449965492
  view-data: 0.23808286600979045
