times:
  edit-metadata: 3.3242826997302473
  landing: 0.2787701589986682
  view-data: 0.24689364805817604
