times:
  edit-metadata: 1.4608618889469653
  landing: 0.7825256390497088
  view-data: 3.266325172968209
