times:
  landing: 0.6033888000000047
  view-data: 0.5698113999999919
