times:
  edit-metadata: 1.365214823745191
  landing: 0.2871904680505395
  view-data: 0.28091281885281205
