times:
  landing: 1.425599291920662
  view-data: 0.5767275243997574
