times:
  edit-metadata: 1.5798086263239384
  landing: 0.9041883908212185
  view-data: 3.3547765910625458
