times:
  edit-metadata: 1.3782406076788902
  landing: 0.8432948663830757
  view-data: 3.3594092652201653
