times:
  edit-metadata: 3.2866656510159373
  landing: 0.30637121899053454
  view-data: 0.2563864830881357
