times:
  edit-metadata: 3.295501795015298
  landing: 0.28988143196329474
  view-data: 0.2612179439747706
