times:
  edit-metadata: 1.4776828680187464
  landing: 0.8233729768544436
  view-data: 3.3052601516246796
