times:
  edit-metadata: 2.6012219060212374
  landing: 0.13711762428283691
  view-data: 0.12390927132219076
