times:
  landing: 0.5701711210000155
  view-data: 0.06665083199999344
