times:
  edit-metadata: 4.633725171908736
  landing: 1.4211185742169619
  view-data: 0.5501226391643286
