times:
  edit-metadata: 1.471473058219999
  landing: 0.316296330653131
  view-data: 0.5004647588357329
