times:
  edit-metadata: 2.5123535562306643
  landing: 0.023700760677456856
  view-data: 0.1259550815448165
