times:
  edit-metadata: 2.4948160368949175
  landing: 0.020050774328410625
  view-data: 0.11716660112142563
