times:
  edit-metadata: 1.3517733328044415
  landing: 0.7310733310878277
  view-data: 0.6202817000448704
