times:
  edit-metadata: 3.302100314060226
  landing: 0.28419835306704044
  view-data: 0.2429627269739285
