times:
  edit-metadata: 1.6082252394407988
  landing: 0.9813879635185003
  view-data: 0.7571985218673944
