times:
  edit-metadata: 1.507239201106131
  landing: 0.31436755135655403
  view-data: 0.3033216241747141
