times:
  edit-metadata: 2.496647716499865
  landing: 0.16940221190452576
  view-data: 0.11762296874076128
