times:
  landing: 1.0778339390000156
  view-data: 0.5593678189999878
