times:
  edit-metadata: 2.0141142830252647
  landing: 0.23174268705770373
  view-data: 0.34634161088615656
