times:
  edit-metadata: 1.5826049039606005
  landing: 0.048547983868047595
  view-data: 0.2945536400657147
