times:
  edit-metadata: 1.4939947128295898
  landing: 0.8710755333304405
  view-data: 3.350607842206955
