times:
  edit-metadata: 2.0320243760943413
  landing: 0.07834612065926194
  view-data: 0.5963863567449152
