times:
  edit-metadata: 1.4135184311307967
  landing: 0.2995501789264381
  view-data: 0.26581846410408616
