times:
  edit-metadata: 1.7006378959922586
  landing: 0.06504117202712223
  view-data: 0.29639412998221815
