times:
  edit-metadata: 2.4315365627408028
  landing: 0.21731897816061974
  view-data: 0.025791327469050884
