times:
  edit-metadata: 1.4923241077922285
  landing: 0.31575611140578985
  view-data: 0.3009715499356389
