times:
  landing: 1.079464444999985
  view-data: 0.5687303540000244
