times:
  landing: 0.7271476939999957
  view-data: 0.5664066410000146
