times:
  edit-metadata: 4.196639746427536
  landing: 0.2910846918821335
  view-data: 0.3160574734210968
