times:
  edit-metadata: 1.9752603210508823
  landing: 0.36159437615424395
  view-data: 0.35788963083177805
