times:
  edit-metadata: 1.6820781286805868
  landing: 0.9415978980250657
  view-data: 0.5396413230337203
