times:
  edit-metadata: 1.3636049160268158
  landing: 0.2964276510174386
  view-data: 0.2514936900115572
