times:
  edit-metadata: 3.501225000945851
  landing: 0.2822449938394129
  view-data: 0.2652590579818934
