times:
  edit-metadata: 2.439434139057994
  landing: 0.022458824329078197
  view-data: 0.12005475535988808
