times:
  landing: 1.3636675039999773
  view-data: 0.5564516140000251
