times:
  edit-metadata: 1.583185652969405
  landing: 0.055337033001706004
  view-data: 0.30613422201713547
