times:
  edit-metadata: 4.836759880883619
  landing: 0.3127708958927542
  view-data: 0.4345717809628695
