times:
  edit-metadata: 4.651071639731526
  landing: 1.1011614706367254
  view-data: 0.38482439145445824
