times:
  edit-metadata: 3.295290144975297
  landing: 0.27545630402164534
  view-data: 0.23479598900303245
