times:
  landing: 1.0922321090000082
  view-data: 0.5681257929999788
