times:
  landing: 0.5761917949999997
  view-data: 0.559558783
