times:
  edit-metadata: 4.184593427926302
  landing: 0.3067886419594288
  view-data: 0.3198852129280567
