times:
  edit-metadata: 1.6224326901137829
  landing: 1.0480445884168148
  view-data: 3.42429805919528
