times:
  edit-metadata: 4.433687157928944
  landing: 6.882889311760664
  view-data: 2.2949619125574827
