times:
  edit-metadata: 4.6495809443295
  landing: 0.8997822646051645
  view-data: 0.3670643400400877
