times:
  edit-metadata: 2.4067345205694437
  landing: 0.0221386244520545
  view-data: 0.11831998080015182
