times:
  edit-metadata: 3.385269373015035
  landing: 0.27331430901540443
  view-data: 0.23903527401853353
