times:
  landing: 0.6783873760000461
  view-data: 0.5485963780000702
