times:
  edit-metadata: 1.5345924249850214
  landing: 0.05903082503937185
  view-data: 0.39748021599370986
