times:
  edit-metadata: 2.4535153349861503
  landing: 0.021312500350177288
  view-data: 0.45712717343121767
