times:
  edit-metadata: 4.1001368425786495
  landing: 0.3195035606622696
  view-data: 0.3173770047724247
