times:
  landing: 0.7096118269999749
  view-data: 0.5471386029999792
