times:
  edit-metadata: 1.9057631492614746
  landing: 1.2051961347460747
  view-data: 3.378883756697178
