times:
  edit-metadata: 3.404615551989991
  landing: 0.2716042000101879
  view-data: 0.2417625410016626
