times:
  landing: 0.55253381899999
  view-data: 0.5605590250000034
