times:
  edit-metadata: 1.4479943099431694
  landing: 0.30732272611930966
  view-data: 0.2637257310561836
