times:
  edit-metadata: 1.486473557073623
  landing: 0.315163753926754
  view-data: 0.36507133999839425
