times:
  edit-metadata: 1.5889153368771076
  landing: 1.2266820929944515
  view-data: 3.3423261865973473
