times:
  edit-metadata: 4.546068852767348
  landing: 0.8309758361428976
  view-data: 0.3792626913636923
