times:
  edit-metadata: 2.4889123179018497
  landing: 0.11565452720969915
  view-data: 0.02470475621521473
