times:
  edit-metadata: 2.444845219142735
  landing: 0.019909036345779896
  view-data: 0.09980502352118492
