times:
  edit-metadata: 1.4303947314620018
  landing: 0.8471479127183557
  view-data: 3.433418453671038
