times:
  landing: 1.0772958039999594
  view-data: 0.5540060680000352
