times:
  edit-metadata: 2.568152530118823
  landing: 1.6594065027311444
  view-data: 3.8097699657082558
