times:
  landing: 1.055874502999984
  view-data: 0.545809663
