times:
  landing: 0.7671467560000167
  view-data: 0.5586231540000028
