times:
  edit-metadata: 1.3429190134629607
  landing: 0.889659658074379
  view-data: 3.383506530895829
