times:
  edit-metadata: 1.7530214823782444
  landing: 1.0500101000070572
  view-data: 3.3479483760893345
