times:
  edit-metadata: 1.5777038199594244
  landing: 0.047274406999349594
  view-data: 0.2909223500173539
