times:
  edit-metadata: 1.4903079811483622
  landing: 0.8001410309225321
  view-data: 3.4686966612935066
