times:
  edit-metadata: 2.837224760092795
  landing: 0.021939548663794994
  view-data: 0.02589153964072466
