times:
  edit-metadata: 1.4902458358556032
  landing: 0.30777495447546244
  view-data: 0.30899801943451166
