times:
  edit-metadata: 1.4831680627539754
  landing: 0.31418584380298853
  view-data: 0.31422996055334806
