times:
  landing: 0.5579173599999763
  view-data: 0.559802459000025
