times:
  edit-metadata: 1.4216719660907984
  landing: 0.30558838322758675
  view-data: 0.27854474168270826
