times:
  landing: 0.5555790159999958
  view-data: 0.5644375169999876
