times:
  edit-metadata: 1.637776334071532
  landing: 0.061146526015363634
  view-data: 0.3086011769482866
