times:
  edit-metadata: 2.5362519025802612
  landing: 0.019055748358368874
  view-data: 0.025850849226117134
