times:
  edit-metadata: 2.4538252763450146
  landing: 0.44401998398825526
  view-data: 0.3657781109213829
