times:
  edit-metadata: 1.4851369867101312
  landing: 0.29188875015825033
  view-data: 0.2868524519726634
