times:
  edit-metadata: 3.4166197669692338
  landing: 0.3176198849687353
  view-data: 0.2500167309772223
