times:
  edit-metadata: 4.818236576393247
  landing: 1.1884642988443375
  view-data: 0.5541342254728079
