times:
  landing: 0.7620150889999877
  view-data: 0.5501457469999878
