times:
  edit-metadata: 1.767181544972118
  landing: 0.06156904197996482
  view-data: 0.3088099090382457
