times:
  edit-metadata: 1.5112282363697886
  landing: 0.33645674027502537
  view-data: 0.2995313089340925
