times:
  edit-metadata: 2.623225645162165
  landing: 0.21422655507922173
  view-data: 0.47404028940945864
