times:
  edit-metadata: 1.3855457101017237
  landing: 0.6879932656884193
  view-data: 3.289133794605732
