times:
  edit-metadata: 1.7253045510151424
  landing: 0.04585510800825432
  view-data: 0.2887349979719147
