times:
  edit-metadata: 1.5179074592888355
  landing: 0.9383306466042995
  view-data: 3.3589319176971912
