times:
  edit-metadata: 1.9680939661338925
  landing: 0.06928307702764869
  view-data: 0.5060109850019217
