times:
  landing: 0.7672566749999987
  view-data: 0.5580879460000006
