times:
  edit-metadata: 1.5305968932807446
  landing: 0.8326312154531479
  view-data: 3.280087895691395
