times:
  edit-metadata: 1.3453784550074488
  landing: 0.7535664241295308
  view-data: 3.361760837957263
