times:
  edit-metadata: 2.473048190586269
  landing: 0.022681045345962048
  view-data: 0.023807439021766186
