times:
  edit-metadata: 1.65121366456151
  landing: 0.8900409825146198
  view-data: 3.305327832698822
