times:
  edit-metadata: 3.1957401633262634
  landing: 0.29887140914797783
  view-data: 0.35592718981206417
