times:
  landing: 0.6992981600000121
  view-data: 0.5449973730000011
