times:
  landing: 0.5625222750000205
  view-data: 0.5642516629999932
