times:
  landing: 0.556144737000011
  view-data: 0.5529064120000271
