times:
  edit-metadata: 1.5291681457310915
  landing: 0.828108811751008
  view-data: 3.3134447671473026
