times:
  edit-metadata: 4.682928474619985
  landing: 0.9340329058468342
  view-data: 0.3443105537444353
