times:
  edit-metadata: 2.483988815918565
  landing: 0.02377970516681671
  view-data: 0.027912113815546036
