times:
  landing: 1.1271412830000145
  view-data: 0.5565768160000175
