times:
  edit-metadata: 1.654400758445263
  landing: 1.1773361526429653
  view-data: 3.3708785139024258
