times:
  edit-metadata: 1.5845474320231006
  landing: 0.04920158599270508
  view-data: 0.4011650460015517
