times:
  edit-metadata: 1.5214741621166468
  landing: 0.791740819811821
  view-data: 0.5774842519313097
