times:
  edit-metadata: 2.4025096828117967
  landing: 0.02074076421558857
  view-data: 0.1283550849184394
