times:
  landing: 1.0754293859999962
  view-data: 0.5546900059999871
