times:
  landing: 1.285900915999946
  view-data: 0.5570647370000188
