times:
  edit-metadata: 1.8034865893423557
  landing: 1.2949589751660824
  view-data: 3.4785078167915344
