times:
  edit-metadata: 1.5642097368836403
  landing: 0.9820902664214373
  view-data: 3.3910407572984695
