times:
  edit-metadata: 1.4745634566061199
  landing: 0.30843152897432446
  view-data: 0.2590889846906066
