times:
  edit-metadata: 1.4792300127446651
  landing: 0.8533261604607105
  view-data: 0.5646081194281578
