times:
  edit-metadata: 1.5211718864738941
  landing: 0.8596931137144566
  view-data: 3.334814514964819
