times:
  edit-metadata: 2.4329278860241175
  landing: 0.02118868939578533
  view-data: 0.1266086958348751
