times:
  edit-metadata: 4.6248396802693605
  landing: 2.217886049300432
  view-data: 0.8990983925759792
