times:
  edit-metadata: 1.4960871208459139
  landing: 0.8598463349044323
  view-data: 0.5073896516114473
