times:
  landing: 1.105722845999992
  view-data: 0.5530338760000006
