times:
  edit-metadata: 2.4647297700867057
  landing: 0.020207831636071205
  view-data: 0.118550687097013
