times:
  edit-metadata: 1.8754263492301106
  landing: 0.9085929319262505
  view-data: 0.6829901421442628
