times:
  edit-metadata: 3.3424640521407127
  landing: 0.2929921057075262
  view-data: 0.2522384198382497
