times:
  edit-metadata: 1.6193705890327692
  landing: 1.1651929467916489
  view-data: 3.354185402393341
