times:
  edit-metadata: 6.700746450573206
  landing: 1.1641278881579638
  view-data: 0.5881416313350201
