times:
  edit-metadata: 3.536881159991026
  landing: 0.3094644570082892
  view-data: 0.2510795879934449
