times:
  edit-metadata: 1.5629890089621767
  landing: 0.05032767995726317
  view-data: 0.2838090779259801
