times:
  landing: 1.070677760000308
  view-data: 0.5469546210001681
