times:
  edit-metadata: 1.5492074028588831
  landing: 0.07429733010940254
  view-data: 0.3055494078435004
