times:
  edit-metadata: 2.4597782026976347
  landing: 0.021456656977534294
  view-data: 0.025633204728364944
