times:
  edit-metadata: 4.536938874050975
  landing: 0.8984017185866833
  view-data: 0.39087678119540215
