times:
  edit-metadata: 3.3128562159836292
  landing: 0.3313162559643388
  view-data: 0.257428040727973
