times:
  edit-metadata: 4.80943738669157
  landing: 3.4905030075460672
  view-data: 0.7988763824105263
