times:
  landing: 0.6904370160000042
  view-data: 0.5486259519999805
