times:
  edit-metadata: 4.603244094178081
  landing: 0.7269509583711624
  view-data: 0.35057429410517216
