times:
  edit-metadata: 1.5215795189142227
  landing: 0.8904558084905148
  view-data: 3.4123852625489235
