times:
  edit-metadata: 1.330827555153519
  landing: 0.8752152281813323
  view-data: 0.5499300840310752
