times:
  edit-metadata: 4.666584476828575
  landing: 1.1018755678087473
  view-data: 0.5525339245796204
