times:
  edit-metadata: 1.542590070515871
  landing: 1.0724712498486042
  view-data: 3.3096955232322216
