times:
  edit-metadata: 1.587990955915302
  landing: 0.04890738194808364
  view-data: 0.4328692250419408
