times:
  edit-metadata: 4.771625109016895
  landing: 0.8357583992183208
  view-data: 0.7670286241918802
