times:
  landing: 0.5847601859999827
  view-data: 0.560306632999982
