times:
  edit-metadata: 1.481878458056599
  landing: 0.29641080694273114
  view-data: 0.2498684790916741
