times:
  edit-metadata: 1.408504236023873
  landing: 0.34497380489483476
  view-data: 0.27679967507719994
