times:
  edit-metadata: 1.7768961302936077
  landing: 1.110163901001215
  view-data: 3.3441565111279488
