times:
  edit-metadata: 1.40781319886446
  landing: 0.31759852170944214
  view-data: 0.26367909787222743
