times:
  landing: 0.5478186469999855
  view-data: 0.5539759830000435
