times:
  edit-metadata: 3.3952202829532325
  landing: 0.31140677095390856
  view-data: 0.2528276089578867
