times:
  landing: 0.5592421820000197
  view-data: 0.0691742589999933
