times:
  edit-metadata: 1.5864504463970661
  landing: 0.8740094136446714
  view-data: 0.6394882705062628
