times:
  edit-metadata: 2.706383937969804
  landing: 1.7592366486787796
  view-data: 3.6981986965984106
