times:
  edit-metadata: 1.92014005407691
  landing: 0.08113226713612676
  view-data: 0.3926934110932052
