times:
  edit-metadata: 3.494551789946854
  landing: 0.3275480750016868
  view-data: 0.231151636922732
