times:
  landing: 1.072525062000011
  view-data: 0.5555647119999776
