times:
  edit-metadata: 1.7945249751210213
  landing: 1.0578198321163654
  view-data: 3.3310214690864086
