times:
  edit-metadata: 2.4794915122911334
  landing: 0.021228881552815437
  view-data: 0.09802658576518297
