times:
  edit-metadata: 1.6281499229371548
  landing: 0.06966844806447625
  view-data: 0.27437238581478596
