times:
  edit-metadata: 2.477436540648341
  landing: 0.020291535183787346
  view-data: 0.025013688951730728
