times:
  edit-metadata: 1.6937759667634964
  landing: 1.1400966197252274
  view-data: 3.386093683540821
