times:
  edit-metadata: 1.3798150438815355
  landing: 0.7653339430689812
  view-data: 0.46714454889297485
