times:
  edit-metadata: 2.444347816519439
  landing: 0.020265648141503334
  view-data: 0.02669857256114483
