times:
  edit-metadata: 3.589458089089021
  landing: 0.30961793987080455
  view-data: 0.25036392104811966
