times:
  edit-metadata: 1.4353389563038945
  landing: 0.2999709555879235
  view-data: 0.32977957651019096
