times:
  landing: 1.0884864060000154
  view-data: 0.5652998049999951
