times:
  edit-metadata: 1.4192629870958626
  landing: 0.30907014571130276
  view-data: 0.2501969519071281
