times:
  edit-metadata: 1.6703988150693476
  landing: 0.06561209494248033
  view-data: 0.30077195540070534
