times:
  edit-metadata: 4.617267452180386
  landing: 1.2949538733810186
  view-data: 0.47558325715363026
