times:
  edit-metadata: 2.208425424993038
  landing: 1.492668865248561
  view-data: 3.418230508454144
