times:
  edit-metadata: 3.2863994500075933
  landing: 0.27558811000199057
  view-data: 0.2447737610054901
