times:
  edit-metadata: 3.3811459220014513
  landing: 0.273966621956788
  view-data: 0.2396022470202297
