times:
  landing: 1.1187487899999837
  view-data: 0.5853197190000401
