times:
  landing: 0.7321045670000217
  view-data: 0.5531443620000118
