times:
  edit-metadata: 2.501127532683313
  landing: 0.12353534065186977
  view-data: 0.026713968254625797
