times:
  edit-metadata: 1.3234389582648873
  landing: 0.8548434274271131
  view-data: 0.4595526158809662
