times:
  edit-metadata: 4.6848601792007685
  landing: 1.1450710725039244
  view-data: 0.3969993758946657
