times:
  edit-metadata: 6.5877650529146194
  landing: 0.9587256796658039
  view-data: 0.38656745105981827
