times:
  edit-metadata: 2.4936530645936728
  landing: 0.019178742542862892
  view-data: 0.19962665252387524
