times:
  edit-metadata: 1.5083920857869089
  landing: 0.3133470918983221
  view-data: 0.2641764967702329
