times:
  edit-metadata: 3.060466915369034
  landing: 0.3141546882688999
  view-data: 0.2795977406203747
