times:
  edit-metadata: 2.4505102019757032
  landing: 0.02011043205857277
  view-data: 0.11700958199799061
