times:
  landing: 0.5564732950000462
  view-data: 0.559970313000008
