times:
  edit-metadata: 4.546897564083338
  landing: 1.2477093394845724
  view-data: 0.4956726096570492
