times:
  landing: 1.0657755909487605
  view-data: 0.5515623961109668
