times:
  landing: 0.5493616899999836
  view-data: 0.5558422490000225
