times:
  edit-metadata: 3.588120419997722
  landing: 0.3483933440875262
  view-data: 0.26522636297158897
