times:
  edit-metadata: 1.3992594946175814
  landing: 0.7202038522809744
  view-data: 0.5285668149590492
