times:
  edit-metadata: 4.696955528110266
  landing: 0.8581616766750813
  view-data: 0.36670604906976223
