times:
  edit-metadata: 1.489794796332717
  landing: 0.30628024600446224
  view-data: 0.2955112373456359
