times:
  landing: 0.5663511320000225
  view-data: 0.5619290629999796
