times:
  edit-metadata: 1.4240182526409626
  landing: 0.7724235486239195
  view-data: 3.4447947004809976
