times:
  edit-metadata: 1.6975897662341595
  landing: 1.4290846846997738
  view-data: 3.371834084391594
