times:
  edit-metadata: 4.154527448117733
  landing: 0.28743438492529094
  view-data: 0.28107819613069296
