times:
  landing: 0.5491967879999891
  view-data: 0.5591831600000035
