times:
  edit-metadata: 1.5353833781555295
  landing: 0.06663971906527877
  view-data: 0.3067725831642747
