times:
  landing: 0.5493198010000242
  view-data: 0.5478705859999877
