times:
  landing: 1.0910987220000266
  view-data: 0.5609650229999943
