times:
  edit-metadata: 1.4399443031288683
  landing: 0.29503612918779254
  view-data: 0.29261177126318216
