times:
  edit-metadata: 3.877781630028039
  landing: 0.2597179748117924
  view-data: 0.2631676981691271
