times:
  edit-metadata: 1.627847919240594
  landing: 0.815810477361083
  view-data: 3.4207456335425377
