times:
  edit-metadata: 1.6613104669377208
  landing: 0.3762990888208151
  view-data: 0.3872586600482464
