times:
  edit-metadata: 2.469183063134551
  landing: 0.019687081687152386
  view-data: 0.12112697213888168
