times:
  edit-metadata: 2.4722779346629977
  landing: 0.11902522668242455
  view-data: 0.12009861972182989
