times:
  edit-metadata: 1.5874590836465359
  landing: 0.7562255766242743
  view-data: 3.316345302388072
