times:
  edit-metadata: 2.4496728256344795
  landing: 0.021931253373622894
  view-data: 0.11741743050515652
