times:
  edit-metadata: 2.024530913680792
  landing: 0.10504145408049226
  view-data: 0.3545377589762211
