times:
  landing: 0.5818498290000207
  view-data: 0.5579595379999773
