times:
  edit-metadata: 4.1316448748111725
  landing: 0.29586922004818916
  view-data: 0.32871996611356735
