times:
  edit-metadata: 1.4340698891319335
  landing: 0.3124954579398036
  view-data: 0.25837957486510277
