times:
  edit-metadata: 1.429174143821001
  landing: 0.7841052012518048
  view-data: 0.5196783607825637
