times:
  edit-metadata: 1.4969934402033687
  landing: 0.31317221000790596
  view-data: 0.2895841049030423
