times:
  edit-metadata: 1.6936689970025327
  landing: 0.06488329399144277
  view-data: 0.2795764720067382
