times:
  edit-metadata: 1.4399710530415177
  landing: 0.3141792118549347
  view-data: 0.2527992120012641
