times:
  edit-metadata: 3.358401068020612
  landing: 0.29966025589965284
  view-data: 0.24065180798061192
