times:
  edit-metadata: 2.453974557109177
  landing: 0.019642917439341545
  view-data: 0.02267408464103937
