times:
  edit-metadata: 5.963150609284639
  landing: 0.8154223244637251
  view-data: 0.27574183605611324
