times:
  landing: 0.8808428140000615
  view-data: 0.5651733280000144
