times:
  landing: 0.5639982179999947
  view-data: 0.5575645039999984
