times:
  edit-metadata: 1.4166042990982533
  landing: 0.9408227987587452
  view-data: 3.4270114973187447
