times:
  edit-metadata: 2.444034779444337
  landing: 0.020191450603306293
  view-data: 0.4831132907420397
