times:
  edit-metadata: 1.527890145778656
  landing: 0.9682875238358974
  view-data: 3.3493473045527935
