times:
  edit-metadata: 4.642334690317512
  landing: 0.9797492790967226
  view-data: 0.5712768528610468
