times:
  edit-metadata: 4.599020145833492
  landing: 0.3167630732059479
  view-data: 0.37393857166171074
