times:
  edit-metadata: 1.4327065851539373
  landing: 0.30876171635463834
  view-data: 0.2516480376943946
