times:
  edit-metadata: 1.426392637193203
  landing: 0.8837489299476147
  view-data: 0.6024060193449259
