times:
  edit-metadata: 3.3008065259782597
  landing: 0.36838741597603075
  view-data: 0.23608534198137932
