times:
  edit-metadata: 1.6420985609292984
  landing: 1.014089472591877
  view-data: 3.3994356766343117
