times:
  landing: 0.7646343090000016
  view-data: 0.5542170649999889
