times:
  landing: 0.5562911859999815
  view-data: 0.5576835010000138
