times:
  edit-metadata: 2.977287503000298
  landing: 0.32028857200020866
  view-data: 0.26975091100030113
