times:
  edit-metadata: 4.218231488019228
  landing: 0.2898789383471012
  view-data: 0.3209466338157654
