times:
  landing: 0.5649197330000106
  view-data: 0.5583841549999988
