times:
  edit-metadata: 1.4345368836075068
  landing: 0.8156672455370426
  view-data: 3.3062652200460434
