times:
  edit-metadata: 1.5574636299861595
  landing: 0.06613960396498442
  view-data: 0.2794259119546041
