times:
  landing: 1.100821921999966
  view-data: 0.5610767219999957
