times:
  edit-metadata: 4.098248291760683
  landing: 0.2910528592765331
  view-data: 0.3144636005163193
