times:
  edit-metadata: 1.4786562602967024
  landing: 0.3084397679194808
  view-data: 0.26993244141340256
