times:
  edit-metadata: 1.5902563240379095
  landing: 0.07138875685632229
  view-data: 0.28536152793094516
