times:
  edit-metadata: 3.4412120999768376
  landing: 0.3099639257416129
  view-data: 0.24967866763472557
