times:
  edit-metadata: 1.5775429519999307
  landing: 0.05158960001426749
  view-data: 0.3955508390208706
