times:
  landing: 1.7242517601698637
  view-data: 0.031405344139784575
