times:
  edit-metadata: 2.5158448172733188
  landing: 0.022314918227493763
  view-data: 0.56328618619591
