times:
  edit-metadata: 2.4443343123421073
  landing: 0.024264446459710598
  view-data: 0.025383473373949528
