times:
  edit-metadata: 1.4243851974606514
  landing: 1.063237126916647
  view-data: 3.352265164256096
