times:
  landing: 1.2497793029999968
  view-data: 0.5555806320000158
