times:
  edit-metadata: 1.9236250729300082
  landing: 0.11039508692920208
  view-data: 0.36596562806516886
