times:
  edit-metadata: 2.4261437617242336
  landing: 0.021831494756042957
  view-data: 0.026076188310980797
