times:
  edit-metadata: 1.7057607136666775
  landing: 1.0223119799047709
  view-data: 3.328486278653145
