times:
  edit-metadata: 1.8134082593023777
  landing: 1.260575145483017
  view-data: 3.34299149364233
