times:
  edit-metadata: 1.3701667711138725
  landing: 0.7882971037179232
  view-data: 3.3864991813898087
