times:
  landing: 1.0691683769999827
  view-data: 0.06147159099998589
