times:
  edit-metadata: 3.3546839948976412
  landing: 0.28937515593133867
  view-data: 0.2372071979334578
