times:
  edit-metadata: 1.8164785718545318
  landing: 0.0688344668596983
  view-data: 0.4137707338668406
