times:
  edit-metadata: 3.023348653689027
  landing: 1.3572526015341282
  view-data: 3.680088729597628
