times:
  edit-metadata: 2.5690326876938343
  landing: 0.02263907715678215
  view-data: 0.027926448732614517
