times:
  edit-metadata: 3.40567948698299
  landing: 0.2843439110147301
  view-data: 0.24419033899903297
