times:
  edit-metadata: 3.3868951179319993
  landing: 0.30850386002566665
  view-data: 0.23584277392365038
