times:
  landing: 0.7690558440000359
  view-data: 0.5543066559999943
