times:
  edit-metadata: 1.4683229746297002
  landing: 0.30994522431865335
  view-data: 0.25173949589952826
