times:
  edit-metadata: 1.6007127836346626
  landing: 0.7499258257448673
  view-data: 3.3795785531401634
