times:
  edit-metadata: 1.4508489379659295
  landing: 0.2928625172935426
  view-data: 0.2801442421041429
