times:
  edit-metadata: 1.3766639549285173
  landing: 0.6951898355036974
  view-data: 0.469487976282835
