times:
  landing: 0.6955330220000633
  view-data: 0.5442899860000807
