times:
  edit-metadata: 1.5771653652191162
  landing: 0.9069034457206726
  view-data: 3.3079870119690895
