times:
  edit-metadata: 6.045700907940045
  landing: 0.6546584628522396
  view-data: 0.47562266094610095
