times:
  edit-metadata: 1.616651983000338
  landing: 0.047242340981028974
  view-data: 0.38789881102275103
