times:
  landing: 0.5480298479999988
  view-data: 0.554163439999968
