times:
  edit-metadata: 1.6448557320982218
  landing: 0.07126768073067069
  view-data: 0.2800298989750445
