times:
  edit-metadata: 1.6549064519931562
  landing: 0.06541843496961519
  view-data: 0.29438279301393777
