times:
  edit-metadata: 1.682031917385757
  landing: 0.3238486251793802
  view-data: 0.2419278221204877
