times:
  edit-metadata: 1.402936773840338
  landing: 0.3118401560932398
  view-data: 0.24868135573342443
