times:
  edit-metadata: 6.091497398912907
  landing: 1.120316967368126
  view-data: 0.400239460170269
