times:
  edit-metadata: 3.3514847848564386
  landing: 0.30862655816599727
  view-data: 0.2559622600674629
