times:
  landing: 0.7091289220000192
  view-data: 0.5469984019999856
