times:
  edit-metadata: 4.47843536362052
  landing: 0.9633477367460728
  view-data: 0.4358151778578758
