times:
  edit-metadata: 3.475958263967186
  landing: 0.29990222200285643
  view-data: 0.24061678897123784
