times:
  edit-metadata: 2.5718830106779933
  landing: 1.200163796544075
  view-data: 3.6156451450660825
