times:
  landing: 1.0720818270000052
  view-data: 0.5575200490000043
