times:
  landing: 1.2991882210000085
  view-data: 0.5560084370000027
