times:
  edit-metadata: 1.4798611048609018
  landing: 0.3078270461410284
  view-data: 0.2818321641534567
