times:
  edit-metadata: 1.6099381782114506
  landing: 1.2171960845589638
  view-data: 3.384441811591387
