times:
  landing: 1.060335207999998
  view-data: 0.5478150339999956
