times:
  edit-metadata: 1.3862223085016012
  landing: 0.8593641202896833
  view-data: 3.395163670182228
