times:
  landing: 1.0775540170000113
  view-data: 0.5668594050000024
