times:
  edit-metadata: 4.535328706726432
  landing: 0.2964940723031759
  view-data: 0.36401481181383133
