times:
  landing: 0.5474523809998573
  view-data: 0.5487436739999794
