times:
  landing: 0.7898258580000856
  view-data: 0.5510075410001036
