times:
  landing: 0.7294271450000451
  view-data: 0.5592260710000119
