times:
  edit-metadata: 4.540796507149935
  landing: 1.1906545460224152
  view-data: 0.3458315245807171
