times:
  landing: 0.7468684450000183
  view-data: 0.5532615260000284
