times:
  edit-metadata: 1.9705329639837146
  landing: 0.08366083819419146
  view-data: 0.38191756419837475
