times:
  landing: 0.7476028539999788
  view-data: 0.5563755410000795
