times:
  edit-metadata: 1.4639145866967738
  landing: 0.31857377104461193
  view-data: 0.2661107541061938
