times:
  landing: 0.5549071739999931
  view-data: 0.558830601000011
