times:
  landing: 0.7391492109999263
  view-data: 0.5548045379999849
