times:
  edit-metadata: 3.4348553570453078
  landing: 0.28238100511953235
  view-data: 0.2506846629548818
