times:
  edit-metadata: 3.324544098926708
  landing: 0.3082094370620325
  view-data: 0.2568824900081381
