times:
  edit-metadata: 2.473243241198361
  landing: 0.19166674092411995
  view-data: 0.12702056020498276
