times:
  edit-metadata: 1.6070568086579442
  landing: 0.2857954865321517
  view-data: 0.2675052611157298
