times:
  edit-metadata: 1.9541535461321473
  landing: 0.135320995002985
  view-data: 0.37063366873189807
