times:
  edit-metadata: 2.5971494279801846
  landing: 1.738537447527051
  view-data: 3.561343970708549
