times:
  edit-metadata: 4.64534617960453
  landing: 0.9755656160414219
  view-data: 0.4375644847750664
