times:
  landing: 1.0761189429999831
  view-data: 0.5553902160000348
