times:
  edit-metadata: 1.4825493027456105
  landing: 0.29418220231309533
  view-data: 0.25727558601647615
