times:
  landing: 1.0662644959999739
  view-data: 0.5519167159999938
