times:
  landing: 1.068734759999984
  view-data: 0.5556964549999748
