times:
  edit-metadata: 1.4673101864755154
  landing: 0.7403856590390205
  view-data: 3.3089163079857826
