times:
  edit-metadata: 1.4769332110881805
  landing: 0.7237626239657402
  view-data: 3.297041490674019
