times:
  edit-metadata: 1.4810039061121643
  landing: 0.31163025880232453
  view-data: 0.31279547419399023
