times:
  edit-metadata: 6.279163870960474
  landing: 1.6587096191942692
  view-data: 0.6274799890816212
