times:
  edit-metadata: 1.4122358532622457
  landing: 1.0454795407131314
  view-data: 3.378167625516653
