times:
  edit-metadata: 2.4892002772539854
  landing: 0.020349756814539433
  view-data: 0.02557802014052868
