times:
  edit-metadata: 1.565217275870964
  landing: 0.05289560416713357
  view-data: 0.4333387650549412
