times:
  edit-metadata: 2.4349367888644338
  landing: 0.1957124937325716
  view-data: 0.025895087979733944
