times:
  edit-metadata: 1.4814527705311775
  landing: 0.9765102341771126
  view-data: 3.3340227231383324
