times:
  edit-metadata: 6.063850989565253
  landing: 0.8223532475531101
  view-data: 0.2538994736969471
