times:
  edit-metadata: 4.027415111660957
  landing: 0.33136364445090294
  view-data: 0.32407187297940254
