times:
  landing: 1.0759531639999977
  view-data: 0.5676794069999858
