times:
  edit-metadata: 4.2802264778874815
  landing: 0.30464864196255803
  view-data: 0.30632767314091325
