times:
  edit-metadata: 1.3998815901577473
  landing: 1.0888294652104378
  view-data: 3.2976332381367683
