times:
  landing: 0.9013675459998467
  view-data: 0.5571440750002239
