times:
  edit-metadata: 1.64713637100067
  landing: 0.06242123094853014
  view-data: 0.31823344295844436
