times:
  edit-metadata: 4.115022614598274
  landing: 0.2597377821803093
  view-data: 0.31219590827822685
