times:
  edit-metadata: 4.137701641768217
  landing: 0.29552848637104034
  view-data: 0.3211729824542999
