times:
  landing: 1.0746663580000018
  view-data: 0.5666284910000172
