times:
  edit-metadata: 6.256678748875856
  landing: 0.8352603893727064
  view-data: 0.27771236933767796
