times:
  edit-metadata: 1.6650348239345476
  landing: 0.0593905980931595
  view-data: 0.2907752200262621
