times:
  edit-metadata: 3.5278343190439045
  landing: 0.3087314101867378
  view-data: 0.24171382491476834
