times:
  landing: 1.2254855650000138
  view-data: 0.5462483809999981
