times:
  edit-metadata: 1.363181784749031
  landing: 0.7842716220766306
  view-data: 0.5320069883018732
