times:
  landing: 0.7386921450000727
  view-data: 0.5556731479999826
