times:
  edit-metadata: 1.68557732924819
  landing: 1.0695290304720402
  view-data: 3.3858091309666634
