times:
  edit-metadata: 1.5659046350046992
  landing: 0.06315063312649727
  view-data: 0.3186680858489126
