times:
  edit-metadata: 2.416895438916981
  landing: 0.021755466237664223
  view-data: 0.11704745888710022
