times:
  edit-metadata: 4.5352294240146875
  landing: 0.865401852875948
  view-data: 0.3301477562636137
