times:
  edit-metadata: 1.4897396164014935
  landing: 0.3653212394565344
  view-data: 0.2765458021312952
