times:
  edit-metadata: 1.5501998071558774
  landing: 0.05077264900319278
  view-data: 0.2972823209129274
