times:
  edit-metadata: 1.2938262890093029
  landing: 0.8718800470232964
  view-data: 0.6826971070840955
