times:
  edit-metadata: 1.5125277191400528
  landing: 0.8612720668315887
  view-data: 3.326035127043724
