times:
  edit-metadata: 2.4401416266337037
  landing: 0.020255419425666332
  view-data: 0.02597799152135849
