times:
  edit-metadata: 4.113801132887602
  landing: 0.30948979780077934
  view-data: 0.3183732107281685
