times:
  edit-metadata: 1.4469858296215534
  landing: 0.9171067699790001
  view-data: 3.322154648602009
