times:
  edit-metadata: 1.4957721382379532
  landing: 0.748515609651804
  view-data: 3.4296441189944744
