times:
  edit-metadata: 1.6100867986679077
  landing: 1.2728037051856518
  view-data: 3.3790696300566196
