times:
  edit-metadata: 1.8385260228533298
  landing: 1.1333164770621806
  view-data: 3.3568132661748677
