times:
  landing: 1.1274682610000184
  view-data: 1.0771215560000087
