times:
  edit-metadata: 3.4750968189910054
  landing: 0.30726346792653203
  view-data: 0.24897319404408336
