times:
  landing: 1.101974800999983
  view-data: 0.5520872650000115
