times:
  edit-metadata: 1.4180913870222867
  landing: 0.2851543668657541
  view-data: 0.25756932934746146
