times:
  edit-metadata: 4.1002323515713215
  landing: 0.27667349576950073
  view-data: 0.32261861488223076
