times:
  edit-metadata: 4.632991336286068
  landing: 0.8723409865051508
  view-data: 0.43079847656190395
