times:
  edit-metadata: 3.534028684021905
  landing: 0.321169362985529
  view-data: 0.24106152809690684
