times:
  edit-metadata: 1.427451716735959
  landing: 1.2278381437063217
  view-data: 0.6207820195704699
