times:
  landing: 0.7476666480000631
  view-data: 0.5579647979999436
