times:
  edit-metadata: 1.2429827931337059
  landing: 0.9213146143592894
  view-data: 3.4247539611533284
