times:
  edit-metadata: 1.4716457966715097
  landing: 0.9050335474312305
  view-data: 3.371206535026431
