times:
  landing: 0.7349333459999343
  view-data: 0.550843685000018
