times:
  edit-metadata: 1.3957447540014982
  landing: 0.7864063791930676
  view-data: 3.351332487538457
