times:
  edit-metadata: 1.4580725589767098
  landing: 0.3284163740463555
  view-data: 0.25904198503121734
