times:
  edit-metadata: 1.6751149899791926
  landing: 0.08951340499334037
  view-data: 0.4536779560148716
