times:
  edit-metadata: 3.348731709003914
  landing: 0.2719892750028521
  view-data: 0.24916320404736325
