times:
  edit-metadata: 1.43094670958817
  landing: 0.7364622689783573
  view-data: 3.3631864553317428
