times:
  edit-metadata: 4.5904705207794905
  landing: 0.30452701076865196
  view-data: 0.3541010208427906
