times:
  edit-metadata: 1.4169777072966099
  landing: 0.9624767228960991
  view-data: 3.4757925793528557
