times:
  landing: 0.7328713890000245
  view-data: 0.5520539150000161
