times:
  edit-metadata: 4.637040505185723
  landing: 0.8938569724559784
  view-data: 0.4479543697088957
