times:
  edit-metadata: 1.437458846718073
  landing: 0.8111223019659519
  view-data: 3.318414866924286
