times:
  edit-metadata: 1.676834724843502
  landing: 1.0089212395250797
  view-data: 3.2946135364472866
