times:
  edit-metadata: 6.500305315479636
  landing: 0.9461217969655991
  view-data: 0.32129604555666447
