times:
  edit-metadata: 1.5787346719298512
  landing: 0.05171631299890578
  view-data: 0.3015609940048307
