times:
  edit-metadata: 2.4443144518882036
  landing: 0.020351615734398365
  view-data: 0.026908143423497677
