times:
  landing: 1.088655913000025
  view-data: 0.5598126520000051
