times:
  edit-metadata: 2.4390158988535404
  landing: 0.021646675653755665
  view-data: 0.12238616496324539
