times:
  landing: 0.559523511000009
  view-data: 0.5622379270000124
