times:
  landing: 0.5500521669996488
  view-data: 0.5573496110000633
