times:
  edit-metadata: 3.2779650510055944
  landing: 0.37897866091225296
  view-data: 0.23693912895396352
