times:
  edit-metadata: 1.729280537001614
  landing: 0.10219706099451287
  view-data: 0.2883663519969559
