times:
  edit-metadata: 1.481445748358965
  landing: 0.31564241042360663
  view-data: 0.2589125628583133
