times:
  landing: 1.316693110000017
  view-data: 0.5590950030000386
