times:
  edit-metadata: 2.457453276962042
  landing: 0.019976956769824028
  view-data: 0.4349572090432048
