times:
  edit-metadata: 2.496988723985851
  landing: 0.022751443088054657
  view-data: 0.10455319751054049
