times:
  landing: 0.785890237000018
  view-data: 0.5595578719999992
