times:
  landing: 0.5537735739999903
  view-data: 0.5540248749999819
