times:
  edit-metadata: 1.3512490941211581
  landing: 0.9084002636373043
  view-data: 3.2835003845393658
