times:
  edit-metadata: 4.733655329793692
  landing: 0.8680950235575438
  view-data: 0.4187238682061434
