times:
  edit-metadata: 4.619288852438331
  landing: 0.8162048738449812
  view-data: 0.7901455983519554
