times:
  edit-metadata: 4.14796094596386
  landing: 0.29770053178071976
  view-data: 0.31036828830838203
