times:
  edit-metadata: 4.584295228123665
  landing: 0.7594452314078808
  view-data: 0.32391435094177723
