times:
  edit-metadata: 3.665696479845792
  landing: 0.30671488400548697
  view-data: 0.2455031438730657
