times:
  landing: 0.7109873720000053
  view-data: 0.5457816500000092
