times:
  landing: 0.5448469469999964
  view-data: 0.5513313900000014
