times:
  edit-metadata: 1.430757813155651
  landing: 0.299745406024158
  view-data: 0.3930205563083291
