times:
  edit-metadata: 1.4001224674284458
  landing: 0.8946378715336323
  view-data: 3.3734686076641083
