times:
  edit-metadata: 1.534570821095258
  landing: 0.08038353896699846
  view-data: 0.28375328599940985
