times:
  edit-metadata: 1.3755835443735123
  landing: 0.9387598894536495
  view-data: 3.3870218135416508
