times:
  edit-metadata: 4.127986509352922
  landing: 0.31502682715654373
  view-data: 0.31007106602191925
