times:
  landing: 0.5429442100000301
  view-data: 0.548683541999992
