times:
  edit-metadata: 1.733330309856683
  landing: 0.35327130230143666
  view-data: 0.26624584197998047
