times:
  landing: 1.0719443309999974
  view-data: 1.6009009469999853
