times:
  edit-metadata: 1.6329046019818634
  landing: 0.0743823439697735
  view-data: 0.38835169398225844
