times:
  edit-metadata: 2.4628857150673866
  landing: 0.022882897406816483
  view-data: 0.02512464113533497
