times:
  edit-metadata: 2.502583174034953
  landing: 0.11574312392622232
  view-data: 0.19504148233681917
