times:
  edit-metadata: 3.573678437853232
  landing: 0.3142077340744436
  view-data: 0.27583110914565623
