times:
  edit-metadata: 2.3918932443484664
  landing: 0.020745685324072838
  view-data: 0.02618391625583172
