times:
  edit-metadata: 3.3017778081120923
  landing: 0.28681502491235733
  view-data: 0.24001588905230165
