times:
  edit-metadata: 1.5131194503046572
  landing: 0.36482218094170094
  view-data: 0.26332123996689916
