times:
  edit-metadata: 1.5319208321161568
  landing: 0.052404406014829874
  view-data: 0.3008294962346554
