times:
  edit-metadata: 2.511489658616483
  landing: 0.022187137976288795
  view-data: 0.10363789834082127
