times:
  landing: 1.0706676830000106
  view-data: 0.5577696999999944
