times:
  landing: 0.5530148278921843
  view-data: 0.551017401739955
