times:
  edit-metadata: 1.8924379479140043
  landing: 0.07607757300138474
  view-data: 0.2979904590174556
