times:
  edit-metadata: 2.498865203000605
  landing: 0.022353664971888065
  view-data: 0.09773525036871433
