times:
  edit-metadata: 1.6109957459848374
  landing: 0.8028460391797125
  view-data: 3.2788653469178826
