times:
  edit-metadata: 3.35975792305544
  landing: 0.2907657600007951
  view-data: 0.24978007469326258
