times:
  edit-metadata: 1.6328608929907205
  landing: 0.050202144993818365
  view-data: 0.4466679170000134
