times:
  edit-metadata: 3.3678837369952817
  landing: 0.3035297319875099
  view-data: 0.2434408589906525
