times:
  edit-metadata: 1.7433227859437466
  landing: 1.1734691001474857
  view-data: 3.368479046970606
