times:
  edit-metadata: 1.4461491396650672
  landing: 0.3118566581979394
  view-data: 0.2592224134132266
