times:
  edit-metadata: 4.100410133600235
  landing: 0.3203602284193039
  view-data: 0.33583151921629906
