times:
  edit-metadata: 4.0821049846708775
  landing: 0.2952314764261246
  view-data: 0.3205879405140877
