times:
  landing: 0.7439220510000268
  view-data: 0.5542635670000209
