times:
  landing: 0.5528361080000082
  view-data: 0.5494181689999778
