times:
  landing: 0.5595772730000022
  view-data: 0.559626972999979
