times:
  edit-metadata: 4.105051629245281
  landing: 0.2888651229441166
  view-data: 0.3202767036855221
