times:
  edit-metadata: 4.317728016525507
  landing: 0.8615737631917
  view-data: 0.7601644117385149
