times:
  edit-metadata: 1.4662708998657763
  landing: 0.32991065410897136
  view-data: 0.24770046677440405
