times:
  edit-metadata: 1.6736223176121712
  landing: 1.0643668919801712
  view-data: 3.347192920744419
