times:
  edit-metadata: 4.148866463452578
  landing: 0.30296483635902405
  view-data: 0.3248146176338196
