times:
  edit-metadata: 4.750736527144909
  landing: 0.331903537735343
  view-data: 0.4547807238996029
