times:
  edit-metadata: 4.586313480511308
  landing: 1.0023614093661308
  view-data: 0.44833322800695896
