times:
  landing: 0.7882213460000003
  view-data: 0.5624401710000484
