times:
  edit-metadata: 1.544935915619135
  landing: 1.0483165383338928
  view-data: 0.5559554919600487
