times:
  edit-metadata: 1.7026939480565488
  landing: 0.983454737928696
  view-data: 3.3057366020511836
