times:
  edit-metadata: 2.459722464904189
  landing: 0.021329344250261784
  view-data: 0.12054637633264065
