times:
  edit-metadata: 1.6680398099124432
  landing: 1.262639220803976
  view-data: 3.3701057583093643
