times:
  edit-metadata: 1.5606551859527826
  landing: 0.05706059490330517
  view-data: 0.43858097796328366
