times:
  edit-metadata: 4.72819591127336
  landing: 0.9258475862443447
  view-data: 0.5840109139680862
