times:
  edit-metadata: 1.5707650962285697
  landing: 0.2615956347435713
  view-data: 0.2816246831789613
