times:
  edit-metadata: 1.4320553205907345
  landing: 0.7228455971926451
  view-data: 0.6118118334561586
