times:
  edit-metadata: 2.515603474341333
  landing: 0.13068783842027187
  view-data: 0.11279036663472652
