times:
  edit-metadata: 1.3701669462025166
  landing: 0.7183565832674503
  view-data: 0.490978442132473
