times:
  edit-metadata: 1.4517178684473038
  landing: 0.8881736360490322
  view-data: 3.3440327011048794
