times:
  landing: 0.5777807709999934
  view-data: 0.5563938240000255
