times:
  landing: 0.7531750640000041
  view-data: 0.5631436259999987
