times:
  edit-metadata: 1.874961982946843
  landing: 0.9933335100067779
  view-data: 0.6289245779626071
