times:
  edit-metadata: 1.4140867628157139
  landing: 0.8245820011943579
  view-data: 0.607807238586247
