times:
  edit-metadata: 4.11290580034256
  landing: 0.2882079742848873
  view-data: 0.3223443031311035
