times:
  edit-metadata: 1.4718179847113788
  landing: 0.32647129613906145
  view-data: 0.28285208623856306
