times:
  edit-metadata: 3.487244443036616
  landing: 0.30443081515841186
  view-data: 0.24318212387152016
