times:
  edit-metadata: 1.508091764524579
  landing: 0.9023124352097511
  view-data: 0.5237364787608385
