times:
  edit-metadata: 4.202785719186068
  landing: 0.29918188229203224
  view-data: 0.3248465470969677
