times:
  landing: 0.5550255710000442
  view-data: 0.5626984159999893
