times:
  edit-metadata: 4.662042988464236
  landing: 1.3862215429544449
  view-data: 0.7517115324735641
