times:
  edit-metadata: 1.3827223684638739
  landing: 0.7710085501894355
  view-data: 3.430513020604849
