times:
  edit-metadata: 3.455628716154024
  landing: 0.2918339679017663
  view-data: 0.26060524792410433
