times:
  edit-metadata: 1.4658147022128105
  landing: 0.733652587980032
  view-data: 0.5241986438632011
