times:
  landing: 0.5487410300000022
  view-data: 0.5521837489999939
