times:
  edit-metadata: 4.203611131757498
  landing: 0.33429743722081184
  view-data: 0.3318646140396595
