times:
  landing: 0.5556411649999973
  view-data: 0.5776956149999819
