times:
  edit-metadata: 1.554016707930714
  landing: 0.05654725804924965
  view-data: 0.29527088021859527
