times:
  edit-metadata: 4.596329173073173
  landing: 0.29695306718349457
  view-data: 0.3958408646285534
