times:
  edit-metadata: 6.068385919556022
  landing: 1.0545499194413424
  view-data: 0.42335935309529305
