times:
  edit-metadata: 1.4057320971041918
  landing: 0.8263721782714128
  view-data: 0.6686653681099415
