times:
  edit-metadata: 1.7715133763849735
  landing: 1.0782093107700348
  view-data: 3.3744775354862213
