times:
  edit-metadata: 1.2915563008282334
  landing: 0.7775590689852834
  view-data: 0.5632920910138637
