times:
  edit-metadata: 1.3484164441470057
  landing: 0.7669238180387765
  view-data: 0.6446334519423544
