times:
  edit-metadata: 1.4603973887860775
  landing: 0.78964464366436
  view-data: 0.5533898286521435
