times:
  edit-metadata: 1.5302824811078608
  landing: 0.08251246181316674
  view-data: 0.2974420911632478
