times:
  edit-metadata: 1.5329329976812005
  landing: 0.0457202703692019
  view-data: 0.2949224249459803
