times:
  edit-metadata: 1.442557831760496
  landing: 1.2905201260000467
  view-data: 3.5439430652186275
