times:
  edit-metadata: 2.387215019999985
  landing: 0.07199540700003126
  view-data: 0.5773617029999514
