times:
  landing: 0.5610686219999934
  view-data: 0.5694836819999978
