times:
  edit-metadata: 1.4616086180321872
  landing: 0.30383001593872905
  view-data: 0.2792597380466759
