times:
  landing: 0.7180879740000137
  view-data: 0.5471168800000044
