times:
  edit-metadata: 2.4801655281335115
  landing: 0.2231209259480238
  view-data: 0.1215504202991724
