times:
  edit-metadata: 3.5381088119465858
  landing: 0.2936830138787627
  view-data: 0.278581019025296
