times:
  edit-metadata: 5.986197300255299
  landing: 0.8094184435904026
  view-data: 0.6603014245629311
