times:
  edit-metadata: 4.0454292967915535
  landing: 0.2962944507598877
  view-data: 0.326242383569479
