times:
  edit-metadata: 1.6551354029215872
  landing: 0.05957985098939389
  view-data: 0.3277092679636553
