times:
  edit-metadata: 4.597771879285574
  landing: 1.4962504860013723
  view-data: 0.5296079963445663
