times:
  edit-metadata: 1.4223583405837417
  landing: 0.3088299259543419
  view-data: 0.29603900853544474
