times:
  edit-metadata: 1.3586887980345637
  landing: 0.8231081918347627
  view-data: 3.362083792919293
