times:
  edit-metadata: 1.567156258970499
  landing: 0.7990671470761299
  view-data: 3.4300157986581326
