times:
  edit-metadata: 1.5380664663389325
  landing: 0.30756179708987474
  view-data: 0.28320433758199215
