times:
  edit-metadata: 1.60930497944355
  landing: 0.9560972824692726
  view-data: 3.4055093601346016
