times:
  edit-metadata: 1.4696026961319149
  landing: 0.30624926928430796
  view-data: 0.26323655201122165
