times:
  edit-metadata: 3.484869359061122
  landing: 0.274768898030743
  view-data: 0.2461661270353943
