times:
  edit-metadata: 1.8056862652301788
  landing: 1.209536373615265
  view-data: 3.4085528664290905
