times:
  edit-metadata: 4.5166266690939665
  landing: 0.9796986170113087
  view-data: 0.35726749524474144
