times:
  edit-metadata: 1.6177307963371277
  landing: 0.8958730548620224
  view-data: 3.3101479709148407
