times:
  edit-metadata: 1.4412708971649408
  landing: 0.8288241419941187
  view-data: 3.319367928430438
