times:
  edit-metadata: 3.559925112174824
  landing: 0.30536540201865137
  view-data: 0.24862572690472007
