times:
  edit-metadata: 1.618692608550191
  landing: 1.0140862427651882
  view-data: 0.5742138680070639
