times:
  edit-metadata: 1.7260727969987784
  landing: 0.06972333499288652
  view-data: 0.4013027519977186
