times:
  edit-metadata: 2.468489669263363
  landing: 0.02042451035231352
  view-data: 0.0264419075101614
