times:
  edit-metadata: 2.493243814446032
  landing: 0.020979324355721474
  view-data: 0.024081059731543064
