times:
  edit-metadata: 1.4967817161232233
  landing: 0.7228119596838951
  view-data: 3.311527445912361
