times:
  edit-metadata: 1.4249832718633115
  landing: 0.31539325416088104
  view-data: 0.2737079937942326
