times:
  edit-metadata: 1.920519221574068
  landing: 1.4414458386600018
  view-data: 3.3875411972403526
