times:
  edit-metadata: 2.497250083833933
  landing: 0.020040875300765038
  view-data: 0.11831023450940847
