times:
  landing: 0.5522938599999918
  view-data: 0.5585492650000106
