times:
  edit-metadata: 2.0277962549589574
  landing: 0.8423815309070051
  view-data: 3.5059167463332415
