times:
  edit-metadata: 1.6422918140001457
  landing: 0.06139678899990031
  view-data: 0.3208411220002745
