times:
  edit-metadata: 2.4648236529901624
  landing: 0.02091346215456724
  view-data: 0.11907625384628773
