times:
  edit-metadata: 1.5197320878505707
  landing: 1.0345252640545368
  view-data: 3.4354740902781487
