times:
  edit-metadata: 1.3602588968351483
  landing: 0.8042921428568661
  view-data: 0.46917226794175804
