times:
  edit-metadata: 1.4736763648688793
  landing: 0.3257475686259568
  view-data: 0.27203726628795266
