times:
  edit-metadata: 1.9481428787112236
  landing: 1.5348363425582647
  view-data: 3.5672378642484546
