times:
  landing: 0.7713940150000553
  view-data: 0.5532215869999391
