times:
  edit-metadata: 3.4730234080925584
  landing: 0.3027198938652873
  view-data: 0.24897080333903432
