times:
  edit-metadata: 4.6323027070611715
  landing: 1.3211425300687551
  view-data: 0.3521810229867697
