times:
  landing: 1.0902472139999873
  view-data: 0.5594574389999707
