times:
  edit-metadata: 4.218346931040287
  landing: 0.29789453372359276
  view-data: 0.31227246299386024
