times:
  landing: 0.5534690130000399
  view-data: 0.5554660450000029
