times:
  edit-metadata: 1.4532399512827396
  landing: 0.9440759643912315
  view-data: 3.3027403838932514
