times:
  edit-metadata: 2.0007981853559613
  landing: 1.3492535492405295
  view-data: 3.504198511131108
