times:
  edit-metadata: 3.867990868166089
  landing: 0.3392524318769574
  view-data: 0.6368686612695456
