times:
  edit-metadata: 1.661637831479311
  landing: 1.147242072969675
  view-data: 3.3226070813834667
