times:
  edit-metadata: 1.5705630439333618
  landing: 0.06109881401062012
  view-data: 0.2963460150640458
