times:
  landing: 1.0725782359999982
  view-data: 0.05194946799997524
