times:
  edit-metadata: 1.452294765971601
  landing: 0.3118551201187074
  view-data: 0.2583328983746469
