times:
  edit-metadata: 1.4243080392479897
  landing: 0.7824033237993717
  view-data: 3.373629603534937
