times:
  edit-metadata: 4.115165930241346
  landing: 0.29201437160372734
  view-data: 0.3231511116027832
