times:
  edit-metadata: 1.6003213380463421
  landing: 0.07361479010432959
  view-data: 0.31995322508737445
