times:
  edit-metadata: 1.5485873350407928
  landing: 0.06648855400271714
  view-data: 0.2978306240402162
