times:
  edit-metadata: 4.424242127686739
  landing: 1.6562069430947304
  view-data: 0.7807312570512295
