times:
  landing: 0.5473452870000131
  view-data: 0.5565087989999995
