times:
  edit-metadata: 1.5121577270328999
  landing: 0.879325732588768
  view-data: 0.6366329593583941
