times:
  edit-metadata: 1.41609438508749
  landing: 0.8118349425494671
  view-data: 3.436809539794922
