times:
  edit-metadata: 1.6747522801160812
  landing: 1.2934963144361973
  view-data: 3.348699901252985
