times:
  edit-metadata: 1.5917988610453904
  landing: 0.058096294989809394
  view-data: 0.3067575640161522
