times:
  edit-metadata: 4.631481636315584
  landing: 1.1018945295363665
  view-data: 0.45436672307550907
