times:
  edit-metadata: 3.1543978303670883
  landing: 0.3320000432431698
  view-data: 0.26738499104976654
