times:
  edit-metadata: 4.795896508032456
  landing: 0.3347138420213014
  view-data: 0.29040402499958873
