times:
  edit-metadata: 3.396718277130276
  landing: 0.3016532128676772
  view-data: 0.29248332884162664
