times:
  edit-metadata: 2.784074392169714
  landing: 1.2643179278820753
  view-data: 3.4264249494299293
