times:
  edit-metadata: 2.439117107540369
  landing: 0.12844895292073488
  view-data: 0.028152302838861942
