times:
  edit-metadata: 1.4427046603523195
  landing: 0.30963520100340247
  view-data: 0.2608705572783947
