times:
  edit-metadata: 5.441213373094797
  landing: 0.8576604949776083
  view-data: 0.3997142310254276
