times:
  edit-metadata: 2.4205630980432034
  landing: 0.01995258219540119
  view-data: 0.12287528812885284
