times:
  edit-metadata: 3.45842252089642
  landing: 0.2738076790701598
  view-data: 0.23694804799742997
