times:
  edit-metadata: 1.9296329920180142
  landing: 0.344783385284245
  view-data: 0.34628506004810333
