times:
  landing: 0.5572029960000009
  view-data: 0.5630433110000013
