times:
  edit-metadata: 2.9173985021188855
  landing: 0.02109651919454336
  view-data: 0.02658348623663187
