times:
  edit-metadata: 4.165868349373341
  landing: 0.28769778460264206
  view-data: 0.32267744094133377
