times:
  edit-metadata: 1.433166939765215
  landing: 0.8098798580467701
  view-data: 3.310280743986368
