times:
  edit-metadata: 1.5739308570045978
  landing: 0.04641818581148982
  view-data: 0.30209132214076817
