times:
  landing: 0.7549254969999879
  view-data: 0.5590870990000099
