times:
  edit-metadata: 4.193133920431137
  landing: 0.33042797446250916
  view-data: 0.32013026252388954
