times:
  edit-metadata: 1.365715865045786
  landing: 0.7530450113117695
  view-data: 3.329664144665003
