times:
  edit-metadata: 1.9482155600562692
  landing: 0.06769993295893073
  view-data: 0.34992444794625044
