times:
  edit-metadata: 4.104819644242525
  landing: 0.28928202018141747
  view-data: 0.31619324535131454
