times:
  edit-metadata: 1.5765350945293903
  landing: 1.0586132071912289
  view-data: 3.4015788063406944
