times:
  edit-metadata: 2.4683033442124724
  landing: 0.023226048797369003
  view-data: 0.11192493606358767
