times:
  landing: 0.554069185000003
  view-data: 0.562856810999989
