times:
  edit-metadata: 2.267614065000089
  landing: 0.140252754004905
  view-data: 0.4171947200084105
