times:
  edit-metadata: 1.7145899794995785
  landing: 1.0677080862224102
  view-data: 3.3849273025989532
