times:
  edit-metadata: 2.4939979817718267
  landing: 0.01919395662844181
  view-data: 0.10253464058041573
