times:
  edit-metadata: 1.5756703719962388
  landing: 0.04769085603766143
  view-data: 0.2899971780134365
