times:
  edit-metadata: 1.405038848053664
  landing: 0.3050177968107164
  view-data: 0.2809463609009981
