times:
  edit-metadata: 1.5648677833378315
  landing: 0.812391234561801
  view-data: 3.394165474921465
