times:
  edit-metadata: 2.500038016587496
  landing: 0.020524056628346443
  view-data: 0.02708535734564066
