times:
  edit-metadata: 4.206483272835612
  landing: 0.8557143788784742
  view-data: 0.755107719451189
