times:
  landing: 1.0828505100000143
  view-data: 0.5554895839999858
