times:
  edit-metadata: 1.9920060764998198
  landing: 0.8523208238184452
  view-data: 3.471408909186721
