times:
  edit-metadata: 1.4517020247876644
  landing: 0.7641812469810247
  view-data: 3.2877351753413677
