times:
  edit-metadata: 1.5439384914934635
  landing: 1.0196555517613888
  view-data: 3.3182366713881493
