times:
  edit-metadata: 1.7535284981131554
  landing: 0.9992667585611343
  view-data: 3.3982174806296825
