times:
  edit-metadata: 4.575670849531889
  landing: 2.3818662241101265
  view-data: 1.2579505555331707
