times:
  edit-metadata: 1.562490624957718
  landing: 0.07251410000026226
  view-data: 0.2901335359783843
