times:
  edit-metadata: 2.0805729390121996
  landing: 0.07220333768054843
  view-data: 0.38178380485624075
