times:
  landing: 1.2596539140000118
  view-data: 1.0691137070000423
