times:
  edit-metadata: 6.188267474994063
  landing: 1.3691815715283155
  view-data: 0.4197935275733471
