times:
  edit-metadata: 1.4181230869144201
  landing: 0.8981863185763359
  view-data: 0.45507805701345205
