times:
  edit-metadata: 1.3346622623503208
  landing: 0.8845747951418161
  view-data: 3.4004237465560436
