times:
  edit-metadata: 3.329566552070901
  landing: 0.29334174911491573
  view-data: 0.2783056281041354
