times:
  edit-metadata: 4.214725010097027
  landing: 0.29460110887885094
  view-data: 0.31359315291047096
