times:
  edit-metadata: 2.506141485646367
  landing: 0.02040576934814453
  view-data: 0.023773450404405594
