times:
  landing: 0.561677522999986
  view-data: 0.5490320479999866
