times:
  edit-metadata: 3.460985468002036
  landing: 0.3080213310313411
  view-data: 0.22770297096576542
