times:
  edit-metadata: 2.442732162773609
  landing: 0.018752573058009148
  view-data: 0.11736650951206684
