times:
  edit-metadata: 1.6335261426866055
  landing: 1.0396136827766895
  view-data: 3.3269623443484306
