times:
  edit-metadata: 1.4000857714563608
  landing: 0.8098713289946318
  view-data: 0.5469656027853489
