times:
  landing: 0.7000608049999641
  view-data: 0.5466726939999944
