times:
  edit-metadata: 6.19701899215579
  landing: 1.0050607603043318
  view-data: 0.3775377497076988
