times:
  edit-metadata: 2.5457178382202983
  landing: 0.02289583534002304
  view-data: 0.5280697830021381
