times:
  edit-metadata: 1.3937770184129477
  landing: 0.7426905427128077
  view-data: 3.3136598374694586
