times:
  edit-metadata: 1.6901724361814559
  landing: 0.838362067937851
  view-data: 0.6930513172410429
