times:
  edit-metadata: 2.427979461848736
  landing: 0.01939179003238678
  view-data: 0.025595372542738914
