times:
  edit-metadata: 2.352394387125969
  landing: 0.021786781027913094
  view-data: 0.4365776013582945
