times:
  landing: 0.5451216959999954
  view-data: 0.5524954949999881
