times:
  edit-metadata: 4.4805737510323524
  landing: 0.7506222520023584
  view-data: 0.48086968809366226
