times:
  edit-metadata: 1.6415217071771622
  landing: 1.1281767301261425
  view-data: 3.345222994685173
