times:
  edit-metadata: 2.2769274599850178
  landing: 1.5157927051186562
  view-data: 3.4055891260504723
