times:
  edit-metadata: 2.751405419781804
  landing: 0.13748130574822426
  view-data: 0.43855647556483746
