times:
  edit-metadata: 1.549109555024188
  landing: 0.06805896002333611
  view-data: 0.3160149420145899
