times:
  edit-metadata: 2.526917841285467
  landing: 0.11309877596795559
  view-data: 0.11722464114427567
