times:
  edit-metadata: 1.2696229030843824
  landing: 0.8639001799747348
  view-data: 3.3500817981548607
