times:
  edit-metadata: 1.6414348010148387
  landing: 0.07164497498888522
  view-data: 0.3149273409799207
