times:
  edit-metadata: 1.2551600229926407
  landing: 0.7865073680877686
  view-data: 0.4819384040310979
