times:
  edit-metadata: 1.638111402047798
  landing: 0.057868912001140416
  view-data: 0.3150381000014022
