times:
  edit-metadata: 3.946437821025029
  landing: 0.29706398909911513
  view-data: 0.27559105097316206
