times:
  edit-metadata: 1.4456249410286546
  landing: 0.7401104299351573
  view-data: 3.264289659447968
