times:
  edit-metadata: 1.6630172105506063
  landing: 1.0705309100449085
  view-data: 3.4434651099145412
