times:
  edit-metadata: 2.4469633335247636
  landing: 0.020926756784319878
  view-data: 0.12591530848294497
