times:
  edit-metadata: 1.3036733309272677
  landing: 0.809553180122748
  view-data: 3.3438763869926333
