times:
  landing: 1.0644598140000028
  view-data: 0.5574575320000008
