times:
  edit-metadata: 1.5398973040282726
  landing: 1.0127168335020542
  view-data: 3.355389453470707
