times:
  edit-metadata: 1.5029947981238365
  landing: 0.3572267200797796
  view-data: 0.2846571020781994
