times:
  edit-metadata: 4.696156222373247
  landing: 1.9378895908594131
  view-data: 0.9105780702084303
