times:
  edit-metadata: 5.035204593092203
  landing: 1.918964983895421
  view-data: 0.8146825470030308
