times:
  edit-metadata: 2.508637696504593
  landing: 0.02067355066537857
  view-data: 0.10020548012107611
