times:
  edit-metadata: 1.882292476017028
  landing: 0.07467184169217944
  view-data: 0.4560697912238538
