times:
  edit-metadata: 3.277797785587609
  landing: 0.2728195274248719
  view-data: 0.5704363835975528
