times:
  landing: 1.1280628500000205
  view-data: 0.5538016869999751
