times:
  edit-metadata: 1.5569002649281174
  landing: 0.0661991760134697
  view-data: 0.4172754571773112
