times:
  edit-metadata: 1.52895587682724
  landing: 0.6952129639685154
  view-data: 3.2859521694481373
