times:
  edit-metadata: 4.6231849286705256
  landing: 1.31030192412436
  view-data: 0.4300297237932682
