times:
  edit-metadata: 2.517937853001058
  landing: 0.020214584656059742
  view-data: 0.46687826234847307
