times:
  landing: 0.5511822729999949
  view-data: 0.559404432000008
