times:
  edit-metadata: 3.2832408870453946
  landing: 0.3233308080234565
  view-data: 0.2329000200261362
