times:
  edit-metadata: 1.5024745054543018
  landing: 0.7862099073827267
  view-data: 3.358715448528528
