times:
  edit-metadata: 1.4606086229905486
  landing: 0.3304653726518154
  view-data: 0.28263688599690795
