times:
  edit-metadata: 4.0971341617405415
  landing: 0.2942587733268738
  view-data: 0.31230730935931206
