times:
  edit-metadata: 4.100351184606552
  landing: 0.31300169602036476
  view-data: 0.333428505808115
