times:
  edit-metadata: 1.3980450630187988
  landing: 0.28749110782518983
  view-data: 0.2530825291760266
