times:
  edit-metadata: 2.4623238733038306
  landing: 0.022791579365730286
  view-data: 0.024251267313957214
