times:
  landing: 1.068292917000008
  view-data: 0.5672857710000017
