times:
  edit-metadata: 1.4928869158029556
  landing: 0.8352297805249691
  view-data: 3.3311504554003477
