times:
  edit-metadata: 1.57786450907588
  landing: 0.04849639697931707
  view-data: 0.3902125669410452
