times:
  edit-metadata: 3.1993508680025116
  landing: 0.3449391919421032
  view-data: 0.2599947249982506
