times:
  edit-metadata: 4.784852402284741
  landing: 1.0222756117582321
  view-data: 0.43425941839814186
