times:
  edit-metadata: 1.33763665612787
  landing: 0.8939050110056996
  view-data: 3.3156620340887457
