times:
  edit-metadata: 3.3547480232082307
  landing: 0.2952829231508076
  view-data: 0.25150478398427367
