times:
  edit-metadata: 3.645754298195243
  landing: 0.35226422105915844
  view-data: 0.35331696597859263
