times:
  edit-metadata: 4.149251028895378
  landing: 0.30806224793195724
  view-data: 0.3215271234512329
