times:
  edit-metadata: 1.6635744608938694
  landing: 1.0986173078417778
  view-data: 3.301820956170559
