times:
  edit-metadata: 1.4166620820760727
  landing: 0.7608076296746731
  view-data: 3.3014322966337204
