times:
  landing: 0.759840644999997
  view-data: 0.5588415870000176
