times:
  edit-metadata: 1.3483512252569199
  landing: 0.8725699172355235
  view-data: 3.4207726079039276
