times:
  edit-metadata: 6.08091214299202
  landing: 0.9720074962824583
  view-data: 0.33677341789007187
