times:
  edit-metadata: 3.6250266688875854
  landing: 0.3102636649273336
  view-data: 0.28348257788456976
