times:
  edit-metadata: 3.2886732979968656
  landing: 0.2948576330090873
  view-data: 0.2386184760107426
