times:
  landing: 0.7430824570000141
  view-data: 0.5608661470000129
