times:
  edit-metadata: 2.019122784025967
  landing: 0.06643471401184797
  view-data: 0.29803396482020617
