times:
  edit-metadata: 1.5987124659586698
  landing: 0.044809903018176556
  view-data: 0.3128025610349141
