times:
  edit-metadata: 4.609827157109976
  landing: 0.3167474791407585
  view-data: 0.34188228473067284
