times:
  edit-metadata: 1.4553982438519597
  landing: 0.29244117345660925
  view-data: 0.2739987103268504
