times:
  edit-metadata: 1.5592035446316004
  landing: 0.8609798848628998
  view-data: 3.3671652004122734
