times:
  landing: 1.2762654539999971
  view-data: 0.5565896560000283
