times:
  edit-metadata: 4.06232746806927
  landing: 0.3572034570388496
  view-data: 0.3012480898760259
