times:
  edit-metadata: 2.4500580839812756
  landing: 0.0215481361374259
  view-data: 0.05121120996773243
