times:
  edit-metadata: 1.505653703585267
  landing: 0.3047472545877099
  view-data: 0.2937540067359805
