times:
  edit-metadata: 1.56123685115017
  landing: 0.06401400291360915
  view-data: 0.38864967599511147
