times:
  edit-metadata: 1.5597870559431612
  landing: 0.0634233527816832
  view-data: 0.3038265281356871
