times:
  edit-metadata: 2.2577140517532825
  landing: 1.1015467699617147
  view-data: 3.577903057448566
