times:
  edit-metadata: 4.605509011074901
  landing: 0.8028508014976978
  view-data: 0.47830501571297646
