times:
  edit-metadata: 1.4984294991008937
  landing: 0.31791843893006444
  view-data: 0.28909376775845885
