times:
  edit-metadata: 1.656377944003907
  landing: 0.048297717003151774
  view-data: 0.4236061069968855
