times:
  edit-metadata: 1.6374114193022251
  landing: 0.8449007216840982
  view-data: 3.394780231639743
