times:
  edit-metadata: 4.086024288088083
  landing: 0.29175837337970734
  view-data: 0.31913457438349724
