times:
  edit-metadata: 1.4216352230869234
  landing: 0.9889592360705137
  view-data: 0.6258719223551452
