times:
  edit-metadata: 4.657273071818054
  landing: 0.3953757705166936
  view-data: 1.0397731680423021
