times:
  edit-metadata: 2.098482755944133
  landing: 1.6041861362755299
  view-data: 3.5128852501511574
