times:
  landing: 0.7763092499999402
  view-data: 0.562727609000035
