times:
  edit-metadata: 4.186451118439436
  landing: 0.327193982899189
  view-data: 0.339782290160656
