times:
  edit-metadata: 2.055918674916029
  landing: 1.2747854720801115
  view-data: 3.4605564195662737
