times:
  edit-metadata: 1.8407304459251463
  landing: 0.35036180075258017
  view-data: 0.34920754935592413
