times:
  edit-metadata: 1.548317629029043
  landing: 0.04767918400466442
  view-data: 0.43032953795045614
