times:
  edit-metadata: 1.7915076538920403
  landing: 1.0346023626625538
  view-data: 3.426914408802986
