times:
  landing: 0.5496770500000139
  view-data: 0.5578864570000235
