times:
  edit-metadata: 1.3308445028960705
  landing: 0.8318028887733817
  view-data: 0.4951253607869148
