times:
  edit-metadata: 3.327529211062938
  landing: 0.29941908176988363
  view-data: 0.2692279852926731
