times:
  edit-metadata: 1.7216115870105568
  landing: 0.04880135098937899
  view-data: 0.4224977460107766
