times:
  edit-metadata: 1.3236039392650127
  landing: 0.8252955079078674
  view-data: 3.3874065913259983
