times:
  edit-metadata: 1.5999621115624905
  landing: 0.9475632067769766
  view-data: 3.3144846502691507
