times:
  edit-metadata: 1.4722283040173352
  landing: 0.30733732506632805
  view-data: 0.28834669990465045
