times:
  edit-metadata: 1.4720723927021027
  landing: 1.0318652838468552
  view-data: 3.3951864689588547
