times:
  edit-metadata: 1.71795364189893
  landing: 0.32148055685684085
  view-data: 0.2948585790582001
