times:
  edit-metadata: 4.116621561348438
  landing: 0.3108454570174217
  view-data: 0.3121049329638481
