times:
  edit-metadata: 4.163200479000807
  landing: 0.294452678412199
  view-data: 0.3197300173342228
