times:
  edit-metadata: 4.8016468696296215
  landing: 0.27073825523257256
  view-data: 0.3141709007322788
