times:
  edit-metadata: 1.9996648069936782
  landing: 0.9735323219792917
  view-data: 3.3292124669533223
