times:
  edit-metadata: 1.4240472498349845
  landing: 0.30621167179197073
  view-data: 0.29112045420333743
