times:
  landing: 0.7180803630000128
  view-data: 0.553799878999996
