times:
  edit-metadata: 3.5037671900354326
  landing: 0.32590245897881687
  view-data: 0.3601623591966927
