times:
  edit-metadata: 4.663517022505403
  landing: 1.0875751003623009
  view-data: 0.41916345059871674
