times:
  edit-metadata: 3.5126732690259814
  landing: 0.2816500039771199
  view-data: 0.26289135590195656
