times:
  edit-metadata: 1.3524245359003544
  landing: 0.7588100284337997
  view-data: 3.395342096686363
