times:
  edit-metadata: 2.4470605170354247
  landing: 0.021858065389096737
  view-data: 0.11397098191082478
