times:
  edit-metadata: 4.015961811179295
  landing: 0.3575828028842807
  view-data: 0.28239855100400746
