times:
  edit-metadata: 4.736037528142333
  landing: 1.3612846173346043
  view-data: 0.7624600045382977
