times:
  landing: 0.5511523459999808
  view-data: 0.5618213959999991
