times:
  edit-metadata: 2.448737256228924
  landing: 0.021036818623542786
  view-data: 0.09979805815964937
