times:
  edit-metadata: 1.5918751023709774
  landing: 0.9480079934000969
  view-data: 3.435121476650238
