times:
  edit-metadata: 4.116432275623083
  landing: 0.30428336188197136
  view-data: 0.3106376715004444
