times:
  landing: 0.567489323000018
  view-data: 0.5534555009999735
