times:
  edit-metadata: 2.1061190590262413
  landing: 1.1841045264154673
  view-data: 3.4733272679150105
