times:
  edit-metadata: 2.059276971966028
  landing: 1.2301506102085114
  view-data: 3.3471397012472153
