times:
  edit-metadata: 1.3472150452435017
  landing: 0.8229314349591732
  view-data: 3.3822856917977333
