times:
  edit-metadata: 4.549903724342585
  landing: 0.8308303561061621
  view-data: 0.3483628463000059
