times:
  edit-metadata: 1.3893665112555027
  landing: 0.7272115722298622
  view-data: 3.346688486635685
