times:
  landing: 0.5696421909999572
  view-data: 0.5674155869999709
