times:
  edit-metadata: 1.5499773939955048
  landing: 0.05611453799792798
  view-data: 0.2841658700053813
