times:
  edit-metadata: 4.271870702505112
  landing: 0.3016566075384617
  view-data: 0.32412170991301537
