times:
  edit-metadata: 1.7482111994177103
  landing: 1.012137794867158
  view-data: 0.5349052026867867
