times:
  edit-metadata: 3.3884874440263957
  landing: 0.2871708730235696
  view-data: 0.25091540394350886
