times:
  landing: 0.6807191639999814
  view-data: 0.5530336509999643
