times:
  edit-metadata: 1.5633609034121037
  landing: 0.8911077883094549
  view-data: 0.5923940408974886
