times:
  edit-metadata: 1.2966686952859163
  landing: 0.824051883071661
  view-data: 0.5582273714244366
