times:
  edit-metadata: 1.6716254018247128
  landing: 1.03515649959445
  view-data: 3.4490643441677094
