times:
  edit-metadata: 2.619369168765843
  landing: 0.021157078444957733
  view-data: 0.027242440730333328
