times:
  landing: 0.7661060070000758
  view-data: 0.5542065469999216
