times:
  edit-metadata: 1.563156120479107
  landing: 0.8281700164079666
  view-data: 3.317046921700239
