times:
  edit-metadata: 3.329566171974875
  landing: 0.2631928769988008
  view-data: 0.2346010149922222
