times:
  landing: 1.6003183290000038
  view-data: 0.5597445499999765
