times:
  edit-metadata: 1.8813836993649602
  landing: 1.057299877051264
  view-data: 3.3154179300181568
