times:
  edit-metadata: 4.766871675848961
  landing: 1.350091626867652
  view-data: 0.7624548450112343
