times:
  edit-metadata: 4.663787068799138
  landing: 1.476765938103199
  view-data: 0.7362833824008703
