times:
  edit-metadata: 1.4569828459061682
  landing: 0.8062722578179091
  view-data: 3.2959916221443564
