times:
  edit-metadata: 1.8128275983035564
  landing: 0.899635398760438
  view-data: 3.3108752053231
