times:
  edit-metadata: 1.567459073383361
  landing: 0.06679541384801269
  view-data: 0.398202832788229
