times:
  edit-metadata: 1.5294010182842612
  landing: 0.8894556192681193
  view-data: 3.3101055594161153
