times:
  edit-metadata: 1.5434922147542238
  landing: 0.7331825662404299
  view-data: 3.3604426998645067
