times:
  edit-metadata: 1.7191285979934037
  landing: 0.07665288797579706
  view-data: 0.40553464309778064
