times:
  edit-metadata: 1.517021593870595
  landing: 0.0781692429445684
  view-data: 0.2820229660719633
