times:
  landing: 0.7191959829999632
  view-data: 0.5537632479999957
