times:
  edit-metadata: 1.4498343765735626
  landing: 1.001282263547182
  view-data: 3.4427222423255444
