times:
  edit-metadata: 3.543059493880719
  landing: 0.2940753889270127
  view-data: 0.2532795809675008
