times:
  landing: 1.3331748630000106
  view-data: 0.5638238020000017
