times:
  landing: 1.1023841379999908
  view-data: 0.5562583280000126
