times:
  edit-metadata: 2.473934032022953
  landing: 0.02158254850655794
  view-data: 0.12240663543343544
