times:
  landing: 0.5507602050000173
  view-data: 0.5566867739999566
