times:
  edit-metadata: 2.598155053332448
  landing: 1.522704355418682
  view-data: 3.5357384644448757
