times:
  landing: 1.0727326390000371
  view-data: 1.0745069569999828
