times:
  edit-metadata: 1.6309339590370655
  landing: 0.06410044198855758
  view-data: 0.4395268871448934
