times:
  edit-metadata: 1.4781373138539493
  landing: 0.3223360111005604
  view-data: 0.24950521113350987
