times:
  edit-metadata: 1.9144327156245708
  landing: 1.3326782882213593
  view-data: 3.8603187389671803
