times:
  edit-metadata: 1.5316996350011323
  landing: 0.048792235989822075
  view-data: 0.9097266609896906
