times:
  edit-metadata: 1.7731875106692314
  landing: 0.9673262536525726
  view-data: 3.3495885469019413
