times:
  edit-metadata: 4.608786134049296
  landing: 0.8837619926780462
  view-data: 0.7655939478427172
