times:
  edit-metadata: 2.279965332709253
  landing: 1.0569783430546522
  view-data: 3.681892139837146
