times:
  edit-metadata: 4.472978439182043
  landing: 1.0590471401810646
  view-data: 0.41678920201957226
