times:
  edit-metadata: 1.5798061289824545
  landing: 0.0806484438944608
  view-data: 0.29658086597919464
