times:
  edit-metadata: 2.466534801758826
  landing: 0.021875910460948944
  view-data: 0.12113561015576124
