times:
  edit-metadata: 6.233023213222623
  landing: 0.8358916994184256
  view-data: 0.288242818787694
