times:
  edit-metadata: 2.4783379705622792
  landing: 0.019293666817247868
  view-data: 0.12154836114495993
