times:
  landing: 0.5652206400000068
  view-data: 0.570358892999991
