times:
  edit-metadata: 1.5092857740819454
  landing: 0.3131320672109723
  view-data: 0.3311310037970543
