times:
  edit-metadata: 1.5004271026700735
  landing: 0.30790578573942184
  view-data: 0.30898691341280937
