times:
  edit-metadata: 3.329087422695011
  landing: 0.3114412371069193
  view-data: 0.2828789106570184
