times:
  edit-metadata: 1.4658737448044121
  landing: 0.3348658657632768
  view-data: 0.2536780321970582
