times:
  edit-metadata: 4.843277480453253
  landing: 0.9769966993480921
  view-data: 0.358012605458498
