times:
  edit-metadata: 3.3111920669907704
  landing: 0.32068462297320366
  view-data: 0.24369993107393384
