times:
  edit-metadata: 3.1031012758612633
  landing: 0.29624519869685173
  view-data: 0.2662867046892643
