times:
  edit-metadata: 1.4853771813213825
  landing: 0.7980614136904478
  view-data: 3.3115520402789116
