times:
  edit-metadata: 1.5247930589976022
  landing: 0.05446387900155969
  view-data: 0.3031551239982946
