times:
  edit-metadata: 1.5978722439613193
  landing: 0.05813306011259556
  view-data: 0.6826616618782282
