times:
  edit-metadata: 4.441423289477825
  landing: 1.500447729602456
  view-data: 0.5341554172337055
