times:
  landing: 0.7638810039999271
  view-data: 0.5590694519999033
