times:
  landing: 0.7602583609999556
  view-data: 0.5648518919999788
