times:
  edit-metadata: 1.9507143078371882
  landing: 0.07374469004571438
  view-data: 0.2994905090890825
