times:
  edit-metadata: 6.392300445586443
  landing: 0.8024410903453827
  view-data: 0.327955886721611
