times:
  edit-metadata: 3.4685860318131745
  landing: 0.2918004007078707
  view-data: 0.26376050198450685
