times:
  edit-metadata: 1.534067951142788
  landing: 0.8804182149469852
  view-data: 3.290412798523903
