times:
  edit-metadata: 1.9673718381673098
  landing: 0.3975782566703856
  view-data: 0.392320245038718
