times:
  edit-metadata: 1.4577252119779587
  landing: 0.9316989853978157
  view-data: 3.423089388757944
