times:
  edit-metadata: 1.6791049763560295
  landing: 1.0010570101439953
  view-data: 3.3229008447378874
