times:
  edit-metadata: 1.5755604999139905
  landing: 0.05335136689245701
  view-data: 0.40479422826319933
