times:
  edit-metadata: 2.8311832416802645
  landing: 0.019887234084308147
  view-data: 0.02676061075180769
