times:
  edit-metadata: 2.505186383612454
  landing: 0.022018108516931534
  view-data: 0.12327608931809664
