times:
  landing: 1.0802470759999778
  view-data: 0.5614040270000373
