times:
  landing: 0.5571472960000108
  view-data: 0.5568467939999948
