times:
  edit-metadata: 2.4339338103309274
  landing: 0.024644131772220135
  view-data: 0.12660052720457315
