times:
  edit-metadata: 3.3939893771894276
  landing: 0.29050883930176497
  view-data: 0.24278669897466898
