times:
  edit-metadata: 1.754879456013441
  landing: 1.3180431853979826
  view-data: 3.373393699526787
