times:
  edit-metadata: 2.516232553869486
  landing: 0.020561132580041885
  view-data: 0.02487253025174141
