times:
  edit-metadata: 4.4334946647286415
  landing: 2.5992649868130684
  view-data: 0.8350453171879053
