times:
  edit-metadata: 3.5515422979951836
  landing: 0.2782998930197209
  view-data: 0.23585102398646995
