times:
  edit-metadata: 1.9408071376383305
  landing: 1.5520383976399899
  view-data: 3.446541614830494
