times:
  edit-metadata: 1.4461431968957186
  landing: 0.8850045716390014
  view-data: 3.509746533818543
