times:
  edit-metadata: 3.603870267048478
  landing: 0.29433689219877124
  view-data: 0.2461424188222736
