times:
  landing: 0.5555066140000235
  view-data: 0.5618902140000159
