times:
  edit-metadata: 1.4309315369464457
  landing: 0.8518989640288055
  view-data: 3.366017404012382
