times:
  edit-metadata: 2.4795181369408965
  landing: 0.019474857486784458
  view-data: 0.10002459492534399
