times:
  edit-metadata: 1.440561717376113
  landing: 0.8036780590191483
  view-data: 3.3870522659271955
