times:
  edit-metadata: 4.6137609630823135
  landing: 1.6438379548490047
  view-data: 0.5754245463758707
