times:
  edit-metadata: 1.4253951236605644
  landing: 0.3307486018165946
  view-data: 0.26956727635115385
