times:
  edit-metadata: 3.0253706127405167
  landing: 0.305585540831089
  view-data: 0.30834727734327316
