times:
  edit-metadata: 1.5601423643529415
  landing: 0.8454119078814983
  view-data: 3.527854196727276
