times:
  edit-metadata: 1.53666186099872
  landing: 0.04440951207652688
  view-data: 0.3115785859990865
