times:
  edit-metadata: 2.5312858838588
  landing: 0.0199401481077075
  view-data: 0.11865469440817833
