times:
  edit-metadata: 3.320194055995671
  landing: 0.2968968560162466
  view-data: 0.23714192499755882
