times:
  edit-metadata: 1.5927538983523846
  landing: 1.3172812573611736
  view-data: 3.2642055228352547
