times:
  edit-metadata: 6.0774619076400995
  landing: 0.8660243041813374
  view-data: 0.3137106616050005
