times:
  landing: 1.1273106950000056
  view-data: 0.5552700800000139
