times:
  landing: 1.2528647700000306
  view-data: 0.5554163670000207
