times:
  edit-metadata: 1.4973427560180426
  landing: 0.7732500433921814
  view-data: 3.2868450470268726
