times:
  edit-metadata: 3.4265760220587254
  landing: 0.3030366760212928
  view-data: 0.2892982841003686
