times:
  edit-metadata: 1.3136087469756603
  landing: 0.786939590703696
  view-data: 3.3482180587016046
