times:
  edit-metadata: 2.468905135989189
  landing: 0.0205531632527709
  view-data: 0.025867201387882233
