times:
  landing: 1.0795543440000301
  view-data: 0.5611931139999911
