times:
  edit-metadata: 2.4379947995766997
  landing: 0.019732209853827953
  view-data: 0.024532354436814785
