times:
  edit-metadata: 3.277968159993179
  landing: 0.27165274403523654
  view-data: 0.2348619159311056
