times:
  edit-metadata: 1.960395686328411
  landing: 1.0642317589372396
  view-data: 3.407104840502143
