times:
  edit-metadata: 1.5317007838748395
  landing: 0.047035499941557646
  view-data: 0.2894011300522834
