times:
  edit-metadata: 1.4805714110843837
  landing: 0.30146814603358507
  view-data: 0.3821927192620933
