times:
  edit-metadata: 1.4852743558585644
  landing: 0.7937821261584759
  view-data: 0.5721530374139547
