times:
  edit-metadata: 1.381506834179163
  landing: 0.7630732674151659
  view-data: 0.5039458144456148
