times:
  edit-metadata: 1.3814034312963486
  landing: 0.8773913644254208
  view-data: 0.8354135844856501
