times:
  edit-metadata: 4.7806022595614195
  landing: 1.354129808023572
  view-data: 0.7622550800442696
