times:
  edit-metadata: 1.5729303793050349
  landing: 0.06685344595462084
  view-data: 0.28402324207127094
