times:
  edit-metadata: 1.4741993099451065
  landing: 0.3275579158216715
  view-data: 0.38658680487424135
