times:
  edit-metadata: 1.451366662979126
  landing: 0.7672310750931501
  view-data: 3.3578332737088203
