times:
  edit-metadata: 1.6470618930179626
  landing: 0.056126566021703184
  view-data: 0.4062894810340367
