times:
  edit-metadata: 1.542786177014932
  landing: 0.059573781909421086
  view-data: 0.3023647009395063
