times:
  landing: 1.6235646890000055
  view-data: 0.5581846309999889
