times:
  edit-metadata: 2.563197113573551
  landing: 0.02088000997900963
  view-data: 0.029631685465574265
