times:
  edit-metadata: 5.198289323598146
  landing: 1.410705966874957
  view-data: 0.776573583483696
