times:
  edit-metadata: 2.1476811058819294
  landing: 1.7486035786569118
  view-data: 3.380084056407213
