times:
  edit-metadata: 2.47976453602314
  landing: 0.02005694154649973
  view-data: 0.025785808451473713
