times:
  edit-metadata: 1.4623253680765629
  landing: 0.8496116455644369
  view-data: 0.6031365189701319
