times:
  edit-metadata: 2.4752298099920154
  landing: 0.02012037578970194
  view-data: 0.4329335615038872
