times:
  edit-metadata: 1.6023406498134136
  landing: 1.271753091365099
  view-data: 3.3455198481678963
