times:
  edit-metadata: 2.4763898458331823
  landing: 0.02160999085754156
  view-data: 0.02528904564678669
