times:
  edit-metadata: 1.5774977765977383
  landing: 0.9996966794133186
  view-data: 3.3737158868461847
