times:
  edit-metadata: 1.5375784350326285
  landing: 0.06561609893105924
  view-data: 0.31581572792492807
