times:
  edit-metadata: 3.2993807340972126
  landing: 0.2923095878213644
  view-data: 0.24453137582167983
