times:
  edit-metadata: 3.487335985992104
  landing: 0.29522120696492493
  view-data: 0.2670853268355131
