times:
  landing: 1.5978907610000306
  view-data: 0.5602255419998983
