times:
  edit-metadata: 6.171408919617534
  landing: 0.8732420448213816
  view-data: 0.4248508270829916
