times:
  edit-metadata: 3.348460521781817
  landing: 0.2993796879891306
  view-data: 0.24005814315751195
