times:
  edit-metadata: 1.440633995924145
  landing: 0.303718987852335
  view-data: 0.2497718809172511
