times:
  edit-metadata: 4.709895880892873
  landing: 1.3751089442521334
  view-data: 0.8323742300271988
