times:
  edit-metadata: 4.67609516531229
  landing: 1.5145081970840693
  view-data: 0.3743796031922102
