times:
  edit-metadata: 1.463713837787509
  landing: 0.7350188083946705
  view-data: 3.311463750898838
