times:
  edit-metadata: 4.8234035558998585
  landing: 0.8632174916565418
  view-data: 0.43896222300827503
