times:
  edit-metadata: 2.4020970659330487
  landing: 0.11851134058088064
  view-data: 0.026470464654266834
