times:
  edit-metadata: 1.587087910156697
  landing: 0.04900033213198185
  view-data: 0.31295212102122605
