times:
  landing: 1.310916552000009
  view-data: 0.5559049169999923
