times:
  edit-metadata: 1.5783210955560207
  landing: 1.0847928673028946
  view-data: 3.33511158823967
