times:
  landing: 0.5487681529999975
  view-data: 0.558514381000009
