times:
  edit-metadata: 1.4239149102941155
  landing: 0.30868632439523935
  view-data: 0.28645216953009367
