times:
  edit-metadata: 3.8897789986804128
  landing: 0.2656366382725537
  view-data: 0.29581739008426666
