times:
  edit-metadata: 4.172554794698954
  landing: 0.29529664665460587
  view-data: 0.3162761777639389
