times:
  edit-metadata: 2.487050103954971
  landing: 0.021931608207523823
  view-data: 0.1254129270091653
