times:
  landing: 0.5522326550000116
  view-data: 0.5629652500000191
