times:
  edit-metadata: 1.4764018282294273
  landing: 0.720458896830678
  view-data: 3.2314323224127293
