times:
  edit-metadata: 1.6276045143604279
  landing: 0.9962078221142292
  view-data: 3.3732696250081062
