times:
  edit-metadata: 4.727374330163002
  landing: 0.8632738664746284
  view-data: 0.7698287982493639
