times:
  edit-metadata: 1.6886460930109024
  landing: 0.9823536910116673
  view-data: 3.3199987448751926
