times:
  edit-metadata: 4.789479849860072
  landing: 0.8956898674368858
  view-data: 0.757224764674902
