times:
  edit-metadata: 1.3820578157901764
  landing: 0.8344109207391739
  view-data: 3.344919051975012
