times:
  edit-metadata: 1.4449042701162398
  landing: 0.3203974957577884
  view-data: 0.2636472578160465
