times:
  edit-metadata: 3.341582716908306
  landing: 0.29766713734716177
  view-data: 0.25915999291464686
