times:
  landing: 0.5580539789999648
  view-data: 0.5573935419999998
