times:
  edit-metadata: 1.5485432762652636
  landing: 0.7878861278295517
  view-data: 0.6018345970660448
