times:
  edit-metadata: 1.6919452282600105
  landing: 0.06764561962336302
  view-data: 0.2870738599449396
