times:
  edit-metadata: 1.5608193166553974
  landing: 0.9078932832926512
  view-data: 3.415194347500801
