times:
  edit-metadata: 4.74734066799283
  landing: 0.8906227555125952
  view-data: 0.3399239145219326
