times:
  edit-metadata: 1.4347032308578491
  landing: 0.737860195338726
  view-data: 3.4887404069304466
