times:
  edit-metadata: 1.4663177952170372
  landing: 0.7523459754884243
  view-data: 3.2964437678456306
