times:
  edit-metadata: 1.348112553358078
  landing: 0.769470140337944
  view-data: 3.3278832510113716
