times:
  edit-metadata: 1.3963544443249702
  landing: 0.8394105955958366
  view-data: 3.440202511847019
