times:
  edit-metadata: 1.7375933676958084
  landing: 1.0744402036070824
  view-data: 3.3481270521879196
