times:
  edit-metadata: 1.3514630571007729
  landing: 0.7047648876905441
  view-data: 3.508963257074356
