times:
  edit-metadata: 1.3768848702311516
  landing: 0.7236303463578224
  view-data: 3.450779065489769
