times:
  edit-metadata: 1.5117586627602577
  landing: 0.9935042709112167
  view-data: 3.3012530356645584
