times:
  edit-metadata: 1.4586434215307236
  landing: 1.1142728701233864
  view-data: 3.4434764683246613
