times:
  edit-metadata: 1.4104677438735962
  landing: 0.7906896471977234
  view-data: 3.473372995853424
