times:
  edit-metadata: 1.4865329265594482
  landing: 0.8716312199831009
  view-data: 3.410520762205124
