times:
  edit-metadata: 1.5909099206328392
  landing: 0.9873836822807789
  view-data: 3.2990306355059147
