times:
  edit-metadata: 1.7368161156773567
  landing: 0.9372289851307869
  view-data: 3.476481206715107
