times:
  edit-metadata: 1.7586693838238716
  landing: 1.244005937129259
  view-data: 3.3607438802719116
