times:
  edit-metadata: 1.7720325514674187
  landing: 1.0240982174873352
  view-data: 3.308344967663288
