times:
  edit-metadata: 1.368438795208931
  landing: 0.7796708717942238
  view-data: 3.3766305670142174
