times:
  edit-metadata: 1.3474040403962135
  landing: 0.7442420050501823
  view-data: 3.399591013789177
