times:
  edit-metadata: 1.3406155034899712
  landing: 0.7168435975909233
  view-data: 3.6163056194782257
