times:
  edit-metadata: 1.6161947771906853
  landing: 0.8834042735397816
  view-data: 3.4181283339858055
