times:
  edit-metadata: 1.411283865571022
  landing: 0.78421800583601
  view-data: 3.50174517929554
