times:
  edit-metadata: 1.4735028147697449
  landing: 0.9796936437487602
  view-data: 3.3185767456889153
