times:
  edit-metadata: 1.447264388203621
  landing: 0.9589234814047813
  view-data: 3.2933486700057983
