times:
  edit-metadata: 1.3902203664183617
  landing: 0.790394626557827
  view-data: 3.4965921193361282
