times:
  edit-metadata: 1.4389405883848667
  landing: 0.8074014000594616
  view-data: 3.328609026968479
