times:
  edit-metadata: 1.4571935459971428
  landing: 1.0470756441354752
  view-data: 3.314659170806408
