times:
  edit-metadata: 1.529264934360981
  landing: 0.8045710101723671
  view-data: 3.570911206305027
