times:
  edit-metadata: 1.8721239417791367
  landing: 0.8964924514293671
  view-data: 3.36740243434906
