times:
  edit-metadata: 1.363835547119379
  landing: 0.8824733793735504
  view-data: 3.292226415127516
