times:
  edit-metadata: 1.4721496105194092
  landing: 0.7479834482073784
  view-data: 3.5569664388895035
