times:
  edit-metadata: 1.4069455489516258
  landing: 1.0034540817141533
  view-data: 3.428025536239147
