times:
  edit-metadata: 1.8575517013669014
  landing: 0.929814450442791
  view-data: 3.32938202470541
