times:
  edit-metadata: 1.3681338280439377
  landing: 0.8427228182554245
  view-data: 3.379047717899084
