times:
  edit-metadata: 1.438441514968872
  landing: 0.7214911729097366
  view-data: 3.4723097532987595
