times:
  edit-metadata: 2.5197563990950584
  landing: 1.3132261373102665
  view-data: 3.587197434157133
