times:
  edit-metadata: 1.4504760019481182
  landing: 0.6806805096566677
  view-data: 3.3316118754446507
