times:
  edit-metadata: 1.4865225106477737
  landing: 0.8401678130030632
  view-data: 3.4781524911522865
