times:
  edit-metadata: 1.328380860388279
  landing: 0.73697180300951
  view-data: 3.3121933713555336
