times:
  edit-metadata: 1.395486481487751
  landing: 0.8029889948666096
  view-data: 3.334492940455675
