times:
  edit-metadata: 1.4634330347180367
  landing: 0.8967247605323792
  view-data: 3.507521502673626
