times:
  edit-metadata: 1.4684817269444466
  landing: 0.7962177246809006
  view-data: 3.3082300946116447
