times:
  edit-metadata: 1.5451066233217716
  landing: 0.9677046127617359
  view-data: 3.386976085603237
