times:
  edit-metadata: 2.495570346713066
  landing: 1.5475140511989594
  view-data: 4.140874922275543
