times:
  edit-metadata: 1.852219209074974
  landing: 1.0435530468821526
  view-data: 3.640855848789215
