times:
  edit-metadata: 1.4291033148765564
  landing: 0.8321814388036728
  view-data: 3.4545091167092323
