times:
  edit-metadata: 1.4082318097352982
  landing: 1.0240758061408997
  view-data: 3.332359693944454
