times:
  edit-metadata: 1.4553165882825851
  landing: 1.0372321344912052
  view-data: 3.3332667723298073
