times:
  edit-metadata: 1.9446874484419823
  landing: 1.197448045015335
  view-data: 3.71285068243742
