times:
  edit-metadata: 1.466413751244545
  landing: 1.0615665800869465
  view-data: 3.3372884653508663
