times:
  edit-metadata: 1.384112186729908
  landing: 0.7891020625829697
  view-data: 3.2629097029566765
