times:
  edit-metadata: 1.4156615994870663
  landing: 0.8372898958623409
  view-data: 3.700709752738476
