times:
  edit-metadata: 1.7286393120884895
  landing: 1.105306588113308
  view-data: 3.46482415497303
