times:
  edit-metadata: 1.5027919113636017
  landing: 0.8007994145154953
  view-data: 3.357736062258482
