times:
  edit-metadata: 1.3877755478024483
  landing: 0.7080730497837067
  view-data: 3.5210670232772827
