times:
  edit-metadata: 1.4529750794172287
  landing: 0.8693933300673962
  view-data: 3.3145069926977158
