times:
  edit-metadata: 1.3517171740531921
  landing: 0.7364697381854057
  view-data: 3.3503420278429985
