times:
  edit-metadata: 1.604825884103775
  landing: 0.8662415854632854
  view-data: 3.294942494481802
