times:
  edit-metadata: 1.152222566306591
  landing: 0.8393901959061623
  view-data: 3.4100078716874123
