times:
  edit-metadata: 2.284202493727207
  landing: 1.4321101680397987
  view-data: 3.5799053460359573
