times:
  edit-metadata: 1.4309061020612717
  landing: 0.8469895161688328
  view-data: 3.361891560256481
