times:
  edit-metadata: 1.4272656664252281
  landing: 0.7450986169278622
  view-data: 3.2801611609756947
