times:
  edit-metadata: 1.3901275768876076
  landing: 0.6899101287126541
  view-data: 3.472893163561821
