times:
  edit-metadata: 1.4656026512384415
  landing: 0.9001404121518135
  view-data: 3.4439300522208214
