times:
  edit-metadata: 1.5171070396900177
  landing: 0.9209483303129673
  view-data: 3.2685263082385063
