times:
  edit-metadata: 2.6320524513721466
  landing: 1.2189434617757797
  view-data: 3.393238350749016
