times:
  edit-metadata: 1.3803105130791664
  landing: 0.7487279176712036
  view-data: 3.4975783079862595
