times:
  edit-metadata: 1.6372652798891068
  landing: 0.8675615340471268
  view-data: 3.373319551348686
