times:
  edit-metadata: 1.6511799171566963
  landing: 0.9473340287804604
  view-data: 3.5768174827098846
