times:
  edit-metadata: 1.3628364317119122
  landing: 0.706944115459919
  view-data: 3.3270584531128407
