times:
  edit-metadata: 1.4626847952604294
  landing: 0.7793969064950943
  view-data: 3.517070271074772
