times:
  edit-metadata: 1.474542573094368
  landing: 0.8759797066450119
  view-data: 3.495991177856922
