times:
  edit-metadata: 1.344484906643629
  landing: 0.7633303739130497
  view-data: 3.3134886659681797
