times:
  edit-metadata: 1.6890720501542091
  landing: 0.8086040914058685
  view-data: 3.5753688886761665
