times:
  edit-metadata: 1.4630950130522251
  landing: 0.8097521923482418
  view-data: 3.322278305888176
