times:
  edit-metadata: 1.3941397778689861
  landing: 0.8770011030137539
  view-data: 3.3220169954001904
