times:
  edit-metadata: 1.3497416377067566
  landing: 0.7659424468874931
  view-data: 3.271005228161812
