times:
  edit-metadata: 1.3680827468633652
  landing: 0.7647852376103401
  view-data: 3.500932976603508
