times:
  edit-metadata: 1.5866708308458328
  landing: 0.7908911965787411
  view-data: 3.3747257441282272
