times:
  edit-metadata: 1.3694017678499222
  landing: 0.803635761141777
  view-data: 3.475894048810005
