times:
  edit-metadata: 1.3435118272900581
  landing: 0.862620398402214
  view-data: 3.7299936562776566
