times:
  edit-metadata: 1.497880943119526
  landing: 0.7577667981386185
  view-data: 3.50899089127779
