times:
  edit-metadata: 1.7361523658037186
  landing: 0.8879711590707302
  view-data: 3.3557493910193443
