times:
  edit-metadata: 1.4573659375309944
  landing: 0.7613177299499512
  view-data: 3.4138365909457207
