times:
  edit-metadata: 1.6271281689405441
  landing: 0.9634780287742615
  view-data: 3.382767677307129
