times:
  edit-metadata: 1.7498143166303635
  landing: 0.7910904958844185
  view-data: 3.339607536792755
