times:
  edit-metadata: 1.5464711338281631
  landing: 0.9003071412444115
  view-data: 3.32611270993948
