times:
  edit-metadata: 1.3673946857452393
  landing: 0.7411028370261192
  view-data: 3.4638520255684853
