times:
  edit-metadata: 1.9019217230379581
  landing: 1.0584610551595688
  view-data: 3.392912082374096
