times:
  edit-metadata: 1.3852570056915283
  landing: 0.7489315271377563
  view-data: 3.298929635435343
