times:
  edit-metadata: 2.0602852441370487
  landing: 1.3081024438142776
  view-data: 3.607014626264572
