times:
  edit-metadata: 1.4889564365148544
  landing: 0.7573661208152771
  view-data: 3.4541572108864784
