times:
  edit-metadata: 1.4484702087938786
  landing: 0.8719444423913956
  view-data: 3.2976391576230526
