times:
  edit-metadata: 1.466908685863018
  landing: 0.8693873584270477
  view-data: 3.3249975219368935
