times:
  edit-metadata: 1.4261972606182098
  landing: 0.7325541526079178
  view-data: 3.481324076652527
