times:
  edit-metadata: 1.663635477423668
  landing: 1.1690582484006882
  view-data: 3.430976241827011
