times:
  edit-metadata: 1.5209970325231552
  landing: 0.9329624027013779
  view-data: 3.365758128464222
