times:
  edit-metadata: 1.453140139579773
  landing: 0.8927551954984665
  view-data: 3.4805741161108017
