times:
  edit-metadata: 1.4895464554429054
  landing: 0.8215718939900398
  view-data: 3.368542581796646
