times:
  edit-metadata: 1.5633005239069462
  landing: 0.8457099981606007
  view-data: 3.315182600170374
