times:
  edit-metadata: 1.3843536674976349
  landing: 0.7650919929146767
  view-data: 3.449855662882328
