times:
  edit-metadata: 1.3511614203453064
  landing: 0.7289338149130344
  view-data: 3.367772866040468
