times:
  edit-metadata: 1.4327317848801613
  landing: 0.8709538355469704
  view-data: 3.4243450462818146
