times:
  edit-metadata: 2.153859071433544
  landing: 1.5583550930023193
  view-data: 3.6215492710471153
