times:
  edit-metadata: 1.4285068437457085
  landing: 0.7269687131047249
  view-data: 3.473216287791729
