times:
  edit-metadata: 1.378387413918972
  landing: 0.8889257907867432
  view-data: 3.4967918768525124
