times:
  edit-metadata: 1.436103716492653
  landing: 0.930930994451046
  view-data: 3.451910078525543
