times:
  edit-metadata: 1.438278317451477
  landing: 0.821556806564331
  view-data: 3.484427496790886
