times:
  edit-metadata: 2.2848646007478237
  landing: 1.215168982744217
  view-data: 3.36728972569108
