times:
  edit-metadata: 2.2406266145408154
  landing: 1.1305584348738194
  view-data: 3.344363622367382
