times:
  edit-metadata: 1.4543887376785278
  landing: 0.733971543610096
  view-data: 3.4747239500284195
