times:
  edit-metadata: 1.7012695111334324
  landing: 0.8381366357207298
  view-data: 3.3359351567924023
