times:
  edit-metadata: 1.3588799834251404
  landing: 0.6783469244837761
  view-data: 3.5056992173194885
