times:
  edit-metadata: 1.3636992573738098
  landing: 0.7730115130543709
  view-data: 3.538139656186104
