times:
  edit-metadata: 1.4625581800937653
  landing: 0.8621275350451469
  view-data: 3.5673554465174675
