times:
  edit-metadata: 1.444668471813202
  landing: 0.7349909916520119
  view-data: 3.556688606739044
