times:
  edit-metadata: 1.4719464108347893
  landing: 0.8123511150479317
  view-data: 3.463825047016144
