times:
  edit-metadata: 1.4001633934676647
  landing: 0.7388344332575798
  view-data: 3.3167907297611237
