times:
  edit-metadata: 1.5557420253753662
  landing: 0.853236623108387
  view-data: 3.4722366482019424
