times:
  edit-metadata: 1.4702313244342804
  landing: 0.8197588324546814
  view-data: 3.323112338781357
