times:
  edit-metadata: 1.3584377020597458
  landing: 0.7263500541448593
  view-data: 3.3200620487332344
