times:
  edit-metadata: 1.809794396162033
  landing: 1.048867627978325
  view-data: 3.412084221839905
