times:
  edit-metadata: 1.5075602903962135
  landing: 0.8216563910245895
  view-data: 3.4586193040013313
