times:
  edit-metadata: 1.4320461265742779
  landing: 1.0202365443110466
  view-data: 3.3951730132102966
