times:
  edit-metadata: 1.3958432897925377
  landing: 0.7505808621644974
  view-data: 3.4238496497273445
