times:
  edit-metadata: 1.383910171687603
  landing: 0.7328085973858833
  view-data: 3.4246558994054794
