times:
  edit-metadata: 1.4045821204781532
  landing: 0.7639025151729584
  view-data: 3.4467808455228806
