times:
  edit-metadata: 1.3730553016066551
  landing: 0.9809771329164505
  view-data: 3.281408965587616
