times:
  edit-metadata: 1.405195590108633
  landing: 0.902224775403738
  view-data: 3.392515916377306
