times:
  edit-metadata: 1.501111976802349
  landing: 0.8263822756707668
  view-data: 3.385651856660843
