times:
  edit-metadata: 1.5320425480604172
  landing: 0.7887684740126133
  view-data: 3.285077713429928
