times:
  edit-metadata: 1.4132402166724205
  landing: 0.7503665089607239
  view-data: 3.33154384419322
