times:
  edit-metadata: 1.456072986125946
  landing: 0.8965866565704346
  view-data: 3.653449811041355
