times:
  edit-metadata: 1.4890883825719357
  landing: 0.8084774427115917
  view-data: 3.340138230472803
