times:
  edit-metadata: 1.4456578716635704
  landing: 0.835810013115406
  view-data: 3.351015992462635
