times:
  edit-metadata: 1.5695904567837715
  landing: 0.758772075176239
  view-data: 3.520396411418915
