times:
  edit-metadata: 1.5227092579007149
  landing: 1.0681294649839401
  view-data: 3.4268354400992393
