times:
  edit-metadata: 2.2665822878479958
  landing: 1.023545328527689
  view-data: 3.3358289375901222
