times:
  edit-metadata: 1.3861900642514229
  landing: 0.7491987124085426
  view-data: 3.2991560846567154
