times:
  edit-metadata: 1.6576273255050182
  landing: 0.9247891344130039
  view-data: 3.3375853709876537
