times:
  edit-metadata: 1.445240743458271
  landing: 0.7460879683494568
  view-data: 3.4762202575802803
