times:
  edit-metadata: 1.5349175930023193
  landing: 0.8574546054005623
  view-data: 3.4060071520507336
