times:
  edit-metadata: 1.6141583546996117
  landing: 1.008210550993681
  view-data: 3.2573187984526157
