times:
  edit-metadata: 1.3779162727296352
  landing: 0.7620611488819122
  view-data: 3.3403693176805973
