times:
  edit-metadata: 1.3550221174955368
  landing: 0.7979100234806538
  view-data: 3.2528371699154377
