times:
  edit-metadata: 1.1171541139483452
  landing: 0.8202765733003616
  view-data: 3.5200845822691917
