times:
  edit-metadata: 1.440115936100483
  landing: 0.7356071434915066
  view-data: 3.3002430498600006
