times:
  edit-metadata: 1.3373871818184853
  landing: 0.8121763914823532
  view-data: 3.2881191968917847
