times:
  edit-metadata: 1.956115074455738
  landing: 1.181999284774065
  view-data: 3.4740398935973644
