times:
  edit-metadata: 1.4424806833267212
  landing: 0.8232427164912224
  view-data: 3.412086322903633
