times:
  edit-metadata: 1.5002079457044601
  landing: 0.7129118591547012
  view-data: 3.5203461199998856
