times:
  edit-metadata: 1.3340648412704468
  landing: 0.7625803798437119
  view-data: 3.296420056372881
