times:
  edit-metadata: 2.6902512535452843
  landing: 1.261778101325035
  view-data: 3.5247721523046494
