times:
  edit-metadata: 1.360089022666216
  landing: 0.7644727863371372
  view-data: 3.3672627098858356
