times:
  edit-metadata: 1.3680128529667854
  landing: 0.9019295275211334
  view-data: 3.3283754885196686
