times:
  edit-metadata: 1.3617452010512352
  landing: 0.8088884204626083
  view-data: 3.291865848004818
