times:
  edit-metadata: 1.365537367761135
  landing: 0.8096111789345741
  view-data: 3.50007563829422
