times:
  edit-metadata: 1.3744529262185097
  landing: 0.7098410278558731
  view-data: 3.4277720004320145
