times:
  edit-metadata: 1.4839829206466675
  landing: 0.7270334735512733
  view-data: 3.4654137939214706
