times:
  edit-metadata: 1.413245476782322
  landing: 0.8455144092440605
  view-data: 3.5410464257001877
