times:
  edit-metadata: 1.4475490972399712
  landing: 1.2582469582557678
  view-data: 3.5795696452260017
