times:
  edit-metadata: 1.4194934889674187
  landing: 0.7552051469683647
  view-data: 3.463057927787304
