times:
  edit-metadata: 1.383125551044941
  landing: 0.7167653813958168
  view-data: 3.4345973059535027
