times:
  edit-metadata: 1.748367853462696
  landing: 1.0030617639422417
  view-data: 3.741952583193779
