times:
  edit-metadata: 1.47843699157238
  landing: 0.7982140704989433
  view-data: 3.8310512974858284
