times:
  edit-metadata: 1.4455078169703484
  landing: 0.852884616702795
  view-data: 3.2691096365451813
