times:
  edit-metadata: 2.244949549436569
  landing: 1.4589197412133217
  view-data: 3.5766778960824013
