times:
  edit-metadata: 1.5813394635915756
  landing: 0.829567663371563
  view-data: 3.4240702465176582
