times:
  edit-metadata: 1.6715505495667458
  landing: 1.2640109956264496
  view-data: 3.440574422478676
