times:
  edit-metadata: 1.530265912413597
  landing: 0.9773777723312378
  view-data: 3.4007563553750515
