times:
  edit-metadata: 1.6987189054489136
  landing: 1.0343632698059082
  view-data: 3.5233034044504166
