times:
  edit-metadata: 1.5747908353805542
  landing: 0.9102173261344433
  view-data: 3.2853806391358376
