times:
  edit-metadata: 1.4933505803346634
  landing: 0.9164373725652695
  view-data: 3.3672956004738808
