times:
  edit-metadata: 1.9580694884061813
  landing: 1.045224692672491
  view-data: 3.3529055640101433
