times:
  edit-metadata: 2.1863681226968765
  landing: 1.4022333174943924
  view-data: 3.5995379835367203
