times:
  edit-metadata: 1.4267646558582783
  landing: 0.8662140257656574
  view-data: 3.3549227081239223
