times:
  edit-metadata: 1.5298268422484398
  landing: 0.8807808831334114
  view-data: 3.4379633143544197
