times:
  edit-metadata: 1.5541408881545067
  landing: 0.9334926009178162
  view-data: 3.551151469349861
