times:
  edit-metadata: 1.4794144555926323
  landing: 0.99652199447155
  view-data: 3.3203426226973534
