times:
  edit-metadata: 1.4625007286667824
  landing: 0.8950467184185982
  view-data: 3.400684170424938
