times:
  edit-metadata: 1.626443587243557
  landing: 0.794718012213707
  view-data: 3.3042496368288994
