times:
  edit-metadata: 1.4535386711359024
  landing: 0.9546333029866219
  view-data: 3.266772512346506
