times:
  edit-metadata: 1.5525365397334099
  landing: 0.8168932348489761
  view-data: 3.4607027769088745
