times:
  edit-metadata: 1.498503677546978
  landing: 0.8273897841572762
  view-data: 3.5670622512698174
