times:
  edit-metadata: 1.5687358751893044
  landing: 0.7952131032943726
  view-data: 3.617579221725464
