times:
  edit-metadata: 1.4856088533997536
  landing: 0.8072361722588539
  view-data: 3.5204959958791733
