times:
  edit-metadata: 1.493176706135273
  landing: 0.8993326425552368
  view-data: 3.4740836918354034
