times:
  edit-metadata: 1.1762749403715134
  landing: 0.7377206534147263
  view-data: 3.3890461325645447
