times:
  edit-metadata: 2.1973665431141853
  landing: 1.3895351067185402
  view-data: 3.8237351924180984
