times:
  edit-metadata: 1.5154010280966759
  landing: 0.9539078995585442
  view-data: 3.3117482140660286
