times:
  edit-metadata: 1.5111258551478386
  landing: 0.7831653989851475
  view-data: 3.3168490938842297
