times:
  edit-metadata: 1.988564819097519
  landing: 1.0616368874907494
  view-data: 3.3928636461496353
