times:
  edit-metadata: 1.5819844864308834
  landing: 0.9476573653519154
  view-data: 3.337992124259472
