times:
  edit-metadata: 1.6627552658319473
  landing: 0.8604062646627426
  view-data: 3.3875768557190895
