times:
  edit-metadata: 1.9027539379894733
  landing: 1.082120418548584
  view-data: 3.39370034635067
