times:
  edit-metadata: 2.0418272614479065
  landing: 1.1322199553251266
  view-data: 3.391170844435692
