times:
  edit-metadata: 1.751698862761259
  landing: 1.1233335062861443
  view-data: 3.371061220765114
