times:
  edit-metadata: 1.5040359273552895
  landing: 0.851600207388401
  view-data: 3.5192955508828163
