times:
  edit-metadata: 1.618558369576931
  landing: 0.8748649507761002
  view-data: 3.4389784932136536
