times:
  edit-metadata: 1.9281900189816952
  landing: 1.1706454642117023
  view-data: 3.35605014488101
