times:
  edit-metadata: 1.688108168542385
  landing: 1.2242940217256546
  view-data: 3.3561946004629135
