times:
  edit-metadata: 1.6818048804998398
  landing: 0.8873729817569256
  view-data: 3.3272704295814037
