times:
  edit-metadata: 1.7002033218741417
  landing: 0.9434813931584358
  view-data: 3.3486901856958866
