times:
  edit-metadata: 1.5945876389741898
  landing: 1.0866451114416122
  view-data: 3.3114739060401917
