times:
  edit-metadata: 2.2160179764032364
  landing: 1.2638574987649918
  view-data: 3.4150128215551376
