times:
  edit-metadata: 1.4823387674987316
  landing: 0.8321763761341572
  view-data: 3.361840207129717
