times:
  edit-metadata: 1.5132245942950249
  landing: 0.9607059955596924
  view-data: 3.5325565710663795
