times:
  edit-metadata: 3.7788268886506557
  landing: 1.4401885569095612
  view-data: 3.970998916774988
