times:
  edit-metadata: 1.6757890209555626
  landing: 1.0243475660681725
  view-data: 3.503936320543289
