times:
  edit-metadata: 2.368232574313879
  landing: 1.4283553436398506
  view-data: 3.4430628456175327
