times:
  edit-metadata: 1.5929578356444836
  landing: 0.899196695536375
  view-data: 3.3437362760305405
