times:
  edit-metadata: 1.5683439895510674
  landing: 0.9141825735569
  view-data: 3.4384864792227745
