times:
  edit-metadata: 1.466094620525837
  landing: 0.8221619874238968
  view-data: 3.40454613417387
