times:
  edit-metadata: 1.4639074690639973
  landing: 0.9302036203444004
  view-data: 3.9633541963994503
