times:
  edit-metadata: 1.6307395845651627
  landing: 1.0014870539307594
  view-data: 3.3187257200479507
