times:
  edit-metadata: 1.7226530984044075
  landing: 0.8414522260427475
  view-data: 3.3194161355495453
