times:
  edit-metadata: 1.5374636128544807
  landing: 0.9820215702056885
  view-data: 3.465744100511074
