times:
  edit-metadata: 1.9716850854456425
  landing: 1.1085403077304363
  view-data: 3.3833723291754723
