times:
  edit-metadata: 1.492389515042305
  landing: 0.9448335617780685
  view-data: 3.7145967967808247
