times:
  edit-metadata: 1.5600249618291855
  landing: 0.8539595082402229
  view-data: 3.307742662727833
