times:
  edit-metadata: 1.495610885322094
  landing: 0.8272364214062691
  view-data: 3.392219588160515
