times:
  edit-metadata: 1.4282232001423836
  landing: 0.8954650387167931
  view-data: 3.330670177936554
