times:
  edit-metadata: 1.6081950888037682
  landing: 1.0277331918478012
  view-data: 3.474187456071377
