times:
  edit-metadata: 1.4642469994723797
  landing: 0.8820218034088612
  view-data: 3.2553775161504745
