times:
  edit-metadata: 1.399252388626337
  landing: 0.8321533910930157
  view-data: 3.2626883648335934
