times:
  edit-metadata: 1.5641916915774345
  landing: 0.8772756606340408
  view-data: 3.45959310233593
