times:
  edit-metadata: 1.5987837985157967
  landing: 0.8172750100493431
  view-data: 3.585433214902878
