times:
  edit-metadata: 1.6652732715010643
  landing: 1.155336044728756
  view-data: 3.4321330562233925
