times:
  edit-metadata: 1.4988841749727726
  landing: 0.8622979409992695
  view-data: 3.313843607902527
