times:
  edit-metadata: 1.4959045127034187
  landing: 0.9413550272583961
  view-data: 3.510006546974182
