times:
  edit-metadata: 1.4563338160514832
  landing: 0.8679051660001278
  view-data: 3.297556411474943
