times:
  edit-metadata: 1.5408873483538628
  landing: 0.7502586022019386
  view-data: 3.4423496276140213
