times:
  edit-metadata: 1.4744791388511658
  landing: 0.8336078301072121
  view-data: 3.4940501675009727
