times:
  edit-metadata: 1.734663464128971
  landing: 0.8978157117962837
  view-data: 3.3437165319919586
