times:
  edit-metadata: 1.704772174358368
  landing: 0.863447517156601
  view-data: 3.406887412071228
