times:
  edit-metadata: 1.6236426010727882
  landing: 0.7758244797587395
  view-data: 3.452383615076542
