times:
  edit-metadata: 1.5315708592534065
  landing: 1.3849386870861053
  view-data: 3.347396083176136
