times:
  edit-metadata: 1.5095025673508644
  landing: 0.8973873630166054
  view-data: 3.4626979902386665
