times:
  edit-metadata: 1.9110799953341484
  landing: 1.4315340220928192
  view-data: 3.3892439380288124
