times:
  edit-metadata: 1.5319750756025314
  landing: 0.8671097680926323
  view-data: 3.377849481999874
