times:
  edit-metadata: 1.6621580347418785
  landing: 0.8436010852456093
  view-data: 3.37102659791708
