times:
  edit-metadata: 1.5807783007621765
  landing: 0.9139839187264442
  view-data: 3.37983700633049
