times:
  edit-metadata: 1.4433431848883629
  landing: 0.8234701156616211
  view-data: 3.429344542324543
