times:
  edit-metadata: 1.6739943623542786
  landing: 0.7901229709386826
  view-data: 3.3855499923229218
