times:
  edit-metadata: 1.5552480556070805
  landing: 0.8858677633106709
  view-data: 3.3338948115706444
