times:
  edit-metadata: 1.5453502088785172
  landing: 0.7686920911073685
  view-data: 3.5047960206866264
