times:
  edit-metadata: 1.4279308170080185
  landing: 0.8617385625839233
  view-data: 3.4408097118139267
