times:
  edit-metadata: 1.5185686573386192
  landing: 0.8900176547467709
  view-data: 3.3472398407757282
