times:
  edit-metadata: 1.5665301755070686
  landing: 1.012016162276268
  view-data: 3.453761473298073
