times:
  edit-metadata: 1.5344359539449215
  landing: 0.9315019585192204
  view-data: 3.292711514979601
