times:
  edit-metadata: 1.4830933772027493
  landing: 0.8090037405490875
  view-data: 3.2724476903676987
