times:
  edit-metadata: 2.000167228281498
  landing: 1.0411959998309612
  view-data: 3.301162790507078
