times:
  edit-metadata: 1.5030121058225632
  landing: 0.8274470493197441
  view-data: 3.455183297395706
