times:
  edit-metadata: 2.1298735439777374
  landing: 1.1364993527531624
  view-data: 3.317299723625183
