times:
  edit-metadata: 1.4741826131939888
  landing: 1.1564742662012577
  view-data: 3.3754429817199707
