times:
  edit-metadata: 1.5689825974404812
  landing: 0.9218440987169743
  view-data: 3.271303728222847
