times:
  edit-metadata: 1.8338325545191765
  landing: 0.9537160098552704
  view-data: 3.4487563967704773
