times:
  edit-metadata: 2.15851541608572
  landing: 0.9713747724890709
  view-data: 3.6286699920892715
