times:
  edit-metadata: 2.6390527077019215
  landing: 1.3309479095041752
  view-data: 3.702214155346155
