times:
  edit-metadata: 1.6551979258656502
  landing: 0.8470473811030388
  view-data: 3.4518505819141865
