times:
  edit-metadata: 1.5970534905791283
  landing: 0.8420901671051979
  view-data: 3.561165876686573
