times:
  edit-metadata: 1.4660319089889526
  landing: 0.8245840966701508
  view-data: 3.604586649686098
