times:
  edit-metadata: 1.5341996848583221
  landing: 1.0301292054355145
  view-data: 3.3278994001448154
