times:
  edit-metadata: 1.4999169632792473
  landing: 0.8030072897672653
  view-data: 3.4581625536084175
