times:
  edit-metadata: 1.8201012313365936
  landing: 0.8579489514231682
  view-data: 3.6235799342393875
