times:
  edit-metadata: 1.3409905657172203
  landing: 0.866053007543087
  view-data: 3.4604531601071358
