times:
  edit-metadata: 1.5120462775230408
  landing: 0.9334053620696068
  view-data: 3.5042113438248634
