times:
  edit-metadata: 2.26136739179492
  landing: 0.8684273101389408
  view-data: 3.390946976840496
