times:
  edit-metadata: 1.5280826687812805
  landing: 0.904485460370779
  view-data: 3.3534913435578346
