times:
  edit-metadata: 1.5317219719290733
  landing: 0.9780626967549324
  view-data: 3.31120415776968
