times:
  edit-metadata: 1.3985409922897816
  landing: 0.8349888995289803
  view-data: 3.2531731836497784
