times:
  edit-metadata: 1.5430166125297546
  landing: 0.8598082885146141
  view-data: 3.5073870718479156
