times:
  edit-metadata: 1.5281718969345093
  landing: 0.9566129371523857
  view-data: 3.5050345957279205
