times:
  edit-metadata: 1.6716041564941406
  landing: 1.280467964708805
  view-data: 3.7556480765342712
