times:
  edit-metadata: 1.5425494834780693
  landing: 0.9158368557691574
  view-data: 3.3930796459317207
