times:
  edit-metadata: 1.5027316361665726
  landing: 0.862271536141634
  view-data: 3.2820701897144318
