times:
  edit-metadata: 1.6621382907032967
  landing: 1.1349381357431412
  view-data: 3.3456640280783176
