times:
  edit-metadata: 1.5367577597498894
  landing: 0.863015241920948
  view-data: 3.3279619961977005
