times:
  edit-metadata: 1.4131737053394318
  landing: 0.8385519534349442
  view-data: 3.5065324157476425
