times:
  edit-metadata: 1.5285521447658539
  landing: 0.7974953874945641
  view-data: 3.421615108847618
