times:
  edit-metadata: 2.5282739400863647
  landing: 1.4414812698960304
  view-data: 3.600183829665184
