times:
  edit-metadata: 1.503281146287918
  landing: 0.8330109938979149
  view-data: 3.5124840065836906
