times:
  edit-metadata: 1.2019458636641502
  landing: 0.7626242637634277
  view-data: 3.493778869509697
