times:
  edit-metadata: 1.6259444281458855
  landing: 0.8582823425531387
  view-data: 3.2872979938983917
