times:
  edit-metadata: 1.4777528271079063
  landing: 0.9077625274658203
  view-data: 3.3640257753431797
