times:
  edit-metadata: 1.7388496100902557
  landing: 1.1621501930058002
  view-data: 3.2562241666018963
