times:
  edit-metadata: 1.5428488999605179
  landing: 0.8421433046460152
  view-data: 3.421774744987488
