times:
  edit-metadata: 1.5767951644957066
  landing: 0.8625051267445087
  view-data: 3.3868859261274338
