times:
  edit-metadata: 2.9634493589401245
  landing: 2.0297008380293846
  view-data: 3.5338276997208595
