times:
  edit-metadata: 1.8902970924973488
  landing: 0.9959383085370064
  view-data: 3.3306145071983337
