times:
  edit-metadata: 1.5269070863723755
  landing: 0.8591770082712173
  view-data: 3.4792600944638252
