times:
  edit-metadata: 1.4917558282613754
  landing: 0.8946249112486839
  view-data: 3.351665236055851
