times:
  edit-metadata: 1.4877479560673237
  landing: 0.7990967854857445
  view-data: 3.3206415697932243
