times:
  edit-metadata: 1.593769110739231
  landing: 0.8234821483492851
  view-data: 3.306069541722536
