times:
  edit-metadata: 1.3221459724009037
  landing: 0.9135231114923954
  view-data: 3.350640684366226
