times:
  edit-metadata: 1.4875320196151733
  landing: 0.9190974161028862
  view-data: 3.4607218876481056
