times:
  edit-metadata: 1.423137217760086
  landing: 0.821841761469841
  view-data: 3.523832254111767
