times:
  edit-metadata: 2.26604875177145
  landing: 1.4178745448589325
  view-data: 3.467256724834442
