times:
  edit-metadata: 1.476113885641098
  landing: 1.1398966684937477
  view-data: 3.3321485370397568
