times:
  edit-metadata: 1.458689384162426
  landing: 0.8060211092233658
  view-data: 3.4064846560359
