times:
  edit-metadata: 1.6188717558979988
  landing: 0.7732031866908073
  view-data: 3.5379918590188026
