times:
  edit-metadata: 1.581925243139267
  landing: 0.953283816576004
  view-data: 3.3343839421868324
