times:
  edit-metadata: 1.4058690145611763
  landing: 0.8242083787918091
  view-data: 3.4181973934173584
