times:
  edit-metadata: 1.5431927293539047
  landing: 0.8254094794392586
  view-data: 3.4774093627929688
