times:
  edit-metadata: 1.5444465652108192
  landing: 0.8824563175439835
  view-data: 3.509019061923027
