times:
  edit-metadata: 1.534710817039013
  landing: 0.9271797761321068
  view-data: 3.293858375400305
