times:
  edit-metadata: 1.601460613310337
  landing: 0.9689248502254486
  view-data: 3.4277121275663376
