times:
  edit-metadata: 1.460325114428997
  landing: 0.908883772790432
  view-data: 3.5035221353173256
