times:
  edit-metadata: 1.7398176118731499
  landing: 1.110785398632288
  view-data: 3.345104992389679
