times:
  edit-metadata: 1.750057801604271
  landing: 1.0682622641324997
  view-data: 3.424909509718418
