times:
  edit-metadata: 1.551405243575573
  landing: 0.8842213302850723
  view-data: 3.52056235820055
