times:
  edit-metadata: 1.4618411287665367
  landing: 1.0612010061740875
  view-data: 3.4505496323108673
