times:
  edit-metadata: 1.4056906215846539
  landing: 0.8664496019482613
  view-data: 3.339798118919134
