times:
  landing: 1.0667157629999906
  view-data: 2.0970492849999687
