times:
  landing: 1.079063051999583
  view-data: 4.191157132000171
