times:
  landing: 1.082160784999985
  view-data: 1.0706232460000251
