times:
  landing: 1.0707507810000152
  view-data: 3.1496164330000056
