times:
  landing: 1.5966317020000247
  view-data: 3.6682652609999877
