times:
  landing: 1.5889921880000202
  view-data: 5.214585145000001
