times:
  landing: 1.0842314359999818
  view-data: 5.214665589999981
