times:
  landing: 1.097389029999988
  view-data: 3.1630617110000117
