times:
  landing: 1.0677163710006425
  view-data: 3.669395011999768
