times:
  landing: 1.0706733140000324
  view-data: 5.759497582999984
