times:
  landing: 1.6087305300000025
  view-data: 5.750019787000042
