times:
  landing: 1.0691451359999746
  view-data: 3.6624420429999986
