times:
  edit-metadata: 1.5156839564442635
  landing: 0.9227200746536255
  view-data: 3.5388379022479057
