times:
  edit-metadata: 1.5202621221542358
  landing: 0.819118045270443
  view-data: 3.4702235013246536
