times:
  edit-metadata: 1.5687731243669987
  landing: 0.90028927475214
  view-data: 3.4017211571335793
