times:
  edit-metadata: 1.441749632358551
  landing: 0.8369619585573673
  view-data: 3.362709164619446
