times:
  edit-metadata: 1.4381616860628128
  landing: 0.9773753099143505
  view-data: 3.3213557712733746
