times:
  edit-metadata: 1.4467220939695835
  landing: 0.9593260996043682
  view-data: 3.3873742036521435
