times:
  edit-metadata: 1.5641388669610023
  landing: 0.9819837138056755
  view-data: 3.3799018040299416
