times:
  edit-metadata: 1.396446917206049
  landing: 1.0265114568173885
  view-data: 3.3218428567051888
