times:
  edit-metadata: 1.4653364941477776
  landing: 0.8526926338672638
  view-data: 0.6180931404232979
