times:
  edit-metadata: 1.4269917160272598
  landing: 0.9825098998844624
  view-data: 3.4070109836757183
