times:
  edit-metadata: 1.7431572005152702
  landing: 1.0721349343657494
  view-data: 3.531595289707184
