times:
  edit-metadata: 1.566233478486538
  landing: 0.8638652712106705
  view-data: 3.5799828618764877
