times:
  edit-metadata: 1.4757639691233635
  landing: 0.8812806345522404
  view-data: 3.3838051445782185
