times:
  edit-metadata: 1.4390054792165756
  landing: 0.9585467055439949
  view-data: 3.3455480225384235
