times:
  edit-metadata: 1.4469247311353683
  landing: 0.8724834285676479
  view-data: 3.3765855208039284
