times:
  edit-metadata: 1.502406768500805
  landing: 0.9563625007867813
  view-data: 3.4187820963561535
