times:
  edit-metadata: 1.4723882526159286
  landing: 0.814885787665844
  view-data: 3.585554860532284
