times:
  edit-metadata: 1.5100907571613789
  landing: 0.8398450948297977
  view-data: 3.361527282744646
