times:
  edit-metadata: 1.4829337112605572
  landing: 0.8008883744478226
  view-data: 3.396362893283367
