times:
  edit-metadata: 1.483964242041111
  landing: 0.7902593538165092
  view-data: 3.563565880060196
