times:
  edit-metadata: 1.4411922879517078
  landing: 0.9159716553986073
  view-data: 3.3092657141387463
