times:
  edit-metadata: 1.4272214025259018
  landing: 0.8163765743374825
  view-data: 3.569641299545765
