times:
  edit-metadata: 1.80290949344635
  landing: 1.139468565583229
  view-data: 3.457549013197422
