times:
  edit-metadata: 1.4805168062448502
  landing: 1.030314490199089
  view-data: 3.535741627216339
