times:
  edit-metadata: 1.7351812645792961
  landing: 0.9291093535721302
  view-data: 3.349636673927307
