times:
  edit-metadata: 1.5269731506705284
  landing: 0.9042982906103134
  view-data: 3.327846810221672
