times:
  edit-metadata: 1.6995809189975262
  landing: 1.0483801290392876
  view-data: 3.4088780842721462
