times:
  edit-metadata: 1.3639439828693867
  landing: 0.9679871909320354
  view-data: 3.295097414404154
