times:
  edit-metadata: 2.1692661195993423
  landing: 1.4123982191085815
  view-data: 3.56245606392622
