times:
  edit-metadata: 1.5514177978038788
  landing: 1.0360482931137085
  view-data: 3.5767860785126686
