times:
  edit-metadata: 1.5182831585407257
  landing: 0.9190504550933838
  view-data: 3.332805149257183
