times:
  edit-metadata: 1.7173642963171005
  landing: 1.0856144800782204
  view-data: 3.3577393889427185
