times:
  edit-metadata: 1.5973688922822475
  landing: 0.8398592211306095
  view-data: 3.450014304369688
