times:
  edit-metadata: 1.4706449881196022
  landing: 0.7886140570044518
  view-data: 3.4086503610014915
