times:
  edit-metadata: 1.3872558325529099
  landing: 0.7224679291248322
  view-data: 3.5061960741877556
