times:
  edit-metadata: 1.563555646687746
  landing: 0.9357854910194874
  view-data: 3.3913963958621025
