times:
  edit-metadata: 1.3690812587738037
  landing: 0.7941362410783768
  view-data: 0.6155165955424309
