times:
  edit-metadata: 1.6270838752388954
  landing: 0.9201774448156357
  view-data: 3.3900902792811394
