times:
  edit-metadata: 1.4716226905584335
  landing: 0.7659282013773918
  view-data: 3.543673925101757
