times:
  edit-metadata: 1.3454051427543163
  landing: 0.7801844216883183
  view-data: 3.3232559598982334
