times:
  edit-metadata: 1.4579011872410774
  landing: 0.8104528412222862
  view-data: 3.5547587797045708
