times:
  edit-metadata: 1.8055297024548054
  landing: 0.9925499223172665
  view-data: 3.34499579295516
