times:
  edit-metadata: 1.4860836453735828
  landing: 0.813704639673233
  view-data: 3.288604997098446
