times:
  edit-metadata: 1.9727984443306923
  landing: 1.4134129546582699
  view-data: 4.0820956490933895
