times:
  edit-metadata: 1.4596725031733513
  landing: 0.7702053636312485
  view-data: 3.5404106825590134
