times:
  edit-metadata: 1.6376712918281555
  landing: 0.983078844845295
  view-data: 3.389076128602028
