times:
  edit-metadata: 1.5382010340690613
  landing: 0.8664550185203552
  view-data: 3.510022923350334
