times:
  edit-metadata: 1.7136308588087559
  landing: 1.301000852137804
  view-data: 3.5347021743655205
