times:
  edit-metadata: 1.4277822896838188
  landing: 1.176884949207306
  view-data: 3.3978325724601746
