times:
  edit-metadata: 1.5123087763786316
  landing: 0.8479394093155861
  view-data: 3.612012855708599
