times:
  edit-metadata: 1.421348426491022
  landing: 0.8053048439323902
  view-data: 3.292557206004858
