times:
  edit-metadata: 1.5136057883501053
  landing: 1.0056213662028313
  view-data: 3.899404399096966
