times:
  edit-metadata: 2.0451530292630196
  landing: 1.519361287355423
  view-data: 3.734439305961132
