times:
  edit-metadata: 1.474725067615509
  landing: 0.8482209667563438
  view-data: 3.469861961901188
