times:
  edit-metadata: 1.563742458820343
  landing: 0.9340563863515854
  view-data: 3.5709225833415985
