times:
  edit-metadata: 1.4500759094953537
  landing: 0.9229619204998016
  view-data: 3.373781681060791
