times:
  edit-metadata: 1.601195551455021
  landing: 0.9577589780092239
  view-data: 3.5019357055425644
