times:
  edit-metadata: 3.675503686070442
  landing: 2.4109888896346092
  view-data: 3.674165405333042
