times:
  edit-metadata: 1.9219615012407303
  landing: 1.431916169822216
  view-data: 3.4115588814020157
