times:
  edit-metadata: 1.4319881051778793
  landing: 0.7740974947810173
  view-data: 3.514912985265255
