times:
  edit-metadata: 1.362321399152279
  landing: 0.9012606479227543
  view-data: 3.4375057220458984
