times:
  edit-metadata: 1.8938321322202682
  landing: 1.022007692605257
  view-data: 3.4713528119027615
