times:
  edit-metadata: 1.594573300331831
  landing: 0.9426406100392342
  view-data: 3.3972284607589245
