times:
  edit-metadata: 1.4961105659604073
  landing: 0.8928715921938419
  view-data: 3.348802365362644
