times:
  edit-metadata: 1.4187464341521263
  landing: 0.8342037424445152
  view-data: 3.487669140100479
