times:
  edit-metadata: 1.531535565853119
  landing: 0.8638843633234501
  view-data: 3.3979661390185356
