times:
  edit-metadata: 1.4552931264042854
  landing: 0.7850510887801647
  view-data: 3.365310851484537
