times:
  edit-metadata: 1.3695466443896294
  landing: 0.7934981733560562
  view-data: 3.5774886310100555
