times:
  edit-metadata: 1.5297788605093956
  landing: 0.8305057436227798
  view-data: 3.4557520747184753
