times:
  edit-metadata: 1.4385076984763145
  landing: 0.787698321044445
  view-data: 3.6375894993543625
