times:
  edit-metadata: 1.395239070057869
  landing: 0.8613970875740051
  view-data: 3.3149773851037025
