times:
  edit-metadata: 1.6966224499046803
  landing: 0.9086166135966778
  view-data: 3.3714809007942677
