times:
  edit-metadata: 1.3823018223047256
  landing: 0.8657306730747223
  view-data: 3.385037623345852
