times:
  edit-metadata: 1.430700946599245
  landing: 0.9562346003949642
  view-data: 3.2935204543173313
