times:
  edit-metadata: 1.460159957408905
  landing: 0.747279442846775
  view-data: 3.522863820195198
