times:
  edit-metadata: 1.4559327438473701
  landing: 0.7609802559018135
  view-data: 3.386912912130356
