times:
  edit-metadata: 1.4889637157320976
  landing: 0.7713355645537376
  view-data: 3.4780357778072357
