times:
  edit-metadata: 1.646177265793085
  landing: 0.8650186024606228
  view-data: 3.4173890314996243
