times:
  edit-metadata: 1.5481548383831978
  landing: 0.9114982038736343
  view-data: 3.5357214882969856
