times:
  edit-metadata: 1.3904634416103363
  landing: 0.8836759850382805
  view-data: 3.361458718776703
