times:
  edit-metadata: 1.4492834508419037
  landing: 0.9290180169045925
  view-data: 3.3447299040853977
