times:
  edit-metadata: 1.3882333561778069
  landing: 0.8927381262183189
  view-data: 3.622382126748562
