times:
  edit-metadata: 1.4999408274888992
  landing: 0.8494103737175465
  view-data: 3.3317027427256107
