times:
  edit-metadata: 1.4246580228209496
  landing: 0.9237031564116478
  view-data: 3.4673210829496384
