times:
  edit-metadata: 1.5554925315082073
  landing: 0.9311512634158134
  view-data: 3.5026602521538734
