times:
  edit-metadata: 1.570947963744402
  landing: 0.9281081929802895
  view-data: 3.3950373269617558
