times:
  edit-metadata: 1.5526403933763504
  landing: 0.8602328971028328
  view-data: 3.5879522562026978
