times:
  edit-metadata: 1.6472935676574707
  landing: 0.9928879365324974
  view-data: 3.3728804923594
