times:
  edit-metadata: 1.51679952070117
  landing: 0.9472123831510544
  view-data: 3.3177784830331802
