times:
  edit-metadata: 1.4693737886846066
  landing: 0.8833077289164066
  view-data: 3.4100793786346912
