times:
  edit-metadata: 1.6069376170635223
  landing: 1.0863470658659935
  view-data: 3.433438390493393
