times:
  edit-metadata: 1.4879111796617508
  landing: 0.9204537123441696
  view-data: 3.4762823320925236
