times:
  edit-metadata: 1.523217350244522
  landing: 0.8587875440716743
  view-data: 3.311432659626007
