times:
  edit-metadata: 1.4057325795292854
  landing: 0.875916562974453
  view-data: 3.4279389455914497
