times:
  edit-metadata: 1.4814332351088524
  landing: 0.8655988648533821
  view-data: 3.4946896210312843
