times:
  edit-metadata: 1.472316488623619
  landing: 0.8318413347005844
  view-data: 3.5473096519708633
