times:
  edit-metadata: 1.9396585375070572
  landing: 1.1180917024612427
  view-data: 3.5965930558741093
