times:
  edit-metadata: 1.4681438580155373
  landing: 0.8234455734491348
  view-data: 3.330359783023596
