times:
  edit-metadata: 1.4774610847234726
  landing: 0.823248527944088
  view-data: 3.452561616897583
