times:
  edit-metadata: 1.442607931792736
  landing: 0.8842784091830254
  view-data: 3.4492640271782875
