times:
  edit-metadata: 1.3959890380501747
  landing: 0.9918114691972733
  view-data: 3.462742306292057
