times:
  edit-metadata: 1.398317590355873
  landing: 0.8223256319761276
  view-data: 3.5254454873502254
