times:
  edit-metadata: 2.531980201601982
  landing: 1.7623956799507141
  view-data: 3.7735163494944572
