times:
  edit-metadata: 1.3587202280759811
  landing: 0.7831713035702705
  view-data: 3.423305004835129
