times:
  edit-metadata: 1.494104228913784
  landing: 0.9727044031023979
  view-data: 3.3585848212242126
