times:
  edit-metadata: 1.6852221488952637
  landing: 0.9079343900084496
  view-data: 3.3785059340298176
