times:
  edit-metadata: 2.3865496292710304
  landing: 1.5030567720532417
  view-data: 3.532485507428646
