times:
  edit-metadata: 2.1789471954107285
  landing: 1.8601750284433365
  view-data: 3.7544422820210457
