times:
  edit-metadata: 1.4399744793772697
  landing: 0.7827820256352425
  view-data: 3.487580366432667
