times:
  edit-metadata: 1.575024574995041
  landing: 0.8467942848801613
  view-data: 3.3820196837186813
