times:
  edit-metadata: 1.7284992188215256
  landing: 1.1392101421952248
  view-data: 3.74757619202137
