times:
  edit-metadata: 1.4298376962542534
  landing: 0.7681001573801041
  view-data: 3.6012418419122696
