times:
  edit-metadata: 1.477860003709793
  landing: 0.7906107008457184
  view-data: 3.4138424172997475
