times:
  edit-metadata: 1.461884006857872
  landing: 1.0290479958057404
  view-data: 3.584250845015049
