times:
  edit-metadata: 1.5008679628372192
  landing: 0.8080230355262756
  view-data: 3.4817386493086815
