times:
  edit-metadata: 1.4255748875439167
  landing: 0.8240640163421631
  view-data: 3.304838415235281
