times:
  edit-metadata: 1.6029292717576027
  landing: 1.165336862206459
  view-data: 3.491450011730194
