times:
  edit-metadata: 1.5793779641389847
  landing: 0.8710405230522156
  view-data: 3.6496410593390465
