times:
  edit-metadata: 1.4460140690207481
  landing: 0.8953239470720291
  view-data: 3.3268957808613777
