times:
  edit-metadata: 1.40700613707304
  landing: 0.8297066017985344
  view-data: 3.50546345859766
