times:
  edit-metadata: 1.3942644372582436
  landing: 0.8065775260329247
  view-data: 3.370040602982044
