times:
  edit-metadata: 1.511723406612873
  landing: 0.8859375864267349
  view-data: 3.497710235416889
