times:
  edit-metadata: 2.0874299481511116
  landing: 1.3754629269242287
  view-data: 3.6687424033880234
