times:
  edit-metadata: 1.4933851584792137
  landing: 0.8662831336259842
  view-data: 3.595606081187725
