times:
  edit-metadata: 1.5232717767357826
  landing: 0.77481759339571
  view-data: 3.510282017290592
