times:
  edit-metadata: 1.4638352543115616
  landing: 0.985559768974781
  view-data: 3.46502573043108
