times:
  edit-metadata: 1.5540555343031883
  landing: 0.8600394055247307
  view-data: 3.5995592400431633
