times:
  edit-metadata: 1.4508065730333328
  landing: 0.832837276160717
  view-data: 3.4330089539289474
