times:
  edit-metadata: 1.4489389508962631
  landing: 0.805956494063139
  view-data: 3.3527366667985916
