times:
  edit-metadata: 1.3994479291141033
  landing: 1.1200814694166183
  view-data: 3.2884640395641327
