times:
  edit-metadata: 1.5835328921675682
  landing: 0.8851311355829239
  view-data: 3.3490105345845222
