times:
  edit-metadata: 1.4585665613412857
  landing: 0.8315586149692535
  view-data: 3.5993575900793076
