times:
  edit-metadata: 1.4814473092556
  landing: 1.1804435141384602
  view-data: 3.401500705629587
