times:
  edit-metadata: 1.4400943964719772
  landing: 0.863240621984005
  view-data: 3.4558044523000717
