times:
  edit-metadata: 1.4405705519020557
  landing: 1.0489183254539967
  view-data: 3.3154909685254097
