times:
  edit-metadata: 1.4787100702524185
  landing: 0.8743820115923882
  view-data: 3.3119266480207443
