times:
  edit-metadata: 1.4424382001161575
  landing: 0.7763963416218758
  view-data: 3.9796941205859184
