times:
  edit-metadata: 3.144306071102619
  landing: 1.7009777761995792
  view-data: 3.4233352690935135
