times:
  edit-metadata: 1.4850055947899818
  landing: 0.8170642778277397
  view-data: 3.54424699395895
