times:
  edit-metadata: 1.4714408293366432
  landing: 0.9375746324658394
  view-data: 3.5317165851593018
