times:
  edit-metadata: 1.5004950016736984
  landing: 0.8745046257972717
  view-data: 3.714747227728367
