times:
  edit-metadata: 1.4494502991437912
  landing: 0.9427841231226921
  view-data: 3.5243580043315887
