times:
  edit-metadata: 1.4682396315038204
  landing: 0.9168743826448917
  view-data: 3.3676724918186665
