times:
  edit-metadata: 1.440410353243351
  landing: 0.7784882187843323
  view-data: 3.5051679760217667
