times:
  edit-metadata: 1.3961470499634743
  landing: 0.9658709987998009
  view-data: 3.335182800889015
