times:
  edit-metadata: 1.560656264424324
  landing: 0.9342486336827278
  view-data: 3.371020369231701
