times:
  edit-metadata: 1.5439827367663383
  landing: 0.9890126585960388
  view-data: 3.4096555411815643
