times:
  edit-metadata: 1.5041398033499718
  landing: 0.926011361181736
  view-data: 3.3491759672760963
