times:
  edit-metadata: 1.758142575621605
  landing: 0.79584601521492
  view-data: 3.4635824486613274
