times:
  edit-metadata: 1.4679864645004272
  landing: 0.9314241483807564
  view-data: 3.3217199593782425
