times:
  edit-metadata: 1.4508573934435844
  landing: 0.7369859293103218
  view-data: 3.5390931889414787
