times:
  edit-metadata: 1.502463161945343
  landing: 0.7651120275259018
  view-data: 3.5365152284502983
