times:
  edit-metadata: 1.587086945772171
  landing: 0.8632677495479584
  view-data: 3.447392463684082
