times:
  edit-metadata: 1.454361841082573
  landing: 0.7237698808312416
  view-data: 3.5245692059397697
