times:
  edit-metadata: 1.3832860589027405
  landing: 0.7712114974856377
  view-data: 3.3752483427524567
