times:
  edit-metadata: 1.5464670285582542
  landing: 0.79958775639534
  view-data: 3.304200939834118
