times:
  edit-metadata: 1.3020901083946228
  landing: 0.7065470516681671
  view-data: 3.4735211357474327
