times:
  edit-metadata: 1.3788451552391052
  landing: 0.7640420794487
  view-data: 3.4406606405973434
