times:
  edit-metadata: 1.5103175416588783
  landing: 0.7371521294116974
  view-data: 3.4365788474678993
