times:
  edit-metadata: 2.942316345870495
  landing: 2.1680866107344627
  view-data: 3.822725184261799
