times:
  edit-metadata: 1.4812712520360947
  landing: 0.758665032684803
  view-data: 3.4347512498497963
