times:
  edit-metadata: 1.3772481977939606
  landing: 0.7605875059962273
  view-data: 3.5254679173231125
