times:
  edit-metadata: 1.3605820760130882
  landing: 0.7391602396965027
  view-data: 3.4460233598947525
