times:
  edit-metadata: 1.4954120442271233
  landing: 0.8270796239376068
  view-data: 3.537997007369995
