times:
  edit-metadata: 1.3592078387737274
  landing: 0.8715739697217941
  view-data: 3.469023071229458
