times:
  edit-metadata: 2.249569721519947
  landing: 0.8279864266514778
  view-data: 3.5574947223067284
