times:
  edit-metadata: 1.3935051187872887
  landing: 0.7131952717900276
  view-data: 3.4084284752607346
