times:
  edit-metadata: 1.658751256763935
  landing: 0.8096771687269211
  view-data: 3.5578559562563896
