times:
  edit-metadata: 1.3493830934166908
  landing: 0.72403434664011
  view-data: 3.3379046097397804
