times:
  edit-metadata: 1.554052621126175
  landing: 0.8052467703819275
  view-data: 3.348045624792576
