times:
  edit-metadata: 1.4504773318767548
  landing: 0.7429581731557846
  view-data: 3.5418311432003975
