times:
  edit-metadata: 1.4112859144806862
  landing: 1.0061024948954582
  view-data: 3.4917122051119804
