times:
  edit-metadata: 1.7002456113696098
  landing: 0.9798727408051491
  view-data: 3.62464789301157
