times:
  edit-metadata: 1.814802773296833
  landing: 1.2828349396586418
  view-data: 3.7082389891147614
