times:
  edit-metadata: 1.3487093448638916
  landing: 0.8211240172386169
  view-data: 3.516193874180317
