times:
  edit-metadata: 1.3568758964538574
  landing: 0.9803510457277298
  view-data: 3.5918855741620064
