times:
  edit-metadata: 1.5584786534309387
  landing: 0.8552110195159912
  view-data: 3.3290837556123734
