times:
  edit-metadata: 1.3726396039128304
  landing: 0.791924238204956
  view-data: 3.4983571842312813
