times:
  edit-metadata: 2.035192050039768
  landing: 1.4604046195745468
  view-data: 3.416138283908367
