times:
  edit-metadata: 1.4263117089867592
  landing: 0.7887111753225327
  view-data: 3.607426181435585
