times:
  edit-metadata: 1.3999859988689423
  landing: 0.8029637113213539
  view-data: 3.490083709359169
