times:
  edit-metadata: 1.5598402991890907
  landing: 0.859547808766365
  view-data: 3.3383264914155006
