times:
  edit-metadata: 1.4467143788933754
  landing: 0.7340465858578682
  view-data: 3.4221502989530563
