times:
  edit-metadata: 1.3744143173098564
  landing: 0.7756255641579628
  view-data: 3.4733756706118584
