times:
  edit-metadata: 2.822520948946476
  landing: 1.8085466101765633
  view-data: 3.5253190025687218
