times:
  edit-metadata: 1.29598967730999
  landing: 0.731634683907032
  view-data: 3.4005806148052216
