times:
  edit-metadata: 1.3793094977736473
  landing: 0.7261417880654335
  view-data: 3.4546672701835632
