times:
  edit-metadata: 1.3471016362309456
  landing: 0.7009621411561966
  view-data: 3.2560779601335526
