times:
  edit-metadata: 1.3972957357764244
  landing: 0.8944516777992249
  view-data: 3.5111147686839104
