times:
  edit-metadata: 1.372296191751957
  landing: 0.7417730689048767
  view-data: 3.493303395807743
