times:
  edit-metadata: 1.4094006717205048
  landing: 0.7875459119677544
  view-data: 3.3533695116639137
