times:
  edit-metadata: 1.3537700101733208
  landing: 0.7550412863492966
  view-data: 3.299587808549404
