times:
  edit-metadata: 1.5203528627753258
  landing: 0.7864527404308319
  view-data: 3.5301235392689705
