times:
  edit-metadata: 1.4168385714292526
  landing: 0.8942130729556084
  view-data: 3.6198743656277657
