times:
  edit-metadata: 1.3399309366941452
  landing: 0.7316839545965195
  view-data: 3.572124421596527
