times:
  edit-metadata: 2.161318853497505
  landing: 1.3066846802830696
  view-data: 3.4335546270012856
