times:
  edit-metadata: 1.4699832126498222
  landing: 0.7575996592640877
  view-data: 3.4171889424324036
