times:
  edit-metadata: 1.3794090002775192
  landing: 0.8248507678508759
  view-data: 3.356392338871956
