times:
  edit-metadata: 1.4937162920832634
  landing: 0.8590201139450073
  view-data: 3.2797143757343292
