times:
  edit-metadata: 1.3517355769872665
  landing: 0.7391429394483566
  view-data: 3.5138349756598473
