times:
  edit-metadata: 1.4657126665115356
  landing: 0.849795438349247
  view-data: 3.30165034532547
