times:
  edit-metadata: 1.3079641833901405
  landing: 0.9214136600494385
  view-data: 3.5165288001298904
