times:
  edit-metadata: 1.4030876830220222
  landing: 0.8077484965324402
  view-data: 3.513170562684536
