times:
  edit-metadata: 1.4512754380702972
  landing: 0.745207667350769
  view-data: 3.5342341735959053
