times:
  edit-metadata: 1.4146007224917412
  landing: 0.7445692345499992
  view-data: 3.248611070215702
