times:
  edit-metadata: 1.4631282463669777
  landing: 0.7619699984788895
  view-data: 3.5157136619091034
