times:
  edit-metadata: 1.500127948820591
  landing: 0.8393044322729111
  view-data: 3.5639874637126923
