times:
  edit-metadata: 1.3964863941073418
  landing: 0.7977839484810829
  view-data: 3.4926536828279495
