times:
  edit-metadata: 1.417651355266571
  landing: 0.8098133280873299
  view-data: 3.5981357246637344
