times:
  edit-metadata: 1.4278940260410309
  landing: 0.7131054252386093
  view-data: 3.5637277737259865
