times:
  edit-metadata: 1.4838810414075851
  landing: 0.7841434925794601
  view-data: 3.5847663804888725
