times:
  edit-metadata: 1.5851352140307426
  landing: 0.8653451725840569
  view-data: 3.815507635474205
