times:
  edit-metadata: 1.3184541091322899
  landing: 0.7439200803637505
  view-data: 3.5882358103990555
