times:
  edit-metadata: 1.5263396054506302
  landing: 0.908072717487812
  view-data: 3.3623587489128113
