times:
  edit-metadata: 2.0025557205080986
  landing: 1.1186342015862465
  view-data: 3.4438934847712517
