times:
  edit-metadata: 1.3842267617583275
  landing: 0.7470222786068916
  view-data: 3.489593856036663
