times:
  edit-metadata: 1.3348781764507294
  landing: 0.7272938564419746
  view-data: 3.522244818508625
