times:
  edit-metadata: 1.332168273627758
  landing: 0.7578013390302658
  view-data: 3.4634958133101463
