times:
  edit-metadata: 1.3363824486732483
  landing: 0.8619155660271645
  view-data: 3.5689055621623993
