times:
  edit-metadata: 1.377155914902687
  landing: 0.8097914084792137
  view-data: 3.5563620179891586
