times:
  edit-metadata: 1.4362748265266418
  landing: 0.7869585528969765
  view-data: 3.3303378596901894
