times:
  edit-metadata: 1.9442198723554611
  landing: 0.8456970378756523
  view-data: 3.7194938734173775
