times:
  edit-metadata: 1.392683558166027
  landing: 0.7169448584318161
  view-data: 3.4154625982046127
