times:
  edit-metadata: 1.4344783648848534
  landing: 0.8054265230894089
  view-data: 3.4912981167435646
