times:
  edit-metadata: 1.4878233596682549
  landing: 0.7113649472594261
  view-data: 3.556469716131687
