times:
  edit-metadata: 1.4321220517158508
  landing: 0.7871027812361717
  view-data: 3.520112991333008
