times:
  edit-metadata: 1.3528816923499107
  landing: 0.7843256890773773
  view-data: 3.5153582021594048
