times:
  edit-metadata: 1.6244899407029152
  landing: 0.9481969922780991
  view-data: 3.4250951409339905
