times:
  edit-metadata: 1.4487358629703522
  landing: 0.8258205950260162
  view-data: 3.2820508033037186
