times:
  edit-metadata: 1.4992000982165337
  landing: 0.9010976850986481
  view-data: 3.5715719908475876
