times:
  edit-metadata: 1.398832194507122
  landing: 0.7988976836204529
  view-data: 3.3878470733761787
