times:
  edit-metadata: 1.9368437752127647
  landing: 1.3697261363267899
  view-data: 3.5320785120129585
