times:
  edit-metadata: 1.417397603392601
  landing: 1.008960708975792
  view-data: 3.551274113357067
