times:
  edit-metadata: 1.9306736513972282
  landing: 1.1645314544439316
  view-data: 3.473687633872032
