times:
  edit-metadata: 1.3811412900686264
  landing: 0.7913565412163734
  view-data: 3.5574056282639503
