times:
  edit-metadata: 1.492225356400013
  landing: 0.8013910949230194
  view-data: 0.5484177097678185
