times:
  edit-metadata: 1.5025781467556953
  landing: 0.8240374624729156
  view-data: 3.356791526079178
