times:
  edit-metadata: 1.997147560119629
  landing: 1.1679719313979149
  view-data: 3.8329232558608055
