times:
  edit-metadata: 1.4018498659133911
  landing: 0.8011509999632835
  view-data: 3.6018625795841217
