times:
  edit-metadata: 1.563857078552246
  landing: 1.2774690501391888
  view-data: 3.3195882476866245
