times:
  edit-metadata: 1.490005113184452
  landing: 0.8099767863750458
  view-data: 3.4090031161904335
