times:
  edit-metadata: 1.4373216852545738
  landing: 0.8384429886937141
  view-data: 3.471073381602764
