times:
  edit-metadata: 1.4541828632354736
  landing: 0.8784139268100262
  view-data: 3.3149928487837315
