times:
  edit-metadata: 2.6385952532291412
  landing: 1.2596833854913712
  view-data: 3.3209059424698353
