times:
  edit-metadata: 1.4639505669474602
  landing: 0.8585023656487465
  view-data: 3.280150830745697
