times:
  edit-metadata: 1.4104633331298828
  landing: 0.7656173184514046
  view-data: 3.506253719329834
