times:
  edit-metadata: 1.41838863119483
  landing: 0.8689493574202061
  view-data: 3.314652644097805
