times:
  edit-metadata: 1.478647019714117
  landing: 0.9018093347549438
  view-data: 3.3481052592396736
