times:
  edit-metadata: 1.5043232515454292
  landing: 1.1566334627568722
  view-data: 3.36055850610137
