times:
  edit-metadata: 1.552843440324068
  landing: 0.9623669870197773
  view-data: 3.3100093454122543
