times:
  edit-metadata: 1.4839943274855614
  landing: 0.848969429731369
  view-data: 3.4681187495589256
