times:
  edit-metadata: 1.4256247580051422
  landing: 1.6471033319830894
  view-data: 3.4895839542150497
