times:
  edit-metadata: 1.5370193496346474
  landing: 0.8562105894088745
  view-data: 3.4147018790245056
