times:
  edit-metadata: 1.442106917500496
  landing: 0.787880927324295
  view-data: 3.3493736013770103
