times:
  edit-metadata: 2.058237798511982
  landing: 1.0575987547636032
  view-data: 3.389550693333149
