times:
  edit-metadata: 1.957245096564293
  landing: 1.0793929621577263
  view-data: 3.5799489319324493
