times:
  edit-metadata: 1.400259405374527
  landing: 0.8263717442750931
  view-data: 3.4449565410614014
