times:
  edit-metadata: 1.5090266168117523
  landing: 0.8906973674893379
  view-data: 3.3334075659513474
