times:
  edit-metadata: 1.6069825887680054
  landing: 1.1158650368452072
  view-data: 3.5218185037374496
