times:
  edit-metadata: 1.3609838224947453
  landing: 1.0014261044561863
  view-data: 3.3312863260507584
