times:
  edit-metadata: 1.3960049226880074
  landing: 0.7950541526079178
  view-data: 3.519558794796467
