times:
  edit-metadata: 1.6462897546589375
  landing: 0.8938152194023132
  view-data: 3.3871512971818447
