times:
  edit-metadata: 1.4078871980309486
  landing: 0.7516692504286766
  view-data: 3.420292541384697
