times:
  edit-metadata: 1.556285820901394
  landing: 0.7310202792286873
  view-data: 3.4778031036257744
