times:
  edit-metadata: 1.5734483003616333
  landing: 0.8547840788960457
  view-data: 3.4846960604190826
