times:
  edit-metadata: 1.4331794306635857
  landing: 0.7874395921826363
  view-data: 3.3004642501473427
