times:
  edit-metadata: 1.4306769147515297
  landing: 0.7515839040279388
  view-data: 3.419422425329685
