times:
  edit-metadata: 1.4551762491464615
  landing: 0.8536799103021622
  view-data: 3.3963290601968765
