times:
  edit-metadata: 1.5013163797557354
  landing: 0.9487658888101578
  view-data: 3.2713182754814625
