times:
  edit-metadata: 1.4213943369686604
  landing: 0.9266551956534386
  view-data: 3.3372368067502975
