times:
  edit-metadata: 1.6669419519603252
  landing: 0.838642992079258
  view-data: 3.3965417332947254
