times:
  edit-metadata: 2.0622501745820045
  landing: 0.9540355652570724
  view-data: 3.526164136826992
