times:
  edit-metadata: 1.4803586937487125
  landing: 0.856730330735445
  view-data: 3.2893846556544304
