times:
  edit-metadata: 1.1521433964371681
  landing: 0.7328730151057243
  view-data: 3.4224006086587906
