times:
  edit-metadata: 1.4433672577142715
  landing: 0.9424717128276825
  view-data: 3.313122995197773
