times:
  edit-metadata: 1.5455237105488777
  landing: 0.803013950586319
  view-data: 3.435742862522602
