times:
  edit-metadata: 1.4178341329097748
  landing: 0.7897215485572815
  view-data: 3.5073364973068237
