times:
  edit-metadata: 1.4780548736453056
  landing: 0.8079837262630463
  view-data: 3.300857163965702
