times:
  edit-metadata: 1.5501636117696762
  landing: 0.7481043040752411
  view-data: 3.4053946286439896
