times:
  edit-metadata: 1.4548616148531437
  landing: 0.8446851186454296
  view-data: 3.309141244739294
