times:
  edit-metadata: 1.6637161672115326
  landing: 0.9517841264605522
  view-data: 3.4024371951818466
