times:
  edit-metadata: 1.47140771150589
  landing: 0.829979170113802
  view-data: 3.508880812674761
