times:
  edit-metadata: 1.4469229727983475
  landing: 0.7906354814767838
  view-data: 3.260669820010662
