times:
  edit-metadata: 1.5885726138949394
  landing: 0.9078995063900948
  view-data: 3.4086377918720245
