times:
  edit-metadata: 1.4540310576558113
  landing: 0.7580693289637566
  view-data: 3.465936116874218
