times:
  edit-metadata: 1.43298664316535
  landing: 0.7578955851495266
  view-data: 3.314939923584461
