times:
  edit-metadata: 1.4293987788259983
  landing: 0.9243815653026104
  view-data: 3.309303529560566
