times:
  edit-metadata: 1.6098915711045265
  landing: 0.8736934289336205
  view-data: 3.333569958806038
