times:
  edit-metadata: 1.5033203288912773
  landing: 0.8614597022533417
  view-data: 3.5355557426810265
