times:
  edit-metadata: 1.4337504245340824
  landing: 0.7679214477539062
  view-data: 3.334810432046652
