times:
  edit-metadata: 1.5059376060962677
  landing: 0.7715653479099274
  view-data: 0.607679158449173
