times:
  edit-metadata: 1.5022384449839592
  landing: 0.9309611916542053
  view-data: 3.3433553874492645
