times:
  edit-metadata: 1.4920901209115982
  landing: 0.789576530456543
  view-data: 3.473486542701721
