times:
  edit-metadata: 1.8162770569324493
  landing: 1.0694697350263596
  view-data: 3.343747079372406
