times:
  edit-metadata: 1.4847555607557297
  landing: 0.864069264382124
  view-data: 3.3018368370831013
