times:
  edit-metadata: 1.4834495931863785
  landing: 0.7709032893180847
  view-data: 3.436917334794998
