times:
  edit-metadata: 1.4492176286876202
  landing: 0.8939907550811768
  view-data: 3.3045020401477814
