times:
  edit-metadata: 1.5126885771751404
  landing: 0.8540353924036026
  view-data: 3.272130161523819
