times:
  edit-metadata: 2.3312855772674084
  landing: 0.9528459161520004
  view-data: 3.525484248995781
