times:
  edit-metadata: 2.9649882689118385
  landing: 1.663330227136612
  view-data: 3.6754645705223083
