times:
  edit-metadata: 1.4331719987094402
  landing: 1.2518257647752762
  view-data: 3.318474844098091
