times:
  edit-metadata: 1.7248843163251877
  landing: 1.0038769468665123
  view-data: 3.623525083065033
