times:
  edit-metadata: 1.5294523239135742
  landing: 0.9320613145828247
  view-data: 3.4136603847146034
