times:
  edit-metadata: 1.4701638519763947
  landing: 0.7818486616015434
  view-data: 3.4918448626995087
