times:
  edit-metadata: 2.164322294294834
  landing: 1.2810280099511147
  view-data: 3.7757832631468773
