times:
  edit-metadata: 1.4871711432933807
  landing: 0.8863928616046906
  view-data: 3.510293424129486
