times:
  edit-metadata: 1.759165458381176
  landing: 1.0528374537825584
  view-data: 3.3145314306020737
