times:
  edit-metadata: 1.4940877333283424
  landing: 0.7597300261259079
  view-data: 3.4363255947828293
