times:
  edit-metadata: 1.4596864059567451
  landing: 0.8227276131510735
  view-data: 3.518791988492012
