times:
  edit-metadata: 1.4568211659789085
  landing: 0.7293938398361206
  view-data: 3.437712140381336
