times:
  edit-metadata: 1.5078480169177055
  landing: 1.027611866593361
  view-data: 3.339315991848707
