times:
  edit-metadata: 1.4818634018301964
  landing: 0.868748664855957
  view-data: 3.325454391539097
