times:
  edit-metadata: 1.4561258479952812
  landing: 0.8829942867159843
  view-data: 3.302028313279152
