times:
  edit-metadata: 1.479655236005783
  landing: 0.790414497256279
  view-data: 3.383522879332304
