times:
  edit-metadata: 1.4487469717860222
  landing: 0.7255081534385681
  view-data: 3.440167911350727
