times:
  edit-metadata: 1.6617207452654839
  landing: 0.8589202612638474
  view-data: 3.4419269785284996
