times:
  edit-metadata: 1.5097104907035828
  landing: 0.9336030632257462
  view-data: 3.3146235793828964
