times:
  edit-metadata: 1.3801542073488235
  landing: 0.7706941440701485
  view-data: 3.4383661970496178
