times:
  edit-metadata: 1.3774122148752213
  landing: 0.8045640140771866
  view-data: 3.3753648698329926
