times:
  edit-metadata: 1.4838323667645454
  landing: 0.7976538762450218
  view-data: 3.399579405784607
