times:
  edit-metadata: 1.6202889755368233
  landing: 0.9381792023777962
  view-data: 3.285310611128807
