times:
  edit-metadata: 1.5066451542079449
  landing: 0.8355686999857426
  view-data: 3.3910258673131466
