times:
  edit-metadata: 1.4094892144203186
  landing: 0.8773864805698395
  view-data: 3.3213917687535286
