times:
  edit-metadata: 1.543895184993744
  landing: 0.8595609366893768
  view-data: 3.449791133403778
