times:
  edit-metadata: 1.4379419758915901
  landing: 0.8503718599677086
  view-data: 3.3296792209148407
