times:
  edit-metadata: 1.4703746512532234
  landing: 0.958019383251667
  view-data: 3.5985277220606804
