times:
  edit-metadata: 1.7265026271343231
  landing: 1.1097030974924564
  view-data: 3.5604273043572903
