times:
  edit-metadata: 1.547998271882534
  landing: 0.8281937539577484
  view-data: 3.4474270716309547
