times:
  edit-metadata: 1.5493798106908798
  landing: 0.9147667810320854
  view-data: 3.347152605652809
