times:
  edit-metadata: 1.5596939995884895
  landing: 0.8325583040714264
  view-data: 3.382794462144375
