times:
  edit-metadata: 1.9092121571302414
  landing: 1.084863644093275
  view-data: 3.3834165446460247
