times:
  edit-metadata: 1.3768025487661362
  landing: 0.8003977537155151
  view-data: 3.472749762237072
