times:
  edit-metadata: 1.5392778404057026
  landing: 0.8284685909748077
  view-data: 3.315554663538933
