times:
  edit-metadata: 1.4620330408215523
  landing: 0.7811288274824619
  view-data: 3.3435290940105915
