times:
  edit-metadata: 1.456253558397293
  landing: 0.7978175804018974
  view-data: 3.3697201013565063
