times:
  edit-metadata: 1.4001435488462448
  landing: 0.9463741779327393
  view-data: 3.339058145880699
