times:
  edit-metadata: 1.374653235077858
  landing: 0.7630960643291473
  view-data: 3.453327916562557
