times:
  edit-metadata: 1.5330944433808327
  landing: 0.7917263880372047
  view-data: 3.356693610548973
