times:
  edit-metadata: 1.5610368624329567
  landing: 0.8850767090916634
  view-data: 3.3715971037745476
