times:
  edit-metadata: 1.5451463609933853
  landing: 0.8898909389972687
  view-data: 3.3083997294306755
