times:
  edit-metadata: 1.4853664971888065
  landing: 0.8666060008108616
  view-data: 3.297423269599676
