times:
  edit-metadata: 1.5064315795898438
  landing: 0.8508055843412876
  view-data: 3.2631291709840298
