times:
  edit-metadata: 1.4944969490170479
  landing: 0.9460866451263428
  view-data: 3.3084181174635887
