times:
  edit-metadata: 1.4452097229659557
  landing: 0.8330898135900497
  view-data: 3.3644533455371857
