times:
  edit-metadata: 1.4065215848386288
  landing: 0.8740967735648155
  view-data: 3.3366930596530437
