times:
  edit-metadata: 1.5221159756183624
  landing: 0.924691915512085
  view-data: 3.594940409064293
