times:
  edit-metadata: 1.5290467031300068
  landing: 0.7978128865361214
  view-data: 3.3082893937826157
