times:
  edit-metadata: 1.4790850132703781
  landing: 0.899340882897377
  view-data: 3.318305626511574
