times:
  edit-metadata: 1.87568848580122
  landing: 1.0301910191774368
  view-data: 3.3675582334399223
