times:
  edit-metadata: 1.4892778918147087
  landing: 0.8190396912395954
  view-data: 3.311384677886963
