times:
  edit-metadata: 1.645276002585888
  landing: 0.9041857793927193
  view-data: 3.3400917276740074
