times:
  edit-metadata: 2.488538160920143
  landing: 1.3912527039647102
  view-data: 3.49368979036808
