times:
  edit-metadata: 1.4281829074025154
  landing: 0.8957954198122025
  view-data: 3.2695372216403484
