times:
  edit-metadata: 1.448663242161274
  landing: 0.754124216735363
  view-data: 3.389341615140438
