times:
  edit-metadata: 1.5347180590033531
  landing: 0.7518171742558479
  view-data: 3.454792745411396
