times:
  edit-metadata: 1.5701960548758507
  landing: 0.8102724924683571
  view-data: 3.4872165098786354
