times:
  edit-metadata: 1.4664635360240936
  landing: 0.8772373199462891
  view-data: 3.4897670969367027
