times:
  edit-metadata: 1.4520392566919327
  landing: 0.8669355511665344
  view-data: 3.4783082082867622
