times:
  edit-metadata: 1.4603499621152878
  landing: 0.9404585734009743
  view-data: 3.414745420217514
