times:
  edit-metadata: 1.5623916015028954
  landing: 0.825594425201416
  view-data: 3.4744175747036934
