times:
  edit-metadata: 1.9382119961082935
  landing: 0.9667056016623974
  view-data: 3.3360007740557194
