times:
  edit-metadata: 1.9556585475802422
  landing: 0.9390261322259903
  view-data: 3.5503691360354424
