times:
  edit-metadata: 1.455060824751854
  landing: 0.8585204631090164
  view-data: 3.4657517299056053
