times:
  edit-metadata: 1.5520507916808128
  landing: 0.8729373589158058
  view-data: 3.429371826350689
