times:
  edit-metadata: 2.0488432869315147
  landing: 1.578234501183033
  view-data: 3.400218330323696
