times:
  edit-metadata: 1.470673456788063
  landing: 1.022158969193697
  view-data: 3.396861720830202
