times:
  edit-metadata: 1.5850609317421913
  landing: 0.8373573422431946
  view-data: 3.4872303381562233
