times:
  edit-metadata: 1.4947939366102219
  landing: 1.0407699719071388
  view-data: 3.468100532889366
