times:
  edit-metadata: 1.4188407361507416
  landing: 0.7799567356705666
  view-data: 3.44035504758358
