times:
  edit-metadata: 1.5835953131318092
  landing: 0.9241021052002907
  view-data: 3.412494845688343
