times:
  edit-metadata: 1.60228031873703
  landing: 1.1740518622100353
  view-data: 3.3159103356301785
