times:
  edit-metadata: 1.4652181044220924
  landing: 0.9184012115001678
  view-data: 3.4839870259165764
