times:
  edit-metadata: 1.44024458527565
  landing: 0.7983138933777809
  view-data: 3.251662954688072
