times:
  edit-metadata: 1.410621102899313
  landing: 0.8225734382867813
  view-data: 3.3160366266965866
