times:
  edit-metadata: 2.1171187460422516
  landing: 1.3119923621416092
  view-data: 3.331414617598057
