times:
  edit-metadata: 1.5343294739723206
  landing: 0.7865535691380501
  view-data: 3.297470960766077
