times:
  edit-metadata: 1.4545237571001053
  landing: 0.7574115991592407
  view-data: 3.489064037799835
