times:
  edit-metadata: 1.4269862547516823
  landing: 0.8000950962305069
  view-data: 3.33276953548193
