times:
  edit-metadata: 1.5625157430768013
  landing: 0.8821781650185585
  view-data: 3.5291241258382797
