times:
  edit-metadata: 1.5463585257530212
  landing: 0.8544344529509544
  view-data: 3.272003598511219
