times:
  edit-metadata: 1.7313197702169418
  landing: 0.8522299230098724
  view-data: 3.628623053431511
