times:
  edit-metadata: 1.4150790721178055
  landing: 0.7593915686011314
  view-data: 3.517320156097412
