times:
  edit-metadata: 1.503469742834568
  landing: 0.8947276696562767
  view-data: 3.5148709788918495
