times:
  edit-metadata: 1.4248123653233051
  landing: 0.9009910300374031
  view-data: 3.346091039478779
