times:
  edit-metadata: 1.3942397870123386
  landing: 0.903241727501154
  view-data: 3.3548234701156616
