times:
  edit-metadata: 1.5446981154382229
  landing: 0.8629412539303303
  view-data: 3.2881668135523796
