times:
  edit-metadata: 1.4783629924058914
  landing: 0.7652401328086853
  view-data: 3.3543863147497177
