times:
  edit-metadata: 0.49967294093221426
  landing: 0.06895432691089809
  view-data: 0.22355545707978308
