times:
  edit-metadata: 1.567055894061923
  landing: 0.8137521087191999
  view-data: 3.362773410975933
