times:
  edit-metadata: 0.4998309090733528
  landing: 0.06390647892840207
  view-data: 0.35521175898611546
