times:
  edit-metadata: 1.6565886307507753
  landing: 0.9054920971393585
  view-data: 3.4741871394217014
