times:
  edit-metadata: 1.2998039009980857
  landing: 0.7235849970020354
  view-data: 3.3553951531648636
