times:
  edit-metadata: 1.5311559233814478
  landing: 0.7616817504167557
  view-data: 3.424421353265643
