times:
  edit-metadata: 1.7519805706106126
  landing: 1.1385066327638924
  view-data: 3.6932282499037683
