times:
  edit-metadata: 0.5689638149924576
  landing: 0.046073645004071295
  view-data: 0.22219207498710603
