times:
  edit-metadata: 1.5338687542825937
  landing: 0.7833297308534384
  view-data: 3.4370409306138754
