times:
  edit-metadata: 1.3889960125088692
  landing: 0.9494789838790894
  view-data: 3.3353420570492744
