times:
  edit-metadata: 2.8133226353675127
  landing: 1.363179061561823
  view-data: 3.7476190607994795
