times:
  edit-metadata: 1.5049324817955494
  landing: 1.1956102550029755
  view-data: 3.337201911956072
