times:
  edit-metadata: 1.5232160557061434
  landing: 0.7548011858016253
  view-data: 3.406469466164708
