times:
  edit-metadata: 2.9110374934971333
  landing: 1.179305199533701
  view-data: 3.4289948754012585
