times:
  edit-metadata: 0.4975716690532863
  landing: 0.052036655019037426
  view-data: 0.2117723119445145
