times:
  edit-metadata: 1.9161375751718879
  landing: 1.0695306798443198
  view-data: 3.489545394666493
