times:
  edit-metadata: 0.5046550909755751
  landing: 0.06415560701861978
  view-data: 0.21474225004203618
