times:
  edit-metadata: 0.5171764480182901
  landing: 0.06914755498291925
  view-data: 0.22605131100863218
