times:
  edit-metadata: 1.4754473185166717
  landing: 0.7138653304427862
  view-data: 3.3244045469909906
