times:
  edit-metadata: 1.6770161725580692
  landing: 0.9246069118380547
  view-data: 3.3183972761034966
