times:
  edit-metadata: 1.369794376194477
  landing: 0.7141632027924061
  view-data: 3.312538953498006
