times:
  edit-metadata: 0.4993421630933881
  landing: 0.05529050901532173
  view-data: 0.2016381318680942
