times:
  edit-metadata: 1.5406436324119568
  landing: 0.8174955062568188
  view-data: 3.4265718329697847
