times:
  edit-metadata: 1.4999857638031244
  landing: 0.8931537922471762
  view-data: 3.426836395636201
