times:
  edit-metadata: 1.5644249878823757
  landing: 0.8319436348974705
  view-data: 3.354094885289669
