times:
  edit-metadata: 1.5701987463980913
  landing: 0.852191898971796
  view-data: 3.3116588462144136
