times:
  edit-metadata: 1.7081460170447826
  landing: 1.0045704953372478
  view-data: 3.3282836228609085
