times:
  edit-metadata: 2.1371051501482725
  landing: 1.0220058672130108
  view-data: 3.4023074824362993
