times:
  edit-metadata: 1.4837012141942978
  landing: 0.8106078347191215
  view-data: 3.34983800817281
