times:
  edit-metadata: 1.5299605187028646
  landing: 0.7075804527848959
  view-data: 3.4033766705542803
