times:
  edit-metadata: 1.3332428871653974
  landing: 0.7568276789970696
  view-data: 3.3046496538445354
