times:
  edit-metadata: 0.501658673863858
  landing: 0.06821308610960841
  view-data: 0.22337156697176397
