times:
  edit-metadata: 1.5004893504083157
  landing: 0.8983196653425694
  view-data: 3.2988014705479145
