times:
  edit-metadata: 2.5718200029805303
  landing: 1.2389489626511931
  view-data: 3.6156999142840505
