times:
  edit-metadata: 1.5319195501506329
  landing: 0.7701078727841377
  view-data: 3.4340546261519194
