times:
  edit-metadata: 0.5879018401028588
  landing: 0.046156289987266064
  view-data: 0.2211688340175897
