times:
  edit-metadata: 0.5072671379894018
  landing: 0.05704464088194072
  view-data: 0.21150561305694282
