times:
  edit-metadata: 1.655307887122035
  landing: 0.7780733741819859
  view-data: 3.4178010802716017
