times:
  edit-metadata: 0.5039242510683835
  landing: 0.049023892963305116
  view-data: 0.213313901796937
