times:
  edit-metadata: 1.4010161310434341
  landing: 0.7451595515012741
  view-data: 3.2781923040747643
