times:
  edit-metadata: 1.450919296592474
  landing: 0.8353335000574589
  view-data: 3.3624884486198425
