times:
  edit-metadata: 1.5584311075508595
  landing: 0.7799657192081213
  view-data: 3.421219924464822
