times:
  edit-metadata: 1.4504088959656656
  landing: 0.8618241311050951
  view-data: 3.36000828910619
