times:
  edit-metadata: 1.4993106869515032
  landing: 0.7841336480341852
  view-data: 3.36862107203342
