times:
  edit-metadata: 2.1346836984157562
  landing: 1.590851254761219
  view-data: 3.3990528509020805
