times:
  edit-metadata: 1.4702984057366848
  landing: 0.740338072180748
  view-data: 3.4275767523795366
