times:
  edit-metadata: 0.6317985490895808
  landing: 0.1226514047011733
  view-data: 0.2184789557941258
