times:
  edit-metadata: 1.929434858262539
  landing: 1.034393846988678
  view-data: 3.4158900640904903
