times:
  edit-metadata: 1.3922923021018505
  landing: 0.7388077266514301
  view-data: 3.300103321671486
