times:
  edit-metadata: 1.5470644058659673
  landing: 0.7966157840564847
  view-data: 3.421240165363997
