times:
  edit-metadata: 1.460564959794283
  landing: 0.8878959305584431
  view-data: 3.3631344363093376
