times:
  edit-metadata: 1.6830117870122194
  landing: 0.9262984162196517
  view-data: 3.3317334186285734
