times:
  edit-metadata: 1.6856923699378967
  landing: 1.1037732064723969
  view-data: 3.3274433836340904
