times:
  edit-metadata: 1.5097796320915222
  landing: 1.0139187183231115
  view-data: 3.4218073710799217
