times:
  edit-metadata: 1.537195697426796
  landing: 0.8992647007107735
  view-data: 3.3314271345734596
