times:
  edit-metadata: 1.543656021822244
  landing: 0.8561268490739167
  view-data: 3.474073105957359
