times:
  edit-metadata: 1.5131909884512424
  landing: 1.0074364058673382
  view-data: 3.3266233280301094
