times:
  edit-metadata: 1.522539293859154
  landing: 0.778881078120321
  view-data: 3.3746978607960045
