times:
  edit-metadata: 0.48794668598566204
  landing: 0.053562458022497594
  view-data: 0.2067223279736936
