times:
  edit-metadata: 1.516064416617155
  landing: 0.7604499440640211
  view-data: 3.435495503246784
