times:
  edit-metadata: 0.49718449218198657
  landing: 0.06655878992751241
  view-data: 0.2123923278413713
