times:
  edit-metadata: 1.5563399717211723
  landing: 0.7805186212062836
  view-data: 3.554985726252198
