times:
  edit-metadata: 1.5443804934620857
  landing: 0.7738487366586924
  view-data: 3.426792588084936
