times:
  edit-metadata: 1.445652537047863
  landing: 0.6757343485951424
  view-data: 3.308105356991291
