times:
  edit-metadata: 1.436736598610878
  landing: 0.927914921194315
  view-data: 3.4930183552205563
