times:
  edit-metadata: 0.4903343431651592
  landing: 0.04415146308019757
  view-data: 0.20537521201185882
