times:
  edit-metadata: 0.5072457569185644
  landing: 0.04627736599650234
  view-data: 0.48488377302419394
