times:
  edit-metadata: 1.483483358984813
  landing: 0.7216729600913823
  view-data: 3.3459758579265326
