times:
  edit-metadata: 1.6103255972266197
  landing: 0.8487917501479387
  view-data: 3.458459759131074
