times:
  edit-metadata: 1.6963051930069923
  landing: 0.7877378035336733
  view-data: 3.451508404687047
