times:
  edit-metadata: 1.538952138274908
  landing: 0.7565504219383001
  view-data: 3.378203744068742
