times:
  edit-metadata: 1.4358874303288758
  landing: 0.8305283058434725
  view-data: 3.3323090369813144
