times:
  edit-metadata: 1.6891052909195423
  landing: 1.0025733821094036
  view-data: 3.330677267163992
