times:
  edit-metadata: 2.2319138143211603
  landing: 1.0686358571983874
  view-data: 3.644682293292135
