times:
  edit-metadata: 1.4757123505696654
  landing: 0.7010230906307697
  view-data: 3.299028305336833
