times:
  edit-metadata: 1.413413479924202
  landing: 0.78115563839674
  view-data: 3.344481073319912
