times:
  edit-metadata: 2.021895695477724
  landing: 1.0685319378972054
  view-data: 3.559453694149852
