times:
  edit-metadata: 1.530924728140235
  landing: 0.7230427395552397
  view-data: 3.4264245573431253
