times:
  edit-metadata: 1.5866415463387966
  landing: 0.9070624001324177
  view-data: 3.4190413914620876
