times:
  edit-metadata: 0.5014039669185877
  landing: 0.06464882381260395
  view-data: 0.21908618393354118
