times:
  edit-metadata: 1.6341008539311588
  landing: 1.0429514260031283
  view-data: 3.4031864712014794
