times:
  edit-metadata: 0.4984439089894295
  landing: 0.04556516604498029
  view-data: 0.2090595760382712
