times:
  edit-metadata: 1.5140664782375097
  landing: 0.9145471197552979
  view-data: 3.463514634873718
