times:
  edit-metadata: 0.5042629418894649
  landing: 0.046083661960437894
  view-data: 0.20532448799349368
