times:
  edit-metadata: 1.4981270674616098
  landing: 0.7740219635888934
  view-data: 3.369412667118013
