times:
  edit-metadata: 1.626097023487091
  landing: 0.7843315862119198
  view-data: 3.3249222356826067
