times:
  edit-metadata: 0.5027881138958037
  landing: 0.06926220213063061
  view-data: 0.21473370003513992
