times:
  edit-metadata: 1.5478342846035957
  landing: 0.8363599516451359
  view-data: 3.348209861665964
