times:
  edit-metadata: 1.4662819541990757
  landing: 0.7915222682058811
  view-data: 3.4026167429983616
