times:
  edit-metadata: 1.4052791483700275
  landing: 0.851452112197876
  view-data: 3.403942421078682
