times:
  edit-metadata: 0.5939025119878352
  landing: 0.04544505989179015
  view-data: 0.21557343192398548
