times:
  edit-metadata: 1.4764445698820055
  landing: 0.7907439959235489
  view-data: 3.364611880853772
