times:
  edit-metadata: 1.524369865655899
  landing: 0.819440133869648
  view-data: 3.3553110770881176
