times:
  edit-metadata: 1.7165308902040124
  landing: 0.9324990632012486
  view-data: 3.5396675718948245
