times:
  edit-metadata: 1.6761226765811443
  landing: 0.7878553308546543
  view-data: 3.4623602256178856
