times:
  edit-metadata: 1.4076956817880273
  landing: 0.8200368182733655
  view-data: 3.3413496259599924
