times:
  edit-metadata: 1.5275515019893646
  landing: 0.8702121414244175
  view-data: 3.4065144695341587
