times:
  edit-metadata: 1.499003753066063
  landing: 0.9377658069133759
  view-data: 3.434848204255104
