times:
  edit-metadata: 1.392304416745901
  landing: 0.7371207438409328
  view-data: 3.288594789803028
