times:
  edit-metadata: 1.4478845112025738
  landing: 0.7048986721783876
  view-data: 3.340678693726659
