times:
  edit-metadata: 1.5644491352140903
  landing: 0.8670078292489052
  view-data: 3.3803523033857346
