times:
  edit-metadata: 1.4909508787095547
  landing: 0.7776335403323174
  view-data: 3.41694363206625
