times:
  edit-metadata: 1.8462676480412483
  landing: 1.1060055680572987
  view-data: 3.39916006103158
