times:
  edit-metadata: 1.5360462442040443
  landing: 0.7014867644757032
  view-data: 3.3689018450677395
