times:
  edit-metadata: 0.4912008340470493
  landing: 0.04513682005926967
  view-data: 0.20777866011485457
