times:
  edit-metadata: 1.5139155741780996
  landing: 0.8141199741512537
  view-data: 3.5098909735679626
