times:
  edit-metadata: 0.5108941310318187
  landing: 0.04390316398348659
  view-data: 0.22195292892865837
