times:
  edit-metadata: 1.5487709250301123
  landing: 0.9764138516038656
  view-data: 3.4774161810055375
