times:
  edit-metadata: 0.5627149511128664
  landing: 0.06851274194195867
  view-data: 0.2553989428561181
