times:
  edit-metadata: 0.5306159739848226
  landing: 0.04785639815963805
  view-data: 0.1946826628409326
