times:
  edit-metadata: 1.4190721772611141
  landing: 0.9170506745576859
  view-data: 3.352682836353779
