times:
  edit-metadata: 1.5279257651418447
  landing: 0.7798787131905556
  view-data: 3.3925863821059465
