times:
  edit-metadata: 0.5135337989777327
  landing: 0.06952804885804653
  view-data: 0.21809888700954616
