times:
  edit-metadata: 2.132514961063862
  landing: 1.2094026552513242
  view-data: 3.558554912917316
