times:
  edit-metadata: 0.4843356227502227
  landing: 0.04893094813451171
  view-data: 0.20887381210923195
