times:
  edit-metadata: 1.4470742866396904
  landing: 0.8479858301579952
  view-data: 3.4831570349633694
