times:
  edit-metadata: 1.5346912555396557
  landing: 0.7900646068155766
  view-data: 3.4258452467620373
