times:
  edit-metadata: 1.5197361907921731
  landing: 0.8909214730374515
  view-data: 3.375534121878445
