times:
  edit-metadata: 1.588305801153183
  landing: 0.8032136205583811
  view-data: 3.3009873013943434
