times:
  edit-metadata: 0.5003920928575099
  landing: 0.06939316680654883
  view-data: 0.22490581311285496
