times:
  edit-metadata: 1.543438896536827
  landing: 0.8114969031885266
  view-data: 3.5187085373327136
