times:
  edit-metadata: 1.4791043363511562
  landing: 0.7848061323165894
  view-data: 3.3437618874013424
