times:
  edit-metadata: 0.5170758980093524
  landing: 0.05855037097353488
  view-data: 0.21495805808808655
