times:
  edit-metadata: 1.5475803278386593
  landing: 0.8168187011033297
  view-data: 3.4870740454643965
