times:
  edit-metadata: 0.5104818689869717
  landing: 0.04946300096344203
  view-data: 0.22546795092057437
