times:
  edit-metadata: 1.5550352651625872
  landing: 0.7478531114757061
  view-data: 3.4188511297106743
