times:
  edit-metadata: 0.4732046970020747
  landing: 0.05153461199370213
  view-data: 0.208770450000884
