times:
  edit-metadata: 1.4843230918049812
  landing: 0.7427505739033222
  view-data: 3.273224540054798
