times:
  edit-metadata: 2.0760543271899223
  landing: 0.8361239992082119
  view-data: 3.4958748975768685
