times:
  edit-metadata: 0.5094614459667355
  landing: 0.04693282186053693
  view-data: 0.20643112901598215
