times:
  edit-metadata: 1.5323489792644978
  landing: 0.7483971193432808
  view-data: 3.3916662503033876
