times:
  edit-metadata: 1.4670564290136099
  landing: 0.7072166819125414
  view-data: 3.2890692073851824
