times:
  edit-metadata: 1.7567629367113113
  landing: 0.9803031757473946
  view-data: 3.333193715661764
