times:
  edit-metadata: 1.580013733357191
  landing: 0.6782539486885071
  view-data: 3.304909596219659
