times:
  edit-metadata: 1.561790481209755
  landing: 0.7099217474460602
  view-data: 3.353896640241146
