times:
  edit-metadata: 1.6807094663381577
  landing: 0.8109319861978292
  view-data: 3.353957250714302
