times:
  edit-metadata: 1.581959581002593
  landing: 0.8352510575205088
  view-data: 3.3760349433869123
