times:
  edit-metadata: 1.803945878520608
  landing: 0.9473111899569631
  view-data: 3.3700963286682963
