times:
  edit-metadata: 1.3957546576857567
  landing: 0.8352219834923744
  view-data: 3.3227521032094955
