times:
  edit-metadata: 0.5180281898938119
  landing: 0.04416750371456146
  view-data: 0.21846406580880284
