times:
  edit-metadata: 0.5174048540648073
  landing: 0.043770689982920885
  view-data: 0.2246754530351609
