times:
  edit-metadata: 1.4608305972069502
  landing: 0.7406318970024586
  view-data: 3.325333897024393
