times:
  edit-metadata: 2.1997727900743484
  landing: 1.1713935509324074
  view-data: 3.4034697376191616
