times:
  edit-metadata: 0.5037642871029675
  landing: 0.04756435705348849
  view-data: 0.34337133914232254
