times:
  edit-metadata: 0.5115995816886425
  landing: 0.06797002628445625
  view-data: 0.2169865877367556
