times:
  edit-metadata: 0.5096923210076056
  landing: 0.07397165198926814
  view-data: 0.35282532198471017
