times:
  edit-metadata: 1.4648447586223483
  landing: 0.7849961882457137
  view-data: 3.3525501638650894
