times:
  edit-metadata: 4.1615107245743275
  landing: 2.244295794516802
  view-data: 3.8476609103381634
