times:
  edit-metadata: 1.5370612991973758
  landing: 0.853405648842454
  view-data: 3.3890820974484086
