times:
  edit-metadata: 0.5062887360109016
  landing: 0.048746680025942624
  view-data: 0.22410955396480858
