times:
  edit-metadata: 1.4403606336563826
  landing: 0.7537753051146865
  view-data: 3.352194760926068
