times:
  edit-metadata: 1.479818345978856
  landing: 0.7882518977858126
  view-data: 3.383927154354751
