times:
  edit-metadata: 1.6367687219753861
  landing: 0.8404862880706787
  view-data: 3.323901582043618
