times:
  edit-metadata: 1.516431076452136
  landing: 0.7144114580005407
  view-data: 3.3749728091061115
