times:
  edit-metadata: 1.5371519979089499
  landing: 0.6858006734400988
  view-data: 3.357027992606163
