times:
  edit-metadata: 1.55006900196895
  landing: 0.7840410839999095
  view-data: 3.429233837989159
