times:
  edit-metadata: 1.494208313524723
  landing: 0.9037251584231853
  view-data: 3.376504383981228
