times:
  edit-metadata: 1.7375255710212514
  landing: 0.7803452049847692
  view-data: 3.309588468982838
