times:
  edit-metadata: 0.48481496900785714
  landing: 0.07886466800118797
  view-data: 0.21584174601593986
