times:
  edit-metadata: 1.5633516497910023
  landing: 24.843474799767137
  view-data: 3.3876695577055216
