times:
  edit-metadata: 1.6236328892409801
  landing: 0.9011953081935644
  view-data: 3.421123865991831
