times:
  edit-metadata: 1.4249827917665243
  landing: 0.764977871440351
  view-data: 3.3820819975808263
