times:
  edit-metadata: 1.519835565239191
  landing: 0.794704120606184
  view-data: 3.4192111864686012
