times:
  edit-metadata: 1.4975244849920273
  landing: 0.7442878801375628
  view-data: 3.411617998033762
