times:
  edit-metadata: 1.5454425904899836
  landing: 0.8638129960745573
  view-data: 3.4384838864207268
