times:
  edit-metadata: 0.4944333038292825
  landing: 0.08132722321897745
  view-data: 0.33580105984583497
