times:
  edit-metadata: 1.4757659761235118
  landing: 0.8483035080134869
  view-data: 3.379253110848367
