times:
  edit-metadata: 1.4790130853652954
  landing: 0.8174849599599838
  view-data: 3.260359574109316
