times:
  edit-metadata: 0.6088442099280655
  landing: 0.0421195060480386
  view-data: 0.21242723800241947
