times:
  edit-metadata: 1.596361931413412
  landing: 0.8440611530095339
  view-data: 3.432270348072052
