times:
  edit-metadata: 0.49270272301509976
  landing: 0.03847869788296521
  view-data: 0.2034983760677278
