times:
  edit-metadata: 1.5069286804646254
  landing: 0.7401821222156286
  view-data: 3.3882538117468357
