times:
  edit-metadata: 2.580033514648676
  landing: 1.707133324816823
  view-data: 3.4619086142629385
