times:
  edit-metadata: 1.511579904705286
  landing: 0.7916905656456947
  view-data: 3.429560422897339
