times:
  edit-metadata: 0.48970446502789855
  landing: 0.050174092175439
  view-data: 0.2010042800102383
