times:
  edit-metadata: 1.4219557717442513
  landing: 0.8974069058895111
  view-data: 3.333736039698124
