times:
  edit-metadata: 0.4830555299995467
  landing: 0.052203773986548185
  view-data: 0.19957046303898096
