times:
  edit-metadata: 1.3809690847992897
  landing: 0.9484552126377821
  view-data: 3.307634476572275
