times:
  edit-metadata: 1.4307844378054142
  landing: 0.8607921935617924
  view-data: 3.2793531641364098
