times:
  edit-metadata: 1.5462407730519772
  landing: 0.925785843282938
  view-data: 3.4390240646898746
