times:
  edit-metadata: 1.5579376332461834
  landing: 0.8360981717705727
  view-data: 3.327504761517048
