times:
  edit-metadata: 1.4989790357649326
  landing: 0.9849478993564844
  view-data: 3.321901299059391
