times:
  edit-metadata: 1.5137260779738426
  landing: 0.9102647081017494
  view-data: 3.410428214818239
