times:
  edit-metadata: 2.008183002471924
  landing: 1.192511584609747
  view-data: 3.3799790516495705
