times:
  edit-metadata: 1.4785574129782617
  landing: 0.7991427192464471
  view-data: 3.3707286342978477
