times:
  edit-metadata: 0.509777172934264
  landing: 0.07364647299982607
  view-data: 0.2138069241773337
