times:
  edit-metadata: 1.3889675177633762
  landing: 0.8016827441751957
  view-data: 3.3151481673121452
