times:
  edit-metadata: 1.4506773687899113
  landing: 0.8077869117259979
  view-data: 3.3786163479089737
