times:
  edit-metadata: 0.4910562860313803
  landing: 0.07206574606243521
  view-data: 0.21630405099131167
