times:
  edit-metadata: 1.334429644048214
  landing: 0.7096506617963314
  view-data: 3.341210339218378
