times:
  edit-metadata: 1.4845184572041035
  landing: 0.8364208526909351
  view-data: 3.3352806717157364
