times:
  edit-metadata: 2.201902937144041
  landing: 1.157066997140646
  view-data: 3.5644839629530907
