times:
  edit-metadata: 0.5035874260065611
  landing: 0.04440133602474816
  view-data: 0.34083209399250336
