times:
  edit-metadata: 1.7515416964888573
  landing: 1.2724480479955673
  view-data: 3.492852307856083
