times:
  edit-metadata: 1.4123609717935324
  landing: 0.7184407925233245
  view-data: 3.3834257861599326
