times:
  edit-metadata: 1.659525752067566
  landing: 0.8682435005903244
  view-data: 3.374042358249426
