times:
  edit-metadata: 1.4979075752198696
  landing: 0.7614333759993315
  view-data: 3.355758059769869
