times:
  edit-metadata: 1.4498244151473045
  landing: 0.7872811648994684
  view-data: 3.3353851782158017
