times:
  edit-metadata: 1.5893435720354319
  landing: 0.8765650298446417
  view-data: 3.4206024575978518
