times:
  edit-metadata: 1.499050099402666
  landing: 0.8620437122881413
  view-data: 3.4537319876253605
