times:
  edit-metadata: 1.616476085036993
  landing: 0.9955661967396736
  view-data: 3.439231362193823
