times:
  edit-metadata: 1.313216951675713
  landing: 0.8488790839910507
  view-data: 3.3499702969565988
