times:
  edit-metadata: 2.122669495642185
  landing: 1.220288798213005
  view-data: 3.3970250077545643
