times:
  edit-metadata: 1.516442358493805
  landing: 0.9626042917370796
  view-data: 4.1140225157141685
