times:
  edit-metadata: 1.7140051908791065
  landing: 4.343365013599396
  view-data: 3.5524036772549152
