times:
  edit-metadata: 1.4986315546557307
  landing: 0.7723016021773219
  view-data: 3.3582948492839932
