times:
  edit-metadata: 0.49230653210543096
  landing: 0.047156472923234105
  view-data: 0.2173377110157162
