times:
  edit-metadata: 1.5088921822607517
  landing: 0.940923385322094
  view-data: 3.31125932559371
