times:
  edit-metadata: 1.4101929478347301
  landing: 1.1696240343153477
  view-data: 3.336386278271675
