times:
  edit-metadata: 2.0290095917880535
  landing: 1.123348955065012
  view-data: 3.4994986802339554
