times:
  edit-metadata: 0.5697887589922175
  landing: 0.0540653559146449
  view-data: 0.21333001996390522
