times:
  edit-metadata: 1.7468427009880543
  landing: 0.9134778156876564
  view-data: 3.7587420530617237
