times:
  edit-metadata: 1.5584424994885921
  landing: 0.8273294009268284
  view-data: 3.4118489995598793
