times:
  edit-metadata: 2.0903106383048
  landing: 1.1997506422922015
  view-data: 3.4653414799831808
