times:
  edit-metadata: 1.5488278763368726
  landing: 0.8050956893712282
  view-data: 3.4074806636199355
