times:
  edit-metadata: 1.6445215232670307
  landing: 1.0679320804774761
  view-data: 3.375375583767891
