times:
  edit-metadata: 1.5561397059354931
  landing: 0.8537375379819423
  view-data: 3.4218675829470158
