times:
  edit-metadata: 2.706407359801233
  landing: 1.1148304110392928
  view-data: 3.4262620201334357
