times:
  edit-metadata: 1.5075082620605826
  landing: 0.7811625027097762
  view-data: 3.3559104027226567
