times:
  edit-metadata: 1.4682226944714785
  landing: 0.7511354200541973
  view-data: 3.270676312968135
