times:
  edit-metadata: 1.6778098829090595
  landing: 0.838603962212801
  view-data: 3.337109573185444
