times:
  edit-metadata: 1.441919069737196
  landing: 0.8810471557080746
  view-data: 3.353391520678997
