times:
  edit-metadata: 1.4172031842172146
  landing: 0.7974831014871597
  view-data: 3.359152987599373
