times:
  edit-metadata: 1.8574234414845705
  landing: 7.617234064266086
  view-data: 3.529409034177661
