times:
  edit-metadata: 1.528892133384943
  landing: 0.7636810224503279
  view-data: 3.414707712829113
