times:
  edit-metadata: 1.8854484036564827
  landing: 0.7997481720522046
  view-data: 3.374089111573994
