times:
  edit-metadata: 0.5096211601048708
  landing: 0.04489370295777917
  view-data: 0.20654814899899065
