times:
  edit-metadata: 1.49523301795125
  landing: 0.8294817940331995
  view-data: 3.371743861120194
