times:
  edit-metadata: 1.552722055464983
  landing: 0.9227241165935993
  view-data: 3.419314745813608
