times:
  edit-metadata: 2.717876160517335
  landing: 1.0068870428949594
  view-data: 3.81645386852324
