times:
  edit-metadata: 1.576283074915409
  landing: 0.9938808530569077
  view-data: 3.3635639809072018
