times:
  edit-metadata: 1.6134302578866482
  landing: 0.8997549824416637
  view-data: 3.4270797334611416
