times:
  edit-metadata: 1.5601274749496952
  landing: 0.8452989689540118
  view-data: 3.3454200100386515
