times:
  edit-metadata: 1.615592423826456
  landing: 0.8768580369651318
  view-data: 3.5387091357260942
