times:
  edit-metadata: 1.3770704958587885
  landing: 0.8705401942133904
  view-data: 3.36398121714592
