times:
  edit-metadata: 1.6614972073584795
  landing: 0.8518659826368093
  view-data: 3.4106097873300314
