times:
  edit-metadata: 0.4995997640071437
  landing: 0.050077688007149845
  view-data: 0.21551187400473282
