times:
  edit-metadata: 1.5681913159787655
  landing: 0.776057280600071
  view-data: 3.3669137097895145
