times:
  edit-metadata: 0.8493581400252879
  landing: 0.06127378600649536
  view-data: 0.2078311399091035
