times:
  edit-metadata: 3.2797893285751343
  landing: 1.2130570635199547
  view-data: 3.823021348565817
