times:
  edit-metadata: 0.5094000520039117
  landing: 0.06912434900004882
  view-data: 0.22410666300129378
