times:
  edit-metadata: 1.4624719209969044
  landing: 0.7014022590592504
  view-data: 3.3017167497891933
