times:
  edit-metadata: 1.456785211339593
  landing: 0.766287718899548
  view-data: 3.433303945697844
