times:
  edit-metadata: 1.6203322438523173
  landing: 0.9034900413826108
  view-data: 3.3872950598597527
