times:
  edit-metadata: 1.5212183892726898
  landing: 1.049938604235649
  view-data: 3.3911971487104893
