times:
  edit-metadata: 0.5096958731301129
  landing: 0.048064804170280695
  view-data: 0.2041034670546651
