times:
  edit-metadata: 1.4302150720031932
  landing: 0.7997221449622884
  view-data: 3.3309238660149276
