times:
  edit-metadata: 1.8033370450139046
  landing: 0.9812365882098675
  view-data: 3.5747249089181423
