times:
  edit-metadata: 1.5280754640698433
  landing: 0.678284790366888
  view-data: 3.3704760167747736
