times:
  edit-metadata: 1.6280791759490967
  landing: 7.364189997315407
  view-data: 3.36862301081419
