times:
  edit-metadata: 1.5663786251097918
  landing: 0.9212729409337044
  view-data: 3.449103197082877
