times:
  edit-metadata: 1.9915543529205024
  landing: 1.5498797013424337
  view-data: 3.55515902210027
