times:
  edit-metadata: 1.5275560431182384
  landing: 0.8962997421622276
  view-data: 3.380180086940527
