times:
  edit-metadata: 1.5881984364241362
  landing: 0.828355235978961
  view-data: 3.351855956017971
