times:
  edit-metadata: 1.5009830556809902
  landing: 0.8455952871590853
  view-data: 3.3951733466237783
