times:
  edit-metadata: 1.4821441657841206
  landing: 0.7870219610631466
  view-data: 3.340091684833169
