times:
  edit-metadata: 1.570970954373479
  landing: 0.7698685228824615
  view-data: 3.322470039129257
