times:
  edit-metadata: 1.9490384459495544
  landing: 0.7915746606886387
  view-data: 3.3488825373351574
