times:
  edit-metadata: 1.9479854740202427
  landing: 0.9924184419214725
  view-data: 3.476057704538107
