times:
  edit-metadata: 0.49532481300411746
  landing: 0.049220052955206484
  view-data: 0.20942857896443456
