times:
  edit-metadata: 1.5109764598309994
  landing: 0.7544549964368343
  view-data: 3.430089747533202
