times:
  edit-metadata: 1.5396769233047962
  landing: 0.7505476232618093
  view-data: 3.435835098847747
