times:
  edit-metadata: 1.4786075656302273
  landing: 0.7358527430333197
  view-data: 3.392387011088431
