times:
  edit-metadata: 1.5620745997875929
  landing: 0.7790942285209894
  view-data: 3.3597620176151395
