times:
  edit-metadata: 1.4887286126613617
  landing: 0.9877790212631226
  view-data: 3.2527363039553165
