times:
  edit-metadata: 2.036522299051285
  landing: 1.198316015303135
  view-data: 3.394866716116667
