times:
  edit-metadata: 1.5663898326456547
  landing: 0.7879797900095582
  view-data: 3.4060667622834444
