times:
  edit-metadata: 2.2552022337913513
  landing: 0.9397829622030258
  view-data: 3.412735179066658
