times:
  edit-metadata: 1.5815253984183073
  landing: 0.8216286338865757
  view-data: 3.432284437119961
