times:
  edit-metadata: 1.6762090884149075
  landing: 0.8955882973968983
  view-data: 3.461674775928259
