times:
  edit-metadata: 0.5023649358190596
  landing: 0.04318717820569873
  view-data: 0.20600512204691768
