times:
  edit-metadata: 1.519411165267229
  landing: 0.735699724406004
  view-data: 3.362841382622719
