times:
  edit-metadata: 0.5173392859869637
  landing: 0.07024948595790192
  view-data: 0.2165450539905578
