times:
  edit-metadata: 1.5310949012637138
  landing: 0.7786999475210905
  view-data: 3.353506624698639
