times:
  edit-metadata: 1.5701127219945192
  landing: 0.7378701493144035
  view-data: 3.411288905888796
