times:
  edit-metadata: 1.4988573640584946
  landing: 12.852134589105844
  view-data: 3.253216728568077
