times:
  edit-metadata: 2.890248479321599
  landing: 1.2841824740171432
  view-data: 4.0391099620610476
