times:
  edit-metadata: 1.4743042439222336
  landing: 0.9138442538678646
  view-data: 3.461017444729805
