times:
  edit-metadata: 1.5833082348108292
  landing: 1.0380822196602821
  view-data: 3.374273009598255
