times:
  edit-metadata: 0.5753297989722341
  landing: 0.04502354399301112
  view-data: 0.21676140499766916
