times:
  edit-metadata: 1.3655890100635588
  landing: 0.8314459449611604
  view-data: 3.501236287993379
