times:
  edit-metadata: 1.9484061300754547
  landing: 1.0504398345947266
  view-data: 3.6866612546145916
