times:
  edit-metadata: 1.6451508640311658
  landing: 0.8468843451701105
  view-data: 3.3530813939869404
