times:
  edit-metadata: 1.4347006473690271
  landing: 0.7205386683344841
  view-data: 3.429584737867117
