times:
  edit-metadata: 1.5285592302680016
  landing: 0.8020224869251251
  view-data: 3.442271888256073
