times:
  edit-metadata: 0.5108036929741502
  landing: 0.05439911410212517
  view-data: 0.20906035997904837
