times:
  edit-metadata: 0.4883596680010669
  landing: 0.06511126400437206
  view-data: 0.22003221901832148
