times:
  edit-metadata: 0.49552900111302733
  landing: 0.05071962997317314
  view-data: 0.2070249286480248
