times:
  edit-metadata: 1.6993400882929564
  landing: 1.2653040392324328
  view-data: 3.592044485732913
