times:
  edit-metadata: 1.483798728324473
  landing: 0.7326587997376919
  view-data: 3.407954898662865
