times:
  edit-metadata: 0.5131169897504151
  landing: 0.06671064672991633
  view-data: 0.22690131841227412
