times:
  edit-metadata: 1.5636388771235943
  landing: 0.7700545620173216
  view-data: 3.304877318441868
