times:
  edit-metadata: 1.5305774416774511
  landing: 0.8119151834398508
  view-data: 3.355021236464381
