times:
  edit-metadata: 1.4847988411784172
  landing: 0.7013500817120075
  view-data: 3.4126067012548447
