times:
  edit-metadata: 1.5235835388302803
  landing: 0.8445427566766739
  view-data: 3.420150514692068
