times:
  edit-metadata: 1.4152330085635185
  landing: 0.9975970536470413
  view-data: 3.37163295596838
