times:
  edit-metadata: 1.621624430641532
  landing: 0.7682329397648573
  view-data: 3.447855932638049
