times:
  edit-metadata: 1.4885998698882759
  landing: 0.8745211989153177
  view-data: 3.356639098143205
