times:
  edit-metadata: 1.4627022258937359
  landing: 0.7665422614663839
  view-data: 3.3704159818589687
