times:
  edit-metadata: 0.5111627930309623
  landing: 0.05196168809197843
  view-data: 0.211432054056786
