times:
  edit-metadata: 1.2456410150043666
  landing: 0.2112124059931375
  view-data: 0.22069562401156873
