times:
  edit-metadata: 1.4564452916383743
  landing: 0.716681145131588
  view-data: 3.7681041210889816
