times:
  edit-metadata: 1.5326711721718311
  landing: 0.8925779722630978
  view-data: 3.410601492971182
