times:
  edit-metadata: 1.9193799393251538
  landing: 1.2177630458027124
  view-data: 3.461411600932479
