times:
  edit-metadata: 1.616363998502493
  landing: 1.0103465504944324
  view-data: 3.4545318633317947
