times:
  edit-metadata: 1.983304925262928
  landing: 1.0842367000877857
  view-data: 3.388816751539707
