times:
  edit-metadata: 2.586339570581913
  landing: 1.4658282101154327
  view-data: 3.5729317367076874
