times:
  edit-metadata: 1.3259758576750755
  landing: 0.69115349650383
  view-data: 3.5166583955287933
