times:
  edit-metadata: 1.639436349272728
  landing: 0.9109372049570084
  view-data: 3.389635890722275
