times:
  edit-metadata: 1.488015927374363
  landing: 0.7506130263209343
  view-data: 3.5650464221835136
