times:
  edit-metadata: 1.496780902147293
  landing: 0.6930206343531609
  view-data: 3.4891463294625282
