times:
  edit-metadata: 1.5794928297400475
  landing: 0.7898413389921188
  view-data: 3.3329182639718056
