times:
  edit-metadata: 1.395235724747181
  landing: 0.889632448554039
  view-data: 3.36611171066761
