times:
  edit-metadata: 1.4105320870876312
  landing: 0.7804058343172073
  view-data: 3.50794318318367
