times:
  edit-metadata: 1.4100377447903156
  landing: 0.8637292347848415
  view-data: 3.3901122249662876
