times:
  edit-metadata: 1.373530812561512
  landing: 0.8295984417200089
  view-data: 3.2888433039188385
