times:
  edit-metadata: 1.4175612479448318
  landing: 0.7840797454118729
  view-data: 3.383401036262512
