times:
  edit-metadata: 1.3783289194107056
  landing: 0.7020780444145203
  view-data: 3.53366332501173
