times:
  edit-metadata: 1.3930171504616737
  landing: 0.7388142794370651
  view-data: 3.5337159410119057
