times:
  edit-metadata: 1.560805656015873
  landing: 0.8044700101017952
  view-data: 3.511116959154606
