times:
  edit-metadata: 1.393899105489254
  landing: 0.7298541888594627
  view-data: 3.5211543068289757
