times:
  edit-metadata: 1.4052880555391312
  landing: 0.9746255725622177
  view-data: 3.4941458478569984
