times:
  edit-metadata: 1.428339071571827
  landing: 0.7227645739912987
  view-data: 3.486644573509693
