times:
  edit-metadata: 1.61126247048378
  landing: 1.1423813328146935
  view-data: 4.069860205054283
