times:
  edit-metadata: 1.3660081773996353
  landing: 0.7101865783333778
  view-data: 3.2543856129050255
