times:
  edit-metadata: 1.513153225183487
  landing: 0.881053801625967
  view-data: 3.3056551292538643
