times:
  edit-metadata: 1.479386705905199
  landing: 0.8113364689052105
  view-data: 3.287481315433979
