times:
  edit-metadata: 1.4825729951262474
  landing: 0.8050890862941742
  view-data: 3.5558112263679504
