times:
  edit-metadata: 1.4491965919733047
  landing: 0.7284211628139019
  view-data: 3.342159915715456
