times:
  edit-metadata: 1.5178828425705433
  landing: 0.8068949058651924
  view-data: 3.2856590002775192
