times:
  edit-metadata: 1.3807112500071526
  landing: 0.74105554074049
  view-data: 3.309303440153599
