times:
  edit-metadata: 1.6793666370213032
  landing: 0.8312344029545784
  view-data: 3.3125504218041897
