times:
  edit-metadata: 1.4293995834887028
  landing: 1.014600120484829
  view-data: 3.408097393810749
