times:
  edit-metadata: 2.6012687012553215
  landing: 1.0693696551024914
  view-data: 3.576138496398926
