times:
  edit-metadata: 1.498513601720333
  landing: 0.7989083305001259
  view-data: 3.453431911766529
