times:
  edit-metadata: 1.5121697671711445
  landing: 0.7546850703656673
  view-data: 3.3355000391602516
