times:
  edit-metadata: 2.368221737444401
  landing: 1.6331484392285347
  view-data: 3.510302297770977
