times:
  edit-metadata: 1.3899041414260864
  landing: 0.8525800034403801
  view-data: 3.479257822036743
