times:
  edit-metadata: 1.3478658720850945
  landing: 0.8144162893295288
  view-data: 3.2915031239390373
