times:
  edit-metadata: 1.4778645485639572
  landing: 0.7390338703989983
  view-data: 3.3426740169525146
