times:
  edit-metadata: 1.3323073610663414
  landing: 0.8937413245439529
  view-data: 3.413480468094349
