times:
  edit-metadata: 2.0731794387102127
  landing: 1.127495639026165
  view-data: 3.4325908198952675
