times:
  edit-metadata: 1.4205087758600712
  landing: 0.7609530873596668
  view-data: 3.328045353293419
