times:
  edit-metadata: 1.3904853872954845
  landing: 0.7597938701510429
  view-data: 3.324828326702118
