times:
  edit-metadata: 1.41004928201437
  landing: 0.790657751262188
  view-data: 3.4486699402332306
