times:
  edit-metadata: 1.4215818494558334
  landing: 0.7959476262331009
  view-data: 3.4981158822774887
