times:
  edit-metadata: 1.0666388794779778
  landing: 0.77286796271801
  view-data: 3.444400280714035
