times:
  edit-metadata: 1.442888356745243
  landing: 0.7258118018507957
  view-data: 3.4763506576418877
