times:
  edit-metadata: 1.4436138197779655
  landing: 0.9050616770982742
  view-data: 3.498157024383545
