times:
  edit-metadata: 1.5173834152519703
  landing: 0.7714060135185719
  view-data: 3.2891840264201164
