times:
  edit-metadata: 1.4247824624180794
  landing: 0.8442185670137405
  view-data: 3.2843979448080063
