times:
  edit-metadata: 1.4404232576489449
  landing: 0.8277182914316654
  view-data: 3.311460744589567
