times:
  edit-metadata: 1.4022924602031708
  landing: 0.7953580319881439
  view-data: 3.4732649698853493
