times:
  edit-metadata: 1.5002490617334843
  landing: 0.7982122488319874
  view-data: 3.354757957160473
