times:
  edit-metadata: 1.3969998806715012
  landing: 0.8835866749286652
  view-data: 3.4744296595454216
