times:
  edit-metadata: 1.5126080736517906
  landing: 0.8927878141403198
  view-data: 3.342726744711399
