times:
  edit-metadata: 1.445481188595295
  landing: 0.8472696244716644
  view-data: 3.4581160619854927
