times:
  edit-metadata: 1.3750508986413479
  landing: 0.8259678110480309
  view-data: 3.330093841999769
