times:
  edit-metadata: 1.5007769539952278
  landing: 0.9107516258955002
  view-data: 3.298219505697489
