times:
  edit-metadata: 1.4610307589173317
  landing: 0.7860138416290283
  view-data: 3.506143592298031
