times:
  edit-metadata: 1.485646866261959
  landing: 0.817175842821598
  view-data: 3.4111657962203026
