times:
  edit-metadata: 1.3653107061982155
  landing: 0.7671519070863724
  view-data: 3.3364116847515106
