times:
  edit-metadata: 3.1975011453032494
  landing: 1.9250495694577694
  view-data: 3.5822959542274475
