times:
  edit-metadata: 1.4739844389259815
  landing: 1.2617734894156456
  view-data: 3.341544583439827
