times:
  edit-metadata: 1.4647589847445488
  landing: 0.7462464720010757
  view-data: 3.46015764772892
