times:
  edit-metadata: 1.5363460183143616
  landing: 0.7841797471046448
  view-data: 3.322672624140978
