times:
  edit-metadata: 1.420826070010662
  landing: 0.8168933354318142
  view-data: 3.337069593369961
