times:
  edit-metadata: 2.009001702070236
  landing: 1.053456000983715
  view-data: 3.5922481417655945
