times:
  edit-metadata: 1.6054696962237358
  landing: 0.8234196715056896
  view-data: 3.362261775881052
