times:
  edit-metadata: 1.4684080332517624
  landing: 0.7848947048187256
  view-data: 3.531113289296627
