times:
  edit-metadata: 2.141794115304947
  landing: 1.1613881662487984
  view-data: 3.8519275039434433
