times:
  edit-metadata: 1.4917719066143036
  landing: 0.8123281896114349
  view-data: 3.4441355019807816
