times:
  edit-metadata: 1.3549061939120293
  landing: 0.7358060330152512
  view-data: 3.629326604306698
