times:
  edit-metadata: 1.411753311753273
  landing: 0.8745660483837128
  view-data: 3.382517822086811
