times:
  edit-metadata: 1.3393467143177986
  landing: 0.8104092478752136
  view-data: 3.615567699074745
