times:
  edit-metadata: 1.418860100209713
  landing: 0.7595315687358379
  view-data: 3.2770732156932354
