times:
  edit-metadata: 1.4445595256984234
  landing: 0.8518168702721596
  view-data: 3.2912075854837894
