times:
  edit-metadata: 1.4004581905901432
  landing: 0.7592995651066303
  view-data: 3.242383375763893
