times:
  edit-metadata: 1.86146991699934
  landing: 1.3062347918748856
  view-data: 3.3582832887768745
