times:
  edit-metadata: 1.7727615050971508
  landing: 1.1153372786939144
  view-data: 3.3668429516255856
