times:
  edit-metadata: 1.4727484174072742
  landing: 0.8399235010147095
  view-data: 3.353399980813265
