times:
  edit-metadata: 1.4643886759877205
  landing: 1.2467951327562332
  view-data: 3.5704950988292694
