times:
  edit-metadata: 1.3765431568026543
  landing: 0.7505557425320148
  view-data: 3.3156159222126007
