times:
  edit-metadata: 1.5369945168495178
  landing: 0.8374526649713516
  view-data: 3.3655910715460777
