times:
  edit-metadata: 1.5241127535700798
  landing: 0.7938482165336609
  view-data: 3.4372660517692566
