times:
  edit-metadata: 1.4140968471765518
  landing: 0.8473794460296631
  view-data: 3.34639248251915
