times:
  edit-metadata: 1.4649338461458683
  landing: 0.8427420742809772
  view-data: 3.3740472458302975
