times:
  edit-metadata: 1.3578147739171982
  landing: 0.7482002303004265
  view-data: 3.294466733932495
