times:
  edit-metadata: 1.5230623334646225
  landing: 0.8007944189012051
  view-data: 3.30820257589221
