times:
  edit-metadata: 1.4811764806509018
  landing: 0.8527170047163963
  view-data: 3.348561130464077
