times:
  edit-metadata: 1.424394778907299
  landing: 0.7173188775777817
  view-data: 3.4652084037661552
