times:
  edit-metadata: 1.350031591951847
  landing: 0.9613836854696274
  view-data: 3.306856743991375
