times:
  edit-metadata: 1.9299785792827606
  landing: 0.9046580940485001
  view-data: 3.3741184026002884
