times:
  edit-metadata: 1.4170143231749535
  landing: 0.7356323376297951
  view-data: 3.3633806109428406
