times:
  edit-metadata: 1.4789181873202324
  landing: 0.8018079623579979
  view-data: 3.5651109740138054
