times:
  edit-metadata: 2.1720841452479362
  landing: 1.2098872512578964
  view-data: 3.559029035270214
