times:
  edit-metadata: 1.4752774015069008
  landing: 0.6960816830396652
  view-data: 3.5007774606347084
