times:
  edit-metadata: 1.4365461617708206
  landing: 0.797954186797142
  view-data: 3.319831222295761
