times:
  edit-metadata: 1.4921249635517597
  landing: 0.7293605543673038
  view-data: 3.2528163827955723
