times:
  edit-metadata: 1.3818218484520912
  landing: 0.7457369193434715
  view-data: 3.429848626255989
