times:
  edit-metadata: 2.2320342510938644
  landing: 1.1296167150139809
  view-data: 3.540058597922325
