times:
  edit-metadata: 1.544823631644249
  landing: 0.7498601004481316
  view-data: 3.3424582928419113
