times:
  edit-metadata: 1.3451587483286858
  landing: 0.7327374145388603
  view-data: 3.286510467529297
