times:
  edit-metadata: 1.384505771100521
  landing: 0.7693092674016953
  view-data: 3.5464617237448692
