times:
  edit-metadata: 1.4151309505105019
  landing: 0.7205295264720917
  view-data: 3.47213314473629
