times:
  edit-metadata: 1.4913084357976913
  landing: 0.7847509831190109
  view-data: 3.301706485450268
