times:
  edit-metadata: 1.3959180042147636
  landing: 0.8104574680328369
  view-data: 3.4958814904093742
