times:
  edit-metadata: 1.6114630848169327
  landing: 0.8524337410926819
  view-data: 3.564958371222019
