times:
  edit-metadata: 1.4615298360586166
  landing: 0.9688817411661148
  view-data: 3.3152350932359695
