times:
  edit-metadata: 3.8994081169366837
  landing: 2.1059215255081654
  view-data: 3.9648903645575047
