times:
  edit-metadata: 1.3956061750650406
  landing: 0.7615980878472328
  view-data: 3.2559748739004135
