times:
  edit-metadata: 1.471990741789341
  landing: 0.8094969838857651
  view-data: 3.505180388689041
