times:
  edit-metadata: 1.4072076007723808
  landing: 0.9323757812380791
  view-data: 3.3694659173488617
