times:
  edit-metadata: 2.756831578910351
  landing: 0.9802257753908634
  view-data: 3.430626939982176
