times:
  edit-metadata: 1.9429626315832138
  landing: 1.338257096707821
  view-data: 3.8623944222927094
