times:
  edit-metadata: 1.493958167731762
  landing: 0.7755579799413681
  view-data: 3.574240453541279
