times:
  edit-metadata: 1.5514103397727013
  landing: 0.9409679248929024
  view-data: 3.404365472495556
