times:
  edit-metadata: 1.3616243749856949
  landing: 0.7372391000390053
  view-data: 3.442193239927292
