times:
  edit-metadata: 1.6150661185383797
  landing: 0.9881119802594185
  view-data: 3.5941923931241035
