times:
  edit-metadata: 1.4508575201034546
  landing: 0.7534573674201965
  view-data: 3.316029042005539
