times:
  edit-metadata: 1.451980035752058
  landing: 0.7209063172340393
  view-data: 3.3831116519868374
