times:
  edit-metadata: 1.5275605879724026
  landing: 0.8594623878598213
  view-data: 3.3684186562895775
