times:
  edit-metadata: 1.4052236378192902
  landing: 0.8147264719009399
  view-data: 3.5353296101093292
