times:
  edit-metadata: 1.4875002168118954
  landing: 0.7816714867949486
  view-data: 3.2857877612113953
