times:
  edit-metadata: 1.4769972413778305
  landing: 0.7365469038486481
  view-data: 3.4279994443058968
