times:
  edit-metadata: 1.3665995970368385
  landing: 0.8470156043767929
  view-data: 3.3802317902445793
