times:
  edit-metadata: 2.485854160040617
  landing: 0.9627405405044556
  view-data: 3.555585391819477
