times:
  edit-metadata: 1.3865522667765617
  landing: 0.7473975382745266
  view-data: 3.285900540649891
