times:
  edit-metadata: 1.3296283893287182
  landing: 0.8428625166416168
  view-data: 3.3513979203999043
