times:
  edit-metadata: 1.426230251789093
  landing: 0.8212826922535896
  view-data: 3.474981866776943
