times:
  edit-metadata: 1.3454695008695126
  landing: 0.7712634652853012
  view-data: 3.2677572667598724
