times:
  edit-metadata: 1.7482075840234756
  landing: 1.1644947826862335
  view-data: 3.58620373159647
