times:
  edit-metadata: 1.3470044694840908
  landing: 0.796149980276823
  view-data: 3.3430340848863125
