times:
  edit-metadata: 1.3030155450105667
  landing: 0.6707764491438866
  view-data: 3.486737109720707
