times:
  edit-metadata: 1.4174808785319328
  landing: 0.7696911841630936
  view-data: 3.4825489223003387
