times:
  edit-metadata: 1.398615162819624
  landing: 0.7324914075434208
  view-data: 3.267688363790512
