times:
  edit-metadata: 1.9634675979614258
  landing: 1.017591953277588
  view-data: 3.3309628292918205
