times:
  edit-metadata: 2.501106295734644
  landing: 1.5706591717898846
  view-data: 3.4481081813573837
