times:
  edit-metadata: 1.4745238944888115
  landing: 0.7996278256177902
  view-data: 3.328682191669941
