times:
  edit-metadata: 1.4571885131299496
  landing: 0.7868644222617149
  view-data: 3.2815982811152935
