times:
  edit-metadata: 1.3921451717615128
  landing: 0.7051806822419167
  view-data: 3.4352162331342697
