times:
  edit-metadata: 1.364272952079773
  landing: 0.7538848407566547
  view-data: 3.2973406314849854
