times:
  edit-metadata: 1.4567084684967995
  landing: 0.8234834372997284
  view-data: 3.2969788312911987
