times:
  edit-metadata: 1.467279952019453
  landing: 0.811063427478075
  view-data: 3.299747671931982
