times:
  edit-metadata: 1.4273263067007065
  landing: 0.8351375088095665
  view-data: 3.3163119331002235
