times:
  edit-metadata: 1.4277461096644402
  landing: 0.734386719763279
  view-data: 3.425985023379326
