times:
  edit-metadata: 1.3800570964813232
  landing: 0.6903774067759514
  view-data: 3.3483372405171394
