times:
  edit-metadata: 1.534024566411972
  landing: 0.7387430742383003
  view-data: 3.2931224927306175
