times:
  edit-metadata: 1.3253277391195297
  landing: 0.7323281913995743
  view-data: 3.28731719404459
