times:
  edit-metadata: 1.4076397940516472
  landing: 0.7581217549741268
  view-data: 3.372634656727314
