times:
  edit-metadata: 1.3800652548670769
  landing: 0.7187392972409725
  view-data: 3.3040686659514904
