times:
  edit-metadata: 1.4361608922481537
  landing: 0.7376098334789276
  view-data: 3.4388735368847847
