times:
  edit-metadata: 1.424709014594555
  landing: 0.7517507672309875
  view-data: 3.261170819401741
