times:
  edit-metadata: 1.766544371843338
  landing: 1.1872619688510895
  view-data: 3.5932175889611244
