times:
  edit-metadata: 1.449923537671566
  landing: 0.7853419035673141
  view-data: 3.491369791328907
