times:
  edit-metadata: 1.5192588046193123
  landing: 0.7641024366021156
  view-data: 3.4242439344525337
