times:
  edit-metadata: 1.4727128073573112
  landing: 0.7024236842989922
  view-data: 3.464435614645481
