times:
  edit-metadata: 1.4476959481835365
  landing: 0.7262700647115707
  view-data: 3.2611236423254013
