times:
  edit-metadata: 1.3655021078884602
  landing: 0.7292391136288643
  view-data: 3.2962126657366753
