times:
  edit-metadata: 1.5530891232192516
  landing: 0.831800602376461
  view-data: 3.3300539664924145
