times:
  edit-metadata: 1.8712432719767094
  landing: 1.4843442253768444
  view-data: 3.567649696022272
