times:
  edit-metadata: 0.489104992011562
  landing: 0.05777745903469622
  view-data: 0.2169045170303434
