times:
  edit-metadata: 1.4765065517276525
  landing: 0.782522838562727
  view-data: 3.429380629211664
