times:
  edit-metadata: 1.3712495137006044
  landing: 0.6848485562950373
  view-data: 3.2846868466585875
