times:
  edit-metadata: 1.5147638991475105
  landing: 0.9640428684651852
  view-data: 3.410336386412382
