times:
  edit-metadata: 1.5315221063792706
  landing: 0.9661576077342033
  view-data: 3.3646500781178474
