times:
  edit-metadata: 1.960426134057343
  landing: 1.1890798602253199
  view-data: 3.5499387150630355
