times:
  edit-metadata: 0.4642493959981948
  landing: 0.06422389595536515
  view-data: 0.21474354295060039
