times:
  edit-metadata: 1.3558990508317947
  landing: 0.9113901145756245
  view-data: 3.327721767127514
