times:
  edit-metadata: 1.7159927226603031
  landing: 0.823698204010725
  view-data: 3.350691333413124
