times:
  edit-metadata: 1.9326149839907885
  landing: 0.921487670391798
  view-data: 3.374342950992286
