times:
  edit-metadata: 1.5252609625458717
  landing: 0.8771281465888023
  view-data: 3.444572389125824
