times:
  edit-metadata: 1.5690119192004204
  landing: 1.0901101008057594
  view-data: 3.370752688497305
