times:
  edit-metadata: 1.3639901708811522
  landing: 0.796894334955141
  view-data: 3.3365575377829373
