times:
  edit-metadata: 1.3876715265214443
  landing: 0.9282029159367085
  view-data: 3.378892954438925
