times:
  edit-metadata: 1.447210505604744
  landing: 0.8457526825368404
  view-data: 3.3701288159936666
