times:
  edit-metadata: 2.3007410559803247
  landing: 1.3011762164533138
  view-data: 3.780400849878788
