times:
  edit-metadata: 3.4606927214190364
  landing: 1.4510302171111107
  view-data: 3.5915677463635802
