times:
  edit-metadata: 2.167446421459317
  landing: 1.6062800977379084
  view-data: 3.6976665798574686
