times:
  edit-metadata: 1.4466840457171202
  landing: 0.8439545203000307
  view-data: 3.334956990554929
