times:
  edit-metadata: 1.4444479271769524
  landing: 0.8688036650419235
  view-data: 3.3843985199928284
