times:
  edit-metadata: 0.47426484400057234
  landing: 0.05261686099402141
  view-data: 0.2225110819999827
