times:
  edit-metadata: 1.567478838027455
  landing: 0.8439807499526069
  view-data: 3.30468076094985
