times:
  edit-metadata: 1.656771868467331
  landing: 0.8499902077019215
  view-data: 3.4956036005169153
