times:
  edit-metadata: 1.4962957929819822
  landing: 0.7670751493424177
  view-data: 3.402855236083269
