times:
  edit-metadata: 1.362675677984953
  landing: 0.9030788391828537
  view-data: 3.352659296244383
