times:
  edit-metadata: 1.5825862288475037
  landing: 0.14708778448402882
  view-data: 0.37781122140586376
