times:
  edit-metadata: 1.5977557096630335
  landing: 0.790445726364851
  view-data: 0.5737350508570671
