times:
  edit-metadata: 1.5881455447524786
  landing: 0.2663083076477051
  view-data: 0.44447111524641514
