times:
  edit-metadata: 1.5564369931817055
  landing: 1.0577595233917236
  view-data: 3.4141304083168507
