times:
  edit-metadata: 0.5073745830450207
  landing: 0.05184822389855981
  view-data: 0.21616281103342772
