times:
  edit-metadata: 0.4873017759528011
  landing: 0.056262481957674026
  view-data: 0.20710629085078835
