times:
  edit-metadata: 1.4243134558200836
  landing: 0.8765666000545025
  view-data: 3.351852918975055
