times:
  edit-metadata: 0.48697625403292477
  landing: 0.054672168800607324
  view-data: 0.21026293886825442
