times:
  edit-metadata: 1.4244056977331638
  landing: 0.8461865317076445
  view-data: 3.349762324243784
