times:
  edit-metadata: 0.4690009849728085
  landing: 0.0705150289577432
  view-data: 0.22418737597763538
