times:
  edit-metadata: 1.3656793222762644
  landing: 0.760555621702224
  view-data: 3.4116526283323765
