times:
  edit-metadata: 0.4667789690429345
  landing: 0.04393943806644529
  view-data: 0.2050976159516722
