times:
  edit-metadata: 1.5797419408336282
  landing: 0.7465354185551405
  view-data: 3.3758974131196737
