times:
  edit-metadata: 0.4482520619640127
  landing: 0.06738046801183373
  view-data: 0.21332332596648484
