times:
  edit-metadata: 0.5848017940297723
  landing: 0.04971442278474569
  view-data: 0.32419387716799974
