times:
  edit-metadata: 2.1616016402840614
  landing: 1.2761862017214298
  view-data: 3.5113434866070747
