times:
  edit-metadata: 1.4406305775046349
  landing: 1.2153753656893969
  view-data: 3.484385539777577
