times:
  edit-metadata: 1.6160401813685894
  landing: 0.018933335319161415
  view-data: 0.14843590557575226
