times:
  edit-metadata: 0.4894172498025
  landing: 0.05217962805181742
  view-data: 0.21235993900336325
