times:
  edit-metadata: 1.4518025419674814
  landing: 0.8624400342814624
  view-data: 3.389958895742893
