times:
  edit-metadata: 1.4895771406590939
  landing: 0.1351772788912058
  view-data: 0.14701430685818195
