times:
  edit-metadata: 1.38573345169425
  landing: 0.811272855848074
  view-data: 3.3298976235091686
