times:
  edit-metadata: 1.316558059072122
  landing: 0.6991931030061096
  view-data: 3.343001361936331
