times:
  edit-metadata: 1.6389235882088542
  landing: 0.9437483991496265
  view-data: 3.38004507496953
