times:
  edit-metadata: 1.4597680438309908
  landing: 0.8187856369186193
  view-data: 3.3677441040053964
