times:
  edit-metadata: 1.57869216427207
  landing: 0.7553563509136438
  view-data: 3.4405914321541786
