times:
  edit-metadata: 1.460078440606594
  landing: 0.767338540405035
  view-data: 3.391700506210327
