times:
  edit-metadata: 2.0091591514647007
  landing: 1.3824099600315094
  view-data: 3.4667503014206886
