times:
  edit-metadata: 1.3212116472423077
  landing: 0.814256340265274
  view-data: 3.423313253093511
