times:
  edit-metadata: 2.2601160407066345
  landing: 1.151299923658371
  view-data: 3.3689178060740232
