times:
  edit-metadata: 0.552603229007218
  landing: 0.05641754803946242
  view-data: 0.21206483501009643
