times:
  edit-metadata: 1.3033392913639545
  landing: 0.9083012118935585
  view-data: 3.3882794827222824
