times:
  edit-metadata: 0.5591682340018451
  landing: 0.05921657901490107
  view-data: 0.2175772810005583
