times:
  edit-metadata: 1.3884192313998938
  landing: 0.8164178477600217
  view-data: 3.379489199258387
