times:
  edit-metadata: 1.5062015615403652
  landing: 0.8543840683996677
  view-data: 3.410597402602434
