times:
  edit-metadata: 1.6344722881913185
  landing: 1.1184430047869682
  view-data: 3.370171632617712
