times:
  edit-metadata: 0.6378986709751189
  landing: 0.07518491195514798
  view-data: 0.26172251300886273
