times:
  edit-metadata: 0.48729392199311405
  landing: 0.05847850698046386
  view-data: 0.22154424095060676
