times:
  edit-metadata: 1.5012344531714916
  landing: 0.8103619404137135
  view-data: 3.4570807609707117
