times:
  edit-metadata: 1.494459606707096
  landing: 0.8682372104376554
  view-data: 3.4371594935655594
