times:
  edit-metadata: 1.4639967791736126
  landing: 0.6983607262372971
  view-data: 3.3223973475396633
