times:
  edit-metadata: 1.327075358480215
  landing: 0.6797727197408676
  view-data: 3.3423970229923725
