times:
  edit-metadata: 2.2842405065894127
  landing: 1.0879019722342491
  view-data: 3.5378583781421185
