times:
  edit-metadata: 0.5546164260013029
  landing: 0.05818830098723993
  view-data: 0.23496174300089478
