times:
  edit-metadata: 0.47686001897091046
  landing: 0.05942838196642697
  view-data: 0.21649466402595863
