times:
  edit-metadata: 0.5809778468683362
  landing: 0.06373943015933037
  view-data: 0.39898665295913815
