times:
  edit-metadata: 0.6350306491367519
  landing: 0.05281835375353694
  view-data: 0.2163082999177277
