times:
  edit-metadata: 1.5455570481717587
  landing: 1.1847557127475739
  view-data: 3.451389517635107
