times:
  edit-metadata: 0.7955023000004076
  landing: 0.13311318300020503
  view-data: 0.2750234340001043
