times:
  edit-metadata: 1.4157365877181292
  landing: 0.11850872449576855
  view-data: 0.2972607482224703
