times:
  edit-metadata: 2.449934311211109
  landing: 1.3920715302228928
  view-data: 3.6462637782096863
