times:
  edit-metadata: 1.4967458322644234
  landing: 0.789986552670598
  view-data: 3.41075511649251
