times:
  edit-metadata: 1.3888765946030617
  landing: 0.7909699659794569
  view-data: 3.372897531837225
