times:
  edit-metadata: 1.5036321058869362
  landing: 0.8059724383056164
  view-data: 3.43933136947453
