times:
  edit-metadata: 0.6708590625785291
  landing: 0.06860841391608119
  view-data: 0.2014479017816484
