times:
  edit-metadata: 0.4799437599722296
  landing: 0.04555683699436486
  view-data: 0.33578101405873895
