times:
  edit-metadata: 1.5073356181383133
  landing: 0.9211070910096169
  view-data: 3.3402197286486626
