times:
  edit-metadata: 0.6671409192495048
  landing: 0.0987357092089951
  view-data: 0.2138949311338365
