times:
  edit-metadata: 2.1926626935601234
  landing: 1.4715587235987186
  view-data: 3.7649348378181458
