times:
  edit-metadata: 0.46189680707175285
  landing: 0.056772756041027606
  view-data: 0.37154327891767025
