times:
  edit-metadata: 0.6542636640369892
  landing: 0.07628355920314789
  view-data: 0.34457893669605255
