times:
  edit-metadata: 0.4534409639891237
  landing: 0.082244663964957
  view-data: 0.2274484649533406
