times:
  edit-metadata: 0.47431447310373187
  landing: 0.0567881150636822
  view-data: 0.23385044210590422
