times:
  edit-metadata: 1.4925445429980755
  landing: 0.1629132181406021
  view-data: 0.1512938030064106
