times:
  edit-metadata: 1.6223198473453522
  landing: 1.0732865408062935
  view-data: 3.3542006090283394
