times:
  edit-metadata: 1.3644940992817283
  landing: 0.9129157112911344
  view-data: 3.3730276487767696
