times:
  edit-metadata: 1.56366060487926
  landing: 0.8730532173067331
  view-data: 3.4064955096691847
