times:
  edit-metadata: 0.48702477593906224
  landing: 0.06064673396758735
  view-data: 0.3371488421689719
