times:
  edit-metadata: 1.4706975929439068
  landing: 0.944442605599761
  view-data: 3.3737817723304033
