times:
  edit-metadata: 0.536681403988041
  landing: 0.05245736497454345
  view-data: 0.21737736801151186
