times:
  edit-metadata: 1.534677181392908
  landing: 0.8969435207545757
  view-data: 3.391798235476017
