times:
  edit-metadata: 1.3968642440158874
  landing: 0.7513309989590198
  view-data: 3.2584713350515813
