times:
  edit-metadata: 1.481981784105301
  landing: 0.1317862682044506
  view-data: 0.026595372706651688
