times:
  edit-metadata: 1.4102366460720077
  landing: 0.8649884560145438
  view-data: 3.335246401024051
