times:
  edit-metadata: 1.400724618230015
  landing: 0.8528788448311388
  view-data: 3.3672756771557033
