times:
  edit-metadata: 1.4812551960349083
  landing: 1.015037041157484
  view-data: 3.325594261288643
