times:
  edit-metadata: 1.4556774352677166
  landing: 0.8999937707558274
  view-data: 3.3815136798657477
