times:
  edit-metadata: 1.4961560629308224
  landing: 0.7895998936146498
  view-data: 3.462017295882106
