times:
  edit-metadata: 1.6125164795666933
  landing: 0.21894428133964539
  view-data: 0.3217768147587776
