times:
  edit-metadata: 0.48554378491826355
  landing: 0.06113919196650386
  view-data: 0.20534133608452976
