times:
  edit-metadata: 1.487836703658104
  landing: 0.9700751267373562
  view-data: 3.328559808433056
