times:
  edit-metadata: 1.1843755620066077
  landing: 0.8149554249830544
  view-data: 3.4324501369846985
