times:
  edit-metadata: 1.6131389737129211
  landing: 0.9115954823791981
  view-data: 3.380846247076988
