times:
  edit-metadata: 1.4858541451394558
  landing: 1.0865695551037788
  view-data: 3.3703027814626694
