times:
  edit-metadata: 1.5603100284934044
  landing: 0.6815703380852938
  view-data: 3.331643257290125
