times:
  edit-metadata: 1.4470243165269494
  landing: 0.8538122186437249
  view-data: 3.3861940037459135
