times:
  edit-metadata: 0.45350945903919637
  landing: 0.06384614389389753
  view-data: 0.21795958396978676
