times:
  edit-metadata: 1.516804289072752
  landing: 0.18259314820170403
  view-data: 0.02700617164373398
