times:
  edit-metadata: 0.4699221870396286
  landing: 0.05221208790317178
  view-data: 0.2108101591002196
