times:
  edit-metadata: 1.5883893519639969
  landing: 0.9663768596947193
  view-data: 3.3745027519762516
