times:
  edit-metadata: 1.4643406495451927
  landing: 0.7752482481300831
  view-data: 3.384412981569767
