times:
  edit-metadata: 1.4868515417911112
  landing: 0.9137063990347087
  view-data: 3.3811168116517365
