times:
  edit-metadata: 1.5269346460700035
  landing: 0.8204766474664211
  view-data: 3.4474904127418995
