times:
  edit-metadata: 1.473712332546711
  landing: 0.7437107264995575
  view-data: 3.417556555941701
