times:
  edit-metadata: 1.4182462580502033
  landing: 0.8379174582660198
  view-data: 3.343843352049589
