times:
  edit-metadata: 1.477054288610816
  landing: 0.9290523938834667
  view-data: 3.37789298966527
