times:
  edit-metadata: 2.9193934500217438
  landing: 1.3307805135846138
  view-data: 3.784027401357889
