times:
  edit-metadata: 0.48804390800069086
  landing: 0.05915795898181386
  view-data: 0.21011984499637038
