times:
  edit-metadata: 0.560629968997091
  landing: 0.05283394001889974
  view-data: 0.21797590097412467
