times:
  edit-metadata: 1.510245155543089
  landing: 0.7708682529628277
  view-data: 3.305138524621725
