times:
  edit-metadata: 1.4240518771111965
  landing: 0.9756096787750721
  view-data: 3.313955470919609
