times:
  edit-metadata: 0.5598478129832074
  landing: 0.0481709559680894
  view-data: 0.22365649894345552
