times:
  edit-metadata: 1.4584277532994747
  landing: 1.0676016248762608
  view-data: 3.456118807196617
