times:
  edit-metadata: 1.846870955079794
  landing: 1.1053182370960712
  view-data: 3.408208006992936
