times:
  edit-metadata: 1.48615138605237
  landing: 0.1633713971823454
  view-data: 0.12479443475604057
