times:
  edit-metadata: 1.6427065525203943
  landing: 0.14184380695223808
  view-data: 0.22126531228423119
