times:
  edit-metadata: 1.6031666789203882
  landing: 0.024743251502513885
  view-data: 0.3496431913226843
