times:
  edit-metadata: 1.443159356713295
  landing: 1.0034185461699963
  view-data: 3.4351445101201534
