times:
  edit-metadata: 0.4667921969667077
  landing: 0.058680325746536255
  view-data: 0.22096595913171768
