times:
  edit-metadata: 1.504614096134901
  landing: 0.7334070764482021
  view-data: 3.385688839480281
