times:
  edit-metadata: 1.6143148876726627
  landing: 1.0353346653282642
  view-data: 3.412826720625162
