times:
  edit-metadata: 1.4286408135667443
  landing: 0.818120026960969
  view-data: 3.37167133577168
