times:
  edit-metadata: 2.897245241329074
  landing: 1.4823673721402884
  view-data: 3.5898367799818516
