times:
  edit-metadata: 1.555687827989459
  landing: 0.1722920499742031
  view-data: 0.12883676029741764
