times:
  edit-metadata: 1.4691627603024244
  landing: 0.8996761459857225
  view-data: 3.4121634922921658
