times:
  edit-metadata: 1.6770677026361227
  landing: 1.0999226458370686
  view-data: 3.3624284248799086
