times:
  edit-metadata: 1.5274128802120686
  landing: 0.8019392248243093
  view-data: 3.4808386750519276
