times:
  edit-metadata: 0.48609135299921036
  landing: 0.0613530701957643
  view-data: 0.21245266310870647
