times:
  edit-metadata: 0.5397397140040994
  landing: 0.047756033949553967
  view-data: 0.20956441713497043
