times:
  edit-metadata: 1.4961701836436987
  landing: 0.8784088455140591
  view-data: 3.4255773797631264
