times:
  edit-metadata: 1.5324057266116142
  landing: 0.3316408805549145
  view-data: 0.16206591948866844
