times:
  edit-metadata: 1.4574461728334427
  landing: 0.9373706169426441
  view-data: 3.2918653525412083
