times:
  edit-metadata: 1.3345273546874523
  landing: 0.7567472737282515
  view-data: 3.372001152485609
