times:
  edit-metadata: 1.5965955890715122
  landing: 0.8409958342090249
  view-data: 3.3599781170487404
