times:
  edit-metadata: 1.466172196000116
  landing: 0.12068719099625014
  view-data: 0.13680157999624498
