times:
  edit-metadata: 1.356731554493308
  landing: 0.8991500874981284
  view-data: 3.340360258705914
