times:
  edit-metadata: 1.4357984950765967
  landing: 0.844560356810689
  view-data: 3.354661871679127
