times:
  edit-metadata: 1.318075672723353
  landing: 0.7865583337843418
  view-data: 3.3261060742661357
