times:
  edit-metadata: 0.5314761139452457
  landing: 0.1094630160368979
  view-data: 0.20185541082173586
