times:
  edit-metadata: 1.4035507179796696
  landing: 0.8715024776756763
  view-data: 3.2751197330653667
