times:
  edit-metadata: 1.2716844715178013
  landing: 0.826327639631927
  view-data: 3.3045201394706964
