times:
  edit-metadata: 1.5303609073162079
  landing: 0.8397930078208447
  view-data: 3.3784507997334003
