times:
  edit-metadata: 3.0794716142117977
  landing: 2.4513540361076593
  view-data: 3.922698149457574
