times:
  edit-metadata: 1.381959479302168
  landing: 0.775188572704792
  view-data: 3.335482928901911
