times:
  edit-metadata: 1.5007552057504654
  landing: 0.8861230090260506
  view-data: 3.4272457659244537
