times:
  edit-metadata: 1.4880915991961956
  landing: 0.8001563772559166
  view-data: 3.3127480633556843
