times:
  edit-metadata: 1.5735933315008879
  landing: 0.7490879409015179
  view-data: 3.3955311998724937
