times:
  edit-metadata: 0.5502739259973168
  landing: 0.05156433105003089
  view-data: 0.21753880195319653
