times:
  edit-metadata: 1.4926771316677332
  landing: 0.761233925819397
  view-data: 3.3914142977446318
