times:
  edit-metadata: 1.853053029626608
  landing: 0.9626343250274658
  view-data: 3.6239243112504482
