times:
  edit-metadata: 1.3907417058944702
  landing: 0.18384147249162197
  view-data: 0.027283182367682457
