times:
  edit-metadata: 2.5342943631112576
  landing: 1.632881734520197
  view-data: 3.6195519119501114
