times:
  edit-metadata: 1.5393123216927052
  landing: 1.0362888537347317
  view-data: 3.4656812883913517
