times:
  edit-metadata: 1.5021974593400955
  landing: 0.8277564719319344
  view-data: 3.3118034563958645
