times:
  edit-metadata: 1.5212917737662792
  landing: 0.16518667340278625
  view-data: 0.13449496775865555
