times:
  edit-metadata: 2.477579414844513
  landing: 2.0404700003564358
  view-data: 3.72366588935256
