times:
  edit-metadata: 1.3961537331342697
  landing: 1.0147500447928905
  view-data: 3.340393278747797
