times:
  edit-metadata: 1.4673077743500471
  landing: 0.7867712508887053
  view-data: 3.4288154635578394
