times:
  edit-metadata: 1.380931582301855
  landing: 0.7295651622116566
  view-data: 3.3415863141417503
