times:
  edit-metadata: 1.48454574868083
  landing: 0.8949102442711592
  view-data: 3.4119621086865664
