times:
  edit-metadata: 1.8304937407374382
  landing: 1.0695392936468124
  view-data: 3.463498365134001
