times:
  edit-metadata: 1.5748418234288692
  landing: 0.9545476213097572
  view-data: 3.380144774913788
