times:
  edit-metadata: 1.5291773723438382
  landing: 0.8342231465503573
  view-data: 3.3513600965961814
