times:
  edit-metadata: 1.3188707772642374
  landing: 0.802387161180377
  view-data: 3.2728387601673603
