times:
  edit-metadata: 0.8437144039198756
  landing: 0.06575484899803996
  view-data: 0.21238460391759872
