times:
  edit-metadata: 1.5535475350916386
  landing: 0.9809833765029907
  view-data: 3.4312994070351124
