times:
  edit-metadata: 1.4805424772202969
  landing: 1.4986009374260902
  view-data: 3.5327968038618565
