times:
  edit-metadata: 1.465893730521202
  landing: 0.7177549405023456
  view-data: 3.3228872437030077
