times:
  edit-metadata: 0.4681645673699677
  landing: 0.08326641889289021
  view-data: 0.21052446775138378
