times:
  edit-metadata: 1.6195016615092754
  landing: 0.8916909452527761
  view-data: 3.4240551088005304
