times:
  edit-metadata: 1.4502684623003006
  landing: 0.7537601478397846
  view-data: 3.418943302705884
