times:
  edit-metadata: 1.4137611333280802
  landing: 0.1656553167849779
  view-data: 0.25787308253347874
