times:
  edit-metadata: 1.8796665128320456
  landing: 0.19632125087082386
  view-data: 0.3361888136714697
