times:
  edit-metadata: 0.5033761998638511
  landing: 0.048469481989741325
  view-data: 0.2696448699571192
