times:
  edit-metadata: 1.8058587154373527
  landing: 1.0073693953454494
  view-data: 3.287765171378851
