times:
  edit-metadata: 1.3850427642464638
  landing: 0.82241016253829
  view-data: 3.3541436195373535
