times:
  edit-metadata: 1.4839458763599396
  landing: 0.8208989072591066
  view-data: 3.4018833991140127
