times:
  edit-metadata: 0.4822648629778996
  landing: 0.060004746075719595
  view-data: 0.22030513000208884
