times:
  edit-metadata: 1.7921571619808674
  landing: 0.2237821165472269
  view-data: 0.16006454825401306
