times:
  edit-metadata: 2.169801987707615
  landing: 1.3640997521579266
  view-data: 3.5021794009953737
