times:
  edit-metadata: 1.4691173564642668
  landing: 0.20232882723212242
  view-data: 0.32628769241273403
