times:
  edit-metadata: 1.4369997456669807
  landing: 0.19778531417250633
  view-data: 0.02370251528918743
