times:
  edit-metadata: 1.5075050611048937
  landing: 0.8299990212544799
  view-data: 3.377092184498906
