times:
  edit-metadata: 1.506901353597641
  landing: 0.9841653108596802
  view-data: 3.4604234099388123
