times:
  edit-metadata: 1.4079648409970105
  landing: 0.8803901211358607
  view-data: 3.388095421018079
