times:
  edit-metadata: 1.5534291416406631
  landing: 0.9194034188985825
  view-data: 3.3535936698317528
