times:
  edit-metadata: 1.4883046858012676
  landing: 0.8945952740032226
  view-data: 3.399917416041717
