times:
  edit-metadata: 0.4869146610144526
  landing: 0.053781849099323153
  view-data: 0.2058245490770787
