times:
  edit-metadata: 3.4300402654334903
  landing: 1.8601251309737563
  view-data: 4.189035748131573
