times:
  edit-metadata: 1.5023080799728632
  landing: 0.7542858514934778
  view-data: 3.4018606171011925
