times:
  edit-metadata: 1.3773203371092677
  landing: 0.82653473992832
  view-data: 3.3142148430924863
