times:
  edit-metadata: 1.5141172017902136
  landing: 0.8835870362818241
  view-data: 3.3956622164696455
