times:
  edit-metadata: 0.4726630658842623
  landing: 0.06272044498473406
  view-data: 0.21401372319087386
