times:
  edit-metadata: 0.591012649005279
  landing: 0.05525869899429381
  view-data: 0.22153754299506545
