times:
  edit-metadata: 4.092582579702139
  landing: 2.5003268346190453
  view-data: 3.9973654001951218
