times:
  edit-metadata: 0.5631937499856576
  landing: 0.053574117948301136
  view-data: 0.21056368888821453
