times:
  edit-metadata: 1.8908554092049599
  landing: 0.29817476123571396
  view-data: 0.26685199327766895
