times:
  edit-metadata: 1.310805088840425
  landing: 0.8331354570109397
  view-data: 3.3796295940410346
