times:
  edit-metadata: 1.7513476889580488
  landing: 1.269412936642766
  view-data: 3.3596084024757147
