times:
  edit-metadata: 1.501470047980547
  landing: 0.7658071294426918
  view-data: 3.403184697031975
