times:
  edit-metadata: 1.373026069253683
  landing: 0.8124930113554001
  view-data: 3.2994113117456436
