times:
  edit-metadata: 1.897484365850687
  landing: 1.1191912479698658
  view-data: 3.492102287709713
