times:
  edit-metadata: 1.4389078803360462
  landing: 0.1975808683782816
  view-data: 0.3012902159243822
