times:
  edit-metadata: 0.4713813711423427
  landing: 0.05754760792478919
  view-data: 0.20579029712826014
