times:
  edit-metadata: 0.5581689178943634
  landing: 0.057356434874236584
  view-data: 0.22346442891284823
