times:
  edit-metadata: 1.6293901316821575
  landing: 0.17411663196980953
  view-data: 0.38867933861911297
