times:
  edit-metadata: 1.488846899010241
  landing: 0.9532237759558484
  view-data: 3.317509034066461
