times:
  edit-metadata: 0.6476171379908919
  landing: 0.09121774698724039
  view-data: 0.242314103001263
