times:
  edit-metadata: 0.48487514187581837
  landing: 0.0565992200281471
  view-data: 0.3491175591479987
