times:
  edit-metadata: 1.9991033859550953
  landing: 1.3003101833164692
  view-data: 3.607678234577179
