times:
  edit-metadata: 1.70380524918437
  landing: 1.048981286585331
  view-data: 3.334524631500244
