times:
  edit-metadata: 1.528217720799148
  landing: 0.92209118232131
  view-data: 3.291131628677249
