times:
  edit-metadata: 0.48344185296446085
  landing: 0.06571993790566921
  view-data: 0.20283348392695189
