times:
  edit-metadata: 1.490397047251463
  landing: 0.7641157023608685
  view-data: 3.3966031037271023
