times:
  edit-metadata: 0.5353410472162068
  landing: 0.05139185115695
  view-data: 0.21350523503497243
