times:
  edit-metadata: 1.5345831378363073
  landing: 0.8381946552544832
  view-data: 3.39091121731326
