times:
  edit-metadata: 1.482994869351387
  landing: 1.072282001376152
  view-data: 3.371154896914959
