times:
  edit-metadata: 1.4705876996740699
  landing: 1.7314241118729115
  view-data: 3.6916619995608926
