times:
  edit-metadata: 0.560527394991368
  landing: 0.04850395501125604
  view-data: 0.23334026600059588
