times:
  edit-metadata: 0.5314617530675605
  landing: 0.07133821304887533
  view-data: 0.22576526901684701
