times:
  edit-metadata: 1.4901666957885027
  landing: 0.828854538500309
  view-data: 3.414491306990385
