times:
  edit-metadata: 0.45485843997448683
  landing: 0.06682193791493773
  view-data: 0.20272241509519517
