times:
  edit-metadata: 3.3760413359850645
  landing: 1.4860495366156101
  view-data: 3.813077351078391
