times:
  edit-metadata: 1.3942297082394361
  landing: 0.7966704610735178
  view-data: 3.4243057053536177
