times:
  edit-metadata: 1.3749416517093778
  landing: 0.8281851885840297
  view-data: 3.322772428393364
