times:
  edit-metadata: 0.47705006087198853
  landing: 0.05361237423494458
  view-data: 0.21690691635012627
