times:
  edit-metadata: 0.47212610696442425
  landing: 0.05345659190788865
  view-data: 0.2091374839656055
