times:
  edit-metadata: 0.5547271920368075
  landing: 0.04524332890287042
  view-data: 0.21502866176888347
