times:
  edit-metadata: 1.4847288392484188
  landing: 0.8344808835536242
  view-data: 3.4764944911003113
