times:
  edit-metadata: 1.3488199390121736
  landing: 0.30165852600475773
  view-data: 0.3038394380128011
