times:
  edit-metadata: 1.516092024743557
  landing: 0.8469027355313301
  view-data: 3.456276588141918
