times:
  edit-metadata: 1.4932889714837074
  landing: 0.7716543842107058
  view-data: 3.376001514494419
