times:
  edit-metadata: 0.5843647979781963
  landing: 0.10127194499364123
  view-data: 0.22703045699745417
