times:
  edit-metadata: 1.462779950350523
  landing: 0.7680149599909782
  view-data: 3.29234566539526
