times:
  edit-metadata: 0.4965980970300734
  landing: 0.05573316104710102
  view-data: 0.20713143609464169
