times:
  edit-metadata: 1.46186454128474
  landing: 0.8431733082979918
  view-data: 3.3623434230685234
