times:
  edit-metadata: 1.3656059643253684
  landing: 0.7842019740492105
  view-data: 3.3822273518890142
