times:
  edit-metadata: 1.765227036550641
  landing: 0.025569524616003036
  view-data: 0.40907163731753826
