times:
  edit-metadata: 1.265251737087965
  landing: 0.774273191113025
  view-data: 3.350317543838173
