times:
  edit-metadata: 0.592173672048375
  landing: 0.055103711027186364
  view-data: 0.22058316704351455
