times:
  edit-metadata: 1.349722919985652
  landing: 0.8025541631504893
  view-data: 3.2998892329633236
