times:
  edit-metadata: 1.4299356490373611
  landing: 0.8904576823115349
  view-data: 3.32184436917305
