times:
  edit-metadata: 1.5557843018323183
  landing: 0.8768962007015944
  view-data: 3.4535731077194214
