times:
  edit-metadata: 0.46030081901699305
  landing: 0.06238393601961434
  view-data: 0.21648737404029816
