times:
  edit-metadata: 0.5359926520031877
  landing: 0.07815183399361558
  view-data: 0.21619559699320234
