times:
  edit-metadata: 0.5998645070940256
  landing: 0.048266306053847075
  view-data: 0.29106171475723386
