times:
  edit-metadata: 1.3760560229420662
  landing: 0.910078801214695
  view-data: 3.293339613825083
