times:
  edit-metadata: 1.2470150692388415
  landing: 0.7082811491563916
  view-data: 3.308451011776924
