times:
  edit-metadata: 1.4410987310111523
  landing: 0.8563777282834053
  view-data: 3.332717288285494
