times:
  edit-metadata: 1.7776969987899065
  landing: 2.1034977100789547
  view-data: 3.4850401412695646
