times:
  edit-metadata: 1.3225947320461273
  landing: 0.793510228395462
  view-data: 3.4381820000708103
