times:
  edit-metadata: 1.3378259092569351
  landing: 0.7796576358377934
  view-data: 3.3101944103837013
