times:
  edit-metadata: 2.5129979141056538
  landing: 1.3272152990102768
  view-data: 3.693840056657791
