times:
  edit-metadata: 1.5479348078370094
  landing: 0.9845486246049404
  view-data: 3.391465313732624
