times:
  edit-metadata: 1.4661006070673466
  landing: 0.7124792002141476
  view-data: 3.389159359037876
