times:
  edit-metadata: 1.4465531520545483
  landing: 0.9713723063468933
  view-data: 3.467879332602024
