times:
  edit-metadata: 1.4482069499790668
  landing: 0.021180016919970512
  view-data: 0.3091202396899462
