times:
  edit-metadata: 1.4819273576140404
  landing: 0.8396492898464203
  view-data: 3.4481662679463625
