times:
  edit-metadata: 0.5656865279888734
  landing: 0.05706041899975389
  view-data: 0.21153653401415795
