times:
  edit-metadata: 0.484711488999892
  landing: 0.057616634003352374
  view-data: 0.20615590503439307
