times:
  edit-metadata: 1.6626632092520595
  landing: 0.9910692255944014
  view-data: 3.3450694838538766
