times:
  edit-metadata: 2.1554319225251675
  landing: 1.6879851631820202
  view-data: 3.632578704506159
