times:
  edit-metadata: 0.7024507220194209
  landing: 0.05549524602247402
  view-data: 0.30874336999841034
