times:
  edit-metadata: 0.5345730490516871
  landing: 0.046191215980798006
  view-data: 0.21989126806147397
