times:
  edit-metadata: 1.3289557448588312
  landing: 0.8433523769490421
  view-data: 3.431102341040969
