times:
  edit-metadata: 1.7622514036484063
  landing: 1.0330121000297368
  view-data: 3.4717022627592087
