times:
  edit-metadata: 1.7126916013658047
  landing: 0.753901669755578
  view-data: 3.351418862119317
