times:
  edit-metadata: 0.504929784918204
  landing: 0.05648548295721412
  view-data: 0.22213936713524163
