times:
  edit-metadata: 1.6351911574602127
  landing: 0.21963580138981342
  view-data: 0.1400504671037197
