times:
  edit-metadata: 1.4154653642326593
  landing: 0.11773428693413734
  view-data: 0.13295203261077404
