times:
  edit-metadata: 2.1903579235076904
  landing: 1.2618119232356548
  view-data: 3.49543297290802
