times:
  edit-metadata: 1.4986349176615477
  landing: 0.8404334746301174
  view-data: 3.390644123777747
