times:
  edit-metadata: 2.7579784002155066
  landing: 1.0272147133946419
  view-data: 3.411865061149001
