times:
  edit-metadata: 1.3849061457440257
  landing: 0.804607420694083
  view-data: 3.358187222853303
