times:
  edit-metadata: 1.4765227362513542
  landing: 1.0226148888468742
  view-data: 3.3232895396649837
