times:
  edit-metadata: 1.5342849120497704
  landing: 0.799595545977354
  view-data: 3.404774324968457
