times:
  edit-metadata: 1.663625668734312
  landing: 1.1122250678017735
  view-data: 3.5474873520433903
