times:
  edit-metadata: 0.5691343529615551
  landing: 0.049822460976429284
  view-data: 0.21105248294770718
