times:
  edit-metadata: 0.5642451340099797
  landing: 0.05988575302762911
  view-data: 0.22103735199198127
