times:
  edit-metadata: 1.4919457491487265
  landing: 1.0091523807495832
  view-data: 3.4780019242316484
