times:
  edit-metadata: 1.7189780548214912
  landing: 1.2326369136571884
  view-data: 3.323805373162031
