times:
  edit-metadata: 1.5703509263694286
  landing: 0.28797180764377117
  view-data: 0.1550242155790329
