times:
  edit-metadata: 1.4232714846730232
  landing: 0.021482843905687332
  view-data: 0.027617644518613815
