times:
  edit-metadata: 0.4986528248991817
  landing: 0.05951538309454918
  view-data: 0.21076686889864504
