times:
  edit-metadata: 1.752059118822217
  landing: 0.26733437553048134
  view-data: 0.28761573135852814
