times:
  edit-metadata: 1.4772378634661436
  landing: 0.7620433885604143
  view-data: 3.4021642114967108
