times:
  edit-metadata: 1.2346114162355661
  landing: 0.7410926753655076
  view-data: 3.3811677554622293
