times:
  edit-metadata: 1.3957607480697334
  landing: 1.0979776177555323
  view-data: 3.3408962641842663
