times:
  edit-metadata: 0.48128577903844416
  landing: 0.05531504703685641
  view-data: 0.22055658604949713
