times:
  edit-metadata: 0.5053885187953711
  landing: 0.05659927986562252
  view-data: 0.3457352421246469
