times:
  edit-metadata: 2.403571143746376
  landing: 1.5347528848797083
  view-data: 3.5906095933169127
