times:
  edit-metadata: 1.502920251339674
  landing: 0.8057340532541275
  view-data: 3.4530890323221684
