times:
  edit-metadata: 1.5092610381543636
  landing: 0.9942978695034981
  view-data: 3.318112201988697
