times:
  edit-metadata: 1.5758254900574684
  landing: 0.8216003850102425
  view-data: 3.313674669712782
