times:
  edit-metadata: 1.3618612177670002
  landing: 0.9689088799059391
  view-data: 3.3373993523418903
