times:
  edit-metadata: 1.488651255145669
  landing: 0.7608063984662294
  view-data: 3.4292611218988895
