times:
  edit-metadata: 1.555276120081544
  landing: 0.25976538099348545
  view-data: 0.2638059612363577
