times:
  edit-metadata: 0.5493149260000791
  landing: 0.047539756000333
  view-data: 0.21990993700001127
