times:
  edit-metadata: 1.4601129703223705
  landing: 0.9054084159433842
  view-data: 3.3258238956332207
