times:
  edit-metadata: 1.4513864200562239
  landing: 0.20331706665456295
  view-data: 0.32658793218433857
