times:
  edit-metadata: 1.4536324311047792
  landing: 0.8572678100317717
  view-data: 3.507428415119648
