times:
  edit-metadata: 1.4393059238791466
  landing: 0.9101123176515102
  view-data: 3.3855885043740273
