times:
  edit-metadata: 1.3746566120535135
  landing: 0.8561018444597721
  view-data: 3.342085862532258
