times:
  edit-metadata: 0.4708408582955599
  landing: 0.05333492439240217
  view-data: 0.21602018317207694
