times:
  edit-metadata: 0.48533447715453804
  landing: 0.057907056994736195
  view-data: 0.21091754385270178
