times:
  edit-metadata: 1.4666227903217077
  landing: 0.735111529007554
  view-data: 3.3914352636784315
