times:
  edit-metadata: 0.8509893612936139
  landing: 0.11474963510408998
  view-data: 0.28244931530207396
