times:
  edit-metadata: 1.5257858745753765
  landing: 0.8543741479516029
  view-data: 3.4348693266510963
