times:
  edit-metadata: 1.5615836270153522
  landing: 0.8004071656614542
  view-data: 3.4954368956387043
