times:
  edit-metadata: 1.539568344131112
  landing: 0.29060951992869377
  view-data: 0.5530058816075325
