times:
  edit-metadata: 1.3651933101937175
  landing: 0.7489353800192475
  view-data: 3.418619815260172
