times:
  edit-metadata: 0.4952725040493533
  landing: 0.060620562988333404
  view-data: 0.2086170179536566
