times:
  edit-metadata: 1.3442378276959062
  landing: 0.7252803184092045
  view-data: 3.294240522198379
