times:
  edit-metadata: 1.5253906436264515
  landing: 0.8228112068027258
  view-data: 3.538168027997017
