times:
  edit-metadata: 1.5215922966599464
  landing: 1.046202465891838
  view-data: 3.341758359223604
