times:
  edit-metadata: 1.516312038525939
  landing: 0.17271577194333076
  view-data: 0.13181988522410393
