times:
  edit-metadata: 1.4858955219388008
  landing: 0.018909350037574768
  view-data: 0.133863078430295
