times:
  edit-metadata: 1.4578745514154434
  landing: 0.7770510595291853
  view-data: 3.4352031964808702
