times:
  edit-metadata: 0.5096430409994355
  landing: 0.060391310999875714
  view-data: 0.22274958600064565
