times:
  edit-metadata: 1.7026679441332817
  landing: 0.02149226889014244
  view-data: 0.311493219807744
