times:
  edit-metadata: 1.335025011911057
  landing: 0.7432199050672352
  view-data: 3.2657573480391875
