times:
  edit-metadata: 1.5424651689827442
  landing: 0.21087133325636387
  view-data: 0.140979727730155
