times:
  edit-metadata: 1.6860562786459923
  landing: 0.24477804824709892
  view-data: 0.3746546320617199
