times:
  edit-metadata: 0.4977332048583776
  landing: 0.06363665102981031
  view-data: 0.21497071394696832
