times:
  edit-metadata: 1.4002628605812788
  landing: 0.11985296942293644
  view-data: 0.02476358227431774
