times:
  edit-metadata: 1.498595917597413
  landing: 0.1926643531769514
  view-data: 0.14002029970288277
