times:
  edit-metadata: 1.3888764621224254
  landing: 1.0392272828612477
  view-data: 3.4137846138328314
