times:
  edit-metadata: 0.5343780439579859
  landing: 0.1529691640753299
  view-data: 0.21428457298316061
