times:
  edit-metadata: 1.3881829530000687
  landing: 0.9060804769396782
  view-data: 3.3652226626873016
