times:
  edit-metadata: 0.5473566809669137
  landing: 0.04967182222753763
  view-data: 0.2698432351462543
