times:
  edit-metadata: 1.5210638189455494
  landing: 1.637724380940199
  view-data: 3.5501488470472395
