times:
  edit-metadata: 0.4921094449236989
  landing: 0.054729297989979386
  view-data: 0.2120199609780684
