times:
  edit-metadata: 2.2785686813294888
  landing: 1.5599061977118254
  view-data: 3.5390982925891876
