times:
  edit-metadata: 2.3605789938010275
  landing: 1.9241907610557973
  view-data: 3.650557546876371
