times:
  edit-metadata: 0.4979921890189871
  landing: 0.05783437000354752
  view-data: 0.22602718096459284
