times:
  edit-metadata: 0.5003012833185494
  landing: 0.05199530906975269
  view-data: 0.21596023999154568
