times:
  edit-metadata: 1.6223463378846645
  landing: 0.16858925484120846
  view-data: 0.19279199093580246
