times:
  edit-metadata: 2.3222610019147396
  landing: 1.5929590202867985
  view-data: 3.5356641337275505
