times:
  edit-metadata: 0.5376185961067677
  landing: 0.07079409202560782
  view-data: 0.22962769027799368
