times:
  edit-metadata: 1.466361366212368
  landing: 0.9364940952509642
  view-data: 3.4051483422517776
