times:
  edit-metadata: 1.6187588311731815
  landing: 1.0978844799101353
  view-data: 3.4499571435153484
