times:
  edit-metadata: 0.4823168581351638
  landing: 0.05228431476280093
  view-data: 0.21348208002746105
