times:
  edit-metadata: 1.979193851351738
  landing: 5.149518042802811
  view-data: 3.459091477096081
