times:
  edit-metadata: 0.466187777929008
  landing: 0.05855639697983861
  view-data: 0.2136740949936211
