times:
  edit-metadata: 1.4254293898120522
  landing: 0.936673488933593
  view-data: 3.382185381371528
