times:
  edit-metadata: 1.4391964245587587
  landing: 0.0210115946829319
  view-data: 0.028278274461627007
