times:
  edit-metadata: 0.5151815919671208
  landing: 0.04880994092673063
  view-data: 0.21300691808573902
