times:
  edit-metadata: 1.5876053478568792
  landing: 0.16237547248601913
  view-data: 0.3406457491219044
