times:
  edit-metadata: 1.563354928046465
  landing: 0.7903214134275913
  view-data: 3.5277952402830124
