times:
  edit-metadata: 1.5376338958740234
  landing: 0.7550868839025497
  view-data: 3.426145300269127
