times:
  edit-metadata: 1.537685938179493
  landing: 0.6735519394278526
  view-data: 3.2541304752230644
