times:
  edit-metadata: 1.7543675936758518
  landing: 0.9226575344800949
  view-data: 3.314010474830866
