times:
  edit-metadata: 1.5039916336536407
  landing: 0.7450455278158188
  view-data: 3.496589742600918
