times:
  edit-metadata: 2.2711316235363483
  landing: 1.1192856691777706
  view-data: 3.424608152359724
