times:
  edit-metadata: 1.418825350701809
  landing: 0.8557033687829971
  view-data: 3.2849014177918434
