times:
  edit-metadata: 1.4932412952184677
  landing: 0.7003577426075935
  view-data: 3.4856634587049484
