times:
  edit-metadata: 1.4016379937529564
  landing: 0.6808196231722832
  view-data: 3.514836259186268
