times:
  edit-metadata: 1.735358439385891
  landing: 0.8236734941601753
  view-data: 3.341435521841049
