times:
  edit-metadata: 1.5077398270368576
  landing: 0.8097363039851189
  view-data: 5.0075292363762856
