times:
  edit-metadata: 2.1176572367548943
  landing: 1.229174803942442
  view-data: 3.3609637580811977
