times:
  edit-metadata: 2.0414736941456795
  landing: 0.9969069808721542
  view-data: 3.5334235951304436
