times:
  edit-metadata: 1.4007781147956848
  landing: 0.7630404010415077
  view-data: 3.4743150025606155
