times:
  edit-metadata: 2.403004139661789
  landing: 1.530409336090088
  view-data: 3.900409445166588
