times:
  edit-metadata: 1.4141731709241867
  landing: 0.8078596666455269
  view-data: 3.339327685534954
