times:
  edit-metadata: 1.4542011842131615
  landing: 0.844313234090805
  view-data: 3.3429248556494713
