times:
  edit-metadata: 1.7612463757395744
  landing: 0.8770451694726944
  view-data: 3.476809300482273
