times:
  edit-metadata: 1.8169342763721943
  landing: 0.923144243657589
  view-data: 3.3108945712447166
