times:
  edit-metadata: 1.494096651673317
  landing: 0.8327664062380791
  view-data: 3.3242470547556877
