times:
  edit-metadata: 1.7163070291280746
  landing: 0.9464354515075684
  view-data: 3.473968893289566
