times:
  edit-metadata: 2.050324261188507
  landing: 1.4340173825621605
  view-data: 3.6571652963757515
