times:
  edit-metadata: 1.4546708166599274
  landing: 0.9227720126509666
  view-data: 3.3238272964954376
