times:
  edit-metadata: 1.3893048129975796
  landing: 0.776571836322546
  view-data: 3.2851671651005745
