times:
  edit-metadata: 1.6316041760146618
  landing: 0.9551778770983219
  view-data: 3.2712644785642624
