times:
  edit-metadata: 1.3579810932278633
  landing: 0.899079941213131
  view-data: 3.5272461026906967
