times:
  edit-metadata: 1.4895343407988548
  landing: 0.71902284771204
  view-data: 3.4429294392466545
