times:
  edit-metadata: 1.754202924668789
  landing: 0.8191178105771542
  view-data: 3.2681502029299736
