times:
  edit-metadata: 1.4985677972435951
  landing: 0.9323268756270409
  view-data: 3.62519159168005
