times:
  edit-metadata: 1.447867400944233
  landing: 0.8969909697771072
  view-data: 3.32845364138484
