times:
  edit-metadata: 1.382395587861538
  landing: 0.7802287265658379
  view-data: 3.328079953789711
