times:
  edit-metadata: 1.5244959592819214
  landing: 0.7464250922203064
  view-data: 3.4998339638113976
