times:
  edit-metadata: 1.4460359439253807
  landing: 0.7185187861323357
  view-data: 3.436181887984276
