times:
  edit-metadata: 1.5160571336746216
  landing: 0.7889482602477074
  view-data: 3.445594400167465
