times:
  edit-metadata: 1.4050757437944412
  landing: 0.7194916568696499
  view-data: 3.405856166034937
