times:
  edit-metadata: 1.5057779513299465
  landing: 0.8118398860096931
  view-data: 3.3825881257653236
