times:
  edit-metadata: 1.4514315500855446
  landing: 0.753280907869339
  view-data: 3.284628853201866
