times:
  edit-metadata: 1.3891174867749214
  landing: 0.7412939295172691
  view-data: 3.4597158432006836
