times:
  edit-metadata: 1.5245155543088913
  landing: 0.7838774845004082
  view-data: 3.505796618759632
