times:
  edit-metadata: 1.7365567982196808
  landing: 0.9596123099327087
  view-data: 3.3832958191633224
