times:
  edit-metadata: 1.4786131232976913
  landing: 0.7061935141682625
  view-data: 3.5147414579987526
