times:
  edit-metadata: 1.499054953455925
  landing: 0.8435432575643063
  view-data: 3.2894212156534195
