times:
  edit-metadata: 1.362704113125801
  landing: 0.7436676993966103
  view-data: 3.4814569279551506
