times:
  edit-metadata: 1.6810730770230293
  landing: 0.9134238213300705
  view-data: 3.5122248753905296
