times:
  edit-metadata: 1.3838847912847996
  landing: 0.8019651286303997
  view-data: 3.3412454277276993
