times:
  edit-metadata: 1.4302319288253784
  landing: 0.7433880791068077
  view-data: 3.491032786667347
