times:
  edit-metadata: 1.4533731117844582
  landing: 0.7399713546037674
  view-data: 3.4641856849193573
