times:
  edit-metadata: 1.4591629058122635
  landing: 0.7651195228099823
  view-data: 3.37001596391201
