times:
  edit-metadata: 1.5617043897509575
  landing: 1.046208392828703
  view-data: 3.35625396668911
