times:
  edit-metadata: 1.3716322034597397
  landing: 0.7860366404056549
  view-data: 3.4967860877513885
