times:
  edit-metadata: 1.5997430458664894
  landing: 0.9425973817706108
  view-data: 3.3207161724567413
