times:
  edit-metadata: 1.9766069948673248
  landing: 1.0602148473262787
  view-data: 3.347214315086603
