times:
  edit-metadata: 1.569659374654293
  landing: 0.8468416184186935
  view-data: 3.3359497413039207
