times:
  edit-metadata: 1.3867602497339249
  landing: 0.7623004838824272
  view-data: 3.519309625029564
