times:
  edit-metadata: 1.4431729316711426
  landing: 0.7039367854595184
  view-data: 3.3937580808997154
