times:
  edit-metadata: 1.3876598179340363
  landing: 0.7921634465456009
  view-data: 3.429446652531624
