times:
  edit-metadata: 1.4730093851685524
  landing: 0.7740136012434959
  view-data: 3.5175033062696457
