times:
  edit-metadata: 1.3672633320093155
  landing: 0.7193989902734756
  view-data: 3.292843136936426
