times:
  edit-metadata: 1.3934085853397846
  landing: 0.7603384479880333
  view-data: 3.3734046928584576
