times:
  edit-metadata: 1.359231498092413
  landing: 0.7674598470330238
  view-data: 3.3692906945943832
