times:
  edit-metadata: 1.45977084338665
  landing: 0.785297654569149
  view-data: 3.5011585280299187
