times:
  edit-metadata: 1.4517053849995136
  landing: 0.7423513680696487
  view-data: 3.3125981390476227
