times:
  edit-metadata: 1.9495775401592255
  landing: 1.0482239723205566
  view-data: 3.883867122232914
