times:
  edit-metadata: 1.453644447028637
  landing: 0.6973233595490456
  view-data: 3.2971451617777348
