times:
  edit-metadata: 1.3694099113345146
  landing: 0.7539962083101273
  view-data: 3.4912502095103264
