times:
  edit-metadata: 1.4886946082115173
  landing: 0.9392974972724915
  view-data: 3.315335988998413
