times:
  edit-metadata: 1.416747223585844
  landing: 0.8815182261168957
  view-data: 3.468209121376276
