times:
  edit-metadata: 1.3637237846851349
  landing: 0.802981048822403
  view-data: 3.3345423117280006
