times:
  edit-metadata: 1.3603242561221123
  landing: 0.8733456432819366
  view-data: 3.5533225908875465
