times:
  edit-metadata: 1.5650973804295063
  landing: 0.7754109911620617
  view-data: 3.4226097613573074
