times:
  edit-metadata: 1.5077358335256577
  landing: 0.7837393879890442
  view-data: 3.4945735037326813
