times:
  edit-metadata: 1.3936509229242802
  landing: 0.7886866293847561
  view-data: 3.321289151906967
