times:
  edit-metadata: 1.4348347187042236
  landing: 0.7194263935089111
  view-data: 3.3853363394737244
