times:
  edit-metadata: 2.000093638896942
  landing: 1.12887354940176
  view-data: 3.3580007068812847
