times:
  edit-metadata: 1.459095984697342
  landing: 0.789718009531498
  view-data: 3.4674921557307243
