times:
  edit-metadata: 1.4937028959393501
  landing: 0.7267119511961937
  view-data: 3.4951705262064934
