times:
  edit-metadata: 1.419610820710659
  landing: 0.7977480329573154
  view-data: 3.2894429825246334
