times:
  edit-metadata: 1.3995413295924664
  landing: 0.8663298264145851
  view-data: 3.320371314883232
