times:
  edit-metadata: 1.5233620405197144
  landing: 0.9891944639384747
  view-data: 3.3294004015624523
