times:
  edit-metadata: 1.469753846526146
  landing: 0.9056233614683151
  view-data: 3.6851652339100838
