times:
  edit-metadata: 1.4680193439126015
  landing: 0.7496139109134674
  view-data: 3.3743443712592125
