times:
  edit-metadata: 1.3884787373244762
  landing: 0.7392423786222935
  view-data: 3.2900639101862907
