times:
  edit-metadata: 1.4663190841674805
  landing: 0.8503929600119591
  view-data: 3.498522564768791
