times:
  edit-metadata: 1.395956240594387
  landing: 0.6981523409485817
  view-data: 3.501669518649578
