times:
  edit-metadata: 1.7761294022202492
  landing: 1.4018674492835999
  view-data: 3.6381428614258766
