times:
  edit-metadata: 1.4708126038312912
  landing: 0.7658820897340775
  view-data: 3.491489417850971
