times:
  edit-metadata: 1.3795882388949394
  landing: 0.7614746317267418
  view-data: 3.405670240521431
