times:
  edit-metadata: 1.4102527238428593
  landing: 0.7943251468241215
  view-data: 3.321435909718275
