times:
  edit-metadata: 1.4039067551493645
  landing: 0.7474741972982883
  view-data: 3.3125480636954308
