times:
  edit-metadata: 1.5116748288273811
  landing: 0.7215303927659988
  view-data: 3.3596401028335094
