times:
  edit-metadata: 2.036732517182827
  landing: 1.0692558288574219
  view-data: 3.4268983229994774
