times:
  edit-metadata: 1.5267331302165985
  landing: 0.761278860270977
  view-data: 3.5039238929748535
