times:
  edit-metadata: 1.574271071702242
  landing: 0.9583022966980934
  view-data: 3.296936471015215
