times:
  edit-metadata: 2.0760904774069786
  landing: 0.90804024040699
  view-data: 3.4385445341467857
