times:
  edit-metadata: 1.3534090518951416
  landing: 0.7390542402863503
  view-data: 3.295473761856556
