times:
  edit-metadata: 1.3885965123772621
  landing: 0.7573757246136665
  view-data: 3.4701308757066727
