times:
  edit-metadata: 1.4673600867390633
  landing: 0.7128425166010857
  view-data: 3.300625804811716
