times:
  edit-metadata: 1.3699883483350277
  landing: 0.7526341639459133
  view-data: 3.298105586320162
