times:
  edit-metadata: 1.417526975274086
  landing: 0.7517505437135696
  view-data: 3.475729525089264
