times:
  edit-metadata: 1.4548736289143562
  landing: 0.6998482421040535
  view-data: 3.461017891764641
