times:
  edit-metadata: 1.4096025377511978
  landing: 0.7920448482036591
  view-data: 3.392631970345974
