times:
  edit-metadata: 1.6745900884270668
  landing: 0.8857815936207771
  view-data: 3.3040967732667923
