times:
  edit-metadata: 1.643104612827301
  landing: 0.9842706546187401
  view-data: 3.38646300137043
