times:
  edit-metadata: 1.4392896890640259
  landing: 0.7462448813021183
  view-data: 3.32547839730978
