times:
  edit-metadata: 1.6307044439017773
  landing: 1.0209346488118172
  view-data: 3.4407155476510525
