times:
  edit-metadata: 1.518038585782051
  landing: 0.9437730759382248
  view-data: 3.55957755446434
