times:
  edit-metadata: 1.6215230450034142
  landing: 0.8153305277228355
  view-data: 3.510957680642605
