times:
  edit-metadata: 1.393505297601223
  landing: 0.8203952759504318
  view-data: 3.332067932933569
