times:
  edit-metadata: 1.4484965801239014
  landing: 0.7183896526694298
  view-data: 3.484395392239094
