times:
  edit-metadata: 1.4093845263123512
  landing: 0.7472214847803116
  view-data: 3.4441899731755257
