times:
  edit-metadata: 1.4656798541545868
  landing: 0.7734883576631546
  view-data: 3.381421275436878
