times:
  edit-metadata: 1.3705706149339676
  landing: 1.1119442135095596
  view-data: 3.5366986989974976
