times:
  edit-metadata: 1.4335533902049065
  landing: 0.7449035793542862
  view-data: 3.4594145119190216
