times:
  edit-metadata: 1.4804229363799095
  landing: 0.7864140942692757
  view-data: 3.318625282496214
