times:
  edit-metadata: 1.5522356554865837
  landing: 0.8906026110053062
  view-data: 3.3522992059588432
