times:
  edit-metadata: 1.3545996472239494
  landing: 0.7162217944860458
  view-data: 3.3926896825432777
