times:
  edit-metadata: 1.3821130245923996
  landing: 0.8175074085593224
  view-data: 3.294669710099697
