times:
  edit-metadata: 2.1199780739843845
  landing: 1.079940877854824
  view-data: 3.513593103736639
