times:
  edit-metadata: 1.5053904727101326
  landing: 0.7619785666465759
  view-data: 3.4648276269435883
