times:
  edit-metadata: 1.3731435649096966
  landing: 0.8422369174659252
  view-data: 3.3814054504036903
