times:
  edit-metadata: 1.3909014835953712
  landing: 0.8503841087222099
  view-data: 3.3546161986887455
