times:
  edit-metadata: 1.3785471245646477
  landing: 0.7193522453308105
  view-data: 3.4804180040955544
