times:
  edit-metadata: 1.4592010229825974
  landing: 0.7309493720531464
  view-data: 3.4538703113794327
