times:
  edit-metadata: 1.5248082429170609
  landing: 0.8085543140769005
  view-data: 3.487205222249031
