times:
  edit-metadata: 1.5324610248208046
  landing: 1.0278835222125053
  view-data: 3.5337288454174995
