times:
  edit-metadata: 1.4639951884746552
  landing: 0.7277343943715096
  view-data: 3.5223819836974144
