times:
  edit-metadata: 1.4657480344176292
  landing: 0.9047534093260765
  view-data: 3.3614964336156845
