times:
  edit-metadata: 1.3805691860616207
  landing: 0.7930359430611134
  view-data: 3.37980654835701
