times:
  edit-metadata: 1.4145188517868519
  landing: 0.7906602174043655
  view-data: 3.2950423769652843
