times:
  edit-metadata: 1.5359262600541115
  landing: 0.7979000583291054
  view-data: 3.5465139523148537
