times:
  edit-metadata: 1.4474463127553463
  landing: 0.7872894294559956
  view-data: 3.393877264112234
