times:
  edit-metadata: 1.4270073287189007
  landing: 0.7622025646269321
  view-data: 3.3410864882171154
