times:
  edit-metadata: 1.5431396886706352
  landing: 0.7674191668629646
  view-data: 3.47629626840353
