times:
  edit-metadata: 1.5101491883397102
  landing: 0.8190547749400139
  view-data: 3.58526798337698
