times:
  edit-metadata: 1.4816826097667217
  landing: 0.7832452841103077
  view-data: 3.301299162209034
