times:
  edit-metadata: 1.3877067789435387
  landing: 0.726138062775135
  view-data: 3.4788803681731224
