times:
  edit-metadata: 1.3487070947885513
  landing: 0.7422769442200661
  view-data: 3.296160064637661
