times:
  edit-metadata: 1.32954990118742
  landing: 0.7291025593876839
  view-data: 3.2780705243349075
