times:
  edit-metadata: 1.9028777703642845
  landing: 1.2512542605400085
  view-data: 3.3311010226607323
