times:
  edit-metadata: 1.529391810297966
  landing: 0.8751649707555771
  view-data: 3.5175210535526276
