times:
  edit-metadata: 1.5022797733545303
  landing: 0.8300496563315392
  view-data: 3.6696602553129196
