times:
  edit-metadata: 1.4031385630369186
  landing: 0.7393147423863411
  view-data: 3.40910105407238
