times:
  edit-metadata: 1.5188133791089058
  landing: 0.8341332785785198
  view-data: 3.338563058525324
