times:
  edit-metadata: 1.5841531306505203
  landing: 0.8312144801020622
  view-data: 3.302720159292221
