times:
  edit-metadata: 1.4150777012109756
  landing: 0.7579387575387955
  view-data: 3.4765404909849167
