times:
  edit-metadata: 1.4485597498714924
  landing: 0.7248635590076447
  view-data: 3.327119320631027
