times:
  edit-metadata: 1.44674676284194
  landing: 0.7810937836766243
  view-data: 3.2553135827183723
