times:
  edit-metadata: 1.427193932235241
  landing: 0.8674529641866684
  view-data: 3.2787811011075974
