times:
  edit-metadata: 1.454262986779213
  landing: 0.9242674969136715
  view-data: 3.458437092602253
