times:
  edit-metadata: 1.521147444844246
  landing: 0.8248690292239189
  view-data: 3.302352614700794
