times:
  edit-metadata: 1.3925235345959663
  landing: 0.7491252273321152
  view-data: 3.471668303012848
