times:
  edit-metadata: 1.4837813973426819
  landing: 0.9293273091316223
  view-data: 3.375786781311035
