times:
  edit-metadata: 1.3844404444098473
  landing: 0.8464643061161041
  view-data: 3.487231060862541
