times:
  edit-metadata: 1.3876559063792229
  landing: 0.7152314111590385
  view-data: 3.3993378952145576
