times:
  edit-metadata: 1.5518229082226753
  landing: 0.8201209232211113
  view-data: 3.344064362347126
