times:
  edit-metadata: 1.54236326739192
  landing: 0.9328687526285648
  view-data: 3.2918139211833477
