times:
  edit-metadata: 1.4199931100010872
  landing: 0.7198411673307419
  view-data: 3.5075847432017326
