times:
  edit-metadata: 1.581890046596527
  landing: 1.2011704929172993
  view-data: 3.3481224104762077
