times:
  edit-metadata: 1.334077388048172
  landing: 0.7271698638796806
  view-data: 3.392956491559744
