times:
  edit-metadata: 1.450436681509018
  landing: 0.8140493556857109
  view-data: 3.461663968861103
