times:
  edit-metadata: 1.5012584328651428
  landing: 0.8526376895606518
  view-data: 3.292866699397564
