times:
  edit-metadata: 1.3533918298780918
  landing: 0.7732508964836597
  view-data: 3.3156233467161655
