times:
  edit-metadata: 1.4285789355635643
  landing: 0.7588929049670696
  view-data: 3.3454967476427555
