times:
  edit-metadata: 1.5087701976299286
  landing: 0.8193134851753712
  view-data: 3.3603484742343426
