times:
  edit-metadata: 1.4975832775235176
  landing: 0.8753534182906151
  view-data: 3.4941768869757652
