times:
  edit-metadata: 1.4675792381167412
  landing: 0.8174767754971981
  view-data: 3.2594277039170265
