times:
  edit-metadata: 1.5542884021997452
  landing: 0.7720455825328827
  view-data: 3.510192848742008
