times:
  edit-metadata: 2.1096963807940483
  landing: 1.4573186375200748
  view-data: 3.742597058415413
