times:
  edit-metadata: 1.50026024132967
  landing: 0.8300873413681984
  view-data: 3.283821914345026
