times:
  edit-metadata: 1.5506578609347343
  landing: 0.9088601469993591
  view-data: 3.344817452132702
