times:
  edit-metadata: 1.5138811841607094
  landing: 0.8632046468555927
  view-data: 3.3854211270809174
