times:
  edit-metadata: 1.5631199851632118
  landing: 0.7936436906456947
  view-data: 3.48005411028862
