times:
  edit-metadata: 1.4539625123143196
  landing: 0.7313092201948166
  view-data: 3.4643364623188972
