times:
  edit-metadata: 2.3206865191459656
  landing: 0.7903759852051735
  view-data: 3.2583408877253532
