times:
  edit-metadata: 1.4999918676912785
  landing: 0.947067130357027
  view-data: 3.3284884206950665
