times:
  edit-metadata: 1.4531781747937202
  landing: 0.8392717614769936
  view-data: 3.437670014798641
