times:
  edit-metadata: 1.4483620077371597
  landing: 0.7525952160358429
  view-data: 3.498536303639412
