times:
  edit-metadata: 1.3661035522818565
  landing: 0.7164002433419228
  view-data: 3.4813320711255074
