times:
  edit-metadata: 1.5624705590307713
  landing: 0.8431431651115417
  view-data: 3.2942030541598797
