times:
  edit-metadata: 1.5286725088953972
  landing: 0.9972700700163841
  view-data: 3.652028128504753
