times:
  edit-metadata: 1.4767588675022125
  landing: 0.7431152164936066
  view-data: 3.5343662574887276
