times:
  edit-metadata: 1.4575937315821648
  landing: 0.7437441647052765
  view-data: 3.4556607604026794
