times:
  edit-metadata: 1.4058715626597404
  landing: 0.8128042481839657
  view-data: 3.259973920881748
