times:
  edit-metadata: 1.4373668394982815
  landing: 0.7766923792660236
  view-data: 3.304403256624937
