times:
  edit-metadata: 1.3898469284176826
  landing: 0.7089959569275379
  view-data: 3.348133459687233
