times:
  edit-metadata: 1.5984497554600239
  landing: 0.7974791042506695
  view-data: 3.3584676012396812
