times:
  edit-metadata: 1.384219005703926
  landing: 0.8508738651871681
  view-data: 3.572644054889679
