times:
  edit-metadata: 1.5944955199956894
  landing: 0.9251291081309319
  view-data: 3.4238448962569237
