times:
  edit-metadata: 1.5397389829158783
  landing: 0.6831078827381134
  view-data: 3.282716318964958
