times:
  edit-metadata: 1.4541781805455685
  landing: 0.8490096963942051
  view-data: 3.2689915150403976
