times:
  edit-metadata: 1.4510839395225048
  landing: 0.7432913929224014
  view-data: 3.351587813347578
