times:
  edit-metadata: 1.534819982945919
  landing: 0.8600007258355618
  view-data: 3.269177459180355
