times:
  edit-metadata: 1.6456235125660896
  landing: 0.8142583258450031
  view-data: 3.4139016419649124
