times:
  edit-metadata: 1.4563493616878986
  landing: 0.7862290777266026
  view-data: 3.340381219983101
