times:
  edit-metadata: 1.4402058273553848
  landing: 0.7595731765031815
  view-data: 3.4547789841890335
