times:
  edit-metadata: 1.4916846193373203
  landing: 0.7569830156862736
  view-data: 3.3430314548313618
