times:
  edit-metadata: 1.3946630880236626
  landing: 0.8142897635698318
  view-data: 3.431216277182102
