times:
  edit-metadata: 1.386732243001461
  landing: 0.7216337397694588
  view-data: 3.5419066324830055
