times:
  edit-metadata: 1.4580926150083542
  landing: 0.7305851429700851
  view-data: 3.2975465804338455
