times:
  edit-metadata: 2.04420917481184
  landing: 1.1820396967232227
  view-data: 3.3938216976821423
