times:
  edit-metadata: 1.8123872131109238
  landing: 0.9318246208131313
  view-data: 3.322289075702429
