times:
  edit-metadata: 1.7326979786157608
  landing: 0.9527684450149536
  view-data: 3.542449116706848
