times:
  edit-metadata: 1.466796338558197
  landing: 0.9455977007746696
  view-data: 3.3437297642230988
