times:
  edit-metadata: 1.3696552217006683
  landing: 0.7960980981588364
  view-data: 3.3257667794823647
