times:
  edit-metadata: 1.455384325236082
  landing: 0.7729284465312958
  view-data: 3.387269839644432
