times:
  edit-metadata: 1.4022919982671738
  landing: 0.849728100001812
  view-data: 3.5030235573649406
