times:
  edit-metadata: 1.3566177785396576
  landing: 0.6799495220184326
  view-data: 3.459262579679489
