times:
  edit-metadata: 1.4158465191721916
  landing: 0.7713291421532631
  view-data: 3.568271078169346
