times:
  edit-metadata: 1.3816004246473312
  landing: 0.7497764080762863
  view-data: 3.799121230840683
