times:
  edit-metadata: 1.457065001130104
  landing: 0.7713823467493057
  view-data: 3.3514572381973267
