times:
  edit-metadata: 1.745445180684328
  landing: 0.8579989187419415
  view-data: 3.3137821704149246
