times:
  edit-metadata: 1.4444490000605583
  landing: 0.763743594288826
  view-data: 3.4528309628367424
