times:
  edit-metadata: 1.4991024248301983
  landing: 0.8699565567076206
  view-data: 3.3337245024740696
