times:
  edit-metadata: 1.3413899913430214
  landing: 0.7718768417835236
  view-data: 3.5499927923083305
