times:
  edit-metadata: 1.3775677308440208
  landing: 0.771898902952671
  view-data: 3.4132315889000893
