times:
  edit-metadata: 1.4252594858407974
  landing: 0.7523928508162498
  view-data: 3.3617807924747467
