times:
  edit-metadata: 1.547314427793026
  landing: 0.8257949650287628
  view-data: 3.3529425114393234
