times:
  edit-metadata: 1.378581888973713
  landing: 0.7846619486808777
  view-data: 3.4424359425902367
