times:
  edit-metadata: 1.3848162591457367
  landing: 0.7556062787771225
  view-data: 3.3367237746715546
