times:
  edit-metadata: 1.2672404795885086
  landing: 0.8022062927484512
  view-data: 3.520183339715004
