times:
  edit-metadata: 1.399759627878666
  landing: 0.7299282401800156
  view-data: 3.514537677168846
