times:
  edit-metadata: 1.4880749434232712
  landing: 0.791881836950779
  view-data: 3.5629457384347916
