times:
  edit-metadata: 1.7601303718984127
  landing: 0.8042157664895058
  view-data: 3.274212818592787
