times:
  edit-metadata: 1.4744850918650627
  landing: 0.8133097290992737
  view-data: 3.3400857858359814
