times:
  edit-metadata: 1.631244421005249
  landing: 0.8342992588877678
  view-data: 3.3060579672455788
