times:
  edit-metadata: 1.4065266847610474
  landing: 0.9189061224460602
  view-data: 3.4969538673758507
