times:
  edit-metadata: 1.4581594690680504
  landing: 0.7671525329351425
  view-data: 3.460486277937889
