times:
  edit-metadata: 1.6781506091356277
  landing: 0.8877984806895256
  view-data: 3.397632122039795
