times:
  edit-metadata: 1.5882775783538818
  landing: 0.8693691566586494
  view-data: 3.3966348469257355
