times:
  edit-metadata: 1.6444387584924698
  landing: 0.8811100125312805
  view-data: 3.324460845440626
