times:
  edit-metadata: 1.6417445465922356
  landing: 0.7855375856161118
  view-data: 3.2987155467271805
