times:
  edit-metadata: 1.41588693857193
  landing: 0.8472126126289368
  view-data: 3.5237148478627205
