times:
  edit-metadata: 1.5308847874403
  landing: 0.8254380039870739
  view-data: 3.2952726371586323
