times:
  edit-metadata: 1.5661538764834404
  landing: 1.0761206671595573
  view-data: 3.511587955057621
