times:
  edit-metadata: 1.5337789803743362
  landing: 0.8702515810728073
  view-data: 3.55100404471159
