times:
  edit-metadata: 1.3774403184652328
  landing: 0.7362900525331497
  view-data: 3.282267488539219
