times:
  edit-metadata: 1.8407584503293037
  landing: 1.1286017000675201
  view-data: 3.7584395185112953
