times:
  edit-metadata: 1.4498592242598534
  landing: 0.7843009829521179
  view-data: 3.5767735987901688
