times:
  edit-metadata: 1.3681047409772873
  landing: 0.7521847859025002
  view-data: 3.5005969256162643
