times:
  edit-metadata: 1.4238047301769257
  landing: 0.7127614617347717
  view-data: 3.5098536163568497
