times:
  edit-metadata: 1.6352888494729996
  landing: 1.546959049999714
  view-data: 3.3566248789429665
