times:
  edit-metadata: 1.670980293303728
  landing: 1.3299570232629776
  view-data: 3.3144941329956055
