times:
  edit-metadata: 2.3580587059259415
  landing: 1.5809238776564598
  view-data: 3.704743042588234
