times:
  edit-metadata: 1.505683347582817
  landing: 0.7708435468375683
  view-data: 3.3512213937938213
