times:
  edit-metadata: 1.5350400134921074
  landing: 0.723621279001236
  view-data: 3.3902430683374405
