times:
  edit-metadata: 1.4561613239347935
  landing: 0.8963289111852646
  view-data: 3.339333288371563
