times:
  edit-metadata: 1.3880613222718239
  landing: 0.7530295699834824
  view-data: 3.4852244183421135
