times:
  edit-metadata: 1.392896793782711
  landing: 0.7171767950057983
  view-data: 3.2621130123734474
