times:
  edit-metadata: 1.615643471479416
  landing: 0.8498518615961075
  view-data: 3.556525893509388
