times:
  edit-metadata: 1.442356277257204
  landing: 0.7494230419397354
  view-data: 3.315498858690262
