times:
  edit-metadata: 1.7447369135916233
  landing: 0.9263950102031231
  view-data: 3.3132079541683197
