times:
  edit-metadata: 2.4192597530782223
  landing: 1.32420327141881
  view-data: 3.452177219092846
