times:
  edit-metadata: 1.6963085234165192
  landing: 0.9950469955801964
  view-data: 3.3245166167616844
