times:
  edit-metadata: 1.3259792551398277
  landing: 0.7361135482788086
  view-data: 3.3756880089640617
