times:
  edit-metadata: 1.362983077764511
  landing: 0.8364949263632298
  view-data: 3.283331695944071
