times:
  edit-metadata: 1.5452012903988361
  landing: 0.7953811623156071
  view-data: 3.402278658002615
