times:
  edit-metadata: 1.4428974464535713
  landing: 0.7762398719787598
  view-data: 3.4800514355301857
