times:
  edit-metadata: 1.4588752835988998
  landing: 0.7692410945892334
  view-data: 3.528428792953491
