times:
  edit-metadata: 1.4490170329809189
  landing: 0.7814848907291889
  view-data: 3.334793124347925
