times:
  edit-metadata: 1.5136263221502304
  landing: 0.7618574351072311
  view-data: 3.4639911353588104
