times:
  edit-metadata: 1.760116033256054
  landing: 0.8885539695620537
  view-data: 3.4239225015044212
