times:
  edit-metadata: 1.5439878292381763
  landing: 0.8552743196487427
  view-data: 3.397103738039732
