times:
  edit-metadata: 1.3798843808472157
  landing: 0.6981715746223927
  view-data: 3.2604606710374355
