times:
  edit-metadata: 1.3559430614113808
  landing: 0.727692224085331
  view-data: 3.4771245792508125
