times:
  edit-metadata: 1.3293783143162727
  landing: 0.7780990451574326
  view-data: 3.4243190363049507
