times:
  edit-metadata: 1.3981164135038853
  landing: 0.811930563300848
  view-data: 3.3281699530780315
