times:
  edit-metadata: 1.7818531394004822
  landing: 1.2645304650068283
  view-data: 3.656775124371052
