times:
  edit-metadata: 1.4055583626031876
  landing: 0.7479557022452354
  view-data: 3.435692124068737
