times:
  edit-metadata: 1.5350229814648628
  landing: 0.9395002201199532
  view-data: 3.462798848748207
