times:
  edit-metadata: 1.4411144889891148
  landing: 0.80022282153368
  view-data: 3.339967831969261
