times:
  edit-metadata: 1.3766491264104843
  landing: 0.7109564617276192
  view-data: 3.302755869925022
