times:
  edit-metadata: 1.5180337950587273
  landing: 0.8140859976410866
  view-data: 3.516468234360218
