times:
  edit-metadata: 1.3748577237129211
  landing: 0.7323983162641525
  view-data: 3.4652773067355156
