times:
  edit-metadata: 1.55234045535326
  landing: 0.84227254986763
  view-data: 3.3659089282155037
