times:
  edit-metadata: 1.4566320851445198
  landing: 0.755561113357544
  view-data: 3.4409686848521233
