times:
  edit-metadata: 1.4506913647055626
  landing: 0.7844994775950909
  view-data: 3.3758017271757126
