times:
  edit-metadata: 1.3936662152409554
  landing: 0.7117289528250694
  view-data: 3.4152661561965942
