times:
  edit-metadata: 1.519274279475212
  landing: 0.869510106742382
  view-data: 3.353206604719162
