times:
  edit-metadata: 1.3753283098340034
  landing: 0.7850880920886993
  view-data: 3.4356740191578865
