times:
  edit-metadata: 1.4149010926485062
  landing: 0.7559909448027611
  view-data: 3.4687554240226746
