times:
  edit-metadata: 1.3890390619635582
  landing: 0.7960173115134239
  view-data: 3.3438587971031666
