times:
  edit-metadata: 1.4276254698634148
  landing: 0.7275069057941437
  view-data: 3.462315134704113
