times:
  edit-metadata: 1.5771254487335682
  landing: 0.7536914087831974
  view-data: 3.3216959424316883
