times:
  edit-metadata: 1.5829509273171425
  landing: 0.8140830844640732
  view-data: 3.5323846340179443
