times:
  edit-metadata: 1.476958878338337
  landing: 0.8638924434781075
  view-data: 3.363524369895458
