times:
  edit-metadata: 1.431564286351204
  landing: 0.8247733488678932
  view-data: 3.4650819078087807
