times:
  edit-metadata: 2.2739382535219193
  landing: 1.295059196650982
  view-data: 3.5600052922964096
