times:
  edit-metadata: 1.3955297693610191
  landing: 0.7278053537011147
  view-data: 3.440341994166374
