times:
  edit-metadata: 1.5475971922278404
  landing: 0.8379950076341629
  view-data: 3.332410477101803
