times:
  edit-metadata: 1.388201791793108
  landing: 0.733904417604208
  view-data: 3.2858086302876472
