times:
  edit-metadata: 1.5187854021787643
  landing: 0.8631004057824612
  view-data: 3.3702028058469296
