times:
  edit-metadata: 1.392064742743969
  landing: 0.8300604596734047
  view-data: 3.523189850151539
