times:
  edit-metadata: 1.4909523725509644
  landing: 0.7988451793789864
  view-data: 3.364946261048317
