times:
  edit-metadata: 1.4694952443242073
  landing: 0.855794832110405
  view-data: 3.315192759037018
