times:
  edit-metadata: 1.4591039270162582
  landing: 0.808393582701683
  view-data: 3.3324619978666306
