times:
  edit-metadata: 1.5286025330424309
  landing: 0.722107008099556
  view-data: 3.5197626873850822
