times:
  edit-metadata: 1.3669078573584557
  landing: 0.8221580237150192
  view-data: 3.476776286959648
