times:
  edit-metadata: 1.3748642206192017
  landing: 0.8949305862188339
  view-data: 3.332150351256132
