times:
  edit-metadata: 1.3847780488431454
  landing: 0.764014083892107
  view-data: 3.4140662662684917
