times:
  edit-metadata: 1.411954365670681
  landing: 0.9478500857949257
  view-data: 3.4859515354037285
