times:
  edit-metadata: 1.5263343006372452
  landing: 0.7658858299255371
  view-data: 3.398076854646206
