times:
  edit-metadata: 1.467006791383028
  landing: 0.8486759513616562
  view-data: 3.3747790344059467
