times:
  edit-metadata: 1.4013355821371078
  landing: 1.2273535206913948
  view-data: 3.3299385756254196
