times:
  edit-metadata: 1.4442841857671738
  landing: 0.7570698484778404
  view-data: 3.3815072774887085
