times:
  edit-metadata: 1.4012621864676476
  landing: 0.7016962394118309
  view-data: 3.4029785841703415
