times:
  edit-metadata: 1.5077755376696587
  landing: 0.7773370742797852
  view-data: 3.561638191342354
