times:
  edit-metadata: 1.431702196598053
  landing: 0.7137684151530266
  view-data: 3.4716429710388184
