times:
  edit-metadata: 1.4569492489099503
  landing: 0.7487791553139687
  view-data: 3.272091381251812
