times:
  edit-metadata: 1.3476744964718819
  landing: 0.7469378113746643
  view-data: 3.295678034424782
