times:
  edit-metadata: 1.8001398965716362
  landing: 0.8243142068386078
  view-data: 3.4675212875008583
