times:
  edit-metadata: 1.3538465425372124
  landing: 0.6955908089876175
  view-data: 3.2583299949765205
