times:
  edit-metadata: 1.390040084719658
  landing: 0.9126396663486958
  view-data: 3.3198918849229813
