times:
  edit-metadata: 1.653071153908968
  landing: 0.9354856386780739
  view-data: 3.449857633560896
