times:
  edit-metadata: 1.5109311863780022
  landing: 0.9239150881767273
  view-data: 3.34050140529871
