times:
  edit-metadata: 1.3974983468651772
  landing: 0.7891720980405807
  view-data: 3.463834099471569
