times:
  edit-metadata: 1.3661788776516914
  landing: 0.7021989077329636
  view-data: 3.449270933866501
