times:
  edit-metadata: 1.3606289774179459
  landing: 0.7554481625556946
  view-data: 3.452719882130623
