times:
  edit-metadata: 2.217300206422806
  landing: 1.1618540287017822
  view-data: 3.5890000835061073
