times:
  edit-metadata: 1.4692801013588905
  landing: 0.8396158069372177
  view-data: 3.3880097419023514
