times:
  edit-metadata: 1.4754102379083633
  landing: 0.7513337582349777
  view-data: 3.2796520702540874
