times:
  edit-metadata: 1.5324731990695
  landing: 0.7519447281956673
  view-data: 3.489166721701622
