times:
  edit-metadata: 1.4000665619969368
  landing: 0.6945129111409187
  view-data: 3.4654877334833145
