times:
  edit-metadata: 1.4480326026678085
  landing: 0.7800348065793514
  view-data: 3.2850568667054176
