times:
  edit-metadata: 1.4898621141910553
  landing: 0.7643875554203987
  view-data: 3.445726163685322
