times:
  edit-metadata: 1.4194353073835373
  landing: 0.755955658853054
  view-data: 3.520038403570652
