times:
  edit-metadata: 1.5427279993891716
  landing: 0.8026896491646767
  view-data: 3.3804257959127426
