times:
  edit-metadata: 1.472988285124302
  landing: 0.8599873483181
  view-data: 3.2671095728874207
