times:
  edit-metadata: 1.5130242332816124
  landing: 0.7876706160604954
  view-data: 3.3088664300739765
