times:
  edit-metadata: 1.5865861624479294
  landing: 0.7432678416371346
  view-data: 3.327067393809557
