times:
  edit-metadata: 1.5535461194813251
  landing: 0.8289524205029011
  view-data: 3.322097573429346
