times:
  edit-metadata: 1.6139480136334896
  landing: 0.9919858910143375
  view-data: 3.3253220468759537
