times:
  edit-metadata: 1.7371787652373314
  landing: 1.3935085386037827
  view-data: 3.5737852305173874
