times:
  edit-metadata: 1.7244523540139198
  landing: 0.9368146359920502
  view-data: 3.3393147215247154
