times:
  edit-metadata: 1.4975245706737041
  landing: 0.7717652469873428
  view-data: 3.3172491416335106
