times:
  edit-metadata: 1.4106092676520348
  landing: 0.7823459729552269
  view-data: 3.2951883748173714
