times:
  edit-metadata: 1.5731290057301521
  landing: 1.0675055161118507
  view-data: 3.3057301342487335
