times:
  edit-metadata: 1.5633555576205254
  landing: 0.8264933377504349
  view-data: 3.526469297707081
