times:
  edit-metadata: 1.769385538995266
  landing: 0.9606402739882469
  view-data: 3.437063343822956
