times:
  edit-metadata: 1.4171988889575005
  landing: 0.742949552834034
  view-data: 3.5310200601816177
