times:
  edit-metadata: 1.49941773340106
  landing: 0.8828865364193916
  view-data: 3.2816438749432564
