times:
  edit-metadata: 1.554638423025608
  landing: 0.984988383948803
  view-data: 3.481159135699272
