times:
  edit-metadata: 1.5669776499271393
  landing: 0.8422613963484764
  view-data: 3.325218193233013
