times:
  edit-metadata: 2.0537116453051567
  landing: 1.1722417511045933
  view-data: 3.2960054762661457
