times:
  edit-metadata: 2.324731394648552
  landing: 1.0138598084449768
  view-data: 3.5423804223537445
