times:
  edit-metadata: 1.604158729314804
  landing: 0.7610172107815742
  view-data: 3.550293557345867
