times:
  edit-metadata: 1.5017616897821426
  landing: 0.9001060277223587
  view-data: 3.4213740676641464
