times:
  edit-metadata: 1.4562863260507584
  landing: 0.7207984179258347
  view-data: 3.470059759914875
