times:
  edit-metadata: 1.7840339541435242
  landing: 0.9132660552859306
  view-data: 3.3422236517071724
