times:
  edit-metadata: 1.6565398126840591
  landing: 0.9939795844256878
  view-data: 3.2867215275764465
