times:
  edit-metadata: 1.4327822029590607
  landing: 0.8757007792592049
  view-data: 3.4542076140642166
