times:
  edit-metadata: 1.7479461170732975
  landing: 0.939742237329483
  view-data: 3.3349350914359093
