times:
  edit-metadata: 1.7970171570777893
  landing: 1.0295573472976685
  view-data: 3.4304543137550354
