times:
  edit-metadata: 1.433528434485197
  landing: 0.7506888210773468
  view-data: 3.408864349126816
