times:
  edit-metadata: 1.5129176378250122
  landing: 0.7793418765068054
  view-data: 3.4657400846481323
