times:
  edit-metadata: 1.4481121599674225
  landing: 0.8557721674442291
  view-data: 3.3286856412887573
