times:
  edit-metadata: 3.6126622036099434
  landing: 2.2660099640488625
  view-data: 4.43341138958931
