times:
  edit-metadata: 1.4178390800952911
  landing: 0.9326149150729179
  view-data: 3.419093243777752
