times:
  edit-metadata: 1.4835771769285202
  landing: 0.7928857952356339
  view-data: 3.4931715056300163
