times:
  edit-metadata: 1.4585327059030533
  landing: 0.9721062183380127
  view-data: 3.3328979834914207
