times:
  edit-metadata: 1.4306684769690037
  landing: 0.7353583984076977
  view-data: 3.266327530145645
