times:
  edit-metadata: 1.5706186182796955
  landing: 0.8338787965476513
  view-data: 3.4411360807716846
