times:
  edit-metadata: 1.601523980498314
  landing: 0.9404793605208397
  view-data: 3.3315465301275253
