times:
  edit-metadata: 1.4167296066880226
  landing: 0.8287480399012566
  view-data: 3.310928925871849
