times:
  edit-metadata: 1.4900037050247192
  landing: 0.8658075332641602
  view-data: 3.2913834899663925
