times:
  edit-metadata: 1.4481175541877747
  landing: 0.9017883501946926
  view-data: 3.305672660470009
