times:
  edit-metadata: 1.5120619609951973
  landing: 0.759704165160656
  view-data: 3.318200133740902
