times:
  edit-metadata: 1.7240306213498116
  landing: 0.9369690418243408
  view-data: 3.3364452086389065
