times:
  edit-metadata: 1.5387839414179325
  landing: 0.8474369645118713
  view-data: 3.3920875675976276
