times:
  edit-metadata: 1.4288968332111835
  landing: 0.7021003104746342
  view-data: 3.2590600438416004
