times:
  edit-metadata: 1.5803939551115036
  landing: 0.7254547700285912
  view-data: 3.5090613812208176
