times:
  edit-metadata: 2.345836903899908
  landing: 1.2609054706990719
  view-data: 3.444620780646801
