times:
  edit-metadata: 1.4655912667512894
  landing: 0.7652379050850868
  view-data: 3.293153829872608
