times:
  edit-metadata: 1.4095504432916641
  landing: 0.8386539593338966
  view-data: 3.5408632829785347
