times:
  edit-metadata: 1.4511718451976776
  landing: 0.8414417430758476
  view-data: 3.5159811824560165
