times:
  edit-metadata: 1.4409039318561554
  landing: 0.6961180791258812
  view-data: 3.404256358742714
