times:
  edit-metadata: 1.4461442977190018
  landing: 0.9081500023603439
  view-data: 3.354928433895111
