times:
  edit-metadata: 1.7099980413913727
  landing: 0.8058310374617577
  view-data: 3.469898469746113
