times:
  edit-metadata: 1.418909028172493
  landing: 0.819251574575901
  view-data: 3.542340986430645
