times:
  edit-metadata: 1.4257457852363586
  landing: 0.7310064509510994
  view-data: 3.464976027607918
