times:
  edit-metadata: 1.5465920381247997
  landing: 0.7714242860674858
  view-data: 3.302934069186449
