times:
  edit-metadata: 1.514968454837799
  landing: 0.9279276318848133
  view-data: 3.397601440548897
