times:
  edit-metadata: 1.4067154377698898
  landing: 0.7240299880504608
  view-data: 3.4473779276013374
