times:
  edit-metadata: 1.4203455820679665
  landing: 0.8101299181580544
  view-data: 3.4656619504094124
