times:
  edit-metadata: 1.5825035274028778
  landing: 0.7375759705901146
  view-data: 3.3113614469766617
