times:
  edit-metadata: 1.5617415308952332
  landing: 1.025609776377678
  view-data: 3.520165726542473
