times:
  edit-metadata: 1.4752907529473305
  landing: 0.7696198038756847
  view-data: 3.2791194915771484
