times:
  edit-metadata: 1.57210548594594
  landing: 0.9458896145224571
  view-data: 3.3412165008485317
