times:
  edit-metadata: 1.432090200483799
  landing: 0.9059256166219711
  view-data: 3.3239438347518444
