times:
  edit-metadata: 1.4064895063638687
  landing: 0.7313773334026337
  view-data: 3.458116613328457
