times:
  edit-metadata: 1.5012159049510956
  landing: 0.7112864702939987
  view-data: 3.50668266415596
