times:
  edit-metadata: 1.5492146275937557
  landing: 0.907753199338913
  view-data: 3.3022002652287483
