times:
  edit-metadata: 1.5376628562808037
  landing: 0.6870478019118309
  view-data: 3.4353078827261925
