times:
  edit-metadata: 2.1942013390362263
  landing: 1.1317768171429634
  view-data: 3.390563301742077
