times:
  edit-metadata: 1.4609954357147217
  landing: 0.7752557396888733
  view-data: 3.575540378689766
