times:
  edit-metadata: 1.5189663656055927
  landing: 0.7655792199075222
  view-data: 3.267382115125656
