times:
  edit-metadata: 1.4365684315562248
  landing: 0.7632758766412735
  view-data: 3.4970575124025345
