times:
  edit-metadata: 1.4946152344346046
  landing: 0.758758082985878
  view-data: 3.460230626165867
