times:
  edit-metadata: 1.9403114095330238
  landing: 0.9622810408473015
  view-data: 3.351510375738144
