times:
  edit-metadata: 1.450412344187498
  landing: 0.7437003664672375
  view-data: 3.33181906118989
