times:
  edit-metadata: 3.214030623435974
  landing: 2.014608547091484
  view-data: 3.81266076117754
