times:
  edit-metadata: 1.5184402391314507
  landing: 0.7724732533097267
  view-data: 3.487433135509491
