times:
  edit-metadata: 1.4000299237668514
  landing: 0.744263295084238
  view-data: 3.3049361519515514
