times:
  edit-metadata: 1.4441432878375053
  landing: 0.7713940963149071
  view-data: 3.4457728266716003
