times:
  edit-metadata: 1.3806572556495667
  landing: 0.7973312884569168
  view-data: 3.4549654573202133
