times:
  edit-metadata: 1.1333553716540337
  landing: 0.9056987091898918
  view-data: 3.488523118197918
