times:
  edit-metadata: 1.4691482856869698
  landing: 0.9241304695606232
  view-data: 3.320761024951935
