times:
  edit-metadata: 1.5526495650410652
  landing: 0.834451213479042
  view-data: 3.4618498757481575
