times:
  edit-metadata: 1.4142137989401817
  landing: 0.805033165961504
  view-data: 3.2836018055677414
