times:
  edit-metadata: 1.4392694160342216
  landing: 0.9457248002290726
  view-data: 3.276532344520092
