times:
  edit-metadata: 1.4531000331044197
  landing: 0.7002694755792618
  view-data: 3.464537464082241
