times:
  edit-metadata: 1.4547975435853004
  landing: 0.8008547760546207
  view-data: 3.3467752039432526
