times:
  edit-metadata: 1.4898664355278015
  landing: 0.8694512844085693
  view-data: 3.520996004343033
