times:
  edit-metadata: 1.8594043478369713
  landing: 0.7791937813162804
  view-data: 3.3275055587291718
