times:
  edit-metadata: 1.9099828228354454
  landing: 1.1014143452048302
  view-data: 3.3704110234975815
