times:
  edit-metadata: 1.643265314400196
  landing: 0.8788793832063675
  view-data: 3.270482763648033
