times:
  edit-metadata: 1.5592380240559578
  landing: 0.8314436674118042
  view-data: 3.449600726366043
