times:
  edit-metadata: 1.3979595601558685
  landing: 0.7675624862313271
  view-data: 3.2802675291895866
