times:
  edit-metadata: 1.5508896335959435
  landing: 0.9040429517626762
  view-data: 3.353247158229351
