times:
  edit-metadata: 1.486930225044489
  landing: 0.9267017804086208
  view-data: 3.2935471571981907
