times:
  edit-metadata: 1.4308892600238323
  landing: 0.7735768482089043
  view-data: 3.3401398174464703
