times:
  edit-metadata: 2.029962170869112
  landing: 1.2090097442269325
  view-data: 3.742899361997843
