times:
  edit-metadata: 1.5345661342144012
  landing: 0.8022556230425835
  view-data: 3.566396303474903
