times:
  edit-metadata: 1.3826004974544048
  landing: 0.7286860607564449
  view-data: 3.330834623426199
