times:
  edit-metadata: 1.697238214313984
  landing: 1.2955184876918793
  view-data: 3.438962399959564
