times:
  edit-metadata: 1.5152124240994453
  landing: 0.8414415717124939
  view-data: 3.3335478231310844
