times:
  edit-metadata: 1.453497625887394
  landing: 0.8947339951992035
  view-data: 3.310773126780987
