times:
  edit-metadata: 1.7085854932665825
  landing: 0.9265304207801819
  view-data: 3.3202898874878883
