times:
  edit-metadata: 1.6456995382905006
  landing: 0.9074716009199619
  view-data: 3.2828859090805054
