times:
  edit-metadata: 1.522146936506033
  landing: 0.8240949921309948
  view-data: 3.3146875128149986
