times:
  edit-metadata: 1.4512709230184555
  landing: 0.7781160622835159
  view-data: 3.483344428241253
