times:
  edit-metadata: 1.486682191491127
  landing: 0.8271615654230118
  view-data: 3.410811010748148
