times:
  edit-metadata: 1.6760608553886414
  landing: 0.9251033589243889
  view-data: 3.2611509077250957
