times:
  edit-metadata: 1.4291382282972336
  landing: 0.8939477726817131
  view-data: 3.4782319888472557
