times:
  edit-metadata: 1.4562823697924614
  landing: 1.0291713774204254
  view-data: 3.5264320075511932
