times:
  edit-metadata: 1.463220626115799
  landing: 0.7529672347009182
  view-data: 3.3548076041042805
