times:
  edit-metadata: 1.4265743494033813
  landing: 0.7121089473366737
  view-data: 3.4490343183279037
