times:
  edit-metadata: 1.5294540375471115
  landing: 0.8086454905569553
  view-data: 3.327165462076664
