times:
  edit-metadata: 1.4035495109856129
  landing: 0.7810799740254879
  view-data: 3.277836501598358
