times:
  edit-metadata: 1.3969789817929268
  landing: 0.7821283936500549
  view-data: 3.45699705183506
