times:
  edit-metadata: 1.434510961174965
  landing: 0.7277814596891403
  view-data: 3.400940425693989
