times:
  edit-metadata: 1.540160059928894
  landing: 0.8257107213139534
  view-data: 3.405950829386711
