times:
  edit-metadata: 1.436866246163845
  landing: 0.7412771806120872
  view-data: 3.4177351519465446
