times:
  edit-metadata: 1.5436344556510448
  landing: 0.9526204913854599
  view-data: 3.3125645741820335
