times:
  edit-metadata: 1.435237593948841
  landing: 0.7638760656118393
  view-data: 3.4608084484934807
