times:
  edit-metadata: 1.580597784370184
  landing: 0.8296778276562691
  view-data: 3.322434116154909
