times:
  edit-metadata: 1.678666427731514
  landing: 0.7700175046920776
  view-data: 3.322732485830784
