times:
  edit-metadata: 1.5010227039456367
  landing: 0.7532665356993675
  view-data: 3.464053839445114
