times:
  edit-metadata: 1.4883094690740108
  landing: 0.9258831553161144
  view-data: 3.3183489441871643
