times:
  edit-metadata: 1.7186368703842163
  landing: 1.051279440522194
  view-data: 3.338773377239704
