times:
  edit-metadata: 1.4495655596256256
  landing: 0.7500769793987274
  view-data: 3.504867196083069
