times:
  edit-metadata: 1.4035894498229027
  landing: 0.7924529388546944
  view-data: 3.4040588065981865
