times:
  edit-metadata: 1.4358074888586998
  landing: 0.8685242980718613
  view-data: 3.3195855990052223
