times:
  edit-metadata: 1.9016612321138382
  landing: 0.8938519097864628
  view-data: 3.3891173414885998
