times:
  edit-metadata: 1.432229444384575
  landing: 0.8921333327889442
  view-data: 3.510715462267399
