times:
  edit-metadata: 1.9097639620304108
  landing: 1.078361488878727
  view-data: 3.3252007327973843
