times:
  edit-metadata: 1.5490600690245628
  landing: 0.9035085216164589
  view-data: 3.505441904067993
