times:
  edit-metadata: 1.5848082453012466
  landing: 0.7833534777164459
  view-data: 3.3170404136180878
