times:
  edit-metadata: 1.43281364813447
  landing: 0.7067179791629314
  view-data: 3.2728344425559044
