times:
  edit-metadata: 1.553201712667942
  landing: 0.7733708024024963
  view-data: 3.4207754135131836
