times:
  edit-metadata: 1.355744108557701
  landing: 0.8522347286343575
  view-data: 3.520363576710224
