times:
  edit-metadata: 1.3985895439982414
  landing: 0.7579431533813477
  view-data: 3.4538248255848885
