times:
  edit-metadata: 1.4549667723476887
  landing: 0.9498018324375153
  view-data: 3.2926694825291634
