times:
  edit-metadata: 2.0152178555727005
  landing: 0.9952889755368233
  view-data: 3.574887305498123
