times:
  edit-metadata: 1.4490763917565346
  landing: 0.7648386880755424
  view-data: 3.3276077806949615
