times:
  edit-metadata: 1.5886417962610722
  landing: 0.7644289657473564
  view-data: 3.392048541456461
