times:
  edit-metadata: 1.6342377960681915
  landing: 0.9022919237613678
  view-data: 3.2977659329771996
