times:
  edit-metadata: 1.415922299027443
  landing: 0.9273264035582542
  view-data: 3.4796845465898514
