times:
  edit-metadata: 1.3937117531895638
  landing: 0.8411398679018021
  view-data: 3.3287023156881332
