times:
  edit-metadata: 1.4976220428943634
  landing: 0.9687670096755028
  view-data: 3.511096514761448
