times:
  edit-metadata: 1.7655662223696709
  landing: 0.9043447598814964
  view-data: 3.3185664042830467
