times:
  edit-metadata: 1.402621440589428
  landing: 0.7328030467033386
  view-data: 3.4583709239959717
