times:
  edit-metadata: 1.4478448703885078
  landing: 0.7588896378874779
  view-data: 3.511494591832161
