times:
  edit-metadata: 1.5874243453145027
  landing: 0.9101449325680733
  view-data: 3.3040407858788967
