times:
  edit-metadata: 1.525939054787159
  landing: 0.8180824844166636
  view-data: 3.3615653570741415
