times:
  edit-metadata: 1.6640977412462234
  landing: 0.9115239158272743
  view-data: 3.294747721403837
