times:
  edit-metadata: 0.5121745959622785
  landing: 0.05088197300210595
  view-data: 0.21931356994900852
