times:
  edit-metadata: 1.567479245364666
  landing: 0.7995398566126823
  view-data: 3.385975617915392
