times:
  edit-metadata: 1.54088019952178
  landing: 0.736615477129817
  view-data: 3.400389935821295
