times:
  edit-metadata: 1.5019515808671713
  landing: 0.786389647051692
  view-data: 3.342427708208561
