times:
  edit-metadata: 0.5227738490793854
  landing: 0.064034751849249
  view-data: 0.2201488888822496
