times:
  edit-metadata: 0.5129005250055343
  landing: 0.051983427023515105
  view-data: 0.2167333010584116
