times:
  edit-metadata: 1.457876555621624
  landing: 0.7750391992740333
  view-data: 3.366406621877104
