times:
  edit-metadata: 1.5947817079722881
  landing: 0.8130984399467707
  view-data: 3.441478081047535
