times:
  edit-metadata: 1.4770504971966147
  landing: 0.8507068799808621
  view-data: 3.4178533544763923
