times:
  edit-metadata: 2.3030153061263263
  landing: 1.1738188257440925
  view-data: 3.4343488039448857
