times:
  edit-metadata: 1.4727462120354176
  landing: 0.7770793065428734
  view-data: 3.411960083991289
