times:
  edit-metadata: 1.6394438669085503
  landing: 1.1365901790559292
  view-data: 3.4273129366338253
