times:
  edit-metadata: 1.6125623360276222
  landing: 0.7222120240330696
  view-data: 3.402786288410425
