times:
  edit-metadata: 1.423699501901865
  landing: 0.9178116023540497
  view-data: 3.382289294153452
