times:
  edit-metadata: 1.4877102887257934
  landing: 0.8357823556289077
  view-data: 3.4039919525384903
