times:
  edit-metadata: 1.5663512852042913
  landing: 0.8045212272554636
  view-data: 3.4499562568962574
