times:
  edit-metadata: 1.4045832380652428
  landing: 0.903579231351614
  view-data: 3.3448361828923225
