times:
  edit-metadata: 1.5643115546554327
  landing: 0.7890975140035152
  view-data: 3.4185117427259684
