times:
  edit-metadata: 1.501407515257597
  landing: 0.8805820532143116
  view-data: 3.3776379162445664
