times:
  edit-metadata: 1.4928394444286823
  landing: 0.7199064232409
  view-data: 3.404739908874035
