times:
  edit-metadata: 1.7596015688031912
  landing: 0.8648843392729759
  view-data: 3.400714673101902
