times:
  edit-metadata: 1.489963677013293
  landing: 0.8075344481039792
  view-data: 3.331379502895288
