times:
  edit-metadata: 1.3737823814153671
  landing: 1.050747886300087
  view-data: 3.3527730852365494
