times:
  edit-metadata: 1.4448027648031712
  landing: 0.686652660369873
  view-data: 3.3290439043194056
