times:
  edit-metadata: 1.3779386766254902
  landing: 0.8224691599607468
  view-data: 3.32444516569376
