times:
  edit-metadata: 1.7535737231373787
  landing: 0.9853509217500687
  view-data: 3.3310891799628735
