times:
  edit-metadata: 1.7026484925299883
  landing: 0.8071852643042803
  view-data: 3.3962572012096643
