times:
  edit-metadata: 1.4547864198684692
  landing: 0.6914570927619934
  view-data: 3.2645127214491367
