times:
  edit-metadata: 2.6115808580070734
  landing: 1.3107560630887747
  view-data: 3.727512815967202
