times:
  edit-metadata: 1.4303905693814158
  landing: 0.7502888818271458
  view-data: 3.336685286834836
