times:
  edit-metadata: 1.4001216366887093
  landing: 1.1328708194196224
  view-data: 3.6280295103788376
