times:
  edit-metadata: 1.5174693055450916
  landing: 0.9918652884662151
  view-data: 3.4181196615099907
