times:
  edit-metadata: 0.5411263431888074
  landing: 0.0498955890070647
  view-data: 0.22766776313073933
