times:
  edit-metadata: 1.447153678163886
  landing: 0.9155294131487608
  view-data: 3.2986489217728376
