times:
  edit-metadata: 1.6018192619085312
  landing: 1.0150669999420643
  view-data: 3.635978415608406
