times:
  edit-metadata: 1.5241306647658348
  landing: 0.7679738234728575
  view-data: 3.437765311449766
