times:
  edit-metadata: 1.4691042937338352
  landing: 0.9293323904275894
  view-data: 3.4682380706071854
