times:
  edit-metadata: 1.5424547400325537
  landing: 0.7071588318794966
  view-data: 3.3591100964695215
