times:
  edit-metadata: 1.5253357999026775
  landing: 0.8981226086616516
  view-data: 3.401093788444996
