times:
  edit-metadata: 0.5271160970441997
  landing: 0.10404257662594318
  view-data: 0.2370891459286213
