times:
  edit-metadata: 1.4518860876560211
  landing: 0.7577945617958903
  view-data: 3.3567973896861076
