times:
  edit-metadata: 1.426713508553803
  landing: 0.7847175560891628
  view-data: 3.296601044945419
