times:
  edit-metadata: 1.5031121335923672
  landing: 0.8908367715775967
  view-data: 3.4056237787008286
