times:
  edit-metadata: 1.5336821787059307
  landing: 0.8654577061533928
  view-data: 3.4360970072448254
