times:
  edit-metadata: 1.4953292552381754
  landing: 0.8750689420849085
  view-data: 3.4422587864100933
