times:
  edit-metadata: 1.501034821383655
  landing: 0.9815810918807983
  view-data: 3.3627853579819202
