times:
  edit-metadata: 1.578220583498478
  landing: 1.105440627783537
  view-data: 3.4086160510778427
