times:
  edit-metadata: 1.5360390804708004
  landing: 0.8025223016738892
  view-data: 3.4001775607466698
