times:
  edit-metadata: 0.5275888219475746
  landing: 0.058087932877242565
  view-data: 0.21956619387492537
