times:
  edit-metadata: 2.40364333614707
  landing: 1.371919184923172
  view-data: 3.4115907102823257
