times:
  edit-metadata: 1.4836824610829353
  landing: 0.7256347592920065
  view-data: 3.411210035905242
