times:
  edit-metadata: 1.6631889436393976
  landing: 0.8416388295590878
  view-data: 3.474482772871852
