times:
  edit-metadata: 2.0986726600676775
  landing: 1.0495628379285336
  view-data: 3.406625786796212
