times:
  edit-metadata: 0.49810433899983764
  landing: 0.0562806879170239
  view-data: 0.21433162305038422
