times:
  edit-metadata: 0.523278787964955
  landing: 0.04115706396987662
  view-data: 0.21500232204562053
