times:
  edit-metadata: 2.006998986005783
  landing: 1.074648555368185
  view-data: 3.406517818570137
