times:
  edit-metadata: 1.529160238802433
  landing: 0.7343952022492886
  view-data: 3.418770557269454
