times:
  edit-metadata: 0.49375101225450635
  landing: 0.06119422195479274
  view-data: 0.22769424179568887
