times:
  edit-metadata: 0.5019143987447023
  landing: 0.046115262899547815
  view-data: 0.20929382788017392
