times:
  edit-metadata: 1.5433267345651984
  landing: 0.6952449195086956
  view-data: 3.3633040515705943
