times:
  edit-metadata: 1.4358698166906834
  landing: 0.9270168468356133
  view-data: 3.3379916176199913
