times:
  edit-metadata: 1.5510876271873713
  landing: 0.8044622242450714
  view-data: 3.4487094692885876
