times:
  edit-metadata: 1.3489279858767986
  landing: 0.7670396082103252
  view-data: 3.354653960093856
