times:
  edit-metadata: 0.5932644680142403
  landing: 0.05248463700991124
  view-data: 0.2325074520194903
