times:
  edit-metadata: 1.6787404529750347
  landing: 1.115733865648508
  view-data: 3.337990254163742
