times:
  edit-metadata: 1.4910353468731046
  landing: 0.8632040112279356
  view-data: 3.440432182047516
