times:
  edit-metadata: 1.4878237582743168
  landing: 0.7363358214497566
  view-data: 3.3967094123363495
