times:
  edit-metadata: 1.4881184939295053
  landing: 0.8190210526809096
  view-data: 3.3506477372720838
