times:
  edit-metadata: 1.4930326268076897
  landing: 0.8537091426551342
  view-data: 3.384594649076462
