times:
  edit-metadata: 0.5055396158713847
  landing: 0.0549880659673363
  view-data: 0.2206719850655645
