times:
  edit-metadata: 1.4127794429659843
  landing: 0.8790904395282269
  view-data: 3.3643376603722572
