times:
  edit-metadata: 1.5455362983047962
  landing: 0.9224554114043713
  view-data: 3.4373034350574017
