times:
  edit-metadata: 1.4047035370022058
  landing: 0.7600675560534
  view-data: 3.3784364257007837
