times:
  edit-metadata: 0.5158048651646823
  landing: 0.05679068900644779
  view-data: 0.2335180859081447
