times:
  edit-metadata: 1.5281887650489807
  landing: 0.7727781829889864
  view-data: 3.3660586340120062
