times:
  edit-metadata: 1.4482177179306746
  landing: 0.8631996577605605
  view-data: 3.527403817512095
