times:
  edit-metadata: 1.4169746870175004
  landing: 0.8354657138697803
  view-data: 3.433024176862091
