times:
  edit-metadata: 1.854158028960228
  landing: 1.3802567571401596
  view-data: 3.3693053163588047
