times:
  edit-metadata: 1.3736515138298273
  landing: 0.7613926790654659
  view-data: 3.3602847401052713
