times:
  edit-metadata: 1.6245296709239483
  landing: 0.7187711223959923
  view-data: 3.3850610461086035
