times:
  edit-metadata: 1.3949044151231647
  landing: 0.9416644535958767
  view-data: 3.339290023781359
