times:
  edit-metadata: 0.5311508618760854
  landing: 0.051559583051130176
  view-data: 0.21257340698502958
