times:
  edit-metadata: 1.3002874180674553
  landing: 1.625971362926066
  view-data: 3.327003472018987
