times:
  edit-metadata: 1.3832100704312325
  landing: 0.8830394931137562
  view-data: 3.337857212871313
