times:
  edit-metadata: 1.930222313851118
  landing: 0.9616059735417366
  view-data: 3.286656392738223
