times:
  edit-metadata: 0.5165132720139809
  landing: 0.05845393298659474
  view-data: 0.20744088297942653
