times:
  edit-metadata: 1.5410698130726814
  landing: 0.8372625820338726
  view-data: 3.4095275700092316
