times:
  edit-metadata: 0.516894823173061
  landing: 0.06102118990384042
  view-data: 0.35741131007671356
