times:
  edit-metadata: 0.4967678159009665
  landing: 0.04655391303822398
  view-data: 0.22585540101863444
