times:
  edit-metadata: 1.5401053186506033
  landing: 0.7681097462773323
  view-data: 3.517728690057993
