times:
  edit-metadata: 0.5138524079229683
  landing: 0.050869648810476065
  view-data: 0.21625261916778982
