times:
  edit-metadata: 0.5335501339286566
  landing: 0.055641892133280635
  view-data: 0.2152380128391087
