times:
  edit-metadata: 1.338699173182249
  landing: 0.7367377132177353
  view-data: 3.2852168269455433
