times:
  edit-metadata: 1.5652064867317677
  landing: 0.7309727892279625
  view-data: 3.3451074324548244
