times:
  edit-metadata: 0.5142278889543377
  landing: 0.05110594700090587
  view-data: 0.214110973989591
