times:
  edit-metadata: 1.4864223301410675
  landing: 0.9266867861151695
  view-data: 3.3338899947702885
