times:
  edit-metadata: 1.526186941191554
  landing: 0.7508185561746359
  view-data: 3.375345116481185
