times:
  edit-metadata: 1.7986079179681838
  landing: 1.0150319589301944
  view-data: 3.3941238741390407
