times:
  edit-metadata: 0.4804830998182297
  landing: 0.04682359425351024
  view-data: 0.21550720930099487
