times:
  edit-metadata: 1.5317682698369026
  landing: 0.9064278695732355
  view-data: 3.3773181419819593
