times:
  edit-metadata: 1.5539444983005524
  landing: 0.9723203890025616
  view-data: 3.26475615426898
