times:
  edit-metadata: 1.8178469622507691
  landing: 0.9531412441283464
  view-data: 3.3836476393043995
