times:
  edit-metadata: 1.5702963550575078
  landing: 0.78751290589571
  view-data: 3.3504894697107375
