times:
  edit-metadata: 2.5686918385326862
  landing: 1.5047434214502573
  view-data: 3.530659729614854
