times:
  edit-metadata: 1.396180722862482
  landing: 0.7368654236197472
  view-data: 3.2762172129005194
