times:
  edit-metadata: 2.2341867815703154
  landing: 1.1031279433518648
  view-data: 3.343723861500621
