times:
  edit-metadata: 1.512729201465845
  landing: 0.8404333647340536
  view-data: 3.4475820418447256
