times:
  edit-metadata: 1.5049065463244915
  landing: 0.7626600880175829
  view-data: 3.407828336581588
