times:
  edit-metadata: 1.5630905479192734
  landing: 0.835432130843401
  view-data: 3.3551042042672634
