times:
  edit-metadata: 1.5931387254968286
  landing: 0.8649220047518611
  view-data: 3.3306424533948302
