times:
  edit-metadata: 1.4176785871386528
  landing: 0.7665829639881849
  view-data: 3.319528792053461
