times:
  edit-metadata: 1.5123452236875892
  landing: 0.8233587290160358
  view-data: 3.50277118710801
