times:
  edit-metadata: 0.5223066480248235
  landing: 0.05756581504829228
  view-data: 0.21761015901574865
