times:
  edit-metadata: 1.5453505516052246
  landing: 0.7346834782510996
  view-data: 3.4230265505611897
