times:
  edit-metadata: 1.4944598004221916
  landing: 0.7745432965457439
  view-data: 3.396025102585554
