times:
  edit-metadata: 1.6376887559890747
  landing: 0.7196121010929346
  view-data: 3.381160782650113
