times:
  edit-metadata: 1.5814843252301216
  landing: 1.005222462117672
  view-data: 3.418293919414282
