times:
  edit-metadata: 0.5356886670924723
  landing: 0.05765600106678903
  view-data: 0.22885974403470755
