times:
  edit-metadata: 1.3912029787898064
  landing: 0.9111204594373703
  view-data: 3.3630698062479496
