times:
  edit-metadata: 1.4723123610019684
  landing: 0.7784381955862045
  view-data: 3.3613446801900864
