times:
  edit-metadata: 1.4931490067392588
  landing: 0.8387366682291031
  view-data: 3.3581067118793726
