times:
  edit-metadata: 1.5197505429387093
  landing: 0.8855389878153801
  view-data: 3.410675212740898
