times:
  edit-metadata: 0.5173234131652862
  landing: 0.048194310162216425
  view-data: 0.225277132820338
