times:
  edit-metadata: 1.6670083687640727
  landing: 0.8592285979539156
  view-data: 3.3572769961319864
