times:
  edit-metadata: 0.51528395479545
  landing: 0.05817874986678362
  view-data: 0.2180823958478868
