times:
  edit-metadata: 0.5811603940092027
  landing: 0.07740055094473064
  view-data: 0.26521978504024446
