times:
  edit-metadata: 1.3868963196873665
  landing: 0.8723753727972507
  view-data: 3.289109233766794
