times:
  edit-metadata: 1.516846440732479
  landing: 0.7553344294428825
  view-data: 3.2836009077727795
