times:
  edit-metadata: 1.3087521297857165
  landing: 0.7695603698957711
  view-data: 3.3593221160117537
