times:
  edit-metadata: 1.4960164185613394
  landing: 0.8159537333995104
  view-data: 3.357102908194065
