times:
  edit-metadata: 1.4300206005573273
  landing: 0.7876173406839371
  view-data: 3.3773966804146767
