times:
  edit-metadata: 0.5227028969675303
  landing: 0.0625022859312594
  view-data: 0.21733260597102344
