times:
  edit-metadata: 1.5043859593570232
  landing: 0.9650710485875607
  view-data: 3.4683233089745045
