times:
  edit-metadata: 1.5674723964184523
  landing: 0.9273731540888548
  view-data: 3.4573256615549326
