times:
  edit-metadata: 0.5283554350025952
  landing: 0.06254427111707628
  view-data: 0.22549522994086146
