times:
  edit-metadata: 0.5157256713137031
  landing: 0.04961282527074218
  view-data: 0.21821485692635179
