times:
  edit-metadata: 1.1764950320357457
  landing: 0.21071642701281235
  view-data: 0.2762007379787974
