times:
  edit-metadata: 1.438585750758648
  landing: 0.7917557321488857
  view-data: 3.3530815467238426
