times:
  edit-metadata: 0.4715585419908166
  landing: 0.061828563921153545
  view-data: 0.21819866693113
