times:
  edit-metadata: 1.4834384731948376
  landing: 0.7491151597350836
  view-data: 3.4032459035515785
