times:
  edit-metadata: 1.9662741348147392
  landing: 1.3026736751198769
  view-data: 3.3759913854300976
