times:
  edit-metadata: 2.0786840580403805
  landing: 1.1909480839967728
  view-data: 3.3368540927767754
