times:
  edit-metadata: 1.512020017951727
  landing: 0.8302558790892363
  view-data: 3.427442964166403
