times:
  edit-metadata: 1.5513290781527758
  landing: 0.7405758090317249
  view-data: 3.375411756336689
