times:
  edit-metadata: 0.5071108229458332
  landing: 0.044491694774478674
  view-data: 0.21940861316397786
