times:
  edit-metadata: 2.167062140069902
  landing: 0.9911944400519133
  view-data: 3.65953987557441
