times:
  edit-metadata: 1.5184802785515785
  landing: 0.9639986492693424
  view-data: 3.379237588495016
