times:
  edit-metadata: 1.3822802240028977
  landing: 0.7777322973124683
  view-data: 3.381307290866971
