times:
  edit-metadata: 1.537366847973317
  landing: 0.8725193860009313
  view-data: 3.3361140019260347
