times:
  edit-metadata: 1.48914036154747
  landing: 1.4249587580561638
  view-data: 3.37712761759758
