times:
  edit-metadata: 1.4894354920834303
  landing: 0.7403260190039873
  view-data: 3.4086759574711323
