times:
  edit-metadata: 1.4233705238439143
  landing: 0.8747356350068003
  view-data: 3.42826999980025
