times:
  edit-metadata: 1.5785226076841354
  landing: 1.027636807411909
  view-data: 3.593956336379051
