times:
  edit-metadata: 0.5134877149248496
  landing: 0.061633683973923326
  view-data: 0.22756849601864815
