times:
  edit-metadata: 1.674857591977343
  landing: 0.8207836499204859
  view-data: 3.301644858904183
