times:
  edit-metadata: 1.4430941119790077
  landing: 0.8866014741361141
  view-data: 3.3523912876844406
