times:
  edit-metadata: 2.4006392434239388
  landing: 0.9412275366485119
  view-data: 3.4318561889231205
