times:
  edit-metadata: 1.5018334109336138
  landing: 1.132142591290176
  view-data: 3.390932170674205
