times:
  edit-metadata: 0.49580670497380197
  landing: 0.03852476389147341
  view-data: 0.2159727280959487
