times:
  edit-metadata: 1.4457027427852154
  landing: 0.8946443684399128
  view-data: 3.290944792330265
