times:
  edit-metadata: 1.4986615770030767
  landing: 0.7858136559370905
  view-data: 3.2467126068659127
