times:
  edit-metadata: 1.7408372834324837
  landing: 0.8704225048422813
  view-data: 3.3171250857412815
