times:
  edit-metadata: 0.5614074160112068
  landing: 0.050151013070717454
  view-data: 0.21900947205722332
