times:
  edit-metadata: 1.5637079000007361
  landing: 0.8475434470456094
  view-data: 3.4584926161915064
