times:
  edit-metadata: 1.3905005247797817
  landing: 0.7019627548288554
  view-data: 3.4009526357986033
