times:
  edit-metadata: 1.395305136218667
  landing: 3.8612806694582105
  view-data: 3.3225245494395494
