times:
  edit-metadata: 0.49756890698336065
  landing: 0.05309809499885887
  view-data: 0.6101633469806984
