times:
  edit-metadata: 1.4803792499005795
  landing: 0.7223996594548225
  view-data: 3.3692078292369843
