times:
  edit-metadata: 1.3468814549269155
  landing: 0.6958635250339285
  view-data: 3.3650615740334615
