times:
  edit-metadata: 1.7265883032232523
  landing: 0.8881421647965908
  view-data: 3.412382386624813
