times:
  edit-metadata: 1.8893988588824868
  landing: 1.0367538761347532
  view-data: 3.397804790176451
