times:
  edit-metadata: 0.49873894499614835
  landing: 0.04782114294357598
  view-data: 0.22069566906429827
