times:
  edit-metadata: 1.5498534217476845
  landing: 0.9275218360126019
  view-data: 3.526299986988306
