times:
  edit-metadata: 0.4919386899564415
  landing: 0.04731179610826075
  view-data: 0.21397073194384575
