times:
  edit-metadata: 1.3705056942999363
  landing: 0.7499376563355327
  view-data: 3.3151763193309307
