times:
  edit-metadata: 1.4779018852859735
  landing: 0.8132060598582029
  view-data: 3.4167919401079416
