times:
  edit-metadata: 0.4889504350721836
  landing: 0.05793549190275371
  view-data: 0.2209575278684497
