times:
  edit-metadata: 1.6742066834121943
  landing: 0.9434944279491901
  view-data: 3.409185254946351
