times:
  edit-metadata: 1.4601597152650356
  landing: 0.8181598819792271
  view-data: 3.339747354388237
