times:
  edit-metadata: 1.5317099057137966
  landing: 0.7659561671316624
  view-data: 3.381021298468113
