times:
  edit-metadata: 1.384737528860569
  landing: 0.7948090061545372
  view-data: 3.313256371766329
