times:
  edit-metadata: 1.5645802579820156
  landing: 0.7907293904572725
  view-data: 3.4300456009805202
