times:
  edit-metadata: 1.5065858149901032
  landing: 0.8540186402387917
  view-data: 3.3623190191574395
