times:
  edit-metadata: 0.5373311997391284
  landing: 0.06520660826936364
  view-data: 0.21978568332269788
