times:
  edit-metadata: 1.5121105797588825
  landing: 0.8087590225040913
  view-data: 3.3998292833566666
