times:
  edit-metadata: 0.5189110338687897
  landing: 0.04750919691286981
  view-data: 0.212343268096447
