times:
  edit-metadata: 0.48960018006619066
  landing: 0.052585400990210474
  view-data: 0.20869504904840142
