times:
  edit-metadata: 1.5062897261232138
  landing: 0.8675507791340351
  view-data: 3.4771283492445946
