times:
  edit-metadata: 1.5131686925888062
  landing: 0.6929895021021366
  view-data: 3.2869874387979507
