times:
  edit-metadata: 0.47734587907325476
  landing: 0.048910881974734366
  view-data: 0.2424869139213115
