times:
  edit-metadata: 1.9549531117081642
  landing: 1.17964481189847
  view-data: 3.4429277554154396
