times:
  edit-metadata: 1.5839132703840733
  landing: 0.9894385226070881
  view-data: 3.427178367972374
