times:
  edit-metadata: 0.4737078291364014
  landing: 0.07834406569600105
  view-data: 0.2195271379314363
