times:
  edit-metadata: 1.35629079118371
  landing: 0.7061420306563377
  view-data: 3.358867183327675
