times:
  edit-metadata: 1.5612045843154192
  landing: 0.8491678573191166
  view-data: 3.5851476211100817
