times:
  edit-metadata: 1.5444488134235144
  landing: 0.7640225533396006
  view-data: 0.5942229479551315
