times:
  edit-metadata: 4.253916706889868
  landing: 2.1430042386054993
  view-data: 3.4745968654751778
