times:
  edit-metadata: 0.4815432099858299
  landing: 0.055504016927443445
  view-data: 0.21644833299797028
