times:
  edit-metadata: 1.3479762449860573
  landing: 0.6320687681436539
  view-data: 3.324156703427434
