times:
  edit-metadata: 1.6255393866449594
  landing: 0.8590587247163057
  view-data: 3.3981340918689966
