times:
  edit-metadata: 1.3831365071237087
  landing: 0.8113597184419632
  view-data: 3.3091369569301605
