times:
  edit-metadata: 0.5301075409515761
  landing: 0.05951687303604558
  view-data: 0.2184592679841444
