times:
  edit-metadata: 1.4240238964557648
  landing: 0.9198832511901855
  view-data: 3.3670356906950474
