times:
  edit-metadata: 1.7497982922941446
  landing: 0.9106797743588686
  view-data: 3.47591420263052
