times:
  edit-metadata: 1.4335275301709771
  landing: 0.8086051065474749
  view-data: 3.416912155225873
