times:
  edit-metadata: 1.35683236643672
  landing: 0.7940733171999454
  view-data: 3.307751774787903
