times:
  edit-metadata: 0.5073491730727255
  landing: 0.0575079289264977
  view-data: 0.2186779899057001
