times:
  edit-metadata: 1.4737847857177258
  landing: 0.7345742881298065
  view-data: 3.3885583747178316
