times:
  edit-metadata: 1.5556192938238382
  landing: 0.817028908059001
  view-data: 3.4557647723704576
