times:
  edit-metadata: 1.4004360809922218
  landing: 0.8740531206130981
  view-data: 3.382179569453001
