times:
  edit-metadata: 1.4817273328080773
  landing: 0.784231168217957
  view-data: 3.4109436804428697
