times:
  edit-metadata: 0.5207356059690937
  landing: 0.05898160801734775
  view-data: 0.21848686190787703
