times:
  edit-metadata: 1.5797236282378435
  landing: 0.8152688276022673
  view-data: 3.438093962147832
