times:
  edit-metadata: 1.4579426096752286
  landing: 0.8457438750192523
  view-data: 3.334461497142911
