times:
  edit-metadata: 1.9712002566084266
  landing: 1.209393423050642
  view-data: 3.617728779092431
