times:
  edit-metadata: 1.5039260610938072
  landing: 0.9542908221483231
  view-data: 3.452838532626629
