times:
  edit-metadata: 1.3845365475863218
  landing: 0.7773645268753171
  view-data: 3.399063551798463
