times:
  edit-metadata: 1.5681346990168095
  landing: 0.9617852903902531
  view-data: 3.449141189455986
