times:
  edit-metadata: 0.5668872869573534
  landing: 0.059054844081401825
  view-data: 0.21610827301628888
