times:
  edit-metadata: 1.5675872322171926
  landing: 0.7696672156453133
  view-data: 3.48309332318604
