times:
  edit-metadata: 1.8227910539135337
  landing: 1.0289609245955944
  view-data: 3.3421540334820747
