times:
  edit-metadata: 2.165568433701992
  landing: 1.2375550623983145
  view-data: 3.9353176821023226
