times:
  edit-metadata: 1.4497883804142475
  landing: 0.858142800629139
  view-data: 3.4218430295586586
