times:
  edit-metadata: 1.6399438474327326
  landing: 0.7340571377426386
  view-data: 3.3803806267678738
