times:
  edit-metadata: 1.6480430476367474
  landing: 1.0725257098674774
  view-data: 3.352711696177721
