times:
  edit-metadata: 1.5395114608108997
  landing: 0.7455970421433449
  view-data: 3.3869230709969997
