times:
  edit-metadata: 0.49363309401087463
  landing: 0.05445473198778927
  view-data: 0.22611393209081143
