times:
  edit-metadata: 1.5003770217299461
  landing: 0.7333237929269671
  view-data: 3.3527003219351172
