times:
  edit-metadata: 1.4745918400585651
  landing: 0.7706107841804624
  view-data: 3.3245157077908516
