times:
  edit-metadata: 1.6158957295119762
  landing: 0.8933689966797829
  view-data: 3.4643722027540207
