times:
  edit-metadata: 0.5061579619068652
  landing: 0.04598530218936503
  view-data: 0.3548598207999021
