times:
  edit-metadata: 0.49651271710172296
  landing: 0.04425606690347195
  view-data: 0.210081045050174
