times:
  edit-metadata: 1.9583241590298712
  landing: 1.2477218988351524
  view-data: 3.5288092750124633
