times:
  edit-metadata: 1.4739520475268364
  landing: 0.8624051921069622
  view-data: 3.4100918024778366
