times:
  edit-metadata: 1.6425995882600546
  landing: 0.8946145921945572
  view-data: 3.344762943685055
