times:
  edit-metadata: 2.508089702576399
  landing: 1.183761339634657
  view-data: 3.572560790926218
