times:
  edit-metadata: 1.3871063012629747
  landing: 0.7300315909087658
  view-data: 3.343014966696501
