times:
  edit-metadata: 1.518832940608263
  landing: 0.9272435568273067
  view-data: 3.4020314142107964
