times:
  edit-metadata: 0.5292946929112077
  landing: 0.05608786502853036
  view-data: 0.21971477381885052
