times:
  edit-metadata: 0.5195734850130975
  landing: 0.04542332608252764
  view-data: 0.20966305304318666
