times:
  edit-metadata: 1.9221177659928799
  landing: 1.1566233988851309
  view-data: 3.5460206167772412
