times:
  edit-metadata: 1.4907063022255898
  landing: 0.7719823569059372
  view-data: 3.3825350627303123
