times:
  edit-metadata: 1.513552593998611
  landing: 0.9611794725060463
  view-data: 3.5030015809461474
