times:
  edit-metadata: 1.8960621915757656
  landing: 0.9845363181084394
  view-data: 3.2989565758034587
