times:
  edit-metadata: 0.521516225009691
  landing: 0.05635261896532029
  view-data: 0.21803920302772895
