times:
  edit-metadata: 1.6935926787555218
  landing: 1.20781085267663
  view-data: 3.3723799251019955
