times:
  edit-metadata: 1.4059627577662468
  landing: 0.6955357138067484
  view-data: 3.308256885036826
