times:
  edit-metadata: 1.509636640548706
  landing: 0.7839116118848324
  view-data: 3.4326696172356606
