times:
  edit-metadata: 1.5874774046242237
  landing: 0.7430181428790092
  view-data: 3.339048959314823
