times:
  edit-metadata: 1.5069580674171448
  landing: 0.7539540436118841
  view-data: 3.430562000721693
