times:
  edit-metadata: 1.329691108316183
  landing: 0.8815614059567451
  view-data: 3.4106425046920776
