times:
  edit-metadata: 1.4236399326473475
  landing: 0.8406911883503199
  view-data: 4.344360038638115
