times:
  edit-metadata: 1.571450725197792
  landing: 0.8891321197152138
  view-data: 3.3656749203801155
