times:
  edit-metadata: 1.5593621246516705
  landing: 0.8087772838771343
  view-data: 3.3702581338584423
