times:
  edit-metadata: 1.4444689489901066
  landing: 0.7934842191170901
  view-data: 3.3966896350029856
