times:
  edit-metadata: 0.5163754739915021
  landing: 0.046822442032862455
  view-data: 0.21938220201991498
