times:
  edit-metadata: 1.4701669085770845
  landing: 0.8245730912312865
  view-data: 3.3550378810614347
