times:
  edit-metadata: 1.6001253128051758
  landing: 1.0594647116959095
  view-data: 3.453462563455105
