times:
  edit-metadata: 2.1276802755892277
  landing: 1.5150613263249397
  view-data: 3.4216270446777344
