times:
  edit-metadata: 1.5702237337827682
  landing: 0.9327060729265213
  view-data: 3.3518560230731964
