times:
  edit-metadata: 1.8292276822030544
  landing: 1.1165067609399557
  view-data: 3.3806626638397574
