times:
  edit-metadata: 2.0637838393449783
  landing: 0.9732716307044029
  view-data: 3.4431378319859505
