times:
  edit-metadata: 1.5359021909534931
  landing: 1.0356715396046638
  view-data: 3.46000749245286
