times:
  edit-metadata: 1.5350353345274925
  landing: 0.8978192657232285
  view-data: 3.4357763938605785
