times:
  edit-metadata: 1.5184018295258284
  landing: 0.7600025627762079
  view-data: 3.4357590544968843
