times:
  edit-metadata: 0.5025347510818392
  landing: 0.04866073094308376
  view-data: 0.2098761210218072
