times:
  edit-metadata: 1.5325629469007254
  landing: 0.7045531645417213
  view-data: 3.380862571299076
