times:
  edit-metadata: 1.3607615698128939
  landing: 0.7995112733915448
  view-data: 3.369009993970394
