times:
  edit-metadata: 1.5066110296174884
  landing: 0.8909714659675956
  view-data: 3.538964622654021
