times:
  edit-metadata: 1.8010183442384005
  landing: 0.9888028763234615
  view-data: 3.3956244066357613
