times:
  edit-metadata: 0.5096426068339497
  landing: 0.04781096801161766
  view-data: 0.21049694088287652
