times:
  edit-metadata: 0.4867004209954757
  landing: 0.04335564200300723
  view-data: 0.3587609290261753
