times:
  edit-metadata: 0.589522058959119
  landing: 0.0600694470340386
  view-data: 0.2256761349271983
