times:
  edit-metadata: 2.039493177086115
  landing: 1.2214301154017448
  view-data: 3.418979648500681
