times:
  edit-metadata: 1.5321874804794788
  landing: 0.914961863309145
  view-data: 3.433934185653925
