times:
  edit-metadata: 1.571701540146023
  landing: 0.8803381896577775
  view-data: 3.3863520361483097
