times:
  edit-metadata: 1.4620301211252809
  landing: 0.7506431431975216
  view-data: 3.369171387050301
