times:
  edit-metadata: 1.432514525949955
  landing: 0.6940903216600418
  view-data: 3.2929349653422832
