times:
  edit-metadata: 0.4816183849980007
  landing: 0.050109486997826025
  view-data: 0.21086121799453394
