times:
  edit-metadata: 1.5441619735211134
  landing: 0.7350420504808426
  view-data: 3.371471444144845
