times:
  edit-metadata: 1.7215062640607357
  landing: 0.7843394130468369
  view-data: 3.381382677704096
