times:
  edit-metadata: 1.5403392489533871
  landing: 0.8494469260331243
  view-data: 3.2664958380628377
