times:
  edit-metadata: 1.612429590895772
  landing: 0.786536168307066
  view-data: 3.424103081226349
