times:
  edit-metadata: 1.5134332198649645
  landing: 0.7251878622919321
  view-data: 3.3979154769331217
