times:
  edit-metadata: 1.633654061704874
  landing: 1.1040122658014297
  view-data: 3.349435269832611
