times:
  edit-metadata: 1.4516562852077186
  landing: 0.7675108178518713
  view-data: 3.3567498116753995
