times:
  edit-metadata: 1.4207518249750137
  landing: 0.7840322908014059
  view-data: 3.4163227900862694
