times:
  edit-metadata: 1.7337898723781109
  landing: 0.9974409453570843
  view-data: 3.4304296635091305
