times:
  edit-metadata: 1.437256915960461
  landing: 0.7758903349749744
  view-data: 3.3490658244118094
