times:
  edit-metadata: 0.5594716010382399
  landing: 0.07212057698052377
  view-data: 0.21771670295856893
