times:
  edit-metadata: 0.49722002597991377
  landing: 0.04083161405287683
  view-data: 0.2070590800140053
