times:
  edit-metadata: 0.5222977660596371
  landing: 0.05204883590340614
  view-data: 0.2166484948247671
