times:
  edit-metadata: 1.898984108120203
  landing: 1.0891666226089
  view-data: 3.367999143898487
