times:
  edit-metadata: 1.552616111934185
  landing: 0.8520075902342796
  view-data: 3.339427124708891
