times:
  edit-metadata: 1.5661091692745686
  landing: 0.8451685961335897
  view-data: 3.442230485379696
