times:
  edit-metadata: 0.5206877740565687
  landing: 0.05792957101948559
  view-data: 0.21911183511838317
