times:
  edit-metadata: 1.5190209224820137
  landing: 0.8164152223616838
  view-data: 3.4414944108575583
