times:
  edit-metadata: 1.5194219974800944
  landing: 0.7516453703865409
  view-data: 3.422165658324957
