times:
  edit-metadata: 1.5129081550985575
  landing: 0.8131480719894171
  view-data: 3.390795763581991
