times:
  edit-metadata: 1.4371936097741127
  landing: 0.8405716232955456
  view-data: 3.380250610411167
