times:
  edit-metadata: 1.4627243652939796
  landing: 0.8964037001132965
  view-data: 3.35190861672163
