times:
  edit-metadata: 1.5205239988863468
  landing: 2.4033874310553074
  view-data: 3.341204948723316
