times:
  edit-metadata: 1.5235444717109203
  landing: 0.7420093361288309
  view-data: 3.39983219653368
