times:
  edit-metadata: 0.9374647510703653
  landing: 0.051607863046228886
  view-data: 0.24782174895517528
