times:
  edit-metadata: 1.9422513097524643
  landing: 0.159131720662117
  view-data: 0.1363649182021618
