times:
  edit-metadata: 1.483517429092899
  landing: 0.866345644928515
  view-data: 3.314831023104489
