times:
  edit-metadata: 1.3452935442328453
  landing: 0.8538859076797962
  view-data: 3.3181307911872864
