times:
  edit-metadata: 0.8642346551641822
  landing: 0.053601894062012434
  view-data: 0.2487451210618019
