times:
  edit-metadata: 0.9210874293930829
  landing: 0.13715424528345466
  view-data: 0.32376463105902076
