times:
  edit-metadata: 0.9127964160870761
  landing: 0.07602378295268863
  view-data: 0.24330519896466285
