times:
  edit-metadata: 2.8161324225366116
  landing: 1.4834315031766891
  view-data: 3.746944382786751
