times:
  edit-metadata: 1.4918821603059769
  landing: 0.8839826993644238
  view-data: 3.342790823429823
