times:
  edit-metadata: 1.9013457205146551
  landing: 0.04705306515097618
  view-data: 0.02836722321808338
