times:
  edit-metadata: 1.5969952046871185
  landing: 0.9152800440788269
  view-data: 3.300689782947302
