times:
  edit-metadata: 2.207940122112632
  landing: 0.17058554850518703
  view-data: 0.1432396937161684
