times:
  edit-metadata: 0.8051014919765294
  landing: 0.07443473604507744
  view-data: 0.22214041301049292
