times:
  edit-metadata: 2.113081332296133
  landing: 0.14870293624699116
  view-data: 0.05581126920878887
