times:
  edit-metadata: 1.8301367871463299
  landing: 0.019211040809750557
  view-data: 0.30286944285035133
