times:
  edit-metadata: 1.4922157572582364
  landing: 0.8870442006736994
  view-data: 3.411787168122828
