times:
  edit-metadata: 1.4055801518261433
  landing: 0.9615748897194862
  view-data: 3.321998756378889
