times:
  edit-metadata: 1.7405600510537624
  landing: 1.0432710647583008
  view-data: 3.321083977818489
