times:
  edit-metadata: 1.4034147523343563
  landing: 0.9094511158764362
  view-data: 3.349429290741682
