times:
  edit-metadata: 1.899004364386201
  landing: 0.021275749430060387
  view-data: 0.14498479198664427
