times:
  edit-metadata: 1.7720591118559241
  landing: 0.019673358649015427
  view-data: 0.025175643153488636
