times:
  edit-metadata: 1.3754599392414093
  landing: 0.8061445243656635
  view-data: 3.3252937495708466
