times:
  edit-metadata: 1.3669768339022994
  landing: 0.019970370456576347
  view-data: 0.024933796375989914
