times:
  edit-metadata: 1.7409416772425175
  landing: 0.01923415157943964
  view-data: 0.12598714139312506
