times:
  edit-metadata: 1.8969936054199934
  landing: 0.20397010073065758
  view-data: 0.10858739726245403
