times:
  edit-metadata: 0.8580572528298944
  landing: 0.058660891838371754
  view-data: 0.38266991009004414
