times:
  edit-metadata: 0.9114735689945519
  landing: 0.05238150991499424
  view-data: 0.23901870590634644
