times:
  edit-metadata: 1.8138591647148132
  landing: 0.02323403488844633
  view-data: 0.027517187409102917
