times:
  edit-metadata: 1.608009833842516
  landing: 1.1010232381522655
  view-data: 3.3665365278720856
