times:
  edit-metadata: 1.2980958549305797
  landing: 0.022910435684025288
  view-data: 0.024266352877020836
