times:
  edit-metadata: 1.62010614015162
  landing: 1.1359983906149864
  view-data: 3.37048845179379
