times:
  edit-metadata: 2.1138251908123493
  landing: 0.02322983369231224
  view-data: 0.03353629633784294
