times:
  edit-metadata: 1.8065858017653227
  landing: 0.16192250233143568
  view-data: 0.1020329063758254
