times:
  edit-metadata: 1.559425588697195
  landing: 1.0755048990249634
  view-data: 3.3461334109306335
