times:
  edit-metadata: 1.699367725290358
  landing: 0.02049397211521864
  view-data: 0.024516073055565357
