times:
  edit-metadata: 2.397718735039234
  landing: 0.37114868499338627
  view-data: 0.42866514809429646
