times:
  edit-metadata: 1.5275065805763006
  landing: 0.8126343637704849
  view-data: 3.443731179460883
