times:
  edit-metadata: 0.9026918718591332
  landing: 0.20245824102312326
  view-data: 0.3456084639765322
