times:
  edit-metadata: 0.4530513435602188
  landing: 0.05129384621977806
  view-data: 0.19938655942678452
