times:
  edit-metadata: 1.8061499195173383
  landing: 0.021709338761866093
  view-data: 0.02644896786659956
