times:
  edit-metadata: 0.8071797981392592
  landing: 0.07458888995461166
  view-data: 0.22897850698791444
