times:
  edit-metadata: 0.9039260097779334
  landing: 0.07266173884272575
  view-data: 0.24270689394325018
