times:
  edit-metadata: 1.2637472001370043
  landing: 0.15466525498777628
  view-data: 0.27607139595784247
