times:
  edit-metadata: 1.7900178357958794
  landing: 0.021505405195057392
  view-data: 0.12066294718533754
