times:
  edit-metadata: 1.5816449280828238
  landing: 0.8197329510003328
  view-data: 3.369112743064761
