times:
  edit-metadata: 1.4231167174875736
  landing: 0.021188450045883656
  view-data: 0.12482981104403734
