times:
  edit-metadata: 0.8598592290654778
  landing: 0.04969596699811518
  view-data: 0.23713983409106731
