times:
  edit-metadata: 1.886280944570899
  landing: 0.019304359331727028
  view-data: 0.34211411513388157
