times:
  edit-metadata: 2.333800818771124
  landing: 0.15103077702224255
  view-data: 0.14643913321197033
