times:
  edit-metadata: 1.418364830315113
  landing: 0.19985843915492296
  view-data: 0.02630758471786976
