times:
  edit-metadata: 0.9067831229185686
  landing: 0.07599401893094182
  view-data: 0.23675163299776614
