times:
  edit-metadata: 2.1151853734627366
  landing: 0.13675993774086237
  view-data: 0.02519291639328003
