times:
  edit-metadata: 2.0317098423838615
  landing: 0.018952040001749992
  view-data: 0.026146335527300835
