times:
  edit-metadata: 1.4033561795949936
  landing: 0.7615960314869881
  view-data: 3.3963356502354145
