times:
  edit-metadata: 1.3815923193469644
  landing: 4.939852602779865
  view-data: 3.2754317498765886
