times:
  edit-metadata: 0.8649731250479817
  landing: 0.04987240908667445
  view-data: 0.24512871680781245
