times:
  edit-metadata: 1.7262010127305984
  landing: 1.0194616355001926
  view-data: 3.384128335863352
