times:
  edit-metadata: 1.520363299176097
  landing: 0.881978826597333
  view-data: 3.434925775974989
