times:
  edit-metadata: 1.3431407390162349
  landing: 0.824878076906316
  view-data: 3.421203203033656
