times:
  edit-metadata: 0.894956526113674
  landing: 0.050990971038118005
  view-data: 0.23721858696080744
