times:
  edit-metadata: 2.039125367999077
  landing: 1.0856951288878918
  view-data: 3.431340652052313
