times:
  edit-metadata: 1.4236432779580355
  landing: 0.019096991047263145
  view-data: 0.40735708083957434
