times:
  edit-metadata: 0.45547583512961864
  landing: 0.04642818961292505
  view-data: 0.20151184126734734
