times:
  edit-metadata: 1.529655572026968
  landing: 0.8467725403606892
  view-data: 3.531254153698683
