times:
  edit-metadata: 1.6526634097099304
  landing: 0.9981898106634617
  view-data: 3.37947041913867
