times:
  edit-metadata: 1.5526552982628345
  landing: 0.8808878939598799
  view-data: 3.317749697715044
