times:
  edit-metadata: 1.7463614512234926
  landing: 0.022447888739407063
  view-data: 0.11967735830694437
