times:
  edit-metadata: 1.4778329250402749
  landing: 0.9376231208443642
  view-data: 3.3866726788692176
