times:
  edit-metadata: 2.2514231093227863
  landing: 0.21312620118260384
  view-data: 0.031327616423368454
