times:
  edit-metadata: 0.9267048920155503
  landing: 0.08869868499459699
  view-data: 0.26109618501504883
