times:
  edit-metadata: 1.8020255714654922
  landing: 0.019441046752035618
  view-data: 0.24831818230450153
