times:
  edit-metadata: 1.1451078890822828
  landing: 0.16456969501450658
  view-data: 0.2301356759853661
