times:
  edit-metadata: 1.7151893330737948
  landing: 0.02139387931674719
  view-data: 0.02331206202507019
