times:
  edit-metadata: 1.7842949712648988
  landing: 0.1153725404292345
  view-data: 0.38955171778798103
