times:
  edit-metadata: 1.3414533720351756
  landing: 0.8501004129648209
  view-data: 3.380528757115826
