times:
  edit-metadata: 1.5245970245450735
  landing: 0.8012838400900364
  view-data: 3.4029398150742054
