times:
  edit-metadata: 0.8162702480331063
  landing: 0.0701723350211978
  view-data: 0.24108157702721655
