times:
  edit-metadata: 1.7556496784090996
  landing: 0.021098223514854908
  view-data: 0.027915083803236485
