times:
  edit-metadata: 1.8055006517097354
  landing: 0.019027740694582462
  view-data: 0.02357921563088894
