times:
  edit-metadata: 1.8334864461794496
  landing: 0.018564981408417225
  view-data: 0.2881084829568863
