times:
  edit-metadata: 1.4553962438367307
  landing: 0.8532577198930085
  view-data: 3.3530574087053537
