times:
  edit-metadata: 1.7601134274154902
  landing: 0.16506298817694187
  view-data: 0.3563711941242218
