times:
  edit-metadata: 0.4525588992983103
  landing: 0.05604756996035576
  view-data: 0.20826598349958658
