times:
  edit-metadata: 0.9442701420048252
  landing: 0.061261009017471224
  view-data: 0.24285510601475835
