times:
  edit-metadata: 1.4860724247992039
  landing: 0.780234795063734
  view-data: 3.350609991699457
