times:
  edit-metadata: 1.892275109887123
  landing: 0.14008008688688278
  view-data: 0.3078754525631666
