times:
  edit-metadata: 1.6148826591670513
  landing: 1.0156010389328003
  view-data: 3.325704339891672
