times:
  edit-metadata: 1.3660947997123003
  landing: 0.8458774257451296
  view-data: 3.340227883309126
