times:
  edit-metadata: 1.2976844226941466
  landing: 0.022730144672095776
  view-data: 0.0284316036850214
