times:
  edit-metadata: 0.46775966975837946
  landing: 0.03759953286498785
  view-data: 0.21027806866914034
