times:
  edit-metadata: 1.730849171988666
  landing: 0.022131850011646748
  view-data: 0.02295306045562029
