times:
  edit-metadata: 2.9295118115842342
  landing: 1.1647404879331589
  view-data: 3.5263903848826885
