times:
  edit-metadata: 0.8561737109557725
  landing: 0.046593689010478556
  view-data: 0.23213427898008376
