times:
  edit-metadata: 1.3946712287142873
  landing: 0.8015600740909576
  view-data: 3.3454316398128867
