times:
  edit-metadata: 2.029059059917927
  landing: 0.29403010569512844
  view-data: 0.15611859783530235
