times:
  edit-metadata: 1.4745946270413697
  landing: 0.8041953360661864
  view-data: 3.3714389093220234
