times:
  edit-metadata: 1.7764065386727452
  landing: 0.021829918958246708
  view-data: 0.4164277035742998
