times:
  edit-metadata: 1.8172406749799848
  landing: 0.020684092305600643
  view-data: 0.12457188218832016
