times:
  edit-metadata: 2.2724613808095455
  landing: 1.3300778232514858
  view-data: 3.500589106231928
