times:
  edit-metadata: 1.9037968628108501
  landing: 0.20733769237995148
  view-data: 0.35270877182483673
