times:
  edit-metadata: 1.9067568397149444
  landing: 0.02001293282955885
  view-data: 0.02620793040841818
