times:
  edit-metadata: 2.0652836430817842
  landing: 0.0376887284219265
  view-data: 0.14799264818429947
