times:
  edit-metadata: 1.497781965881586
  landing: 0.7576394900679588
  view-data: 3.3172182366251945
