times:
  edit-metadata: 1.9044983442872763
  landing: 0.01885083131492138
  view-data: 0.33601890690624714
