times:
  edit-metadata: 0.8940517869777977
  landing: 0.07488293293863535
  view-data: 0.23167909821495414
