times:
  edit-metadata: 1.6038308292627335
  landing: 0.8053761851042509
  view-data: 3.3719765935093164
