times:
  edit-metadata: 1.5361917726695538
  landing: 0.9600336570292711
  view-data: 3.4377276469022036
