times:
  edit-metadata: 1.2696540849283338
  landing: 0.7569249400403351
  view-data: 4.84910725010559
