times:
  edit-metadata: 2.59031018987298
  landing: 1.3734186217188835
  view-data: 3.415716476738453
