times:
  edit-metadata: 0.8899761829525232
  landing: 0.06770808494184166
  view-data: 0.274246898945421
