times:
  edit-metadata: 0.946325097931549
  landing: 0.046397423022426665
  view-data: 0.2342619390692562
