times:
  edit-metadata: 1.999961769208312
  landing: 0.022111451253294945
  view-data: 0.35565659776329994
