times:
  edit-metadata: 1.9407901596277952
  landing: 0.22025873139500618
  view-data: 0.3355856277048588
