times:
  edit-metadata: 1.9098364301025867
  landing: 0.09922272339463234
  view-data: 0.025333255529403687
