times:
  edit-metadata: 1.7906852206215262
  landing: 0.16307659819722176
  view-data: 0.2303066272288561
