times:
  edit-metadata: 1.7647103862836957
  landing: 0.021737010218203068
  view-data: 0.10151996556669474
