times:
  edit-metadata: 1.5576972141861916
  landing: 0.8612355198711157
  view-data: 3.3989799544215202
