times:
  edit-metadata: 1.858021980151534
  landing: 0.9751731436699629
  view-data: 3.6166306752711535
