times:
  edit-metadata: 1.9378159791231155
  landing: 1.181172496639192
  view-data: 3.4707780741155148
