times:
  edit-metadata: 0.8522305510705337
  landing: 0.04969126801006496
  view-data: 0.2424818859435618
