times:
  edit-metadata: 1.3158728824928403
  landing: 0.024425536394119263
  view-data: 0.12152783386409283
