times:
  edit-metadata: 0.8382850990165025
  landing: 0.057690802961587906
  view-data: 0.23446642188355327
