times:
  edit-metadata: 1.831663303077221
  landing: 24.162254087626934
  view-data: 3.392473466694355
