times:
  edit-metadata: 1.6655393652617931
  landing: 1.0984777212142944
  view-data: 3.313845317810774
