times:
  edit-metadata: 1.532987680286169
  landing: 0.7157046478241682
  view-data: 3.363598058000207
