times:
  edit-metadata: 1.8509951354935765
  landing: 0.1794678382575512
  view-data: 0.13142632134258747
