times:
  edit-metadata: 1.5548078939318657
  landing: 0.8704683240503073
  view-data: 3.4139177538454533
