times:
  edit-metadata: 0.8548937132582068
  landing: 0.04853569716215134
  view-data: 0.23668370163068175
