times:
  edit-metadata: 1.1464494173415005
  landing: 0.09822873305529356
  view-data: 0.2443788480013609
