times:
  edit-metadata: 1.8267308631911874
  landing: 0.021374638192355633
  view-data: 0.024806858971714973
