times:
  edit-metadata: 1.8838344644755125
  landing: 0.02015078067779541
  view-data: 0.32879980467259884
