times:
  edit-metadata: 2.097398294135928
  landing: 0.41220419108867645
  view-data: 0.1989771518856287
