times:
  edit-metadata: 2.0409764293581247
  landing: 0.0243799090385437
  view-data: 0.02531289868056774
