times:
  edit-metadata: 2.231482896953821
  landing: 0.06524040363729
  view-data: 0.4476262629032135
