times:
  edit-metadata: 0.8094042459269986
  landing: 0.04462197900284082
  view-data: 0.3636624029604718
