times:
  edit-metadata: 0.8402977939986158
  landing: 0.04389914599596523
  view-data: 0.23149241402279586
