times:
  edit-metadata: 2.2659220080822706
  landing: 0.1716365534812212
  view-data: 0.3052912224084139
