times:
  edit-metadata: 1.3591363709419966
  landing: 0.11257993709295988
  view-data: 0.02784864977002144
