times:
  edit-metadata: 1.6241707392036915
  landing: 1.1707748211920261
  view-data: 3.340608213096857
