times:
  edit-metadata: 1.3635293105617166
  landing: 0.7851662375032902
  view-data: 3.3586639910936356
