times:
  edit-metadata: 1.536457121372223
  landing: 0.9361042194068432
  view-data: 3.3733020648360252
