times:
  edit-metadata: 1.3616048450348899
  landing: 0.7233545379713178
  view-data: 3.2653201520442963
