times:
  edit-metadata: 1.872277982532978
  landing: 0.14432709757238626
  view-data: 0.1224503368139267
