times:
  edit-metadata: 1.3781250827014446
  landing: 0.727720458060503
  view-data: 3.2936251126229763
