times:
  edit-metadata: 1.3739939108490944
  landing: 0.8487688731402159
  view-data: 3.2966094613075256
