times:
  edit-metadata: 0.47401872370392084
  landing: 0.04726439714431763
  view-data: 0.20264715887606144
