times:
  edit-metadata: 1.7675279760733247
  landing: 0.023362302221357822
  view-data: 0.02668620552867651
