times:
  edit-metadata: 0.8682249170005889
  landing: 0.051175841000258515
  view-data: 0.2401496729999053
