times:
  edit-metadata: 0.8407380431890488
  landing: 0.05328258126974106
  view-data: 0.23858478711917996
