times:
  edit-metadata: 1.3774831178598106
  landing: 0.8276748270727694
  view-data: 3.3556190179660916
