times:
  edit-metadata: 1.3580813580192626
  landing: 0.29607071401551366
  view-data: 0.31978424300905317
