times:
  edit-metadata: 1.489345632493496
  landing: 0.7905135694891214
  view-data: 3.3475158493965864
