times:
  edit-metadata: 1.8667151518166065
  landing: 0.019939133897423744
  view-data: 0.13759109564125538
