times:
  edit-metadata: 2.058405565097928
  landing: 1.0674080736935139
  view-data: 3.4501029420644045
