times:
  edit-metadata: 1.4918484725058079
  landing: 0.7822523377835751
  view-data: 3.3544848822057247
