times:
  edit-metadata: 0.846356412046589
  landing: 0.04975232493598014
  view-data: 0.23880796693265438
