times:
  edit-metadata: 1.413613710552454
  landing: 0.8795256987214088
  view-data: 3.3060127422213554
