times:
  edit-metadata: 1.7308397172018886
  landing: 0.09964924957603216
  view-data: 0.09561537019908428
