times:
  edit-metadata: 1.554976925253868
  landing: 0.9781062640249729
  view-data: 3.4475508257746696
