times:
  edit-metadata: 1.4414608292281628
  landing: 0.7460153996944427
  view-data: 3.3536800369620323
