times:
  edit-metadata: 2.316602184000658
  landing: 0.24500925099710003
  view-data: 0.43916679799440317
