times:
  edit-metadata: 1.524774244055152
  landing: 0.7858065608888865
  view-data: 3.420836918056011
