times:
  edit-metadata: 1.3662481871433556
  landing: 0.9017604608088732
  view-data: 3.356828838121146
