times:
  edit-metadata: 0.8180617620237172
  landing: 0.04862945689819753
  view-data: 0.22843849705532193
