times:
  edit-metadata: 2.3485649479553103
  landing: 0.27106887474656105
  view-data: 0.3293375922366977
