times:
  edit-metadata: 1.5321176517754793
  landing: 0.8190506156533957
  view-data: 3.393786611035466
