times:
  edit-metadata: 0.8309343680739403
  landing: 0.04894749680534005
  view-data: 0.24562036711722612
