times:
  edit-metadata: 1.7042162297293544
  landing: 1.0076886350288987
  view-data: 3.4543734900653362
