times:
  edit-metadata: 1.4818716910667717
  landing: 0.8089603679254651
  view-data: 3.3257253519259393
