times:
  edit-metadata: 1.38475301861763
  landing: 0.9088793732225895
  view-data: 3.346948064863682
