times:
  edit-metadata: 1.7613024841994047
  landing: 0.020559963770210743
  view-data: 0.42147698160260916
