times:
  edit-metadata: 1.3634128859266639
  landing: 0.02103423047810793
  view-data: 0.4366508424282074
