times:
  edit-metadata: 1.8448134465143085
  landing: 0.019061692990362644
  view-data: 0.023960862308740616
