times:
  edit-metadata: 1.5368667840957642
  landing: 0.803307581692934
  view-data: 3.416050123050809
