times:
  edit-metadata: 1.9435048699378967
  landing: 1.0807242831215262
  view-data: 3.304235282354057
