times:
  edit-metadata: 1.5253782384097576
  landing: 0.8385567087680101
  view-data: 3.429381810128689
