times:
  edit-metadata: 1.5913056787103415
  landing: 0.85072797909379
  view-data: 3.4266405161470175
