times:
  edit-metadata: 1.5419646985828876
  landing: 0.9307771250605583
  view-data: 3.4062249436974525
