times:
  edit-metadata: 0.8617229270166717
  landing: 0.04983746202196926
  view-data: 0.23435881797922775
