times:
  edit-metadata: 1.8244201950728893
  landing: 0.02037946693599224
  view-data: 0.10183737892657518
