times:
  edit-metadata: 1.499763747677207
  landing: 0.7996489722281694
  view-data: 3.3836952336132526
