times:
  edit-metadata: 0.852372337016277
  landing: 0.049743126961402595
  view-data: 0.23684925609268248
