times:
  edit-metadata: 0.9652313739061356
  landing: 0.04787895502522588
  view-data: 0.24881800496950746
