times:
  edit-metadata: 1.730862794443965
  landing: 0.024798874743282795
  view-data: 0.4436919204890728
