times:
  edit-metadata: 1.475206233561039
  landing: 0.8129706736654043
  view-data: 3.309256039559841
