times:
  edit-metadata: 1.4360658675432205
  landing: 0.9061150066554546
  view-data: 3.364449579268694
