times:
  edit-metadata: 2.106503415852785
  landing: 1.4197057448327541
  view-data: 3.4190872237086296
