times:
  edit-metadata: 1.4054524842649698
  landing: 0.7850330211222172
  view-data: 3.3330274438485503
