times:
  edit-metadata: 1.8715223595499992
  landing: 0.15710854157805443
  view-data: 0.024629797786474228
