times:
  edit-metadata: 1.5660514570772648
  landing: 0.8157232217490673
  view-data: 3.420011982321739
