times:
  edit-metadata: 0.8728792183101177
  landing: 0.04530249768868089
  view-data: 0.22763328300788999
