times:
  edit-metadata: 1.7747754836454988
  landing: 0.01881745271384716
  view-data: 0.02527047973126173
