times:
  edit-metadata: 1.6379400622099638
  landing: 0.9528943132609129
  view-data: 3.395946003496647
