times:
  edit-metadata: 1.806184875778854
  landing: 0.02221362292766571
  view-data: 0.1508881924673915
