times:
  edit-metadata: 0.8847467093728483
  landing: 0.07195612508803606
  view-data: 0.2767789401113987
