times:
  edit-metadata: 0.8592003909870982
  landing: 0.058947274985257536
  view-data: 0.23503792600240558
