times:
  edit-metadata: 1.5279913283884525
  landing: 0.87041836977005
  view-data: 3.371627811342478
