times:
  edit-metadata: 0.8928404098842293
  landing: 0.06211506109684706
  view-data: 0.24797813803888857
