times:
  edit-metadata: 2.0595953315496445
  landing: 0.02039518766105175
  view-data: 0.1880455333739519
