times:
  edit-metadata: 1.9049511104822159
  landing: 0.030724868178367615
  view-data: 0.02987988293170929
