times:
  edit-metadata: 1.4886866956949234
  landing: 1.0256099589169025
  view-data: 3.4077905751764774
