times:
  edit-metadata: 1.3872047737240791
  landing: 0.8540482567623258
  view-data: 3.3388130660168827
