times:
  edit-metadata: 0.8767272930126637
  landing: 0.05050118896178901
  view-data: 0.2398492470383644
