times:
  edit-metadata: 2.3412314914166927
  landing: 0.2239048294723034
  view-data: 0.05336909182369709
