times:
  edit-metadata: 1.8936366438865662
  landing: 0.02182898111641407
  view-data: 0.2656829506158829
