times:
  edit-metadata: 1.6011234670877457
  landing: 0.8569459989666939
  view-data: 3.4244392197579145
