times:
  edit-metadata: 0.8880269350001981
  landing: 0.08624385399980383
  view-data: 0.23684898300052737
