times:
  edit-metadata: 1.5256174802780151
  landing: 0.85572874173522
  view-data: 3.410175982862711
