times:
  edit-metadata: 1.8589607495814562
  landing: 0.024338092654943466
  view-data: 0.36886958964169025
