times:
  edit-metadata: 1.4525678716599941
  landing: 1.0130498334765434
  view-data: 3.373605314642191
