times:
  edit-metadata: 0.9437927920371294
  landing: 0.12389605678617954
  view-data: 0.2574712480418384
