times:
  edit-metadata: 1.4508444229140878
  landing: 0.9494768297299743
  view-data: 3.3868837021291256
