times:
  edit-metadata: 1.4243622738867998
  landing: 0.857940967194736
  view-data: 3.4140257202088833
