times:
  edit-metadata: 1.519809853285551
  landing: 0.9717627111822367
  view-data: 3.336201775819063
