times:
  edit-metadata: 0.8586936689680442
  landing: 0.05339858401566744
  view-data: 0.2323110509896651
