times:
  edit-metadata: 2.1099781338125467
  landing: 1.4700968954712152
  view-data: 3.4621377466246486
