times:
  edit-metadata: 1.7609678134322166
  landing: 0.020652251318097115
  view-data: 0.026269088499248028
