times:
  edit-metadata: 1.3671905039809644
  landing: 0.7885647849179804
  view-data: 3.371471629012376
