times:
  edit-metadata: 1.5737921707332134
  landing: 0.7967102434486151
  view-data: 3.4405995532870293
