times:
  edit-metadata: 1.0273655359633267
  landing: 0.05942869605496526
  view-data: 0.28723172284662724
