times:
  edit-metadata: 1.1226702239364386
  landing: 0.06164434226229787
  view-data: 0.2551701283082366
