times:
  edit-metadata: 1.6351015828549862
  landing: 0.8226976338773966
  view-data: 3.450698608532548
