times:
  edit-metadata: 3.2426249505952
  landing: 0.4492491213604808
  view-data: 0.4108707597479224
