times:
  edit-metadata: 1.7825909303501248
  landing: 0.019706159830093384
  view-data: 0.11856093350797892
