times:
  edit-metadata: 0.8811972760595381
  landing: 0.05681490385904908
  view-data: 0.2383855029474944
