times:
  edit-metadata: 0.9292866149917245
  landing: 0.1527459219796583
  view-data: 0.2511855830089189
