times:
  edit-metadata: 2.114019585773349
  landing: 0.021208668127655983
  view-data: 0.33580685779452324
