times:
  edit-metadata: 1.541687224060297
  landing: 0.83616553992033
  view-data: 3.4416631553322077
