times:
  edit-metadata: 1.3324664300307631
  landing: 0.020909683778882027
  view-data: 0.023525469936430454
