times:
  edit-metadata: 2.18106722086668
  landing: 0.24200118519365788
  view-data: 0.1285180039703846
