times:
  edit-metadata: 1.5180337019264698
  landing: 0.9706748202443123
  view-data: 3.3237008713185787
