times:
  edit-metadata: 0.8496530179399997
  landing: 0.059134616050869226
  view-data: 0.23455204302445054
