times:
  edit-metadata: 1.88052992336452
  landing: 0.05378545820713043
  view-data: 0.10142595134675503
