times:
  edit-metadata: 1.7948798201978207
  landing: 0.020167473703622818
  view-data: 0.09924040641635656
