times:
  edit-metadata: 1.8557139486074448
  landing: 0.1216374970972538
  view-data: 0.02535819262266159
