times:
  edit-metadata: 1.7955883219838142
  landing: 0.02063172683119774
  view-data: 0.02747429348528385
