times:
  edit-metadata: 0.8985612239921466
  landing: 0.07470822602044791
  view-data: 0.24639692495111376
