times:
  edit-metadata: 1.7307146145030856
  landing: 0.020980672910809517
  view-data: 0.12460428476333618
