times:
  edit-metadata: 1.4536684341728687
  landing: 0.7505321837961674
  view-data: 3.39503238722682
