times:
  edit-metadata: 1.386369738727808
  landing: 1.0083527937531471
  view-data: 3.322767797857523
