times:
  edit-metadata: 2.4073671642690897
  landing: 0.020494138821959496
  view-data: 0.36902675218880177
