times:
  edit-metadata: 0.9601577580033336
  landing: 0.12620482800411992
  view-data: 0.37049528199713677
