times:
  edit-metadata: 1.3020152219105512
  landing: 0.7461658020038158
  view-data: 3.252078781835735
