times:
  edit-metadata: 0.9079092810861766
  landing: 0.06005525775253773
  view-data: 0.23565969010815024
