times:
  edit-metadata: 0.865650616993662
  landing: 0.04835018399171531
  view-data: 0.2403750290395692
