times:
  edit-metadata: 1.856031283736229
  landing: 0.018468255177140236
  view-data: 0.02336382307112217
