times:
  edit-metadata: 0.8478355428669602
  landing: 0.04425489599816501
  view-data: 0.23318433109670877
