times:
  edit-metadata: 1.3436109758913517
  landing: 0.8650249280035496
  view-data: 3.3306314777582884
