times:
  edit-metadata: 1.4029696518555284
  landing: 0.8481320114806294
  view-data: 3.449557648971677
