times:
  edit-metadata: 0.8977774856612086
  landing: 0.08178828423842788
  view-data: 0.3168685804121196
