times:
  edit-metadata: 1.444510079920292
  landing: 0.9690490998327732
  view-data: 3.3593746684491634
