times:
  edit-metadata: 1.471445418894291
  landing: 0.8300976902246475
  view-data: 3.343134582042694
