times:
  edit-metadata: 1.4687576163560152
  landing: 0.8347643427550793
  view-data: 3.3911323212087154
