times:
  edit-metadata: 1.6151461587287486
  landing: 0.9482557629235089
  view-data: 3.2913265619426966
