times:
  edit-metadata: 0.838108470197767
  landing: 0.050862221978604794
  view-data: 0.2532706521451473
