times:
  edit-metadata: 2.118057801388204
  landing: 0.022366449236869812
  view-data: 0.16558247804641724
