times:
  edit-metadata: 2.108526026830077
  landing: 0.2791962530463934
  view-data: 0.027417665347456932
