times:
  edit-metadata: 2.2391511350870132
  landing: 0.02368125692009926
  view-data: 0.3126023933291435
