times:
  edit-metadata: 1.8520489744842052
  landing: 0.021203232929110527
  view-data: 0.10411420091986656
