times:
  edit-metadata: 1.540036890655756
  landing: 0.9437135271728039
  view-data: 3.4390021301805973
