times:
  edit-metadata: 1.466846076771617
  landing: 0.8232993837445974
  view-data: 3.349570709746331
