times:
  edit-metadata: 1.2892262786626816
  landing: 0.02015796583145857
  view-data: 0.13305032718926668
