times:
  edit-metadata: 1.436477979645133
  landing: 0.7113862745463848
  view-data: 3.400609975680709
