times:
  edit-metadata: 1.4016404636204243
  landing: 0.9428868927061558
  view-data: 3.434582658112049
