times:
  edit-metadata: 1.445047782966867
  landing: 0.7683881679549813
  view-data: 3.330418067984283
