times:
  edit-metadata: 1.9111121483147144
  landing: 0.022437671199440956
  view-data: 0.02704632841050625
