times:
  edit-metadata: 1.3969387784600258
  landing: 0.8849360570311546
  view-data: 3.331504750996828
