times:
  edit-metadata: 1.8382044425234199
  landing: 0.02019271720200777
  view-data: 0.4256760338321328
