times:
  edit-metadata: 1.8217658214271069
  landing: 0.17936819978058338
  view-data: 0.3404463268816471
