times:
  edit-metadata: 1.8478428237140179
  landing: 0.11675401031970978
  view-data: 0.024691566824913025
