times:
  edit-metadata: 1.9574466943740845
  landing: 0.4611921403557062
  view-data: 0.3108191527426243
