times:
  edit-metadata: 1.7432184591889381
  landing: 0.021705547347664833
  view-data: 0.02770278789103031
