times:
  edit-metadata: 1.380435248836875
  landing: 0.7565134260803461
  view-data: 3.3991944580338895
