times:
  edit-metadata: 1.2766405157744884
  landing: 0.8237117622047663
  view-data: 3.322845760732889
