times:
  edit-metadata: 1.2324743317440152
  landing: 0.08153897244483232
  view-data: 0.23562475200742483
