times:
  edit-metadata: 1.9438267387449741
  landing: 0.23008223995566368
  view-data: 0.051703402772545815
