times:
  edit-metadata: 1.3236543321982026
  landing: 0.02001751773059368
  view-data: 0.028914809226989746
