times:
  edit-metadata: 0.91461733700271
  landing: 0.14041381199785974
  view-data: 0.29179327200108673
