times:
  edit-metadata: 1.8462191838771105
  landing: 0.18760165385901928
  view-data: 0.023803096264600754
