times:
  edit-metadata: 1.4773972854018211
  landing: 0.8008911460638046
  view-data: 3.3757966719567776
