times:
  edit-metadata: 1.5926802456378937
  landing: 0.8931583538651466
  view-data: 3.329138606786728
