times:
  edit-metadata: 0.9012048279982992
  landing: 0.07769639801699668
  view-data: 0.24104449496371672
