times:
  edit-metadata: 1.5052852407097816
  landing: 0.9192238785326481
  view-data: 3.276969488710165
