times:
  edit-metadata: 1.8457193560898304
  landing: 0.1501174531877041
  view-data: 0.3048986066132784
