times:
  edit-metadata: 1.6732915919274092
  landing: 0.9751360211521387
  view-data: 3.3454052191227674
