times:
  edit-metadata: 1.7562309270724654
  landing: 0.02022814005613327
  view-data: 0.42975324485450983
