times:
  edit-metadata: 1.455857090651989
  landing: 0.8026108182966709
  view-data: 3.3124351501464844
