times:
  edit-metadata: 1.4934889629948884
  landing: 1.076353014097549
  view-data: 3.2709527499973774
