times:
  edit-metadata: 2.1918611992150545
  landing: 0.22464768961071968
  view-data: 0.026234352961182594
