times:
  edit-metadata: 1.4340097792446613
  landing: 0.9966054856777191
  view-data: 3.3771644830703735
