times:
  edit-metadata: 1.5483224913477898
  landing: 0.9440566711127758
  view-data: 3.4326366670429707
