times:
  edit-metadata: 1.6293267123401165
  landing: 1.005832489579916
  view-data: 3.3912590108811855
