times:
  edit-metadata: 0.8830876790452749
  landing: 0.0463324369629845
  view-data: 0.23547012102790177
