times:
  edit-metadata: 0.8763870740076527
  landing: 0.053375130984932184
  view-data: 0.24160961201414466
