times:
  edit-metadata: 1.7503410140052438
  landing: 0.02261627186089754
  view-data: 0.022945321165025234
