times:
  edit-metadata: 1.451825112104416
  landing: 0.8166255056858063
  view-data: 3.3507262617349625
