times:
  edit-metadata: 0.9004076628480107
  landing: 0.04842725698836148
  view-data: 0.24910403601825237
