times:
  edit-metadata: 0.8753259018994868
  landing: 0.058762341970577836
  view-data: 0.23244480602443218
