times:
  edit-metadata: 1.505327146500349
  landing: 4.231619615107775
  view-data: 3.332676600664854
