times:
  edit-metadata: 1.980703053995967
  landing: 0.14390833862125874
  view-data: 0.02503696270287037
