times:
  edit-metadata: 1.937570283189416
  landing: 0.02019607089459896
  view-data: 0.28394242003560066
