times:
  edit-metadata: 1.4696344817057252
  landing: 0.9376989556476474
  view-data: 3.397395182400942
