times:
  edit-metadata: 2.7360738180577755
  landing: 1.4880822245031595
  view-data: 3.5635799039155245
