times:
  edit-metadata: 1.5522189065814018
  landing: 0.8952687717974186
  view-data: 3.2953623235225677
