times:
  edit-metadata: 1.504469633102417
  landing: 0.9738063961267471
  view-data: 3.4039618242532015
