times:
  edit-metadata: 2.0728775784373283
  landing: 0.9062615744769573
  view-data: 3.344996754080057
