times:
  edit-metadata: 1.7825853219255805
  landing: 0.022910061292350292
  view-data: 0.10343354102224112
