times:
  edit-metadata: 1.623350091278553
  landing: 0.9952541925013065
  view-data: 3.34451936557889
