times:
  edit-metadata: 1.4805267732590437
  landing: 1.0406598597764969
  view-data: 3.4233318716287613
