times:
  edit-metadata: 1.9390171952545643
  landing: 0.1415388099849224
  view-data: 0.02534015104174614
