times:
  edit-metadata: 1.3986565172672272
  landing: 0.8721090070903301
  view-data: 3.3745115026831627
