times:
  edit-metadata: 1.5029641911387444
  landing: 0.8956043086946011
  view-data: 3.3857983965426683
