times:
  edit-metadata: 1.3271654462441802
  landing: 0.09515159763395786
  view-data: 0.1246661925688386
