times:
  edit-metadata: 2.3142237793654203
  landing: 0.15409657172858715
  view-data: 0.02407517470419407
