times:
  edit-metadata: 1.37726925406605
  landing: 0.021526089869439602
  view-data: 0.12136414740234613
