times:
  edit-metadata: 1.3884053500369191
  landing: 0.19568732287734747
  view-data: 0.14278543088585138
