times:
  edit-metadata: 1.816472508944571
  landing: 0.021571884863078594
  view-data: 0.02501093130558729
