times:
  edit-metadata: 1.3698343709111214
  landing: 0.8361785858869553
  view-data: 3.3628527335822582
