times:
  edit-metadata: 1.5567858591675758
  landing: 0.8511102870106697
  view-data: 3.416883386671543
