times:
  edit-metadata: 1.875701867043972
  landing: 0.023486651480197906
  view-data: 0.13821196928620338
