times:
  edit-metadata: 2.5358337722718716
  landing: 1.1976812817156315
  view-data: 3.4039210937917233
