times:
  edit-metadata: 1.88616309966892
  landing: 0.018659314140677452
  view-data: 0.02418565098196268
