times:
  edit-metadata: 1.6170408986508846
  landing: 0.9890594631433487
  view-data: 3.36616063863039
