times:
  edit-metadata: 0.936639716848731
  landing: 0.06164139183238149
  view-data: 0.2337060570716858
