times:
  edit-metadata: 1.857016998983454
  landing: 0.020781516970600933
  view-data: 0.12282469100318849
