times:
  edit-metadata: 1.8523755725473166
  landing: 0.01951457466930151
  view-data: 0.4112806813791394
