times:
  edit-metadata: 1.5248460955917835
  landing: 0.9039348624646664
  view-data: 3.418309699743986
