times:
  edit-metadata: 2.245309768244624
  landing: 0.019993655383586884
  view-data: 0.21358544938266277
