times:
  edit-metadata: 1.5465672761201859
  landing: 0.8660650253295898
  view-data: 3.4086838476359844
