times:
  edit-metadata: 1.8807338774204254
  landing: 0.020802738144993782
  view-data: 0.023368114605545998
