times:
  edit-metadata: 1.5019386745989323
  landing: 0.9652261696755886
  view-data: 3.4103960134088993
