times:
  edit-metadata: 2.4111537989228964
  landing: 0.2113450225442648
  view-data: 0.3973462115973234
