times:
  edit-metadata: 2.009727453812957
  landing: 0.020712869241833687
  view-data: 0.3842558227479458
