times:
  edit-metadata: 1.5365052509587258
  landing: 0.9555959970457479
  view-data: 3.3395544359227642
