times:
  edit-metadata: 1.4864753745496273
  landing: 0.9042068906128407
  view-data: 3.368222787976265
