times:
  edit-metadata: 1.7579170195385814
  landing: 0.02004554495215416
  view-data: 0.025892158970236778
