times:
  edit-metadata: 1.487848723307252
  landing: 0.8147120177745819
  view-data: 3.393177260644734
