times:
  edit-metadata: 1.5420009745284915
  landing: 1.1806070171296597
  view-data: 3.4462879141792655
