times:
  edit-metadata: 1.8113115206360817
  landing: 1.1254855617880821
  view-data: 3.3625888526439667
