times:
  edit-metadata: 1.5782762691378593
  landing: 0.9527358114719391
  view-data: 3.4346652813255787
