times:
  edit-metadata: 1.6733433604240417
  landing: 1.004957590252161
  view-data: 3.367350671440363
