times:
  edit-metadata: 1.5543631110340357
  landing: 0.8465944887138903
  view-data: 3.7363810427486897
