times:
  edit-metadata: 1.4300843439996243
  landing: 0.6706158816814423
  view-data: 3.278210010379553
