times:
  edit-metadata: 1.4329909943044186
  landing: 1.174671232700348
  view-data: 3.3334937132894993
