times:
  edit-metadata: 1.4388236701488495
  landing: 1.0030359104275703
  view-data: 3.328344337642193
