times:
  edit-metadata: 2.4219637010246515
  landing: 0.26079043932259083
  view-data: 0.5044151749461889
