times:
  edit-metadata: 1.3689962308853865
  landing: 0.8170462790876627
  view-data: 3.2800539061427116
