times:
  edit-metadata: 1.41095846099779
  landing: 0.7041221058461815
  view-data: 3.348349266918376
