times:
  edit-metadata: 1.0242481449968182
  landing: 0.05148918501799926
  view-data: 0.26504658500198275
