times:
  edit-metadata: 1.550169551745057
  landing: 0.9019952919334173
  view-data: 3.3913608118891716
