times:
  edit-metadata: 1.5319428257644176
  landing: 0.8546318970620632
  view-data: 3.4514744840562344
