times:
  edit-metadata: 1.8092506574466825
  landing: 0.01894528977572918
  view-data: 0.024130779318511486
