times:
  edit-metadata: 1.7735631791874766
  landing: 0.020656476728618145
  view-data: 0.10065368562936783
