times:
  edit-metadata: 0.8354730820283294
  landing: 0.05380461999448016
  view-data: 0.2405014740070328
