times:
  edit-metadata: 1.3228523693978786
  landing: 0.7854775302112103
  view-data: 3.4204561673104763
