times:
  edit-metadata: 1.479649386368692
  landing: 0.8354358738288283
  view-data: 3.4172984659671783
