times:
  edit-metadata: 1.4888375010341406
  landing: 0.8538879733532667
  view-data: 3.406187878921628
