times:
  edit-metadata: 1.368423786945641
  landing: 0.8957119146361947
  view-data: 3.323943981900811
