times:
  edit-metadata: 0.889770011883229
  landing: 0.046810725005343556
  view-data: 0.2480002800002694
