times:
  edit-metadata: 0.9475760799832642
  landing: 0.14465507492423058
  view-data: 0.3001446449197829
