times:
  edit-metadata: 1.7557987989857793
  landing: 0.21196804381906986
  view-data: 0.2824607500806451
