times:
  edit-metadata: 1.9256331734359264
  landing: 0.15964492224156857
  view-data: 0.32271571457386017
