times:
  edit-metadata: 1.5182708576321602
  landing: 0.9819688685238361
  view-data: 3.3482057601213455
