times:
  edit-metadata: 1.9047715663909912
  landing: 0.01865760236978531
  view-data: 0.09903137385845184
