times:
  edit-metadata: 0.8448281809687614
  landing: 0.047711282037198544
  view-data: 0.3772219440434128
