times:
  edit-metadata: 1.4695842580404133
  landing: 0.911044626031071
  view-data: 3.4315622120629996
