times:
  edit-metadata: 0.8844013880006969
  landing: 0.06356229299854022
  view-data: 0.23895667899341788
