times:
  edit-metadata: 1.5297118034213781
  landing: 0.8559869416058064
  view-data: 3.359889402985573
