times:
  edit-metadata: 1.2392121839802712
  landing: 0.7011796189472079
  view-data: 3.3017992270179093
