times:
  edit-metadata: 1.5181120671331882
  landing: 0.9465221464633942
  view-data: 3.3786188177764416
