times:
  edit-metadata: 2.103375069797039
  landing: 0.22152560018002987
  view-data: 0.024705328047275543
