times:
  edit-metadata: 1.4884359873831272
  landing: 0.8106837943196297
  view-data: 3.2847554571926594
