times:
  edit-metadata: 1.6546803954988718
  landing: 0.9876053836196661
  view-data: 3.482300478965044
