times:
  edit-metadata: 1.3600037740543485
  landing: 0.8194831633009017
  view-data: 3.3561310986988246
