times:
  edit-metadata: 1.5153412632644176
  landing: 0.7813182193785906
  view-data: 3.3902806397527456
