times:
  edit-metadata: 1.2828613864257932
  landing: 1.7626652596518397
  view-data: 3.3699635434895754
