times:
  edit-metadata: 1.6028581876307726
  landing: 0.9278937317430973
  view-data: 3.3271326273679733
