times:
  edit-metadata: 1.7536278581246734
  landing: 0.02215784415602684
  view-data: 0.12196936458349228
