times:
  edit-metadata: 1.5406387243419886
  landing: 0.7522055525332689
  view-data: 3.413829058408737
