times:
  edit-metadata: 1.512752704322338
  landing: 0.8886246234178543
  view-data: 3.289727371186018
