times:
  edit-metadata: 0.8304384279763326
  landing: 0.04988037497969344
  view-data: 0.22911563998786733
