times:
  edit-metadata: 2.187781436368823
  landing: 0.30094613693654537
  view-data: 0.6102047115564346
