times:
  edit-metadata: 1.1189951258711517
  landing: 0.0637723789550364
  view-data: 0.33668731013312936
