times:
  edit-metadata: 1.5437828451395035
  landing: 0.7093594521284103
  view-data: 3.3455038219690323
