times:
  edit-metadata: 1.7254130747169256
  landing: 0.16446544136852026
  view-data: 0.09727910533547401
