times:
  edit-metadata: 1.4313559336587787
  landing: 0.7109201215207577
  view-data: 3.960166989825666
