times:
  edit-metadata: 1.051177432294935
  landing: 0.047950920183211565
  view-data: 0.24281987361609936
