times:
  edit-metadata: 0.8219829099980416
  landing: 0.07191309300833382
  view-data: 0.23002251199795865
