times:
  edit-metadata: 1.3224242758005857
  landing: 0.020780503749847412
  view-data: 0.4058918682858348
