times:
  edit-metadata: 1.5537436455488205
  landing: 0.811261398717761
  view-data: 3.446065006777644
