times:
  edit-metadata: 1.8089065914973617
  landing: 0.02167543303221464
  view-data: 0.026625894010066986
