times:
  edit-metadata: 1.5123007781803608
  landing: 0.7699897047132254
  view-data: 3.3667932003736496
