times:
  edit-metadata: 0.8771306751295924
  landing: 0.05470761703327298
  view-data: 0.24054183904081583
