times:
  edit-metadata: 1.4925555735826492
  landing: 0.8883698210120201
  view-data: 3.2638890985399485
