times:
  edit-metadata: 1.8614834807813168
  landing: 0.18087956309318542
  view-data: 0.34238867461681366
