times:
  edit-metadata: 1.3975489670410752
  landing: 0.7667561424896121
  view-data: 3.3497948786243796
