times:
  edit-metadata: 1.4827274437993765
  landing: 0.8507042862474918
  view-data: 3.3864556467160583
