times:
  edit-metadata: 1.5263454224914312
  landing: 0.7879415042698383
  view-data: 3.3728949278593063
