times:
  edit-metadata: 0.8682962959865108
  landing: 0.061717146018054336
  view-data: 0.2357262419827748
