times:
  edit-metadata: 1.7415253389626741
  landing: 1.0051360153593123
  view-data: 3.388981629163027
