times:
  edit-metadata: 2.585401149466634
  landing: 0.16033331491053104
  view-data: 0.35162411630153656
