times:
  edit-metadata: 1.7851600795984268
  landing: 0.020092608407139778
  view-data: 0.21364979725331068
