times:
  edit-metadata: 1.3774488074705005
  landing: 0.9486368913203478
  view-data: 3.4086152147501707
