times:
  edit-metadata: 1.205515243113041
  landing: 0.16285296203568578
  view-data: 0.2638604468666017
