times:
  edit-metadata: 0.8744019010046031
  landing: 0.044680088001769036
  view-data: 0.2276053210007376
