times:
  edit-metadata: 2.335558980703354
  landing: 0.27772803604602814
  view-data: 0.030836397781968117
