times:
  edit-metadata: 1.4009902579709888
  landing: 0.8712713872082531
  view-data: 3.3703240887261927
