times:
  edit-metadata: 0.46273729391396046
  landing: 0.03942053858190775
  view-data: 0.1922616045922041
