times:
  edit-metadata: 1.8316790089011192
  landing: 0.020871324464678764
  view-data: 0.3231186121702194
