times:
  edit-metadata: 0.8334178910590708
  landing: 0.04599417606368661
  view-data: 0.3921432071365416
