times:
  edit-metadata: 1.4273692360147834
  landing: 1.6048223432153463
  view-data: 3.4283311967737973
