times:
  edit-metadata: 0.8694158149883151
  landing: 0.058646680088713765
  view-data: 0.23501985589973629
