times:
  edit-metadata: 0.45921075996011496
  landing: 0.05624855402857065
  view-data: 0.20556433964520693
