times:
  edit-metadata: 1.733520626090467
  landing: 0.020297875627875328
  view-data: 0.02654065005481243
