times:
  edit-metadata: 1.4108628733083606
  landing: 0.9277166463434696
  view-data: 3.413902754895389
