times:
  edit-metadata: 2.272276498377323
  landing: 0.01954619586467743
  view-data: 0.23437687568366528
