times:
  edit-metadata: 0.8752074529766105
  landing: 0.051536396029405296
  view-data: 0.23992557602468878
