times:
  edit-metadata: 0.9009351169806905
  landing: 0.06472294696141034
  view-data: 0.2527168010128662
