times:
  edit-metadata: 0.8596353810280561
  landing: 0.053116336930543184
  view-data: 0.22835904802195728
