times:
  edit-metadata: 1.7676736414432526
  landing: 0.9366388283669949
  view-data: 3.374279845505953
