times:
  edit-metadata: 1.5432277079671621
  landing: 0.7728944383561611
  view-data: 3.4284777399152517
