times:
  edit-metadata: 1.3835289096459746
  landing: 0.021329961717128754
  view-data: 0.19411997310817242
