times:
  edit-metadata: 1.5479291789233685
  landing: 0.8468597643077374
  view-data: 3.453398736193776
