times:
  edit-metadata: 1.8979611340910196
  landing: 0.018890470266342163
  view-data: 0.3439307678490877
