times:
  edit-metadata: 2.741800529882312
  landing: 0.5644386578351259
  view-data: 0.5703409789130092
