times:
  edit-metadata: 1.3805457893759012
  landing: 0.7897930834442377
  view-data: 3.34951707534492
