times:
  edit-metadata: 1.4662745026871562
  landing: 0.8428843878209591
  view-data: 3.350305061787367
