times:
  edit-metadata: 1.7939364593476057
  landing: 0.02121040876954794
  view-data: 0.11891364585608244
