times:
  edit-metadata: 1.4634421626105905
  landing: 0.7483786167576909
  view-data: 3.290117934346199
