times:
  edit-metadata: 1.748229376040399
  landing: 0.021970571018755436
  view-data: 0.029509336687624454
