times:
  edit-metadata: 1.8170252237468958
  landing: 0.02076350525021553
  view-data: 0.2927727121859789
