times:
  edit-metadata: 1.753045478835702
  landing: 0.02233797125518322
  view-data: 0.12372759077697992
