times:
  edit-metadata: 0.8985248212702572
  landing: 0.07158345030620694
  view-data: 0.26924859499558806
