times:
  edit-metadata: 1.865987685509026
  landing: 0.24476481322199106
  view-data: 0.19822870288044214
