times:
  edit-metadata: 2.103037165477872
  landing: 0.18140369653701782
  view-data: 0.38089002296328545
