times:
  edit-metadata: 1.845487305894494
  landing: 0.12340792454779148
  view-data: 0.12399697862565517
