times:
  edit-metadata: 1.4741800054907799
  landing: 0.9734333604574203
  view-data: 3.310316536575556
