times:
  edit-metadata: 1.745428530499339
  landing: 0.02132618334144354
  view-data: 0.023813252337276936
