times:
  edit-metadata: 1.4874510478693992
  landing: 1.039186344947666
  view-data: 3.4031620491296053
