times:
  edit-metadata: 1.9311086926609278
  landing: 0.13677130453288555
  view-data: 0.03074517846107483
