times:
  edit-metadata: 2.6462115794420242
  landing: 1.1470446214079857
  view-data: 3.833588305860758
