times:
  edit-metadata: 1.7241779379546642
  landing: 1.1010389290750027
  view-data: 3.3540840968489647
