times:
  edit-metadata: 2.349204186350107
  landing: 0.021994734182953835
  view-data: 0.18169931322336197
