times:
  edit-metadata: 1.5006189979612827
  landing: 0.9519846178591251
  view-data: 3.4129457883536816
