times:
  edit-metadata: 1.7571090944111347
  landing: 0.022515617311000824
  view-data: 0.12280156183987856
