times:
  edit-metadata: 1.5120231062173843
  landing: 0.7427985444664955
  view-data: 3.4257146138697863
