times:
  edit-metadata: 1.0218536560423672
  landing: 0.14228294789791107
  view-data: 0.23378681484609842
