times:
  edit-metadata: 0.8395673609338701
  landing: 0.048237781040370464
  view-data: 0.2270939815789461
