times:
  edit-metadata: 1.4824913255870342
  landing: 0.9810220375657082
  view-data: 3.28679009526968
