times:
  edit-metadata: 1.5028457529842854
  landing: 0.7950010672211647
  view-data: 3.359454922378063
