times:
  edit-metadata: 1.580031046178192
  landing: 0.8261950081214309
  view-data: 3.5198164018802345
