times:
  edit-metadata: 1.7749039679765701
  landing: 1.089597176760435
  view-data: 3.515571754425764
