times:
  edit-metadata: 1.8574229143559933
  landing: 0.021515019237995148
  view-data: 0.35722391307353973
