times:
  edit-metadata: 1.8589786030352116
  landing: 0.0221331175416708
  view-data: 0.024620702490210533
