times:
  edit-metadata: 2.197575746104121
  landing: 0.24106539692729712
  view-data: 0.3110490906983614
