times:
  edit-metadata: 1.4965273179113865
  landing: 0.8355193827301264
  view-data: 3.443778432905674
