times:
  edit-metadata: 1.8145999694243073
  landing: 0.026109728962183
  view-data: 0.026868056505918503
