times:
  edit-metadata: 1.5460763685405254
  landing: 0.9590553715825081
  view-data: 3.45304848626256
