times:
  edit-metadata: 1.8151952270418406
  landing: 0.12740301433950663
  view-data: 0.14014187548309565
