times:
  edit-metadata: 0.9046624321490526
  landing: 0.059567495714873075
  view-data: 0.23550976533442736
