times:
  edit-metadata: 1.800356182269752
  landing: 1.5107000302523375
  view-data: 3.4815670866519213
