times:
  edit-metadata: 1.958230946213007
  landing: 0.019319403916597366
  view-data: 0.20497957430779934
