times:
  edit-metadata: 1.7698279516771436
  landing: 0.020819912664592266
  view-data: 0.029820111580193043
