times:
  edit-metadata: 1.501272639259696
  landing: 0.9614313989877701
  view-data: 3.4529297947883606
