times:
  edit-metadata: 1.0729044530016836
  landing: 0.12267005399917252
  view-data: 0.26464434099034406
