times:
  edit-metadata: 1.5509565379470587
  landing: 0.8127944767475128
  view-data: 3.357032388448715
