times:
  edit-metadata: 1.9202430937439203
  landing: 0.21929327212274075
  view-data: 0.25160720758140087
