times:
  edit-metadata: 0.8350919680669904
  landing: 0.05374280293472111
  view-data: 0.2280043950304389
