times:
  edit-metadata: 1.7724454207345843
  landing: 0.21212493162602186
  view-data: 0.024114862084388733
