times:
  edit-metadata: 1.842108049429953
  landing: 0.10983256436884403
  view-data: 0.029939357191324234
