times:
  edit-metadata: 1.9586165640503168
  landing: 0.1568180602043867
  view-data: 0.025672756135463715
