times:
  edit-metadata: 0.8204725699033588
  landing: 0.05012407898902893
  view-data: 0.23758709500543773
