times:
  edit-metadata: 1.7864103764295578
  landing: 0.02052297629415989
  view-data: 0.026212063618004322
