times:
  edit-metadata: 2.0022337567061186
  landing: 0.11913579516112804
  view-data: 0.31473025865852833
