times:
  edit-metadata: 0.8388583739870228
  landing: 0.057379161997232586
  view-data: 0.3642604849883355
