times:
  edit-metadata: 1.5281268116086721
  landing: 0.930467039346695
  view-data: 3.339209819212556
