times:
  edit-metadata: 1.5765435565263033
  landing: 0.9339164961129427
  view-data: 3.405205223709345
