times:
  edit-metadata: 1.7651053881272674
  landing: 0.1622072234749794
  view-data: 0.39537639170885086
