times:
  edit-metadata: 3.5944615248590708
  landing: 0.04862810671329498
  view-data: 0.057770635932683945
