times:
  edit-metadata: 1.5375942550599575
  landing: 0.8900851346552372
  view-data: 3.443122621625662
