times:
  edit-metadata: 1.4324650689959526
  landing: 0.745738435536623
  view-data: 3.319704707711935
