times:
  edit-metadata: 1.861097440123558
  landing: 0.02209841925650835
  view-data: 0.12056433036923409
