times:
  edit-metadata: 1.7648696135729551
  landing: 0.019067431800067425
  view-data: 0.11879054829478264
