times:
  edit-metadata: 2.9029657505452633
  landing: 1.838321065530181
  view-data: 3.8607716597616673
