times:
  edit-metadata: 0.8928510280093178
  landing: 0.05185984098352492
  view-data: 0.2460747139994055
