times:
  edit-metadata: 2.1533771716058254
  landing: 1.243819572031498
  view-data: 3.5115574710071087
