times:
  edit-metadata: 0.8908262029290199
  landing: 0.05420124402735382
  view-data: 0.235023780958727
