times:
  edit-metadata: 1.4475441873073578
  landing: 0.7274591512978077
  view-data: 3.297676008194685
