times:
  edit-metadata: 0.8543769830139354
  landing: 0.05572342697996646
  view-data: 0.23738842096645385
