times:
  edit-metadata: 1.3667037151753902
  landing: 0.9066602624952793
  view-data: 3.46896140743047
