times:
  edit-metadata: 1.588872916996479
  landing: 0.8560729008167982
  view-data: 3.452095575630665
