times:
  edit-metadata: 1.7801858386956155
  landing: 1.1027643848210573
  view-data: 3.348292687907815
