times:
  edit-metadata: 0.8587187270168215
  landing: 0.054399227956309915
  view-data: 0.23319035302847624
