times:
  edit-metadata: 1.4744407963007689
  landing: 0.8238139320164919
  view-data: 3.3508276008069515
