times:
  edit-metadata: 1.577436261344701
  landing: 0.8730810731649399
  view-data: 3.301053423900157
