times:
  edit-metadata: 2.9929407704621553
  landing: 0.2969195619225502
  view-data: 0.4778344500809908
