times:
  edit-metadata: 0.8977824669855181
  landing: 0.06727879898971878
  view-data: 0.3462066610227339
