times:
  edit-metadata: 0.878788574016653
  landing: 0.07736949797254056
  view-data: 0.23877277795691043
