times:
  edit-metadata: 2.0241050254553556
  landing: 0.17587227560579777
  view-data: 0.3277796134352684
