times:
  edit-metadata: 1.4938616752624512
  landing: 0.9679962210357189
  view-data: 3.323032855987549
