times:
  edit-metadata: 1.491949673742056
  landing: 0.6947941891849041
  view-data: 3.2951548658311367
