times:
  edit-metadata: 0.858285958005581
  landing: 0.0661717610200867
  view-data: 0.27665592200355604
