times:
  edit-metadata: 1.4822823125869036
  landing: 0.9241260355338454
  view-data: 3.4070404171943665
