times:
  edit-metadata: 1.536921612918377
  landing: 0.821136150509119
  view-data: 3.3103025518357754
