times:
  edit-metadata: 1.4864347502589226
  landing: 0.9782136268913746
  view-data: 3.3648146241903305
