times:
  edit-metadata: 1.516770452260971
  landing: 0.8379408158361912
  view-data: 3.474364258348942
