times:
  edit-metadata: 1.5303292954340577
  landing: 0.8141018990427256
  view-data: 3.3976947590708733
