times:
  edit-metadata: 1.3385203089565039
  landing: 0.022293916903436184
  view-data: 0.12417660932987928
