times:
  edit-metadata: 1.5536204120144248
  landing: 1.0371601320803165
  view-data: 3.4492607209831476
