times:
  edit-metadata: 1.9470501262694597
  landing: 0.024253571406006813
  view-data: 0.02486458420753479
