times:
  edit-metadata: 1.5814040936529636
  landing: 0.9485991634428501
  view-data: 3.423846200108528
