times:
  edit-metadata: 1.5183582454919815
  landing: 0.7949694916605949
  view-data: 3.392524443566799
