times:
  edit-metadata: 1.8383827414363623
  landing: 0.12064479570835829
  view-data: 0.4191170558333397
