times:
  edit-metadata: 0.9037347109988332
  landing: 0.06949212588369846
  view-data: 0.23682142607867718
