times:
  edit-metadata: 1.8551891511306167
  landing: 0.01892397366464138
  view-data: 0.42333883233368397
