times:
  edit-metadata: 1.5222127977758646
  landing: 0.7881942167878151
  view-data: 3.3548319451510906
