times:
  edit-metadata: 1.9163405504077673
  landing: 0.02043100632727146
  view-data: 0.02388474904000759
