times:
  edit-metadata: 1.549648229032755
  landing: 0.9697419330477715
  view-data: 3.331121888011694
