times:
  edit-metadata: 1.9414743836969137
  landing: 0.20819870475679636
  view-data: 0.13340257294476032
