times:
  edit-metadata: 1.7193915592506528
  landing: 0.02266024798154831
  view-data: 0.026527291163802147
