times:
  edit-metadata: 1.4962414130568504
  landing: 0.8288864083588123
  view-data: 3.3967203348875046
