times:
  edit-metadata: 0.9558956490000128
  landing: 0.10774680499980605
  view-data: 0.3232167370006209
