times:
  edit-metadata: 0.4483994357287884
  landing: 0.04783315397799015
  view-data: 0.1898755244910717
