times:
  edit-metadata: 2.1308163246139884
  landing: 0.11676249280571938
  view-data: 0.05405556410551071
