times:
  edit-metadata: 1.8057611137628555
  landing: 0.1137348497286439
  view-data: 0.026768900454044342
