times:
  edit-metadata: 1.3663917817175388
  landing: 0.8531620092689991
  view-data: 3.3473047018051147
