times:
  edit-metadata: 0.8731945409963373
  landing: 0.07432118999713566
  view-data: 0.26388649200089276
