times:
  edit-metadata: 2.2333346167579293
  landing: 1.3905699728056788
  view-data: 3.5304743396118283
