times:
  edit-metadata: 1.3063271446153522
  landing: 0.022608179599046707
  view-data: 0.12717489525675774
