times:
  edit-metadata: 1.7949380464851856
  landing: 0.02043934538960457
  view-data: 0.12152132391929626
