times:
  edit-metadata: 1.5649336278438568
  landing: 0.8420809339731932
  view-data: 3.4635907765477896
