times:
  edit-metadata: 0.877924018073827
  landing: 0.04406654369086027
  view-data: 0.23258561361581087
