times:
  edit-metadata: 2.9312651846557856
  landing: 1.622833952307701
  view-data: 3.4502168837934732
