times:
  edit-metadata: 1.6579546444118023
  landing: 1.1541774682700634
  view-data: 3.3454270027577877
