times:
  edit-metadata: 1.6139240860939026
  landing: 0.994771346449852
  view-data: 3.4680459797382355
