times:
  edit-metadata: 1.89205377176404
  landing: 0.02238013595342636
  view-data: 0.13715331628918648
