times:
  edit-metadata: 1.9059464912861586
  landing: 0.20704827830195427
  view-data: 0.024018829688429832
