times:
  edit-metadata: 1.6523521915078163
  landing: 1.0125538855791092
  view-data: 3.3376033268868923
