times:
  edit-metadata: 1.5436498876661062
  landing: 0.7529381811618805
  view-data: 3.38703647069633
