times:
  edit-metadata: 2.0272976364940405
  landing: 0.13134264200925827
  view-data: 0.025354260578751564
