times:
  edit-metadata: 1.894356183707714
  landing: 0.1416959883645177
  view-data: 0.24840422254055738
