times:
  edit-metadata: 1.6133731380105019
  landing: 1.1781733445823193
  view-data: 3.4391174875199795
