times:
  edit-metadata: 4.05770643427968
  landing: 1.9270013011991978
  view-data: 3.7008083909749985
