times:
  edit-metadata: 0.8818271649070084
  landing: 0.055462674237787724
  view-data: 0.2420747666619718
