times:
  edit-metadata: 1.3570284759625793
  landing: 0.023356711491942406
  view-data: 0.027230706997215748
