times:
  edit-metadata: 1.4969651848077774
  landing: 0.7748664822429419
  view-data: 3.414556248113513
