times:
  edit-metadata: 1.5382237993180752
  landing: 0.9393227659165859
  view-data: 3.411207690834999
