times:
  edit-metadata: 1.85425447486341
  landing: 0.12493654154241085
  view-data: 0.29517284594476223
