times:
  edit-metadata: 0.46691706124693155
  landing: 0.04138210881501436
  view-data: 0.20759075228124857
