times:
  edit-metadata: 0.40266117453575134
  landing: 0.035970207303762436
  view-data: 0.1908740997314453
