times:
  edit-metadata: 1.4100431203842163
  landing: 0.019590415060520172
  view-data: 0.3246078584343195
