times:
  edit-metadata: 1.7139122914522886
  landing: 0.21553824841976166
  view-data: 0.40299562737345695
