times:
  edit-metadata: 0.4327886311803013
  landing: 0.0716289549600333
  view-data: 0.21075340313836932
