times:
  edit-metadata: 1.3556654807180166
  landing: 0.1205727169290185
  view-data: 0.4488471271470189
