times:
  edit-metadata: 0.6227965980069712
  landing: 0.048604279989376664
  view-data: 0.1951830229954794
