times:
  edit-metadata: 0.4696475528180599
  landing: 0.039769548922777176
  view-data: 0.1936176000162959
