times:
  edit-metadata: 1.393559880554676
  landing: 0.180188225582242
  view-data: 0.14399479515850544
