times:
  edit-metadata: 1.6679444024339318
  landing: 0.6987728578969836
  view-data: 3.4247853932902217
