times:
  edit-metadata: 0.4226345159113407
  landing: 0.05604295805096626
  view-data: 0.2103898930363357
