times:
  edit-metadata: 0.4518880918622017
  landing: 0.05313984816893935
  view-data: 0.19646726502105594
