times:
  edit-metadata: 1.3274091947823763
  landing: 0.020015214569866657
  view-data: 0.025458231568336487
