times:
  edit-metadata: 0.46263716742396355
  landing: 0.042296988889575005
  view-data: 0.18909782730042934
