times:
  edit-metadata: 0.47481946367770433
  landing: 0.049415347166359425
  view-data: 0.1951055694371462
