times:
  edit-metadata: 1.36565906368196
  landing: 0.1346683632582426
  view-data: 0.27489869482815266
