times:
  edit-metadata: 1.637332659214735
  landing: 0.8246798794716597
  view-data: 3.307462342083454
