times:
  edit-metadata: 0.6324544210219756
  landing: 0.04814751597587019
  view-data: 0.1892211509984918
