times:
  edit-metadata: 2.120493912138045
  landing: 0.3658585734665394
  view-data: 0.7076092436909676
