times:
  edit-metadata: 3.8474509306252003
  landing: 2.0528473928570747
  view-data: 4.938599552959204
