times:
  edit-metadata: 1.3987872526049614
  landing: 0.9502553828060627
  view-data: 3.441546455025673
