times:
  edit-metadata: 0.42493901611305773
  landing: 0.06688673398457468
  view-data: 0.20294265495613217
