times:
  edit-metadata: 0.4223667089827359
  landing: 0.04524107603356242
  view-data: 0.19413462607190013
