times:
  edit-metadata: 1.3106936607509851
  landing: 0.020538439974188805
  view-data: 0.3501695264130831
