times:
  edit-metadata: 1.3944593109190464
  landing: 0.020879914984107018
  view-data: 0.10159583203494549
