times:
  edit-metadata: 1.3082519443705678
  landing: 0.024537493474781513
  view-data: 0.024964850395917892
