times:
  edit-metadata: 1.4112545289099216
  landing: 0.054381368681788445
  view-data: 0.3217436205595732
