times:
  edit-metadata: 1.3749738465994596
  landing: 0.022561403922736645
  view-data: 0.21354818437248468
