times:
  edit-metadata: 2.9139407761394978
  landing: 1.4368353225290775
  view-data: 3.9413034170866013
