times:
  edit-metadata: 0.4192728460766375
  landing: 0.08720281603746116
  view-data: 0.20766083197668195
