times:
  edit-metadata: 0.4756643739528954
  landing: 0.055142899975180626
  view-data: 0.19173181569203734
