times:
  edit-metadata: 0.41933457399136387
  landing: 0.06815951399039477
  view-data: 0.3392640950041823
