times:
  edit-metadata: 0.5695351618342102
  landing: 0.0727141359820962
  view-data: 0.35969875333830714
