times:
  edit-metadata: 1.6396420560777187
  landing: 0.24794980511069298
  view-data: 0.17298314720392227
