times:
  edit-metadata: 0.6349158009979874
  landing: 0.04105125099886209
  view-data: 0.19894301996100694
