times:
  edit-metadata: 4.69724097289145
  landing: 2.099564602598548
  view-data: 3.769841708242893
