times:
  edit-metadata: 1.583104059100151
  landing: 0.933912206441164
  view-data: 3.389008540660143
