times:
  edit-metadata: 1.3852106565609574
  landing: 0.020956247113645077
  view-data: 0.3766252975910902
