times:
  edit-metadata: 2.1468785516917706
  landing: 1.6209665946662426
  view-data: 3.7264056652784348
