times:
  edit-metadata: 0.5232241129997419
  landing: 0.06291088899888564
  view-data: 0.2164363899937598
