times:
  edit-metadata: 0.6441191569902003
  landing: 0.04511473816819489
  view-data: 0.19388816901482642
