times:
  edit-metadata: 1.4322376884520054
  landing: 0.17147794552147388
  view-data: 0.023738164454698563
