times:
  edit-metadata: 1.3191766226664186
  landing: 0.020036503672599792
  view-data: 0.11720970831811428
