times:
  edit-metadata: 1.3824268709868193
  landing: 0.02097547985613346
  view-data: 0.12747596576809883
