times:
  edit-metadata: 1.3268037289381027
  landing: 0.021606032736599445
  view-data: 0.10642559081315994
