times:
  edit-metadata: 1.6183195225894451
  landing: 0.020524729043245316
  view-data: 0.35957339219748974
