times:
  edit-metadata: 0.7769862138666213
  landing: 0.07878399407491088
  view-data: 0.2542584529146552
