times:
  edit-metadata: 1.6313081260304898
  landing: 0.8974435869604349
  view-data: 3.3174131909618154
