times:
  edit-metadata: 0.6289506061002612
  landing: 0.04687421605922282
  view-data: 0.18393462197855115
