times:
  edit-metadata: 0.47619753796607256
  landing: 0.05123012512922287
  view-data: 0.19752813875675201
