times:
  edit-metadata: 1.3038924373686314
  landing: 0.019387265667319298
  view-data: 0.32118421606719494
