times:
  edit-metadata: 1.469990452984348
  landing: 0.8760129569564015
  view-data: 3.340892266947776
