times:
  edit-metadata: 0.6345698870718479
  landing: 0.04172248626127839
  view-data: 0.19662279868498445
