times:
  edit-metadata: 0.7338813659735024
  landing: 0.06462244596332312
  view-data: 0.21820300491526723
