times:
  edit-metadata: 0.4570014253258705
  landing: 0.04537834785878658
  view-data: 0.19919927418231964
