times:
  edit-metadata: 1.4705229587852955
  landing: 0.21355186123400927
  view-data: 0.12163326051086187
