times:
  edit-metadata: 1.3205173015594482
  landing: 0.11628034710884094
  view-data: 0.12232930213212967
