times:
  edit-metadata: 1.4610584825277328
  landing: 1.5239932835102081
  view-data: 3.487705761566758
