times:
  edit-metadata: 0.5003622089861892
  landing: 0.059920297004282475
  view-data: 0.21129289298551157
