times:
  edit-metadata: 0.6185383340052795
  landing: 0.04309025300608482
  view-data: 0.19504312399658374
