times:
  edit-metadata: 0.42169467301573604
  landing: 0.05680935794953257
  view-data: 0.20154695794917643
