times:
  edit-metadata: 1.7789157032966614
  landing: 0.9995205253362656
  view-data: 3.5227119009941816
