times:
  edit-metadata: 1.3506500385701656
  landing: 0.02087890449911356
  view-data: 0.02742157317698002
