times:
  edit-metadata: 1.4860304202884436
  landing: 0.2638530731201172
  view-data: 0.15743305534124374
