times:
  edit-metadata: 0.6093237940222025
  landing: 0.04865144519135356
  view-data: 0.1809192500077188
