times:
  edit-metadata: 1.3363303951919079
  landing: 0.02059093676507473
  view-data: 0.02582897525280714
