times:
  edit-metadata: 2.993220243602991
  landing: 1.6449840068817139
  view-data: 3.4496666975319386
