times:
  edit-metadata: 2.3068646751344204
  landing: 1.0428767949342728
  view-data: 3.9039828442037106
