times:
  edit-metadata: 1.2902657175436616
  landing: 0.11538895964622498
  view-data: 0.02685506921261549
