times:
  edit-metadata: 1.589989185333252
  landing: 1.8557478561997414
  view-data: 3.321772564202547
