times:
  edit-metadata: 0.4068068639971898
  landing: 0.06741051100107143
  view-data: 0.20989951999945333
