times:
  edit-metadata: 1.4760645776987076
  landing: 0.892006654292345
  view-data: 3.2847670949995518
