times:
  edit-metadata: 0.4872952069854364
  landing: 0.07352978299604729
  view-data: 0.2205496720271185
