times:
  edit-metadata: 0.48595880903303623
  landing: 0.06344297900795937
  view-data: 0.212053915951401
