times:
  edit-metadata: 0.4899472719989717
  landing: 0.06674100132659078
  view-data: 0.20929149305447936
