times:
  edit-metadata: 1.3486672071740031
  landing: 0.14682055730372667
  view-data: 0.4312404878437519
