times:
  edit-metadata: 1.3901843465864658
  landing: 0.02168896049261093
  view-data: 0.025694350712001324
