times:
  edit-metadata: 1.3575321319513023
  landing: 0.8654619429726154
  view-data: 3.351230562897399
