times:
  edit-metadata: 1.5553019023500383
  landing: 0.8427730170078576
  view-data: 3.3786908579058945
