times:
  edit-metadata: 1.2658178862184286
  landing: 0.01994390692561865
  view-data: 0.027802273631095886
