times:
  edit-metadata: 1.4207726158201694
  landing: 0.9021508768200874
  view-data: 3.3341876342892647
