times:
  edit-metadata: 1.8580578323453665
  landing: 0.7530131172388792
  view-data: 3.67997501604259
