times:
  edit-metadata: 1.687318604439497
  landing: 1.0798179246485233
  view-data: 3.398257337510586
