times:
  edit-metadata: 1.4978934153914452
  landing: 0.7807941399514675
  view-data: 3.2890607975423336
