times:
  edit-metadata: 1.3051938731223345
  landing: 0.11854362394660711
  view-data: 0.19862045627087355
