times:
  edit-metadata: 1.4793045576661825
  landing: 0.2596909124404192
  view-data: 0.522376973181963
