times:
  edit-metadata: 2.73918048851192
  landing: 1.1455624531954527
  view-data: 3.2695101965218782
