times:
  edit-metadata: 3.818451941013336
  landing: 1.6561324317008257
  view-data: 4.315559388138354
