times:
  edit-metadata: 1.3710552901029587
  landing: 0.023872260004281998
  view-data: 0.025634778663516045
