times:
  edit-metadata: 1.4422963139368221
  landing: 0.8021989419357851
  view-data: 3.331928628962487
