times:
  edit-metadata: 1.6583133786916733
  landing: 0.9628495238721371
  view-data: 3.4950404204428196
