times:
  edit-metadata: 0.6110717179835774
  landing: 0.040677984012290835
  view-data: 0.18603462798637338
