times:
  edit-metadata: 1.4731811569072306
  landing: 0.7456071060150862
  view-data: 3.3403020470868796
