times:
  edit-metadata: 0.6325648361817002
  landing: 0.06627623783424497
  view-data: 0.32270362693816423
