times:
  edit-metadata: 1.41726048104465
  landing: 0.7890112586319447
  view-data: 3.3076941571198404
