times:
  edit-metadata: 1.51493401825428
  landing: 0.8395612761378288
  view-data: 3.3301863744854927
