times:
  edit-metadata: 1.3651080969721079
  landing: 0.1489261519163847
  view-data: 0.02294294163584709
