times:
  edit-metadata: 1.8247965835034847
  landing: 0.6969762649387121
  view-data: 3.4506565164774656
