times:
  edit-metadata: 0.5959767787717283
  landing: 0.052831696812063456
  view-data: 0.20128301018849015
