times:
  edit-metadata: 3.479786530137062
  landing: 1.4044026527553797
  view-data: 3.7660874780267477
