times:
  edit-metadata: 0.6726205050945282
  landing: 0.056769547052681446
  view-data: 0.18316987319849432
