times:
  edit-metadata: 1.3537245485931635
  landing: 0.021419450640678406
  view-data: 0.12045508716255426
