times:
  edit-metadata: 0.6331909690052271
  landing: 0.04674190899822861
  view-data: 0.19231028598733246
