times:
  edit-metadata: 1.3672453159233555
  landing: 0.8685627450468019
  view-data: 3.3838616849388927
