times:
  edit-metadata: 1.4492215290665627
  landing: 0.7292678467929363
  view-data: 3.3223242983222008
