times:
  edit-metadata: 1.4002251913771033
  landing: 0.14954203367233276
  view-data: 0.024513632990419865
