times:
  edit-metadata: 4.45418706536293
  landing: 2.1206864044070244
  view-data: 3.805607531219721
