times:
  edit-metadata: 1.5665965811349452
  landing: 0.764282796997577
  view-data: 3.4098305692896247
