times:
  edit-metadata: 0.42346272012218833
  landing: 0.06893160403706133
  view-data: 0.22367300395853817
