times:
  edit-metadata: 0.4593865470960736
  landing: 0.038021490909159184
  view-data: 0.20070864772424102
