times:
  edit-metadata: 1.3417743351310492
  landing: 0.019726691767573357
  view-data: 0.119840401224792
