times:
  edit-metadata: 0.4423218080191873
  landing: 0.0669145510182716
  view-data: 0.21662349899997935
