times:
  edit-metadata: 1.3784599639475346
  landing: 0.19850341975688934
  view-data: 0.36280384846031666
