times:
  edit-metadata: 0.6225908352062106
  landing: 0.045277080964297056
  view-data: 0.19605917809531093
