times:
  edit-metadata: 0.43295348691754043
  landing: 0.07774874591268599
  view-data: 0.21089808200486004
