times:
  edit-metadata: 0.39272087812423706
  landing: 0.03970034047961235
  view-data: 0.19552519172430038
