times:
  edit-metadata: 1.6010022312402725
  landing: 0.7433519251644611
  view-data: 3.3684497755020857
