times:
  edit-metadata: 1.4771499042399228
  landing: 0.726183857768774
  view-data: 3.321693481877446
