times:
  edit-metadata: 1.5661913948133588
  landing: 0.8432380184531212
  view-data: 3.438420313410461
