times:
  edit-metadata: 2.4697449654340744
  landing: 1.4635388236492872
  view-data: 3.823763696476817
