times:
  edit-metadata: 1.3004510886967182
  landing: 0.12479455769062042
  view-data: 0.12067336868494749
