times:
  edit-metadata: 0.4590673614293337
  landing: 0.0493121687322855
  view-data: 0.20259598921984434
