times:
  edit-metadata: 1.325855647213757
  landing: 0.02252224273979664
  view-data: 0.19242335483431816
