times:
  edit-metadata: 0.4246673040324822
  landing: 0.055144036072306335
  view-data: 0.2049243460642174
