times:
  edit-metadata: 1.3788664799649268
  landing: 0.6898806339595467
  view-data: 3.3206894749309868
