times:
  edit-metadata: 1.7014456428587437
  landing: 0.8192123137414455
  view-data: 3.3566678278148174
