times:
  edit-metadata: 1.5561767918989062
  landing: 0.907322813058272
  view-data: 3.451736931921914
