times:
  edit-metadata: 1.3249016925692558
  landing: 0.12176741659641266
  view-data: 0.025998500175774097
