times:
  edit-metadata: 1.672280516475439
  landing: 0.9516138974577188
  view-data: 3.357361849397421
