times:
  edit-metadata: 1.4642195031046867
  landing: 0.9527636356651783
  view-data: 3.3014254607260227
