times:
  edit-metadata: 1.3878022003918886
  landing: 0.20942572131752968
  view-data: 0.12263740040361881
