times:
  edit-metadata: 0.6338738970225677
  landing: 0.04870061401743442
  view-data: 0.19277179904747754
