times:
  edit-metadata: 1.6382998917251825
  landing: 0.02096729166805744
  view-data: 0.5197882670909166
