times:
  edit-metadata: 0.4268259759992361
  landing: 0.054991420125588775
  view-data: 0.3464895789511502
