times:
  edit-metadata: 1.4931969959288836
  landing: 0.14852138049900532
  view-data: 0.362646721303463
