times:
  edit-metadata: 1.313650069758296
  landing: 0.14854934252798557
  view-data: 0.10647876374423504
