times:
  edit-metadata: 1.4912726040929556
  landing: 0.2069980800151825
  view-data: 0.028606459498405457
