times:
  edit-metadata: 0.6004990779329091
  landing: 0.0480437430087477
  view-data: 0.18545563984662294
