times:
  edit-metadata: 0.4820166160352528
  landing: 0.04160416824743152
  view-data: 0.20596578205004334
