times:
  edit-metadata: 1.8870967272669077
  landing: 1.3462321422994137
  view-data: 3.4366384353488684
