times:
  edit-metadata: 0.5952413738705218
  landing: 0.05382281285710633
  view-data: 0.18310818495228887
