times:
  edit-metadata: 1.37610044144094
  landing: 0.022521402686834335
  view-data: 0.123751200735569
