times:
  edit-metadata: 0.6312000150792301
  landing: 0.03790928889065981
  view-data: 0.18676529033109546
