times:
  edit-metadata: 2.907227035611868
  landing: 0.046902382746338844
  view-data: 0.057346925139427185
