times:
  edit-metadata: 0.4654291607439518
  landing: 0.03911464428529143
  view-data: 0.1958867283537984
