times:
  edit-metadata: 0.5100614479742944
  landing: 0.14088227599859238
  view-data: 0.21404946502298117
