times:
  edit-metadata: 1.2613544469932094
  landing: 0.7823580029653385
  view-data: 3.292066190042533
