times:
  edit-metadata: 1.3238801965489984
  landing: 0.02241736836731434
  view-data: 0.024446151219308376
