times:
  edit-metadata: 0.4922890290617943
  landing: 0.06071475148200989
  view-data: 0.19426727201789618
