times:
  edit-metadata: 2.808306336402893
  landing: 2.5950785391032696
  view-data: 3.7895875573158264
