times:
  edit-metadata: 0.670019359793514
  landing: 0.043246648041531444
  view-data: 0.18689866992644966
