times:
  edit-metadata: 0.6340216229436919
  landing: 0.0466766000026837
  view-data: 0.1989924400113523
