times:
  edit-metadata: 0.4758032229728997
  landing: 0.04625708796083927
  view-data: 0.19925512466579676
