times:
  edit-metadata: 0.5353116260084789
  landing: 0.0777830479783006
  view-data: 0.24427184398518875
