times:
  edit-metadata: 0.46599162742495537
  landing: 0.03922167606651783
  view-data: 0.19444445427507162
