times:
  edit-metadata: 0.40854675305308774
  landing: 0.07315312896389514
  view-data: 0.20073918101843446
