times:
  edit-metadata: 1.4971934370696545
  landing: 0.8203460769727826
  view-data: 3.360849879682064
