times:
  edit-metadata: 1.7566975634545088
  landing: 0.746835496276617
  view-data: 3.6709590069949627
