times:
  edit-metadata: 0.4199082301929593
  landing: 0.06958359014242887
  view-data: 0.2210061103105545
