times:
  edit-metadata: 1.5624239332973957
  landing: 0.7954438738524914
  view-data: 3.396363276988268
