times:
  edit-metadata: 0.488802433013916
  landing: 0.06042726698797196
  view-data: 0.21302641392685473
