times:
  edit-metadata: 1.6785238720476627
  landing: 1.0032967254519463
  view-data: 3.4220661520957947
