times:
  edit-metadata: 1.3015399342402816
  landing: 0.11500596348196268
  view-data: 0.022808431647717953
