times:
  edit-metadata: 1.3243358172476292
  landing: 0.16584493964910507
  view-data: 0.1369235459715128
