times:
  edit-metadata: 0.47311073169112206
  landing: 0.03898767568171024
  view-data: 0.1882211286574602
