times:
  edit-metadata: 1.441500999033451
  landing: 1.0084001906216145
  view-data: 3.394611481577158
