times:
  edit-metadata: 0.4112774394452572
  landing: 0.04515999183058739
  view-data: 0.19646864756941795
