times:
  edit-metadata: 1.5839452780783176
  landing: 0.7105785831809044
  view-data: 3.3528026044368744
