times:
  edit-metadata: 1.3868195749819279
  landing: 0.20009040087461472
  view-data: 0.32677650079131126
