times:
  edit-metadata: 1.3793338313698769
  landing: 0.018386146053671837
  view-data: 0.04571525566279888
