times:
  edit-metadata: 1.576606895774603
  landing: 0.814874317497015
  view-data: 3.425217282027006
