times:
  edit-metadata: 1.9893084466457367
  landing: 0.14549817144870758
  view-data: 0.15071622096002102
