times:
  edit-metadata: 1.8960953000932932
  landing: 0.637659290805459
  view-data: 3.428838459774852
