times:
  edit-metadata: 1.359390833415091
  landing: 0.022536154836416245
  view-data: 0.1870929440483451
