times:
  edit-metadata: 1.4461398120038211
  landing: 0.7141265850514174
  view-data: 3.368250377010554
