times:
  edit-metadata: 1.3733624648302794
  landing: 0.01930629462003708
  view-data: 0.02769184485077858
