times:
  edit-metadata: 1.4702237248420715
  landing: 1.1299820896238089
  view-data: 3.3548679277300835
