times:
  edit-metadata: 1.6280743554234505
  landing: 0.21286380290985107
  view-data: 0.026816802099347115
