times:
  edit-metadata: 0.62994182104012
  landing: 0.03859327401733026
  view-data: 0.1928544919937849
