times:
  edit-metadata: 4.092398103326559
  landing: 2.4801153037697077
  view-data: 4.446193231269717
