times:
  edit-metadata: 1.337770071811974
  landing: 0.026389959268271923
  view-data: 0.13117837999016047
