times:
  edit-metadata: 1.382913637906313
  landing: 0.02053847163915634
  view-data: 0.12769060395658016
