times:
  edit-metadata: 1.4823056310415268
  landing: 0.7325960360467434
  view-data: 3.316581714898348
