times:
  edit-metadata: 1.6057873517274857
  landing: 0.8138731904327869
  view-data: 3.395179182291031
