times:
  edit-metadata: 0.45170688116922975
  landing: 0.04511788813397288
  view-data: 0.19148907577618957
