times:
  edit-metadata: 1.4093994805589318
  landing: 0.022582451812922955
  view-data: 0.19793697074055672
