times:
  edit-metadata: 1.3878660714253783
  landing: 0.1619377164170146
  view-data: 0.46821841038763523
