times:
  edit-metadata: 0.39247602969408035
  landing: 0.04122801497578621
  view-data: 0.18753527104854584
