times:
  edit-metadata: 0.406221668003127
  landing: 0.05921774893067777
  view-data: 0.19756314880214632
