times:
  edit-metadata: 0.6209198329597712
  landing: 0.04957808181643486
  view-data: 0.1812442042864859
