times:
  edit-metadata: 1.3788628820329905
  landing: 0.17911617271602154
  view-data: 0.02399098314344883
