times:
  edit-metadata: 0.47983782600203995
  landing: 0.07439462099864613
  view-data: 0.22655149700585753
