times:
  edit-metadata: 1.388195976614952
  landing: 0.023628829047083855
  view-data: 0.3586308304220438
