times:
  edit-metadata: 1.3072777399793267
  landing: 0.019773704931139946
  view-data: 0.025360162369906902
