times:
  edit-metadata: 1.3164100218564272
  landing: 0.02092308085411787
  view-data: 0.023845490999519825
