times:
  edit-metadata: 2.1250242330133915
  landing: 1.2005375400185585
  view-data: 3.359120149165392
