times:
  edit-metadata: 1.3162535335868597
  landing: 0.02021249383687973
  view-data: 0.023832179605960846
