times:
  edit-metadata: 0.6370275430381298
  landing: 0.042746499995701015
  view-data: 0.19715569191612303
