times:
  edit-metadata: 0.8047028160654008
  landing: 0.05832316493615508
  view-data: 0.23661118489690125
