times:
  edit-metadata: 0.4197532918769866
  landing: 0.06772619392722845
  view-data: 0.2074359729886055
