times:
  edit-metadata: 0.6380512400064617
  landing: 0.043707199045456946
  view-data: 0.19273419003002346
