times:
  edit-metadata: 1.4729848047718406
  landing: 0.8224083734676242
  view-data: 3.4116305354982615
