times:
  edit-metadata: 1.3898571226745844
  landing: 0.7343898257240653
  view-data: 3.3813914423808455
