times:
  edit-metadata: 3.4178670309484005
  landing: 1.9422091990709305
  view-data: 3.8343682773411274
