times:
  edit-metadata: 0.4293650428298861
  landing: 0.06995276315137744
  view-data: 0.19077592412941158
