times:
  edit-metadata: 1.3302205326035619
  landing: 0.022678684443235397
  view-data: 0.02711903676390648
