times:
  edit-metadata: 0.4740411015227437
  landing: 0.04414079152047634
  view-data: 0.19880496989935637
