times:
  edit-metadata: 0.4136443610768765
  landing: 0.06912917806766927
  view-data: 0.2102463450282812
