times:
  edit-metadata: 0.48404196416959167
  landing: 0.03963455371558666
  view-data: 0.19817846734076738
