times:
  edit-metadata: 1.8247017059475183
  landing: 0.9869342036545277
  view-data: 3.3883876223117113
