times:
  edit-metadata: 3.4173626974225044
  landing: 1.8856993205845356
  view-data: 3.476236257702112
