times:
  edit-metadata: 1.4124019388109446
  landing: 0.022768734022974968
  view-data: 0.10613357275724411
