times:
  edit-metadata: 0.4757473520003259
  landing: 0.050107430666685104
  view-data: 0.20003327913582325
