times:
  edit-metadata: 1.4909875132143497
  landing: 0.7175185345113277
  view-data: 3.2696359753608704
