times:
  edit-metadata: 0.47230288945138454
  landing: 0.044780720956623554
  view-data: 0.18957327865064144
