times:
  edit-metadata: 0.45655192667618394
  landing: 0.04765612259507179
  view-data: 0.19639543723315
