times:
  edit-metadata: 1.652716290205717
  landing: 3.0224586576223373
  view-data: 3.321265611797571
