times:
  edit-metadata: 0.3972087502479553
  landing: 0.040338512510061264
  view-data: 0.18610947206616402
