times:
  edit-metadata: 0.4415722530102357
  landing: 0.061399495985824615
  view-data: 0.21773479199327994
