times:
  edit-metadata: 0.6346136308275163
  landing: 0.044955127872526646
  view-data: 0.1794232940301299
