times:
  edit-metadata: 0.4444716922007501
  landing: 0.044073344208300114
  view-data: 0.19432007614523172
