times:
  edit-metadata: 0.6401076891925186
  landing: 0.05081892292946577
  view-data: 0.19756498909555376
