times:
  edit-metadata: 1.354907140135765
  landing: 0.019865181297063828
  view-data: 0.026795197278261185
