times:
  edit-metadata: 1.2798409704118967
  landing: 0.12368323002010584
  view-data: 0.02576352283358574
