times:
  edit-metadata: 1.7872877046465874
  landing: 0.9684469569474459
  view-data: 3.385665625333786
