times:
  edit-metadata: 0.5032219430431724
  landing: 0.0691373449517414
  view-data: 0.20729317795485258
