times:
  edit-metadata: 0.462767681106925
  landing: 0.04392250906676054
  view-data: 0.18952020723372698
