times:
  edit-metadata: 1.742333272472024
  landing: 0.8194514084607363
  view-data: 3.3475550394505262
