times:
  edit-metadata: 1.8905738396570086
  landing: 0.30146424379199743
  view-data: 0.6122932154685259
