times:
  edit-metadata: 0.7167476173490286
  landing: 0.0654220450669527
  view-data: 0.22222976433113217
