times:
  edit-metadata: 1.3415631242096424
  landing: 0.019128315150737762
  view-data: 0.2638510800898075
