times:
  edit-metadata: 0.40802107308991253
  landing: 0.07374368398450315
  view-data: 0.34691928792744875
