times:
  edit-metadata: 1.3264936730265617
  landing: 0.02317111473530531
  view-data: 0.12311127502471209
