times:
  edit-metadata: 0.5012512058019638
  landing: 0.048616256564855576
  view-data: 0.1828317791223526
