times:
  edit-metadata: 0.4336524640675634
  landing: 0.06661055097356439
  view-data: 0.2165708860848099
