times:
  edit-metadata: 1.5810945695266128
  landing: 0.8585411813110113
  view-data: 3.471111483871937
