times:
  edit-metadata: 0.5748796699917875
  landing: 0.08684872701996937
  view-data: 0.21266016300069168
