times:
  edit-metadata: 1.521533377468586
  landing: 0.6828276161104441
  view-data: 3.300563900731504
