times:
  edit-metadata: 3.545984882861376
  landing: 2.3026568833738565
  view-data: 3.6603938415646553
