times:
  edit-metadata: 1.2847063494846225
  landing: 0.0228028642013669
  view-data: 0.025854486972093582
