times:
  edit-metadata: 1.7267764024436474
  landing: 0.7525634225457907
  view-data: 3.4487198404967785
