times:
  edit-metadata: 0.6353240020107478
  landing: 0.04415839503053576
  view-data: 0.19209246698301286
