times:
  edit-metadata: 1.5863719675689936
  landing: 0.7456091810017824
  view-data: 3.5678174644708633
