times:
  edit-metadata: 1.6103043472394347
  landing: 0.9848209763877094
  view-data: 3.4380553159862757
