times:
  edit-metadata: 0.46573065873235464
  landing: 0.044520238414406776
  view-data: 0.1947882198728621
