times:
  edit-metadata: 1.39880502037704
  landing: 0.19200501311570406
  view-data: 0.20853476505726576
