times:
  edit-metadata: 1.3754581026732922
  landing: 0.12424125988036394
  view-data: 0.11974323727190495
