times:
  edit-metadata: 1.3171250987797976
  landing: 0.021431060507893562
  view-data: 0.12966756708920002
