times:
  edit-metadata: 1.8494754023849964
  landing: 0.9430441334843636
  view-data: 3.3681862577795982
