times:
  edit-metadata: 0.65214739786461
  landing: 0.06281113717705011
  view-data: 0.2157910456880927
