times:
  edit-metadata: 1.5467952229082584
  landing: 0.8833853304386139
  view-data: 3.432872887700796
