times:
  edit-metadata: 3.877921912819147
  landing: 1.6570803970098495
  view-data: 3.3625858053565025
