times:
  edit-metadata: 0.6371420319192111
  landing: 0.050757905934005976
  view-data: 0.195577222853899
