times:
  edit-metadata: 1.5483388304710388
  landing: 0.8587124552577734
  view-data: 3.460432386957109
