times:
  edit-metadata: 0.6365704392082989
  landing: 0.042713573668152094
  view-data: 0.19855335401371121
