times:
  edit-metadata: 1.299561731517315
  landing: 0.0208508912473917
  view-data: 0.4049357259646058
