times:
  edit-metadata: 1.390647815540433
  landing: 0.020994069054722786
  view-data: 0.3124107327312231
