times:
  edit-metadata: 0.45658697932958603
  landing: 0.04881101939827204
  view-data: 0.1982835028320551
