times:
  edit-metadata: 0.6317224910017103
  landing: 0.05380395503016189
  view-data: 0.18899762094952166
