times:
  edit-metadata: 2.012150179594755
  landing: 2.130543539300561
  view-data: 3.409095600247383
