times:
  edit-metadata: 1.3720640186220407
  landing: 0.8193448288366199
  view-data: 2.0781537014991045
