times:
  edit-metadata: 1.454088319092989
  landing: 0.795975532848388
  view-data: 3.3966976907104254
