times:
  edit-metadata: 0.5319115160018555
  landing: 0.041220478000468574
  view-data: 0.1923897800006671
