times:
  edit-metadata: 0.48572214925661683
  landing: 0.06533895805478096
  view-data: 0.1998866624198854
