times:
  edit-metadata: 1.332936522550881
  landing: 0.021071302704513073
  view-data: 0.1013461397960782
