times:
  edit-metadata: 1.3312924411147833
  landing: 0.020777808502316475
  view-data: 0.02557704970240593
