times:
  edit-metadata: 1.468783089891076
  landing: 0.019943131133913994
  view-data: 0.35019334964454174
