times:
  edit-metadata: 0.5395294101908803
  landing: 0.06753321504220366
  view-data: 0.31200550124049187
