times:
  edit-metadata: 0.5057310611009598
  landing: 0.046873390674591064
  view-data: 0.18398213386535645
