times:
  edit-metadata: 1.3895831103436649
  landing: 0.8665712289512157
  view-data: 3.356046736240387
