times:
  edit-metadata: 0.6176744459953625
  landing: 0.11529362201690674
  view-data: 0.22851527101011015
