times:
  edit-metadata: 1.8485596626996994
  landing: 1.1746788620948792
  view-data: 3.408107414841652
