times:
  edit-metadata: 1.3333461489528418
  landing: 0.01920828316360712
  view-data: 0.026107206009328365
