times:
  edit-metadata: 1.8259702054783702
  landing: 0.0218789866194129
  view-data: 0.14731635339558125
