times:
  edit-metadata: 0.6543204099871218
  landing: 0.041852896800264716
  view-data: 0.3112172740511596
