times:
  edit-metadata: 1.4328123610466719
  landing: 0.19577225111424923
  view-data: 0.326222762465477
