times:
  edit-metadata: 0.45935839181765914
  landing: 0.04188081994652748
  view-data: 0.198217264842242
