times:
  edit-metadata: 0.7593846099916846
  landing: 0.05776976002380252
  view-data: 0.2106373968999833
