times:
  edit-metadata: 1.9660318959504366
  landing: 2.495147140696645
  view-data: 3.700032016262412
