times:
  edit-metadata: 1.6269230898469687
  landing: 0.6866567824035883
  view-data: 3.3901222199201584
