times:
  edit-metadata: 1.3178449608385563
  landing: 0.11741693876683712
  view-data: 0.12169618345797062
