times:
  edit-metadata: 1.3367363261058927
  landing: 0.7662771195173264
  view-data: 3.3550624707713723
