times:
  edit-metadata: 0.4632435687817633
  landing: 0.04964146390557289
  view-data: 0.1965006161481142
