times:
  edit-metadata: 1.3778538266196847
  landing: 0.019827011972665787
  view-data: 0.024237806908786297
