times:
  edit-metadata: 0.8211730050388724
  landing: 0.06821243790909648
  view-data: 0.2113355421461165
