times:
  edit-metadata: 0.4491746691055596
  landing: 0.04647565819323063
  view-data: 0.1888976451009512
