times:
  edit-metadata: 0.6239683540043188
  landing: 0.042879264990915544
  view-data: 0.1957230930129299
