times:
  edit-metadata: 1.5144292702898383
  landing: 0.8732433654367924
  view-data: 3.360102622769773
