times:
  edit-metadata: 0.4543833965435624
  landing: 0.03610474616289139
  view-data: 0.2209254875779152
