times:
  edit-metadata: 1.5306495409458876
  landing: 0.8459869716316462
  view-data: 3.3686198387295008
