times:
  edit-metadata: 1.3697939291596413
  landing: 0.9508425146341324
  view-data: 3.3704328164458275
