times:
  edit-metadata: 0.5013427670346573
  landing: 0.07412638096138835
  view-data: 0.2179301040014252
