times:
  edit-metadata: 0.41234470531344414
  landing: 0.03874150291085243
  view-data: 0.1873105801641941
