times:
  edit-metadata: 1.638321002945304
  landing: 0.7523664105683565
  view-data: 3.374668436124921
