times:
  edit-metadata: 1.3513085078448057
  landing: 0.023505911231040955
  view-data: 0.024005308747291565
