times:
  edit-metadata: 1.388820193707943
  landing: 0.16635853983461857
  view-data: 0.32476789876818657
