times:
  edit-metadata: 1.6575703974813223
  landing: 0.2725068274885416
  view-data: 0.33250568248331547
