times:
  edit-metadata: 0.485600259155035
  landing: 0.04256537463515997
  view-data: 0.20193525170907378
