times:
  edit-metadata: 0.5175454599666409
  landing: 0.0579934690031223
  view-data: 0.2087571059819311
