times:
  edit-metadata: 0.4587450330145657
  landing: 0.05569883110001683
  view-data: 0.2164816940203309
