times:
  edit-metadata: 0.4670533025637269
  landing: 0.04074828140437603
  view-data: 0.2035666760057211
