times:
  edit-metadata: 1.4161507096141577
  landing: 0.02021797187626362
  view-data: 0.09407022036612034
