times:
  edit-metadata: 1.6151707619428635
  landing: 0.8979719951748848
  view-data: 3.5731504149734974
