times:
  edit-metadata: 0.6395733458921313
  landing: 0.041446548886597157
  view-data: 0.19615606917068362
