times:
  edit-metadata: 0.4576654671691358
  landing: 0.0410732701420784
  view-data: 0.19252256816253066
