times:
  edit-metadata: 1.3440011758357286
  landing: 0.021306009031832218
  view-data: 0.1334422705695033
