times:
  edit-metadata: 1.9504159986972809
  landing: 1.5033451616764069
  view-data: 3.4255410991609097
