times:
  edit-metadata: 1.4947294406592846
  landing: 0.8980493638664484
  view-data: 3.3187395557761192
