times:
  edit-metadata: 1.6806273255497217
  landing: 0.7877217065542936
  view-data: 3.4353825375437737
