times:
  edit-metadata: 1.5056830029934645
  landing: 0.8389678979292512
  view-data: 3.330934685189277
