times:
  edit-metadata: 1.4529947489500046
  landing: 0.7357857637107372
  view-data: 3.363505581393838
