times:
  edit-metadata: 2.1365781910717487
  landing: 1.3144517242908478
  view-data: 3.4803863875567913
