times:
  edit-metadata: 5.1223124442622066
  landing: 2.144688120111823
  view-data: 4.127129361964762
