times:
  edit-metadata: 1.335192633792758
  landing: 0.019874459132552147
  view-data: 0.027055276557803154
