times:
  edit-metadata: 1.5446310117840767
  landing: 0.21576246432960033
  view-data: 0.38353778794407845
