times:
  edit-metadata: 1.5859309169463813
  landing: 0.829665093915537
  view-data: 3.4356743548996747
