times:
  edit-metadata: 1.4442298393696547
  landing: 0.02094508893787861
  view-data: 0.5680351853370667
