times:
  edit-metadata: 0.40519741899333894
  landing: 0.06673274689819664
  view-data: 0.20893043093383312
