times:
  edit-metadata: 0.4045487716794014
  landing: 0.04933900013566017
  view-data: 0.18940706923604012
