times:
  edit-metadata: 1.7682105051353574
  landing: 0.8364608949050307
  view-data: 3.317251211963594
