times:
  edit-metadata: 1.6976816579699516
  landing: 0.23025311902165413
  view-data: 0.20153220742940903
