times:
  edit-metadata: 0.9850715082138777
  landing: 0.2122378102503717
  view-data: 0.31777795124799013
