times:
  edit-metadata: 1.5329853557050228
  landing: 0.895922414958477
  view-data: 3.3590676859021187
