times:
  edit-metadata: 1.7222862653434277
  landing: 1.0224669612944126
  view-data: 3.55181422829628
