times:
  edit-metadata: 3.2914039343595505
  landing: 1.6183069236576557
  view-data: 3.505121171474457
