times:
  edit-metadata: 0.6307633759570308
  landing: 0.03805600496707484
  view-data: 0.1915948449750431
