times:
  edit-metadata: 1.3597179483622313
  landing: 0.13700548093765974
  view-data: 0.13023730367422104
