times:
  edit-metadata: 0.48855162505060434
  landing: 0.1153895421884954
  view-data: 0.20417603384703398
