times:
  edit-metadata: 0.6377814030274749
  landing: 0.04738057032227516
  view-data: 0.18972640996798873
