times:
  edit-metadata: 1.4120931727811694
  landing: 0.0203452305868268
  view-data: 0.024220737628638744
