times:
  edit-metadata: 0.4523379057645798
  landing: 0.04496167087927461
  view-data: 0.19559873593971133
