times:
  edit-metadata: 1.309532974846661
  landing: 0.021872084587812424
  view-data: 0.10201504826545715
