times:
  edit-metadata: 1.3027202179655433
  landing: 0.15789030864834785
  view-data: 0.19022938050329685
