times:
  edit-metadata: 0.509465639013797
  landing: 0.07233159802854061
  view-data: 0.220019796397537
