times:
  edit-metadata: 1.5515001900494099
  landing: 0.8301351964473724
  view-data: 3.4591450951993465
