times:
  edit-metadata: 0.4918378349975683
  landing: 0.06762007500219624
  view-data: 0.3367027859931113
