times:
  edit-metadata: 0.5762650120013859
  landing: 0.05485255099483766
  view-data: 0.18716069699439686
