times:
  edit-metadata: 1.4956078082323074
  landing: 0.2490385640412569
  view-data: 0.027161167934536934
