times:
  edit-metadata: 0.6048701400868595
  landing: 0.0679572590161115
  view-data: 0.24705554288811982
