times:
  edit-metadata: 0.4855548981577158
  landing: 0.05129955988377333
  view-data: 0.20133498217910528
