times:
  edit-metadata: 1.3203410394489765
  landing: 0.10767676308751106
  view-data: 0.1945629008114338
