times:
  edit-metadata: 0.6279069539159536
  landing: 0.04733510594815016
  view-data: 0.19523063115775585
