times:
  edit-metadata: 0.4643498049117625
  landing: 0.039928564336150885
  view-data: 0.18707256205379963
