times:
  edit-metadata: 1.488090604543686
  landing: 0.7758148424327374
  view-data: 3.2781315334141254
