times:
  edit-metadata: 0.7368030771613121
  landing: 0.13492507999762893
  view-data: 0.2823805930092931
