times:
  edit-metadata: 0.6675936249084771
  landing: 0.07846498023718596
  view-data: 0.20984896458685398
