times:
  edit-metadata: 0.6375540848821402
  landing: 0.045787748880684376
  view-data: 0.18548809504136443
