times:
  edit-metadata: 1.3898581061512232
  landing: 0.02297488320618868
  view-data: 0.12033636402338743
