times:
  edit-metadata: 1.511536555364728
  landing: 0.798733290284872
  view-data: 3.3413393180817366
