times:
  edit-metadata: 1.5128938667476177
  landing: 0.8330290727317333
  view-data: 3.3866867013275623
