times:
  edit-metadata: 0.6360914970282465
  landing: 0.043024422018788755
  view-data: 0.19229273300152272
