times:
  edit-metadata: 2.126828134059906
  landing: 1.1690924800932407
  view-data: 3.6585708744823933
