times:
  edit-metadata: 0.4510430437512696
  landing: 0.04675015388056636
  view-data: 0.18690505623817444
