times:
  edit-metadata: 1.539918493013829
  landing: 0.7859711080091074
  view-data: 3.3991144350729883
