times:
  edit-metadata: 1.4889995940029621
  landing: 0.14152975007891655
  view-data: 0.16930328868329525
