times:
  edit-metadata: 0.6227298969170079
  landing: 0.050004936987534165
  view-data: 0.19574031699448824
