times:
  edit-metadata: 3.3002492375671864
  landing: 1.8141310699284077
  view-data: 3.423250984400511
