times:
  edit-metadata: 1.4468046315014362
  landing: 0.71374536678195
  view-data: 3.405663781799376
