times:
  edit-metadata: 1.4149523759260774
  landing: 0.7099762931466103
  view-data: 3.3131752219051123
