times:
  edit-metadata: 1.5084617175161839
  landing: 0.2875503469258547
  view-data: 0.39758897200226784
