times:
  edit-metadata: 0.4776892070658505
  landing: 0.04803076991811395
  view-data: 0.1970266900025308
