times:
  edit-metadata: 4.329811915755272
  landing: 1.7940330691635609
  view-data: 3.771176226437092
