times:
  edit-metadata: 0.42455121222883463
  landing: 0.07015625108033419
  view-data: 0.21808508224785328
