times:
  edit-metadata: 0.4647070840001106
  landing: 0.04335530428215861
  view-data: 0.2019017729908228
