times:
  edit-metadata: 1.4180870167911053
  landing: 0.1466289758682251
  view-data: 0.37294271402060986
