times:
  edit-metadata: 0.46967914421111345
  landing: 0.04051256272941828
  view-data: 0.20010153390467167
