times:
  edit-metadata: 0.460346857085824
  landing: 0.05394496489316225
  view-data: 0.201430335175246
