times:
  edit-metadata: 0.6403047400526702
  landing: 0.04321904084645212
  view-data: 0.20040983404032886
