times:
  edit-metadata: 1.6666117468848825
  landing: 0.7442216398194432
  view-data: 3.3795967251062393
