times:
  edit-metadata: 0.6591359869926237
  landing: 0.06345945200882852
  view-data: 0.18155517301056534
