times:
  edit-metadata: 1.40624769218266
  landing: 0.7485205074772239
  view-data: 3.289263545535505
