times:
  edit-metadata: 1.5578725719824433
  landing: 0.7994823725894094
  view-data: 3.3733509369194508
