times:
  edit-metadata: 1.4414755254983902
  landing: 0.18984477035701275
  view-data: 0.12212908826768398
