times:
  edit-metadata: 1.9157208036631346
  landing: 0.977351401001215
  view-data: 3.388323897495866
