times:
  edit-metadata: 0.6222383640706539
  landing: 0.04977298807352781
  view-data: 0.19219950796104968
