times:
  edit-metadata: 0.40922052040696144
  landing: 0.045446429401636124
  view-data: 0.1848612129688263
