times:
  edit-metadata: 1.5280992202460766
  landing: 0.9845105595886707
  view-data: 3.6284421421587467
