times:
  edit-metadata: 1.3152820877730846
  landing: 0.02273855172097683
  view-data: 0.23808572813868523
