times:
  edit-metadata: 1.4582807626575232
  landing: 0.022185251116752625
  view-data: 0.35428398847579956
