times:
  edit-metadata: 1.460111752152443
  landing: 0.7870833650231361
  view-data: 3.320059336721897
