times:
  edit-metadata: 1.3221185728907585
  landing: 0.01859383098781109
  view-data: 0.026332851499319077
