times:
  edit-metadata: 3.239537138491869
  landing: 1.5679080821573734
  view-data: 3.695864677429199
