times:
  edit-metadata: 1.6082867830991745
  landing: 0.844204731285572
  view-data: 3.437838451936841
