times:
  edit-metadata: 1.4750917199999094
  landing: 0.05957021191716194
  view-data: 0.05048052594065666
