times:
  edit-metadata: 1.4781242171302438
  landing: 0.8539715548977256
  view-data: 3.36067823600024
