times:
  edit-metadata: 2.328420400619507
  landing: 1.281878251582384
  view-data: 3.5246472358703613
