times:
  edit-metadata: 1.3709934316575527
  landing: 0.021755583584308624
  view-data: 0.02600159216672182
