times:
  edit-metadata: 0.3836345970630646
  landing: 0.052107442170381546
  view-data: 0.196606557816267
