times:
  edit-metadata: 0.4640674199908972
  landing: 0.04539904464036226
  view-data: 0.1908444920554757
