times:
  edit-metadata: 1.414009965956211
  landing: 0.022712919861078262
  view-data: 0.15382199920713902
