times:
  edit-metadata: 0.48662628000602126
  landing: 0.05207161791622639
  view-data: 0.19470570096746087
