times:
  edit-metadata: 0.41189898799984803
  landing: 0.06773879699994723
  view-data: 0.20272500899955048
