times:
  edit-metadata: 0.42696459288708866
  landing: 0.07004345115274191
  view-data: 0.211249124025926
