times:
  edit-metadata: 1.480203453451395
  landing: 6.556443024426699
  view-data: 3.4040797986090183
