times:
  edit-metadata: 0.4171799629693851
  landing: 0.0675651109777391
  view-data: 0.34279432997573167
