times:
  edit-metadata: 3.504730235785246
  landing: 1.705648759379983
  view-data: 3.788042025640607
