times:
  edit-metadata: 0.671046115000081
  landing: 0.16998196900021867
  view-data: 0.3130954190000921
