times:
  edit-metadata: 0.5952743398956954
  landing: 0.05411666794680059
  view-data: 0.19301388994790614
