times:
  edit-metadata: 0.5159020499850158
  landing: 0.08421886499854736
  view-data: 0.2275903690024279
