times:
  edit-metadata: 1.5106865530833602
  landing: 1.0816892459988594
  view-data: 3.4578431248664856
