times:
  edit-metadata: 1.3181567965075374
  landing: 0.7768433531746268
  view-data: 3.3758952198550105
