times:
  edit-metadata: 1.8169009517878294
  landing: 0.6803469117730856
  view-data: 3.453156255185604
