times:
  edit-metadata: 0.44645152892917395
  landing: 0.05113599821925163
  view-data: 0.20593232987448573
