times:
  edit-metadata: 1.7776545640081167
  landing: 0.8214283604174852
  view-data: 3.4744274877011776
