times:
  edit-metadata: 0.410103736910969
  landing: 0.06431835098192096
  view-data: 0.20221837505232543
