times:
  edit-metadata: 1.3960354886949062
  landing: 0.023548481985926628
  view-data: 0.37332795932888985
