times:
  edit-metadata: 0.4309656899422407
  landing: 0.06302949716337025
  view-data: 0.20766706811264157
