times:
  edit-metadata: 0.4132903404533863
  landing: 0.05207057669758797
  view-data: 0.1905694380402565
