times:
  edit-metadata: 1.3353890152648091
  landing: 0.020008984953165054
  view-data: 0.026504626497626305
