times:
  edit-metadata: 0.44801087211817503
  landing: 0.042877628933638334
  view-data: 0.1831851052120328
