times:
  edit-metadata: 0.41319326777011156
  landing: 0.0645544440485537
  view-data: 0.19931332115083933
