times:
  edit-metadata: 1.6752958786673844
  landing: 1.40472131408751
  view-data: 3.352805739734322
