times:
  edit-metadata: 0.6403955579735339
  landing: 0.045918656047433615
  view-data: 0.19023498008027673
