times:
  edit-metadata: 0.6164659139467403
  landing: 0.05049193406011909
  view-data: 0.1883767250692472
