times:
  edit-metadata: 0.48851964099594625
  landing: 0.07289689300523605
  view-data: 0.208661889002542
