times:
  edit-metadata: 1.5869639702141285
  landing: 1.0217900089919567
  view-data: 3.5075457245111465
