times:
  edit-metadata: 1.543504597619176
  landing: 0.1313472194597125
  view-data: 0.15692247729748487
