times:
  edit-metadata: 1.3777055572718382
  landing: 0.022421790286898613
  view-data: 0.3081689178943634
