times:
  edit-metadata: 0.6284171319566667
  landing: 0.043943527969531715
  view-data: 0.19581951398868114
