times:
  edit-metadata: 1.520899886265397
  landing: 1.0354102049022913
  view-data: 3.3301020562648773
