times:
  edit-metadata: 1.549058048054576
  landing: 0.7106073331087828
  view-data: 3.370001684874296
