times:
  edit-metadata: 1.3247676817700267
  landing: 0.16432712599635124
  view-data: 0.11837543826550245
