times:
  edit-metadata: 0.472534307744354
  landing: 0.04246480716392398
  view-data: 0.20277464110404253
