times:
  edit-metadata: 1.467201516032219
  landing: 0.8216851530596614
  view-data: 3.3630780591629446
