times:
  edit-metadata: 0.4146262160502374
  landing: 0.06897110701538622
  view-data: 0.20912248687818646
