times:
  edit-metadata: 0.671263774856925
  landing: 0.06894376501441002
  view-data: 0.1951357051730156
