times:
  edit-metadata: 1.5968909114599228
  landing: 0.8236969038844109
  view-data: 3.4457412660121918
