times:
  edit-metadata: 1.343498014844954
  landing: 0.2175585301592946
  view-data: 0.4079957790672779
