times:
  edit-metadata: 1.3460054127499461
  landing: 0.21019825991243124
  view-data: 0.20218023378401995
