times:
  edit-metadata: 0.4053648114204407
  landing: 0.051027700304985046
  view-data: 0.19249598309397697
