times:
  edit-metadata: 1.3277982473373413
  landing: 0.0920149078592658
  view-data: 0.19823594111949205
