times:
  edit-metadata: 0.6087095369584858
  landing: 0.0471147820353508
  view-data: 0.1919459169730544
