times:
  edit-metadata: 1.4107287917286158
  landing: 0.7334271180443466
  view-data: 3.318445147946477
