times:
  edit-metadata: 0.6280850321054459
  landing: 0.04881810303777456
  view-data: 0.19160386617295444
