times:
  edit-metadata: 1.3900779467076063
  landing: 0.01961568184196949
  view-data: 0.11712566576898098
