times:
  edit-metadata: 0.6181397829786874
  landing: 0.053864023997448385
  view-data: 0.1922568110167049
