times:
  edit-metadata: 1.3183061396703124
  landing: 0.023163476958870888
  view-data: 0.12354304175823927
