times:
  edit-metadata: 0.7371735610067844
  landing: 0.05875494843348861
  view-data: 0.25900340592488647
