times:
  edit-metadata: 1.3686049543321133
  landing: 0.18179722968488932
  view-data: 0.1952427877113223
