times:
  edit-metadata: 0.457431448623538
  landing: 0.03891349118202925
  view-data: 0.19309506379067898
