times:
  edit-metadata: 1.3301964849233627
  landing: 0.023469318635761738
  view-data: 0.029218566603958607
