times:
  edit-metadata: 0.542952376883477
  landing: 0.10569349396973848
  view-data: 0.3233097279444337
