times:
  edit-metadata: 1.4043190623633564
  landing: 0.8051659427583218
  view-data: 0.6626295228488743
