times:
  edit-metadata: 1.5569379888474941
  landing: 1.0419134171679616
  view-data: 3.3802281292155385
