times:
  edit-metadata: 1.6065023466944695
  landing: 0.37167816050350666
  view-data: 0.4148091934621334
