times:
  edit-metadata: 1.428749904036522
  landing: 0.9729648511856794
  view-data: 3.3285611271858215
