times:
  edit-metadata: 0.6491461291443557
  landing: 0.04121606913395226
  view-data: 0.19321832479909062
