times:
  edit-metadata: 3.1837312653660774
  landing: 1.094760224223137
  view-data: 3.31233511865139
