times:
  edit-metadata: 1.7537469025701284
  landing: 0.2538921423256397
  view-data: 0.1637256871908903
