times:
  edit-metadata: 1.6225326992571354
  landing: 0.876271452754736
  view-data: 3.422568693757057
