times:
  edit-metadata: 3.481912087649107
  landing: 1.9450853914022446
  view-data: 3.464069865643978
