times:
  edit-metadata: 1.4457199294120073
  landing: 0.01896265707910061
  view-data: 0.3410143703222275
