times:
  edit-metadata: 0.4039423620561138
  landing: 0.07215245300903916
  view-data: 0.19448681303765625
