times:
  edit-metadata: 1.665569618344307
  landing: 0.9382788650691509
  view-data: 3.333810977637768
