times:
  edit-metadata: 0.639585928991437
  landing: 0.04281809303211048
  view-data: 0.19268699298845604
