times:
  edit-metadata: 1.354359888471663
  landing: 0.02115250565111637
  view-data: 0.024026110768318176
