times:
  edit-metadata: 1.3403700552880764
  landing: 0.11926179192960262
  view-data: 0.12307965941727161
