times:
  edit-metadata: 0.593507549026981
  landing: 0.05151291401125491
  view-data: 0.19293353194370866
