times:
  edit-metadata: 1.558863140642643
  landing: 0.6705284155905247
  view-data: 3.318181013688445
