times:
  edit-metadata: 1.5458478480577469
  landing: 0.8905658572912216
  view-data: 3.42446056753397
