times:
  edit-metadata: 1.5851550605148077
  landing: 0.1951047983020544
  view-data: 0.16470381431281567
