times:
  edit-metadata: 1.478426621062681
  landing: 0.8029741491191089
  view-data: 3.362815017113462
