times:
  edit-metadata: 1.3024448184296489
  landing: 0.02234569564461708
  view-data: 0.024424901232123375
