times:
  edit-metadata: 0.7584030642174184
  landing: 0.059901139698922634
  view-data: 0.20919797802343965
