times:
  edit-metadata: 0.5069082658737898
  landing: 0.07388085406273603
  view-data: 0.209459712728858
