times:
  edit-metadata: 0.4672623947262764
  landing: 0.04515711031854153
  view-data: 0.1926466948352754
