times:
  edit-metadata: 0.4287774870172143
  landing: 0.07055835000937805
  view-data: 0.21179387002484873
