times:
  edit-metadata: 1.4219034798443317
  landing: 0.11102488730102777
  view-data: 0.5525201754644513
