times:
  edit-metadata: 2.7321208342909813
  landing: 1.5574819706380367
  view-data: 3.315928317606449
