times:
  edit-metadata: 5.382937736809254
  landing: 1.8229047320783138
  view-data: 4.738690342754126
