times:
  edit-metadata: 1.336537603288889
  landing: 0.10953031666576862
  view-data: 0.023986173793673515
