times:
  edit-metadata: 1.534899827092886
  landing: 0.7654561400413513
  view-data: 3.537897726520896
