times:
  edit-metadata: 0.6456922559882514
  landing: 0.04594035499030724
  view-data: 0.19448062498122454
