times:
  edit-metadata: 0.5703261519956868
  landing: 0.051230668992502615
  view-data: 0.17566087399609387
