times:
  edit-metadata: 1.6451311968266964
  landing: 0.9138148166239262
  view-data: 3.3546736799180508
