times:
  edit-metadata: 0.5352984130004188
  landing: 0.04444974600482965
  view-data: 0.19407581700215815
