times:
  edit-metadata: 1.941913116723299
  landing: 1.0193961188197136
  view-data: 3.651807740330696
