times:
  edit-metadata: 0.39945436688140035
  landing: 0.059084963984787464
  view-data: 0.21205666684545577
