times:
  edit-metadata: 1.2896581450477242
  landing: 0.0209059314802289
  view-data: 0.4398681204766035
