times:
  edit-metadata: 0.6338333869352937
  landing: 0.05263556074351072
  view-data: 0.1937796352431178
