times:
  edit-metadata: 0.4599159490317106
  landing: 0.04078525025397539
  view-data: 0.21176904533058405
