times:
  edit-metadata: 0.7262637370731682
  landing: 0.055834827944636345
  view-data: 0.20181105216033757
