times:
  edit-metadata: 0.4494401593692601
  landing: 0.03898211009800434
  view-data: 0.19514279766008258
