times:
  edit-metadata: 1.3157927840948105
  landing: 0.022027996368706226
  view-data: 0.025937765836715698
