times:
  edit-metadata: 0.689320967067033
  landing: 0.04880827502347529
  view-data: 0.195668478962034
