times:
  edit-metadata: 0.634780399966985
  landing: 0.04297212278470397
  view-data: 0.1888276501558721
