times:
  edit-metadata: 0.6310752279823646
  landing: 0.04937596095260233
  view-data: 0.19264144299086183
