times:
  edit-metadata: 1.321216244250536
  landing: 0.11986880749464035
  view-data: 0.12173967249691486
