times:
  edit-metadata: 0.4064996289089322
  landing: 0.0716745899990201
  view-data: 0.20399949280545115
