times:
  edit-metadata: 1.3166579455137253
  landing: 0.0197703056037426
  view-data: 0.12327294517308474
