times:
  edit-metadata: 1.3522936506196856
  landing: 0.020723901689052582
  view-data: 0.11867807060480118
