times:
  edit-metadata: 1.5374438539147377
  landing: 0.8790675364434719
  view-data: 3.3711633197963238
