times:
  edit-metadata: 1.307066979818046
  landing: 0.020291002467274666
  view-data: 0.10179680306464434
