times:
  edit-metadata: 0.8027441030135378
  landing: 0.09831419395050034
  view-data: 0.2571789410430938
