times:
  edit-metadata: 2.612001394852996
  landing: 1.6396566275507212
  view-data: 3.8614847399294376
