times:
  edit-metadata: 0.4472801950178109
  landing: 0.07164801005274057
  view-data: 0.2078394090058282
