times:
  edit-metadata: 1.5239313039928675
  landing: 0.02477065846323967
  view-data: 0.12187408097088337
