times:
  edit-metadata: 0.6133980430313386
  landing: 0.04723192902747542
  view-data: 0.1988963470212184
