times:
  edit-metadata: 0.4198121759109199
  landing: 0.0717265191487968
  view-data: 0.20551487896591425
