times:
  edit-metadata: 1.5084408298134804
  landing: 0.936305183917284
  view-data: 3.3623590134084225
