times:
  edit-metadata: 1.4637450966984034
  landing: 0.9470745995640755
  view-data: 3.4315856155008078
