times:
  edit-metadata: 0.625155535992235
  landing: 0.04132559898425825
  view-data: 0.189893172995653
