times:
  edit-metadata: 1.3364820405840874
  landing: 0.025357108563184738
  view-data: 0.026218773797154427
