times:
  edit-metadata: 0.4062058571726084
  landing: 0.06909281713888049
  view-data: 0.33926418609917164
