times:
  edit-metadata: 1.5695208702236414
  landing: 0.6899901926517487
  view-data: 3.347961837425828
