times:
  edit-metadata: 1.3383368216454983
  landing: 0.09827307052910328
  view-data: 0.026802780106663704
