times:
  edit-metadata: 0.47225939109921455
  landing: 0.05319830495864153
  view-data: 0.20063105085864663
