times:
  edit-metadata: 0.4814706603065133
  landing: 0.04103393293917179
  view-data: 0.18537640292197466
