times:
  edit-metadata: 0.6292232698760927
  landing: 0.04071806091815233
  view-data: 0.18970298394560814
