times:
  edit-metadata: 1.7141426764428616
  landing: 0.8625359609723091
  view-data: 3.374414511024952
