times:
  edit-metadata: 1.6373527105897665
  landing: 0.8136008512228727
  view-data: 3.5122488886117935
