times:
  edit-metadata: 0.6371131839987356
  landing: 0.04035094502614811
  view-data: 0.19287471499410458
