times:
  edit-metadata: 0.5875233137048781
  landing: 0.06562741380184889
  view-data: 0.29740770999342203
