times:
  edit-metadata: 0.40847255662083626
  landing: 0.04823513701558113
  view-data: 0.18992047756910324
