times:
  edit-metadata: 1.3153657233342528
  landing: 0.02061564940959215
  view-data: 0.025782779790461063
