times:
  edit-metadata: 0.4215602439362556
  landing: 0.06926464196294546
  view-data: 0.19792886497452855
