times:
  edit-metadata: 1.537574328482151
  landing: 0.021210866048932076
  view-data: 0.028142405673861504
