times:
  edit-metadata: 0.48281259648501873
  landing: 0.048529770225286484
  view-data: 0.21024958044290543
