times:
  edit-metadata: 0.4097384390188381
  landing: 0.06190047203563154
  view-data: 0.20334193797316402
