times:
  edit-metadata: 1.6902969665825367
  landing: 0.857968658208847
  view-data: 3.377772446721792
