times:
  edit-metadata: 0.6186043420457281
  landing: 0.04898695700103417
  view-data: 0.19229644001461565
