times:
  edit-metadata: 0.4210236088838428
  landing: 0.06082789716310799
  view-data: 0.219746062066406
