times:
  edit-metadata: 1.3085562847554684
  landing: 0.022103743627667427
  view-data: 0.12425793148577213
