times:
  edit-metadata: 0.6167821309063584
  landing: 0.054356709122657776
  view-data: 0.18264180002734065
