times:
  edit-metadata: 1.5679379496723413
  landing: 0.2529119960963726
  view-data: 0.15172253362834454
