times:
  edit-metadata: 2.2594200149178505
  landing: 1.1869601029902697
  view-data: 3.408564037643373
