times:
  edit-metadata: 0.6391953730490059
  landing: 0.039265766041353345
  view-data: 0.19682927802205086
