times:
  edit-metadata: 0.44475106289610267
  landing: 0.07144345482811332
  view-data: 0.19639628985896707
