times:
  edit-metadata: 0.529291458427906
  landing: 0.05858273059129715
  view-data: 0.18816817179322243
