times:
  edit-metadata: 3.6004022769629955
  landing: 1.6257902085781097
  view-data: 3.4775191247463226
