times:
  edit-metadata: 1.6587422247976065
  landing: 0.31914388202130795
  view-data: 0.3668443541973829
