times:
  edit-metadata: 0.4391099049244076
  landing: 0.07150609698146582
  view-data: 0.21844060090370476
