times:
  edit-metadata: 0.46735257329419255
  landing: 0.04488399485126138
  view-data: 0.19636057503521442
