times:
  edit-metadata: 1.4172732252627611
  landing: 0.024133428931236267
  view-data: 0.026888995431363583
