times:
  edit-metadata: 0.4893904430209659
  landing: 0.06861856201430783
  view-data: 0.2325037729460746
