times:
  edit-metadata: 3.2153968289494514
  landing: 2.8786712922155857
  view-data: 3.3967968188226223
