times:
  edit-metadata: 1.72124557569623
  landing: 1.0875648856163025
  view-data: 3.360981799662113
