times:
  edit-metadata: 1.562280897051096
  landing: 0.9145585522055626
  view-data: 3.346280485391617
