times:
  edit-metadata: 0.4364014931488782
  landing: 0.10451834998093545
  view-data: 0.20239332620985806
