times:
  edit-metadata: 2.6294805500656366
  landing: 1.730465231463313
  view-data: 3.612146995961666
