times:
  edit-metadata: 1.3569633290171623
  landing: 0.021114996634423733
  view-data: 0.024912715889513493
