times:
  edit-metadata: 1.4787562191486359
  landing: 0.7132695261389017
  view-data: 3.278357667848468
