times:
  edit-metadata: 2.34238214045763
  landing: 1.4359910637140274
  view-data: 4.660250619053841
