times:
  edit-metadata: 1.3357348572462797
  landing: 0.1688741985708475
  view-data: 0.026808731257915497
