times:
  edit-metadata: 0.4250954780727625
  landing: 0.06573771894909441
  view-data: 0.2065865460317582
