times:
  edit-metadata: 1.4609326403588057
  landing: 0.2728558797389269
  view-data: 0.3404732309281826
