times:
  edit-metadata: 1.3522497992962599
  landing: 0.018466967158019543
  view-data: 0.0252604391425848
