times:
  edit-metadata: 0.5183367892168462
  landing: 0.07567838206887245
  view-data: 0.21736478991806507
