times:
  edit-metadata: 3.2789328806102276
  landing: 1.4720244482159615
  view-data: 3.851610466837883
