times:
  edit-metadata: 1.5739309005439281
  landing: 0.8328128093853593
  view-data: 3.4201640523970127
