times:
  edit-metadata: 0.47040571831166744
  landing: 0.04288495099171996
  view-data: 0.19084411999210715
