times:
  edit-metadata: 2.6105561330914497
  landing: 1.3599467184394598
  view-data: 4.051138442009687
