times:
  edit-metadata: 0.6188102010637522
  landing: 0.04909778595902026
  view-data: 0.20089285681024194
