times:
  edit-metadata: 1.3234925102442503
  landing: 0.020891113206744194
  view-data: 0.3357942681759596
