times:
  edit-metadata: 3.0465408638119698
  landing: 2.4845137372612953
  view-data: 3.9372179564088583
