times:
  edit-metadata: 0.5843352009542286
  landing: 0.04354886198416352
  view-data: 0.1907438279595226
