times:
  edit-metadata: 0.6207127501256764
  landing: 0.0400924040004611
  view-data: 0.1902175941504538
