times:
  edit-metadata: 0.4149709749908652
  landing: 0.0764664129819721
  view-data: 0.332686139998259
