times:
  edit-metadata: 0.4943505460396409
  landing: 0.058945743017829955
  view-data: 0.21260993601754308
