times:
  edit-metadata: 1.359356565400958
  landing: 0.021567802876234055
  view-data: 0.24279432743787766
