times:
  edit-metadata: 1.567425413057208
  landing: 0.17699621059000492
  view-data: 0.2887418046593666
