times:
  edit-metadata: 1.6576214749366045
  landing: 0.9385861707851291
  view-data: 3.4489008635282516
