times:
  edit-metadata: 0.6476815179921687
  landing: 0.09524450683966279
  view-data: 0.20896808803081512
