times:
  edit-metadata: 1.5741838868707418
  landing: 0.6476876921951771
  view-data: 3.58240900747478
