times:
  edit-metadata: 0.5138810690259561
  landing: 0.06981873797485605
  view-data: 0.21291514299809933
