times:
  edit-metadata: 1.387865104014054
  landing: 0.6824263479793444
  view-data: 3.2679830179549754
