times:
  edit-metadata: 1.305596625432372
  landing: 0.020647823810577393
  view-data: 0.025539646856486797
