times:
  edit-metadata: 2.8964149057865143
  landing: 1.8375967666506767
  view-data: 4.242298167198896
