times:
  edit-metadata: 0.5295520499930717
  landing: 0.12796938099199906
  view-data: 0.24094142799731344
