times:
  edit-metadata: 0.48268697317689657
  landing: 0.04041813686490059
  view-data: 0.2002443876117468
