times:
  edit-metadata: 2.7358970791101456
  landing: 1.5789109468460083
  view-data: 3.8787934817373753
