times:
  edit-metadata: 1.37064026016742
  landing: 0.7467345064505935
  view-data: 3.4072823422029614
