times:
  edit-metadata: 0.674463571049273
  landing: 0.04874664079397917
  view-data: 0.22025736700743437
