times:
  edit-metadata: 1.3074450567364693
  landing: 0.01962943095713854
  view-data: 0.026919644325971603
