times:
  edit-metadata: 0.47541298577561975
  landing: 0.04991841595619917
  view-data: 0.20102840708568692
