times:
  edit-metadata: 1.3842298183590174
  landing: 0.22846176475286484
  view-data: 0.4582422645762563
