times:
  edit-metadata: 1.4434876143932343
  landing: 0.18740827031433582
  view-data: 0.021935006603598595
