times:
  edit-metadata: 0.4260733560076915
  landing: 0.07491314498474821
  view-data: 0.2228700399864465
