times:
  edit-metadata: 1.5170963909476995
  landing: 0.841190742328763
  view-data: 3.321629073470831
