times:
  edit-metadata: 2.12147593870759
  landing: 0.9889935329556465
  view-data: 3.378933113068342
