times:
  edit-metadata: 1.46670937910676
  landing: 0.8818583935499191
  view-data: 3.3842606507241726
