times:
  edit-metadata: 0.656785867002327
  landing: 0.061810583982151
  view-data: 0.23264729796210304
