times:
  edit-metadata: 1.4808381255716085
  landing: 0.1537132989615202
  view-data: 0.31519458070397377
