times:
  edit-metadata: 1.3769802134484053
  landing: 0.022838350385427475
  view-data: 0.02416350319981575
