times:
  edit-metadata: 0.5052217330012354
  landing: 0.07050113799778046
  view-data: 0.21765244200651068
