times:
  edit-metadata: 0.5034373099915683
  landing: 0.06853008223697543
  view-data: 0.21849170560017228
