times:
  edit-metadata: 5.524833973497152
  landing: 1.9560831598937511
  view-data: 4.394915986806154
