times:
  edit-metadata: 1.376365201547742
  landing: 0.11575617641210556
  view-data: 0.11814349051564932
