times:
  edit-metadata: 0.4780949307605624
  landing: 0.0800311230123043
  view-data: 0.2771752309054136
