times:
  edit-metadata: 1.2972403950989246
  landing: 0.021534028463065624
  view-data: 0.11818273738026619
