times:
  edit-metadata: 1.3183702379465103
  landing: 0.02163167390972376
  view-data: 0.4127340856939554
