times:
  edit-metadata: 1.4112229477614164
  landing: 0.9680774603039026
  view-data: 3.314875992015004
