times:
  edit-metadata: 4.4869125206023455
  landing: 2.7905093282461166
  view-data: 4.493728639557958
