times:
  edit-metadata: 0.5040252413600683
  landing: 0.04729496221989393
  view-data: 0.19804294034838676
