times:
  edit-metadata: 0.6163944979198277
  landing: 0.050504962913692
  view-data: 0.1935108434408903
