times:
  edit-metadata: 1.534147784113884
  landing: 0.7161447033286095
  view-data: 3.3543963730335236
