times:
  edit-metadata: 1.5845214598812163
  landing: 0.8905276390723884
  view-data: 3.503349096979946
