times:
  edit-metadata: 1.5760290995240211
  landing: 0.8265314102172852
  view-data: 3.42795205488801
