times:
  edit-metadata: 0.6281161732040346
  landing: 0.0448967507109046
  view-data: 0.1955567509867251
