times:
  edit-metadata: 0.5176347679807805
  landing: 0.05863328801933676
  view-data: 0.21647328999824822
