times:
  edit-metadata: 0.4817161802202463
  landing: 0.04436448635533452
  view-data: 0.19157112576067448
