times:
  edit-metadata: 1.3868758734315634
  landing: 0.02134771551936865
  view-data: 0.02545224316418171
