times:
  edit-metadata: 1.653423946350813
  landing: 0.8844897970557213
  view-data: 3.6629926711320877
