times:
  edit-metadata: 0.6725361999124289
  landing: 0.05241044191643596
  view-data: 0.20025648619048297
