times:
  edit-metadata: 1.4114164551720023
  landing: 0.02233543060719967
  view-data: 0.02596450224518776
