times:
  edit-metadata: 0.6319142479915172
  landing: 0.03955343703273684
  view-data: 0.19056757795624435
