times:
  edit-metadata: 1.8237609430216253
  landing: 1.6391419782303274
  view-data: 3.3646580292843282
