times:
  edit-metadata: 1.3744125608354807
  landing: 0.019559089094400406
  view-data: 0.12591577880084515
