times:
  edit-metadata: 1.4815059681423008
  landing: 0.7567214369773865
  view-data: 3.3971313810907304
