times:
  edit-metadata: 0.6176004181616008
  landing: 0.043141128960996866
  view-data: 0.19352212827652693
