times:
  edit-metadata: 1.5889360681176186
  landing: 0.6989648286253214
  view-data: 3.506304293870926
