times:
  edit-metadata: 0.4012665064074099
  landing: 0.07569293584674597
  view-data: 0.21812620805576444
