times:
  edit-metadata: 0.4661981309764087
  landing: 0.0384529703296721
  view-data: 0.19912193901836872
