times:
  edit-metadata: 0.4319199089659378
  landing: 0.07157748297322541
  view-data: 0.2123076400021091
