times:
  edit-metadata: 2.3405694607645273
  landing: 1.1327438671141863
  view-data: 3.524185499176383
