times:
  edit-metadata: 0.4046449437737465
  landing: 0.043396465480327606
  view-data: 0.1946660317480564
