times:
  edit-metadata: 0.4268056600121781
  landing: 0.0727219469845295
  view-data: 0.2124177230289206
