times:
  edit-metadata: 0.6610746341757476
  landing: 0.05196569301187992
  view-data: 0.19125301321037114
