times:
  edit-metadata: 1.304600229486823
  landing: 0.019520608708262444
  view-data: 0.024654286913573742
