times:
  edit-metadata: 0.48450739588588476
  landing: 0.04336942080408335
  view-data: 0.21190963964909315
