times:
  edit-metadata: 1.4165079384110868
  landing: 0.7589259808883071
  view-data: 3.3137398953549564
