times:
  edit-metadata: 0.6296003349125385
  landing: 0.043430281919427216
  view-data: 0.19376247690524906
