times:
  edit-metadata: 1.4125261064618826
  landing: 0.023906176909804344
  view-data: 0.024980247020721436
