times:
  edit-metadata: 1.8734315615147352
  landing: 1.1145686944946647
  view-data: 3.4871827624738216
