times:
  edit-metadata: 2.350812653079629
  landing: 0.47067384980618954
  view-data: 0.27620950900018215
