times:
  edit-metadata: 0.40851549594663084
  landing: 0.0627970970235765
  view-data: 0.21161735407076776
