times:
  edit-metadata: 1.5489276740700006
  landing: 0.020624788478016853
  view-data: 0.1318423878401518
