times:
  edit-metadata: 1.4788771350868046
  landing: 0.7635657009668648
  view-data: 3.366899251937866
