times:
  edit-metadata: 1.5223287208937109
  landing: 0.8573063276708126
  view-data: 3.321469519287348
