times:
  edit-metadata: 1.5703108925372362
  landing: 0.9438262898474932
  view-data: 3.4693879671394825
