times:
  edit-metadata: 1.4508189866319299
  landing: 0.7013757703825831
  view-data: 3.3773688869550824
