times:
  edit-metadata: 0.4834862709976733
  landing: 0.10506051406264305
  view-data: 0.21963185211643577
