times:
  edit-metadata: 1.4972363635897636
  landing: 0.78401745762676
  view-data: 3.3626922136172652
