times:
  edit-metadata: 0.6777151576243341
  landing: 0.03923920728266239
  view-data: 0.20242261607199907
