times:
  edit-metadata: 1.3463660599663854
  landing: 0.128025877289474
  view-data: 0.12395472452044487
