times:
  edit-metadata: 1.5680986903607845
  landing: 0.8873812071979046
  view-data: 3.420467298477888
