times:
  edit-metadata: 0.50091413105838
  landing: 0.08203954505734146
  view-data: 0.21251103596296161
