times:
  edit-metadata: 0.5966671919450164
  landing: 0.04333019885234535
  view-data: 0.18996046110987663
