times:
  edit-metadata: 0.4047129862010479
  landing: 0.04320089891552925
  view-data: 0.19574154913425446
