times:
  edit-metadata: 1.3102939072996378
  landing: 0.217617011629045
  view-data: 0.12361419759690762
