times:
  edit-metadata: 0.48524484783411026
  landing: 0.041880118660628796
  view-data: 0.20021377271041274
