times:
  edit-metadata: 1.3613701798021793
  landing: 0.6545359082520008
  view-data: 3.2911994326859713
