times:
  edit-metadata: 0.7069392027333379
  landing: 0.06512144766747952
  view-data: 0.24015469988808036
