times:
  edit-metadata: 0.4940918820211664
  landing: 0.0714517179876566
  view-data: 0.21405426203273237
