times:
  edit-metadata: 0.6110179459210485
  landing: 0.047271096147596836
  view-data: 0.1845438729505986
