times:
  edit-metadata: 0.41691262391395867
  landing: 0.06981087708845735
  view-data: 0.22108717006631196
