times:
  edit-metadata: 1.6677195876836777
  landing: 0.8414274286478758
  view-data: 3.343778043985367
