times:
  edit-metadata: 1.3114592423662543
  landing: 0.11346194241195917
  view-data: 0.4195021139457822
