times:
  edit-metadata: 1.6029593758285046
  landing: 2.222035750746727
  view-data: 3.4026415180414915
