times:
  edit-metadata: 1.4868189357221127
  landing: 0.7815528959035873
  view-data: 3.3490800224244595
