times:
  edit-metadata: 1.2966155409812927
  landing: 0.020680509507656097
  view-data: 0.12279668264091015
