times:
  edit-metadata: 0.4554332597181201
  landing: 0.055098471231758595
  view-data: 0.1977969892323017
