times:
  edit-metadata: 1.375171709805727
  landing: 0.019359853118658066
  view-data: 0.030179239809513092
