times:
  edit-metadata: 1.3648009300231934
  landing: 0.18758448027074337
  view-data: 0.025126159191131592
