times:
  edit-metadata: 1.5804364383220673
  landing: 0.6513886172324419
  view-data: 3.380117580294609
