times:
  edit-metadata: 1.2706386353820562
  landing: 0.02086389996111393
  view-data: 0.12636113166809082
