times:
  edit-metadata: 1.4550781827419996
  landing: 0.020179539918899536
  view-data: 0.32886750251054764
