times:
  edit-metadata: 1.5161216212436557
  landing: 0.2395277637988329
  view-data: 0.4091219799593091
