times:
  edit-metadata: 0.5421826876699924
  landing: 0.050469234585762024
  view-data: 0.20253562554717064
