times:
  edit-metadata: 1.6639609299600124
  landing: 0.7834888510406017
  view-data: 3.3472846392542124
