times:
  edit-metadata: 0.4724406492896378
  landing: 0.04354708781465888
  view-data: 0.20354663394391537
