times:
  edit-metadata: 0.5097367150010541
  landing: 0.06872632901649922
  view-data: 0.22053275001235306
