times:
  edit-metadata: 1.3672772636637092
  landing: 0.026571335271000862
  view-data: 0.4243311509490013
