times:
  edit-metadata: 1.5160228833556175
  landing: 0.7698985114693642
  view-data: 3.2981809601187706
