times:
  edit-metadata: 2.703774381428957
  landing: 1.1334808394312859
  view-data: 1.5827135555446148
