times:
  edit-metadata: 0.6329775700578466
  landing: 0.049463156959973276
  view-data: 0.18568112805951387
