times:
  edit-metadata: 6.562369629740715
  landing: 2.9436510801315308
  view-data: 3.4822016172111034
