times:
  edit-metadata: 3.1376328505575657
  landing: 1.2953507397323847
  view-data: 3.4534291476011276
