times:
  edit-metadata: 1.880166543647647
  landing: 0.02024778351187706
  view-data: 0.031949298456311226
