times:
  edit-metadata: 0.6591651130001992
  landing: 0.05228026513941586
  view-data: 0.17961431993171573
