times:
  edit-metadata: 1.3030228279531002
  landing: 0.019826926290988922
  view-data: 0.12389072589576244
