times:
  edit-metadata: 0.4943516930006808
  landing: 0.07530725299966434
  view-data: 0.21733477999987372
