times:
  edit-metadata: 1.2903000386431813
  landing: 0.1807270972058177
  view-data: 0.024585620500147343
