times:
  edit-metadata: 0.6373957910109311
  landing: 0.051645439001731575
  view-data: 0.1933070680242963
