times:
  edit-metadata: 0.5998349740402773
  landing: 0.052185720996931195
  view-data: 0.18556413904298097
