times:
  edit-metadata: 1.3815653612837195
  landing: 0.20767864026129246
  view-data: 0.45176577288657427
