times:
  edit-metadata: 1.3238098379224539
  landing: 0.2044575735926628
  view-data: 0.02535125147551298
