times:
  edit-metadata: 2.3177923150360584
  landing: 1.485166572034359
  view-data: 3.4380168840289116
