times:
  edit-metadata: 1.6118348576128483
  landing: 0.7511986047029495
  view-data: 3.3467888329178095
