times:
  edit-metadata: 2.205230075865984
  landing: 2.2976343501359224
  view-data: 3.337851118296385
