times:
  edit-metadata: 0.6429799890611321
  landing: 0.05659245210699737
  view-data: 0.18328203982673585
