times:
  edit-metadata: 1.5338351018726826
  landing: 0.8542307820171118
  view-data: 3.2712204791605473
