times:
  edit-metadata: 0.42470442201010883
  landing: 0.05712999199749902
  view-data: 0.21911222900962457
