times:
  edit-metadata: 1.504216281697154
  landing: 0.8273804970085621
  view-data: 3.3585644625127316
