times:
  edit-metadata: 1.5621682815253735
  landing: 0.704266207292676
  view-data: 3.3331945445388556
