times:
  edit-metadata: 1.7324666231870651
  landing: 0.9987013712525368
  view-data: 3.3441887199878693
