times:
  edit-metadata: 0.6244359799893573
  landing: 0.04565506801009178
  view-data: 0.19538426608778536
