times:
  edit-metadata: 0.4530468974262476
  landing: 0.038973222486674786
  view-data: 0.19182043336331844
