times:
  edit-metadata: 0.4841129267588258
  landing: 0.03921680245548487
  view-data: 0.20086274482309818
