times:
  edit-metadata: 0.4055213190149516
  landing: 0.06954622804187238
  view-data: 0.19812103593721986
