times:
  edit-metadata: 0.42272153217345476
  landing: 0.07640418224036694
  view-data: 0.20768204890191555
