times:
  edit-metadata: 0.46740148589015007
  landing: 0.049514638260006905
  view-data: 0.18992092786356807
