times:
  edit-metadata: 1.9903542511165142
  landing: 1.1680968329310417
  view-data: 3.7461501359939575
