times:
  edit-metadata: 2.104632254689932
  landing: 0.7984593436121941
  view-data: 3.3966951742768288
