times:
  edit-metadata: 1.4767133835703135
  landing: 0.7641929350793362
  view-data: 3.3552911216393113
