times:
  edit-metadata: 1.307871986180544
  landing: 0.02182843443006277
  view-data: 0.12753675132989883
