times:
  edit-metadata: 2.289554202929139
  landing: 1.17730244807899
  view-data: 3.565011527389288
