times:
  edit-metadata: 0.6063749629538506
  landing: 0.044765699189156294
  view-data: 0.18441292899660766
