times:
  edit-metadata: 1.3335954202339053
  landing: 0.02156136278063059
  view-data: 0.41227116622030735
