times:
  edit-metadata: 1.647389205172658
  landing: 0.32448690943419933
  view-data: 0.1639400627464056
