times:
  edit-metadata: 3.520131468772888
  landing: 2.245651513338089
  view-data: 3.538715172559023
