times:
  edit-metadata: 1.599708378314972
  landing: 0.021145876497030258
  view-data: 0.47245159931480885
