times:
  edit-metadata: 1.6167769161984324
  landing: 0.2699061743915081
  view-data: 0.2641573091968894
