times:
  edit-metadata: 1.53722851164639
  landing: 0.6809757724404335
  view-data: 3.3184837298467755
