times:
  edit-metadata: 0.44621725007891655
  landing: 0.037092717830091715
  view-data: 0.19225564179942012
