times:
  edit-metadata: 1.3836929742246866
  landing: 0.021954337134957314
  view-data: 0.3271884620189667
