times:
  edit-metadata: 0.4398305320646614
  landing: 0.05839476780965924
  view-data: 0.21593889617361128
