times:
  edit-metadata: 1.369741927832365
  landing: 0.14695340022444725
  view-data: 0.33913745917379856
