times:
  edit-metadata: 1.3198885070160031
  landing: 0.022834735922515392
  view-data: 0.023603467270731926
