times:
  edit-metadata: 1.3962478209286928
  landing: 0.2240413799881935
  view-data: 0.32878178730607033
