times:
  edit-metadata: 1.352593056857586
  landing: 0.021311549469828606
  view-data: 0.13363349251449108
