times:
  edit-metadata: 1.5492391735315323
  landing: 0.8460966646671295
  view-data: 3.534737691283226
