times:
  edit-metadata: 1.4385609328746796
  landing: 0.8272515758872032
  view-data: 3.3002209216356277
