times:
  edit-metadata: 1.4855233505368233
  landing: 1.0934868603944778
  view-data: 3.5555814057588577
