times:
  edit-metadata: 1.6880818456411362
  landing: 0.9356595128774643
  view-data: 3.3350700065493584
