times:
  edit-metadata: 1.4746787250041962
  landing: 0.8938738703727722
  view-data: 3.453368067741394
