times:
  edit-metadata: 1.5051049962639809
  landing: 0.9079207330942154
  view-data: 3.3081961646676064
