times:
  edit-metadata: 1.5103744827210903
  landing: 0.955452598631382
  view-data: 3.3387031368911266
