times:
  edit-metadata: 1.6502170264720917
  landing: 0.8126164972782135
  view-data: 3.483603559434414
