times:
  edit-metadata: 1.402833305299282
  landing: 0.7219363301992416
  view-data: 3.44362860172987
