times:
  edit-metadata: 1.484331138432026
  landing: 0.7405678853392601
  view-data: 3.459055706858635
