times:
  edit-metadata: 1.5475184321403503
  landing: 0.791184663772583
  view-data: 3.530990354716778
