times:
  edit-metadata: 1.472555123269558
  landing: 0.7564823850989342
  view-data: 3.526837758719921
