times:
  edit-metadata: 1.3433061093091965
  landing: 0.745648555457592
  view-data: 3.4250632897019386
