times:
  edit-metadata: 1.3976163491606712
  landing: 0.8019074723124504
  view-data: 3.2665546238422394
