times:
  edit-metadata: 1.448728784918785
  landing: 0.896344393491745
  view-data: 3.4110646471381187
