times:
  edit-metadata: 1.303168997168541
  landing: 0.8299307152628899
  view-data: 3.2726378589868546
