times:
  edit-metadata: 1.7852477878332138
  landing: 1.528156690299511
  view-data: 3.7169046476483345
