times:
  edit-metadata: 1.3890886008739471
  landing: 0.8279262483119965
  view-data: 3.5151235088706017
