times:
  edit-metadata: 1.7632084712386131
  landing: 1.1589534282684326
  view-data: 3.5710754096508026
