times:
  edit-metadata: 2.3454033210873604
  landing: 1.2009486109018326
  view-data: 3.612799569964409
