times:
  edit-metadata: 1.3533543422818184
  landing: 0.7047561332583427
  view-data: 3.4813035875558853
