times:
  edit-metadata: 1.4042450860142708
  landing: 0.8820183947682381
  view-data: 3.4289385601878166
