times:
  edit-metadata: 1.895774781703949
  landing: 0.9687043949961662
  view-data: 3.4622866585850716
