times:
  edit-metadata: 1.3724979348480701
  landing: 0.8370217084884644
  view-data: 3.3306124582886696
