times:
  edit-metadata: 1.4107525125145912
  landing: 0.8144325837492943
  view-data: 3.475537545979023
