times:
  edit-metadata: 1.5146443247795105
  landing: 0.8240647464990616
  view-data: 3.3184300661087036
