times:
  edit-metadata: 1.3584922775626183
  landing: 0.8067698702216148
  view-data: 3.4600023180246353
