times:
  edit-metadata: 1.4725809320807457
  landing: 0.7585891857743263
  view-data: 3.359090507030487
