times:
  edit-metadata: 1.4505641758441925
  landing: 0.8345157727599144
  view-data: 3.2899768352508545
