times:
  edit-metadata: 1.572935201227665
  landing: 0.978830024600029
  view-data: 3.5142173394560814
