times:
  edit-metadata: 2.006922349333763
  landing: 1.0217009782791138
  view-data: 3.9249130189418793
