times:
  edit-metadata: 1.4833010211586952
  landing: 0.7985562235116959
  view-data: 3.5062150806188583
