times:
  edit-metadata: 1.368390753865242
  landing: 0.7801898717880249
  view-data: 3.396228037774563
