times:
  edit-metadata: 1.3534486070275307
  landing: 0.9525485634803772
  view-data: 3.5013661682605743
