times:
  edit-metadata: 3.047267183661461
  landing: 1.5959983691573143
  view-data: 4.3710866421461105
