times:
  edit-metadata: 1.3809981904923916
  landing: 0.8468108810484409
  view-data: 3.299603097140789
