times:
  edit-metadata: 1.4377348944544792
  landing: 0.7977319583296776
  view-data: 3.3180055022239685
