times:
  edit-metadata: 1.5357430577278137
  landing: 1.0382497608661652
  view-data: 3.325959250330925
