times:
  edit-metadata: 1.4297283664345741
  landing: 0.8053842037916183
  view-data: 3.276674695312977
