times:
  edit-metadata: 1.8610314801335335
  landing: 1.2332092970609665
  view-data: 3.430587075650692
