times:
  edit-metadata: 1.3560214638710022
  landing: 0.7446139827370644
  view-data: 3.434778831899166
