times:
  edit-metadata: 1.7617121897637844
  landing: 1.020109299570322
  view-data: 3.4634500294923782
