times:
  edit-metadata: 1.5037682950496674
  landing: 0.8563183844089508
  view-data: 3.3417177125811577
