times:
  edit-metadata: 1.9822497963905334
  landing: 1.3303789086639881
  view-data: 3.4307006634771824
