times:
  edit-metadata: 1.7327140048146248
  landing: 1.0023124814033508
  view-data: 3.696913607418537
