times:
  edit-metadata: 1.4493861719965935
  landing: 0.7722330987453461
  view-data: 3.4538943246006966
