times:
  edit-metadata: 2.215729035437107
  landing: 1.1115959137678146
  view-data: 3.47795682400465
