times:
  edit-metadata: 1.526591494679451
  landing: 0.731357105076313
  view-data: 3.4345459416508675
