times:
  edit-metadata: 1.5424122586846352
  landing: 0.8710061386227608
  view-data: 3.3357392698526382
