times:
  edit-metadata: 1.4743231907486916
  landing: 0.7094701007008553
  view-data: 3.33898813277483
