times:
  edit-metadata: 1.3908445313572884
  landing: 0.7627014219760895
  view-data: 3.4636984914541245
