times:
  edit-metadata: 1.6299224644899368
  landing: 0.8093671649694443
  view-data: 3.4783426597714424
