times:
  edit-metadata: 1.6038569957017899
  landing: 0.7430977001786232
  view-data: 3.495408222079277
