times:
  edit-metadata: 1.5060618743300438
  landing: 1.0232461020350456
  view-data: 3.466493733227253
