times:
  edit-metadata: 1.435477428138256
  landing: 0.7068979367613792
  view-data: 3.4671597853302956
