times:
  edit-metadata: 1.4618909433484077
  landing: 0.7810950130224228
  view-data: 3.434589385986328
