times:
  edit-metadata: 1.4719138219952583
  landing: 0.7177668437361717
  view-data: 3.4212857633829117
