times:
  edit-metadata: 1.5114514008164406
  landing: 0.767585851252079
  view-data: 3.447909325361252
