times:
  edit-metadata: 2.758145958185196
  landing: 0.9061848446726799
  view-data: 3.607896938920021
