times:
  edit-metadata: 1.3758893609046936
  landing: 0.811374120414257
  view-data: 3.489199995994568
