times:
  edit-metadata: 1.4713278785347939
  landing: 0.7841395661234856
  view-data: 3.478912077844143
