times:
  edit-metadata: 1.4330599308013916
  landing: 0.7684923782944679
  view-data: 10.362525679171085
