times:
  edit-metadata: 1.3664923682808876
  landing: 0.8395261019468307
  view-data: 3.5378735065460205
