times:
  edit-metadata: 1.4882851988077164
  landing: 0.9035590663552284
  view-data: 3.3199262395501137
