times:
  edit-metadata: 1.566779050976038
  landing: 0.8142240084707737
  view-data: 3.3296448439359665
