times:
  edit-metadata: 1.4432610869407654
  landing: 0.8567271456122398
  view-data: 3.3437380641698837
