times:
  edit-metadata: 1.5395600646734238
  landing: 0.9366503842175007
  view-data: 3.296961035579443
