times:
  edit-metadata: 1.5242660343647003
  landing: 0.7457662224769592
  view-data: 3.4788029491901398
