times:
  edit-metadata: 1.5561055541038513
  landing: 0.9049339964985847
  view-data: 3.6205168068408966
