times:
  edit-metadata: 1.5124815180897713
  landing: 0.7428325340151787
  view-data: 3.446582570672035
