times:
  edit-metadata: 1.48075832426548
  landing: 0.7277208417654037
  view-data: 3.5012186095118523
