times:
  edit-metadata: 1.636811938136816
  landing: 0.8447870649397373
  view-data: 3.369956813752651
