times:
  edit-metadata: 1.4879027977585793
  landing: 0.7935286313295364
  view-data: 3.4639583751559258
