times:
  edit-metadata: 1.453527569770813
  landing: 0.8064830899238586
  view-data: 3.458929792046547
