times:
  edit-metadata: 1.5316455662250519
  landing: 0.8729580342769623
  view-data: 3.330086410045624
