times:
  edit-metadata: 1.3372664898633957
  landing: 0.718959629535675
  view-data: 3.4772358164191246
