times:
  edit-metadata: 1.454309269785881
  landing: 0.7355993986129761
  view-data: 3.526503309607506
