times:
  edit-metadata: 1.4616318866610527
  landing: 0.7726288512349129
  view-data: 3.4710749462246895
