times:
  edit-metadata: 2.1225253865122795
  landing: 1.4866498038172722
  view-data: 3.4529271349310875
