times:
  edit-metadata: 1.307244285941124
  landing: 0.7911245375871658
  view-data: 3.450272172689438
