times:
  edit-metadata: 1.441047802567482
  landing: 0.8228542879223824
  view-data: 3.3349565863609314
