times:
  edit-metadata: 1.8608715124428272
  landing: 0.9675139300525188
  view-data: 3.3596243038773537
