times:
  edit-metadata: 1.3885104432702065
  landing: 0.8177371323108673
  view-data: 3.297784201800823
