times:
  edit-metadata: 1.5085903480648994
  landing: 0.9111417569220066
  view-data: 3.3237562477588654
