times:
  edit-metadata: 1.5232331305742264
  landing: 0.921701654791832
  view-data: 3.3283179253339767
