times:
  edit-metadata: 1.4917492270469666
  landing: 0.8476954400539398
  view-data: 3.368772804737091
