times:
  edit-metadata: 1.6593905240297318
  landing: 0.882122628390789
  view-data: 3.4544416815042496
