times:
  edit-metadata: 1.5761866569519043
  landing: 1.1238862499594688
  view-data: 3.6280423775315285
