times:
  edit-metadata: 1.3999679684638977
  landing: 0.8455851674079895
  view-data: 3.2764444053173065
