times:
  edit-metadata: 1.6653618961572647
  landing: 0.9423990808427334
  view-data: 3.310568567365408
