times:
  edit-metadata: 1.465220719575882
  landing: 0.8009072169661522
  view-data: 3.547012872993946
