times:
  edit-metadata: 1.4868790358304977
  landing: 0.7935211062431335
  view-data: 3.4702464789152145
