times:
  edit-metadata: 1.3993188738822937
  landing: 0.8042677640914917
  view-data: 3.415676064789295
