times:
  edit-metadata: 1.4551905542612076
  landing: 0.7680868804454803
  view-data: 3.453939713537693
