times:
  edit-metadata: 1.3991911485791206
  landing: 0.9216786101460457
  view-data: 3.4385524541139603
