times:
  edit-metadata: 1.36525347083807
  landing: 0.8174741417169571
  view-data: 3.63655935972929
