times:
  edit-metadata: 1.3571104556322098
  landing: 0.8803228363394737
  view-data: 3.3291243463754654
