times:
  edit-metadata: 1.3541184067726135
  landing: 0.7171095088124275
  view-data: 3.4791065603494644
