times:
  edit-metadata: 1.5527093261480331
  landing: 0.7091842293739319
  view-data: 3.4046906381845474
