times:
  edit-metadata: 1.4620013982057571
  landing: 0.8509447164833546
  view-data: 3.2904376462101936
