times:
  edit-metadata: 1.9244702905416489
  landing: 1.1687333546578884
  view-data: 3.402586914598942
