times:
  edit-metadata: 2.0338807106018066
  landing: 1.4115279614925385
  view-data: 3.5918083116412163
