times:
  edit-metadata: 1.6206057220697403
  landing: 0.8933955952525139
  view-data: 3.3560150638222694
