times:
  edit-metadata: 1.3728267475962639
  landing: 0.8082330450415611
  view-data: 3.4571932032704353
