times:
  edit-metadata: 1.4802223592996597
  landing: 0.8986360356211662
  view-data: 3.4869073554873466
