times:
  edit-metadata: 1.481765329837799
  landing: 1.0034032613039017
  view-data: 3.590526208281517
