times:
  edit-metadata: 1.412966825067997
  landing: 0.855512160807848
  view-data: 3.297106236219406
