times:
  edit-metadata: 1.3857749700546265
  landing: 0.7483165487647057
  view-data: 3.4540136754512787
