times:
  edit-metadata: 1.5183958932757378
  landing: 0.8104820400476456
  view-data: 3.5031652078032494
