times:
  edit-metadata: 1.762311577796936
  landing: 1.1342703327536583
  view-data: 3.458180695772171
