times:
  edit-metadata: 1.4577923491597176
  landing: 0.8198173940181732
  view-data: 3.49368517100811
