times:
  edit-metadata: 1.5234871059656143
  landing: 0.8979621231555939
  view-data: 3.4548213481903076
