times:
  edit-metadata: 1.3625849932432175
  landing: 0.8456794545054436
  view-data: 3.523740693926811
