times:
  edit-metadata: 1.4907176047563553
  landing: 0.8826993331313133
  view-data: 3.2951711788773537
