times:
  edit-metadata: 1.3700174391269684
  landing: 0.7716619893908501
  view-data: 3.4489370360970497
