times:
  edit-metadata: 1.4390813186764717
  landing: 0.8104353696107864
  view-data: 3.53361576795578
