times:
  edit-metadata: 1.4349876046180725
  landing: 0.7758931741118431
  view-data: 3.533159524202347
