times:
  edit-metadata: 1.3745776191353798
  landing: 0.805100679397583
  view-data: 3.4674382731318474
