times:
  edit-metadata: 1.6848342269659042
  landing: 0.9615925326943398
  view-data: 3.3529639840126038
