times:
  edit-metadata: 1.4994900282472372
  landing: 1.022152635268867
  view-data: 3.48625954054296
