times:
  edit-metadata: 1.4600304141640663
  landing: 1.1433809995651245
  view-data: 3.357502494007349
