times:
  edit-metadata: 1.517061561346054
  landing: 0.7779376059770584
  view-data: 3.4254015795886517
