times:
  edit-metadata: 1.836657002568245
  landing: 1.2633724361658096
  view-data: 3.4839781876653433
