times:
  edit-metadata: 1.3220611438155174
  landing: 0.8533051032572985
  view-data: 3.446457378566265
