times:
  edit-metadata: 1.4921655356884003
  landing: 0.7763004787266254
  view-data: 3.3841627473011613
