times:
  edit-metadata: 2.333470854908228
  landing: 0.7513761976733804
  view-data: 3.38649526424706
