times:
  edit-metadata: 1.57692401856184
  landing: 0.94880286231637
  view-data: 3.3657281398773193
