times:
  edit-metadata: 1.2819567108526826
  landing: 1.0444025164470077
  view-data: 3.32064866181463
