times:
  edit-metadata: 1.6077010929584503
  landing: 0.7936258241534233
  view-data: 3.4228076916188
