times:
  edit-metadata: 1.658889602869749
  landing: 1.1718113347887993
  view-data: 3.461631402373314
