times:
  edit-metadata: 1.3969873636960983
  landing: 0.6637336313724518
  view-data: 3.3090430721640587
