times:
  edit-metadata: 1.557871948927641
  landing: 0.8199525587260723
  view-data: 3.4405456576496363
