times:
  edit-metadata: 1.5499812529888004
  landing: 0.8843211460625753
  view-data: 3.307672782917507
