times:
  edit-metadata: 0.4907458499073982
  landing: 0.05999513203278184
  view-data: 0.2074800180271268
