times:
  edit-metadata: 1.530266147106886
  landing: 0.7479698080569506
  view-data: 3.5837216917425394
