times:
  edit-metadata: 1.5785433631390333
  landing: 0.937232943251729
  view-data: 3.4500027429312468
