times:
  edit-metadata: 1.5203295163810253
  landing: 0.8484965953975916
  view-data: 3.469420392997563
