times:
  edit-metadata: 1.4957731198519468
  landing: 0.8427606858313084
  view-data: 3.3328916411846876
