times:
  edit-metadata: 1.4415495512075722
  landing: 0.8518343977630138
  view-data: 3.388469703029841
