times:
  edit-metadata: 1.5187105797231197
  landing: 0.7242456804960966
  view-data: 3.3845605589449406
