times:
  edit-metadata: 1.490948911756277
  landing: 1.9079096540808678
  view-data: 3.359624285250902
