times:
  edit-metadata: 1.5344620384275913
  landing: 0.8284728676080704
  view-data: 3.467665195465088
