times:
  edit-metadata: 1.5224408693611622
  landing: 0.9962295927107334
  view-data: 3.3310410156846046
