times:
  edit-metadata: 1.8418548721820116
  landing: 0.8911149632185698
  view-data: 3.3771995920687914
