times:
  edit-metadata: 1.439414949156344
  landing: 0.776660090778023
  view-data: 3.3445860370993614
