times:
  edit-metadata: 1.3340685088187456
  landing: 0.8644772917032242
  view-data: 3.33600484021008
