times:
  edit-metadata: 1.6326077654957771
  landing: 1.0310171768069267
  view-data: 3.46790486946702
