times:
  edit-metadata: 2.1602179035544395
  landing: 1.0480143800377846
  view-data: 3.353131491690874
