times:
  edit-metadata: 1.3921042792499065
  landing: 1.080856692045927
  view-data: 3.338722236454487
