times:
  edit-metadata: 1.4049526490271091
  landing: 0.8092523366212845
  view-data: 3.608573265373707
