times:
  edit-metadata: 1.488410523161292
  landing: 0.7774389907717705
  view-data: 3.416282241232693
