times:
  edit-metadata: 1.3211918100714684
  landing: 0.7090825065970421
  view-data: 3.3882732205092907
