times:
  edit-metadata: 1.131352722644806
  landing: 0.7559004575014114
  view-data: 3.356816802173853
