times:
  edit-metadata: 1.6593579538166523
  landing: 0.9073144998401403
  view-data: 3.466615529730916
