times:
  edit-metadata: 1.5165535239502788
  landing: 0.7853907579556108
  view-data: 3.3803425189107656
