times:
  edit-metadata: 1.3723437543958426
  landing: 0.7327303914353251
  view-data: 3.3194973720237613
