times:
  edit-metadata: 1.4817486014217138
  landing: 0.9186607282608747
  view-data: 3.4124558195471764
