times:
  edit-metadata: 1.5077924550278112
  landing: 0.9597890089498833
  view-data: 3.3191709760576487
