times:
  edit-metadata: 1.9134586602449417
  landing: 1.1712188459932804
  view-data: 3.3897069543600082
