times:
  edit-metadata: 1.3515274869278073
  landing: 0.8233696259558201
  view-data: 3.3456326806917787
