times:
  edit-metadata: 1.3963639689609408
  landing: 0.7471160730347037
  view-data: 3.2916142623871565
