times:
  edit-metadata: 1.543051090091467
  landing: 0.7938793450593948
  view-data: 3.466896900907159
