times:
  edit-metadata: 1.4755878848955035
  landing: 0.7495253961533308
  view-data: 3.363470814190805
