times:
  edit-metadata: 1.5896840069908649
  landing: 0.9960651330184191
  view-data: 3.4122654099483043
