times:
  edit-metadata: 1.3528200034052134
  landing: 0.8990012034773827
  view-data: 3.3644606918096542
