times:
  edit-metadata: 1.496445145457983
  landing: 0.8387946859002113
  view-data: 3.4304425790905952
