times:
  edit-metadata: 1.396632358431816
  landing: 0.9131295457482338
  view-data: 3.4125824086368084
