times:
  edit-metadata: 1.489873517304659
  landing: 0.8949249908328056
  view-data: 3.4081412330269814
