times:
  edit-metadata: 1.8476925804279745
  landing: 0.993691295851022
  view-data: 3.4092595828697085
