times:
  edit-metadata: 1.3918902222067118
  landing: 0.715853906236589
  view-data: 3.348083145916462
