times:
  edit-metadata: 1.421040117740631
  landing: 0.7883224040269852
  view-data: 3.2536668702960014
