times:
  edit-metadata: 1.5269860737025738
  landing: 1.063063833862543
  view-data: 3.3628402203321457
