times:
  edit-metadata: 1.4002136141061783
  landing: 0.8438936620950699
  view-data: 3.274326514452696
