times:
  edit-metadata: 1.5946099683642387
  landing: 0.855976764112711
  view-data: 3.4308170080184937
