times:
  edit-metadata: 1.846918761730194
  landing: 1.136493742465973
  view-data: 3.4804574735462666
