times:
  edit-metadata: 0.4814183299895376
  landing: 0.04412957699969411
  view-data: 0.2037593829445541
