times:
  edit-metadata: 1.4094014847651124
  landing: 0.7742840088903904
  view-data: 3.411863523069769
