times:
  edit-metadata: 1.5497287586331367
  landing: 0.8437160216271877
  view-data: 3.3253739159554243
