times:
  edit-metadata: 1.4487625416368246
  landing: 0.9796811658889055
  view-data: 3.330814682878554
