times:
  edit-metadata: 1.740000767633319
  landing: 0.8735671676695347
  view-data: 3.278398400172591
