times:
  edit-metadata: 1.439301166916266
  landing: 0.7934731929562986
  view-data: 3.3552804791834205
