times:
  edit-metadata: 1.5413945299806073
  landing: 0.9322785219410434
  view-data: 3.4250757499830797
