times:
  edit-metadata: 1.4223057217895985
  landing: 0.8756011724472046
  view-data: 3.3399508707225323
