times:
  edit-metadata: 0.47951694088988006
  landing: 0.05821984796784818
  view-data: 0.2178795370273292
