times:
  edit-metadata: 1.4753155335783958
  landing: 0.9475162178277969
  view-data: 3.363981321454048
