times:
  edit-metadata: 1.4976893402636051
  landing: 0.7776002194732428
  view-data: 3.374423585832119
