times:
  edit-metadata: 1.3347445239778608
  landing: 0.782612337032333
  view-data: 3.3879586830735207
