times:
  edit-metadata: 1.5280962362885475
  landing: 0.903197955340147
  view-data: 3.408728498965502
