times:
  edit-metadata: 1.3829593136906624
  landing: 0.9099417366087437
  view-data: 3.3924278803169727
