times:
  edit-metadata: 1.5801031962037086
  landing: 0.8557159025222063
  view-data: 3.472731912508607
