times:
  edit-metadata: 1.2889659008942544
  landing: 0.9393282611854374
  view-data: 3.423328784061596
