times:
  edit-metadata: 1.3752970322966576
  landing: 0.8492282889783382
  view-data: 3.297538958489895
