times:
  edit-metadata: 1.578816870227456
  landing: 0.8627259815111756
  view-data: 3.4543879814445972
