times:
  edit-metadata: 1.5308560375124216
  landing: 0.6213834695518017
  view-data: 3.4035103768110275
