times:
  edit-metadata: 1.4214019291102886
  landing: 0.803204882889986
  view-data: 3.302548184990883
