times:
  edit-metadata: 1.3932098522782326
  landing: 0.7333624456077814
  view-data: 3.2889984510838985
