times:
  edit-metadata: 1.5096483761444688
  landing: 0.8174355681985617
  view-data: 3.4621783131733537
