times:
  edit-metadata: 1.5714003518223763
  landing: 0.8286180645227432
  view-data: 3.36001605913043
