times:
  edit-metadata: 1.5134655199944973
  landing: 0.8080345988273621
  view-data: 3.413689263164997
