times:
  edit-metadata: 1.6029549688100815
  landing: 0.9275434501469135
  view-data: 3.384175840765238
