times:
  edit-metadata: 1.5102676595561206
  landing: 0.8498710091225803
  view-data: 3.369284215848893
