times:
  edit-metadata: 1.3802663423120975
  landing: 0.864491555839777
  view-data: 3.323496535420418
