times:
  edit-metadata: 1.5146402707323432
  landing: 0.9212689828127623
  view-data: 3.459819325245917
