times:
  edit-metadata: 1.4376131799072027
  landing: 0.7303404603153467
  view-data: 3.3164494708180428
