times:
  edit-metadata: 1.5352710485458374
  landing: 0.8204697761684656
  view-data: 3.2959774043411016
