times:
  edit-metadata: 1.658040713518858
  landing: 0.9893377013504505
  view-data: 3.462963815778494
