times:
  edit-metadata: 1.497452039271593
  landing: 0.7376631796360016
  view-data: 3.300892136991024
