times:
  edit-metadata: 1.4568601101636887
  landing: 0.663095785304904
  view-data: 3.3632278703153133
