times:
  edit-metadata: 1.5979884155094624
  landing: 5.422697376459837
  view-data: 3.408065550029278
