times:
  edit-metadata: 1.4746434148401022
  landing: 0.793960589915514
  view-data: 3.4303760770708323
