times:
  edit-metadata: 1.3595645911991596
  landing: 0.7923931367695332
  view-data: 3.3225315511226654
