times:
  edit-metadata: 1.4765558019280434
  landing: 0.8425943441689014
  view-data: 3.3047432005405426
