times:
  edit-metadata: 1.9734599189832807
  landing: 1.1942501491867006
  view-data: 3.5175966899842024
