times:
  edit-metadata: 0.4811850299593061
  landing: 0.0486594180110842
  view-data: 0.21173201000783592
