times:
  edit-metadata: 1.8171164710074663
  landing: 7.793634511996061
  view-data: 3.3399495617486537
