times:
  edit-metadata: 1.5315146073698997
  landing: 0.797025702893734
  view-data: 3.3742139898240566
