times:
  edit-metadata: 0.5071141249500215
  landing: 0.05849451618269086
  view-data: 0.21390651585534215
