times:
  edit-metadata: 1.5039506554603577
  landing: 0.7971322908997536
  view-data: 3.428857199847698
