times:
  edit-metadata: 1.5881530418992043
  landing: 0.9790576249361038
  view-data: 3.322988536208868
