times:
  edit-metadata: 1.3356821313500404
  landing: 0.8914602808654308
  view-data: 3.407580144703388
