times:
  edit-metadata: 1.606880160048604
  landing: 0.8685551509261131
  view-data: 3.334604164585471
