times:
  edit-metadata: 1.6136926151812077
  landing: 0.8088826444000006
  view-data: 3.4569981042295694
