times:
  edit-metadata: 1.486176528967917
  landing: 0.913113132934086
  view-data: 3.305811655940488
