times:
  edit-metadata: 1.675850573927164
  landing: 0.971599817276001
  view-data: 3.396927259862423
