times:
  edit-metadata: 1.362330961972475
  landing: 1.1553948111832142
  view-data: 3.360321309417486
