times:
  edit-metadata: 1.4938841350376606
  landing: 0.7727375291287899
  view-data: 3.445356411859393
