times:
  edit-metadata: 1.4001031462103128
  landing: 1.2226524869911373
  view-data: 3.3678526980802417
