times:
  edit-metadata: 0.48601838399190456
  landing: 0.04979292396456003
  view-data: 0.2256238260306418
