times:
  edit-metadata: 1.3740282580256462
  landing: 0.7800423912703991
  view-data: 3.3489151261746883
