times:
  edit-metadata: 1.5156053341925144
  landing: 0.9310195073485374
  view-data: 3.412920758128166
