times:
  edit-metadata: 1.5411064252257347
  landing: 0.9193505980074406
  view-data: 3.394571777433157
