times:
  edit-metadata: 1.539186584763229
  landing: 0.9658065978437662
  view-data: 3.3634846284985542
