times:
  edit-metadata: 1.4910644814372063
  landing: 1.002019215375185
  view-data: 3.3719988875091076
