times:
  edit-metadata: 1.4981688484549522
  landing: 0.8586456403136253
  view-data: 3.413540743291378
