times:
  edit-metadata: 1.6868460606783628
  landing: 0.8190346714109182
  view-data: 3.429797727614641
