times:
  edit-metadata: 1.6655233725905418
  landing: 1.040445821825415
  view-data: 3.4345282558351755
