times:
  edit-metadata: 1.482783943414688
  landing: 0.7056978773325682
  view-data: 3.329153213649988
