times:
  edit-metadata: 1.6828568354249
  landing: 0.9983429610729218
  view-data: 3.4095636680722237
