times:
  edit-metadata: 1.4409227780997753
  landing: 0.9394026640802622
  view-data: 3.355216841213405
