times:
  edit-metadata: 1.4895112868398428
  landing: 0.8027149941772223
  view-data: 3.364610530436039
