times:
  edit-metadata: 1.4167324788868427
  landing: 0.9481304064393044
  view-data: 3.2979649156332016
