times:
  edit-metadata: 1.535348355770111
  landing: 0.88203264772892
  view-data: 3.3814305774867535
