times:
  edit-metadata: 1.4188532587140799
  landing: 0.7618306614458561
  view-data: 3.3745118509978056
