times:
  edit-metadata: 1.537595396861434
  landing: 0.7653132546693087
  view-data: 3.4579109344631433
