times:
  edit-metadata: 1.8520701825618744
  landing: 1.5543697960674763
  view-data: 3.4622830897569656
