times:
  edit-metadata: 1.5210420028306544
  landing: 0.8305456610396504
  view-data: 3.4116314840503037
