times:
  edit-metadata: 1.2986221329774708
  landing: 0.8536087248940021
  view-data: 3.324003532063216
