times:
  edit-metadata: 1.8143886029720306
  landing: 1.4340827614068985
  view-data: 3.4967651292681694
