times:
  edit-metadata: 1.870970937423408
  landing: 1.1561159901320934
  view-data: 3.532544202171266
