times:
  edit-metadata: 1.5108971316367388
  landing: 0.7762135472148657
  view-data: 3.4280319456011057
