times:
  edit-metadata: 1.5272107119672
  landing: 0.8740001439582556
  view-data: 3.4216360829304904
