times:
  edit-metadata: 0.4925313979620114
  landing: 0.04818518296815455
  view-data: 0.21771172498119995
