times:
  edit-metadata: 1.4821568354964256
  landing: 1.076074492186308
  view-data: 3.395851869136095
