times:
  edit-metadata: 1.538090605288744
  landing: 0.978682991117239
  view-data: 3.4320322312414646
