times:
  edit-metadata: 0.4762108309660107
  landing: 0.06395328883081675
  view-data: 0.19434659997932613
