times:
  edit-metadata: 1.6469239704310894
  landing: 1.0501999519765377
  view-data: 3.480923071503639
