times:
  edit-metadata: 1.520898224785924
  landing: 0.8486632835119963
  view-data: 3.4597004875540733
