times:
  edit-metadata: 1.6570516638457775
  landing: 0.8829660825431347
  view-data: 3.47446146979928
