times:
  edit-metadata: 1.4546176949515939
  landing: 0.7745332736521959
  view-data: 3.341611516661942
