times:
  edit-metadata: 0.4888887128327042
  landing: 0.05914307804778218
  view-data: 0.20752916694618762
