times:
  edit-metadata: 1.510781567543745
  landing: 0.7855998128652573
  view-data: 3.451132617890835
