times:
  edit-metadata: 1.5409082062542439
  landing: 1.0350458920001984
  view-data: 3.3954618237912655
