times:
  edit-metadata: 0.47417371498886496
  landing: 0.04667334200348705
  view-data: 0.2164835809962824
