times:
  edit-metadata: 1.231018913909793
  landing: 0.778997078537941
  view-data: 3.3480115104466677
