times:
  edit-metadata: 1.5907773077487946
  landing: 0.9902297668159008
  view-data: 3.3483952172100544
