times:
  edit-metadata: 1.332683240994811
  landing: 0.7392237931489944
  view-data: 3.4238686226308346
