times:
  edit-metadata: 1.7270729020237923
  landing: 1.0355618335306644
  view-data: 3.6562840938568115
