times:
  edit-metadata: 1.4759336709976196
  landing: 0.873993469402194
  view-data: 3.3254881389439106
