times:
  edit-metadata: 1.1774859119905159
  landing: 0.20172925502993166
  view-data: 0.22415239998372272
