times:
  edit-metadata: 1.988014467060566
  landing: 1.0598843097686768
  view-data: 3.2964910827577114
