times:
  edit-metadata: 1.4756600074470043
  landing: 0.9079916924238205
  view-data: 3.4026642702519894
