times:
  edit-metadata: 1.4306638054549694
  landing: 0.7374419532716274
  view-data: 3.3278764598071575
