times:
  edit-metadata: 1.3806948568671942
  landing: 0.7101888917386532
  view-data: 3.544483784586191
