times:
  edit-metadata: 1.5110314022749662
  landing: 0.7268878128379583
  view-data: 3.361624738201499
