times:
  edit-metadata: 1.3229398829862475
  landing: 1.1310534682124853
  view-data: 3.2878726888448
