times:
  edit-metadata: 1.5566004547290504
  landing: 0.8381817061454058
  view-data: 3.3201226978562772
