times:
  edit-metadata: 1.4761892575770617
  landing: 0.718509379774332
  view-data: 3.394514784216881
