times:
  edit-metadata: 1.9285979345440865
  landing: 1.2190996073186398
  view-data: 3.3591880537569523
