times:
  edit-metadata: 1.7558623999357224
  landing: 0.8356665596365929
  view-data: 3.3524633534252644
