times:
  edit-metadata: 1.5618152674287558
  landing: 0.9199676513671875
  view-data: 3.424360491335392
