times:
  edit-metadata: 1.7353859208524227
  landing: 1.2059240974485874
  view-data: 3.3995961882174015
