times:
  edit-metadata: 1.5074733160436153
  landing: 0.7766635697335005
  view-data: 3.28555197827518
