times:
  edit-metadata: 1.442835466004908
  landing: 0.8560390267521143
  view-data: 3.380180145148188
