times:
  edit-metadata: 2.004222819581628
  landing: 1.1934529086574912
  view-data: 3.6738953860476613
