times:
  edit-metadata: 1.3710005544126034
  landing: 0.8106344006955624
  view-data: 3.3294125087559223
