times:
  edit-metadata: 1.3533163852989674
  landing: 0.8624943094328046
  view-data: 3.4201652631163597
