times:
  edit-metadata: 1.5869788117706776
  landing: 0.9219493679702282
  view-data: 3.4237817898392677
