times:
  edit-metadata: 2.9391240030527115
  landing: 1.7425694689154625
  view-data: 3.669760949909687
