times:
  edit-metadata: 1.5139715410768986
  landing: 0.9306736811995506
  view-data: 3.3955107610672712
