times:
  edit-metadata: 0.503491970943287
  landing: 0.05715892789885402
  view-data: 0.3430701061151922
