times:
  edit-metadata: 1.4832411222159863
  landing: 0.9235756769776344
  view-data: 3.400114219635725
