times:
  edit-metadata: 1.6009686961770058
  landing: 0.964946124702692
  view-data: 3.4278233535587788
