times:
  edit-metadata: 1.4408177770674229
  landing: 0.8027761010453105
  view-data: 3.3831518990918994
