times:
  edit-metadata: 3.2650994174182415
  landing: 2.079145833849907
  view-data: 4.434750624001026
