times:
  edit-metadata: 1.4110420793294907
  landing: 0.8041298128664494
  view-data: 3.3305363208055496
