times:
  edit-metadata: 1.5543821081519127
  landing: 0.7351934276521206
  view-data: 3.379837539047003
