times:
  edit-metadata: 1.5061630755662918
  landing: 0.8146402705460787
  view-data: 3.4077685680240393
