times:
  edit-metadata: 1.544278435409069
  landing: 0.7781722731888294
  view-data: 3.39142388664186
