times:
  edit-metadata: 1.4655648448970169
  landing: 0.8316046309191734
  view-data: 3.2530549049843103
