times:
  edit-metadata: 1.46397789940238
  landing: 1.0869692414999008
  view-data: 3.362760029733181
