times:
  edit-metadata: 1.3898313604295254
  landing: 0.8089874796569347
  view-data: 3.3148987516760826
