times:
  edit-metadata: 1.6785417888313532
  landing: 1.0025697238743305
  view-data: 3.374498510733247
