times:
  edit-metadata: 1.530788879841566
  landing: 0.910906333476305
  view-data: 3.4403366670012474
