times:
  edit-metadata: 1.327670694096014
  landing: 0.6727480110712349
  view-data: 3.3266851531807333
