times:
  edit-metadata: 1.3803058564662933
  landing: 0.6453217007219791
  view-data: 3.2927022129297256
