times:
  edit-metadata: 1.2719414869789034
  landing: 0.8177693709731102
  view-data: 3.326934329001233
