times:
  edit-metadata: 0.4565763730206527
  landing: 0.0774173450190574
  view-data: 0.21364007896045223
