times:
  edit-metadata: 1.5801879316568375
  landing: 0.9141855221241713
  view-data: 3.465125372633338
