times:
  edit-metadata: 1.7079163324087858
  landing: 1.179394805803895
  view-data: 3.4917325479909778
