times:
  edit-metadata: 1.3374335188418627
  landing: 0.7686800006777048
  view-data: 3.363789254799485
