times:
  edit-metadata: 1.6504102125763893
  landing: 1.8411871455609798
  view-data: 3.402006819844246
