times:
  edit-metadata: 1.495998129248619
  landing: 0.8727720193564892
  view-data: 3.3676767013967037
