times:
  edit-metadata: 1.3662858731113374
  landing: 0.8270691907964647
  view-data: 3.34683950105682
