times:
  edit-metadata: 1.810585644096136
  landing: 0.940485555678606
  view-data: 3.375916101038456
