times:
  edit-metadata: 1.4240153227001429
  landing: 0.8199245911091566
  view-data: 3.3084430526942015
