times:
  edit-metadata: 0.5095286788418889
  landing: 0.04869246482849121
  view-data: 0.21670967200770974
