times:
  edit-metadata: 1.3668529856950045
  landing: 0.8711063372902572
  view-data: 3.532453662250191
