times:
  edit-metadata: 1.5052343998104334
  landing: 0.808201976120472
  view-data: 3.354876045603305
