times:
  edit-metadata: 1.3537336867302656
  landing: 0.7976170871406794
  view-data: 3.3758929260075092
