times:
  edit-metadata: 1.975324490107596
  landing: 1.200050488114357
  view-data: 3.3524396559223533
