times:
  edit-metadata: 1.3980742283165455
  landing: 0.6856781095266342
  view-data: 3.394622338935733
