times:
  edit-metadata: 1.4743822822347283
  landing: 0.8701767418533564
  view-data: 3.3900585928931832
