times:
  edit-metadata: 1.681713318452239
  landing: 1.1501437034457922
  view-data: 3.6018508058041334
