times:
  edit-metadata: 1.5913196485489607
  landing: 0.8438239805400372
  view-data: 3.493646338582039
