times:
  edit-metadata: 1.35774090513587
  landing: 0.8551498353481293
  view-data: 3.332231257110834
