times:
  edit-metadata: 1.678564913570881
  landing: 0.967862993478775
  view-data: 3.4284347780048847
