times:
  edit-metadata: 1.480783887207508
  landing: 0.8533851243555546
  view-data: 3.3075490966439247
