times:
  edit-metadata: 1.727270919829607
  landing: 1.1980989202857018
  view-data: 3.5000962391495705
