times:
  edit-metadata: 1.4971359390765429
  landing: 0.7908161450177431
  view-data: 3.412856912240386
