times:
  edit-metadata: 1.580655375495553
  landing: 0.9693044926971197
  view-data: 3.349891770631075
