times:
  edit-metadata: 1.583012128714472
  landing: 0.8335843496024609
  view-data: 3.3697386630810797
