times:
  edit-metadata: 1.7398053891956806
  landing: 1.0846540741622448
  view-data: 3.5830279998481274
