times:
  edit-metadata: 1.5879147653467953
  landing: 0.9011232359334826
  view-data: 3.427277708891779
