times:
  edit-metadata: 1.5170547999441624
  landing: 0.841755349189043
  view-data: 3.426440089941025
