times:
  edit-metadata: 1.555717539973557
  landing: 0.821459992788732
  view-data: 3.389855463989079
