times:
  edit-metadata: 2.232014410197735
  landing: 1.5908314418047667
  view-data: 3.770218076184392
