times:
  edit-metadata: 1.4804355520755053
  landing: 0.8757012840360403
  view-data: 3.441690258681774
