times:
  edit-metadata: 1.7925025783479214
  landing: 1.1409187451936305
  view-data: 3.5533050731755793
