times:
  edit-metadata: 1.5425081830471754
  landing: 0.7724883928894997
  view-data: 3.43558020144701
