times:
  edit-metadata: 1.5073061976581812
  landing: 0.8934967070817947
  view-data: 3.311337746679783
