times:
  edit-metadata: 0.5217537189600989
  landing: 0.05596842698287219
  view-data: 0.21026940096635371
