times:
  edit-metadata: 1.5644296631217003
  landing: 0.8412929214537144
  view-data: 3.3777221217751503
