times:
  edit-metadata: 1.5485080629587173
  landing: 0.8091254234313965
  view-data: 3.42138384655118
