times:
  edit-metadata: 1.5859257653355598
  landing: 0.9149462189525366
  view-data: 3.3814557548612356
