times:
  edit-metadata: 1.5528513714671135
  landing: 0.8251561224460602
  view-data: 3.3861057069152594
