times:
  edit-metadata: 1.4605105626396835
  landing: 0.774176113307476
  view-data: 3.2620083410292864
