times:
  edit-metadata: 1.4579240307211876
  landing: 0.8448934331536293
  view-data: 3.414271052926779
