times:
  edit-metadata: 1.3324436787515879
  landing: 0.7239921074360609
  view-data: 3.2895680759102106
