times:
  edit-metadata: 1.5619380213320255
  landing: 0.7855226919054985
  view-data: 3.3138426579535007
