times:
  edit-metadata: 1.4423132501542568
  landing: 0.6597430370748043
  view-data: 3.3460861053317785
