times:
  edit-metadata: 1.5498572879005224
  landing: 0.902150047942996
  view-data: 3.3982883100397885
