times:
  edit-metadata: 1.630418784916401
  landing: 0.9135586954653263
  view-data: 3.337000474333763
