times:
  edit-metadata: 1.5371367111802101
  landing: 0.7773435469716787
  view-data: 3.415596839040518
