times:
  edit-metadata: 1.2857834519818425
  landing: 0.8477879089768976
  view-data: 3.3876907529775053
