times:
  edit-metadata: 1.3212955072522163
  landing: 0.9385078363120556
  view-data: 3.293521586805582
