times:
  edit-metadata: 1.8690012134611607
  landing: 0.8903230577707291
  view-data: 3.355353504419327
