times:
  edit-metadata: 1.5331250056624413
  landing: 1.060032319277525
  view-data: 3.4063021168112755
