times:
  edit-metadata: 1.5784643590450287
  landing: 0.8927078582346439
  view-data: 3.4742723014205694
