times:
  edit-metadata: 1.3863844759762287
  landing: 0.9553620778024197
  view-data: 3.384048815816641
