times:
  edit-metadata: 1.6028951965272427
  landing: 0.9719521589577198
  view-data: 3.326206684112549
