times:
  edit-metadata: 1.4701480437070131
  landing: 0.7331834081560373
  view-data: 3.3947629369795322
