times:
  edit-metadata: 1.4150899979285896
  landing: 0.8292166279861704
  view-data: 3.2864703109953552
