times:
  edit-metadata: 1.5309948939830065
  landing: 0.8214020300656557
  view-data: 3.4107349710538983
