times:
  edit-metadata: 1.650855764746666
  landing: 0.9877155385911465
  view-data: 3.372775238007307
