times:
  edit-metadata: 1.5729990359395742
  landing: 0.8134865742176771
  view-data: 3.396406115964055
