times:
  edit-metadata: 1.534961560741067
  landing: 0.787756759673357
  view-data: 3.393767872825265
