times:
  edit-metadata: 1.5433252342045307
  landing: 0.844778049737215
  view-data: 3.3942451663315296
