times:
  edit-metadata: 1.60503233037889
  landing: 0.9054105589166284
  view-data: 3.427085604518652
