times:
  edit-metadata: 1.4677028208971024
  landing: 0.7152075283229351
  view-data: 3.270279373973608
