times:
  edit-metadata: 1.477256658487022
  landing: 0.8307457445189357
  view-data: 3.3756120037287474
