times:
  edit-metadata: 1.4247211809270084
  landing: 0.7205148199573159
  view-data: 3.4317289190366864
