times:
  edit-metadata: 0.46009308903012425
  landing: 0.06878666498232633
  view-data: 0.21720954205375165
