times:
  edit-metadata: 1.5557334423065186
  landing: 0.719140313565731
  view-data: 3.320012640208006
