times:
  edit-metadata: 1.4788680672645569
  landing: 0.796620462089777
  view-data: 3.3131192587316036
