times:
  edit-metadata: 1.442551796324551
  landing: 0.8311519864946604
  view-data: 3.354111595079303
