times:
  edit-metadata: 1.5116802006959915
  landing: 1.0131760723888874
  view-data: 3.359068665653467
