times:
  edit-metadata: 1.636562503874302
  landing: 0.8693936206400394
  view-data: 3.7348302118480206
