times:
  edit-metadata: 1.5981686413288116
  landing: 0.8587401621043682
  view-data: 3.461691614240408
