times:
  edit-metadata: 1.4074783623218536
  landing: 0.7513022422790527
  view-data: 3.310942307114601
