times:
  edit-metadata: 1.4424734897911549
  landing: 0.8238486722111702
  view-data: 3.3012883067131042
