times:
  edit-metadata: 1.4818038642406464
  landing: 0.7683581709861755
  view-data: 3.456795923411846
