times:
  edit-metadata: 1.517803356051445
  landing: 0.7963943257927895
  view-data: 3.5420156493782997
