times:
  edit-metadata: 1.4975420981645584
  landing: 0.8089766167104244
  view-data: 3.2953868210315704
