times:
  edit-metadata: 1.5237719118595123
  landing: 1.193265087902546
  view-data: 3.378493569791317
