times:
  edit-metadata: 1.4192559644579887
  landing: 0.8634302541613579
  view-data: 3.4645446464419365
