times:
  edit-metadata: 1.3879041150212288
  landing: 0.7925793901085854
  view-data: 3.4838867858052254
