times:
  edit-metadata: 1.8727796785533428
  landing: 1.22756876796484
  view-data: 3.325198870152235
