times:
  edit-metadata: 1.4649138487875462
  landing: 0.7617563903331757
  view-data: 3.3661608435213566
