times:
  edit-metadata: 1.5466016754508018
  landing: 0.7276574745774269
  view-data: 3.5164052695035934
