times:
  edit-metadata: 1.4010393172502518
  landing: 0.85649548843503
  view-data: 3.3258905857801437
