times:
  edit-metadata: 1.4611394256353378
  landing: 0.7045867666602135
  view-data: 3.4331406950950623
