times:
  edit-metadata: 1.4302169233560562
  landing: 0.6966591626405716
  view-data: 3.439654305577278
