times:
  edit-metadata: 2.4214067421853542
  landing: 1.0778422504663467
  view-data: 3.3985013216733932
