times:
  edit-metadata: 1.3658405765891075
  landing: 0.7620848193764687
  view-data: 3.494076743721962
