times:
  edit-metadata: 1.3854220807552338
  landing: 0.7360505983233452
  view-data: 3.5178540274500847
