times:
  edit-metadata: 1.5483714155852795
  landing: 0.81662368029356
  view-data: 3.3530954904854298
