times:
  edit-metadata: 1.4128239713609219
  landing: 0.7829006612300873
  view-data: 3.2874173521995544
