times:
  edit-metadata: 1.3604474738240242
  landing: 0.8029559254646301
  view-data: 3.370991565287113
