times:
  edit-metadata: 1.3797692842781544
  landing: 0.7414960637688637
  view-data: 3.2743894793093204
