times:
  edit-metadata: 1.483083039522171
  landing: 1.0274050161242485
  view-data: 3.3364890068769455
