times:
  edit-metadata: 1.4008015394210815
  landing: 0.7722082957625389
  view-data: 3.417579121887684
