times:
  edit-metadata: 1.6038321927189827
  landing: 0.960360087454319
  view-data: 3.419620394706726
