times:
  edit-metadata: 1.600738737732172
  landing: 0.9653042666614056
  view-data: 3.3782505244016647
