times:
  edit-metadata: 2.3841816037893295
  landing: 0.8911567106842995
  view-data: 3.5887844264507294
