times:
  edit-metadata: 1.4651563689112663
  landing: 0.7489614002406597
  view-data: 3.249628473073244
