times:
  edit-metadata: 1.4722252860665321
  landing: 0.7318372055888176
  view-data: 3.3684936240315437
