times:
  edit-metadata: 1.5889597162604332
  landing: 0.7937278896570206
  view-data: 3.5045139119029045
