times:
  edit-metadata: 1.4716780930757523
  landing: 0.7819470688700676
  view-data: 3.5331249684095383
