times:
  edit-metadata: 1.3536677435040474
  landing: 0.8133445829153061
  view-data: 3.466975286602974
