times:
  edit-metadata: 1.7780600637197495
  landing: 0.9646205306053162
  view-data: 3.578618310391903
