times:
  edit-metadata: 1.42458051815629
  landing: 0.7633851692080498
  view-data: 3.324675679206848
