times:
  edit-metadata: 1.5495084002614021
  landing: 1.3654939718544483
  view-data: 3.3886680342257023
