times:
  edit-metadata: 1.79321925714612
  landing: 0.8802784979343414
  view-data: 3.3328730799257755
