times:
  edit-metadata: 1.5561456382274628
  landing: 0.8173103220760822
  view-data: 3.392467737197876
