times:
  edit-metadata: 1.6531165167689323
  landing: 0.8008330911397934
  view-data: 3.337872087955475
