times:
  edit-metadata: 1.3521905429661274
  landing: 0.7834915369749069
  view-data: 3.3305184580385685
