times:
  edit-metadata: 1.4183333776891232
  landing: 0.9261650331318378
  view-data: 3.3148390613496304
