times:
  edit-metadata: 1.3610129654407501
  landing: 0.7125786393880844
  view-data: 3.3567861765623093
