times:
  edit-metadata: 1.4166788645088673
  landing: 0.7688248828053474
  view-data: 3.2944248877465725
