times:
  edit-metadata: 1.3440004363656044
  landing: 0.8280884176492691
  view-data: 0.4570920616388321
