times:
  edit-metadata: 1.3857677280902863
  landing: 0.7166706621646881
  view-data: 3.4556044712662697
