times:
  edit-metadata: 1.5054465606808662
  landing: 1.007134310901165
  view-data: 3.3016527518630028
