times:
  edit-metadata: 1.5071704164147377
  landing: 0.8324559330940247
  view-data: 3.3127465173602104
