times:
  edit-metadata: 2.3248370848596096
  landing: 0.9278076440095901
  view-data: 3.3280541226267815
