times:
  edit-metadata: 2.221152640879154
  landing: 1.0401857048273087
  view-data: 3.3757723420858383
