times:
  edit-metadata: 1.373286671936512
  landing: 0.7999857701361179
  view-data: 3.337159428745508
