times:
  edit-metadata: 1.4754831716418266
  landing: 0.7620700001716614
  view-data: 3.5253061652183533
