times:
  edit-metadata: 1.5631358996033669
  landing: 0.8091996684670448
  view-data: 3.3647449910640717
