times:
  edit-metadata: 1.5660617128014565
  landing: 0.8763958439230919
  view-data: 3.340532071888447
