times:
  edit-metadata: 1.4508763030171394
  landing: 0.810119166970253
  view-data: 3.3391855508089066
