times:
  edit-metadata: 1.4129520654678345
  landing: 0.6768169552087784
  view-data: 3.486653544008732
