times:
  edit-metadata: 1.3762990534305573
  landing: 0.7855298668146133
  view-data: 3.5231866985559464
