times:
  edit-metadata: 1.4267663657665253
  landing: 0.8075450211763382
  view-data: 3.463766910135746
