times:
  edit-metadata: 1.344284012913704
  landing: 0.9144470691680908
  view-data: 3.4428974241018295
