times:
  edit-metadata: 1.4318447597324848
  landing: 0.8297720737755299
  view-data: 3.5654742009937763
