times:
  edit-metadata: 1.4529463052749634
  landing: 0.7302472293376923
  view-data: 3.505365587770939
