times:
  edit-metadata: 1.4228965118527412
  landing: 0.9821588099002838
  view-data: 3.496813625097275
