times:
  edit-metadata: 1.4232345893979073
  landing: 0.9724084362387657
  view-data: 3.4969696551561356
