times:
  edit-metadata: 1.4531669467687607
  landing: 0.7750794067978859
  view-data: 3.4589296728372574
