times:
  edit-metadata: 1.4691468365490437
  landing: 0.7944623790681362
  view-data: 3.3183913454413414
