times:
  edit-metadata: 2.8697801753878593
  landing: 1.5084931552410126
  view-data: 3.623201847076416
