times:
  edit-metadata: 2.040970057249069
  landing: 1.76571524143219
  view-data: 3.61500521376729
