times:
  edit-metadata: 1.56429024040699
  landing: 0.850529745221138
  view-data: 3.5341679751873016
