times:
  edit-metadata: 1.5653128512203693
  landing: 0.9361326396465302
  view-data: 3.406941406428814
