times:
  edit-metadata: 1.4565171413123608
  landing: 0.950327318161726
  view-data: 3.3506596721708775
