times:
  edit-metadata: 1.4946582913398743
  landing: 0.9083135575056076
  view-data: 3.414433293044567
