times:
  edit-metadata: 1.513718619942665
  landing: 0.8240866884589195
  view-data: 3.296923391520977
