times:
  edit-metadata: 1.4154032766819
  landing: 0.7562755420804024
  view-data: 3.41308481246233
