times:
  edit-metadata: 1.3922313377261162
  landing: 0.7487698197364807
  view-data: 3.5159963369369507
