times:
  edit-metadata: 1.5446795523166656
  landing: 0.8653601817786694
  view-data: 3.3151698410511017
