times:
  edit-metadata: 1.4504739418625832
  landing: 0.7784521281719208
  view-data: 3.5597196370363235
