times:
  edit-metadata: 1.3755265101790428
  landing: 0.7923263534903526
  view-data: 3.4978328570723534
