times:
  edit-metadata: 1.5507329106330872
  landing: 0.9300868585705757
  view-data: 3.4425306767225266
