times:
  edit-metadata: 1.3948828279972076
  landing: 0.790019765496254
  view-data: 3.507221184670925
