times:
  edit-metadata: 1.435278408229351
  landing: 0.8622319027781487
  view-data: 3.351830467581749
