times:
  edit-metadata: 1.7212532609701157
  landing: 0.7628001496195793
  view-data: 3.4563629627227783
