times:
  edit-metadata: 1.3539313785731792
  landing: 0.8261773772537708
  view-data: 3.3479746729135513
