times:
  edit-metadata: 1.3671734854578972
  landing: 0.815880548208952
  view-data: 3.3367934487760067
