times:
  edit-metadata: 1.3840618804097176
  landing: 0.7093492746353149
  view-data: 3.4412814751267433
