times:
  edit-metadata: 1.4327469915151596
  landing: 0.7793478220701218
  view-data: 3.3946351557970047
