times:
  edit-metadata: 1.3572833016514778
  landing: 0.7682245559990406
  view-data: 3.3001006059348583
