times:
  edit-metadata: 1.5752577632665634
  landing: 0.8918276876211166
  view-data: 3.4147753790020943
