times:
  edit-metadata: 1.6009229496121407
  landing: 0.9522254467010498
  view-data: 3.2945010289549828
