times:
  edit-metadata: 1.4102711379528046
  landing: 0.7430033311247826
  view-data: 3.310362681746483
