times:
  edit-metadata: 1.454096570611
  landing: 0.8287274837493896
  view-data: 3.3653038293123245
