times:
  edit-metadata: 1.5213700979948044
  landing: 0.8902838006615639
  view-data: 3.3632089719176292
