times:
  edit-metadata: 1.3859162107110023
  landing: 0.7372995764017105
  view-data: 3.460755906999111
