times:
  edit-metadata: 1.3663626089692116
  landing: 0.7980903312563896
  view-data: 3.5471331402659416
