times:
  edit-metadata: 1.3954836800694466
  landing: 0.7319038733839989
  view-data: 3.4290520027279854
