times:
  edit-metadata: 1.4700131975114346
  landing: 0.9020122438669205
  view-data: 3.2718896940350533
