times:
  edit-metadata: 1.37220673635602
  landing: 1.01371493563056
  view-data: 3.3193561024963856
