times:
  edit-metadata: 1.3848238736391068
  landing: 0.7968548871576786
  view-data: 3.3097907081246376
