times:
  edit-metadata: 1.4175637923181057
  landing: 0.8520354777574539
  view-data: 3.2842755764722824
