times:
  edit-metadata: 1.4627750441432
  landing: 0.7730328440666199
  view-data: 3.323898993432522
