times:
  edit-metadata: 1.3605655655264854
  landing: 0.8091088384389877
  view-data: 3.5113349705934525
