times:
  edit-metadata: 1.6079687923192978
  landing: 0.7959820553660393
  view-data: 3.3386579006910324
