times:
  edit-metadata: 1.4091999530792236
  landing: 0.8051618933677673
  view-data: 3.415190599858761
