times:
  edit-metadata: 1.4121377691626549
  landing: 0.7970491051673889
  view-data: 3.3709905333817005
