times:
  edit-metadata: 1.500179298222065
  landing: 0.7888355553150177
  view-data: 3.554936818778515
