times:
  edit-metadata: 1.3355555050075054
  landing: 0.7700729891657829
  view-data: 3.260442078113556
