times:
  edit-metadata: 1.4148947224020958
  landing: 0.7470261380076408
  view-data: 3.5430545285344124
