times:
  edit-metadata: 1.5164057239890099
  landing: 0.7684358730912209
  view-data: 3.5474266186356544
