times:
  edit-metadata: 1.5747016333043575
  landing: 1.0397379510104656
  view-data: 3.341437444090843
