times:
  edit-metadata: 1.443150021135807
  landing: 0.7980132736265659
  view-data: 3.356665901839733
