times:
  edit-metadata: 1.4680521115660667
  landing: 0.7569358423352242
  view-data: 3.5524545684456825
