times:
  edit-metadata: 1.4931544102728367
  landing: 0.7872657813131809
  view-data: 3.2854663617908955
