times:
  edit-metadata: 1.5735679604113102
  landing: 0.9439475797116756
  view-data: 3.365761298686266
