times:
  edit-metadata: 1.3922799304127693
  landing: 0.7612092085182667
  view-data: 3.3590938672423363
