times:
  edit-metadata: 1.5590508356690407
  landing: 0.7989426888525486
  view-data: 3.3217464573681355
