times:
  edit-metadata: 2.050021171569824
  landing: 1.0662195421755314
  view-data: 3.3151321597397327
