times:
  edit-metadata: 1.5082610994577408
  landing: 0.7219858467578888
  view-data: 3.4416633397340775
