times:
  edit-metadata: 1.3456588312983513
  landing: 0.7578396275639534
  view-data: 3.4009805992245674
