times:
  edit-metadata: 1.4076858907938004
  landing: 0.7632497772574425
  view-data: 3.530746601521969
