times:
  edit-metadata: 1.4595425948500633
  landing: 0.7467458471655846
  view-data: 3.3032739385962486
