times:
  edit-metadata: 1.3195139169692993
  landing: 0.7567378729581833
  view-data: 3.4682134687900543
