times:
  edit-metadata: 1.5176809504628181
  landing: 0.8293757885694504
  view-data: 3.376809649169445
