times:
  edit-metadata: 1.381476603448391
  landing: 0.6917750239372253
  view-data: 3.3925995230674744
