times:
  edit-metadata: 1.3550566583871841
  landing: 0.7113957554101944
  view-data: 3.4522174447774887
