times:
  edit-metadata: 1.340213656425476
  landing: 0.7152576446533203
  view-data: 3.3132183961570263
