times:
  edit-metadata: 2.0207919254899025
  landing: 1.1360447257757187
  view-data: 3.47207859903574
