times:
  edit-metadata: 1.5302588418126106
  landing: 0.7339690178632736
  view-data: 3.516529954969883
