times:
  edit-metadata: 1.3637013137340546
  landing: 0.7410397380590439
  view-data: 3.2574334740638733
