times:
  edit-metadata: 1.4717926606535912
  landing: 0.8500687330961227
  view-data: 3.3273062109947205
