times:
  edit-metadata: 1.4654915481805801
  landing: 0.7919169217348099
  view-data: 3.2741317451000214
