times:
  edit-metadata: 1.1250936090946198
  landing: 0.766871377825737
  view-data: 3.5028830394148827
