times:
  edit-metadata: 2.2200022861361504
  landing: 1.2709708586335182
  view-data: 3.4114217534661293
