times:
  edit-metadata: 1.4267439767718315
  landing: 0.8179836273193359
  view-data: 3.4480618312954903
