times:
  edit-metadata: 1.4181837365031242
  landing: 0.8478330746293068
  view-data: 3.452629752457142
