times:
  edit-metadata: 1.38936947286129
  landing: 0.7734938561916351
  view-data: 3.446650817990303
