times:
  edit-metadata: 1.4054895676672459
  landing: 0.83437055721879
  view-data: 3.3402347415685654
