times:
  edit-metadata: 1.3443726003170013
  landing: 0.6708697825670242
  view-data: 3.413569539785385
