times:
  edit-metadata: 2.0958199873566628
  landing: 1.2840827032923698
  view-data: 3.8975200951099396
