times:
  edit-metadata: 1.4703925848007202
  landing: 0.7217050716280937
  view-data: 3.393884688615799
