times:
  edit-metadata: 1.4006410464644432
  landing: 0.8693284243345261
  view-data: 3.3442108929157257
