times:
  edit-metadata: 1.3513095527887344
  landing: 0.7897135317325592
  view-data: 3.5700662583112717
