times:
  edit-metadata: 1.4995497167110443
  landing: 0.7858802601695061
  view-data: 3.4737259298563004
