times:
  edit-metadata: 1.4697580859065056
  landing: 0.794447772204876
  view-data: 3.553915850818157
