times:
  edit-metadata: 1.4039854854345322
  landing: 0.8040535748004913
  view-data: 3.4968461990356445
