times:
  edit-metadata: 1.4536401107907295
  landing: 0.6736161708831787
  view-data: 3.62761914730072
