times:
  edit-metadata: 1.4896654039621353
  landing: 0.8521086797118187
  view-data: 3.322935588657856
