times:
  edit-metadata: 1.4138731136918068
  landing: 0.7663588896393776
  view-data: 3.455372855067253
