times:
  edit-metadata: 1.4999779239296913
  landing: 0.8422478213906288
  view-data: 3.408807173371315
