times:
  edit-metadata: 1.4483763314783573
  landing: 1.1646380312740803
  view-data: 3.3520449064671993
