times:
  edit-metadata: 1.8110559284687042
  landing: 1.0262967571616173
  view-data: 3.4486545845866203
