times:
  edit-metadata: 1.489036276936531
  landing: 0.9534101709723473
  view-data: 3.5981184765696526
