times:
  edit-metadata: 1.4332176446914673
  landing: 0.778540350496769
  view-data: 3.49146281927824
