times:
  edit-metadata: 1.9811405017971992
  landing: 1.2654345631599426
  view-data: 3.681885927915573
