times:
  edit-metadata: 1.3414842933416367
  landing: 0.755582220852375
  view-data: 3.2709017172455788
