times:
  edit-metadata: 1.4797603711485863
  landing: 0.839224711060524
  view-data: 3.3785882964730263
