times:
  edit-metadata: 1.4962745904922485
  landing: 0.8153721019625664
  view-data: 3.43817600235343
