times:
  edit-metadata: 1.4222740679979324
  landing: 0.8042567484080791
  view-data: 3.396986246109009
