times:
  edit-metadata: 1.479329526424408
  landing: 0.8230304643511772
  view-data: 3.3225111290812492
