times:
  edit-metadata: 1.501095950603485
  landing: 0.9039580710232258
  view-data: 3.357323747128248
