times:
  edit-metadata: 1.3569039329886436
  landing: 0.7118557542562485
  view-data: 3.25422964990139
