times:
  edit-metadata: 1.4543335735797882
  landing: 0.7973600700497627
  view-data: 3.517737992107868
