times:
  edit-metadata: 1.4509648941457272
  landing: 0.8634129650890827
  view-data: 3.3111997917294502
