times:
  edit-metadata: 1.623019553720951
  landing: 0.7436982914805412
  view-data: 3.366711989045143
