times:
  edit-metadata: 1.4281138554215431
  landing: 0.7765979692339897
  view-data: 3.3951108381152153
