times:
  edit-metadata: 1.4231870621442795
  landing: 0.8412903547286987
  view-data: 3.317876312881708
