times:
  edit-metadata: 1.5015098080039024
  landing: 0.7956921681761742
  view-data: 3.3506075963377953
