times:
  edit-metadata: 1.5197734236717224
  landing: 0.7470806241035461
  view-data: 3.317980080842972
