times:
  edit-metadata: 1.6270280815660954
  landing: 0.8550980649888515
  view-data: 3.3201909326016903
