times:
  edit-metadata: 1.4502853453159332
  landing: 0.7466856241226196
  view-data: 3.3031053617596626
