times:
  edit-metadata: 1.6013576611876488
  landing: 0.9112721681594849
  view-data: 3.3476415276527405
