times:
  edit-metadata: 1.4842216074466705
  landing: 0.920521929860115
  view-data: 3.361301861703396
