times:
  edit-metadata: 1.4364507868885994
  landing: 0.7380380555987358
  view-data: 3.2850982323288918
