times:
  edit-metadata: 1.4805276729166508
  landing: 0.8317706361413002
  view-data: 3.2989750653505325
