times:
  edit-metadata: 1.4289557412266731
  landing: 0.7156452760100365
  view-data: 3.490960769355297
