times:
  edit-metadata: 1.3677175417542458
  landing: 0.8507285788655281
  view-data: 3.2923428751528263
