times:
  edit-metadata: 1.4509420841932297
  landing: 0.7602481469511986
  view-data: 3.5243566408753395
