times:
  edit-metadata: 1.5153531953692436
  landing: 0.7352592423558235
  view-data: 3.4701182544231415
