times:
  edit-metadata: 2.0715282261371613
  landing: 1.1671389788389206
  view-data: 3.39838694781065
