times:
  edit-metadata: 1.4047316387295723
  landing: 0.7532879188656807
  view-data: 3.3584930300712585
