times:
  edit-metadata: 1.3966642692685127
  landing: 0.7606323733925819
  view-data: 3.340587578713894
