times:
  edit-metadata: 1.4901165217161179
  landing: 0.9731884486973286
  view-data: 3.2955073192715645
