times:
  edit-metadata: 1.389541070908308
  landing: 0.7895246632397175
  view-data: 3.6707467399537563
