times:
  edit-metadata: 1.5074592977762222
  landing: 0.8734105229377747
  view-data: 3.535683438181877
