times:
  edit-metadata: 1.3632698208093643
  landing: 0.731825701892376
  view-data: 3.2754944413900375
