times:
  edit-metadata: 1.4279352128505707
  landing: 0.7740269005298615
  view-data: 3.4520509988069534
