times:
  edit-metadata: 1.4970439299941063
  landing: 0.766918495297432
  view-data: 3.548837848007679
