times:
  edit-metadata: 1.4022453352808952
  landing: 0.740072213113308
  view-data: 3.4733085185289383
