times:
  edit-metadata: 1.4335022792220116
  landing: 0.7966417297720909
  view-data: 3.495315060019493
