times:
  edit-metadata: 1.4904216825962067
  landing: 0.7270729877054691
  view-data: 3.281548175960779
