times:
  edit-metadata: 1.6334071271121502
  landing: 0.9066143780946732
  view-data: 3.5023092925548553
