times:
  edit-metadata: 1.433110736310482
  landing: 0.742640171200037
  view-data: 3.2908866964280605
