times:
  edit-metadata: 1.3486090041697025
  landing: 0.7882480286061764
  view-data: 3.3229420259594917
