times:
  edit-metadata: 1.5080554261803627
  landing: 0.9387472495436668
  view-data: 3.492508187890053
