times:
  edit-metadata: 1.4466191530227661
  landing: 0.7574504539370537
  view-data: 3.519368350505829
