times:
  edit-metadata: 1.3884601220488548
  landing: 0.7696211710572243
  view-data: 3.422397553920746
