times:
  edit-metadata: 1.8884009644389153
  landing: 1.1756348758935928
  view-data: 3.3655878268182278
