times:
  edit-metadata: 1.4720926731824875
  landing: 0.7156030833721161
  view-data: 3.48358553647995
