times:
  edit-metadata: 1.4250535145401955
  landing: 0.7215713262557983
  view-data: 3.4653360694646835
