times:
  edit-metadata: 2.649313449859619
  landing: 1.447378471493721
  view-data: 3.8507207334041595
