times:
  edit-metadata: 1.413324661552906
  landing: 0.7384366393089294
  view-data: 3.5175195783376694
