times:
  edit-metadata: 1.9536233842372894
  landing: 1.2384048327803612
  view-data: 3.836283542215824
