times:
  edit-metadata: 1.845241516828537
  landing: 0.9262497574090958
  view-data: 3.58534749597311
