times:
  edit-metadata: 1.4030240178108215
  landing: 0.7995184138417244
  view-data: 3.33652351051569
