times:
  edit-metadata: 1.6648404896259308
  landing: 0.8884604200720787
  view-data: 3.648956909775734
