times:
  edit-metadata: 1.6716295965015888
  landing: 0.7461461238563061
  view-data: 3.397786505520344
