times:
  edit-metadata: 1.487926620990038
  landing: 0.8405919298529625
  view-data: 3.3959444276988506
