times:
  edit-metadata: 1.4225348718464375
  landing: 0.8222045674920082
  view-data: 3.307340819388628
