times:
  edit-metadata: 1.4429921954870224
  landing: 0.8828707933425903
  view-data: 3.2780857607722282
