times:
  edit-metadata: 1.5405943468213081
  landing: 0.7446252331137657
  view-data: 3.4493332654237747
