times:
  edit-metadata: 1.4841710105538368
  landing: 0.8711742460727692
  view-data: 3.290850058197975
