times:
  edit-metadata: 1.4131026677787304
  landing: 0.7106672301888466
  view-data: 3.415896989405155
