times:
  edit-metadata: 1.4116939082741737
  landing: 0.753129631280899
  view-data: 3.5499228686094284
