times:
  edit-metadata: 1.5738183930516243
  landing: 0.774172805249691
  view-data: 3.4550680965185165
