times:
  edit-metadata: 1.7200947180390358
  landing: 0.9187168553471565
  view-data: 3.629524737596512
