times:
  edit-metadata: 1.5183880850672722
  landing: 0.7882642149925232
  view-data: 3.4962215423583984
