times:
  edit-metadata: 1.4932548180222511
  landing: 0.7950520887970924
  view-data: 3.4735572785139084
