times:
  edit-metadata: 1.7400908023118973
  landing: 0.8592442721128464
  view-data: 3.6438061222434044
