times:
  edit-metadata: 1.5373021215200424
  landing: 0.7732643187046051
  view-data: 3.4028202295303345
