times:
  edit-metadata: 1.4453426115214825
  landing: 0.7179653830826283
  view-data: 3.261347096413374
