times:
  edit-metadata: 1.3613302484154701
  landing: 1.1294364258646965
  view-data: 3.4750509336590767
