times:
  edit-metadata: 1.4765781685709953
  landing: 0.7985377162694931
  view-data: 3.3090957179665565
