times:
  edit-metadata: 1.4000475481152534
  landing: 0.7576696053147316
  view-data: 3.394792288541794
