times:
  edit-metadata: 1.3979508727788925
  landing: 0.7737281396985054
  view-data: 3.419718489050865
