times:
  edit-metadata: 1.4509899094700813
  landing: 0.7393385320901871
  view-data: 3.478261835873127
