times:
  edit-metadata: 1.3930041193962097
  landing: 0.8055603727698326
  view-data: 3.3192278370261192
