times:
  edit-metadata: 1.3811635561287403
  landing: 0.9877248704433441
  view-data: 3.2972009889781475
