times:
  edit-metadata: 1.488892413675785
  landing: 0.8416482731699944
  view-data: 3.3115088641643524
