times:
  edit-metadata: 1.5212215669453144
  landing: 0.8299619369208813
  view-data: 3.413695063441992
