times:
  edit-metadata: 1.5167241618037224
  landing: 1.0677886307239532
  view-data: 3.541311129927635
