times:
  edit-metadata: 1.3483490385115147
  landing: 0.7680707648396492
  view-data: 3.2735952474176884
