times:
  edit-metadata: 1.0395386219024658
  landing: 0.7339721694588661
  view-data: 3.482039712369442
