times:
  edit-metadata: 1.5063010230660439
  landing: 0.7484646216034889
  view-data: 3.4928453117609024
