times:
  edit-metadata: 1.5007368698716164
  landing: 0.8134330809116364
  view-data: 3.5551597625017166
