times:
  edit-metadata: 1.3500258401036263
  landing: 0.8348481878638268
  view-data: 3.502763070166111
