times:
  edit-metadata: 1.598160207271576
  landing: 0.900599978864193
  view-data: 3.3565900325775146
