times:
  edit-metadata: 1.5588658712804317
  landing: 0.8247045911848545
  view-data: 3.3205061741173267
