times:
  edit-metadata: 1.423255905508995
  landing: 0.7526776641607285
  view-data: 3.459174156188965
