times:
  edit-metadata: 1.4016417674720287
  landing: 0.8165217265486717
  view-data: 3.339206501841545
