times:
  edit-metadata: 1.4491412788629532
  landing: 0.7592750415205956
  view-data: 3.4966622218489647
