times:
  edit-metadata: 1.3714343532919884
  landing: 0.7221940904855728
  view-data: 3.4384596049785614
