times:
  edit-metadata: 1.4134030118584633
  landing: 0.7528820186853409
  view-data: 3.3946383446455
