times:
  edit-metadata: 1.4147906303405762
  landing: 0.6948772221803665
  view-data: 3.4534797221422195
