times:
  edit-metadata: 1.4321764186024666
  landing: 0.8905378505587578
  view-data: 3.393055334687233
