times:
  edit-metadata: 1.5500035360455513
  landing: 0.7916272580623627
  view-data: 3.383033111691475
