times:
  edit-metadata: 1.485644169151783
  landing: 0.811843141913414
  view-data: 3.355739004909992
