times:
  edit-metadata: 1.440322533249855
  landing: 0.7654215693473816
  view-data: 3.450577735900879
