times:
  edit-metadata: 1.5154465585947037
  landing: 0.8037084490060806
  view-data: 3.370266206562519
