times:
  edit-metadata: 1.509766235947609
  landing: 0.7427111342549324
  view-data: 3.4329250007867813
