times:
  edit-metadata: 1.392946608364582
  landing: 0.7294605486094952
  view-data: 3.303136009722948
