times:
  edit-metadata: 1.4955955296754837
  landing: 0.740694060921669
  view-data: 3.572165496647358
