times:
  edit-metadata: 1.4849047735333443
  landing: 0.8746417388319969
  view-data: 3.354369342327118
