times:
  edit-metadata: 1.4475916884839535
  landing: 0.7555159851908684
  view-data: 3.3030213713645935
