times:
  edit-metadata: 1.5388219729065895
  landing: 0.7393946424126625
  view-data: 3.300451099872589
