times:
  edit-metadata: 1.4776921793818474
  landing: 0.8110782876610756
  view-data: 3.259936213493347
