times:
  edit-metadata: 1.449435792863369
  landing: 0.6838182806968689
  view-data: 3.4369670525193214
