times:
  edit-metadata: 1.546429242938757
  landing: 0.8211699090898037
  view-data: 3.3788203448057175
