times:
  edit-metadata: 1.4299946650862694
  landing: 0.7580931633710861
  view-data: 3.281900316476822
