times:
  edit-metadata: 1.437760278582573
  landing: 0.7968016490340233
  view-data: 3.299002066254616
