times:
  edit-metadata: 1.4711235985159874
  landing: 0.7454448081552982
  view-data: 3.334440428763628
