times:
  edit-metadata: 1.4414713568985462
  landing: 0.7898468635976315
  view-data: 3.3210639618337154
