times:
  edit-metadata: 1.430470585823059
  landing: 0.8926558196544647
  view-data: 3.448089763522148
