times:
  edit-metadata: 1.3989012390375137
  landing: 0.7207543104887009
  view-data: 3.4709469079971313
