times:
  edit-metadata: 2.1962050572037697
  landing: 1.2627138197422028
  view-data: 3.506614975631237
