times:
  edit-metadata: 1.465460017323494
  landing: 0.9197559095919132
  view-data: 3.3384914249181747
