times:
  edit-metadata: 1.4338571727275848
  landing: 0.7680383548140526
  view-data: 3.423791281878948
