times:
  edit-metadata: 1.723847884684801
  landing: 1.0084250420331955
  view-data: 3.368205204606056
