times:
  edit-metadata: 1.365093283355236
  landing: 0.7882229462265968
  view-data: 3.4446215257048607
