times:
  edit-metadata: 1.4455156847834587
  landing: 0.9198196530342102
  view-data: 3.5579480826854706
