times:
  edit-metadata: 1.4823958948254585
  landing: 0.7552788183093071
  view-data: 3.4760377407073975
