times:
  edit-metadata: 1.5163071155548096
  landing: 0.7662317976355553
  view-data: 3.589171677827835
