times:
  edit-metadata: 1.5712311565876007
  landing: 0.8383295871317387
  view-data: 3.339115295559168
