times:
  edit-metadata: 1.7037046626210213
  landing: 0.9773525819182396
  view-data: 3.3195287734270096
