times:
  edit-metadata: 1.4592541605234146
  landing: 0.7829073891043663
  view-data: 3.549159489572048
