times:
  edit-metadata: 1.4575024917721748
  landing: 0.7122965902090073
  view-data: 3.26340764015913
