times:
  edit-metadata: 1.9717400297522545
  landing: 1.0685395114123821
  view-data: 3.3782332502305508
