times:
  edit-metadata: 1.4346678629517555
  landing: 0.7613861262798309
  view-data: 3.4354587718844414
