times:
  edit-metadata: 1.3350458852946758
  landing: 0.7653459943830967
  view-data: 3.276167806237936
