times:
  edit-metadata: 1.5013124123215675
  landing: 0.7377651631832123
  view-data: 3.3324126675724983
