times:
  edit-metadata: 1.5176712237298489
  landing: 0.87786415964365
  view-data: 3.32179893553257
