times:
  edit-metadata: 1.4541364051401615
  landing: 0.8138229064643383
  view-data: 3.3616404496133327
