times:
  edit-metadata: 1.3822300881147385
  landing: 0.8632351420819759
  view-data: 3.3166805766522884
