times:
  edit-metadata: 1.3971708565950394
  landing: 0.8331688642501831
  view-data: 3.2900573015213013
