times:
  edit-metadata: 1.688203625380993
  landing: 0.9274135865271091
  view-data: 3.3076699152588844
