times:
  edit-metadata: 1.3579687923192978
  landing: 0.7771562859416008
  view-data: 3.4946256428956985
