times:
  edit-metadata: 1.4356249645352364
  landing: 0.7618882432579994
  view-data: 3.269780695438385
