times:
  edit-metadata: 1.5914126336574554
  landing: 0.9205380231142044
  view-data: 3.310135930776596
