times:
  edit-metadata: 1.5127637535333633
  landing: 0.7828789874911308
  view-data: 3.5148134753108025
