times:
  edit-metadata: 1.3839693889021873
  landing: 0.7972261384129524
  view-data: 3.7117697075009346
