times:
  edit-metadata: 1.5938072763383389
  landing: 0.8427673541009426
  view-data: 3.3555661365389824
