times:
  edit-metadata: 1.5022418424487114
  landing: 0.8537389934062958
  view-data: 3.434666655957699
