times:
  edit-metadata: 1.4003240838646889
  landing: 0.8208957836031914
  view-data: 3.4583556577563286
