times:
  edit-metadata: 1.4177059456706047
  landing: 0.8370871767401695
  view-data: 3.383798435330391
