times:
  edit-metadata: 1.421463094651699
  landing: 0.7276317030191422
  view-data: 3.5096024945378304
