times:
  edit-metadata: 1.5198136791586876
  landing: 0.7373397275805473
  view-data: 3.4623686745762825
