times:
  edit-metadata: 1.9004694037139416
  landing: 1.5737411864101887
  view-data: 3.3350513838231564
