times:
  edit-metadata: 1.751114882528782
  landing: 0.8023895248770714
  view-data: 3.299489341676235
