times:
  edit-metadata: 1.8299493566155434
  landing: 1.3059963509440422
  view-data: 3.8225150629878044
