times:
  edit-metadata: 1.4432120472192764
  landing: 0.7068358659744263
  view-data: 3.463648669421673
