times:
  edit-metadata: 1.5344771929085255
  landing: 0.7853639274835587
  view-data: 3.328713182359934
