times:
  edit-metadata: 1.4935247227549553
  landing: 0.7455336153507233
  view-data: 3.4680913984775543
