times:
  edit-metadata: 1.3955287039279938
  landing: 0.7603943571448326
  view-data: 3.5547849014401436
