times:
  edit-metadata: 1.4119799733161926
  landing: 0.8854841738939285
  view-data: 3.3722885362803936
