times:
  edit-metadata: 1.3746336251497269
  landing: 0.7889883518218994
  view-data: 3.362683020532131
