times:
  edit-metadata: 1.4029680863022804
  landing: 0.7787583470344543
  view-data: 3.4913989305496216
