times:
  edit-metadata: 1.4843860939145088
  landing: 0.8065445572137833
  view-data: 3.4963256791234016
