times:
  edit-metadata: 1.4145210720598698
  landing: 0.8169730678200722
  view-data: 3.3510494753718376
