times:
  edit-metadata: 1.5648885928094387
  landing: 0.9061813168227673
  view-data: 3.400262001901865
