times:
  edit-metadata: 1.5333159938454628
  landing: 0.8575437106192112
  view-data: 3.3380067199468613
