times:
  edit-metadata: 1.5042895302176476
  landing: 0.740926168859005
  view-data: 3.5075116753578186
