times:
  edit-metadata: 1.4154739677906036
  landing: 0.8262118138372898
  view-data: 3.3077456653118134
