times:
  edit-metadata: 1.4125874117016792
  landing: 0.8111126348376274
  view-data: 3.4268844723701477
