times:
  edit-metadata: 1.4576138854026794
  landing: 0.7573939636349678
  view-data: 3.4392918795347214
