times:
  edit-metadata: 1.5011722445487976
  landing: 0.9167788475751877
  view-data: 3.3539508655667305
