times:
  edit-metadata: 1.3984331712126732
  landing: 0.7407973632216454
  view-data: 3.3510264828801155
