times:
  edit-metadata: 1.359189935028553
  landing: 0.8632655292749405
  view-data: 3.43298826366663
