times:
  edit-metadata: 1.4656187072396278
  landing: 0.9330742284655571
  view-data: 3.2771231159567833
