times:
  edit-metadata: 1.4338845759630203
  landing: 0.7735657058656216
  view-data: 3.3395021483302116
