times:
  edit-metadata: 1.452726386487484
  landing: 0.725039429962635
  view-data: 3.498130328953266
