times:
  edit-metadata: 1.4169530346989632
  landing: 0.7775377258658409
  view-data: 3.4826956689357758
