times:
  edit-metadata: 1.3506424278020859
  landing: 0.8010398522019386
  view-data: 3.5457793697714806
