times:
  edit-metadata: 1.4793956205248833
  landing: 0.8307480365037918
  view-data: 3.6176056638360023
