times:
  edit-metadata: 1.445930115878582
  landing: 0.856097012758255
  view-data: 0.6220711916685104
