times:
  edit-metadata: 1.3570390939712524
  landing: 0.8609832525253296
  view-data: 3.413384899497032
