times:
  edit-metadata: 1.5117814019322395
  landing: 0.7756673842668533
  view-data: 3.4076459258794785
