times:
  edit-metadata: 1.5252608433365822
  landing: 0.9226425513625145
  view-data: 3.5252910256385803
