times:
  edit-metadata: 1.3522652313113213
  landing: 0.7339852899312973
  view-data: 3.483109697699547
