times:
  edit-metadata: 1.4886017963290215
  landing: 1.0411977991461754
  view-data: 3.396676331758499
