times:
  edit-metadata: 1.419696405529976
  landing: 0.7489675804972649
  view-data: 3.389559991657734
