times:
  edit-metadata: 1.418333262205124
  landing: 0.7339611276984215
  view-data: 3.4834404289722443
