times:
  edit-metadata: 1.363901935517788
  landing: 0.7763210758566856
  view-data: 3.403241291642189
