times:
  edit-metadata: 1.3683419823646545
  landing: 0.7948630824685097
  view-data: 3.5359420627355576
