times:
  edit-metadata: 1.3703511878848076
  landing: 0.7637104690074921
  view-data: 3.5122466310858727
