times:
  edit-metadata: 1.4133276864886284
  landing: 0.7557480782270432
  view-data: 3.508523777127266
