times:
  edit-metadata: 1.4250029250979424
  landing: 0.727812297642231
  view-data: 3.4971611201763153
