times:
  edit-metadata: 1.9901442676782608
  landing: 1.0373588651418686
  view-data: 3.723581738770008
