times:
  edit-metadata: 1.4106299877166748
  landing: 0.7432340681552887
  view-data: 3.475534625351429
