times:
  edit-metadata: 1.3424637541174889
  landing: 1.0412991866469383
  view-data: 3.4289376735687256
