times:
  edit-metadata: 1.6916686668992043
  landing: 0.8383982852101326
  view-data: 3.547203741967678
