times:
  edit-metadata: 1.5829942971467972
  landing: 0.907736711204052
  view-data: 3.5133238062262535
