times:
  edit-metadata: 1.340180329978466
  landing: 0.7647607922554016
  view-data: 3.329961769282818
