times:
  edit-metadata: 1.309164360165596
  landing: 0.771215595304966
  view-data: 3.4698667004704475
