times:
  edit-metadata: 1.4966767579317093
  landing: 0.7089550569653511
  view-data: 3.375362977385521
