times:
  edit-metadata: 1.343457005918026
  landing: 0.846948467195034
  view-data: 3.465293824672699
