times:
  edit-metadata: 1.495081327855587
  landing: 0.8522049635648727
  view-data: 3.4108194932341576
