times:
  edit-metadata: 1.3364455327391624
  landing: 0.7102490663528442
  view-data: 3.458813078701496
