times:
  edit-metadata: 1.571871668100357
  landing: 0.8069938272237778
  view-data: 3.5001808777451515
