times:
  edit-metadata: 1.3275109305977821
  landing: 0.7520770207047462
  view-data: 3.751790463924408
