times:
  edit-metadata: 1.4135163947939873
  landing: 0.9206021800637245
  view-data: 3.4749325811862946
