times:
  edit-metadata: 1.4090745449066162
  landing: 0.7166800796985626
  view-data: 3.438255622982979
