times:
  edit-metadata: 1.3989980667829514
  landing: 0.7891519293189049
  view-data: 3.4787421971559525
