times:
  edit-metadata: 1.451511800289154
  landing: 0.7639678865671158
  view-data: 3.443069212138653
