times:
  edit-metadata: 1.3679064810276031
  landing: 0.7664864659309387
  view-data: 3.487480290234089
