times:
  edit-metadata: 1.3938319832086563
  landing: 0.7058388516306877
  view-data: 3.429099828004837
