times:
  edit-metadata: 1.3975778073072433
  landing: 0.8600791767239571
  view-data: 3.440156303346157
