times:
  edit-metadata: 2.094544768333435
  landing: 1.0808443799614906
  view-data: 3.517895571887493
