times:
  edit-metadata: 1.5148317068815231
  landing: 0.9397776052355766
  view-data: 3.5807985961437225
