times:
  edit-metadata: 1.3724994659423828
  landing: 0.7995575740933418
  view-data: 3.4774638563394547
