times:
  edit-metadata: 1.7643671110272408
  landing: 0.8370124399662018
  view-data: 3.389534704387188
