times:
  edit-metadata: 1.537082552909851
  landing: 0.7960008233785629
  view-data: 3.5152940079569817
