times:
  edit-metadata: 1.4692495167255402
  landing: 0.7924645021557808
  view-data: 3.5735372230410576
