times:
  edit-metadata: 1.3403406962752342
  landing: 0.8292299211025238
  view-data: 3.4882212057709694
