times:
  edit-metadata: 1.3768897876143456
  landing: 0.8468940332531929
  view-data: 3.3817642107605934
