times:
  edit-metadata: 1.408494308590889
  landing: 0.8046785816550255
  view-data: 3.5265520364046097
