times:
  edit-metadata: 1.408274196088314
  landing: 0.7465988472104073
  view-data: 3.451535649597645
