times:
  edit-metadata: 1.4214440062642097
  landing: 0.701619066298008
  view-data: 3.4743207544088364
