times:
  edit-metadata: 1.4033428058028221
  landing: 0.8072124570608139
  view-data: 3.4790172204375267
