times:
  edit-metadata: 1.494143195450306
  landing: 0.7161563411355019
  view-data: 3.4601250663399696
