times:
  edit-metadata: 1.4464470893144608
  landing: 0.7771463841199875
  view-data: 3.616963006556034
