times:
  edit-metadata: 1.4815273508429527
  landing: 1.0760559514164925
  view-data: 3.502187058329582
