times:
  edit-metadata: 1.4690727218985558
  landing: 0.7024248987436295
  view-data: 3.484417125582695
