times:
  edit-metadata: 1.728132039308548
  landing: 0.8750663548707962
  view-data: 3.4719030931591988
