times:
  edit-metadata: 1.3825000301003456
  landing: 0.7486904785037041
  view-data: 3.5037431344389915
