times:
  edit-metadata: 1.4197892248630524
  landing: 0.8167571201920509
  view-data: 3.3672555461525917
