times:
  edit-metadata: 1.4004149585962296
  landing: 0.7606071904301643
  view-data: 3.400610528886318
