times:
  edit-metadata: 1.1410860270261765
  landing: 0.7654781192541122
  view-data: 3.53570556640625
