times:
  edit-metadata: 1.5358369052410126
  landing: 0.8349856436252594
  view-data: 3.4955787137150764
