times:
  edit-metadata: 1.4366793781518936
  landing: 0.7682772949337959
  view-data: 3.5200481936335564
