times:
  edit-metadata: 1.3990677744150162
  landing: 0.7436532825231552
  view-data: 3.4621073827147484
