times:
  edit-metadata: 1.5158330127596855
  landing: 0.8126295432448387
  view-data: 3.556723728775978
