times:
  edit-metadata: 1.432255782186985
  landing: 0.6941450908780098
  view-data: 3.4819810017943382
