times:
  edit-metadata: 1.4038851037621498
  landing: 0.6848986893892288
  view-data: 3.387366995215416
