times:
  edit-metadata: 1.4840170070528984
  landing: 0.8320451378822327
  view-data: 3.430175706744194
