times:
  edit-metadata: 1.5254233479499817
  landing: 0.7022450491786003
  view-data: 3.4422649443149567
