times:
  edit-metadata: 1.6093193218111992
  landing: 0.9169368371367455
  view-data: 3.573960080742836
