times:
  edit-metadata: 1.3914143666625023
  landing: 0.756738930940628
  view-data: 3.367457576096058
