times:
  edit-metadata: 1.392052762210369
  landing: 0.706200510263443
  view-data: 3.5100581645965576
