times:
  edit-metadata: 1.5079438835382462
  landing: 0.7961137741804123
  view-data: 3.5190786868333817
