times:
  edit-metadata: 1.3180585652589798
  landing: 0.7434316501021385
  view-data: 3.4658399522304535
