times:
  edit-metadata: 1.534609504044056
  landing: 0.7792272344231606
  view-data: 3.4961112216115
