times:
  edit-metadata: 1.7557023614645004
  landing: 0.6867042854428291
  view-data: 3.3115179166197777
