times:
  edit-metadata: 1.7607166729867458
  landing: 0.01969741191715002
  view-data: 0.5308972289785743
