times:
  edit-metadata: 1.6858617179095745
  landing: 0.21266128960996866
  view-data: 0.42214194405823946
