times:
  edit-metadata: 0.7460645050741732
  landing: 0.07910727593116462
  view-data: 0.24102795589715242
