times:
  edit-metadata: 0.757934687891975
  landing: 0.08945521409623325
  view-data: 0.23286386695690453
