times:
  edit-metadata: 0.7108851569937542
  landing: 0.07425494201015681
  view-data: 0.22944078303407878
