times:
  edit-metadata: 1.608360592275858
  landing: 0.8953635990619659
  view-data: 3.4095967672765255
