times:
  landing: 1.0604755660001501
  view-data: 0.5506430219998038
