times:
  edit-metadata: 1.0636556250974536
  landing: 0.046947159338742495
  view-data: 0.20434613898396492
