times:
  landing: 1.1294822710000005
  view-data: 0.5579243990000009
