times:
  edit-metadata: 0.7509504756890237
  landing: 0.04178652726113796
  view-data: 0.21274530002847314
