times:
  edit-metadata: 1.1552377070765942
  landing: 0.043862215941771865
  view-data: 0.20444650296121836
