times:
  edit-metadata: 1.4944180622696877
  landing: 0.8003394827246666
  view-data: 3.326946096494794
