times:
  edit-metadata: 1.5139310117810965
  landing: 0.8077543172985315
  view-data: 3.4319077227264643
