times:
  edit-metadata: 1.3682810869067907
  landing: 0.7514640726149082
  view-data: 0.20015728287398815
