times:
  edit-metadata: 1.6444414649158716
  landing: 0.019781597889959812
  view-data: 0.025921352207660675
