times:
  edit-metadata: 2.039915343746543
  landing: 0.1724106501787901
  view-data: 0.029983604326844215
