times:
  edit-metadata: 2.1384148374199867
  landing: 0.3370002657175064
  view-data: 0.25345109961926937
