times:
  edit-metadata: 1.5041568018496037
  landing: 0.8562315441668034
  view-data: 3.4085916876792908
