times:
  edit-metadata: 2.137531828135252
  landing: 0.020981930196285248
  view-data: 0.37973029538989067
