times:
  edit-metadata: 1.9879313381388783
  landing: 1.2572740828618407
  view-data: 3.508074302226305
