times:
  edit-metadata: 1.8393125776201487
  landing: 0.14707532338798046
  view-data: 0.10316240414977074
