times:
  edit-metadata: 1.5246969759464264
  landing: 1.0108653418719769
  view-data: 3.311658686026931
