times:
  edit-metadata: 1.1834378528874367
  landing: 0.051398399053141475
  view-data: 0.20965821808204055
