times:
  landing: 0.5466348109999899
  view-data: 0.5523274119999542
