times:
  edit-metadata: 1.3982817493379116
  landing: 0.619758952409029
  view-data: 0.22293421439826488
