times:
  edit-metadata: 1.163109135988634
  landing: 0.05013899298501201
  view-data: 0.2189932439941913
