times:
  edit-metadata: 1.5031506586819887
  landing: 0.8964110892266035
  view-data: 3.312464039772749
