times:
  edit-metadata: 1.1223876859876327
  landing: 0.05189618200529367
  view-data: 0.21909296902595088
