times:
  edit-metadata: 1.5243031419813633
  landing: 0.8864615205675364
  view-data: 3.3605262991040945
