times:
  edit-metadata: 1.265207964926958
  landing: 1.077196842059493
  view-data: 0.5455653928220272
