times:
  edit-metadata: 1.2420331351459026
  landing: 0.04171016812324524
  view-data: 0.23313582316040993
