times:
  edit-metadata: 1.273340791463852
  landing: 0.773112503811717
  view-data: 0.43366442434489727
