times:
  edit-metadata: 1.0332788955420256
  landing: 0.5642831102013588
  view-data: 0.2177282776683569
