times:
  edit-metadata: 1.7642931211739779
  landing: 0.020454092882573605
  view-data: 0.11310352757573128
