times:
  landing: 0.5485211590000176
  view-data: 0.5530492340000137
