times:
  edit-metadata: 1.3117961026728153
  landing: 0.6623677220195532
  view-data: 0.6129553001374006
