times:
  edit-metadata: 1.5053657032549381
  landing: 0.9137673825025558
  view-data: 3.4119083769619465
