times:
  edit-metadata: 1.5010342149762437
  landing: 1.062416959903203
  view-data: 3.3660991919459775
