times:
  edit-metadata: 0.7208952633664012
  landing: 0.10810690931975842
  view-data: 0.213841849938035
