times:
  edit-metadata: 1.6759477751329541
  landing: 0.0224577309563756
  view-data: 0.12173194717615843
