times:
  edit-metadata: 1.7047675419598818
  landing: 0.16879511252045631
  view-data: 0.31348769553005695
