times:
  edit-metadata: 1.159145038574934
  landing: 0.04473679140210152
  view-data: 0.2182326540350914
