times:
  edit-metadata: 1.5132127478718758
  landing: 0.9541086480021477
  view-data: 3.330060850828886
