times:
  edit-metadata: 1.1399715428706259
  landing: 0.04575902386568487
  view-data: 0.19062897213734686
