times:
  edit-metadata: 1.1152910310775042
  landing: 0.046930253971368074
  view-data: 0.20388964493758976
