times:
  edit-metadata: 1.115292422939092
  landing: 0.04410712397657335
  view-data: 0.20479987701401114
