times:
  edit-metadata: 1.745357015170157
  landing: 0.7921402892097831
  view-data: 0.8128015231341124
