times:
  edit-metadata: 1.4048856515437365
  landing: 0.05110134184360504
  view-data: 0.212748683989048
