times:
  landing: 0.5559588619999829
  view-data: 0.051369684000007965
