times:
  edit-metadata: 2.2310887686908245
  landing: 1.207236796617508
  view-data: 3.4709180369973183
