times:
  edit-metadata: 1.7868696805089712
  landing: 0.1448054164648056
  view-data: 0.2411847747862339
