times:
  edit-metadata: 1.2241776138544083
  landing: 0.04562341421842575
  view-data: 0.22203650698065758
