times:
  landing: 0.561112081999994
  view-data: 0.5613138809999896
