times:
  edit-metadata: 2.0496494695544243
  landing: 1.357750028371811
  view-data: 3.427791438996792
