times:
  edit-metadata: 1.7425556369125843
  landing: 0.01944594457745552
  view-data: 0.2397538349032402
