times:
  edit-metadata: 1.746296862140298
  landing: 0.022827363573014736
  view-data: 0.023421074263751507
