times:
  edit-metadata: 2.0069149620831013
  landing: 1.2225511334836483
  view-data: 3.3688694909214973
