times:
  landing: 0.5511379650000094
  view-data: 0.05384724599997526
