times:
  edit-metadata: 1.9339156206697226
  landing: 0.9455094039440155
  view-data: 3.6254769219085574
