times:
  edit-metadata: 0.747356466948986
  landing: 0.045688388869166374
  view-data: 0.21862130286172032
