times:
  edit-metadata: 1.7934119626879692
  landing: 0.16459271684288979
  view-data: 0.2825698982924223
