times:
  edit-metadata: 1.2136060140328482
  landing: 0.04570412891916931
  view-data: 0.21890178800094873
