times:
  edit-metadata: 0.9820998529903591
  landing: 0.11873527499847114
  view-data: 0.28600908000953496
