times:
  landing: 0.5513233099999866
  view-data: 0.5598122929999931
