times:
  edit-metadata: 1.644541472196579
  landing: 1.044292002916336
  view-data: 3.4340458922088146
