times:
  edit-metadata: 1.7639396078884602
  landing: 0.20320688746869564
  view-data: 0.41627712547779083
