times:
  edit-metadata: 1.7092822333797812
  landing: 0.022795654833316803
  view-data: 0.11935990210622549
