times:
  edit-metadata: 0.7370907820295542
  landing: 0.06958399596624076
  view-data: 0.222057627979666
