times:
  edit-metadata: 1.059974716976285
  landing: 0.8550768997520208
  view-data: 0.32144451700150967
