times:
  edit-metadata: 2.050324195995927
  landing: 0.2731635831296444
  view-data: 0.3516139090061188
