times:
  edit-metadata: 0.8190711030038074
  landing: 0.07348351995460689
  view-data: 0.22851196897681803
