times:
  edit-metadata: 1.404710466042161
  landing: 0.04288945160806179
  view-data: 0.2121940329670906
