times:
  edit-metadata: 1.4870035201311111
  landing: 1.1056321877986193
  view-data: 0.6483931224793196
