times:
  edit-metadata: 1.5749265011399984
  landing: 1.0605256455019116
  view-data: 3.461877018213272
