times:
  edit-metadata: 1.2413286808878183
  landing: 0.04673988092690706
  view-data: 0.207770389970392
