times:
  edit-metadata: 1.186697443947196
  landing: 0.3936240654438734
  view-data: 0.2104206420481205
