times:
  landing: 0.5547812599999986
  view-data: 0.5595769580000081
