times:
  edit-metadata: 1.3737963400781155
  landing: 1.0442164652049541
  view-data: 3.3071005791425705
