times:
  edit-metadata: 1.7328304639086127
  landing: 0.020103294402360916
  view-data: 0.1282746335491538
