times:
  edit-metadata: 1.5263439007103443
  landing: 0.8320240695029497
  view-data: 3.4306611251085997
