times:
  edit-metadata: 1.5010845847427845
  landing: 1.027713630348444
  view-data: 3.3909128084778786
