times:
  landing: 0.5515842160000375
  view-data: 0.5555261999999743
