times:
  edit-metadata: 1.5505556799471378
  landing: 0.8989025093615055
  view-data: 3.3750646710395813
