times:
  landing: 0.5526443859999972
  view-data: 0.597366763999986
