times:
  edit-metadata: 1.2853289283812046
  landing: 0.8789642676711082
  view-data: 0.42988789454102516
