times:
  landing: 1.1139625099999648
  view-data: 0.5535504839999703
