times:
  edit-metadata: 2.6298450278118253
  landing: 0.28757672384381294
  view-data: 0.5096513535827398
