times:
  landing: 0.5544370569999728
  view-data: 0.5650384859999917
