times:
  landing: 0.5509170960000063
  view-data: 0.5627150509999979
