times:
  edit-metadata: 0.7178545137867332
  landing: 0.04519377602264285
  view-data: 0.20248643308877945
