times:
  edit-metadata: 0.7185526920948178
  landing: 0.08282060618512332
  view-data: 0.22709983796812594
