times:
  edit-metadata: 1.1253125718794763
  landing: 0.0489382017403841
  view-data: 0.19944880530238152
