times:
  edit-metadata: 0.7425466270069592
  landing: 0.06974811002146453
  view-data: 0.22107428999152035
