times:
  edit-metadata: 2.1127956230193377
  landing: 0.20344992727041245
  view-data: 0.022811297327280045
