times:
  landing: 0.5423266420000346
  view-data: 0.5521124749999444
