times:
  edit-metadata: 1.4284364953637123
  landing: 0.9185437597334385
  view-data: 3.397284284234047
