times:
  edit-metadata: 1.3739457502961159
  landing: 0.9421836957335472
  view-data: 3.357786264270544
