times:
  edit-metadata: 1.5907156020402908
  landing: 1.1103789173066616
  view-data: 3.4144838377833366
