times:
  edit-metadata: 1.32198903337121
  landing: 0.046401094645261765
  view-data: 0.24259448796510696
