times:
  landing: 0.5715359760000069
  view-data: 0.5658867930000042
