times:
  edit-metadata: 2.155520658940077
  landing: 0.317963682115078
  view-data: 0.3553271535784006
