times:
  edit-metadata: 1.098129604011774
  landing: 0.0595400701276958
  view-data: 0.21028137393295765
