times:
  landing: 1.0657788960002108
  view-data: 0.549889217999862
