times:
  edit-metadata: 0.7331545483320951
  landing: 0.04703996703028679
  view-data: 0.205683421343565
