times:
  edit-metadata: 1.6201035976409912
  landing: 1.0585944540798664
  view-data: 3.3015718795359135
