times:
  edit-metadata: 0.7378800939768553
  landing: 0.051728636026382446
  view-data: 0.21352765103802085
