times:
  edit-metadata: 0.9590843580663204
  landing: 0.140839789994061
  view-data: 0.38478717394173145
