times:
  edit-metadata: 0.7515209370758384
  landing: 0.0706628521438688
  view-data: 0.23110545496456325
