times:
  edit-metadata: 2.113622635602951
  landing: 0.021748792380094528
  view-data: 0.17076698504388332
