times:
  edit-metadata: 1.363592255860567
  landing: 0.8946467787027359
  view-data: 3.3269493356347084
