times:
  edit-metadata: 1.409707609564066
  landing: 0.8613880453631282
  view-data: 3.3326681777834892
