times:
  edit-metadata: 1.4605002831667662
  landing: 0.7585510369390249
  view-data: 3.3369652684777975
