times:
  edit-metadata: 0.7652990091592073
  landing: 0.04771257285028696
  view-data: 0.2227105931378901
