times:
  edit-metadata: 1.6512489216402173
  landing: 0.09919820446521044
  view-data: 0.12374779116362333
