times:
  landing: 0.5519417309999994
  view-data: 0.5631604940000159
