times:
  edit-metadata: 1.4942789003252983
  landing: 0.8182828426361084
  view-data: 3.434352708980441
