times:
  edit-metadata: 1.9831405524164438
  landing: 0.3607120644301176
  view-data: 0.023572253063321114
