times:
  edit-metadata: 1.414136864244938
  landing: 1.0254638195037842
  view-data: 3.3685051761567593
