times:
  edit-metadata: 2.139336161315441
  landing: 0.2605440439656377
  view-data: 0.2633364787325263
