times:
  edit-metadata: 1.142193356063217
  landing: 0.05074875894933939
  view-data: 0.20219298405572772
