times:
  edit-metadata: 1.3598129509482533
  landing: 0.05381681490689516
  view-data: 0.26429786114022136
