times:
  edit-metadata: 1.207941684871912
  landing: 0.05237840488553047
  view-data: 0.2237684354186058
