times:
  edit-metadata: 0.7002601558342576
  landing: 0.05435047997161746
  view-data: 0.2112646410241723
