times:
  edit-metadata: 1.7379841767251492
  landing: 0.12715959921479225
  view-data: 0.025927897542715073
