times:
  landing: 1.0695137700000146
  view-data: 0.5577498310000237
