times:
  edit-metadata: 0.7417686560074799
  landing: 0.07442753098439425
  view-data: 0.3735093490104191
