times:
  edit-metadata: 1.5007159281522036
  landing: 0.9102562931366265
  view-data: 3.420072607230395
