times:
  edit-metadata: 0.762408419046551
  landing: 0.05168924294412136
  view-data: 0.20657198876142502
