times:
  edit-metadata: 1.7136433068662882
  landing: 0.1465775240212679
  view-data: 0.33731427788734436
