times:
  edit-metadata: 1.5024304240942001
  landing: 1.054711278527975
  view-data: 3.4110402911901474
