times:
  edit-metadata: 1.9287373721599579
  landing: 0.021641399711370468
  view-data: 0.6626890804618597
