times:
  edit-metadata: 1.1716300286352634
  landing: 0.045529644936323166
  view-data: 0.22331205010414124
