times:
  edit-metadata: 1.7331516910344362
  landing: 0.01963457651436329
  view-data: 0.024778873659670353
