times:
  edit-metadata: 1.8321023136377335
  landing: 0.14137060567736626
  view-data: 0.13539383374154568
