times:
  edit-metadata: 1.1642718957737088
  landing: 0.051734056789427996
  view-data: 0.22142995987087488
