times:
  edit-metadata: 1.5335317850112915
  landing: 0.8300847597420216
  view-data: 3.4458922687917948
