times:
  edit-metadata: 0.8972197324037552
  landing: 0.14740153402090073
  view-data: 0.26490510907024145
