times:
  edit-metadata: 1.3203222650336102
  landing: 0.8819958469830453
  view-data: 3.5460630770539865
