times:
  edit-metadata: 1.5847514979541302
  landing: 1.0766374319791794
  view-data: 3.364695806056261
