times:
  edit-metadata: 1.2410095147788525
  landing: 1.221619499847293
  view-data: 0.23044278658926487
