times:
  landing: 1.1025811009999984
  view-data: 0.5561016089999953
