times:
  edit-metadata: 1.7035072231665254
  landing: 0.25547042675316334
  view-data: 0.023361810483038425
