times:
  edit-metadata: 0.7353761109989136
  landing: 0.06968279904685915
  view-data: 0.23451305483467877
