times:
  edit-metadata: 1.40053154155612
  landing: 0.7617707215249538
  view-data: 3.3037856817245483
