times:
  edit-metadata: 1.478288335725665
  landing: 0.7480029780417681
  view-data: 3.3748694434762
