times:
  edit-metadata: 1.6913679912686348
  landing: 1.075651191174984
  view-data: 3.3729305788874626
