times:
  edit-metadata: 0.7422620519064367
  landing: 0.05077765230089426
  view-data: 0.2151530939154327
