times:
  edit-metadata: 1.1964179947972298
  landing: 0.04267390817403793
  view-data: 0.21777678281068802
