times:
  edit-metadata: 1.1595606789924204
  landing: 0.054629808058962226
  view-data: 0.20357390400022268
