times:
  edit-metadata: 1.2100819796323776
  landing: 0.04558864235877991
  view-data: 0.23033061251044273
