times:
  edit-metadata: 1.636355547234416
  landing: 0.8639289624989033
  view-data: 3.417429640889168
