times:
  landing: 0.5520361170000001
  view-data: 0.559062713000003
