times:
  edit-metadata: 1.668684828095138
  landing: 0.021069453097879887
  view-data: 0.4042816925793886
