times:
  edit-metadata: 0.7159039061516523
  landing: 0.05634695990011096
  view-data: 0.21408381313085556
