times:
  edit-metadata: 0.7207265957258642
  landing: 0.04255038220435381
  view-data: 0.2207660609856248
