times:
  landing: 0.5561072460000105
  view-data: 0.556038645000001
