times:
  edit-metadata: 1.4719911431893706
  landing: 0.8436226649209857
  view-data: 3.4285918856039643
