times:
  edit-metadata: 1.2244183607399464
  landing: 0.044289421290159225
  view-data: 0.22490500658750534
