times:
  edit-metadata: 1.4643735461868346
  landing: 0.8599142769817263
  view-data: 3.400003759888932
