times:
  edit-metadata: 1.7762885056436062
  landing: 0.023439420387148857
  view-data: 0.29261718317866325
