times:
  edit-metadata: 1.3697726503014565
  landing: 0.8171486090868711
  view-data: 3.666631180793047
