times:
  edit-metadata: 1.0861258711665869
  landing: 0.8227641712874174
  view-data: 0.2515208572149277
