times:
  edit-metadata: 1.1302743130363524
  landing: 0.04500387003645301
  view-data: 0.22520017810165882
