times:
  edit-metadata: 1.8011081889271736
  landing: 1.4107035398483276
  view-data: 3.423520043492317
