times:
  edit-metadata: 1.532482124865055
  landing: 0.9864694997668266
  view-data: 3.3863943554461002
