times:
  edit-metadata: 1.5073339771479368
  landing: 0.9524917379021645
  view-data: 3.3501072842627764
