times:
  edit-metadata: 1.3167927488684654
  landing: 0.04610610008239746
  view-data: 0.21105996891856194
