times:
  edit-metadata: 1.69895289093256
  landing: 1.0516360481269658
  view-data: 0.694382521091029
