times:
  edit-metadata: 0.71052584098652
  landing: 0.04858730034902692
  view-data: 0.21247094590216875
