times:
  edit-metadata: 1.4827307537198067
  landing: 0.583802280947566
  view-data: 0.6373128779232502
