times:
  edit-metadata: 1.8351651160046458
  landing: 0.026487025432288647
  view-data: 0.11128711141645908
