times:
  edit-metadata: 1.1234492730582133
  landing: 0.04747510107699782
  view-data: 0.2064290720736608
