times:
  edit-metadata: 0.9948073159903288
  landing: 1.171298237517476
  view-data: 0.3287199642509222
