times:
  landing: 0.5564269010000089
  view-data: 0.5628519139999923
