times:
  edit-metadata: 1.3944557327777147
  landing: 0.5657209195196629
  view-data: 0.1933897379785776
