times:
  edit-metadata: 0.6959720971062779
  landing: 0.04517418658360839
  view-data: 0.2067780802026391
