times:
  edit-metadata: 0.7723103158641607
  landing: 0.07743463688530028
  view-data: 0.2592809528578073
