times:
  edit-metadata: 1.5385480523109436
  landing: 0.8743059299886227
  view-data: 3.418728280812502
