times:
  edit-metadata: 1.923510167747736
  landing: 0.12424127943813801
  view-data: 0.022829383611679077
