times:
  edit-metadata: 1.0988153300131671
  landing: 0.0513031049631536
  view-data: 0.21043585101142526
