times:
  edit-metadata: 1.331119827926159
  landing: 0.7608632314950228
  view-data: 0.3640569597482681
