times:
  landing: 1.1223571639999932
  view-data: 0.5488174729999855
