times:
  edit-metadata: 1.8001324655488133
  landing: 0.019182097166776657
  view-data: 0.02656315453350544
