times:
  edit-metadata: 1.2539452128112316
  landing: 0.6204572934657335
  view-data: 0.2227038349956274
