times:
  landing: 0.640692993000016
  view-data: 0.5627621099999942
