times:
  edit-metadata: 1.5160556361079216
  landing: 0.7940701805055141
  view-data: 3.412734840065241
