times:
  edit-metadata: 1.73973822966218
  landing: 0.11821372620761395
  view-data: 0.12117194570600986
