times:
  edit-metadata: 1.210900142788887
  landing: 0.04818687587976456
  view-data: 0.21418546885252
