times:
  edit-metadata: 1.4865157660096884
  landing: 0.9226134344935417
  view-data: 3.3986505828797817
