times:
  landing: 1.1183962679999695
  view-data: 0.5548708160000047
