times:
  edit-metadata: 2.2193795144557953
  landing: 0.2291445080190897
  view-data: 0.46994704380631447
