times:
  edit-metadata: 2.700692903250456
  landing: 0.21369715593755245
  view-data: 0.4555577952414751
