times:
  edit-metadata: 1.8068792205303907
  landing: 0.11845852993428707
  view-data: 0.3229174539446831
