times:
  edit-metadata: 1.8624604614451528
  landing: 0.11599515844136477
  view-data: 0.025835856795310974
