times:
  edit-metadata: 1.5724141485989094
  landing: 1.0040703732520342
  view-data: 3.3248570319265127
