times:
  edit-metadata: 1.205455246847123
  landing: 0.05533250002190471
  view-data: 0.21384790912270546
