times:
  edit-metadata: 1.7106930129230022
  landing: 0.12169764842838049
  view-data: 0.3823488065972924
