times:
  edit-metadata: 2.3205798473209143
  landing: 0.0229168888181448
  view-data: 0.4692886993288994
