times:
  landing: 0.563719567000021
  view-data: 0.5752283510000211
