times:
  landing: 0.5461303000000726
  view-data: 0.5489486989999932
