times:
  edit-metadata: 1.7385542001575232
  landing: 0.02085837908089161
  view-data: 0.37501972168684006
