times:
  landing: 0.5551614600000221
  view-data: 0.5684051259999876
