times:
  edit-metadata: 1.7816837336868048
  landing: 0.1359412493184209
  view-data: 0.275897977873683
