times:
  edit-metadata: 1.131306067109108
  landing: 0.044963438995182514
  view-data: 0.2100834590382874
