times:
  edit-metadata: 0.7996089775115252
  landing: 0.05119274649769068
  view-data: 0.25108608417212963
