times:
  edit-metadata: 1.7681624116376042
  landing: 0.13836281094700098
  view-data: 0.2016030689701438
