times:
  edit-metadata: 1.3740974478423595
  landing: 0.9725888147950172
  view-data: 3.3980123177170753
