times:
  edit-metadata: 1.673586937598884
  landing: 0.02170153148472309
  view-data: 0.12243302818387747
