times:
  edit-metadata: 1.4000512044876814
  landing: 0.5206097029149532
  view-data: 0.34677823446691036
