times:
  edit-metadata: 1.7344663757830858
  landing: 0.16719101555645466
  view-data: 0.2823278307914734
