times:
  edit-metadata: 2.5740925231948495
  landing: 1.4472348662093282
  view-data: 3.6572968009859324
