times:
  edit-metadata: 0.7946752980351448
  landing: 0.04279805487021804
  view-data: 0.2108806511387229
