times:
  landing: 0.5544308239999793
  view-data: 0.5584347730000161
