times:
  landing: 1.0778023510000025
  view-data: 0.5772685680000222
