times:
  edit-metadata: 1.8311489522457123
  landing: 0.020478065125644207
  view-data: 0.41195979714393616
