times:
  edit-metadata: 2.137092638760805
  landing: 1.115104977041483
  view-data: 3.5158608574420214
