times:
  edit-metadata: 0.8014230640255846
  landing: 0.04330255801323801
  view-data: 0.24330343503970653
