times:
  landing: 0.5525705979999884
  view-data: 0.06279077899998242
