times:
  edit-metadata: 1.079232171003241
  landing: 0.0512909049866721
  view-data: 0.20310087699908763
