times:
  edit-metadata: 0.7206095129949972
  landing: 0.07384073303546757
  view-data: 0.22933881299104542
