times:
  landing: 1.112914963000037
  view-data: 0.5659549410000295
