times:
  edit-metadata: 1.5863332077860832
  landing: 0.9338239692151546
  view-data: 3.428131528198719
