times:
  edit-metadata: 1.680339239537716
  landing: 0.20151176396757364
  view-data: 0.11692964285612106
