times:
  landing: 1.0572842750000007
  view-data: 0.5521577979999961
