times:
  edit-metadata: 1.355068003758788
  landing: 2.015734588727355
  view-data: 0.41560981795191765
