times:
  edit-metadata: 0.8489820808172226
  landing: 0.08682463690638542
  view-data: 0.24260653788223863
