times:
  landing: 0.5565312249999579
  view-data: 0.5573562289999927
