times:
  landing: 0.5448346449999804
  view-data: 0.5477143779999665
