times:
  landing: 0.5531975490000036
  view-data: 0.5590153240000291
