times:
  edit-metadata: 1.804081334732473
  landing: 6.51181679777801
  view-data: 3.4806583719328046
