times:
  edit-metadata: 1.4161155857145786
  landing: 0.7801801096647978
  view-data: 3.3460153695195913
