times:
  edit-metadata: 1.498408004641533
  landing: 0.7753203213214874
  view-data: 3.4536690823733807
