times:
  edit-metadata: 1.1481017861515284
  landing: 0.0920301100704819
  view-data: 0.2179253911599517
