times:
  edit-metadata: 1.2596928428392857
  landing: 0.05158737604506314
  view-data: 0.31858774507418275
