times:
  edit-metadata: 1.818582072854042
  landing: 0.020985594019293785
  view-data: 0.02515699341893196
