times:
  edit-metadata: 1.1489819248672575
  landing: 0.05499061197042465
  view-data: 0.21281897416338325
