times:
  edit-metadata: 0.7099403012543917
  landing: 0.042679202277213335
  view-data: 0.21273572742938995
