times:
  edit-metadata: 1.186807912774384
  landing: 0.8773871059529483
  view-data: 3.286950610112399
