times:
  edit-metadata: 1.5073954481631517
  landing: 0.8453495241701603
  view-data: 3.410040095448494
