times:
  edit-metadata: 1.6664328891783953
  landing: 0.02601012960076332
  view-data: 0.024488084949553013
