times:
  edit-metadata: 1.7200357541441917
  landing: 0.020847448147833347
  view-data: 0.027917366474866867
