times:
  edit-metadata: 1.4902351908385754
  landing: 0.9051314629614353
  view-data: 3.3192306458950043
