times:
  edit-metadata: 1.4185356181114912
  landing: 0.5765380766242743
  view-data: 0.6351597011089325
