times:
  edit-metadata: 1.6686182469129562
  landing: 0.12650408688932657
  view-data: 0.02448851987719536
