times:
  edit-metadata: 1.3320729658007622
  landing: 0.8180754110217094
  view-data: 3.265103057026863
