times:
  landing: 0.5560583079999901
  view-data: 0.558902909999972
