times:
  landing: 0.5429617089999965
  view-data: 0.5488395969999829
