times:
  edit-metadata: 1.787112820893526
  landing: 0.020532334223389626
  view-data: 0.02643359825015068
