times:
  landing: 1.0712027550000016
  view-data: 0.5628946539999902
