times:
  landing: 0.5670066920000068
  view-data: 0.5630921300000296
