times:
  edit-metadata: 1.1051303870044649
  landing: 0.05007100780494511
  view-data: 0.20974426693283021
