times:
  edit-metadata: 1.4890576689504087
  landing: 0.9728693962097168
  view-data: 3.3134484789334238
