times:
  edit-metadata: 1.4991913475096226
  landing: 0.7902945950627327
  view-data: 3.392817350104451
