times:
  edit-metadata: 0.8157183500006795
  landing: 0.060133797116577625
  view-data: 0.23850894579663873
