times:
  edit-metadata: 1.4605390019714832
  landing: 0.9958973377943039
  view-data: 3.3476540483534336
