times:
  edit-metadata: 1.3500202782452106
  landing: 0.9431401081383228
  view-data: 3.3392212837934494
