times:
  landing: 1.0643159859999969
  view-data: 0.5823517199999912
