times:
  edit-metadata: 1.2360766460187733
  landing: 0.05767578096129
  view-data: 0.2133296940010041
