times:
  edit-metadata: 1.8216406293213367
  landing: 0.14081792626529932
  view-data: 0.48413760028779507
