times:
  edit-metadata: 0.744313184171915
  landing: 0.06437270599417388
  view-data: 0.24164505093358457
