times:
  edit-metadata: 0.7409927798435092
  landing: 0.053673090878874063
  view-data: 0.21384710678830743
