times:
  edit-metadata: 1.3092988021671772
  landing: 0.6194431204348803
  view-data: 0.3190224729478359
