times:
  edit-metadata: 1.1946201469982043
  landing: 0.05057420895900577
  view-data: 0.22405721002724022
