times:
  edit-metadata: 1.5627281097695231
  landing: 1.0192624237388372
  view-data: 3.4531942745670676
