times:
  edit-metadata: 1.2786413505673409
  landing: 0.05839661508798599
  view-data: 0.21410701796412468
