times:
  edit-metadata: 1.1425504890503362
  landing: 0.05710052093490958
  view-data: 0.20584772899746895
