times:
  edit-metadata: 1.428782471921295
  landing: 0.05709831928834319
  view-data: 0.25420538196340203
