times:
  edit-metadata: 0.893325270000787
  landing: 0.05158392099838238
  view-data: 0.22823532999609597
