times:
  edit-metadata: 0.748617110773921
  landing: 0.048002222552895546
  view-data: 0.20997980888932943
