times:
  edit-metadata: 1.2395641620096285
  landing: 0.04613338198396377
  view-data: 0.20113265598774888
