times:
  edit-metadata: 1.4285625144839287
  landing: 0.8480980321764946
  view-data: 3.3170610070228577
