times:
  edit-metadata: 1.1274568380322307
  landing: 0.04983184800948948
  view-data: 0.21634859510231763
