times:
  edit-metadata: 1.1638376499759033
  landing: 0.04184434493072331
  view-data: 0.22311183204874396
