times:
  landing: 0.5516028720000463
  view-data: 0.5751364380000155
