times:
  edit-metadata: 1.696552848443389
  landing: 0.023492608219385147
  view-data: 0.46562506165355444
