times:
  edit-metadata: 0.8256109860376455
  landing: 0.08550792600726709
  view-data: 0.2285777970100753
