times:
  landing: 0.5601387550000254
  view-data: 0.5562445059999845
