times:
  edit-metadata: 1.702370448037982
  landing: 0.019284815527498722
  view-data: 0.4242740338668227
