times:
  edit-metadata: 1.1067002629861236
  landing: 0.04520001891069114
  view-data: 0.21678371296729892
