times:
  edit-metadata: 2.370405051857233
  landing: 0.020043471828103065
  view-data: 0.4290786422789097
