times:
  edit-metadata: 1.7202904364094138
  landing: 0.14321402925997972
  view-data: 0.02372250333428383
