times:
  landing: 1.1163798989999805
  view-data: 0.5566297119999888
