times:
  edit-metadata: 0.6972766881808639
  landing: 0.04660000232979655
  view-data: 0.20674206595867872
