times:
  edit-metadata: 0.7409229204058647
  landing: 0.048356042709201574
  view-data: 0.2422705851495266
