times:
  edit-metadata: 1.6507965438067913
  landing: 0.24427825026214123
  view-data: 0.2762040104717016
