times:
  edit-metadata: 2.3866150435060263
  landing: 0.1388701442629099
  view-data: 0.5170615669339895
