times:
  landing: 1.1379728059999934
  view-data: 0.5604001019999885
