times:
  landing: 1.0713531719999878
  view-data: 0.5663922260000049
