times:
  edit-metadata: 0.7463342560222372
  landing: 0.08309863903559744
  view-data: 0.22818680107593536
