times:
  edit-metadata: 1.3902637753635645
  landing: 0.8768248902633786
  view-data: 3.4103419594466686
