times:
  edit-metadata: 1.8111361395567656
  landing: 0.02117619663476944
  view-data: 0.026360711082816124
