times:
  landing: 1.586132718999977
  view-data: 0.5555964810000091
