times:
  landing: 0.5537544230000151
  view-data: 0.5731418539999993
