times:
  edit-metadata: 1.6755002550780773
  landing: 0.9471400417387486
  view-data: 3.4462623856961727
