times:
  landing: 0.5518157690000294
  view-data: 0.5545835830000101
