times:
  edit-metadata: 1.6733043100684881
  landing: 0.11697620991617441
  view-data: 0.11788850836455822
