times:
  landing: 0.5621698849999746
  view-data: 0.07571230099998161
