times:
  landing: 0.5549346190000222
  view-data: 0.5663574099999664
