times:
  landing: 0.552157416
  view-data: 0.5503184110000348
