times:
  edit-metadata: 1.5043769516050816
  landing: 0.7615003045648336
  view-data: 3.3738611582666636
