times:
  edit-metadata: 1.699036373756826
  landing: 0.02164041344076395
  view-data: 0.1340629393234849
