times:
  edit-metadata: 1.4100512121804059
  landing: 0.8550034090876579
  view-data: 3.380032630637288
