times:
  edit-metadata: 1.7206548238173127
  landing: 0.216942741535604
  view-data: 0.11712570395320654
