times:
  edit-metadata: 1.2157976850867271
  landing: 0.0410168394446373
  view-data: 0.21654653921723366
