times:
  edit-metadata: 2.8800775948911905
  landing: 1.677601088769734
  view-data: 3.677888465113938
