times:
  edit-metadata: 1.8655150327831507
  landing: 0.15243208408355713
  view-data: 0.023069988936185837
