times:
  edit-metadata: 1.7393097337335348
  landing: 0.021306931972503662
  view-data: 0.12618572358042002
