times:
  edit-metadata: 1.2244161628186703
  landing: 0.04725002869963646
  view-data: 0.21640214696526527
