times:
  edit-metadata: 1.7006320459768176
  landing: 0.022173946723341942
  view-data: 0.023463457822799683
