times:
  edit-metadata: 1.263887729961425
  landing: 0.06355256587266922
  view-data: 0.2875849986448884
