times:
  edit-metadata: 0.7306601507589221
  landing: 0.053145553916692734
  view-data: 0.20759810600429773
