times:
  edit-metadata: 1.1782866599969566
  landing: 0.1138075168710202
  view-data: 0.225501456996426
