times:
  edit-metadata: 0.7459487920859829
  landing: 0.08024622197262943
  view-data: 0.2520768779795617
