times:
  landing: 1.067799702000002
  view-data: 0.5550589149999894
