times:
  edit-metadata: 1.3059565650000877
  landing: 0.05126867499984655
  view-data: 0.22326654700009385
