times:
  edit-metadata: 0.7293549971655011
  landing: 0.041949675884097815
  view-data: 0.21913697570562363
