times:
  edit-metadata: 1.5034222602844238
  landing: 0.8690658621490002
  view-data: 3.394720232114196
