times:
  edit-metadata: 1.6737919952720404
  landing: 0.1224810415878892
  view-data: 0.027355396188795567
