times:
  edit-metadata: 1.4530795877799392
  landing: 0.866273251362145
  view-data: 3.3696445170789957
