times:
  edit-metadata: 1.2094249948859215
  landing: 0.07462332025170326
  view-data: 0.22506186738610268
