times:
  edit-metadata: 1.4477420151233673
  landing: 1.1049162689596415
  view-data: 0.6099674385040998
