times:
  edit-metadata: 1.8945037182420492
  landing: 0.3223838768899441
  view-data: 0.3936133701354265
