times:
  edit-metadata: 1.0938934702426195
  landing: 0.054712885059416294
  view-data: 0.20276740286499262
