times:
  edit-metadata: 1.5143830440938473
  landing: 0.8524867948144674
  view-data: 3.4151105731725693
