times:
  landing: 1.5926566269999967
  view-data: 0.5584991890000026
