times:
  edit-metadata: 0.7603815459879115
  landing: 0.07158465299289674
  view-data: 0.3603525040089153
