times:
  edit-metadata: 0.7374292518943548
  landing: 0.08346674917265773
  view-data: 0.35608432022854686
