times:
  edit-metadata: 0.7438234218861908
  landing: 0.0479021780192852
  view-data: 0.2331070671789348
