times:
  landing: 0.5539982180000038
  view-data: 0.5728777229999764
