times:
  edit-metadata: 1.229738101363182
  landing: 0.05204016715288162
  view-data: 0.20665226876735687
