times:
  edit-metadata: 0.7526454229955561
  landing: 0.07390445802593604
  view-data: 0.35847378699691035
