times:
  edit-metadata: 1.5302976965904236
  landing: 1.0978304538875818
  view-data: 0.2917110174894333
