times:
  landing: 0.5517849339999827
  view-data: 0.5619737429999816
