times:
  edit-metadata: 1.756385170854628
  landing: 0.020909899845719337
  view-data: 0.421859847381711
