times:
  edit-metadata: 1.7967242524027824
  landing: 0.2360080648213625
  view-data: 0.3701210077852011
