times:
  landing: 0.5694924339999261
  view-data: 0.5558481560000246
