times:
  edit-metadata: 1.357593346387148
  landing: 0.8329075984656811
  view-data: 3.312098789960146
