times:
  edit-metadata: 0.7014541518874466
  landing: 0.04151487024500966
  view-data: 0.2384128230623901
