times:
  edit-metadata: 1.1493172361515462
  landing: 0.05517287109978497
  view-data: 0.3084172010421753
