times:
  landing: 0.5474503620000633
  view-data: 0.5611784059999536
