times:
  edit-metadata: 1.4565874272957444
  landing: 0.8154954258352518
  view-data: 3.404012388549745
