times:
  edit-metadata: 1.2524040155112743
  landing: 0.047551229596138
  view-data: 0.220118697732687
