times:
  landing: 1.0827431579999995
  view-data: 0.5543168149999929
