times:
  edit-metadata: 1.391431700438261
  landing: 0.8845089413225651
  view-data: 3.328712735325098
