times:
  edit-metadata: 1.180827412987128
  landing: 0.045222098007798195
  view-data: 0.2125092219794169
