times:
  edit-metadata: 1.651450166478753
  landing: 1.1248327121138573
  view-data: 3.420657173730433
