times:
  edit-metadata: 1.8248860267922282
  landing: 0.019453667104244232
  view-data: 0.124368229880929
