times:
  edit-metadata: 1.1535017769783735
  landing: 0.5069773979485035
  view-data: 0.23057790100574493
