times:
  edit-metadata: 1.539829446002841
  landing: 0.8147114422172308
  view-data: 3.4336585737764835
