times:
  edit-metadata: 1.2056177966296673
  landing: 0.04303706809878349
  view-data: 0.2112782560288906
