times:
  landing: 1.0695033639999565
  view-data: 0.5567026960000021
