times:
  edit-metadata: 0.7262236289680004
  landing: 0.05086591746658087
  view-data: 0.2076545124873519
