times:
  edit-metadata: 1.0857116149854846
  landing: 0.0543598509975709
  view-data: 0.22318628703942522
