times:
  edit-metadata: 0.7038290817290545
  landing: 0.03983511123806238
  view-data: 0.20266842702403665
