times:
  landing: 0.5431894129999932
  view-data: 0.5447247019999963
