times:
  edit-metadata: 1.4977187402546406
  landing: 0.7773534469306469
  view-data: 3.3596677742898464
