times:
  edit-metadata: 1.268656237050891
  landing: 0.8377923555672169
  view-data: 3.3192598298192024
