times:
  edit-metadata: 1.7173627652227879
  landing: 0.019881597720086575
  view-data: 0.02539229579269886
