times:
  edit-metadata: 1.516656368970871
  landing: 0.8208140823990107
  view-data: 3.414263032376766
