times:
  edit-metadata: 1.0897535467520356
  landing: 0.0488746059127152
  view-data: 0.20484832720831037
