times:
  edit-metadata: 1.960657799616456
  landing: 0.01960144005715847
  view-data: 0.025221544317901134
