times:
  landing: 1.0747919049999837
  view-data: 0.5539681039999778
