times:
  edit-metadata: 1.2603150606155396
  landing: 1.098682101815939
  view-data: 0.61409149505198
