times:
  edit-metadata: 1.4222157001495361
  landing: 0.895346861332655
  view-data: 3.3358475007116795
