times:
  edit-metadata: 1.4648858532309532
  landing: 0.852189326658845
  view-data: 3.4560297522693872
