times:
  edit-metadata: 1.6980768591165543
  landing: 0.023388193920254707
  view-data: 0.02488106209784746
