times:
  edit-metadata: 1.730892208404839
  landing: 0.8534723035991192
  view-data: 3.470879320986569
