times:
  edit-metadata: 1.1963618732988834
  landing: 0.048318300396203995
  view-data: 0.21859052777290344
