times:
  edit-metadata: 2.8178368508815765
  landing: 0.3801037296652794
  view-data: 0.4134950004518032
