times:
  edit-metadata: 1.1245975298807025
  landing: 0.0606681180652231
  view-data: 0.20170645997859538
