times:
  landing: 0.5484530109999923
  view-data: 0.5546332780000114
