times:
  edit-metadata: 1.732031007297337
  landing: 0.221764313057065
  view-data: 0.026610703207552433
