times:
  edit-metadata: 1.8103224597871304
  landing: 0.11920593865215778
  view-data: 0.11755775101482868
