times:
  edit-metadata: 1.5394963193684816
  landing: 0.7790741194039583
  view-data: 3.3612941466271877
