times:
  edit-metadata: 1.699171737767756
  landing: 0.02028544433414936
  view-data: 0.13402322307229042
