times:
  edit-metadata: 0.8182623060420156
  landing: 0.07345128385350108
  view-data: 0.2211061529815197
