times:
  edit-metadata: 1.7634730068966746
  landing: 0.19506367575377226
  view-data: 0.39788228552788496
