times:
  edit-metadata: 0.7240753499791026
  landing: 0.04673945624381304
  view-data: 0.21615614090114832
