times:
  edit-metadata: 1.6852556206285954
  landing: 0.02103008609265089
  view-data: 0.21816441789269447
