times:
  edit-metadata: 1.7226089388132095
  landing: 0.018789133056998253
  view-data: 0.3770630322396755
