times:
  edit-metadata: 0.9908368941396475
  landing: 0.071880545001477
  view-data: 0.3604302261956036
