times:
  edit-metadata: 1.4331840258091688
  landing: 0.9040757049806416
  view-data: 3.3723935848101974
