times:
  edit-metadata: 1.5596576184034348
  landing: 0.9847310595214367
  view-data: 3.430929120630026
