times:
  edit-metadata: 1.6661801999434829
  landing: 0.24260661751031876
  view-data: 0.11941502522677183
