times:
  edit-metadata: 0.7220869865268469
  landing: 0.0608785031363368
  view-data: 0.2124813236296177
