times:
  edit-metadata: 0.7287481017410755
  landing: 0.053522635251283646
  view-data: 0.20926731079816818
