times:
  landing: 0.5517655769999692
  view-data: 0.55714595500001
