times:
  edit-metadata: 1.4445994012057781
  landing: 0.8312377706170082
  view-data: 3.349538043141365
