times:
  edit-metadata: 1.3943334417417645
  landing: 0.9361985991708934
  view-data: 3.3148547620512545
