times:
  edit-metadata: 0.7281209799693897
  landing: 0.07520920399110764
  view-data: 0.21300380991306156
