times:
  edit-metadata: 1.2950396686792374
  landing: 0.889918839558959
  view-data: 0.34378907084465027
