times:
  edit-metadata: 0.7439585640095174
  landing: 0.07407160615548491
  view-data: 0.3596740481443703
