times:
  edit-metadata: 1.6453781640157104
  landing: 0.21077589504420757
  view-data: 0.10372619610279799
