times:
  edit-metadata: 0.8230035529995803
  landing: 0.07797849900089204
  view-data: 0.230502489983337
