times:
  edit-metadata: 1.5076693426817656
  landing: 0.9059303011745214
  view-data: 3.391261788085103
