times:
  edit-metadata: 0.6995308450423181
  landing: 0.042306380812078714
  view-data: 0.21449698926880956
