times:
  edit-metadata: 1.2202701792120934
  landing: 0.04041636362671852
  view-data: 0.21523432061076164
