times:
  landing: 1.0899653336964548
  view-data: 0.5391109338961542
