times:
  landing: 1.0764390279999816
  view-data: 0.5630502070000034
