times:
  edit-metadata: 1.442066335119307
  landing: 0.9459047918207943
  view-data: 3.3099092631600797
