times:
  edit-metadata: 2.7896226420998573
  landing: 1.2892028633505106
  view-data: 3.421712325885892
