times:
  edit-metadata: 1.340810276567936
  landing: 0.8353616409003735
  view-data: 3.307279124855995
