times:
  edit-metadata: 1.169439491117373
  landing: 0.0465623689815402
  view-data: 0.20843967492692173
