times:
  edit-metadata: 1.669555701315403
  landing: 0.02145431935787201
  view-data: 0.027447866275906563
