times:
  edit-metadata: 1.1225112210959196
  landing: 0.048801066004671156
  view-data: 0.21136446297168732
