times:
  edit-metadata: 1.2071647779084742
  landing: 0.046061716973781586
  view-data: 0.2081792880780995
