times:
  edit-metadata: 1.422950342297554
  landing: 0.8107977136969566
  view-data: 3.3284281343221664
