times:
  edit-metadata: 1.7844695392996073
  landing: 0.3534809462726116
  view-data: 0.15073688328266144
