times:
  landing: 0.5602750310000033
  view-data: 0.572345418999987
