times:
  edit-metadata: 2.0502678621560335
  landing: 0.1689554750919342
  view-data: 0.4446917027235031
