times:
  edit-metadata: 1.1177558380004484
  landing: 0.048308385972632095
  view-data: 0.22022588501567952
