times:
  edit-metadata: 1.499099675565958
  landing: 0.7868069931864738
  view-data: 3.37038791552186
