times:
  edit-metadata: 1.8302891962230206
  landing: 0.9968814700841904
  view-data: 3.3813997730612755
