times:
  edit-metadata: 1.0642647290369496
  landing: 0.05009445094037801
  view-data: 0.2025763998972252
