times:
  edit-metadata: 1.4780505280941725
  landing: 0.9014069195836782
  view-data: 3.3933426812291145
