times:
  edit-metadata: 1.349224478006363
  landing: 0.049568478018045425
  view-data: 0.22014112025499344
