times:
  edit-metadata: 0.7380151849938557
  landing: 0.0699268690077588
  view-data: 0.2646708380198106
