times:
  edit-metadata: 1.091997854062356
  landing: 0.04276786092668772
  view-data: 0.21049345401115716
