times:
  edit-metadata: 1.8867183271795511
  landing: 0.17365187220275402
  view-data: 0.1536709275096655
