times:
  edit-metadata: 2.2560982080176473
  landing: 1.1075702370144427
  view-data: 3.4862135760486126
