times:
  edit-metadata: 1.5361221078783274
  landing: 0.7801544517278671
  view-data: 3.418622711673379
