times:
  edit-metadata: 1.5338152591139078
  landing: 0.9008763516321778
  view-data: 3.402672030031681
