times:
  edit-metadata: 1.3105930800011265
  landing: 0.04914195700257551
  view-data: 0.21354399400297552
