times:
  edit-metadata: 1.820920005440712
  landing: 0.05199172720313072
  view-data: 0.027260443195700645
