times:
  edit-metadata: 3.318303931504488
  landing: 2.348001044243574
  view-data: 3.4947040639817715
