times:
  edit-metadata: 1.8934700191020966
  landing: 0.02089601382613182
  view-data: 0.023007633164525032
