times:
  edit-metadata: 1.679277801886201
  landing: 0.021821887232363224
  view-data: 0.02699680905789137
