times:
  edit-metadata: 1.5115823354572058
  landing: 0.901900440454483
  view-data: 3.402525609359145
