times:
  edit-metadata: 1.7030364889651537
  landing: 0.781334986910224
  view-data: 3.313605297356844
