times:
  edit-metadata: 1.5129246432334185
  landing: 0.8884557113051414
  view-data: 3.3909012731164694
