times:
  edit-metadata: 1.0782465230149683
  landing: 0.047096811002120376
  view-data: 0.2122776280157268
