times:
  edit-metadata: 1.2172563448548317
  landing: 0.045361053198575974
  view-data: 0.2152193784713745
