times:
  landing: 0.5529529930000194
  view-data: 0.5574985200000242
