times:
  edit-metadata: 0.7625114538241178
  landing: 0.07348029688000679
  view-data: 0.22782302019186318
