times:
  edit-metadata: 1.1053639279998606
  landing: 0.04727035500400234
  view-data: 0.2019131769920932
