times:
  landing: 0.5560176259999992
  view-data: 0.04723991400001637
