times:
  edit-metadata: 1.4087835089303553
  landing: 0.935081081930548
  view-data: 3.4191443328745663
