times:
  edit-metadata: 1.6225044131278992
  landing: 0.8446193467825651
  view-data: 3.4297719467431307
