times:
  edit-metadata: 2.222105123102665
  landing: 0.2189209070056677
  view-data: 0.1369874831289053
