times:
  edit-metadata: 1.4644504804164171
  landing: 0.8325182534754276
  view-data: 3.34749529697001
