times:
  edit-metadata: 0.7310084020718932
  landing: 0.04789026267826557
  view-data: 0.20828882791101933
