times:
  edit-metadata: 1.7427510004490614
  landing: 0.24653485137969255
  view-data: 0.1028211172670126
