times:
  edit-metadata: 1.4439868871122599
  landing: 1.184613741002977
  view-data: 3.3014561501331627
