times:
  edit-metadata: 1.0621306570246816
  landing: 0.07803328335285187
  view-data: 0.23582262685522437
