times:
  edit-metadata: 0.8136505130678415
  landing: 0.041251251474022865
  view-data: 0.21309384051710367
