times:
  edit-metadata: 2.459104284644127
  landing: 1.2735350355505943
  view-data: 3.466357622295618
