times:
  edit-metadata: 0.7391589172184467
  landing: 0.07889961311593652
  view-data: 0.23355356557294726
