times:
  edit-metadata: 1.4023918733000755
  landing: 9.256737768650055
  view-data: 1.6204947400838137
