times:
  edit-metadata: 1.3685286836698651
  landing: 0.8649236229248345
  view-data: 3.38515091734007
