times:
  edit-metadata: 1.6411833316087723
  landing: 1.0172290466725826
  view-data: 3.3057682309299707
