times:
  edit-metadata: 1.7555003948509693
  landing: 0.1415432933717966
  view-data: 0.023692822083830833
