times:
  edit-metadata: 1.780903672799468
  landing: 0.17839175648987293
  view-data: 0.02390971966087818
