times:
  edit-metadata: 1.6699892319738865
  landing: 1.0208058953285217
  view-data: 3.4124112352728844
