times:
  edit-metadata: 1.4005174920894206
  landing: 0.9110557180829346
  view-data: 3.426538488827646
