times:
  edit-metadata: 0.8476792126893997
  landing: 0.12234555883333087
  view-data: 0.2555906679481268
