times:
  landing: 0.5580862869999805
  view-data: 0.5572505760000013
