times:
  landing: 0.5445020299999896
  view-data: 0.552478624999992
