times:
  edit-metadata: 1.6712546851485968
  landing: 0.02039874717593193
  view-data: 0.12161289807409048
