times:
  edit-metadata: 0.7714463800657541
  landing: 0.06549940595868975
  view-data: 0.499475913005881
