times:
  edit-metadata: 1.38074070494622
  landing: 0.8735506134107709
  view-data: 3.3801774382591248
