times:
  edit-metadata: 0.8096903809928335
  landing: 0.047813136014156044
  view-data: 0.24835409497609362
