times:
  edit-metadata: 0.7773575661703944
  landing: 0.05145536456257105
  view-data: 0.2087106890976429
