times:
  edit-metadata: 0.7782371770590544
  landing: 0.04376215115189552
  view-data: 0.22708579245954752
