times:
  edit-metadata: 0.8094038079871098
  landing: 0.0777632779936539
  view-data: 0.3572702919918811
