times:
  edit-metadata: 1.351387470960617
  landing: 1.111437264829874
  view-data: 0.6314177550375462
