times:
  landing: 0.5466689509999867
  view-data: 0.5510584109999854
