times:
  edit-metadata: 1.3418614771217108
  landing: 0.868482206016779
  view-data: 3.410304795950651
