times:
  edit-metadata: 0.7302783373743296
  landing: 0.048721181228756905
  view-data: 0.21498648170381784
