times:
  edit-metadata: 1.5404691360890865
  landing: 0.9253771118819714
  view-data: 3.4307972490787506
