times:
  landing: 1.0654675220000058
  view-data: 0.5501514049999798
