times:
  edit-metadata: 0.7295491980039515
  landing: 0.06591905001550913
  view-data: 0.2246845030458644
