times:
  edit-metadata: 1.0871627950109541
  landing: 0.0448148138821125
  view-data: 0.2042219447903335
