times:
  edit-metadata: 1.2793684690259397
  landing: 0.10701530100777745
  view-data: 0.24569391296245158
