times:
  landing: 0.5550991439999962
  view-data: 0.5678970970000137
