times:
  edit-metadata: 1.1962791769765317
  landing: 0.04066383419558406
  view-data: 0.21673853415995836
