times:
  edit-metadata: 2.232470167800784
  landing: 0.22782364301383495
  view-data: 0.33268779143691063
