times:
  edit-metadata: 1.396636146120727
  landing: 0.8449645480141044
  view-data: 3.3810214707627892
