times:
  edit-metadata: 1.3364517726004124
  landing: 1.2638985104858875
  view-data: 0.6332408487796783
