times:
  landing: 1.07683772900009
  view-data: 0.5626746030000049
