times:
  edit-metadata: 2.34452161192894
  landing: 0.2634930834174156
  view-data: 0.1585011314600706
