times:
  edit-metadata: 1.1487157079391181
  landing: 0.04299349104985595
  view-data: 0.20958460588008165
