times:
  landing: 1.0736322850000306
  view-data: 0.5601896169999918
