times:
  edit-metadata: 1.7415480641648173
  landing: 0.1197125781327486
  view-data: 0.02411878015846014
