times:
  edit-metadata: 1.9387438287958503
  landing: 0.21430927515029907
  view-data: 0.46134709753096104
