times:
  edit-metadata: 1.376164125278592
  landing: 0.8929153569042683
  view-data: 3.35337988846004
