times:
  edit-metadata: 1.7870954256504774
  landing: 0.02170874923467636
  view-data: 0.3893383964896202
