times:
  edit-metadata: 1.4994096904993057
  landing: 0.8917060345411301
  view-data: 3.3408889435231686
