times:
  edit-metadata: 1.7077520927414298
  landing: 0.09759422298520803
  view-data: 0.027377136051654816
