times:
  edit-metadata: 0.7446839618496597
  landing: 0.0642248538788408
  view-data: 0.25397631502710283
