times:
  edit-metadata: 1.8098158165812492
  landing: 0.02223864011466503
  view-data: 0.23070510476827621
