times:
  edit-metadata: 1.8170739272609353
  landing: 0.11790025513619184
  view-data: 0.02837273571640253
