times:
  edit-metadata: 1.3317140117287636
  landing: 0.05205007269978523
  view-data: 0.21568738482892513
