times:
  edit-metadata: 1.696134596131742
  landing: 0.8653503367677331
  view-data: 3.3719709487631917
