times:
  edit-metadata: 1.292282847687602
  landing: 1.4943754523992538
  view-data: 0.5616592615842819
