times:
  edit-metadata: 0.7362502343021333
  landing: 0.056297029834240675
  view-data: 0.22641139524057508
