times:
  edit-metadata: 1.2573408875614405
  landing: 0.7415659464895725
  view-data: 0.32484460063278675
