times:
  edit-metadata: 1.5424771197140217
  landing: 1.0678405240178108
  view-data: 3.321009922772646
