times:
  edit-metadata: 1.4132879480021074
  landing: 0.7799821239896119
  view-data: 3.2780652389628813
