times:
  edit-metadata: 1.3655482362955809
  landing: 0.5698867924511433
  view-data: 0.2241208404302597
