times:
  edit-metadata: 1.6996286502107978
  landing: 0.18750965781509876
  view-data: 0.024247917346656322
