times:
  edit-metadata: 1.6853429526090622
  landing: 1.0652237012982368
  view-data: 3.412020068615675
