times:
  edit-metadata: 0.81622891779989
  landing: 0.04889135621488094
  view-data: 0.21355724893510342
