times:
  edit-metadata: 2.768587478902191
  landing: 1.2796965576708317
  view-data: 3.4237476037815213
