times:
  edit-metadata: 1.5160311982035637
  landing: 4.345033403486013
  view-data: 3.3598765581846237
