times:
  edit-metadata: 1.5292125903069973
  landing: 0.9087807238101959
  view-data: 3.459661666303873
