times:
  edit-metadata: 2.046516466885805
  landing: 1.2809330932796001
  view-data: 3.559600569307804
