times:
  edit-metadata: 1.7283977884799242
  landing: 0.020993362180888653
  view-data: 0.02518466394394636
