times:
  edit-metadata: 1.2019428759813309
  landing: 0.04767793696373701
  view-data: 0.3266571059357375
