times:
  edit-metadata: 1.0786653812974691
  landing: 0.0781615087762475
  view-data: 0.23853122303262353
