times:
  edit-metadata: 1.7425506971776485
  landing: 0.20129057578742504
  view-data: 0.31972577795386314
