times:
  edit-metadata: 1.277532372623682
  landing: 0.6785748936235905
  view-data: 0.21851531974971294
