times:
  landing: 1.072147909000023
  view-data: 0.5606249129999981
