times:
  edit-metadata: 1.573878150433302
  landing: 0.8894680356606841
  view-data: 3.29178184363991
