times:
  edit-metadata: 1.871342958882451
  landing: 0.02389235980808735
  view-data: 0.14788100123405457
