times:
  edit-metadata: 1.5151218436658382
  landing: 0.798871360719204
  view-data: 3.4128265660256147
