times:
  edit-metadata: 2.828476896509528
  landing: 1.3698421139270067
  view-data: 3.673809736967087
