times:
  edit-metadata: 1.7175797931849957
  landing: 0.1418633759021759
  view-data: 0.13338007405400276
