times:
  edit-metadata: 0.7414913091342896
  landing: 0.09000334911979735
  view-data: 0.2207869200501591
