times:
  edit-metadata: 1.7006469229236245
  landing: 0.019308343529701233
  view-data: 0.028596083633601665
