times:
  edit-metadata: 1.3612154200673103
  landing: 0.051996299996972084
  view-data: 0.2109038489870727
