times:
  edit-metadata: 1.6715811491012573
  landing: 0.19682567194104195
  view-data: 0.4168659979477525
