times:
  edit-metadata: 1.6522643566131592
  landing: 0.7962368931621313
  view-data: 3.406671419739723
