times:
  edit-metadata: 1.4465005286037922
  landing: 0.524577409029007
  view-data: 0.31624216213822365
