times:
  edit-metadata: 2.304860010743141
  landing: 0.33298320788890123
  view-data: 0.1545146144926548
