times:
  edit-metadata: 1.549896840006113
  landing: 0.899049449712038
  view-data: 3.3907215297222137
