times:
  edit-metadata: 1.2653289586305618
  landing: 0.04864426329731941
  view-data: 0.22455716133117676
