times:
  edit-metadata: 1.2759100571274757
  landing: 1.3877116460353136
  view-data: 0.31615985184907913
