times:
  edit-metadata: 1.0526371579617262
  landing: 0.6253403760492802
  view-data: 0.3119392078369856
