times:
  edit-metadata: 1.7159096309915185
  landing: 0.025135439820587635
  view-data: 0.027176985517144203
