times:
  landing: 1.6584303299999874
  view-data: 0.5625953840000193
