times:
  edit-metadata: 3.1145885456353426
  landing: 0.2817413229495287
  view-data: 0.49622415378689766
