times:
  edit-metadata: 1.230570763349533
  landing: 0.7241918407380581
  view-data: 0.3141327928751707
