times:
  edit-metadata: 1.700121990405023
  landing: 0.021279855631291866
  view-data: 0.02817188110202551
