times:
  landing: 0.5566121119999821
  view-data: 0.5593686270000262
