times:
  edit-metadata: 0.7478066929616034
  landing: 0.05920095811598003
  view-data: 0.2414571801200509
