times:
  edit-metadata: 0.7374915210530162
  landing: 0.08547921059653163
  view-data: 0.2307581678032875
