times:
  landing: 1.0678146360442042
  view-data: 0.5538146009203047
