times:
  edit-metadata: 0.7459964570589364
  landing: 0.05788784590549767
  view-data: 0.22747924202121794
