times:
  edit-metadata: 1.3509277198463678
  landing: 0.556742463260889
  view-data: 0.33597414568066597
