times:
  edit-metadata: 1.494703445583582
  landing: 0.8008799105882645
  view-data: 3.3805941492319107
