times:
  edit-metadata: 0.6969777680933475
  landing: 0.04188545607030392
  view-data: 0.20775317400693893
