times:
  landing: 1.0696197700000027
  view-data: 0.5524713840000004
