times:
  edit-metadata: 1.1109375711530447
  landing: 0.04811757383868098
  view-data: 0.21771520795300603
