times:
  edit-metadata: 1.2937708273530006
  landing: 0.8162686722353101
  view-data: 3.3032330740243196
