times:
  edit-metadata: 1.4378721229732037
  landing: 0.9024768369272351
  view-data: 3.3938299361616373
