times:
  edit-metadata: 1.5500619187951088
  landing: 0.8974910378456116
  view-data: 3.4577277917414904
