times:
  landing: 1.059663563000015
  view-data: 0.5497684799999831
