times:
  edit-metadata: 1.9755418002605438
  landing: 0.15914120338857174
  view-data: 0.43034107238054276
