times:
  edit-metadata: 1.6747516207396984
  landing: 0.13645861018449068
  view-data: 0.024329598993062973
