times:
  landing: 0.5435337239999853
  view-data: 0.5516449439999178
