times:
  edit-metadata: 0.7615364330122247
  landing: 0.06576290400698781
  view-data: 0.23111336294095963
