times:
  edit-metadata: 1.4728966210968792
  landing: 0.8931537568569183
  view-data: 3.38035892508924
