times:
  edit-metadata: 1.458017349243164
  landing: 0.9409147389233112
  view-data: 3.4418928176164627
