times:
  edit-metadata: 1.5128672359278426
  landing: 0.9475041279802099
  view-data: 3.380408226978034
