times:
  edit-metadata: 1.1453745099715889
  landing: 0.04071192699484527
  view-data: 0.20559315395075828
