times:
  edit-metadata: 1.0261021410115063
  landing: 0.07618588069453835
  view-data: 0.2648886479437351
