times:
  landing: 0.5521269740000889
  view-data: 0.5606121299999813
