times:
  edit-metadata: 0.717912096530199
  landing: 0.05052329134196043
  view-data: 0.21528624650090933
