times:
  edit-metadata: 1.3074619453400373
  landing: 1.1947128791362047
  view-data: 0.6172251421958208
