times:
  edit-metadata: 2.0829451996833086
  landing: 1.6445844992995262
  view-data: 3.4528170861303806
