times:
  edit-metadata: 1.763435241766274
  landing: 0.15269592218101025
  view-data: 0.10260325949639082
