times:
  edit-metadata: 1.9101504944264889
  landing: 1.3093901071697474
  view-data: 3.303949653171003
