times:
  edit-metadata: 1.1112548662349582
  landing: 0.051234406884759665
  view-data: 0.2163484962657094
