times:
  edit-metadata: 1.4476356022059917
  landing: 1.0198131874203682
  view-data: 3.3569291718304157
