times:
  edit-metadata: 0.8529310839949176
  landing: 0.06285719200968742
  view-data: 0.23619140195660293
