times:
  edit-metadata: 0.6780621348880231
  landing: 0.04165213322266936
  view-data: 0.2038434469141066
