times:
  edit-metadata: 1.1429676208645105
  landing: 0.6028111316263676
  view-data: 0.34041791409254074
