times:
  edit-metadata: 1.4235716280527413
  landing: 0.8206232979428023
  view-data: 3.3794371399562806
