times:
  landing: 1.0703745440000034
  view-data: 0.5564329629999634
