times:
  landing: 0.5490226880000364
  view-data: 0.5569545380000136
