times:
  edit-metadata: 1.7921693995594978
  landing: 0.1936166100203991
  view-data: 0.36231896094977856
