times:
  edit-metadata: 1.8870556205511093
  landing: 0.21573461592197418
  view-data: 0.30508482828736305
