times:
  edit-metadata: 0.7401847729925066
  landing: 0.06099464907310903
  view-data: 0.2304545899387449
