times:
  edit-metadata: 1.3487757835537195
  landing: 0.9931685552001
  view-data: 0.42687318101525307
