times:
  edit-metadata: 1.4142632819712162
  landing: 0.8531347746029496
  view-data: 3.3786169476807117
