times:
  edit-metadata: 1.262786403298378
  landing: 0.054903723299503326
  view-data: 0.21294830366969109
