times:
  landing: 1.0749390340000105
  view-data: 0.5622782789999974
