times:
  edit-metadata: 1.623446960002184
  landing: 0.14033484272658825
  view-data: 0.4415888823568821
