times:
  edit-metadata: 1.1601052719634026
  landing: 0.04915914707817137
  view-data: 0.2011437660548836
