times:
  edit-metadata: 4.873926103115082
  landing: 2.2362077943980694
  view-data: 3.7248321510851383
