times:
  edit-metadata: 1.5462798178195953
  landing: 0.7592210732400417
  view-data: 3.3938318341970444
