times:
  edit-metadata: 1.39818998798728
  landing: 0.651279104873538
  view-data: 0.21823298372328281
