times:
  landing: 0.5609648590000234
  view-data: 0.5622775660000343
