times:
  edit-metadata: 1.1845945190289058
  landing: 0.04426070098998025
  view-data: 0.20309057796839625
