times:
  edit-metadata: 0.6876648031175137
  landing: 0.04937982326373458
  view-data: 0.20136365201324224
