times:
  edit-metadata: 2.0443794587627053
  landing: 0.019879807718098164
  view-data: 0.026196262799203396
