times:
  edit-metadata: 2.3134760838001966
  landing: 0.02397249825298786
  view-data: 0.1373023446649313
