times:
  edit-metadata: 1.5846689864993095
  landing: 1.0262514501810074
  view-data: 3.3719531930983067
