times:
  landing: 1.077437078999992
  view-data: 0.5623052770000072
