times:
  edit-metadata: 1.6580165727064013
  landing: 0.21049780771136284
  view-data: 0.12054644990712404
