times:
  edit-metadata: 1.731009286828339
  landing: 0.019314246252179146
  view-data: 0.1179460333660245
