times:
  edit-metadata: 1.0740745710209012
  landing: 0.043905772967264056
  view-data: 0.20862467703409493
