times:
  edit-metadata: 1.5448674708604813
  landing: 0.8826614320278168
  view-data: 3.374601047486067
