times:
  edit-metadata: 1.426458790898323
  landing: 0.8622515238821507
  view-data: 3.364279167726636
