times:
  edit-metadata: 1.320738524198532
  landing: 0.04173138365149498
  view-data: 0.23370008915662766
