times:
  edit-metadata: 1.7711704205721617
  landing: 0.020282634533941746
  view-data: 0.12045450881123543
