times:
  edit-metadata: 0.8525045039132237
  landing: 0.058519368059933186
  view-data: 0.20802513603121042
