times:
  edit-metadata: 1.4038897100836039
  landing: 0.9825098440051079
  view-data: 3.4590154867619276
