times:
  edit-metadata: 1.6664317892864347
  landing: 0.019671212881803513
  view-data: 0.02487193141132593
