times:
  edit-metadata: 1.404212161898613
  landing: 0.8762239487841725
  view-data: 3.337123482953757
