times:
  edit-metadata: 0.7583802861627191
  landing: 0.06608397210948169
  view-data: 0.23201677994802594
