times:
  landing: 1.0675271430000066
  view-data: 0.5623639579999917
