times:
  edit-metadata: 0.71971640503034
  landing: 0.05140060093253851
  view-data: 0.21328159514814615
