times:
  edit-metadata: 1.298043755814433
  landing: 0.7345014996826649
  view-data: 0.3045783005654812
