times:
  edit-metadata: 1.7324772123247385
  landing: 0.019347157329320908
  view-data: 0.026805609464645386
