times:
  edit-metadata: 1.505055096000433
  landing: 0.772281289100647
  view-data: 3.3819150030612946
