times:
  edit-metadata: 1.4573391890153289
  landing: 0.8606985181104392
  view-data: 3.407275205012411
