times:
  edit-metadata: 1.739541994407773
  landing: 0.14265067595988512
  view-data: 0.0259058503434062
