times:
  edit-metadata: 1.2096316888928413
  landing: 0.052059389650821686
  view-data: 0.2163492739200592
