times:
  edit-metadata: 0.8246830330463126
  landing: 0.08043454005382955
  view-data: 0.2332833589753136
