times:
  edit-metadata: 1.4328450029715896
  landing: 0.7614001601468772
  view-data: 3.3359019171912223
