times:
  landing: 1.0786641960000054
  view-data: 0.5560031089999882
