times:
  edit-metadata: 1.5451759807765484
  landing: 0.9781428799033165
  view-data: 3.294579353183508
