times:
  landing: 0.5702149809999923
  view-data: 0.5636503519999962
