times:
  edit-metadata: 1.3605438973754644
  landing: 0.9867564560845494
  view-data: 3.3740015802904963
