times:
  edit-metadata: 1.2958042579703033
  landing: 0.9241345962509513
  view-data: 3.294201788958162
