times:
  edit-metadata: 1.5110084041953087
  landing: 0.8620045743882656
  view-data: 3.816302139312029
