times:
  edit-metadata: 0.8968704189173877
  landing: 0.06595016829669476
  view-data: 0.2943709031678736
