times:
  landing: 0.554733017999979
  view-data: 0.562670579999974
