times:
  edit-metadata: 1.198569044470787
  landing: 0.0440182089805603
  view-data: 0.2191806063055992
