times:
  landing: 1.1069680339999763
  view-data: 0.09578728700000738
