times:
  landing: 0.5515904009999986
  view-data: 0.5612883569999951
