times:
  edit-metadata: 1.1133116339333355
  landing: 0.04566286492627114
  view-data: 0.21129286603536457
