times:
  edit-metadata: 0.7654480719938874
  landing: 0.04540839605033398
  view-data: 0.23783223424106836
