times:
  edit-metadata: 1.7233420740813017
  landing: 0.20953347347676754
  view-data: 0.46300465799868107
