times:
  edit-metadata: 1.6322516240179539
  landing: 0.8471821323037148
  view-data: 3.3954973220825195
