times:
  landing: 1.0739597040000035
  view-data: 0.5641133739999873
