times:
  landing: 0.5504722459999982
  view-data: 0.6111662719999913
