times:
  edit-metadata: 1.764033030718565
  landing: 1.1162736043334007
  view-data: 3.405245717614889
