times:
  edit-metadata: 1.5219241455197334
  landing: 0.9439611583948135
  view-data: 3.318795680999756
