times:
  edit-metadata: 1.4229425061494112
  landing: 0.8549928739666939
  view-data: 3.388870449969545
