times:
  edit-metadata: 2.1391722559928894
  landing: 1.2122150752693415
  view-data: 3.420469617471099
