times:
  edit-metadata: 0.7559856079751626
  landing: 0.07106543303234503
  view-data: 0.23459739104146138
