times:
  landing: 0.5515486640001654
  view-data: 0.5538048800001434
