times:
  edit-metadata: 0.745790729066357
  landing: 0.06211469089612365
  view-data: 0.22886552708223462
