times:
  edit-metadata: 1.104507059964817
  landing: 0.05327821202808991
  view-data: 0.21794026804855093
