times:
  edit-metadata: 1.540595207363367
  landing: 0.8763231597840786
  view-data: 3.403108038008213
