times:
  edit-metadata: 0.7439025542698801
  landing: 0.0540944579988718
  view-data: 0.21783343376591802
