times:
  edit-metadata: 1.1756877209991217
  landing: 0.048334332183003426
  view-data: 0.20138127636164427
