times:
  edit-metadata: 1.6777054201811552
  landing: 0.7503205239772797
  view-data: 3.4014343712478876
