times:
  edit-metadata: 1.6713661504909396
  landing: 0.019906533882021904
  view-data: 0.12196577247232199
