times:
  edit-metadata: 1.4458962939679623
  landing: 0.9962669424712658
  view-data: 3.4608300738036633
