times:
  edit-metadata: 1.191759753972292
  landing: 0.04811401292681694
  view-data: 0.21153239905834198
