times:
  landing: 0.5569258119999745
  view-data: 0.5701439640000103
