times:
  edit-metadata: 1.3029203489422798
  landing: 0.843908753246069
  view-data: 3.3470058888196945
