times:
  edit-metadata: 1.099732730013784
  landing: 0.04377569700591266
  view-data: 0.21788105397718027
