times:
  edit-metadata: 1.3907853215932846
  landing: 0.7854665666818619
  view-data: 3.360988348722458
