times:
  edit-metadata: 1.1730938535183668
  landing: 0.6086486503481865
  view-data: 0.2507595010101795
