times:
  edit-metadata: 0.8132801516912878
  landing: 0.07788483379408717
  view-data: 0.23125071916729212
