times:
  landing: 0.5527022419999525
  view-data: 0.5603041489999896
