times:
  edit-metadata: 1.077498200815171
  landing: 0.0529979863204062
  view-data: 0.20971362385898829
