times:
  edit-metadata: 1.113117371001863
  landing: 0.04570308199618012
  view-data: 0.21373775599931832
