times:
  edit-metadata: 1.4908484667539597
  landing: 0.7980936355888844
  view-data: 3.342859238386154
