times:
  edit-metadata: 1.5477059539407492
  landing: 0.8913709186017513
  view-data: 3.436120362021029
