times:
  edit-metadata: 0.7106102993711829
  landing: 0.04508418217301369
  view-data: 0.20906577771529555
