times:
  edit-metadata: 0.7425776980817318
  landing: 0.04983116174116731
  view-data: 0.20904429303482175
