times:
  edit-metadata: 0.7406739629805088
  landing: 0.062200740998378024
  view-data: 0.28698853898094967
