times:
  edit-metadata: 1.4264677790924907
  landing: 0.09052846790291369
  view-data: 0.2637176960706711
