times:
  edit-metadata: 0.7400630210759118
  landing: 0.06608326209243387
  view-data: 0.22611408098600805
