times:
  edit-metadata: 0.8033759859390557
  landing: 0.06487339129671454
  view-data: 0.24078335100784898
