times:
  edit-metadata: 1.769306631758809
  landing: 0.22322914749383926
  view-data: 0.306300051510334
