times:
  edit-metadata: 2.214255888015032
  landing: 0.28438408859074116
  view-data: 0.171829454600811
