times:
  landing: 1.0750364470000022
  view-data: 0.5635956899999996
