times:
  landing: 0.5526020909999829
  view-data: 0.5578476249999937
