times:
  edit-metadata: 1.1300969360163435
  landing: 0.0545446410542354
  view-data: 0.20830830105114728
