times:
  landing: 0.5526830530000097
  view-data: 0.561415242999999
