times:
  edit-metadata: 1.707228391431272
  landing: 0.1690615238621831
  view-data: 0.12022352498024702
