times:
  edit-metadata: 0.8690228270133957
  landing: 0.06838935599080287
  view-data: 0.28468052099924535
