times:
  edit-metadata: 1.6808806005865335
  landing: 0.13377627078443766
  view-data: 0.1203754497691989
