times:
  edit-metadata: 1.3198667652904987
  landing: 0.8545922972261906
  view-data: 0.31903974153101444
