times:
  edit-metadata: 1.264472072944045
  landing: 2.2684204690158367
  view-data: 1.2811061833053827
