times:
  edit-metadata: 0.7331113358959556
  landing: 0.037418961990624666
  view-data: 0.22650510491803288
