times:
  edit-metadata: 1.1035541250021197
  landing: 0.0441761469701305
  view-data: 0.3440733900060877
