times:
  edit-metadata: 0.7311007859971141
  landing: 0.06915457700233674
  view-data: 0.3850051190020167
