times:
  edit-metadata: 0.737702215090394
  landing: 0.07482454599812627
  view-data: 0.36503820517100394
