times:
  landing: 1.0727859030000104
  view-data: 0.5566711430000169
