times:
  edit-metadata: 1.5105907637625933
  landing: 0.9948172010481358
  view-data: 3.378940526396036
