times:
  landing: 1.0676903410000023
  view-data: 0.5568346629999894
