times:
  edit-metadata: 1.7361040003597736
  landing: 0.0205069687217474
  view-data: 0.10355390794575214
