times:
  edit-metadata: 1.0273485369980335
  landing: 0.984007028862834
  view-data: 0.4401078596711159
