times:
  edit-metadata: 1.687026402913034
  landing: 0.12819072976708412
  view-data: 0.023162823170423508
