times:
  edit-metadata: 1.7416083281859756
  landing: 0.02038058079779148
  view-data: 0.02430288214236498
