times:
  edit-metadata: 1.6481122495606542
  landing: 0.1555278729647398
  view-data: 0.025545282289385796
