times:
  edit-metadata: 1.1345817116089165
  landing: 0.054690467193722725
  view-data: 0.20174931408837438
