times:
  landing: 0.5618464509999797
  view-data: 0.5633470509999938
