times:
  edit-metadata: 1.730922576971352
  landing: 1.1909123549703509
  view-data: 3.3509047280531377
