times:
  edit-metadata: 1.114056098042056
  landing: 0.04697385290637612
  view-data: 0.21629845700226724
