times:
  edit-metadata: 0.9485226199030876
  landing: 0.16592422733083367
  view-data: 0.4006520640105009
