times:
  edit-metadata: 1.531474195420742
  landing: 0.8940412998199463
  view-data: 3.3235763739794493
