times:
  edit-metadata: 1.1797386519610882
  landing: 0.04095682129263878
  view-data: 0.2193935215473175
