times:
  edit-metadata: 1.7419909359887242
  landing: 0.0191878629848361
  view-data: 0.4520691577345133
