times:
  landing: 1.0718001209999954
  view-data: 0.5580688599999917
