times:
  edit-metadata: 1.3909733351320028
  landing: 0.5954843610525131
  view-data: 0.19913560710847378
