times:
  edit-metadata: 1.440933521836996
  landing: 0.9087479189038277
  view-data: 3.317400522530079
