times:
  landing: 0.5654032109999889
  view-data: 0.5602202789999922
