times:
  edit-metadata: 1.315925681963563
  landing: 0.9520578235387802
  view-data: 0.3360972348600626
