times:
  edit-metadata: 1.1432569550233893
  landing: 0.04574032896198332
  view-data: 0.2054944839910604
