times:
  edit-metadata: 1.716693707741797
  landing: 0.019225558266043663
  view-data: 0.030169126577675343
