times:
  landing: 0.5538774469999908
  view-data: 0.5540004480000107
