times:
  edit-metadata: 0.8890263992361724
  landing: 0.06534561375156045
  view-data: 0.25127194775268435
