times:
  edit-metadata: 1.2357090786099434
  landing: 0.044953420758247375
  view-data: 0.21881967782974243
