times:
  landing: 0.5552300890000197
  view-data: 0.054002719999999726
