times:
  edit-metadata: 1.465329222381115
  landing: 0.8423586450517178
  view-data: 3.379838502034545
