times:
  edit-metadata: 1.4322210471145809
  landing: 1.0407714140601456
  view-data: 3.432840269058943
