times:
  edit-metadata: 1.3892590813338757
  landing: 1.086906025186181
  view-data: 0.6198635809123516
