times:
  edit-metadata: 1.3950005378574133
  landing: 0.7526842765510082
  view-data: 3.3239898458123207
