times:
  edit-metadata: 1.5135954394936562
  landing: 1.0099184550344944
  view-data: 3.4642077907919884
