times:
  edit-metadata: 1.1879643723368645
  landing: 0.047806162387132645
  view-data: 0.21343807876110077
