times:
  edit-metadata: 0.902076672995463
  landing: 0.05872363701928407
  view-data: 0.2152877949993126
