times:
  edit-metadata: 1.641574171371758
  landing: 0.2687294576317072
  view-data: 0.3921604612842202
