times:
  landing: 0.5547632969999938
  view-data: 0.5570348239999987
