times:
  edit-metadata: 2.042332647368312
  landing: 0.02361644059419632
  view-data: 0.13155794516205788
