times:
  edit-metadata: 1.1476953639648855
  landing: 0.05047836003359407
  view-data: 0.22216291195945814
