times:
  edit-metadata: 1.7970230393111706
  landing: 0.12969737220555544
  view-data: 0.02498692460358143
