times:
  edit-metadata: 1.5948096327483654
  landing: 0.9554922990500927
  view-data: 3.435461323708296
