times:
  edit-metadata: 1.5428048968315125
  landing: 0.8219962175935507
  view-data: 3.4269412215799093
