times:
  edit-metadata: 1.7703949566930532
  landing: 0.1434378195554018
  view-data: 0.12443361710757017
