times:
  landing: 0.5605911160000119
  view-data: 0.5565184820000013
