times:
  edit-metadata: 1.5880747931078076
  landing: 1.2784402975812554
  view-data: 3.3517226297408342
