times:
  edit-metadata: 1.404022404924035
  landing: 0.931585337035358
  view-data: 3.345122469589114
