times:
  edit-metadata: 0.8309226799756289
  landing: 0.06201023003086448
  view-data: 0.23510441603139043
