times:
  landing: 0.5512363069999537
  view-data: 0.5712640499999679
