times:
  edit-metadata: 1.4240778088569641
  landing: 0.9448650274425745
  view-data: 3.2894329354166985
