times:
  edit-metadata: 1.0016150306910276
  landing: 0.9868721943348646
  view-data: 0.32962971180677414
