times:
  landing: 1.0669707659999972
  view-data: 0.5570375539999759
