times:
  edit-metadata: 1.2689313441514969
  landing: 1.0662441924214363
  view-data: 0.43850937113165855
