times:
  edit-metadata: 1.100586123764515
  landing: 0.40682697854936123
  view-data: 0.22564793564379215
