times:
  edit-metadata: 1.818830561824143
  landing: 1.2594695296138525
  view-data: 3.59863059874624
