times:
  edit-metadata: 1.4479418639093637
  landing: 0.918685695156455
  view-data: 3.424408858641982
