times:
  edit-metadata: 1.2859682515263557
  landing: 0.04193489998579025
  view-data: 0.20919525995850563
