times:
  landing: 0.5465761039999961
  view-data: 0.5479962459999967
