times:
  edit-metadata: 1.3973999675363302
  landing: 0.5918346773833036
  view-data: 0.6148545406758785
