times:
  edit-metadata: 1.434948599897325
  landing: 0.8550105467438698
  view-data: 0.5248837675899267
