times:
  edit-metadata: 0.7661666618660092
  landing: 0.04271128308027983
  view-data: 0.20943741826340556
