times:
  landing: 0.5503916409999761
  view-data: 0.5641033050000033
