times:
  landing: 1.5979415509999626
  view-data: 0.5827925620000087
