times:
  edit-metadata: 1.2009656180161983
  landing: 0.06775799812749028
  view-data: 0.21033754386007786
