times:
  edit-metadata: 1.4865685515105724
  landing: 1.0178983975201845
  view-data: 3.4385157097131014
