times:
  edit-metadata: 1.9880893528461456
  landing: 1.5111523605883121
  view-data: 3.510052241384983
