times:
  edit-metadata: 1.2350336126983166
  landing: 0.04188390448689461
  view-data: 0.2185032106935978
