times:
  edit-metadata: 1.8071369472891092
  landing: 0.2041486781090498
  view-data: 0.12175939977169037
