times:
  edit-metadata: 1.6297453679144382
  landing: 0.021890821866691113
  view-data: 0.025308186188340187
