times:
  landing: 1.0686973900000112
  view-data: 0.5613437719999865
