times:
  edit-metadata: 1.3741298243403435
  landing: 0.8113417997956276
  view-data: 3.3360273465514183
