times:
  edit-metadata: 1.2032260075211525
  landing: 0.05059764161705971
  view-data: 0.21945667266845703
