times:
  edit-metadata: 1.6970218969509006
  landing: 0.20887610968202353
  view-data: 0.13533981796354055
