times:
  edit-metadata: 1.356141783297062
  landing: 0.05330790579319
  view-data: 0.26159756258130074
