times:
  edit-metadata: 1.7669249214231968
  landing: 0.12212403677403927
  view-data: 0.3222587052732706
