times:
  edit-metadata: 1.2712176982313395
  landing: 0.5881481785327196
  view-data: 0.6226897351443768
