times:
  edit-metadata: 1.3953843899071217
  landing: 0.7616255804896355
  view-data: 3.316428244113922
