times:
  edit-metadata: 1.6848382335156202
  landing: 0.018896144814789295
  view-data: 0.02666974999010563
