times:
  landing: 0.5532321840000236
  view-data: 0.5540775380000014
