times:
  edit-metadata: 1.4524590037763119
  landing: 0.7892045639455318
  view-data: 3.3962808940559626
