times:
  edit-metadata: 1.301767436787486
  landing: 0.05649453587830067
  view-data: 0.3441145271062851
