times:
  edit-metadata: 1.5654428120469674
  landing: 0.9394523800583556
  view-data: 3.3990704090101644
