times:
  edit-metadata: 0.8987849657423794
  landing: 0.066137271001935
  view-data: 0.22815450420603156
