times:
  edit-metadata: 1.355923917144537
  landing: 0.8084481656551361
  view-data: 3.3039887249469757
