times:
  landing: 0.548328639999994
  view-data: 0.5485578429999975
