times:
  landing: 0.5497072019999791
  view-data: 0.5510042159999955
