times:
  landing: 0.5601406910000151
  view-data: 0.05148184899999819
