times:
  edit-metadata: 1.7339708376675844
  landing: 0.01963033713400364
  view-data: 0.02717163972556591
