times:
  edit-metadata: 0.8118460510158911
  landing: 0.05961003003176302
  view-data: 0.2391261860029772
