times:
  edit-metadata: 1.3682348933070898
  landing: 0.8434359394013882
  view-data: 0.43730519339442253
