times:
  landing: 1.5921573229999808
  view-data: 0.5619036429999937
