times:
  landing: 0.5587836489999063
  view-data: 0.5587680489999229
