times:
  edit-metadata: 1.3993932493031025
  landing: 0.9182136654853821
  view-data: 3.3833840675652027
