times:
  edit-metadata: 1.6380366133525968
  landing: 0.22411299869418144
  view-data: 0.023725942708551884
