times:
  landing: 1.0902962279999997
  view-data: 0.5519196500000021
