times:
  edit-metadata: 1.4471454918384552
  landing: 1.050602070055902
  view-data: 3.5653177378699183
