times:
  edit-metadata: 1.1069925900083035
  landing: 0.04472441994585097
  view-data: 0.20776787609793246
