times:
  edit-metadata: 1.5310530606657267
  landing: 0.8291026558727026
  view-data: 3.359875403344631
