times:
  landing: 0.5527416809999863
  view-data: 0.5458846360000109
