times:
  edit-metadata: 0.826765067060478
  landing: 0.07305651402566582
  view-data: 0.23427590797655284
