times:
  edit-metadata: 1.2868564147502184
  landing: 0.04557879641652107
  view-data: 0.2450886331498623
