times:
  edit-metadata: 0.8291693828068674
  landing: 0.045488039031624794
  view-data: 0.2538557075895369
