times:
  edit-metadata: 1.6473635658621788
  landing: 0.12358142901211977
  view-data: 0.025121666491031647
