times:
  edit-metadata: 1.9044361282140017
  landing: 0.18934413976967335
  view-data: 0.02425522357225418
