times:
  edit-metadata: 0.7419770527631044
  landing: 0.04322526417672634
  view-data: 0.20500579616054893
