times:
  edit-metadata: 1.1168366150086513
  landing: 0.05242725099378731
  view-data: 0.21363168400421273
