times:
  edit-metadata: 1.5444864481687546
  landing: 0.8624962568283081
  view-data: 3.421515917405486
