times:
  edit-metadata: 1.8434619437903166
  landing: 0.029591958969831467
  view-data: 0.12207257002592087
