times:
  edit-metadata: 1.61720759421587
  landing: 0.9463308677077293
  view-data: 3.446178875863552
