times:
  edit-metadata: 1.3627640819177032
  landing: 0.871013218536973
  view-data: 3.3929552165791392
