times:
  edit-metadata: 1.9210888482630253
  landing: 1.2528951801359653
  view-data: 3.417545972391963
