times:
  edit-metadata: 1.7340001296252012
  landing: 0.020044910721480846
  view-data: 0.2495678775012493
