times:
  edit-metadata: 0.7017917889170349
  landing: 0.04522432014346123
  view-data: 0.21870275819674134
