times:
  edit-metadata: 1.431682649999857
  landing: 0.890499000903219
  view-data: 3.3415252319537103
