times:
  edit-metadata: 1.5458597391843796
  landing: 0.8645214289426804
  view-data: 3.456316191703081
