times:
  edit-metadata: 1.5074175465852022
  landing: 0.8293898534029722
  view-data: 3.3979835622012615
