times:
  edit-metadata: 1.7976726777851582
  landing: 1.0716331042349339
  view-data: 3.374711625277996
