times:
  landing: 0.5457636329999787
  view-data: 0.5536503859999868
