times:
  edit-metadata: 1.7716185227036476
  landing: 0.20509187132120132
  view-data: 0.12179449573159218
