times:
  edit-metadata: 0.883849133271724
  landing: 0.052227278240025043
  view-data: 0.23604559199884534
