times:
  edit-metadata: 1.6658825548365712
  landing: 0.24843584280461073
  view-data: 0.1315277051180601
