times:
  edit-metadata: 1.3590922392904758
  landing: 0.8280978947877884
  view-data: 3.364179838448763
