times:
  edit-metadata: 0.706945741083473
  landing: 0.04392088484019041
  view-data: 0.20845605805516243
