times:
  landing: 1.0579334519999861
  view-data: 0.5455408179999779
