times:
  edit-metadata: 1.4543758295476437
  landing: 1.395480040460825
  view-data: 0.430261243134737
