times:
  edit-metadata: 1.5455271936953068
  landing: 0.8705742657184601
  view-data: 3.4590861089527607
