times:
  edit-metadata: 1.4312943131662905
  landing: 0.05412132595665753
  view-data: 0.22677708719857037
