times:
  edit-metadata: 1.3741104938089848
  landing: 0.899955227971077
  view-data: 3.3728458965197206
