times:
  edit-metadata: 1.4768376294523478
  landing: 0.8432458098977804
  view-data: 3.3988048806786537
