times:
  edit-metadata: 1.724437553435564
  landing: 0.1899624951183796
  view-data: 0.024620577692985535
