times:
  landing: 1.0794865949999917
  view-data: 0.5714666490000013
