times:
  edit-metadata: 1.2351834066212177
  landing: 0.04470108076930046
  view-data: 0.22035951167345047
