times:
  edit-metadata: 0.7387305188458413
  landing: 0.07111498899757862
  view-data: 0.2260084969457239
