times:
  edit-metadata: 1.7147877607494593
  landing: 0.018839532509446144
  view-data: 0.3300007116049528
