times:
  edit-metadata: 0.7424275642260909
  landing: 0.04778690217062831
  view-data: 0.21616570418700576
