times:
  edit-metadata: 1.500897018238902
  landing: 0.7164373751729727
  view-data: 3.404803331941366
