times:
  edit-metadata: 1.1508065941743553
  landing: 0.050956004997715354
  view-data: 0.21475689089857042
