times:
  edit-metadata: 1.0867656022310257
  landing: 0.0631314511410892
  view-data: 0.23527107806876302
