times:
  landing: 1.0825210419999962
  view-data: 0.5836782559999847
