times:
  edit-metadata: 0.7528468668460846
  landing: 0.04685679031535983
  view-data: 0.20462127309292555
