times:
  edit-metadata: 1.2960674019996077
  landing: 0.04332754109054804
  view-data: 0.1921340359840542
