times:
  edit-metadata: 0.7334729749709368
  landing: 0.05028949910774827
  view-data: 0.2138192867860198
