times:
  edit-metadata: 1.943293696269393
  landing: 0.1199993584305048
  view-data: 0.39402735978364944
