times:
  edit-metadata: 1.2731376476585865
  landing: 0.04479555785655975
  view-data: 0.2227293774485588
