times:
  edit-metadata: 1.290745517006144
  landing: 0.05541255098069087
  view-data: 0.1963676830055192
