times:
  edit-metadata: 1.9184818509966135
  landing: 0.23574516363441944
  view-data: 0.16057678498327732
