times:
  edit-metadata: 1.1069996249862015
  landing: 0.05070868495386094
  view-data: 0.20824400009587407
