times:
  edit-metadata: 1.2102489180397242
  landing: 0.04481698200106621
  view-data: 0.19634499703533947
