times:
  landing: 0.5485878140000011
  view-data: 0.5506022190000124
