times:
  edit-metadata: 0.8054993292316794
  landing: 0.07395976269617677
  view-data: 0.2479577036574483
