times:
  edit-metadata: 1.6598402950912714
  landing: 0.019744332879781723
  view-data: 0.12538811657577753
