times:
  edit-metadata: 1.662513481453061
  landing: 0.11514070816338062
  view-data: 0.11424341984093189
