times:
  edit-metadata: 1.394172178581357
  landing: 0.6713317688554525
  view-data: 0.20183552987873554
