times:
  edit-metadata: 0.7414770042523742
  landing: 0.04146680794656277
  view-data: 0.20658454485237598
