times:
  edit-metadata: 1.774273855611682
  landing: 0.1401670817285776
  view-data: 0.12964138016104698
