times:
  landing: 1.1044336840000142
  view-data: 0.5519521749999967
