times:
  landing: 0.5566961469999967
  view-data: 0.5623859330000016
