times:
  landing: 0.5577137020000009
  view-data: 0.555478106999999
