times:
  edit-metadata: 0.7535685250186361
  landing: 0.07756700599566102
  view-data: 0.36734746902948245
