times:
  edit-metadata: 1.3433189392089844
  landing: 0.7890133447945118
  view-data: 3.295178346335888
