times:
  edit-metadata: 0.9905922468751669
  landing: 0.04926656372845173
  view-data: 0.21759271994233131
