times:
  edit-metadata: 1.5281468611210585
  landing: 0.8012382797896862
  view-data: 3.43377872556448
