times:
  edit-metadata: 1.8633003886789083
  landing: 0.13715946674346924
  view-data: 0.32195632345974445
