times:
  edit-metadata: 1.3711290396749973
  landing: 0.7735823038965464
  view-data: 3.305079245939851
