times:
  landing: 0.5530051920000005
  view-data: 0.5621370779999779
