times:
  edit-metadata: 1.6911614211276174
  landing: 0.023189554922282696
  view-data: 0.12515133619308472
