times:
  edit-metadata: 1.2678153309971094
  landing: 0.8525747042149305
  view-data: 0.22681553103029728
