times:
  edit-metadata: 1.116496711038053
  landing: 0.04651182796806097
  view-data: 0.2257767209666781
