times:
  edit-metadata: 1.1876217126846313
  landing: 0.04643641784787178
  view-data: 0.21463751047849655
