times:
  edit-metadata: 1.6615840354934335
  landing: 0.1816233992576599
  view-data: 0.02790193259716034
