times:
  edit-metadata: 1.1400982961058617
  landing: 0.6122058238834143
  view-data: 0.21737231127917767
