times:
  edit-metadata: 1.171558752655983
  landing: 0.04247715696692467
  view-data: 0.2174881286919117
