times:
  edit-metadata: 1.7075174935162067
  landing: 0.1241408409550786
  view-data: 0.1412616614252329
