times:
  edit-metadata: 1.5666284803301096
  landing: 0.9129875637590885
  view-data: 3.4450247772037983
