times:
  edit-metadata: 1.3106385830324143
  landing: 0.04657310899347067
  view-data: 0.22116152406670153
