times:
  edit-metadata: 1.3994686901569366
  landing: 0.912957314401865
  view-data: 3.267210491001606
