times:
  landing: 0.5543797409999911
  view-data: 0.5602844129999767
