times:
  edit-metadata: 1.7333539072424173
  landing: 0.019398916512727737
  view-data: 0.025802256539463997
