times:
  edit-metadata: 1.6881719464436173
  landing: 0.0212965440005064
  view-data: 0.4170049009844661
