times:
  edit-metadata: 0.6851715086959302
  landing: 0.049616923090070486
  view-data: 0.20877125207334757
