times:
  edit-metadata: 1.917479109019041
  landing: 0.20792772062122822
  view-data: 0.3537218030542135
