times:
  edit-metadata: 1.1140840742737055
  landing: 0.04992408724501729
  view-data: 0.21906827809289098
