times:
  edit-metadata: 1.6544294590130448
  landing: 0.1334658619016409
  view-data: 0.11957783624529839
