times:
  edit-metadata: 1.504009921103716
  landing: 0.6982661373913288
  view-data: 0.23564787209033966
