times:
  landing: 0.5580872429999886
  view-data: 0.55813294699999
