times:
  edit-metadata: 1.7064857110381126
  landing: 0.024014035239815712
  view-data: 0.11681570671498775
