times:
  landing: 0.5542980080000461
  view-data: 0.5481828530000712
