times:
  edit-metadata: 1.369192352052778
  landing: 0.8376750830793753
  view-data: 3.3479947809828445
