times:
  edit-metadata: 1.3448950294405222
  landing: 2.422600856050849
  view-data: 1.5862537510693073
