times:
  edit-metadata: 0.8246029790002467
  landing: 0.04745995000030234
  view-data: 0.24346278700022594
