times:
  edit-metadata: 1.2394224256277084
  landing: 1.4414025451987982
  view-data: 0.33175139501690865
