times:
  edit-metadata: 2.093170394189656
  landing: 0.29071448743343353
  view-data: 0.5120204295963049
