times:
  edit-metadata: 1.4532631561160088
  landing: 0.8998793736100197
  view-data: 3.332835305482149
