times:
  edit-metadata: 0.7477314732968807
  landing: 0.0541014252230525
  view-data: 0.21862460765987635
