times:
  edit-metadata: 1.1143603967502713
  landing: 0.047082404140383005
  view-data: 0.20880508795380592
