times:
  edit-metadata: 1.2192744612693787
  landing: 0.04407558590173721
  view-data: 0.21725482493638992
