times:
  edit-metadata: 0.8595767482183874
  landing: 0.08669958729296923
  view-data: 0.2164454939775169
