times:
  edit-metadata: 1.35511683113873
  landing: 0.5544119216501713
  view-data: 0.22679064609110355
