times:
  edit-metadata: 1.445877380669117
  landing: 0.9321878775954247
  view-data: 3.3988020792603493
