times:
  edit-metadata: 0.7541620950214565
  landing: 0.058039145020302385
  view-data: 0.22107981104636565
