times:
  landing: 1.0811218670000073
  view-data: 0.5561085869999829
