times:
  edit-metadata: 1.452680124901235
  landing: 0.7626617019996047
  view-data: 3.277018863707781
