times:
  edit-metadata: 1.7128138989210129
  landing: 0.13794436678290367
  view-data: 0.13523518107831478
