times:
  landing: 0.5683462380000037
  view-data: 0.5575291559999869
