times:
  landing: 1.0766652720000138
  view-data: 0.5643302649999953
