times:
  edit-metadata: 1.6676901840255596
  landing: 0.06542632303899154
  view-data: 0.2629442639881745
