times:
  edit-metadata: 1.0654749828390777
  landing: 0.04622508096508682
  view-data: 0.20419900002889335
