times:
  edit-metadata: 1.9684365224093199
  landing: 0.020656928420066833
  view-data: 0.0263653714209795
