times:
  edit-metadata: 1.0570884459884837
  landing: 0.04342413600534201
  view-data: 0.21413722110446543
