times:
  edit-metadata: 1.2348404817748815
  landing: 0.04610810987651348
  view-data: 0.24140202696435153
