times:
  edit-metadata: 0.770899360999465
  landing: 0.051195780746638775
  view-data: 0.21136306878179312
