times:
  edit-metadata: 1.251471471041441
  landing: 0.04836032912135124
  view-data: 0.21720563620328903
