times:
  edit-metadata: 1.2653271090239286
  landing: 1.2884013019502163
  view-data: 0.31904149055480957
