times:
  edit-metadata: 2.158906349912286
  landing: 0.1704047005623579
  view-data: 0.29232729971408844
