times:
  edit-metadata: 1.3614293932914734
  landing: 0.8260439932346344
  view-data: 3.3098376095294952
