times:
  edit-metadata: 0.7461866619996727
  landing: 0.06784339318983257
  view-data: 0.22563941590487957
