times:
  edit-metadata: 1.8002075469121337
  landing: 0.16426836978644133
  view-data: 0.13035481795668602
