times:
  landing: 1.0758748399999831
  view-data: 0.5444488430000547
