times:
  edit-metadata: 1.1744307169865351
  landing: 0.0480071060010232
  view-data: 0.21695483001531102
