times:
  landing: 0.5484958809999796
  view-data: 0.553937880999996
