times:
  edit-metadata: 1.197395697236061
  landing: 0.04698365554213524
  view-data: 0.22326642274856567
