times:
  landing: 0.5449237020000055
  view-data: 0.555196355000021
