times:
  edit-metadata: 1.4830792378634214
  landing: 0.7937841955572367
  view-data: 3.419472061097622
