times:
  edit-metadata: 0.8023411142639816
  landing: 0.06551248813048005
  view-data: 0.21988334134221077
