times:
  edit-metadata: 0.7357175699999061
  landing: 0.07259296199981691
  view-data: 0.21971424499997738
