times:
  edit-metadata: 0.821208760025911
  landing: 0.07164695393294096
  view-data: 0.2259518940700218
