times:
  edit-metadata: 0.7374233650043607
  landing: 0.04309932608157396
  view-data: 0.2381089385598898
