times:
  edit-metadata: 1.407301302999258
  landing: 0.045966289937496185
  view-data: 0.21196069195866585
