times:
  edit-metadata: 1.3282724227756262
  landing: 0.5970796458423138
  view-data: 0.6392725352197886
