times:
  edit-metadata: 1.1876020394265652
  landing: 0.055164918303489685
  view-data: 0.21872008591890335
