times:
  edit-metadata: 0.7375394944101572
  landing: 0.07192733697593212
  view-data: 0.2397299907170236
