times:
  edit-metadata: 1.4072457384318113
  landing: 0.7419150043278933
  view-data: 0.21636872366070747
