times:
  edit-metadata: 1.133326634997502
  landing: 0.056327267084270716
  view-data: 0.2059955489821732
