times:
  landing: 1.0758765080000217
  view-data: 0.5618042449999905
