times:
  edit-metadata: 0.6838751258328557
  landing: 0.04448036989197135
  view-data: 0.21523480210453272
