times:
  edit-metadata: 0.7460226530674845
  landing: 0.07344455597922206
  view-data: 0.2256852420978248
