times:
  edit-metadata: 0.737969318870455
  landing: 0.04924113675951958
  view-data: 0.20255612302571535
