times:
  edit-metadata: 1.310580926015973
  landing: 1.1215679161250591
  view-data: 0.6215954963117838
