times:
  edit-metadata: 1.6511991461738944
  landing: 0.12119179498404264
  view-data: 0.11441692803055048
