times:
  landing: 1.0701842429999715
  view-data: 0.5645849119999866
