times:
  edit-metadata: 2.260644942522049
  landing: 1.4623523596674204
  view-data: 3.732228687033057
