times:
  edit-metadata: 1.7393589578568935
  landing: 0.02031414397060871
  view-data: 0.02479003742337227
