times:
  edit-metadata: 1.8556656688451767
  landing: 0.13794486038386822
  view-data: 0.02560819312930107
