times:
  edit-metadata: 0.7474103048443794
  landing: 0.047426546923816204
  view-data: 0.21524318307638168
