times:
  edit-metadata: 1.204921331256628
  landing: 0.04434215649962425
  view-data: 0.21255230531096458
