times:
  landing: 1.080407297000022
  view-data: 0.5632818600000178
