times:
  edit-metadata: 1.773038076236844
  landing: 0.19943626038730145
  view-data: 0.33123189955949783
