times:
  edit-metadata: 1.3164596930146217
  landing: 0.69837761297822
  view-data: 0.20659185573458672
