times:
  edit-metadata: 1.8263893406838179
  landing: 0.13785887509584427
  view-data: 0.35910285264253616
