times:
  landing: 2.1700044218450785
  view-data: 1.0995117202401161
