times:
  landing: 0.5525987310000176
  view-data: 0.5517031199999849
