times:
  edit-metadata: 1.6761395614594221
  landing: 0.020076810382306576
  view-data: 0.02425570785999298
