times:
  edit-metadata: 1.3174586780369282
  landing: 0.051425542682409286
  view-data: 0.2094380483031273
