times:
  landing: 0.5557237340000256
  view-data: 0.5608339730000012
