times:
  edit-metadata: 1.4243127880617976
  landing: 0.7619651209097356
  view-data: 3.2893275159876794
