times:
  edit-metadata: 1.684591212309897
  landing: 0.021717349998652935
  view-data: 0.13025659043341875
