times:
  edit-metadata: 1.6542594768106937
  landing: 0.09412752743810415
  view-data: 0.11448565311729908
