times:
  edit-metadata: 1.3685476630926132
  landing: 0.7591427080333233
  view-data: 0.3153277449309826
