times:
  landing: 0.5548959969999032
  view-data: 0.5587965269999131
