times:
  edit-metadata: 2.1431569028645754
  landing: 0.018937036395072937
  view-data: 0.3487315718084574
