times:
  landing: 1.0758327930000178
  view-data: 0.556770623000034
