times:
  edit-metadata: 0.7260291380807757
  landing: 0.046118687838315964
  view-data: 0.2031308226287365
