times:
  edit-metadata: 0.7323022410273552
  landing: 0.04802650213241577
  view-data: 0.2188986549153924
