times:
  landing: 0.555037499000008
  view-data: 0.05983237700002064
