times:
  edit-metadata: 1.769701149314642
  landing: 1.3731811940670013
  view-data: 3.4308879002928734
