times:
  edit-metadata: 1.552870200946927
  landing: 0.8081852104514837
  view-data: 1.502070503309369
