times:
  edit-metadata: 1.5238550379872322
  landing: 0.834152864292264
  view-data: 3.384339787065983
