times:
  edit-metadata: 1.4378327876329422
  landing: 1.092350309714675
  view-data: 0.6205475647002459
