times:
  edit-metadata: 1.3864955380558968
  landing: 0.6142324041575193
  view-data: 0.6539450567215681
