times:
  edit-metadata: 0.9667672209907323
  landing: 0.05439596698852256
  view-data: 0.27068251598393545
