times:
  landing: 0.5411303879999991
  view-data: 0.5454533390000051
