times:
  edit-metadata: 1.3958149664103985
  landing: 0.6068672761321068
  view-data: 0.21530511043965816
