times:
  edit-metadata: 1.6814381089061499
  landing: 0.1504765097051859
  view-data: 0.4249670449644327
