times:
  edit-metadata: 1.7120834970846772
  landing: 0.022695275954902172
  view-data: 0.23166640382260084
