times:
  edit-metadata: 1.4928183052688837
  landing: 0.8167619537562132
  view-data: 3.3996076472103596
