times:
  landing: 0.5821260859999882
  view-data: 0.5574637340000095
