times:
  edit-metadata: 0.740830595837906
  landing: 0.047023555962368846
  view-data: 0.2556519811041653
