times:
  edit-metadata: 1.2679392881691456
  landing: 1.0052324645221233
  view-data: 0.31309407390654087
