times:
  edit-metadata: 0.8216778300120495
  landing: 0.061424746992997825
  view-data: 0.24336311797378585
