times:
  landing: 0.5606602760000214
  view-data: 0.5606756759999598
