times:
  edit-metadata: 1.0148194963112473
  landing: 0.04740838799625635
  view-data: 0.3303259299136698
