times:
  edit-metadata: 1.5107809957116842
  landing: 0.8080773912370205
  view-data: 3.445320349186659
