times:
  edit-metadata: 1.686692863702774
  landing: 1.2266056910157204
  view-data: 3.5445067770779133
