times:
  landing: 4.266611035000011
  view-data: 0.5622187879999956
