times:
  edit-metadata: 0.7237597908824682
  landing: 0.04566595330834389
  view-data: 0.21819754736497998
