times:
  edit-metadata: 1.2302127049770206
  landing: 0.058775305980816483
  view-data: 0.27258111513219774
