times:
  landing: 0.5522174250000091
  view-data: 0.5555665320000003
