times:
  edit-metadata: 1.2679073624312878
  landing: 1.032751863822341
  view-data: 0.4516632817685604
