times:
  landing: 0.5524732779999795
  view-data: 0.5570465939999849
