times:
  edit-metadata: 1.7871864177286625
  landing: 0.19831406138837337
  view-data: 0.025366727262735367
