times:
  edit-metadata: 1.8084496576339006
  landing: 0.14963087439537048
  view-data: 0.3172562960535288
