times:
  edit-metadata: 1.06908986158669
  landing: 0.6418926287442446
  view-data: 0.33393735624849796
