times:
  edit-metadata: 1.4201233200728893
  landing: 0.8151908256113529
  view-data: 3.3631981816142797
