times:
  edit-metadata: 1.1765453650150448
  landing: 0.042915291036479175
  view-data: 0.2212163780350238
