times:
  edit-metadata: 1.5294916853308678
  landing: 0.7788912169635296
  view-data: 3.390024349093437
