times:
  landing: 0.5553412520000052
  view-data: 0.5593072119999931
