times:
  edit-metadata: 0.7562770866788924
  landing: 0.055604474153369665
  view-data: 0.2095701596699655
