times:
  landing: 0.5650952560000064
  view-data: 0.5644637999999986
