times:
  edit-metadata: 1.5230588652193546
  landing: 0.9841261729598045
  view-data: 3.4279766269028187
