times:
  edit-metadata: 0.7152105909772217
  landing: 0.04786103405058384
  view-data: 0.21890975488349795
