times:
  edit-metadata: 1.3872592670377344
  landing: 0.060645323945209384
  view-data: 0.3411983740516007
