times:
  edit-metadata: 1.116322584450245
  landing: 0.5242452882230282
  view-data: 0.22319913841784
