times:
  landing: 0.5495095190000256
  view-data: 0.5550221439999632
