times:
  edit-metadata: 0.7400877797044814
  landing: 0.07545299781486392
  view-data: 0.2423520740121603
