times:
  edit-metadata: 0.7380548368673772
  landing: 0.062124384101480246
  view-data: 0.24784533702768385
