times:
  edit-metadata: 2.4545663874596357
  landing: 1.5947299897670746
  view-data: 3.4000238236039877
