times:
  landing: 0.5501787360000208
  view-data: 0.5634659239999849
