times:
  edit-metadata: 1.6815814850851893
  landing: 0.9708686238154769
  view-data: 3.4621378341689706
