times:
  edit-metadata: 0.7549478969885968
  landing: 0.07149665901670232
  view-data: 0.2423324380069971
