times:
  edit-metadata: 1.3757692910730839
  landing: 1.195767163299024
  view-data: 3.547651399858296
