times:
  edit-metadata: 1.3780211843550205
  landing: 0.9497369304299355
  view-data: 3.3393577560782433
