times:
  edit-metadata: 0.7254276191815734
  landing: 0.05079659726470709
  view-data: 0.2145045530050993
