times:
  landing: 1.0698318729999983
  view-data: 0.5509763269999439
