times:
  edit-metadata: 2.276933040469885
  landing: 0.9186801202595234
  view-data: 3.358501709997654
