times:
  edit-metadata: 1.2980747369983874
  landing: 0.049558074002561625
  view-data: 0.22007826000117348
