times:
  edit-metadata: 1.3899088541511446
  landing: 0.8444330501370132
  view-data: 3.3658461989834905
