times:
  edit-metadata: 1.3450440280139446
  landing: 1.1397629454731941
  view-data: 0.6458935830742121
