times:
  edit-metadata: 1.3671146985143423
  landing: 0.5502205844968557
  view-data: 0.439876239746809
