times:
  landing: 0.5550321660002737
  view-data: 0.5568436779999502
