times:
  landing: 0.5519966169999861
  view-data: 0.5544193549999932
