times:
  edit-metadata: 1.3104739915579557
  landing: 0.47645008377730846
  view-data: 0.3474951609969139
