times:
  edit-metadata: 0.7730694077908993
  landing: 0.05406094202771783
  view-data: 0.20801188796758652
