times:
  edit-metadata: 1.044668037968222
  landing: 0.06731009896611795
  view-data: 0.41186215897323564
