times:
  edit-metadata: 1.4379358422011137
  landing: 1.108588520437479
  view-data: 0.6065696366131306
