times:
  edit-metadata: 1.517751157283783
  landing: 1.0258966498076916
  view-data: 3.33387029543519
