times:
  edit-metadata: 1.3728378489613533
  landing: 0.9113741815090179
  view-data: 3.2734095826745033
