times:
  landing: 0.547625561000018
  view-data: 0.5580730050000113
