times:
  edit-metadata: 1.563836868852377
  landing: 0.9842892996966839
  view-data: 3.3644450828433037
