times:
  edit-metadata: 1.9436157513409853
  landing: 0.17043294571340084
  view-data: 0.3091182876378298
