times:
  edit-metadata: 0.8976320032961667
  landing: 0.049273595213890076
  view-data: 0.5749997729435563
