times:
  edit-metadata: 1.5718235112726688
  landing: 0.7830441556870937
  view-data: 3.4207373280078173
