times:
  edit-metadata: 1.3710508979856968
  landing: 1.599365958943963
  view-data: 1.649688107892871
