times:
  edit-metadata: 0.7974430867470801
  landing: 0.052082609850913286
  view-data: 0.22040554089471698
