times:
  edit-metadata: 1.4137386977672577
  landing: 0.9900457710027695
  view-data: 3.297830108553171
