times:
  edit-metadata: 1.566585287451744
  landing: 1.052737507969141
  view-data: 3.463884525001049
