times:
  edit-metadata: 1.6339547708630562
  landing: 1.07708740234375
  view-data: 3.43873705342412
