times:
  edit-metadata: 1.5971298180520535
  landing: 1.231215126812458
  view-data: 3.4040555767714977
