times:
  edit-metadata: 1.4937789887189865
  landing: 1.0007567815482616
  view-data: 3.4742657020688057
