times:
  edit-metadata: 1.5514168851077557
  landing: 4.940613489598036
  view-data: 3.38176129758358
