times:
  edit-metadata: 1.4782299920916557
  landing: 1.0892111845314503
  view-data: 3.405449565500021
