times:
  edit-metadata: 1.4241792671382427
  landing: 0.9349355287849903
  view-data: 3.628975212574005
