times:
  edit-metadata: 1.3558930084109306
  landing: 0.8518116734921932
  view-data: 3.3020761758089066
