times:
  edit-metadata: 1.4483586885035038
  landing: 0.9028358682990074
  view-data: 3.3016880825161934
