times:
  edit-metadata: 1.618478935211897
  landing: 0.9579215347766876
  view-data: 3.34682135283947
