times:
  edit-metadata: 2.4427503123879433
  landing: 1.2510760985314846
  view-data: 3.5059614032506943
