times:
  edit-metadata: 1.7110360190272331
  landing: 1.1127899661660194
  view-data: 3.395695246756077
