times:
  edit-metadata: 1.534099355340004
  landing: 1.1205036453902721
  view-data: 3.4726404286921024
