times:
  edit-metadata: 2.1230672784149647
  landing: 1.267323363572359
  view-data: 3.7479993626475334
