times:
  edit-metadata: 1.561925757676363
  landing: 0.954127375036478
  view-data: 3.3087580762803555
