times:
  edit-metadata: 1.9091048538684845
  landing: 1.5741395950317383
  view-data: 3.452141758054495
