times:
  edit-metadata: 1.4673347808420658
  landing: 0.849531527608633
  view-data: 3.3508470840752125
