times:
  edit-metadata: 1.62651789188385
  landing: 1.0997870713472366
  view-data: 3.3885770849883556
