times:
  edit-metadata: 1.545597605407238
  landing: 1.0632654875516891
  view-data: 3.37212398275733
