times:
  edit-metadata: 1.3939924463629723
  landing: 0.9825038611888885
  view-data: 3.3364823758602142
