times:
  edit-metadata: 1.3993376046419144
  landing: 0.817121509462595
  view-data: 3.304688408970833
