times:
  edit-metadata: 1.468823567032814
  landing: 1.0635534599423409
  view-data: 3.3824742063879967
