times:
  edit-metadata: 1.534375324845314
  landing: 0.9424073919653893
  view-data: 3.400013290345669
