times:
  edit-metadata: 1.7449741512537003
  landing: 1.0608749464154243
  view-data: 3.365643873810768
