times:
  edit-metadata: 1.61555552855134
  landing: 1.2237781025469303
  view-data: 3.3210355564951897
