times:
  edit-metadata: 1.4350053928792477
  landing: 1.0495563596487045
  view-data: 3.6821693256497383
