times:
  edit-metadata: 1.5344636738300323
  landing: 1.2980482690036297
  view-data: 3.3694176860153675
