times:
  edit-metadata: 1.6932981722056866
  landing: 1.1604269221425056
  view-data: 3.3664142973721027
