times:
  edit-metadata: 1.7075769528746605
  landing: 1.0210507400333881
  view-data: 3.4396212212741375
