times:
  edit-metadata: 1.4489460326731205
  landing: 0.9943923354148865
  view-data: 3.5014609321951866
