times:
  edit-metadata: 1.3824796564877033
  landing: 0.7949409447610378
  view-data: 3.3507708683609962
