times:
  edit-metadata: 1.6481618955731392
  landing: 1.1897479146718979
  view-data: 3.3754210993647575
