times:
  edit-metadata: 1.528118520975113
  landing: 1.0249203890562057
  view-data: 3.4017226174473763
