times:
  edit-metadata: 1.636307254433632
  landing: 0.9887893088161945
  view-data: 3.4070893675088882
