times:
  edit-metadata: 1.5037761218845844
  landing: 1.0565292574465275
  view-data: 3.342192616313696
