times:
  edit-metadata: 1.6568681970238686
  landing: 1.0395840182900429
  view-data: 3.350338004529476
