times:
  edit-metadata: 3.7604334391653538
  landing: 2.9086975567042828
  view-data: 3.851363480091095
