times:
  edit-metadata: 1.519707340747118
  landing: 1.0177167318761349
  view-data: 3.3926093354821205
