times:
  edit-metadata: 1.624899972230196
  landing: 0.8143735714256763
  view-data: 3.3819426633417606
