times:
  edit-metadata: 1.5794771127402782
  landing: 1.0442415811121464
  view-data: 3.334597669541836
