times:
  edit-metadata: 1.5201897136867046
  landing: 0.8207727521657944
  view-data: 3.3986520431935787
