times:
  edit-metadata: 1.6417911984026432
  landing: 1.0690053328871727
  view-data: 3.332609374076128
