times:
  edit-metadata: 1.7484339699149132
  landing: 1.1361649930477142
  view-data: 3.3632025122642517
