times:
  edit-metadata: 1.5160789377987385
  landing: 0.9825758822262287
  view-data: 3.448218021541834
