times:
  edit-metadata: 1.428011778742075
  landing: 0.7628122046589851
  view-data: 3.319747932255268
