times:
  edit-metadata: 1.78451619297266
  landing: 1.334861159324646
  view-data: 3.378650162369013
