times:
  edit-metadata: 1.7392999045550823
  landing: 1.2704759240150452
  view-data: 3.362379427999258
