times:
  edit-metadata: 1.5642455406486988
  landing: 1.0648277178406715
  view-data: 3.3525376692414284
