times:
  edit-metadata: 1.6813265979290009
  landing: 1.046507928520441
  view-data: 3.335962500423193
