times:
  edit-metadata: 1.6402023956179619
  landing: 1.3680524602532387
  view-data: 3.418372843414545
