times:
  edit-metadata: 1.5208723060786724
  landing: 1.028202898800373
  view-data: 3.455462757498026
