times:
  edit-metadata: 1.447974894195795
  landing: 0.9036975987255573
  view-data: 3.3380509093403816
