times:
  edit-metadata: 1.4726909846067429
  landing: 0.8904799185693264
  view-data: 3.359141308814287
