times:
  edit-metadata: 1.666403405368328
  landing: 1.2339495159685612
  view-data: 3.4380516819655895
