times:
  edit-metadata: 1.564075119793415
  landing: 1.2015096135437489
  view-data: 3.337233331054449
