times:
  edit-metadata: 1.468023158609867
  landing: 1.0440034605562687
  view-data: 3.748961139470339
