times:
  edit-metadata: 1.5117445662617683
  landing: 1.0452576875686646
  view-data: 3.3595755994319916
