times:
  edit-metadata: 1.5044782012701035
  landing: 1.1752221584320068
  view-data: 3.351238787174225
