times:
  edit-metadata: 1.4456508085131645
  landing: 0.9155360572040081
  view-data: 3.419733166694641
