times:
  edit-metadata: 1.5181580930948257
  landing: 0.8911122903227806
  view-data: 3.39365641400218
