times:
  edit-metadata: 1.5719974115490913
  landing: 1.1602298319339752
  view-data: 3.3986941389739513
