times:
  edit-metadata: 1.6240397691726685
  landing: 1.080651368945837
  view-data: 3.4659933857619762
