times:
  edit-metadata: 1.812598280608654
  landing: 1.0638776011765003
  view-data: 3.374695848673582
