times:
  edit-metadata: 1.5576567836105824
  landing: 0.980691485106945
  view-data: 3.368798278272152
