times:
  edit-metadata: 2.0964197367429733
  landing: 1.2724542804062366
  view-data: 3.431262645870447
