times:
  edit-metadata: 1.437373612076044
  landing: 0.7472865432500839
  view-data: 3.375333398580551
