times:
  edit-metadata: 1.59379493445158
  landing: 0.9756531603634357
  view-data: 3.433127723634243
