times:
  edit-metadata: 1.4896364100277424
  landing: 1.109663926064968
  view-data: 3.3306628726422787
