times:
  edit-metadata: 1.523308139294386
  landing: 1.0164680629968643
  view-data: 3.372226048260927
