times:
  edit-metadata: 1.5501998849213123
  landing: 1.0111473836004734
  view-data: 3.3713432624936104
