times:
  edit-metadata: 1.5631844773888588
  landing: 1.003333956003189
  view-data: 3.3327534571290016
