times:
  edit-metadata: 1.3033405914902687
  landing: 0.7624894045293331
  view-data: 3.29682869464159
