times:
  edit-metadata: 1.5801173746585846
  landing: 1.0308116860687733
  view-data: 3.3751689605414867
