times:
  edit-metadata: 2.243728283792734
  landing: 1.6381572969257832
  view-data: 3.56920225918293
