times:
  edit-metadata: 1.622996874153614
  landing: 1.1212186478078365
  view-data: 3.395312201231718
