times:
  edit-metadata: 2.5393641963601112
  landing: 1.351777508854866
  view-data: 3.376017104834318
