times:
  edit-metadata: 1.648085556924343
  landing: 1.0458714291453362
  view-data: 3.39070750400424
