times:
  edit-metadata: 1.9373008236289024
  landing: 1.100127525627613
  view-data: 3.3928681164979935
