times:
  edit-metadata: 1.3838735967874527
  landing: 1.0536480136215687
  view-data: 3.380212988704443
