times:
  edit-metadata: 1.5256889499723911
  landing: 0.9652617536485195
  view-data: 3.4634327068924904
