times:
  edit-metadata: 1.5262724533677101
  landing: 0.9112158864736557
  view-data: 3.433110997080803
