times:
  edit-metadata: 1.5599692612886429
  landing: 1.049091625958681
  view-data: 3.3867115788161755
