times:
  edit-metadata: 2.1469512060284615
  landing: 1.3977836705744267
  view-data: 4.105631176382303
