times:
  edit-metadata: 1.5635949037969112
  landing: 1.0119192227721214
  view-data: 3.2911501936614513
