times:
  landing: 0.5480716770000242
  view-data: 0.5546458210000083
