times:
  landing: 0.5478025500000285
  view-data: 0.5536150489999727
