times:
  edit-metadata: 1.8860244201496243
  landing: 0.023796234279870987
  view-data: 0.0298420712351799
