times:
  edit-metadata: 1.8924111546948552
  landing: 0.02017044834792614
  view-data: 0.0979514829814434
