times:
  edit-metadata: 1.003678247332573
  landing: 0.07349404180422425
  view-data: 0.5071827378123999
