times:
  edit-metadata: 1.7281746827065945
  landing: 0.06047743558883667
  view-data: 0.2272121123969555
