times:
  edit-metadata: 1.7815612470149063
  landing: 0.06586276099551469
  view-data: 0.2333041150122881
