times:
  edit-metadata: 2.629824984818697
  landing: 0.5798150915652514
  view-data: 0.6777181923389435
