times:
  landing: 0.5579538099999866
  view-data: 0.5693112790000043
