times:
  edit-metadata: 1.4946594927459955
  landing: 0.7520374730229378
  view-data: 3.3794604130089283
