times:
  edit-metadata: 0.9804998910985887
  landing: 0.08272613305598497
  view-data: 0.25033841701224446
