times:
  edit-metadata: 0.8705291519872844
  landing: 0.05534211918711662
  view-data: 0.22152849799022079
