times:
  edit-metadata: 2.864324552938342
  landing: 0.7803637087345123
  view-data: 0.6619675289839506
