times:
  edit-metadata: 2.483065376058221
  landing: 0.5702869519591331
  view-data: 0.24074562638998032
