times:
  edit-metadata: 1.3064373787492514
  landing: 0.8231382053345442
  view-data: 3.313375188037753
