times:
  edit-metadata: 2.476654236204922
  landing: 0.358441349118948
  view-data: 0.35436202865093946
