times:
  edit-metadata: 1.8563340958207846
  landing: 0.02767273597419262
  view-data: 0.12266350444406271
