times:
  landing: 1.0924620840000046
  view-data: 0.5583235619999982
