times:
  edit-metadata: 2.095171920955181
  landing: 0.022003106772899628
  view-data: 0.385724950581789
