times:
  edit-metadata: 1.3474949467927217
  landing: 0.8177529759705067
  view-data: 3.367510387673974
