times:
  edit-metadata: 2.724226474761963
  landing: 1.2259765155613422
  view-data: 0.3819567300379276
