times:
  edit-metadata: 1.4564966894686222
  landing: 0.757390383630991
  view-data: 3.2865040861070156
