times:
  edit-metadata: 1.321053562045563
  landing: 0.3252765180077404
  view-data: 0.309560350026004
