times:
  edit-metadata: 1.8933303831145167
  landing: 0.022617539390921593
  view-data: 0.12842487264424562
