times:
  edit-metadata: 2.2328542321920395
  landing: 0.05324515327811241
  view-data: 0.24568957835435867
