times:
  edit-metadata: 1.5689288439461961
  landing: 0.05160521005745977
  view-data: 0.21481943293474615
