times:
  edit-metadata: 2.6118307523429394
  landing: 1.1836409009993076
  view-data: 0.26959469728171825
