times:
  edit-metadata: 0.8989715380594134
  landing: 0.049111823085695505
  view-data: 0.21860854141414165
