times:
  landing: 0.542352348999998
  view-data: 0.5617120999999656
