times:
  edit-metadata: 0.9017366920597851
  landing: 0.04707484901882708
  view-data: 0.23834267887286842
