times:
  landing: 0.545021657999996
  view-data: 0.543788043999939
