times:
  landing: 0.5579458560000035
  view-data: 0.5625718070000403
