times:
  edit-metadata: 1.9712845087051392
  landing: 0.02255401760339737
  view-data: 0.02714664489030838
