times:
  landing: 0.549123322000014
  view-data: 0.5589507009999863
