times:
  landing: 0.551853503000018
  view-data: 0.5578404829999499
