times:
  edit-metadata: 1.8888965463265777
  landing: 0.018555451184511185
  view-data: 0.5052011022344232
