times:
  edit-metadata: 1.8739499729126692
  landing: 0.11624053306877613
  view-data: 0.4546440849080682
