times:
  edit-metadata: 1.4887052439153194
  landing: 0.8518141433596611
  view-data: 3.3928659800440073
