times:
  edit-metadata: 1.5963881500065327
  landing: 0.9606580324470997
  view-data: 3.3607477620244026
