times:
  edit-metadata: 1.9294842407107353
  landing: 0.20612954534590244
  view-data: 0.3243926865980029
