times:
  landing: 0.6475598659999946
  view-data: 0.5649790610000309
