times:
  edit-metadata: 2.508762713521719
  landing: 0.6092546917498112
  view-data: 0.6706322301179171
