times:
  edit-metadata: 2.332809768617153
  landing: 0.023195182904601097
  view-data: 0.449845053255558
