times:
  edit-metadata: 1.9869544096291065
  landing: 0.02197953127324581
  view-data: 0.026333934627473354
