times:
  landing: 0.5511799380000184
  view-data: 0.5621558970000251
