times:
  edit-metadata: 1.9248217279091477
  landing: 0.18394735734909773
  view-data: 0.42656460404396057
