times:
  edit-metadata: 1.6583098948467523
  landing: 0.05321335210464895
  view-data: 0.2189978191163391
