times:
  landing: 0.548670484000013
  view-data: 0.5548960849999958
