times:
  edit-metadata: 2.2553973123431206
  landing: 0.0519251674413681
  view-data: 0.24523989856243134
