times:
  edit-metadata: 1.6035768509900663
  landing: 0.05042250800761394
  view-data: 0.21559320398955606
