times:
  edit-metadata: 2.7964507956057787
  landing: 2.1388804968446493
  view-data: 0.7287004049867392
