times:
  edit-metadata: 1.5513986370060593
  landing: 0.9145465079927817
  view-data: 3.328689686022699
