times:
  edit-metadata: 1.3085537124425173
  landing: 0.8204495366662741
  view-data: 3.3208627570420504
