times:
  edit-metadata: 1.5044830366969109
  landing: 0.8183125145733356
  view-data: 3.4027732983231544
