times:
  edit-metadata: 0.9845713181421161
  landing: 0.08869536966085434
  view-data: 0.32373475283384323
