times:
  edit-metadata: 1.9890197310596704
  landing: 0.019243013113737106
  view-data: 0.023148179054260254
