times:
  edit-metadata: 1.7274893440189771
  landing: 0.06251223001163453
  view-data: 0.21756480500334874
