times:
  edit-metadata: 0.997279766947031
  landing: 0.07734916685149074
  view-data: 0.38419337198138237
