times:
  edit-metadata: 2.001258557662368
  landing: 0.022529846988618374
  view-data: 0.03464864753186703
