times:
  edit-metadata: 1.3928524376824498
  landing: 0.8223907174542546
  view-data: 3.3840973107144237
