times:
  edit-metadata: 1.6760786180384457
  landing: 0.930433523026295
  view-data: 3.3594686730066314
