times:
  landing: 1.0732509970000024
  view-data: 0.5622563940000305
