times:
  edit-metadata: 1.0137990970397368
  landing: 0.07577149098506197
  view-data: 0.25127544696442783
