times:
  landing: 0.5518998739999859
  view-data: 0.059888889000006884
