times:
  edit-metadata: 1.6773205250501633
  landing: 0.05589126283302903
  view-data: 0.23395829927176237
