times:
  edit-metadata: 1.3706368869170547
  landing: 0.8681153142824769
  view-data: 3.2826212933287024
