times:
  edit-metadata: 1.681996162980795
  landing: 1.0033045262098312
  view-data: 3.304566867649555
