times:
  edit-metadata: 2.4594843853265047
  landing: 1.656694559380412
  view-data: 0.8191294334828854
