times:
  edit-metadata: 1.4313454665243626
  landing: 1.0208084154874086
  view-data: 3.3564979024231434
