times:
  edit-metadata: 1.1283492889997433
  landing: 0.08159782599977916
  view-data: 0.27043991899699904
