times:
  edit-metadata: 2.2686884850263596
  landing: 0.04734156280755997
  view-data: 0.24770456925034523
