times:
  edit-metadata: 0.8935636640526354
  landing: 0.046210719272494316
  view-data: 0.22014957200735807
