times:
  edit-metadata: 2.2387042678892612
  landing: 0.055372752249240875
  view-data: 0.24232979491353035
