times:
  landing: 0.5438795819999314
  view-data: 0.545475783000029
