times:
  landing: 1.0752797549999968
  view-data: 0.5586487410000132
