times:
  landing: 1.624720349907875
  view-data: 0.6037432942539454
