times:
  edit-metadata: 1.4443343579769135
  landing: 0.9336717799305916
  view-data: 3.3088886104524136
