times:
  edit-metadata: 1.970936255529523
  landing: 0.02056090347468853
  view-data: 0.02411910519003868
