times:
  edit-metadata: 0.9121690220199525
  landing: 0.08651473000645638
  view-data: 0.26718302303925157
