times:
  edit-metadata: 2.1499660182744265
  landing: 0.135929511860013
  view-data: 0.12586320377886295
