times:
  edit-metadata: 1.379388488829136
  landing: 0.8042620625346899
  view-data: 3.2857440803200006
