times:
  edit-metadata: 1.5764515260234475
  landing: 0.8903021840378642
  view-data: 3.5379117229022086
