times:
  edit-metadata: 0.9332301679532975
  landing: 0.08610704494640231
  view-data: 0.24542133300565183
