times:
  edit-metadata: 2.67800260335207
  landing: 0.384310994297266
  view-data: 0.2428236547857523
