times:
  landing: 1.0860243889999879
  view-data: 0.5734325039999817
