times:
  edit-metadata: 1.9156084582209587
  landing: 0.11613082978874445
  view-data: 0.1904159365221858
