times:
  edit-metadata: 1.3258113637566566
  landing: 0.779984725639224
  view-data: 3.267178563401103
