times:
  edit-metadata: 0.9287083479998728
  landing: 0.07582132800007457
  view-data: 0.23888285000020915
