times:
  landing: 0.5513462850000224
  view-data: 0.5630996319999895
