times:
  edit-metadata: 1.4759496999904513
  landing: 0.946751163341105
  view-data: 3.348027827218175
