times:
  edit-metadata: 1.8540256200358272
  landing: 0.02044524345546961
  view-data: 0.10994190257042646
