times:
  landing: 0.5534648359999892
  view-data: 0.5514329110000062
