times:
  edit-metadata: 1.8940312042832375
  landing: 0.021983446553349495
  view-data: 0.02866937406361103
