times:
  edit-metadata: 2.2280584201216698
  landing: 0.053314000368118286
  view-data: 0.2491004317998886
