times:
  edit-metadata: 0.874642611015588
  landing: 0.05108891800045967
  view-data: 0.22298878990113735
