times:
  edit-metadata: 2.720725480467081
  landing: 0.3797896020114422
  view-data: 0.024041617289185524
