times:
  edit-metadata: 2.2442539669573307
  landing: 0.053971242159605026
  view-data: 0.24896596744656563
