times:
  edit-metadata: 1.9402785878628492
  landing: 0.020010240375995636
  view-data: 0.35709230974316597
