times:
  edit-metadata: 0.8858325658366084
  landing: 0.04737307317554951
  view-data: 0.21454654913395643
