times:
  edit-metadata: 0.9944382081739604
  landing: 0.0800044541247189
  view-data: 0.23994068591855466
