times:
  edit-metadata: 2.236279234290123
  landing: 0.05090619996190071
  view-data: 0.2369072213768959
