times:
  edit-metadata: 1.7384351559448987
  landing: 0.047362955985590816
  view-data: 0.2204822178464383
