times:
  edit-metadata: 0.8973193764686584
  landing: 0.04306545853614807
  view-data: 0.22500301711261272
