times:
  edit-metadata: 1.7674473880033474
  landing: 0.05272947000048589
  view-data: 0.22201646899338812
