times:
  edit-metadata: 2.3151042107492685
  landing: 0.22175887040793896
  view-data: 0.25686795078217983
