times:
  edit-metadata: 1.655088245170191
  landing: 0.05158449895679951
  view-data: 0.2338307499885559
