times:
  edit-metadata: 1.7253529811277986
  landing: 0.049513221019878983
  view-data: 0.21376921911723912
