times:
  edit-metadata: 2.2710588835179806
  landing: 0.1090125571936369
  view-data: 0.3291126061230898
