times:
  edit-metadata: 1.016543833000469
  landing: 0.05578614700061735
  view-data: 0.2481185060023563
