times:
  landing: 1.0798117970000192
  view-data: 0.5597461879999912
