times:
  edit-metadata: 2.90120268240571
  landing: 0.38800986483693123
  view-data: 0.4871111083775759
