times:
  edit-metadata: 1.6091627851128578
  landing: 1.0115146152675152
  view-data: 3.341656494885683
