times:
  edit-metadata: 1.4939971638377756
  landing: 0.9064332728739828
  view-data: 3.3500028329435736
