times:
  edit-metadata: 1.5398445697501302
  landing: 0.9403391433879733
  view-data: 3.367780914530158
