times:
  landing: 0.5490159439999616
  view-data: 0.55709665400002
