times:
  edit-metadata: 4.106390412896872
  landing: 2.8671512231230736
  view-data: 3.830492854118347
