times:
  edit-metadata: 2.41793917119503
  landing: 0.5652086921036243
  view-data: 0.25879113376140594
