times:
  edit-metadata: 1.8945478647947311
  landing: 0.2265910618007183
  view-data: 0.11931081674993038
