times:
  edit-metadata: 1.3767398169729859
  landing: 0.7426340139936656
  view-data: 3.315806748927571
