times:
  edit-metadata: 1.6812161749985535
  landing: 0.08051172200066503
  view-data: 0.22194802800368052
