times:
  edit-metadata: 1.6184539273381233
  landing: 0.830811845138669
  view-data: 3.3257036358118057
