times:
  edit-metadata: 2.4553636461496353
  landing: 0.053385116159915924
  view-data: 0.27664724737405777
