times:
  edit-metadata: 1.3733141534030437
  landing: 0.9127598255872726
  view-data: 3.3533145114779472
