times:
  edit-metadata: 1.5662556919269264
  landing: 0.05160698760300875
  view-data: 0.22079596389085054
