times:
  landing: 0.5492454030000147
  view-data: 0.5576731479999921
