times:
  edit-metadata: 1.2320271548815072
  landing: 0.7537460927851498
  view-data: 3.3364803637377918
