times:
  edit-metadata: 0.8845085650682449
  landing: 0.04543400090187788
  view-data: 0.2539008310995996
