times:
  landing: 1.0791352040000106
  view-data: 0.5688118710000367
