times:
  landing: 0.5465555130000155
  view-data: 0.5497628600000155
