times:
  edit-metadata: 2.871243489906192
  landing: 0.6363263130187988
  view-data: 0.2398311160504818
