times:
  landing: 0.5597602989999757
  view-data: 0.5569515370000033
