times:
  landing: 0.5552231949999964
  view-data: 0.5594443120000108
