times:
  edit-metadata: 2.1560813626274467
  landing: 1.1871187780052423
  view-data: 3.6969038816168904
