times:
  edit-metadata: 1.908181056380272
  landing: 1.222805816680193
  view-data: 3.458302941173315
