times:
  edit-metadata: 1.3476223796606064
  landing: 0.7555972561240196
  view-data: 3.3239928372204304
