times:
  landing: 0.5576241459999665
  view-data: 0.5621796789999962
