times:
  edit-metadata: 2.883792035281658
  landing: 0.8441093694418669
  view-data: 0.21864516101777554
