times:
  landing: 0.6253937349999887
  view-data: 0.5673776960002215
