times:
  edit-metadata: 2.0097248256206512
  landing: 1.144795447587967
  view-data: 3.4891548044979572
