times:
  edit-metadata: 0.9772236458957195
  landing: 0.05202960595488548
  view-data: 0.357197524048388
