times:
  edit-metadata: 1.0880221328698099
  landing: 0.06573125906288624
  view-data: 0.38632468320429325
