times:
  edit-metadata: 1.0014288210077211
  landing: 0.0724765969789587
  view-data: 0.24552574998233467
