times:
  edit-metadata: 1.9006972443312407
  landing: 0.022046797908842564
  view-data: 0.025065713562071323
