times:
  edit-metadata: 1.3252799399197102
  landing: 0.768439918756485
  view-data: 3.308678302913904
