times:
  landing: 0.5520918070001244
  view-data: 0.5576667590000852
