times:
  edit-metadata: 1.6151366531848907
  landing: 0.9120321795344353
  view-data: 3.413037044927478
