times:
  edit-metadata: 1.5171671956777573
  landing: 0.9549808353185654
  view-data: 3.405650395900011
