times:
  edit-metadata: 1.4221809804439545
  landing: 0.947460001334548
  view-data: 3.3554201554507017
