times:
  edit-metadata: 2.549695370718837
  landing: 0.39182891324162483
  view-data: 0.28436119481921196
