times:
  edit-metadata: 1.7107922779396176
  landing: 0.04706441704183817
  view-data: 0.23002530075609684
