times:
  edit-metadata: 2.553846899420023
  landing: 0.8047180194407701
  view-data: 0.3545259181410074
