times:
  edit-metadata: 2.257395315915346
  landing: 0.2384300958365202
  view-data: 0.3953561056405306
