times:
  landing: 0.5549572829999931
  view-data: 0.5567588970000088
