times:
  edit-metadata: 1.5035807006061077
  landing: 0.8115347605198622
  view-data: 3.550401968881488
