times:
  edit-metadata: 0.9074111600057222
  landing: 0.04702456999802962
  view-data: 0.27145822101738304
