times:
  edit-metadata: 1.8750577429309487
  landing: 0.20667969156056643
  view-data: 0.12353511434048414
