times:
  landing: 1.095051194000007
  view-data: 0.5652095099999883
