times:
  edit-metadata: 2.0197227634489536
  landing: 0.13749922439455986
  view-data: 0.026283662766218185
