times:
  edit-metadata: 1.8718900717794895
  landing: 0.05550914257764816
  view-data: 0.23933246731758118
