times:
  landing: 0.5528621180000073
  view-data: 0.5595074510000018
