times:
  edit-metadata: 0.8722579521127045
  landing: 0.05617318116128445
  view-data: 0.21715277712792158
