times:
  edit-metadata: 1.0017182531300932
  landing: 0.07507828599773347
  view-data: 0.2621155818924308
