times:
  edit-metadata: 1.5349142719060183
  landing: 0.816753052175045
  view-data: 3.4274449795484543
