times:
  edit-metadata: 2.9159467183053493
  landing: 0.7439712435007095
  view-data: 0.284037534147501
