times:
  edit-metadata: 1.4582120873965323
  landing: 0.8435837468132377
  view-data: 3.4043904850259423
