times:
  edit-metadata: 1.4740871023386717
  landing: 0.832911292091012
  view-data: 3.396440224722028
