times:
  edit-metadata: 0.9961364951450378
  landing: 0.07894000317901373
  view-data: 0.38220035401172936
