times:
  edit-metadata: 1.4054535469040275
  landing: 0.8338344851508737
  view-data: 3.3276696391403675
