times:
  edit-metadata: 2.320205621421337
  landing: 0.06087962165474892
  view-data: 0.2524123452603817
