times:
  edit-metadata: 1.5257066581398249
  landing: 0.8056080397218466
  view-data: 3.4166896902024746
