times:
  edit-metadata: 2.003079030662775
  landing: 1.3533573132008314
  view-data: 3.6673350762575865
