times:
  edit-metadata: 0.9256633585318923
  landing: 0.045847455970942974
  view-data: 0.22840044368058443
