times:
  edit-metadata: 2.4151560347527266
  landing: 1.576521961018443
  view-data: 3.7661311887204647
