times:
  edit-metadata: 1.8997416086494923
  landing: 1.0245983302593231
  view-data: 3.36435317248106
