times:
  edit-metadata: 1.9843986667692661
  landing: 0.14654397033154964
  view-data: 0.027028486132621765
