times:
  edit-metadata: 2.455684507265687
  landing: 0.5875613912940025
  view-data: 0.2792231719940901
