times:
  edit-metadata: 1.9940380780026317
  landing: 0.022048248909413815
  view-data: 0.4489897442981601
