times:
  edit-metadata: 1.5041020046919584
  landing: 0.9692419208586216
  view-data: 3.362808896228671
