times:
  edit-metadata: 1.5973426140844822
  landing: 1.0726178623735905
  view-data: 3.466968595981598
