times:
  edit-metadata: 1.8822864536195993
  landing: 0.020601773634552956
  view-data: 0.36882777884602547
