times:
  landing: 0.5472146079999902
  view-data: 0.5454297859999997
