times:
  edit-metadata: 2.478759031742811
  landing: 0.5132044665515423
  view-data: 0.36545935086905956
