times:
  edit-metadata: 1.413298855535686
  landing: 1.2184591433033347
  view-data: 3.3293435676023364
