times:
  edit-metadata: 1.990092497318983
  landing: 0.12012111023068428
  view-data: 0.025281168520450592
