times:
  landing: 0.5549936040000034
  view-data: 0.5615156149999905
