times:
  edit-metadata: 1.4088534377515316
  landing: 0.903006911277771
  view-data: 3.34411646053195
