times:
  edit-metadata: 2.2453258745372295
  landing: 0.0454220175743103
  view-data: 0.24316077306866646
