times:
  edit-metadata: 1.374200088903308
  landing: 0.8343132226727903
  view-data: 3.3571422272361815
