times:
  edit-metadata: 1.3279396332800388
  landing: 0.8478621169924736
  view-data: 3.378422401845455
