times:
  edit-metadata: 1.9170365240424871
  landing: 0.19461764767766
  view-data: 0.33498384431004524
