times:
  edit-metadata: 3.0057092681527138
  landing: 1.104048691689968
  view-data: 0.29017388448119164
