times:
  edit-metadata: 1.6553030500072055
  landing: 0.05027019200497307
  view-data: 0.20355335201020353
