times:
  edit-metadata: 1.8596046138554811
  landing: 0.022111453115940094
  view-data: 0.481553977355361
