times:
  edit-metadata: 1.7499217260628939
  landing: 0.049232326913625
  view-data: 0.21623586700297892
