times:
  edit-metadata: 1.3814651928842068
  landing: 0.797418687492609
  view-data: 3.3826217968016863
