times:
  edit-metadata: 1.0952837499789894
  landing: 0.07525951694697142
  view-data: 0.38499191496521235
