times:
  edit-metadata: 1.5879129169043154
  landing: 0.04847565200179815
  view-data: 0.21898271900136024
