times:
  edit-metadata: 0.859949316829443
  landing: 0.05561080714687705
  view-data: 0.21059517189860344
