times:
  edit-metadata: 1.8870436903089285
  landing: 0.021650231443345547
  view-data: 0.026210658252239227
