times:
  edit-metadata: 1.504305051639676
  landing: 0.8188067860901356
  view-data: 3.433993635699153
