times:
  edit-metadata: 1.1019705832004547
  landing: 0.04616750404238701
  view-data: 0.3867877428419888
