times:
  edit-metadata: 0.9043231280520558
  landing: 0.05475583299994469
  view-data: 0.21875013411045074
