times:
  edit-metadata: 0.8975842166692019
  landing: 0.0451290775090456
  view-data: 0.35482169035822153
