times:
  edit-metadata: 0.9043842270039022
  landing: 0.047146243043243885
  view-data: 0.36482114903628826
