times:
  edit-metadata: 2.2481749691069126
  landing: 0.04785718768835068
  view-data: 0.24977094680070877
