times:
  edit-metadata: 2.251744110137224
  landing: 0.05275701358914375
  view-data: 0.2412271648645401
