times:
  edit-metadata: 1.494375217705965
  landing: 0.9012000784277916
  view-data: 3.3674237690865993
