times:
  landing: 1.126087312999971
  view-data: 0.577383033999979
