times:
  edit-metadata: 2.295004667714238
  landing: 0.16693612933158875
  view-data: 0.1640833616256714
