times:
  edit-metadata: 1.7025231418665498
  landing: 0.056147808907553554
  view-data: 0.21347262687049806
