times:
  landing: 0.5527270979999912
  view-data: 0.07356039200001874
