times:
  edit-metadata: 1.6467515439726412
  landing: 0.05353089398704469
  view-data: 0.2192987271118909
