times:
  edit-metadata: 1.3591140918433666
  landing: 0.841600488871336
  view-data: 3.2999277487397194
