times:
  edit-metadata: 1.646682519465685
  landing: 1.0680076070129871
  view-data: 3.2775609754025936
