times:
  landing: 1.09086443999999
  view-data: 0.5765716650000172
