times:
  landing: 0.5571521170001006
  view-data: 0.561415133999958
