times:
  edit-metadata: 0.9122929172590375
  landing: 0.051113040186464787
  view-data: 0.23892221599817276
