times:
  edit-metadata: 1.54649867862463
  landing: 0.9061825349926949
  view-data: 3.3211961053311825
