times:
  landing: 1.0827795339999966
  view-data: 0.5493822720000026
