times:
  edit-metadata: 1.4548093006014824
  landing: 0.9690457209944725
  view-data: 3.3950485549867153
