times:
  edit-metadata: 2.7027936205267906
  landing: 1.316021790727973
  view-data: 0.6709121838212013
