times:
  edit-metadata: 0.9809373919852078
  landing: 0.0826149289496243
  view-data: 0.25964357890188694
