times:
  edit-metadata: 1.362632516771555
  landing: 0.8494895212352276
  view-data: 3.3489334136247635
