times:
  edit-metadata: 0.863839924801141
  landing: 0.050156955141574144
  view-data: 0.22678653337061405
