times:
  edit-metadata: 2.5818904004991055
  landing: 0.7187467236071825
  view-data: 0.26625777781009674
