times:
  edit-metadata: 1.526608344000124
  landing: 0.10367334300008224
  view-data: 0.3520797430001039
