times:
  edit-metadata: 2.2932759039103985
  landing: 0.048084743320941925
  view-data: 0.24165277555584908
