times:
  edit-metadata: 1.6291377481538802
  landing: 0.051595357013866305
  view-data: 0.24741056910715997
