times:
  edit-metadata: 0.9537515859992709
  landing: 0.04446587199345231
  view-data: 0.2826894070021808
