times:
  edit-metadata: 2.7193097081035376
  landing: 0.2946717655286193
  view-data: 0.034602672792971134
