times:
  edit-metadata: 2.0292453095316887
  landing: 0.12642409279942513
  view-data: 0.4521792232990265
