times:
  edit-metadata: 0.9154217019677162
  landing: 0.056908355094492435
  view-data: 0.23590516205877066
