times:
  edit-metadata: 1.1543889460153878
  landing: 0.04463804280385375
  view-data: 0.2539969412609935
