times:
  edit-metadata: 0.8996607661247253
  landing: 0.05450209090486169
  view-data: 0.22493856074288487
