times:
  edit-metadata: 1.6708290649112314
  landing: 0.058938913978636265
  view-data: 0.29469691310077906
