times:
  edit-metadata: 1.358648591907695
  landing: 0.933672453975305
  view-data: 3.413068337831646
