times:
  landing: 0.5590165710000008
  view-data: 0.5634532800000045
