times:
  landing: 1.0675074410000036
  view-data: 0.5658102939999878
