times:
  edit-metadata: 1.5400974191725254
  landing: 1.1229730881750584
  view-data: 3.4158256463706493
