times:
  edit-metadata: 1.833067772909999
  landing: 0.8498287200927734
  view-data: 3.434679137542844
