times:
  edit-metadata: 1.3691479042172432
  landing: 3.3106402456760406
  view-data: 3.3988596983253956
