times:
  edit-metadata: 1.498866904526949
  landing: 0.8908789083361626
  view-data: 3.4925087988376617
