times:
  edit-metadata: 1.4106908421963453
  landing: 0.8869478777050972
  view-data: 3.339730102568865
