times:
  edit-metadata: 0.9048349210061133
  landing: 0.047130635008215904
  view-data: 0.2198332422412932
