times:
  edit-metadata: 0.9130880981683731
  landing: 0.054637051187455654
  view-data: 0.2132687489502132
