times:
  edit-metadata: 0.8892981675453484
  landing: 0.046827820129692554
  view-data: 0.27043302170932293
