times:
  edit-metadata: 1.6159973479807377
  landing: 1.0085974158719182
  view-data: 3.42493446264416
