times:
  edit-metadata: 2.4871120639145374
  landing: 0.05849072523415089
  view-data: 0.3034450076520443
