times:
  edit-metadata: 1.1189791520009749
  landing: 0.06513689603889361
  view-data: 0.24607960798311979
