times:
  edit-metadata: 2.049136023968458
  landing: 0.1389064509421587
  view-data: 0.13941429555416107
