times:
  edit-metadata: 1.5897241197526455
  landing: 1.0089812092483044
  view-data: 3.3876543566584587
