times:
  landing: 0.5500449219999837
  view-data: 0.561079943999971
