times:
  edit-metadata: 2.1246656104922295
  landing: 0.13573700562119484
  view-data: 0.42216410115361214
