times:
  landing: 1.0654648180000095
  view-data: 0.5524038519999976
