times:
  edit-metadata: 1.3521934114396572
  landing: 0.8180727362632751
  view-data: 3.328124387189746
