times:
  edit-metadata: 1.5987127560656518
  landing: 0.0521205710247159
  view-data: 0.20896643493324518
