times:
  edit-metadata: 1.6477034010458738
  landing: 0.04886953509412706
  view-data: 0.21224080212414265
