times:
  landing: 0.5658805550000352
  view-data: 0.5570074039999895
