times:
  edit-metadata: 1.5106694903224707
  landing: 0.884386831894517
  view-data: 3.3980694245547056
