times:
  edit-metadata: 1.6393966968171299
  landing: 0.045615772949531674
  view-data: 0.21677452698349953
