times:
  edit-metadata: 1.618239770992659
  landing: 0.05360429501160979
  view-data: 0.21488538605626673
