times:
  landing: 0.5647678740000117
  view-data: 0.5698621450000019
