times:
  edit-metadata: 1.5186759885400534
  landing: 0.7912699598819017
  view-data: 3.3787213265895844
