times:
  landing: 0.5621977920000063
  view-data: 0.5630170919999955
