times:
  edit-metadata: 1.5618409253656864
  landing: 0.8337083999067545
  view-data: 3.442220252007246
