times:
  edit-metadata: 2.4619404319673777
  landing: 0.6306927688419819
  view-data: 0.28209426812827587
