times:
  edit-metadata: 1.8241936899721622
  landing: 0.05899437144398689
  view-data: 0.2268887758255005
