times:
  edit-metadata: 0.9514432470314205
  landing: 0.04489285801537335
  view-data: 0.28335862304084003
