times:
  edit-metadata: 0.9340301351621747
  landing: 0.0417469022795558
  view-data: 0.3501587728969753
