times:
  edit-metadata: 0.9713384797796607
  landing: 0.04746816959232092
  view-data: 0.2239860938861966
