times:
  edit-metadata: 1.4018206980545074
  landing: 1.2277213400229812
  view-data: 3.3496343079023063
