times:
  landing: 0.547845805999998
  view-data: 0.5594425560000218
