times:
  edit-metadata: 0.89798976900056
  landing: 0.04699968406930566
  view-data: 0.23625586600974202
