times:
  landing: 1.0765023000000156
  view-data: 0.5653029160000074
