times:
  edit-metadata: 2.255453120917082
  landing: 0.054468706250190735
  view-data: 0.2517274022102356
