times:
  edit-metadata: 2.07665335200727
  landing: 0.02199186012148857
  view-data: 0.02915613166987896
