times:
  edit-metadata: 1.9663596842437983
  landing: 0.12800311483442783
  view-data: 0.024668943136930466
