times:
  edit-metadata: 2.1533977780491114
  landing: 0.022627457045018673
  view-data: 0.026664428412914276
