times:
  edit-metadata: 1.6875903829932213
  landing: 0.9057365916669369
  view-data: 3.3393513821065426
