times:
  edit-metadata: 1.4804209545254707
  landing: 0.8458246644586325
  view-data: 3.382110243663192
