times:
  edit-metadata: 1.1804570923559368
  landing: 0.10060751624405384
  view-data: 0.2483192360959947
