times:
  edit-metadata: 2.1612624023109674
  landing: 0.021973837167024612
  view-data: 0.4538214523345232
