times:
  edit-metadata: 0.9056632909923792
  landing: 0.04685027897357941
  view-data: 0.2218323778361082
