times:
  landing: 0.5515535449999902
  view-data: 0.5628228190000186
