times:
  edit-metadata: 1.4028375633060932
  landing: 0.7591954581439495
  view-data: 3.325706709176302
