times:
  edit-metadata: 1.396740690805018
  landing: 0.8482303391210735
  view-data: 3.4435347276739776
