times:
  edit-metadata: 2.1940036676824093
  landing: 0.04502323642373085
  view-data: 0.2434965744614601
