times:
  edit-metadata: 1.7359277843497694
  landing: 0.12031200295314193
  view-data: 0.35860177874565125
