times:
  landing: 0.5533127639999975
  view-data: 0.5673009209999975
