times:
  edit-metadata: 1.9721086118370295
  landing: 0.13662822544574738
  view-data: 0.30984377302229404
