times:
  edit-metadata: 2.9123118445277214
  landing: 0.48124890588223934
  view-data: 0.24322034046053886
