times:
  edit-metadata: 1.645323559991084
  landing: 0.04670903296209872
  view-data: 0.2173119329381734
