times:
  landing: 0.5554180190000011
  view-data: 0.571071249000056
