times:
  edit-metadata: 2.3827405348420143
  landing: 0.04601654037833214
  view-data: 0.2491615116596222
