times:
  edit-metadata: 1.6792035698890686
  landing: 0.9718384779989719
  view-data: 3.444718115031719
