times:
  edit-metadata: 1.570428367704153
  landing: 0.9244902338832617
  view-data: 3.4529959447681904
