times:
  edit-metadata: 2.4193727802485228
  landing: 0.1461882684379816
  view-data: 0.13993171602487564
