times:
  edit-metadata: 2.614304706454277
  landing: 3.2114772088825703
  view-data: 4.07591681741178
