times:
  edit-metadata: 1.012904091970995
  landing: 0.0822957040509209
  view-data: 0.36688428290653974
