times:
  landing: 1.1503591389999883
  view-data: 0.5574044780000804
