times:
  edit-metadata: 1.5233186781406403
  landing: 0.8158343620598316
  view-data: 3.3482948914170265
