times:
  landing: 1.1254702620000216
  view-data: 0.5554084999999986
