times:
  landing: 0.552727635999986
  view-data: 0.5994584050000071
