times:
  edit-metadata: 1.2881742692552507
  landing: 0.13850404880940914
  view-data: 0.3321505906060338
