times:
  edit-metadata: 1.3028704901225865
  landing: 0.1566809481009841
  view-data: 0.3507521180436015
