times:
  edit-metadata: 3.770321147982031
  landing: 0.27600707596866414
  view-data: 0.057894916040822864
