times:
  edit-metadata: 0.8900853600353003
  landing: 0.06071260804310441
  view-data: 0.21161385998129845
