times:
  edit-metadata: 1.9570160396397114
  landing: 0.18783088959753513
  view-data: 0.3560128230601549
