times:
  edit-metadata: 1.504576113075018
  landing: 0.9638427160680294
  view-data: 3.3957133032381535
