times:
  edit-metadata: 1.980826759710908
  landing: 0.2000735867768526
  view-data: 0.02545500360429287
