times:
  edit-metadata: 2.016739777289331
  landing: 0.11261220276355743
  view-data: 0.027530018240213394
