times:
  edit-metadata: 1.356977667659521
  landing: 0.8020805902779102
  view-data: 3.411261280067265
