times:
  edit-metadata: 1.4778338288888335
  landing: 0.903955995105207
  view-data: 3.3562703244388103
