times:
  edit-metadata: 1.8562480909749866
  landing: 0.022130939178168774
  view-data: 0.029305284842848778
