times:
  edit-metadata: 0.9525131825357676
  landing: 0.05659913085401058
  view-data: 0.22468708269298077
