times:
  edit-metadata: 2.005192680284381
  landing: 0.24494919180870056
  view-data: 0.13659482449293137
