times:
  edit-metadata: 1.3952650839928538
  landing: 0.6771535540465266
  view-data: 3.3071723259054124
