times:
  edit-metadata: 2.339249426499009
  landing: 0.3222515843808651
  view-data: 0.19454957637935877
