times:
  edit-metadata: 2.9634337555617094
  landing: 0.4622279219329357
  view-data: 0.2549389898777008
