times:
  edit-metadata: 1.4303164528682828
  landing: 0.8514892810489982
  view-data: 3.3838041480630636
