times:
  landing: 0.5539975899999945
  view-data: 0.5543852159999574
