times:
  edit-metadata: 1.8832286167889833
  landing: 0.020466838963329792
  view-data: 0.027334772050380707
