times:
  edit-metadata: 1.578124085906893
  landing: 0.050188335007987916
  view-data: 0.2139914509607479
