times:
  edit-metadata: 1.6654020060086623
  landing: 0.05000402603764087
  view-data: 0.23623849800787866
