times:
  edit-metadata: 0.948968909913674
  landing: 0.04667059285566211
  view-data: 0.28403564193286
