times:
  edit-metadata: 1.680554771000061
  landing: 0.05344455099930201
  view-data: 0.2282592100000329
