times:
  landing: 0.5478135409999823
  view-data: 0.5523177719999808
