times:
  edit-metadata: 1.955258209258318
  landing: 0.021767493337392807
  view-data: 0.4041467774659395
