times:
  edit-metadata: 1.6205354370176792
  landing: 1.0807486549019814
  view-data: 3.3835655599832535
