times:
  edit-metadata: 2.1345481891185045
  landing: 0.26971117965877056
  view-data: 0.15034291706979275
