times:
  landing: 0.5775064879999832
  view-data: 0.5638540429999921
