times:
  edit-metadata: 0.887843132019043
  landing: 0.055004502180963755
  view-data: 0.3510391218587756
