times:
  edit-metadata: 1.7774296349380165
  landing: 0.047676299000158906
  view-data: 0.22738163103349507
