times:
  edit-metadata: 1.62675392604433
  landing: 0.05449048796435818
  view-data: 0.2135494839749299
