times:
  edit-metadata: 1.6105414270423353
  landing: 0.05077157402411103
  view-data: 0.217128180898726
