times:
  edit-metadata: 2.2436368577182293
  landing: 0.052507054060697556
  view-data: 0.24700693786144257
