times:
  edit-metadata: 1.8994903424754739
  landing: 0.021355241537094116
  view-data: 0.12400250043720007
