times:
  edit-metadata: 1.9541282933205366
  landing: 0.019735759124159813
  view-data: 0.11949442513287067
