times:
  edit-metadata: 1.9640057515352964
  landing: 0.02050767932087183
  view-data: 0.02464938908815384
