times:
  edit-metadata: 1.8346736263483763
  landing: 0.1580336717888713
  view-data: 0.12148704286664724
