times:
  landing: 0.5696321810000313
  view-data: 0.5642689819999873
