times:
  edit-metadata: 1.632166001945734
  landing: 0.05495340097695589
  view-data: 0.22031809098552912
