times:
  landing: 1.0695423049999704
  view-data: 0.55878820800001
