times:
  edit-metadata: 1.450895054731518
  landing: 1.0246904287487268
  view-data: 3.5217981156893075
