times:
  landing: 1.0721971979999978
  view-data: 0.548606269000004
