times:
  edit-metadata: 1.741927424001915
  landing: 0.0511696369976562
  view-data: 0.23410906700155465
