times:
  edit-metadata: 2.4278526045382023
  landing: 1.2567282933741808
  view-data: 0.598186407238245
