times:
  landing: 0.5561374490000048
  view-data: 0.5658341330000098
