times:
  edit-metadata: 0.9085756950080395
  landing: 0.04483122378587723
  view-data: 0.217469641007483
