times:
  edit-metadata: 1.505578089505434
  landing: 0.9184098988771439
  view-data: 3.3615216985344887
