times:
  edit-metadata: 2.6007916014641523
  landing: 1.1060710586607456
  view-data: 0.6847335454076529
