times:
  edit-metadata: 1.816453472012654
  landing: 0.12766425614245236
  view-data: 0.24013212602585554
