times:
  edit-metadata: 2.167040079832077
  landing: 0.05360708013176918
  view-data: 0.2455238662660122
