times:
  edit-metadata: 2.2091686315834522
  landing: 0.05266117677092552
  view-data: 0.24199388921260834
