times:
  edit-metadata: 1.4423743085935712
  landing: 0.8572194343432784
  view-data: 3.368058572523296
