times:
  edit-metadata: 1.0060970129998168
  landing: 0.06751184699533042
  view-data: 0.4046328190015629
