times:
  edit-metadata: 0.9218154291156679
  landing: 0.05238893488422036
  view-data: 0.24637237493880093
