times:
  edit-metadata: 1.4507127404212952
  landing: 1.0373841561377048
  view-data: 3.3827027268707752
