times:
  landing: 0.5573629339999968
  view-data: 0.5578179390000173
