times:
  edit-metadata: 2.442976923659444
  landing: 0.8327091224491596
  view-data: 0.35983243957161903
