times:
  edit-metadata: 1.5878475909703411
  landing: 0.047825312009081244
  view-data: 0.20963171700714156
