times:
  landing: 0.5511417969999854
  view-data: 0.5556213000000128
