times:
  edit-metadata: 2.2508433908224106
  landing: 0.05129237100481987
  view-data: 0.24459520354866982
