times:
  edit-metadata: 2.190327670890838
  landing: 1.1723669162020087
  view-data: 3.2937565920874476
