times:
  edit-metadata: 2.407228058204055
  landing: 1.3482851069420576
  view-data: 3.4751973412930965
