times:
  edit-metadata: 1.443232101853937
  landing: 0.828480745665729
  view-data: 3.3397645577788353
