times:
  edit-metadata: 0.8676078598946333
  landing: 0.04773767292499542
  view-data: 0.21692189807072282
