times:
  edit-metadata: 2.2130285762250423
  landing: 0.021068567410111427
  view-data: 0.12198040820658207
