times:
  edit-metadata: 1.767379461787641
  landing: 0.04406109917908907
  view-data: 0.2137641841545701
