times:
  edit-metadata: 1.4482449144124985
  landing: 0.8696799054741859
  view-data: 3.366402290761471
