times:
  edit-metadata: 0.9587364920007531
  landing: 0.044087551010306925
  view-data: 0.23525331902783364
