times:
  edit-metadata: 1.5162578783929348
  landing: 0.8042049892246723
  view-data: 3.4082355052232742
