times:
  edit-metadata: 0.9682296490063891
  landing: 0.07912706397473812
  view-data: 0.2398855440551415
