times:
  edit-metadata: 1.5156551208347082
  landing: 0.7984088733792305
  view-data: 3.568993901833892
