times:
  landing: 1.1087933690000114
  view-data: 0.5589933459999656
