times:
  edit-metadata: 0.921227284707129
  landing: 0.05056761298328638
  view-data: 0.22346368711441755
