times:
  edit-metadata: 2.191360341385007
  landing: 0.25460489466786385
  view-data: 0.15952350199222565
