times:
  edit-metadata: 1.3806460099294782
  landing: 0.887791633605957
  view-data: 3.330547754652798
