times:
  edit-metadata: 2.29754526540637
  landing: 1.3321051895618439
  view-data: 3.448734015226364
