times:
  edit-metadata: 1.776394896907732
  landing: 0.9518004329875112
  view-data: 3.341212270082906
