times:
  landing: 0.5490878159999966
  view-data: 0.55208135700002
