times:
  edit-metadata: 3.1477455142885447
  landing: 1.198789220303297
  view-data: 0.6803029328584671
