times:
  edit-metadata: 1.4612658750265837
  landing: 0.9240559488534927
  view-data: 3.440508651547134
