times:
  edit-metadata: 1.5190432164818048
  landing: 0.7918334137648344
  view-data: 3.3914255276322365
