times:
  landing: 0.5533351230000108
  view-data: 0.5597879000000034
