times:
  edit-metadata: 1.9032027190551162
  landing: 0.022070913575589657
  view-data: 0.378626199439168
