times:
  landing: 1.0668987530000038
  view-data: 0.5566245539999954
