times:
  edit-metadata: 2.122314628213644
  landing: 0.021660318598151207
  view-data: 0.5303797069936991
