times:
  edit-metadata: 1.5033319471403956
  landing: 0.912583451718092
  view-data: 3.3032680358737707
