times:
  edit-metadata: 0.9001750349998474
  landing: 0.05413161893375218
  view-data: 0.2858792059123516
