times:
  edit-metadata: 1.5016014000866562
  landing: 0.8112589999800548
  view-data: 3.3011841221014038
