times:
  edit-metadata: 1.8691558754071593
  landing: 0.14293560106307268
  view-data: 0.10244529042392969
