times:
  edit-metadata: 1.8652879064902663
  landing: 0.09537300281226635
  view-data: 0.11962667293846607
