times:
  edit-metadata: 2.69424344971776
  landing: 0.05384228937327862
  view-data: 0.28827383928000927
