times:
  edit-metadata: 2.4768696017563343
  landing: 1.3612045552581549
  view-data: 0.4596319552510977
