times:
  landing: 0.5542023560000189
  view-data: 0.5574034800000618
