times:
  edit-metadata: 1.9467965085059404
  landing: 0.12646779976785183
  view-data: 0.026955490931868553
