times:
  edit-metadata: 0.8881596513092518
  landing: 0.05542360618710518
  view-data: 0.21678871475160122
