times:
  edit-metadata: 2.5743821039795876
  landing: 0.8776408955454826
  view-data: 0.39210343919694424
