times:
  edit-metadata: 1.8576777735725045
  landing: 0.15383575577288866
  view-data: 0.12002806179225445
