times:
  edit-metadata: 0.9185708049917594
  landing: 0.04507218603976071
  view-data: 0.23338613798841834
