times:
  edit-metadata: 1.836727968417108
  landing: 0.02094814646989107
  view-data: 0.12230249866843224
