times:
  edit-metadata: 1.8775583086535335
  landing: 0.024870754219591618
  view-data: 0.11696464754641056
