times:
  landing: 1.5883474989999797
  view-data: 0.5592683899999997
