times:
  edit-metadata: 1.5390143375843763
  landing: 0.8220315594226122
  view-data: 3.4188122153282166
