times:
  edit-metadata: 1.6746931630186737
  landing: 0.0538445389829576
  view-data: 0.22223920817486942
