times:
  edit-metadata: 2.0965642801020294
  landing: 0.08509139413945377
  view-data: 0.2268667898606509
