times:
  edit-metadata: 0.8857189947739244
  landing: 0.05340714566409588
  view-data: 0.3938253493979573
