times:
  landing: 0.5531637800000055
  view-data: 0.5635777800000028
