times:
  edit-metadata: 1.901596867479384
  landing: 0.041921778582036495
  view-data: 0.10025930311530828
