times:
  landing: 1.078184747000023
  view-data: 0.5557289719999972
