times:
  edit-metadata: 0.9872360518202186
  landing: 0.04854552028700709
  view-data: 0.28153761802241206
