times:
  edit-metadata: 2.0122567377984524
  landing: 0.1342641320079565
  view-data: 0.05808693915605545
