times:
  edit-metadata: 2.5330842435359955
  landing: 0.5802363287657499
  view-data: 0.667418971657753
