times:
  edit-metadata: 1.3982415199279785
  landing: 0.8382093645632267
  view-data: 3.353512868285179
