times:
  edit-metadata: 1.6384977716952562
  landing: 0.9873137287795544
  view-data: 3.3394033536314964
