times:
  edit-metadata: 0.9196815588511527
  landing: 0.05362994968891144
  view-data: 0.21764279901981354
