times:
  edit-metadata: 1.3890326926484704
  landing: 0.8554450841620564
  view-data: 3.4008745420724154
