times:
  edit-metadata: 1.527324840426445
  landing: 0.9640738889575005
  view-data: 3.371577061712742
