times:
  edit-metadata: 1.892691807821393
  landing: 1.2739390591159463
  view-data: 3.443051696754992
