times:
  edit-metadata: 0.9421918069710955
  landing: 0.08672686095815152
  view-data: 0.24997772800270468
