times:
  edit-metadata: 2.2093480825424194
  landing: 0.05636342987418175
  view-data: 0.24525144696235657
