times:
  edit-metadata: 1.9416382443159819
  landing: 0.01936529390513897
  view-data: 0.43606633227318525
