times:
  edit-metadata: 0.9496018399950117
  landing: 0.05141658103093505
  view-data: 0.2495032959850505
