times:
  edit-metadata: 1.8487560972571373
  landing: 0.018418031744658947
  view-data: 0.09734214935451746
