times:
  edit-metadata: 1.011648379964754
  landing: 0.0827466738410294
  view-data: 0.25060153915546834
