times:
  edit-metadata: 2.5969263315200806
  landing: 0.8478318005800247
  view-data: 0.40044914186000824
