times:
  edit-metadata: 1.0641558930074098
  landing: 0.07175463100429624
  view-data: 0.25115467300929595
