times:
  edit-metadata: 1.5275687091052532
  landing: 0.7828666120767593
  view-data: 3.3232679218053818
