times:
  edit-metadata: 3.006230467930436
  landing: 0.964735547080636
  view-data: 0.3508161958307028
