times:
  edit-metadata: 2.2926653176546097
  landing: 0.054832637310028076
  view-data: 0.25407639890909195
