times:
  edit-metadata: 1.937309273518622
  landing: 0.020301966927945614
  view-data: 0.02509095799177885
