times:
  landing: 0.5655068120000237
  view-data: 0.5637529740000105
