times:
  landing: 1.0689859820000152
  view-data: 0.55417794600001
