times:
  edit-metadata: 1.8783958610147238
  landing: 0.02176232822239399
  view-data: 0.11672230437397957
