times:
  edit-metadata: 3.3201524522155523
  landing: 1.3829888850450516
  view-data: 0.32857901230454445
