times:
  edit-metadata: 1.547131072729826
  landing: 0.8366161063313484
  view-data: 3.4599549658596516
