times:
  edit-metadata: 2.008193077519536
  landing: 0.02147767599672079
  view-data: 0.1095647606998682
