times:
  edit-metadata: 1.9950521998107433
  landing: 0.022307101637125015
  view-data: 0.13009687513113022
