times:
  edit-metadata: 1.8886627852916718
  landing: 0.020745720714330673
  view-data: 0.02369000669568777
