times:
  edit-metadata: 1.5818379642441869
  landing: 0.8518683202564716
  view-data: 3.3080387245863676
