times:
  edit-metadata: 1.0329493810422719
  landing: 0.05072867264971137
  view-data: 0.2740819538012147
