times:
  edit-metadata: 2.4830568488687277
  landing: 0.18435626663267612
  view-data: 0.19826801680028439
