times:
  edit-metadata: 0.8697491912171245
  landing: 0.04438267322257161
  view-data: 0.21373420860618353
