times:
  edit-metadata: 1.3483408180763945
  landing: 0.9239427139982581
  view-data: 3.432274708058685
