times:
  landing: 1.0756757579999885
  view-data: 0.5941359980000129
