times:
  edit-metadata: 1.684088047593832
  landing: 1.1061610393226147
  view-data: 3.376876600086689
