times:
  edit-metadata: 0.9416064652614295
  landing: 0.05253723403438926
  view-data: 0.22120905900374055
