times:
  edit-metadata: 1.878402509726584
  landing: 0.021216721273958683
  view-data: 0.11781958490610123
