times:
  edit-metadata: 1.0904304231517017
  landing: 0.04418725101277232
  view-data: 0.24266932997852564
