times:
  edit-metadata: 1.1390331275761127
  landing: 0.051458864007145166
  view-data: 0.39367717783898115
