times:
  edit-metadata: 1.8841577684506774
  landing: 0.022483951412141323
  view-data: 0.12278203014284372
