times:
  edit-metadata: 1.8216284532099962
  landing: 0.050840435083955526
  view-data: 0.22918120096437633
