times:
  edit-metadata: 1.8529174393042922
  landing: 0.021875940263271332
  view-data: 0.026050792075693607
