times:
  edit-metadata: 2.250398099422455
  landing: 0.017771263606846333
  view-data: 0.02502312883734703
