times:
  edit-metadata: 0.989678235957399
  landing: 0.08102697087451816
  view-data: 0.27641233894973993
