times:
  landing: 1.075010725000027
  view-data: 0.5506374139999934
