times:
  edit-metadata: 1.7711401907727122
  landing: 0.05353705212473869
  view-data: 0.2188586313277483
