times:
  edit-metadata: 2.245255224406719
  landing: 0.05321779474616051
  view-data: 0.2485712319612503
