times:
  edit-metadata: 1.6135824602097273
  landing: 0.059508997946977615
  view-data: 0.2142809578217566
