times:
  edit-metadata: 1.9358579944819212
  landing: 0.12743658851832151
  view-data: 0.027848673053085804
