times:
  edit-metadata: 0.9035083560011117
  landing: 0.048678056002245285
  view-data: 0.25194638399989344
