times:
  edit-metadata: 1.5087338536977768
  landing: 0.8679131120443344
  view-data: 3.3649136126041412
