times:
  edit-metadata: 1.5115440469235182
  landing: 0.8884314820170403
  view-data: 3.4247594252228737
