times:
  landing: 0.5437179189999881
  view-data: 0.5522493219999944
