times:
  edit-metadata: 1.8895801166072488
  landing: 0.020632853731513023
  view-data: 0.40770227927714586
