times:
  edit-metadata: 1.9724536165595055
  landing: 0.13343887217342854
  view-data: 0.36005498096346855
