times:
  edit-metadata: 1.027486921986565
  landing: 0.07600726606324315
  view-data: 0.36578768491744995
