times:
  edit-metadata: 1.6028811521828175
  landing: 1.0559286996722221
  view-data: 3.31272623129189
