times:
  landing: 0.5553752550000013
  view-data: 0.5610360510000021
