times:
  landing: 1.5932711250000011
  view-data: 0.5568524830000001
