times:
  edit-metadata: 2.731264231726527
  landing: 0.8238564729690552
  view-data: 0.8540531247854233
