times:
  edit-metadata: 2.5910382997244596
  landing: 1.311798818409443
  view-data: 0.6614433843642473
