times:
  edit-metadata: 2.2575623877346516
  landing: 0.054349590092897415
  view-data: 0.24088051542639732
