times:
  edit-metadata: 1.4716260582208633
  landing: 0.9390786066651344
  view-data: 3.286254271864891
