times:
  edit-metadata: 2.4924749843776226
  landing: 0.8662368599325418
  view-data: 0.46749648824334145
