times:
  edit-metadata: 1.668107605073601
  landing: 0.047726352931931615
  view-data: 0.21681044599972665
