times:
  landing: 1.0796214750000104
  view-data: 0.5688256299999921
