times:
  edit-metadata: 1.027767599967774
  landing: 0.08234521996928379
  view-data: 0.24746909801615402
