times:
  edit-metadata: 2.074053755030036
  landing: 0.019299378618597984
  view-data: 0.3788633067160845
