times:
  edit-metadata: 1.8709744438529015
  landing: 1.4009990021586418
  view-data: 3.5286421924829483
