times:
  edit-metadata: 0.9177927011623979
  landing: 0.04816904291510582
  view-data: 0.3625036422163248
