times:
  edit-metadata: 1.1216393993236125
  landing: 0.08170137321576476
  view-data: 0.63277801964432
