times:
  edit-metadata: 1.4530049040913582
  landing: 0.8483209609985352
  view-data: 3.3416124060750008
