times:
  edit-metadata: 1.560273915529251
  landing: 0.8313442636281252
  view-data: 3.4539806973189116
