times:
  edit-metadata: 2.05604769900674
  landing: 0.07793985604075715
  view-data: 0.3125563960056752
