times:
  landing: 1.0695849880003152
  view-data: 0.557742683000015
