times:
  edit-metadata: 2.665171481668949
  landing: 1.4072682075202465
  view-data: 3.3943021558225155
