times:
  edit-metadata: 2.5287771951407194
  landing: 0.6975163724273443
  view-data: 0.2628836203366518
