times:
  edit-metadata: 0.8647348168306053
  landing: 0.05073974700644612
  view-data: 0.22462485870346427
