times:
  edit-metadata: 2.1971309408545494
  landing: 0.054758623242378235
  view-data: 0.2532630041241646
