times:
  edit-metadata: 1.8883660268038511
  landing: 0.023981266655027866
  view-data: 0.028415258042514324
