times:
  edit-metadata: 0.9433934629778378
  landing: 0.047582682978827506
  view-data: 0.2513704219600186
