times:
  edit-metadata: 2.5330977085977793
  landing: 1.1474967319518328
  view-data: 0.682473573833704
