times:
  landing: 1.0594710549999888
  view-data: 0.5536345499999982
