times:
  landing: 0.549538794
  view-data: 0.54318540700001
