times:
  edit-metadata: 2.5523878671228886
  landing: 1.2837525848299265
  view-data: 0.6715900041162968
