times:
  edit-metadata: 1.9506702423095703
  landing: 0.16613075882196426
  view-data: 0.027047378942370415
