times:
  edit-metadata: 1.933379608206451
  landing: 0.13849900010973215
  view-data: 0.023450132459402084
