times:
  edit-metadata: 1.0629992170142941
  landing: 0.06534855900099501
  view-data: 0.2807934809825383
