times:
  landing: 1.0769829770000001
  view-data: 0.557545403000006
