times:
  edit-metadata: 1.5137749160639942
  landing: 0.8207580619491637
  view-data: 3.374197714962065
