times:
  edit-metadata: 2.0095662102103233
  landing: 0.14941371604800224
  view-data: 0.024235673248767853
