times:
  edit-metadata: 0.9850729579338804
  landing: 0.04632427799515426
  view-data: 0.25876401201821864
