times:
  edit-metadata: 0.9111320041120052
  landing: 0.044276461005210876
  view-data: 0.23005148489028215
