times:
  edit-metadata: 0.9520126990100835
  landing: 0.04588778500328772
  view-data: 0.25567946801311336
