times:
  landing: 0.5546618019999983
  view-data: 0.049094322000001966
