times:
  edit-metadata: 1.8878521397709846
  landing: 0.02167082577943802
  view-data: 0.4665590925142169
