times:
  edit-metadata: 1.0639962260611355
  landing: 0.0800259979441762
  view-data: 0.2528528249822557
