times:
  edit-metadata: 1.5233209133148193
  landing: 0.8477421440184116
  view-data: 3.2989786118268967
