times:
  landing: 0.5465148929999941
  view-data: 0.5560327580000148
