times:
  edit-metadata: 1.3269785717129707
  landing: 0.7502743471413851
  view-data: 3.335877576842904
