times:
  edit-metadata: 1.9303678087890148
  landing: 0.019931644201278687
  view-data: 0.026256288401782513
