times:
  edit-metadata: 2.4970126785337925
  landing: 0.6301092524081469
  view-data: 0.34416271559894085
