times:
  edit-metadata: 1.7699434198439121
  landing: 0.04851769655942917
  view-data: 0.2391180917620659
