times:
  edit-metadata: 4.39218991800044
  landing: 0.29013658599978953
  view-data: 0.7758981580009277
