times:
  edit-metadata: 1.2973974011838436
  landing: 0.8102588839828968
  view-data: 3.3742869086563587
