times:
  edit-metadata: 1.4463459737598896
  landing: 1.074506290256977
  view-data: 3.313892710953951
