times:
  edit-metadata: 1.838277037255466
  landing: 0.020645780488848686
  view-data: 0.09996181260794401
