times:
  edit-metadata: 2.535474071279168
  landing: 0.9331011082977057
  view-data: 0.3516408409923315
