times:
  edit-metadata: 1.6486339960247278
  landing: 1.2236600909382105
  view-data: 3.4569150265306234
