times:
  edit-metadata: 1.923617860302329
  landing: 0.020336400717496872
  view-data: 0.026098684407770634
