times:
  edit-metadata: 2.0845423378050327
  landing: 1.1167456088587642
  view-data: 0.7588012088090181
