times:
  edit-metadata: 1.577230721944943
  landing: 0.0510800420306623
  view-data: 0.2188706169836223
