times:
  edit-metadata: 1.8513152953237295
  landing: 0.23808847181499004
  view-data: 0.11862694472074509
