times:
  landing: 0.5570501450000052
  view-data: 0.5591011459999891
