times:
  edit-metadata: 1.6423786110244691
  landing: 0.04955914500169456
  view-data: 0.22354253917001188
