times:
  edit-metadata: 2.3149300441145897
  landing: 0.0621999092400074
  view-data: 0.28431176766753197
