times:
  landing: 0.5590929309999808
  view-data: 0.5564843420000045
