times:
  landing: 1.0613594539999838
  view-data: 0.5501720039999896
