times:
  edit-metadata: 0.9001453039236367
  landing: 0.05366836627945304
  view-data: 0.2233811658807099
