times:
  landing: 1.069698204999895
  view-data: 0.559318343999962
