times:
  edit-metadata: 0.9001066791824996
  landing: 0.05161311384290457
  view-data: 0.21203692676499486
