times:
  edit-metadata: 1.6400605430826545
  landing: 0.056007674895226955
  view-data: 0.22265444602817297
