times:
  edit-metadata: 2.006928026676178
  landing: 0.023185113444924355
  view-data: 0.02580566145479679
