times:
  edit-metadata: 1.5912248480599374
  landing: 0.05547158815898001
  view-data: 0.21552283014170825
