times:
  edit-metadata: 1.972074780613184
  landing: 0.01956820860505104
  view-data: 0.37583009898662567
