times:
  edit-metadata: 1.853218094445765
  landing: 0.11491160281002522
  view-data: 0.02892507892102003
