times:
  landing: 0.5547208349999835
  view-data: 0.5706872339999904
