times:
  edit-metadata: 2.0183330085128546
  landing: 0.020895449444651604
  view-data: 0.4305324088782072
