times:
  edit-metadata: 1.4923999924212694
  landing: 0.7179304175078869
  view-data: 3.3481315560638905
