times:
  edit-metadata: 0.9364118613302708
  landing: 0.05720049235969782
  view-data: 0.23321882635354996
