times:
  edit-metadata: 1.943633439950645
  landing: 0.020453772507607937
  view-data: 0.1288852673023939
