times:
  edit-metadata: 1.8981000697240233
  landing: 0.01750344131141901
  view-data: 0.024700957350432873
