times:
  edit-metadata: 2.022291261702776
  landing: 0.019092204049229622
  view-data: 0.33929661475121975
