times:
  landing: 1.0628984319999972
  view-data: 0.5504766700000232
