times:
  edit-metadata: 2.3211236279457808
  landing: 0.02194678597152233
  view-data: 0.48362490721046925
