times:
  edit-metadata: 2.623831456527114
  landing: 0.9076656363904476
  view-data: 0.3677857853472233
