times:
  edit-metadata: 1.4915094040334225
  landing: 0.9986110776662827
  view-data: 3.366838973015547
