times:
  edit-metadata: 1.3817935436964035
  landing: 0.9123130571097136
  view-data: 3.3506091572344303
