times:
  edit-metadata: 0.9030303582549095
  landing: 0.04508441686630249
  view-data: 0.22593939118087292
