times:
  edit-metadata: 1.4635080648586154
  landing: 0.9258647672832012
  view-data: 3.3773164255544543
