times:
  edit-metadata: 2.343828685581684
  landing: 0.05486919730901718
  view-data: 0.2552580274641514
