times:
  edit-metadata: 1.6535283774137497
  landing: 0.9382937029004097
  view-data: 3.4668202064931393
