times:
  edit-metadata: 1.8746765982359648
  landing: 0.11342304944992065
  view-data: 0.026067573577165604
