times:
  edit-metadata: 1.867934106849134
  landing: 0.022767803631722927
  view-data: 0.12471957970410585
