times:
  edit-metadata: 1.4590983763337135
  landing: 0.8516731597483158
  view-data: 3.291098862886429
