times:
  landing: 1.0774233600000116
  view-data: 0.5607393209999714
