times:
  edit-metadata: 2.070594378747046
  landing: 0.01907305046916008
  view-data: 0.026630477979779243
