times:
  edit-metadata: 1.435681102797389
  landing: 0.815159484744072
  view-data: 3.409136015921831
