times:
  edit-metadata: 2.2049455158412457
  landing: 0.046919990330934525
  view-data: 0.24962983280420303
