times:
  edit-metadata: 1.863023723475635
  landing: 0.1993144964799285
  view-data: 0.12190495524555445
