times:
  edit-metadata: 1.3979439092800021
  landing: 0.7839663121849298
  view-data: 3.3014582730829716
