times:
  edit-metadata: 2.501417078077793
  landing: 0.6405712347477674
  view-data: 0.663696363568306
