times:
  edit-metadata: 2.706358728930354
  landing: 1.5261358097195625
  view-data: 3.5128124337643385
