times:
  edit-metadata: 2.1724238507449627
  landing: 0.05464998632669449
  view-data: 0.2424221821129322
