times:
  edit-metadata: 2.8869496900588274
  landing: 0.6183268520981073
  view-data: 0.24505257606506348
