times:
  edit-metadata: 1.014863712247461
  landing: 0.04693517368286848
  view-data: 0.24051457736641169
