times:
  edit-metadata: 1.5262187346816063
  landing: 1.060157597064972
  view-data: 3.3746429421007633
