times:
  edit-metadata: 1.6239115418866277
  landing: 0.080790612148121
  view-data: 0.22947422205470502
