times:
  edit-metadata: 1.8641371186822653
  landing: 0.020737132988870144
  view-data: 0.024738941341638565
