times:
  edit-metadata: 2.578804826363921
  landing: 1.177184147760272
  view-data: 0.6839461885392666
