times:
  edit-metadata: 1.2989076520316303
  landing: 0.07357780169695616
  view-data: 0.3293949831277132
