times:
  edit-metadata: 1.4858915954828262
  landing: 1.331133108586073
  view-data: 3.342573408037424
