times:
  edit-metadata: 2.023924870416522
  landing: 0.020327648147940636
  view-data: 0.026375317946076393
