times:
  edit-metadata: 1.7961598234251142
  landing: 0.023279991000890732
  view-data: 0.026032861322164536
