times:
  landing: 0.5515981330000272
  view-data: 0.5560832549999759
