times:
  edit-metadata: 2.582466669380665
  landing: 1.6396436505019665
  view-data: 0.7396745830774307
