times:
  edit-metadata: 1.659561647567898
  landing: 0.04644040297716856
  view-data: 0.20843967888504267
