times:
  landing: 0.5481297619999168
  view-data: 0.5532783510000172
