times:
  edit-metadata: 0.8704374548979104
  landing: 0.05343697313219309
  view-data: 0.24935563001781702
