times:
  edit-metadata: 1.5236964989453554
  landing: 0.8039340861141682
  view-data: 3.4148473478853703
