times:
  edit-metadata: 1.9210257539525628
  landing: 0.02379188872873783
  view-data: 0.025370280258357525
