times:
  edit-metadata: 0.9225170419085771
  landing: 0.04391162400133908
  view-data: 0.26257066219113767
