times:
  landing: 0.5485125379999829
  view-data: 0.5510826880000081
