times:
  edit-metadata: 1.5027849711477757
  landing: 0.8273558877408504
  view-data: 3.4181269221007824
