times:
  edit-metadata: 2.2644690312445164
  landing: 0.04857382923364639
  view-data: 0.23898986354470253
