times:
  edit-metadata: 1.572661017999053
  landing: 0.048621437046676874
  view-data: 0.2315383218228817
