times:
  landing: 0.5549458849999951
  view-data: 0.5668013570000312
