times:
  edit-metadata: 1.9886416038498282
  landing: 0.053499055095016956
  view-data: 0.22853313200175762
