times:
  landing: 0.5533380439999291
  view-data: 0.5541883199999802
