times:
  edit-metadata: 2.077160956338048
  landing: 0.205931531265378
  view-data: 0.44903415255248547
