times:
  edit-metadata: 2.973421398550272
  landing: 0.4856809414923191
  view-data: 0.25080997310578823
