times:
  landing: 0.5600614119999818
  view-data: 0.5626598430000058
