times:
  edit-metadata: 1.516921216621995
  landing: 0.8973370678722858
  view-data: 3.339593643322587
