times:
  edit-metadata: 0.932281969115138
  landing: 0.08054449898190796
  view-data: 0.2710029201116413
