times:
  edit-metadata: 1.6877320711500943
  landing: 0.07522154483012855
  view-data: 0.2171405740082264
