times:
  edit-metadata: 1.4137000422924757
  landing: 0.8803196051158011
  view-data: 3.41632719617337
