times:
  landing: 0.5558083910000278
  view-data: 0.5586524039999858
