times:
  edit-metadata: 1.9388390202075243
  landing: 0.17209723964333534
  view-data: 0.026348022744059563
