times:
  edit-metadata: 2.092617066577077
  landing: 0.15338942036032677
  view-data: 0.23795869946479797
