times:
  edit-metadata: 1.9134701993316412
  landing: 0.15488764084875584
  view-data: 0.025954468175768852
