times:
  edit-metadata: 1.399629846215248
  landing: 0.8628720231354237
  view-data: 3.309693418443203
