times:
  edit-metadata: 1.4190033189952374
  landing: 0.958443820476532
  view-data: 3.3538728207349777
