times:
  edit-metadata: 2.470070820301771
  landing: 0.0627768523991108
  view-data: 0.259117403998971
