times:
  edit-metadata: 1.9927954617887735
  landing: 0.02064344473183155
  view-data: 0.31630160100758076
