times:
  edit-metadata: 1.4248881060630083
  landing: 0.817464062012732
  view-data: 3.343910655938089
