times:
  edit-metadata: 1.9651885367929935
  landing: 0.022948874160647392
  view-data: 0.02704961597919464
