times:
  edit-metadata: 1.8688275953754783
  landing: 0.09438036382198334
  view-data: 0.10240734275430441
