times:
  edit-metadata: 1.524913577362895
  landing: 0.91117885382846
  view-data: 3.3108291369862854
