times:
  edit-metadata: 0.8796260766685009
  landing: 0.051072351168841124
  view-data: 0.21685045724734664
