times:
  edit-metadata: 1.4084602044895291
  landing: 0.9281482575461268
  view-data: 3.404257290996611
