times:
  edit-metadata: 1.7807513698935509
  landing: 1.061308789998293
  view-data: 3.374670095741749
