times:
  edit-metadata: 2.584778094664216
  landing: 0.9375191405415535
  view-data: 0.3446748200803995
