times:
  edit-metadata: 1.6298718029865995
  landing: 0.049886594992130995
  view-data: 0.21596817299723625
