times:
  edit-metadata: 0.8900909600779414
  landing: 0.048979190178215504
  view-data: 0.2221407536417246
