times:
  edit-metadata: 1.8264156561344862
  landing: 0.022803420200943947
  view-data: 0.0993884103372693
