times:
  edit-metadata: 0.910656931810081
  landing: 0.04591276776045561
  view-data: 0.2781832478940487
