times:
  edit-metadata: 1.7668310240260325
  landing: 0.04520184296416119
  view-data: 0.2211880490067415
