times:
  edit-metadata: 1.4044300359673798
  landing: 0.78602180397138
  view-data: 0.5806276239454746
