times:
  edit-metadata: 2.0401584692299366
  landing: 0.019816672429442406
  view-data: 0.4449980854988098
