times:
  landing: 0.5465908259999992
  view-data: 0.5489604089999887
