times:
  edit-metadata: 1.9095160160213709
  landing: 0.020424007438123226
  view-data: 0.13474498968571424
