times:
  edit-metadata: 1.4502788446843624
  landing: 0.8047262169420719
  view-data: 3.3361324798315763
