times:
  landing: 0.5649552220000373
  view-data: 0.5591342889999851
