times:
  landing: 0.5440283249999993
  view-data: 0.5526935769999
