times:
  edit-metadata: 2.9516650699079037
  landing: 0.6034361459314823
  view-data: 0.22595980018377304
