times:
  edit-metadata: 1.7332690563052893
  landing: 1.0713901715353131
  view-data: 3.503612690605223
