times:
  edit-metadata: 3.1581790382042527
  landing: 0.38741515204310417
  view-data: 0.9721778240054846
