times:
  edit-metadata: 2.2439321614801884
  landing: 0.022686980664730072
  view-data: 0.03174159303307533
