times:
  landing: 1.0688545929999975
  view-data: 0.5594919520000019
