times:
  edit-metadata: 1.4610131680965424
  landing: 0.9202142022550106
  view-data: 3.40135133638978
