times:
  edit-metadata: 2.5762855112552643
  landing: 0.636288458481431
  view-data: 0.26312212459743023
