times:
  edit-metadata: 1.6654577049193904
  landing: 0.050142756081186235
  view-data: 0.22440183290746063
