times:
  edit-metadata: 1.9742311276495457
  landing: 0.13269000314176083
  view-data: 0.36591721698641777
