times:
  edit-metadata: 2.1974538527429104
  landing: 0.054072652012109756
  view-data: 0.24747663363814354
