times:
  edit-metadata: 1.6348029118962586
  landing: 0.057889911346137524
  view-data: 0.21912943618372083
