times:
  edit-metadata: 0.9050386352464557
  landing: 0.05830018315464258
  view-data: 0.22557863825932145
