times:
  edit-metadata: 0.941174915060401
  landing: 0.058847651816904545
  view-data: 0.2729735570028424
