times:
  landing: 0.5555113190000043
  view-data: 0.5662583039999731
