times:
  landing: 0.5552731370000004
  view-data: 0.5639099979999855
