times:
  edit-metadata: 2.6101010013371706
  landing: 0.8505216483026743
  view-data: 0.36591912992298603
