times:
  edit-metadata: 2.013137426227331
  landing: 0.019350015558302402
  view-data: 0.22827214654535055
