times:
  landing: 0.5514959079999926
  view-data: 0.5675282009999876
