times:
  edit-metadata: 2.269415359944105
  landing: 0.19147116504609585
  view-data: 0.4108289536088705
