times:
  edit-metadata: 1.0096606821753085
  landing: 0.07807240774855018
  view-data: 0.25183919817209244
