times:
  landing: 0.5492039730000045
  view-data: 0.5605176140000196
