times:
  edit-metadata: 1.9437756724655628
  landing: 0.16978644020855427
  view-data: 0.024719562381505966
