times:
  edit-metadata: 1.1645071620005183
  landing: 0.050726176996249706
  view-data: 0.3042072870011907
