times:
  edit-metadata: 2.999245183542371
  landing: 0.6736738923937082
  view-data: 0.2699752990156412
