times:
  edit-metadata: 1.8783964151516557
  landing: 0.11801292654126883
  view-data: 0.025566394440829754
