times:
  edit-metadata: 1.906107016839087
  landing: 0.021105654537677765
  view-data: 0.02656115684658289
