times:
  edit-metadata: 1.8479490615427494
  landing: 0.021121440455317497
  view-data: 0.12616609036922455
