times:
  edit-metadata: 1.318986151367426
  landing: 0.8818008219823241
  view-data: 3.4561620224267244
