times:
  landing: 1.114186129000018
  view-data: 0.5614318230000208
