times:
  edit-metadata: 1.4625599309802055
  landing: 0.9040205907076597
  view-data: 3.3948181439191103
