times:
  edit-metadata: 0.9513787990435958
  landing: 0.04789703292772174
  view-data: 0.21552076702937484
