times:
  edit-metadata: 1.9413951635360718
  landing: 0.01865990459918976
  view-data: 0.4119516722857952
