times:
  edit-metadata: 0.9945237529464066
  landing: 0.10706055792979896
  view-data: 0.2784813269972801
