times:
  landing: 1.0705080209999664
  view-data: 0.565368994000039
