times:
  edit-metadata: 2.2153300121426582
  landing: 0.11688761971890926
  view-data: 0.38357518427073956
