times:
  edit-metadata: 2.5160898845642805
  landing: 0.6963830571621656
  view-data: 0.2800277844071388
