times:
  edit-metadata: 1.5007734429091215
  landing: 0.7516490407288074
  view-data: 3.380181048065424
