times:
  edit-metadata: 2.6304995957762003
  landing: 0.054841527715325356
  view-data: 0.2810985818505287
