times:
  edit-metadata: 1.6319586129975505
  landing: 0.05717123002978042
  view-data: 0.22235172794898972
