times:
  edit-metadata: 1.9412974547594786
  landing: 0.9838336519896984
  view-data: 3.3056937605142593
