times:
  edit-metadata: 1.1743499785661697
  landing: 0.10366567503660917
  view-data: 0.26198461884632707
