times:
  edit-metadata: 1.56802599132061
  landing: 1.2018797397613525
  view-data: 3.3446509055793285
