times:
  landing: 0.5580627880000009
  view-data: 0.5601570180000124
