times:
  landing: 0.5572270270000104
  view-data: 0.5597694159999946
