times:
  edit-metadata: 1.5333538968116045
  landing: 0.794737545773387
  view-data: 3.398703208193183
