times:
  edit-metadata: 1.4050938878208399
  landing: 0.8016975950449705
  view-data: 3.3579077553004026
