times:
  edit-metadata: 2.4597445484250784
  landing: 0.1437925323843956
  view-data: 0.41224852949380875
