times:
  landing: 0.5468214320000016
  view-data: 0.5630753730000038
