times:
  edit-metadata: 0.9968256930005737
  landing: 0.06606462696800008
  view-data: 0.2370861159870401
