times:
  edit-metadata: 1.9230524683371186
  landing: 0.020580212585628033
  view-data: 0.02573714405298233
