times:
  edit-metadata: 1.3106140890158713
  landing: 0.06780569814145565
  view-data: 0.27727852994576097
