times:
  edit-metadata: 2.4056794866919518
  landing: 0.05644875019788742
  view-data: 0.24155085533857346
