times:
  landing: 0.5549096070000132
  view-data: 0.5618942490000336
