times:
  edit-metadata: 1.3098056570161134
  landing: 0.0902853769948706
  view-data: 0.3190783169993665
