times:
  landing: 0.5549678159999871
  view-data: 0.5636071079999851
