times:
  edit-metadata: 1.5132419471628964
  landing: 0.9236217890866101
  view-data: 3.4642143938690424
