times:
  edit-metadata: 0.8905037539079785
  landing: 0.050853975117206573
  view-data: 0.2781457854434848
