times:
  edit-metadata: 0.8984856773167849
  landing: 0.05475769191980362
  view-data: 0.24584467709064484
