times:
  edit-metadata: 1.8842024598270655
  landing: 0.020653518848121166
  view-data: 0.0265439935028553
