times:
  edit-metadata: 1.9140954320318997
  landing: 1.0911786523647606
  view-data: 3.4421109738759696
