times:
  edit-metadata: 1.60907483601477
  landing: 0.0502112649846822
  view-data: 0.21319207700435072
