times:
  edit-metadata: 2.2230830751359463
  landing: 0.05944070592522621
  view-data: 0.234256561845541
