times:
  edit-metadata: 1.3430665358901024
  landing: 0.8586956365033984
  view-data: 3.368282185867429
