times:
  landing: 1.0850753380000242
  view-data: 0.5695793549999735
