times:
  edit-metadata: 2.653889160603285
  landing: 2.7167218402028084
  view-data: 0.6079730484634638
