times:
  edit-metadata: 1.622891371982405
  landing: 0.0479556169884745
  view-data: 0.2199548210192006
