times:
  edit-metadata: 1.8661802085116506
  landing: 0.021787159144878387
  view-data: 0.09738722909241915
