times:
  edit-metadata: 0.9364220920251682
  landing: 0.05283555691130459
  view-data: 0.23763365298509598
