times:
  edit-metadata: 0.8999077267944813
  landing: 0.09095269348472357
  view-data: 0.23394277412444353
