times:
  edit-metadata: 0.9261597309960052
  landing: 0.051142936979886144
  view-data: 0.36971391600673087
