times:
  edit-metadata: 2.840022901073098
  landing: 0.5454714447259903
  view-data: 0.22789552807807922
