times:
  edit-metadata: 0.9272290579974651
  landing: 0.09452545898966491
  view-data: 0.25350090279243886
