times:
  edit-metadata: 2.209595024585724
  landing: 0.217937670648098
  view-data: 0.24984046444296837
