times:
  edit-metadata: 1.4401164017617702
  landing: 0.7798554887995124
  view-data: 3.4303973643109202
