times:
  landing: 1.1175528261810541
  view-data: 0.5411127270199358
