times:
  edit-metadata: 0.911044740001671
  landing: 0.05100781703367829
  view-data: 0.23542524792719632
