times:
  landing: 0.5457045829999743
  view-data: 0.562367876000053
