times:
  edit-metadata: 2.5898101329803467
  landing: 1.193695891648531
  view-data: 0.6700049415230751
