times:
  edit-metadata: 1.510149335488677
  landing: 0.9316206630319357
  view-data: 3.6248628962785006
