times:
  edit-metadata: 0.9861888666637242
  landing: 0.058782368432730436
  view-data: 0.2387502109631896
