times:
  edit-metadata: 1.4660531859844923
  landing: 0.8593195863068104
  view-data: 3.394930962473154
