times:
  edit-metadata: 0.8950680950656533
  landing: 0.051352581940591335
  view-data: 0.23660190496593714
