times:
  edit-metadata: 2.1282874681055546
  landing: 0.14491348713636398
  view-data: 0.2882300429046154
