times:
  edit-metadata: 1.022224015003303
  landing: 0.07401514900266193
  view-data: 0.37407548498595133
