times:
  edit-metadata: 1.3880946710705757
  landing: 0.733409196138382
  view-data: 3.2934206910431385
