times:
  edit-metadata: 2.5516962837427855
  landing: 0.6404402442276478
  view-data: 0.3172986414283514
