times:
  edit-metadata: 2.30589197948575
  landing: 1.2170743877068162
  view-data: 3.4542890349403024
