times:
  edit-metadata: 1.9727074699476361
  landing: 0.06784725189208984
  view-data: 0.31612225505523384
