times:
  edit-metadata: 1.8812617864459753
  landing: 0.020732884295284748
  view-data: 0.11723765730857849
