times:
  edit-metadata: 1.0307421090255957
  landing: 0.06092637401889078
  view-data: 0.36466186397592537
