times:
  edit-metadata: 1.4890663214027882
  landing: 0.8678144533187151
  view-data: 3.438061947003007
