times:
  edit-metadata: 2.897314326837659
  landing: 1.0704259518533945
  view-data: 0.2882612254470587
