times:
  edit-metadata: 3.9427779857069254
  landing: 0.6086977766826749
  view-data: 0.6462843753397465
