times:
  edit-metadata: 1.5086745824664831
  landing: 0.7843525484204292
  view-data: 3.36858650110662
