times:
  edit-metadata: 0.9028511354699731
  landing: 0.05077589303255081
  view-data: 0.2194192036986351
