times:
  edit-metadata: 1.9081144221127033
  landing: 0.2410239353775978
  view-data: 0.3295122031122446
