times:
  edit-metadata: 2.6249228417873383
  landing: 0.1628598179668188
  view-data: 0.14485768973827362
