times:
  edit-metadata: 1.8548650592565536
  landing: 0.022556393407285213
  view-data: 0.10268507711589336
