times:
  edit-metadata: 1.8540378995239735
  landing: 0.02152143605053425
  view-data: 0.025851654820144176
