times:
  edit-metadata: 2.7096718847751617
  landing: 0.8123079631477594
  view-data: 0.4958498366177082
