times:
  edit-metadata: 0.8547509340569377
  landing: 0.04742010496556759
  view-data: 0.22525901393964887
