times:
  edit-metadata: 1.8635660856962204
  landing: 0.02061866968870163
  view-data: 0.02506327349692583
