times:
  edit-metadata: 1.9603186286985874
  landing: 0.023722856305539608
  view-data: 0.02701430395245552
