times:
  edit-metadata: 2.0718713458627462
  landing: 0.02556120604276657
  view-data: 0.3750826008617878
