times:
  edit-metadata: 0.9343444146215916
  landing: 0.05480342544615269
  view-data: 0.23853646870702505
