times:
  landing: 0.545205339000006
  view-data: 0.5479393720000019
