times:
  edit-metadata: 1.9050160869956017
  landing: 0.170169560238719
  view-data: 0.41739052534103394
