times:
  edit-metadata: 0.9797234148718417
  landing: 0.07616382208652794
  view-data: 0.2364119440317154
