times:
  edit-metadata: 1.5252264480805025
  landing: 1.3818861279869452
  view-data: 3.3585562109947205
