times:
  edit-metadata: 2.299544207751751
  landing: 1.7129432251676917
  view-data: 3.5126568665727973
