times:
  edit-metadata: 1.1373380408622324
  landing: 0.048491220921278
  view-data: 0.2296034898608923
