times:
  edit-metadata: 1.8741780808195472
  landing: 1.0459107514470816
  view-data: 3.3616918083280325
