times:
  edit-metadata: 1.4685856401920319
  landing: 0.9286117609590292
  view-data: 3.4057728964835405
