times:
  edit-metadata: 2.017532529309392
  landing: 0.02141515351831913
  view-data: 0.02621699683368206
