times:
  edit-metadata: 2.2858905070461333
  landing: 0.059232695028185844
  view-data: 0.34711049497127533
