times:
  edit-metadata: 1.657991220941767
  landing: 0.047852782998234034
  view-data: 0.21878350898623466
