times:
  edit-metadata: 0.9005295177921653
  landing: 0.04518925026059151
  view-data: 0.21844428591430187
