times:
  edit-metadata: 1.8933963002637029
  landing: 0.021723611280322075
  view-data: 0.026243681088089943
