times:
  edit-metadata: 1.9226437248289585
  landing: 0.02258147206157446
  view-data: 0.02692228276282549
