times:
  edit-metadata: 0.8993464941158891
  landing: 0.05310537572950125
  view-data: 0.23079308308660984
