times:
  edit-metadata: 1.6049556457437575
  landing: 0.054386036936193705
  view-data: 0.23198345582932234
