times:
  edit-metadata: 1.6544572160346434
  landing: 0.05319298297399655
  view-data: 0.21336522902129218
