times:
  edit-metadata: 1.488510649651289
  landing: 0.8806964289397001
  view-data: 3.41622812487185
