times:
  edit-metadata: 1.8154829109553248
  landing: 0.05270291701890528
  view-data: 0.21963629801757634
