times:
  edit-metadata: 2.0142284971661866
  landing: 0.0595951434224844
  view-data: 0.21447896910831332
