times:
  edit-metadata: 1.50088482350111
  landing: 0.7541268970817327
  view-data: 3.376040142029524
