times:
  edit-metadata: 1.875221874564886
  landing: 0.01877543330192566
  view-data: 0.11290940642356873
