times:
  landing: 0.5534716189999926
  view-data: 0.5764010160000055
