times:
  edit-metadata: 1.6322633316740394
  landing: 0.04987876722589135
  view-data: 0.21182531490921974
