times:
  edit-metadata: 0.9804975260049105
  landing: 0.07359543396160007
  view-data: 0.29193758801557124
