times:
  edit-metadata: 1.5734331049025059
  landing: 0.8987796269357204
  view-data: 3.343730464577675
