times:
  edit-metadata: 0.9110838929191232
  landing: 0.05607523210346699
  view-data: 0.2284320378676057
