times:
  landing: 1.0667789389999598
  view-data: 0.5504542549999769
