times:
  edit-metadata: 1.0633015437051654
  landing: 0.08670810097828507
  view-data: 0.24858884792774916
