times:
  edit-metadata: 1.5168841481208801
  landing: 1.0208999291062355
  view-data: 3.4465274661779404
