times:
  edit-metadata: 1.6250233417376876
  landing: 0.046362400986254215
  view-data: 0.22119803167879581
