times:
  edit-metadata: 2.1063357535749674
  landing: 0.02029297687113285
  view-data: 0.02528242953121662
