times:
  edit-metadata: 1.3498102575540543
  landing: 0.8442720845341682
  view-data: 3.2585090175271034
