times:
  edit-metadata: 2.472519150003791
  landing: 1.0058581624180079
  view-data: 0.3670016024261713
