times:
  landing: 0.5537530770000103
  view-data: 0.5584600789999854
