times:
  edit-metadata: 2.3949897047132254
  landing: 0.64676957949996
  view-data: 0.6805802658200264
