times:
  edit-metadata: 0.9626996290171519
  landing: 0.04639203997794539
  view-data: 0.2401485911104828
