times:
  edit-metadata: 2.1339859794825315
  landing: 1.3270672569051385
  view-data: 3.6948335682973266
