times:
  edit-metadata: 2.0316076348535717
  landing: 0.8988620960153639
  view-data: 3.33162735006772
