times:
  edit-metadata: 1.7775582170579582
  landing: 0.05175645905546844
  view-data: 0.2246516600716859
