times:
  edit-metadata: 1.3862372757866979
  landing: 0.775854641571641
  view-data: 3.3957905042916536
