times:
  edit-metadata: 1.0336777591146529
  landing: 0.09146452508866787
  view-data: 0.26410861779004335
