times:
  edit-metadata: 1.4822514187544584
  landing: 0.7695698160678148
  view-data: 3.4228441659361124
