times:
  landing: 0.5529171340000403
  view-data: 0.5495484690000012
