times:
  edit-metadata: 0.9993761610239744
  landing: 0.05903971998486668
  view-data: 0.4165485119447112
