times:
  landing: 0.5518148989999929
  view-data: 0.5574888120000026
