times:
  edit-metadata: 1.9920468870550394
  landing: 0.01867561973631382
  view-data: 0.026580139994621277
