times:
  edit-metadata: 0.8858202351257205
  landing: 0.05418359115719795
  view-data: 0.22489561466500163
