times:
  edit-metadata: 0.8782346807420254
  landing: 0.055571204982697964
  view-data: 0.2184160533361137
