times:
  edit-metadata: 0.9672660899814218
  landing: 0.05299507698509842
  view-data: 0.24649135302752256
