times:
  landing: 0.551946498999996
  view-data: 0.5533505960000298
