times:
  landing: 0.5519502740000064
  view-data: 0.5561975059999895
