times:
  edit-metadata: 1.5806415809784085
  landing: 0.047021540987771004
  view-data: 0.21700543601764366
