times:
  edit-metadata: 2.630388367921114
  landing: 0.5923142768442631
  view-data: 0.6651733983308077
