times:
  landing: 0.5554999590000023
  view-data: 0.5591654429999835
