times:
  edit-metadata: 1.8705234304070473
  landing: 0.021723846904933453
  view-data: 0.13051003590226173
