times:
  edit-metadata: 1.3485248640645295
  landing: 0.8078036159276962
  view-data: 3.39362684590742
