times:
  edit-metadata: 0.8965604393742979
  landing: 0.054368017707020044
  view-data: 0.2208401756361127
