times:
  edit-metadata: 1.880319475196302
  landing: 0.022340422496199608
  view-data: 0.027414104901254177
