times:
  edit-metadata: 1.8968621101230383
  landing: 0.020573128014802933
  view-data: 0.026450217701494694
