times:
  edit-metadata: 1.4333370104432106
  landing: 0.8721750490367413
  view-data: 3.370113831013441
