times:
  edit-metadata: 0.8789246259257197
  landing: 0.05390279646962881
  view-data: 0.22134768031537533
