times:
  edit-metadata: 2.3266384340822697
  landing: 0.2100038267672062
  view-data: 0.34758681058883667
