times:
  edit-metadata: 1.5262474864721298
  landing: 0.7908833622932434
  view-data: 3.378693077713251
