times:
  edit-metadata: 2.2690307460725307
  landing: 0.055087462067604065
  view-data: 0.24722979962825775
