times:
  landing: 0.5439173430000039
  view-data: 0.5667209759999992
