times:
  edit-metadata: 1.379012256860733
  landing: 0.9121497683227062
  view-data: 3.404839176684618
