times:
  landing: 0.5593415499999992
  view-data: 0.5542696899999839
