times:
  edit-metadata: 1.7207742407917976
  landing: 0.0870357183739543
  view-data: 0.23383875098079443
