times:
  edit-metadata: 0.9604190471582115
  landing: 0.054083310067653656
  view-data: 0.23991393018513918
