times:
  edit-metadata: 1.0104915739502758
  landing: 0.08518255013041198
  view-data: 0.28276389208622277
