times:
  edit-metadata: 1.7143872566521168
  landing: 1.1643182076513767
  view-data: 3.3514906018972397
