times:
  edit-metadata: 2.0918033104389906
  landing: 0.23830820061266422
  view-data: 0.36942332424223423
