times:
  edit-metadata: 1.9107849933207035
  landing: 0.10722291748970747
  view-data: 0.49643188435584307
