times:
  edit-metadata: 0.8870618334040046
  landing: 0.04564405558630824
  view-data: 0.2490998636931181
