times:
  edit-metadata: 0.8929729904048145
  landing: 0.04871112573891878
  view-data: 0.24746853904798627
