times:
  edit-metadata: 2.3809719029814005
  landing: 0.30131564661860466
  view-data: 0.49502361193299294
