times:
  edit-metadata: 2.923148399218917
  landing: 0.7866855692118406
  view-data: 0.35220118798315525
