times:
  edit-metadata: 2.589791474863887
  landing: 1.0979414880275726
  view-data: 0.6622869521379471
