times:
  landing: 1.0771268890000556
  view-data: 0.5554507130000275
