times:
  edit-metadata: 1.5481934137642384
  landing: 0.8454423621296883
  view-data: 3.427210923284292
