times:
  edit-metadata: 2.093796042725444
  landing: 0.22598129510879517
  view-data: 0.0591545682400465
