times:
  edit-metadata: 2.1109287310391665
  landing: 0.02349003590643406
  view-data: 0.023848962038755417
