times:
  edit-metadata: 0.8976640189066529
  landing: 0.05325716082006693
  view-data: 0.22106486558914185
