times:
  edit-metadata: 1.5219057649374008
  landing: 0.7978358585387468
  view-data: 3.4007231555879116
