times:
  edit-metadata: 2.141976101323962
  landing: 0.19220593944191933
  view-data: 0.026665156707167625
