times:
  edit-metadata: 1.5984334170352668
  landing: 0.04474542383104563
  view-data: 0.21668219892308116
