times:
  edit-metadata: 1.494580164551735
  landing: 1.0164303630590439
  view-data: 3.423999097198248
