times:
  edit-metadata: 1.8833557227626443
  landing: 0.022569699212908745
  view-data: 0.029325228184461594
