times:
  edit-metadata: 1.649111298029311
  landing: 0.05738479003775865
  view-data: 0.21710917900782079
