times:
  landing: 0.559381768999998
  view-data: 0.051716471999981195
