times:
  edit-metadata: 0.9551294579869136
  landing: 0.04502503399271518
  view-data: 0.2809812320047058
