times:
  edit-metadata: 1.9178879521787167
  landing: 0.020864088088274002
  view-data: 0.02558436617255211
