times:
  edit-metadata: 1.3973454609513283
  landing: 0.9426292516291142
  view-data: 3.3667819015681744
