times:
  edit-metadata: 2.8565224651247263
  landing: 0.2440593559294939
  view-data: 0.4113481789827347
