times:
  edit-metadata: 0.9312588002067059
  landing: 0.04178358893841505
  view-data: 0.3480307119898498
