times:
  edit-metadata: 1.5282955802977085
  landing: 0.9007930979132652
  view-data: 3.431947525590658
