times:
  edit-metadata: 2.169185660779476
  landing: 0.16224950924515724
  view-data: 0.3685843516141176
