times:
  edit-metadata: 1.8793525006622076
  landing: 0.2025183131918311
  view-data: 0.12240148335695267
