times:
  edit-metadata: 2.569620018824935
  landing: 0.577476754784584
  view-data: 0.68707375228405
