times:
  edit-metadata: 1.8138478146865964
  landing: 1.0829908242449164
  view-data: 3.3016259502619505
