times:
  edit-metadata: 1.4734147917479277
  landing: 0.8508251775056124
  view-data: 3.4285945277661085
