times:
  landing: 0.5563871069999777
  view-data: 0.552794586999994
