times:
  edit-metadata: 2.3376191966235638
  landing: 0.021136298775672913
  view-data: 0.4457997903227806
