times:
  edit-metadata: 1.6180890868417919
  landing: 0.0634982050396502
  view-data: 0.23714120010845363
