times:
  edit-metadata: 1.9246481880545616
  landing: 1.0721122231334448
  view-data: 3.361177943646908
