times:
  landing: 0.6108114540111274
  view-data: 0.5526661239564419
