times:
  edit-metadata: 1.914810941554606
  landing: 0.019499477930366993
  view-data: 0.456433292478323
