times:
  edit-metadata: 1.6562417850364
  landing: 0.05763291381299496
  view-data: 0.22408966510556638
