times:
  edit-metadata: 2.2251638527959585
  landing: 0.11683234944939613
  view-data: 0.02810009941458702
