times:
  edit-metadata: 1.915073612704873
  landing: 0.21722086425870657
  view-data: 0.27517785504460335
