times:
  edit-metadata: 0.94409089256078
  landing: 0.05087687261402607
  view-data: 0.22714401967823505
