times:
  edit-metadata: 1.5134182833135128
  landing: 0.9553522430360317
  view-data: 3.4365285746753216
