times:
  edit-metadata: 1.4614216461777687
  landing: 0.9014118239283562
  view-data: 3.30526589602232
