times:
  edit-metadata: 2.5687909945845604
  landing: 0.5774712581187487
  view-data: 0.251998720690608
