times:
  landing: 0.5559441550000201
  view-data: 0.5557118899999978
