times:
  edit-metadata: 1.6241080278996378
  landing: 0.05711008608341217
  view-data: 0.21305379318073392
