times:
  edit-metadata: 2.5014132149517536
  landing: 0.731936439871788
  view-data: 0.35369144566357136
