times:
  edit-metadata: 1.0404312960017705
  landing: 0.0453951139934361
  view-data: 0.2841838909953367
