times:
  landing: 0.5531805300000201
  view-data: 0.06782944699997984
