times:
  edit-metadata: 2.1848254948854446
  landing: 0.18033997900784016
  view-data: 0.4450672082602978
