times:
  edit-metadata: 2.129754852503538
  landing: 0.05224785581231117
  view-data: 0.24252231046557426
