times:
  edit-metadata: 2.1220905985683203
  landing: 0.18965239264070988
  view-data: 0.35169726610183716
