times:
  edit-metadata: 1.8312532557174563
  landing: 0.022718051448464394
  view-data: 0.12085700873285532
