times:
  edit-metadata: 0.902113888412714
  landing: 0.05758915562182665
  view-data: 0.22774619702249765
