times:
  landing: 0.5561189070000125
  view-data: 0.570557311999977
