times:
  edit-metadata: 2.5316068343818188
  landing: 0.6401361413300037
  view-data: 0.27896570786833763
