times:
  edit-metadata: 1.6223062528297305
  landing: 0.052611581049859524
  view-data: 0.2112072859890759
