times:
  edit-metadata: 1.2102195490151644
  landing: 0.12195965787395835
  view-data: 0.3948146849870682
