times:
  edit-metadata: 1.551992891356349
  landing: 0.8017736133188009
  view-data: 3.407269734889269
