times:
  edit-metadata: 2.531097624450922
  landing: 0.5850519351661205
  view-data: 0.35314731299877167
