times:
  edit-metadata: 1.9929941662121564
  landing: 0.053018445149064064
  view-data: 0.2506775730289519
