times:
  edit-metadata: 2.8468402829021215
  landing: 1.4433667846024036
  view-data: 0.35393521934747696
