times:
  edit-metadata: 2.5430935453623533
  landing: 0.4988543838262558
  view-data: 0.27626507356762886
