times:
  edit-metadata: 1.6698633340420201
  landing: 0.05702472903067246
  view-data: 0.21455772104673088
