times:
  edit-metadata: 1.025542491930537
  landing: 0.053396582952700555
  view-data: 0.26102258393075317
