times:
  landing: 0.5558012179999992
  view-data: 0.5631144089999793
