times:
  landing: 1.0740304579999815
  view-data: 0.5562646790000372
