times:
  edit-metadata: 1.9019716745242476
  landing: 0.02191776316612959
  view-data: 0.10192184709012508
