times:
  edit-metadata: 0.914523083018139
  landing: 0.057856529019773006
  view-data: 0.23895792395342141
