times:
  edit-metadata: 0.8841463630087674
  landing: 0.057922633830457926
  view-data: 0.22481082985177636
