times:
  landing: 1.5937158979999708
  view-data: 0.561669940999991
