times:
  edit-metadata: 1.0605157646350563
  landing: 0.07857773825526237
  view-data: 0.237132272683084
