times:
  edit-metadata: 2.366126850247383
  landing: 0.5317505579441786
  view-data: 0.2586857918649912
