times:
  landing: 0.5539571820000049
  view-data: 0.056868137000009256
