times:
  edit-metadata: 1.5803052890114486
  landing: 0.05023159901611507
  view-data: 0.2164966749260202
