times:
  edit-metadata: 1.657659208867699
  landing: 0.049266197020187974
  view-data: 0.2116989439819008
