times:
  edit-metadata: 0.8768327780999243
  landing: 0.04314551083371043
  view-data: 0.21629012702032924
