times:
  edit-metadata: 3.012415114790201
  landing: 1.8655400443822145
  view-data: 3.791901705786586
