times:
  edit-metadata: 1.4800962954759598
  landing: 0.9903815388679504
  view-data: 3.40702635794878
