times:
  edit-metadata: 0.9773551560938358
  landing: 0.052889805287122726
  view-data: 0.22376512782648206
