times:
  edit-metadata: 1.4089589193463326
  landing: 0.7980775814503431
  view-data: 3.3673420511186123
