times:
  edit-metadata: 1.8679947555065155
  landing: 0.11987988371402025
  view-data: 0.09917259123176336
