times:
  edit-metadata: 2.39190886169672
  landing: 0.06605617329478264
  view-data: 0.24446875602006912
