times:
  edit-metadata: 2.4919705726206303
  landing: 0.3864433951675892
  view-data: 0.2523894030600786
