times:
  edit-metadata: 0.9360172438900918
  landing: 0.04851391806732863
  view-data: 0.3592873390298337
