times:
  edit-metadata: 1.488504383713007
  landing: 0.8325901851058006
  view-data: 3.3877043835818768
