times:
  landing: 1.0953921930000092
  view-data: 0.5661433770000031
