times:
  edit-metadata: 2.438475476577878
  landing: 0.9206227008253336
  view-data: 0.36883553117513657
