times:
  edit-metadata: 1.5317681841552258
  landing: 0.9544342570006847
  view-data: 3.3849355578422546
