times:
  edit-metadata: 2.9451296124607325
  landing: 1.2744004037231207
  view-data: 0.37631540931761265
