times:
  edit-metadata: 1.5172693878412247
  landing: 0.8141385577619076
  view-data: 3.3933466859161854
