times:
  edit-metadata: 3.238046109676361
  landing: 0.742486547678709
  view-data: 0.30175785534083843
