times:
  landing: 1.0752266140000017
  view-data: 0.5599406530000124
