times:
  edit-metadata: 2.579174755141139
  landing: 0.5802337918430567
  view-data: 0.6627750340849161
