times:
  edit-metadata: 1.3518610196188092
  landing: 1.009558105841279
  view-data: 3.2780775548890233
