times:
  edit-metadata: 2.5557653568685055
  landing: 0.6326972767710686
  view-data: 0.36299832351505756
