times:
  landing: 1.0875812200000041
  view-data: 0.5623186960000055
