times:
  edit-metadata: 0.8469737251289189
  landing: 0.04993625497445464
  view-data: 0.22666015988215804
