times:
  landing: 0.5498693820000256
  view-data: 0.5554825680000022
