times:
  edit-metadata: 2.963383622467518
  landing: 0.8164159003645182
  view-data: 0.2580790016800165
