times:
  edit-metadata: 1.552414296194911
  landing: 0.858446417376399
  view-data: 3.7482638116925955
