times:
  edit-metadata: 1.4124880190938711
  landing: 0.7636794410645962
  view-data: 3.3197290669195354
