times:
  edit-metadata: 0.8618224430829287
  landing: 0.053248739801347256
  view-data: 0.2158154733479023
