times:
  landing: 0.5492397090000054
  view-data: 0.5544124379999857
