times:
  edit-metadata: 2.2201621495187283
  landing: 0.13058364018797874
  view-data: 0.02291838452219963
