times:
  edit-metadata: 1.4513409910723567
  landing: 0.9177333069965243
  view-data: 3.3832574877887964
