times:
  edit-metadata: 0.9158305439632386
  landing: 0.04556543193757534
  view-data: 0.34960430790670216
