times:
  edit-metadata: 1.932185348123312
  landing: 0.11371402256190777
  view-data: 0.35666971281170845
