times:
  landing: 1.0717272070005492
  view-data: 0.562784800999907
