times:
  edit-metadata: 1.3052466940134764
  landing: 0.8444334389641881
  view-data: 3.382574051618576
