times:
  edit-metadata: 1.3947247751057148
  landing: 0.9479941688477993
  view-data: 3.328070428222418
