times:
  edit-metadata: 1.6112834239611402
  landing: 0.045924191013909876
  view-data: 0.21738865098450333
