times:
  edit-metadata: 2.4014026653021574
  landing: 0.916033212095499
  view-data: 0.45423155836761
