times:
  landing: 0.5612736679999841
  view-data: 0.550340570000003
