times:
  edit-metadata: 2.02992251701653
  landing: 0.04984967201016843
  view-data: 0.2814696559216827
