times:
  landing: 0.5608626559999834
  view-data: 0.5686487490000047
