times:
  edit-metadata: 1.5162794925272465
  landing: 1.0136417113244534
  view-data: 3.432002030313015
