times:
  edit-metadata: 1.898416149429977
  landing: 0.020718969404697418
  view-data: 0.11693392600864172
