times:
  edit-metadata: 2.2369250655174255
  landing: 0.0516338013112545
  view-data: 0.24801820144057274
