times:
  landing: 1.0680914760000064
  view-data: 0.5593162400000153
