times:
  edit-metadata: 2.309404833242297
  landing: 0.024210328236222267
  view-data: 0.029229741543531418
