times:
  edit-metadata: 2.821094911545515
  landing: 1.3464753851294518
  view-data: 3.9753458835184574
