times:
  edit-metadata: 1.5881350077688694
  landing: 1.0994597459211946
  view-data: 3.4921082109212875
