times:
  edit-metadata: 1.4312000030186027
  landing: 0.9039955309126526
  view-data: 3.3628013259731233
