times:
  edit-metadata: 2.6526681557297707
  landing: 0.8937323540449142
  view-data: 0.3488348927348852
