times:
  edit-metadata: 3.1048863250762224
  landing: 0.6062251199036837
  view-data: 0.2651733122766018
