times:
  edit-metadata: 1.0070167309604585
  landing: 0.05019974382594228
  view-data: 0.23317674733698368
