times:
  edit-metadata: 1.5485290589858778
  landing: 0.047134399006608874
  view-data: 0.21860833899700083
