times:
  edit-metadata: 1.8676733495667577
  landing: 0.1751569639891386
  view-data: 0.09941207803785801
