times:
  edit-metadata: 1.6305847149342299
  landing: 0.04886256577447057
  view-data: 0.21714116912335157
