times:
  landing: 1.0784603700000162
  view-data: 0.5567549689999964
