times:
  edit-metadata: 0.9951670140144415
  landing: 0.04395356500754133
  view-data: 0.2364773610024713
