times:
  edit-metadata: 4.4789393451064825
  landing: 0.3198981545865536
  view-data: 0.8684431668370962
