times:
  edit-metadata: 0.9604071793146431
  landing: 0.04824431100860238
  view-data: 0.494108562823385
