times:
  edit-metadata: 0.968041914049536
  landing: 0.04857803205959499
  view-data: 0.2633785989601165
