times:
  landing: 1.0664818479999951
  view-data: 0.5496132060000036
