times:
  edit-metadata: 1.493624996393919
  landing: 0.8812512159347534
  view-data: 3.3492185696959496
