times:
  landing: 1.0664352009999902
  view-data: 0.5546294380000063
