times:
  edit-metadata: 1.6770712044090033
  landing: 0.8328005243092775
  view-data: 3.353021739050746
