times:
  edit-metadata: 0.9864463368430734
  landing: 0.04662137804552913
  view-data: 0.37846040865406394
