times:
  edit-metadata: 1.413932734169066
  landing: 0.8522045719437301
  view-data: 3.340069583617151
