times:
  landing: 0.5620795860000101
  view-data: 0.05677976799998419
