times:
  landing: 0.5458197140000038
  view-data: 0.5650583510000047
