times:
  landing: 1.0727645469999914
  view-data: 0.5605135659999974
