times:
  landing: 0.5516770510000129
  view-data: 0.5678895140000009
