times:
  edit-metadata: 1.4978906363248825
  landing: 0.8020415175706148
  view-data: 3.4923199489712715
