times:
  edit-metadata: 2.2330398615449667
  landing: 0.02669578790664673
  view-data: 0.15820995904505253
