times:
  edit-metadata: 1.560851963236928
  landing: 0.8952839020639658
  view-data: 3.4436494912952185
