times:
  edit-metadata: 0.9011781779117882
  landing: 0.047431329265236855
  view-data: 0.2351082949899137
