times:
  edit-metadata: 1.8586522890254855
  landing: 0.02117337565869093
  view-data: 0.025182068347930908
