times:
  edit-metadata: 2.0010990779846907
  landing: 0.19818447530269623
  view-data: 0.38464796729385853
