times:
  edit-metadata: 1.6176052420050837
  landing: 0.055836519997683354
  view-data: 0.21540149800421204
