times:
  edit-metadata: 2.6038844734430313
  landing: 1.3876012936234474
  view-data: 0.6160759404301643
