times:
  edit-metadata: 2.3701941464096308
  landing: 0.021969255059957504
  view-data: 0.1560586905106902
