times:
  landing: 0.5505794680000236
  view-data: 0.5561115040000004
