times:
  landing: 1.0632917140000018
  view-data: 0.5498923789999992
