times:
  edit-metadata: 1.6241224980913103
  landing: 0.05358562432229519
  view-data: 0.2084894347935915
