times:
  edit-metadata: 1.7843397445976734
  landing: 1.0540789514780045
  view-data: 3.386284928768873
