times:
  edit-metadata: 3.078339997678995
  landing: 2.068570416420698
  view-data: 0.5036020055413246
