times:
  edit-metadata: 1.7546900250017643
  landing: 0.051483090966939926
  view-data: 0.23366772755980492
