times:
  edit-metadata: 1.644732456188649
  landing: 0.05887549207545817
  view-data: 0.22895616199821234
