times:
  edit-metadata: 1.8563688145950437
  landing: 0.0198206240311265
  view-data: 0.12091434467583895
