times:
  edit-metadata: 2.145211610943079
  landing: 0.04858216270804405
  view-data: 0.24832645803689957
