times:
  edit-metadata: 0.9013050831854343
  landing: 0.046167594846338034
  view-data: 0.2596815759316087
