times:
  edit-metadata: 0.9154737000353634
  landing: 0.046620683977380395
  view-data: 0.2371753421612084
