times:
  edit-metadata: 0.9194731689058244
  landing: 0.051089636981487274
  view-data: 0.25252891797572374
