times:
  edit-metadata: 2.561768801882863
  landing: 0.6908083092421293
  view-data: 0.30072525329887867
