times:
  edit-metadata: 2.1127908416092396
  landing: 0.025024354457855225
  view-data: 0.02479161135852337
