times:
  edit-metadata: 1.6503384672105312
  landing: 1.0997997261583805
  view-data: 3.4220195561647415
