times:
  edit-metadata: 1.924453366547823
  landing: 0.023307795636355877
  view-data: 0.02836290467530489
