times:
  edit-metadata: 0.8876230036839843
  landing: 0.04969985783100128
  view-data: 0.22384192841127515
