times:
  edit-metadata: 3.055319668725133
  landing: 0.7254302706569433
  view-data: 0.3902878575026989
