times:
  edit-metadata: 2.470414577051997
  landing: 0.2823763657361269
  view-data: 0.45300608314573765
