times:
  edit-metadata: 1.5335465520620346
  landing: 0.8594145160168409
  view-data: 3.393704520072788
