times:
  edit-metadata: 1.4434182904660702
  landing: 0.9349855445325375
  view-data: 3.345212820917368
