times:
  edit-metadata: 1.4075953247956932
  landing: 0.7971890205517411
  view-data: 3.404046458657831
