times:
  edit-metadata: 2.0001670476049185
  landing: 0.20346956327557564
  view-data: 0.025209391489624977
