times:
  edit-metadata: 1.8605666793882847
  landing: 0.01998259872198105
  view-data: 0.027630187571048737
