times:
  edit-metadata: 1.7353078061714768
  landing: 0.054816687013953924
  view-data: 0.22303911205381155
