times:
  edit-metadata: 1.3501166217029095
  landing: 0.7908471412956715
  view-data: 3.264153517782688
