times:
  edit-metadata: 0.9261146250064485
  landing: 0.05097193201072514
  view-data: 0.2512682959786616
