times:
  edit-metadata: 1.6413284621667117
  landing: 0.05629984801635146
  view-data: 0.23058000393211842
