times:
  edit-metadata: 2.549844702705741
  landing: 0.5136296711862087
  view-data: 0.3072913587093353
