times:
  edit-metadata: 1.3057950977236032
  landing: 0.9447269923985004
  view-data: 3.2522077709436417
