times:
  edit-metadata: 0.8964862236753106
  landing: 0.05499469069764018
  view-data: 0.2223530961200595
