times:
  edit-metadata: 1.6736297570168972
  landing: 1.1376329064369202
  view-data: 3.4784628972411156
