times:
  landing: 1.5931276779999735
  view-data: 0.5515149339999539
