times:
  edit-metadata: 1.4502254920080304
  landing: 0.9275476541370153
  view-data: 3.4069981845095754
