times:
  edit-metadata: 1.576669777277857
  landing: 0.04402659181505442
  view-data: 0.21629768097773194
