times:
  landing: 1.0809328039999855
  view-data: 0.5617479019999791
