times:
  edit-metadata: 1.958873750641942
  landing: 0.13402700424194336
  view-data: 0.39591536298394203
