times:
  edit-metadata: 1.527176896110177
  landing: 0.8249228950589895
  view-data: 3.428556812927127
