times:
  edit-metadata: 1.1811062931083143
  landing: 0.04805954219773412
  view-data: 0.38837516121566296
