times:
  edit-metadata: 1.8882564939558506
  landing: 0.10009944718331099
  view-data: 0.025911452248692513
