times:
  edit-metadata: 1.9394680177792907
  landing: 0.18182410392910242
  view-data: 0.2639940530061722
