times:
  landing: 1.072924917000023
  view-data: 0.5654080429999908
