times:
  edit-metadata: 0.9604341350495815
  landing: 0.05221716407686472
  view-data: 0.23020006204023957
