times:
  edit-metadata: 1.6451977989636362
  landing: 0.052721321932040155
  view-data: 0.21362084499560297
