times:
  edit-metadata: 1.537087094038725
  landing: 0.8909569345414639
  view-data: 3.4178333207964897
