times:
  edit-metadata: 1.511581776663661
  landing: 0.880902573466301
  view-data: 3.4064420480281115
