times:
  landing: 1.079437119000005
  view-data: 0.5741033719999962
