times:
  edit-metadata: 2.5670304149389267
  landing: 0.025405768305063248
  view-data: 0.9397068964317441
