times:
  edit-metadata: 2.5849251616746187
  landing: 1.0882563963532448
  view-data: 0.3870268017053604
