times:
  landing: 1.0931980390000149
  view-data: 0.5674216200000046
