times:
  edit-metadata: 1.9914505761116743
  landing: 0.02021609991788864
  view-data: 0.3770191911607981
