times:
  edit-metadata: 1.457563929259777
  landing: 0.9317695833742619
  view-data: 3.4184280186891556
