times:
  edit-metadata: 1.4575598146766424
  landing: 0.8855183813720942
  view-data: 3.343938434496522
