times:
  edit-metadata: 1.5532567081972957
  landing: 0.9393622353672981
  view-data: 3.41764098033309
