times:
  edit-metadata: 1.766733057796955
  landing: 1.0264827348291874
  view-data: 3.400800697505474
