times:
  edit-metadata: 1.3704815320670605
  landing: 0.8923027068376541
  view-data: 3.3443810306489468
