times:
  edit-metadata: 1.6097409641370177
  landing: 0.04597649769857526
  view-data: 0.2116515920497477
