times:
  edit-metadata: 1.887396958656609
  landing: 0.021244477480649948
  view-data: 0.12433260586112738
