times:
  edit-metadata: 1.5884690159000456
  landing: 0.046852997969836
  view-data: 0.21944283810444176
