times:
  edit-metadata: 1.643547483952716
  landing: 0.051047518849372864
  view-data: 0.21572141302749515
