times:
  edit-metadata: 0.9168964180862531
  landing: 0.05206420796457678
  view-data: 0.23615506698843092
