times:
  edit-metadata: 1.3953298926353455
  landing: 0.9240331202745438
  view-data: 3.360217574983835
