times:
  edit-metadata: 1.4021320650354028
  landing: 0.7948816940188408
  view-data: 3.356634879950434
