times:
  landing: 1.1026312590111047
  view-data: 0.5519689300563186
