times:
  edit-metadata: 1.5509352087974548
  landing: 0.8864099308848381
  view-data: 3.2982313111424446
