times:
  edit-metadata: 4.318758882582188
  landing: 2.7226189225912094
  view-data: 3.922809287905693
