times:
  edit-metadata: 1.4109274111688137
  landing: 0.7774528935551643
  view-data: 3.3728593923151493
