times:
  edit-metadata: 1.672605611383915
  landing: 1.0808935165405273
  view-data: 3.376292899250984
