times:
  edit-metadata: 1.4524768628180027
  landing: 0.7402694746851921
  view-data: 3.3277375735342503
