times:
  edit-metadata: 1.662781983613968
  landing: 1.1160870641469955
  view-data: 3.3807927668094635
