times:
  edit-metadata: 1.390748381614685
  landing: 0.827992632985115
  view-data: 3.2783507481217384
