times:
  edit-metadata: 1.4393512904644012
  landing: 0.6849528849124908
  view-data: 3.504218243062496
