times:
  edit-metadata: 1.448316864669323
  landing: 0.755134180188179
  view-data: 3.5635814517736435
