times:
  edit-metadata: 1.3561232313513756
  landing: 0.7429270371794701
  view-data: 3.5143952295184135
