times:
  edit-metadata: 1.468970861285925
  landing: 0.7466360479593277
  view-data: 3.321134153753519
