times:
  edit-metadata: 1.4579620882868767
  landing: 0.7810761705040932
  view-data: 3.296505682170391
