times:
  edit-metadata: 1.4696132764220238
  landing: 0.7507659122347832
  view-data: 3.5206032544374466
