times:
  edit-metadata: 1.428141564130783
  landing: 0.7430899888277054
  view-data: 3.368849165737629
