times:
  edit-metadata: 1.4016037806868553
  landing: 0.7543311417102814
  view-data: 3.3017856925725937
