times:
  edit-metadata: 1.4266855418682098
  landing: 0.7821298018097878
  view-data: 3.4745246171951294
