times:
  edit-metadata: 2.328743152320385
  landing: 0.9738673493266106
  view-data: 3.7671852074563503
