times:
  edit-metadata: 1.3331197649240494
  landing: 0.7643770352005959
  view-data: 0.5781897604465485
