times:
  edit-metadata: 1.3423526994884014
  landing: 0.7350694946944714
  view-data: 3.2917386554181576
