times:
  edit-metadata: 1.5021504387259483
  landing: 0.7615455538034439
  view-data: 3.638865388929844
