times:
  edit-metadata: 1.3873748481273651
  landing: 0.7205775678157806
  view-data: 3.4372300654649734
