times:
  edit-metadata: 1.3843511305749416
  landing: 0.7170808240771294
  view-data: 3.307620093226433
