times:
  edit-metadata: 1.4276122972369194
  landing: 0.7056194096803665
  view-data: 3.4331228733062744
