times:
  edit-metadata: 1.619221456348896
  landing: 0.9052511602640152
  view-data: 3.485342960804701
