times:
  edit-metadata: 1.4908131211996078
  landing: 0.8513674922287464
  view-data: 3.286122113466263
