times:
  edit-metadata: 1.4090708047151566
  landing: 0.7891835272312164
  view-data: 3.282433297485113
