times:
  edit-metadata: 1.57760289311409
  landing: 0.9260877855122089
  view-data: 3.4292062632739544
