times:
  edit-metadata: 1.5064802169799805
  landing: 0.7221722155809402
  view-data: 3.5551003143191338
