times:
  edit-metadata: 1.4359138309955597
  landing: 0.7942570820450783
  view-data: 3.5639577209949493
