times:
  edit-metadata: 1.5138445943593979
  landing: 0.7485431283712387
  view-data: 3.5759270191192627
