times:
  edit-metadata: 1.597172275185585
  landing: 0.7600256763398647
  view-data: 3.2934091426432133
