times:
  edit-metadata: 1.4689249247312546
  landing: 0.7696235179901123
  view-data: 3.473697565495968
