times:
  edit-metadata: 1.3997955098748207
  landing: 0.6987382397055626
  view-data: 3.4729932844638824
