times:
  edit-metadata: 1.5902518332004547
  landing: 0.9481178149580956
  view-data: 3.333212189376354
