times:
  edit-metadata: 1.3689196333289146
  landing: 0.7344423085451126
  view-data: 3.4448875188827515
