times:
  edit-metadata: 1.4114030003547668
  landing: 0.7767807766795158
  view-data: 3.406062874943018
