times:
  edit-metadata: 1.3890800699591637
  landing: 0.7502336576581001
  view-data: 3.3421315625309944
