times:
  edit-metadata: 1.4577569887042046
  landing: 0.7542466595768929
  view-data: 3.5795522555708885
