times:
  edit-metadata: 1.417284321039915
  landing: 0.6888235732913017
  view-data: 3.3528692424297333
