times:
  edit-metadata: 2.6397899985313416
  landing: 1.3642309308052063
  view-data: 3.5369409695267677
