times:
  edit-metadata: 1.5041041299700737
  landing: 0.832866482436657
  view-data: 3.4174382984638214
