times:
  edit-metadata: 1.3644212558865547
  landing: 0.7754829972982407
  view-data: 3.450179621577263
