times:
  edit-metadata: 1.4609518349170685
  landing: 0.7564758881926537
  view-data: 3.4421867430210114
