times:
  edit-metadata: 1.318406142294407
  landing: 0.6935477629303932
  view-data: 0.7484311237931252
