times:
  edit-metadata: 1.5215777531266212
  landing: 0.8500753790140152
  view-data: 3.34113010391593
