times:
  edit-metadata: 1.4460352286696434
  landing: 0.7315665483474731
  view-data: 3.304929457604885
