times:
  edit-metadata: 1.3942501544952393
  landing: 0.7508571296930313
  view-data: 3.3167531490325928
