times:
  edit-metadata: 1.4623639211058617
  landing: 0.7081589102745056
  view-data: 3.5375924929976463
