times:
  edit-metadata: 1.3793284446001053
  landing: 0.6511814445257187
  view-data: 3.475896827876568
