times:
  edit-metadata: 1.4690697193145752
  landing: 0.8262256979942322
  view-data: 3.6192205995321274
