times:
  edit-metadata: 1.5688559301197529
  landing: 0.8969970010221004
  view-data: 3.342340875416994
