times:
  edit-metadata: 1.4401145912706852
  landing: 0.7998004779219627
  view-data: 3.3109479881823063
