times:
  edit-metadata: 1.5185562074184418
  landing: 0.7891774401068687
  view-data: 3.4745872393250465
