times:
  edit-metadata: 1.3991892337799072
  landing: 0.6942464038729668
  view-data: 3.4702741280198097
