times:
  edit-metadata: 1.3635398596525192
  landing: 0.8922518491744995
  view-data: 3.4909671172499657
