times:
  edit-metadata: 1.6216477304697037
  landing: 0.7067193537950516
  view-data: 3.4461892545223236
