times:
  edit-metadata: 1.5282745957374573
  landing: 0.7574177607893944
  view-data: 3.5332416370511055
