times:
  edit-metadata: 1.4637872725725174
  landing: 0.7626260817050934
  view-data: 3.4843343645334244
