times:
  edit-metadata: 1.6787221357226372
  landing: 0.7706598527729511
  view-data: 3.361071150749922
