times:
  edit-metadata: 1.4711182564496994
  landing: 0.6967511512339115
  view-data: 3.286896675825119
