times:
  edit-metadata: 1.8723117336630821
  landing: 1.180874615907669
  view-data: 3.449267514050007
