times:
  edit-metadata: 1.4685500040650368
  landing: 0.766952246427536
  view-data: 3.463739551603794
