times:
  edit-metadata: 1.42782561480999
  landing: 0.9328918009996414
  view-data: 3.4949215203523636
