times:
  edit-metadata: 1.3791679665446281
  landing: 0.7129856795072556
  view-data: 3.4446317106485367
