times:
  edit-metadata: 1.475178625434637
  landing: 0.7144275456666946
  view-data: 3.3659125305712223
