times:
  edit-metadata: 1.648286610841751
  landing: 0.8394520953297615
  view-data: 3.3181907683610916
