times:
  edit-metadata: 1.4680388793349266
  landing: 0.8348976820707321
  view-data: 3.490632638335228
