times:
  edit-metadata: 1.5662764385342598
  landing: 0.8368150740861893
  view-data: 3.347591832280159
