times:
  edit-metadata: 1.3775787316262722
  landing: 0.7587765753269196
  view-data: 3.3171166479587555
