times:
  edit-metadata: 1.6714870631694794
  landing: 0.850322961807251
  view-data: 3.6133584156632423
