times:
  edit-metadata: 1.5255913436412811
  landing: 0.6902556344866753
  view-data: 3.3706249073147774
