times:
  edit-metadata: 1.4433976970613003
  landing: 0.7263592779636383
  view-data: 3.351023532450199
