times:
  edit-metadata: 2.326619528234005
  landing: 1.0576858967542648
  view-data: 3.591709326952696
