times:
  edit-metadata: 1.4066607914865017
  landing: 0.7602611780166626
  view-data: 3.309309210628271
