times:
  edit-metadata: 1.905788417905569
  landing: 0.8711058460175991
  view-data: 3.4960482604801655
