times:
  edit-metadata: 1.6318319737911224
  landing: 0.9829597137868404
  view-data: 3.339653927832842
