times:
  edit-metadata: 1.3984361067414284
  landing: 0.8368322961032391
  view-data: 3.3242007829248905
