times:
  edit-metadata: 1.3554284125566483
  landing: 0.7182226181030273
  view-data: 3.4868276566267014
