times:
  edit-metadata: 1.596937034279108
  landing: 0.8030981868505478
  view-data: 3.316161774098873
