times:
  edit-metadata: 1.346087034791708
  landing: 0.7968303896486759
  view-data: 3.2563169226050377
