times:
  edit-metadata: 1.4188653379678726
  landing: 0.6557488515973091
  view-data: 3.431875057518482
