times:
  edit-metadata: 1.4537922069430351
  landing: 0.7186892852187157
  view-data: 3.3839841708540916
