times:
  edit-metadata: 1.5574554651975632
  landing: 0.828325442969799
  view-data: 3.4592707455158234
