times:
  edit-metadata: 1.8712830618023872
  landing: 1.1209328696131706
  view-data: 3.659473918378353
