times:
  edit-metadata: 1.478648193180561
  landing: 0.8254461362957954
  view-data: 3.4868111088871956
