times:
  edit-metadata: 1.407638169825077
  landing: 0.705012246966362
  view-data: 3.3245374113321304
