times:
  edit-metadata: 1.4243802279233932
  landing: 0.7168984264135361
  view-data: 3.3318049535155296
