times:
  edit-metadata: 1.5287943370640278
  landing: 0.7966365590691566
  view-data: 3.3015884310007095
