times:
  edit-metadata: 1.5560683533549309
  landing: 0.726578876376152
  view-data: 3.5226492285728455
