times:
  edit-metadata: 1.3989228755235672
  landing: 0.8500945866107941
  view-data: 3.469633713364601
