times:
  edit-metadata: 1.433939665555954
  landing: 1.1300253421068192
  view-data: 3.4132627472281456
