times:
  edit-metadata: 1.3600764945149422
  landing: 0.8108099102973938
  view-data: 3.546642556786537
