times:
  edit-metadata: 1.470298558473587
  landing: 0.8189441040158272
  view-data: 3.5176504254341125
