times:
  edit-metadata: 1.3674391135573387
  landing: 0.7322556748986244
  view-data: 3.4595095589756966
