times:
  edit-metadata: 1.4760447964072227
  landing: 0.7554176151752472
  view-data: 3.4058556333184242
