times:
  edit-metadata: 1.449140291661024
  landing: 0.7980719953775406
  view-data: 3.3559071496129036
