times:
  edit-metadata: 1.3913721814751625
  landing: 0.7415931150317192
  view-data: 3.3107102066278458
