times:
  edit-metadata: 1.4718951135873795
  landing: 0.8344604671001434
  view-data: 3.2993131913244724
