times:
  edit-metadata: 1.9007814228534698
  landing: 0.9608905613422394
  view-data: 3.288763642311096
