times:
  edit-metadata: 1.4742601923644543
  landing: 0.7533761076629162
  view-data: 3.3140501901507378
