times:
  edit-metadata: 1.821140643209219
  landing: 1.1821251511573792
  view-data: 3.4177211187779903
