times:
  edit-metadata: 1.4053288400173187
  landing: 0.7730088829994202
  view-data: 3.5631014555692673
