times:
  edit-metadata: 1.5252601876854897
  landing: 1.0508283600211143
  view-data: 3.583687536418438
