times:
  edit-metadata: 1.4748091883957386
  landing: 0.7770691737532616
  view-data: 3.3058817461133003
