times:
  edit-metadata: 1.3915007412433624
  landing: 0.7769165635108948
  view-data: 3.3329853266477585
