times:
  edit-metadata: 1.9547602571547031
  landing: 1.0866645835340023
  view-data: 3.3594839051365852
