times:
  edit-metadata: 1.4828074052929878
  landing: 0.9533327966928482
  view-data: 3.550261601805687
