times:
  edit-metadata: 1.4803208746016026
  landing: 0.7362777143716812
  view-data: 3.3527827970683575
