times:
  edit-metadata: 1.5102831646800041
  landing: 0.7426108047366142
  view-data: 3.434217967092991
