times:
  edit-metadata: 1.4712674915790558
  landing: 0.7689462751150131
  view-data: 3.4895961731672287
