times:
  edit-metadata: 1.5843706279993057
  landing: 0.85011787712574
  view-data: 3.326904572546482
