times:
  edit-metadata: 1.3735986799001694
  landing: 0.7341475561261177
  view-data: 3.4940692633390427
