times:
  edit-metadata: 1.5767956525087357
  landing: 0.7960745543241501
  view-data: 3.4309044778347015
