times:
  edit-metadata: 1.8893177397549152
  landing: 0.8142488561570644
  view-data: 3.3219323493540287
