times:
  edit-metadata: 1.3771515563130379
  landing: 0.7775044105947018
  view-data: 3.541047941893339
