times:
  edit-metadata: 1.4544339179992676
  landing: 0.7174403145909309
  view-data: 3.2955056577920914
