times:
  edit-metadata: 1.4361805021762848
  landing: 0.7702198699116707
  view-data: 3.324526347219944
