times:
  edit-metadata: 1.601207535713911
  landing: 0.8373095914721489
  view-data: 3.3834148570895195
