times:
  edit-metadata: 1.4927690662443638
  landing: 0.8122547902166843
  view-data: 3.295597907155752
