times:
  edit-metadata: 1.4153399467468262
  landing: 0.7382797524333
  view-data: 3.2683489248156548
