times:
  edit-metadata: 1.333287738263607
  landing: 0.8063535690307617
  view-data: 3.4620803222060204
