times:
  edit-metadata: 1.812849324196577
  landing: 0.7647788375616074
  view-data: 3.4374373592436314
