times:
  edit-metadata: 1.4973479211330414
  landing: 0.7821657732129097
  view-data: 3.4897958487272263
