times:
  edit-metadata: 1.5096282288432121
  landing: 0.7187253758311272
  view-data: 3.441119022667408
