times:
  edit-metadata: 1.4361138120293617
  landing: 0.813976064324379
  view-data: 3.341259967535734
