times:
  edit-metadata: 1.4827293194830418
  landing: 0.7772418186068535
  view-data: 3.3618786707520485
