times:
  edit-metadata: 1.5538613200187683
  landing: 0.7900039590895176
  view-data: 3.3160015121102333
