times:
  edit-metadata: 1.3848009146749973
  landing: 1.0558574758470058
  view-data: 3.3055552393198013
