times:
  edit-metadata: 1.5196923464536667
  landing: 0.7473369240760803
  view-data: 3.4873564392328262
