times:
  edit-metadata: 1.3716647550463676
  landing: 0.655314140021801
  view-data: 3.429722525179386
