times:
  edit-metadata: 1.4558580219745636
  landing: 0.7328354269266129
  view-data: 3.459553875029087
