times:
  edit-metadata: 1.4494252130389214
  landing: 0.7472242936491966
  view-data: 3.4609431996941566
