times:
  edit-metadata: 1.4806117564439774
  landing: 0.7471345961093903
  view-data: 3.538490556180477
