times:
  edit-metadata: 1.4453804083168507
  landing: 0.8200457617640495
  view-data: 3.3150558918714523
