times:
  edit-metadata: 1.3842822201550007
  landing: 0.7899515740573406
  view-data: 3.335884839296341
