times:
  edit-metadata: 1.42244540899992
  landing: 0.7294555678963661
  view-data: 3.486575074493885
