times:
  edit-metadata: 1.5003687962889671
  landing: 0.894118282943964
  view-data: 0.5436893440783024
