times:
  edit-metadata: 2.002346884459257
  landing: 1.2863685712218285
  view-data: 3.5351871326565742
