times:
  edit-metadata: 1.4421807639300823
  landing: 0.7896228805184364
  view-data: 3.3399559296667576
