times:
  edit-metadata: 1.4316850304603577
  landing: 0.746990256011486
  view-data: 3.541741222143173
