times:
  edit-metadata: 2.4073257446289062
  landing: 1.4514269307255745
  view-data: 3.7710722610354424
