times:
  edit-metadata: 1.515336200594902
  landing: 0.7650585174560547
  view-data: 3.2686600014567375
