times:
  edit-metadata: 1.5840727351605892
  landing: 0.8293229788541794
  view-data: 3.37664108350873
