times:
  edit-metadata: 1.4379793740808964
  landing: 0.7546745128929615
  view-data: 3.301644664257765
