times:
  edit-metadata: 1.5338129773736
  landing: 0.7682371437549591
  view-data: 3.3113397136330605
