times:
  edit-metadata: 1.8601044937968254
  landing: 0.9585770964622498
  view-data: 3.4269188195466995
