times:
  edit-metadata: 1.540524810552597
  landing: 0.7815750129520893
  view-data: 3.2936523780226707
