times:
  edit-metadata: 1.5536752603948116
  landing: 0.7242241054773331
  view-data: 3.256317961961031
