times:
  edit-metadata: 1.3272204622626305
  landing: 0.7439971193671227
  view-data: 3.3782855421304703
