times:
  edit-metadata: 1.527635097503662
  landing: 0.7543987706303596
  view-data: 3.517436407506466
