times:
  edit-metadata: 1.4890464842319489
  landing: 0.8361351788043976
  view-data: 3.365187145769596
