times:
  edit-metadata: 1.6197315528988838
  landing: 1.0516383051872253
  view-data: 3.3454460948705673
