times:
  edit-metadata: 1.4524895027279854
  landing: 0.9905009046196938
  view-data: 3.8124560862779617
