times:
  edit-metadata: 1.6027876064181328
  landing: 1.038615845143795
  view-data: 3.3468890376389027
