times:
  edit-metadata: 1.5147671289741993
  landing: 0.9565024450421333
  view-data: 3.3273025937378407
