times:
  edit-metadata: 1.8194455429911613
  landing: 0.9852158725261688
  view-data: 3.583668038249016
