times:
  edit-metadata: 1.3949064463377
  landing: 0.9966954290866852
  view-data: 3.501294292509556
