times:
  edit-metadata: 1.3941830545663834
  landing: 0.9341408461332321
  view-data: 3.3973651602864265
