times:
  edit-metadata: 1.549237310886383
  landing: 0.8863548636436462
  view-data: 3.434221640229225
