times:
  edit-metadata: 1.4448641762137413
  landing: 0.9244534149765968
  view-data: 3.286657616496086
