times:
  edit-metadata: 1.3867374956607819
  landing: 0.836581863462925
  view-data: 3.341078832745552
