times:
  edit-metadata: 1.3564917743206024
  landing: 0.9167067259550095
  view-data: 3.318045012652874
