times:
  edit-metadata: 1.4702057875692844
  landing: 0.9058635234832764
  view-data: 3.288633394986391
