times:
  edit-metadata: 1.3667042069137096
  landing: 0.9008922800421715
  view-data: 3.2939522676169872
