times:
  edit-metadata: 1.4057465195655823
  landing: 0.9412712752819061
  view-data: 3.466416135430336
