times:
  edit-metadata: 1.4167198613286018
  landing: 0.8165788911283016
  view-data: 3.3439202532172203
