times:
  edit-metadata: 1.5245633199810982
  landing: 0.9744741581380367
  view-data: 3.4787700958549976
