times:
  edit-metadata: 1.4234578385949135
  landing: 0.9039809219539165
  view-data: 3.3317112140357494
