times:
  edit-metadata: 1.4923355728387833
  landing: 0.9022788181900978
  view-data: 3.506766676902771
