times:
  edit-metadata: 1.4448774307966232
  landing: 0.9358199834823608
  view-data: 3.458339735865593
