times:
  edit-metadata: 1.568149983882904
  landing: 0.9301360547542572
  view-data: 3.4978868514299393
