times:
  edit-metadata: 1.5185100510716438
  landing: 0.916406661272049
  view-data: 3.451445087790489
