times:
  edit-metadata: 1.418825313448906
  landing: 0.9822273254394531
  view-data: 3.5222297981381416
