times:
  edit-metadata: 1.5697021558880806
  landing: 0.9558535292744637
  view-data: 3.3593963757157326
