times:
  edit-metadata: 1.4618987813591957
  landing: 0.8214157596230507
  view-data: 3.3433662354946136
