times:
  edit-metadata: 1.3968362510204315
  landing: 0.8995451182126999
  view-data: 3.934645429253578
