times:
  edit-metadata: 1.4220456928014755
  landing: 0.8333251848816872
  view-data: 3.4292345345020294
