times:
  edit-metadata: 1.4023088924586773
  landing: 0.7919660657644272
  view-data: 3.2802604027092457
