times:
  edit-metadata: 1.4360242411494255
  landing: 0.9305825605988503
  view-data: 3.4708963334560394
