times:
  edit-metadata: 1.493568580597639
  landing: 0.9298279508948326
  view-data: 3.289228029549122
