times:
  edit-metadata: 1.5146048963069916
  landing: 0.9188845492899418
  view-data: 3.2836029045283794
