times:
  edit-metadata: 1.5055544674396515
  landing: 0.9930504746735096
  view-data: 3.2870625890791416
