times:
  edit-metadata: 1.575829155743122
  landing: 0.9277027398347855
  view-data: 3.5092598497867584
