times:
  edit-metadata: 1.3940011858940125
  landing: 0.8841264098882675
  view-data: 3.4833737686276436
