times:
  edit-metadata: 1.5072364248335361
  landing: 0.9860058501362801
  view-data: 3.3021071664988995
