times:
  edit-metadata: 1.418401151895523
  landing: 0.9656142592430115
  view-data: 3.531358614563942
