times:
  edit-metadata: 1.492518037557602
  landing: 0.9767530336976051
  view-data: 3.3559910096228123
