times:
  edit-metadata: 1.4480368196964264
  landing: 0.9196298941969872
  view-data: 3.5053956657648087
