times:
  edit-metadata: 1.3590919747948647
  landing: 0.8723440766334534
  view-data: 3.449163608253002
