times:
  edit-metadata: 1.4294331595301628
  landing: 0.9114541336894035
  view-data: 3.3011699095368385
