times:
  edit-metadata: 1.6209603771567345
  landing: 1.1116604171693325
  view-data: 3.4152961038053036
