times:
  edit-metadata: 1.5654949694871902
  landing: 1.0367605239152908
  view-data: 3.3131796196103096
