times:
  edit-metadata: 1.5538779646158218
  landing: 1.0798712596297264
  view-data: 3.3607865422964096
