times:
  edit-metadata: 1.4528287202119827
  landing: 0.890123650431633
  view-data: 3.424786537885666
