times:
  edit-metadata: 1.4812423139810562
  landing: 0.947489932179451
  view-data: 3.37101761251688
