times:
  edit-metadata: 1.5332950949668884
  landing: 0.8949064500629902
  view-data: 3.2686445340514183
