times:
  edit-metadata: 2.094067595899105
  landing: 1.2961012199521065
  view-data: 3.683001071214676
