times:
  edit-metadata: 1.5522480309009552
  landing: 1.2113495990633965
  view-data: 3.3125950023531914
