times:
  edit-metadata: 1.5552770867943764
  landing: 1.0710973218083382
  view-data: 3.480912506580353
