times:
  edit-metadata: 1.810942992568016
  landing: 1.0642445459961891
  view-data: 3.6064873561263084
