times:
  edit-metadata: 1.3465349674224854
  landing: 0.9293819144368172
  view-data: 3.3608322516083717
