times:
  edit-metadata: 1.4213906191289425
  landing: 0.8979191072285175
  view-data: 3.2695614509284496
