times:
  edit-metadata: 1.5238193348050117
  landing: 0.8455277383327484
  view-data: 3.5796410143375397
