times:
  edit-metadata: 1.5000616908073425
  landing: 1.059130884706974
  view-data: 3.5595442429184914
