times:
  edit-metadata: 1.4419697523117065
  landing: 0.9471444711089134
  view-data: 3.2593672946095467
