times:
  edit-metadata: 1.4861310347914696
  landing: 0.9388659074902534
  view-data: 3.325623445212841
