times:
  edit-metadata: 1.4032968953251839
  landing: 0.9872148409485817
  view-data: 3.451732747256756
