times:
  edit-metadata: 2.1833126582205296
  landing: 1.4396786727011204
  view-data: 3.458972729742527
