times:
  edit-metadata: 1.4753507934510708
  landing: 1.062068946659565
  view-data: 3.319296211004257
