times:
  edit-metadata: 1.475608017295599
  landing: 0.9943481385707855
  view-data: 3.3009667582809925
