times:
  edit-metadata: 1.3802049793303013
  landing: 1.0229815654456615
  view-data: 3.413809422403574
