times:
  edit-metadata: 1.4374235272407532
  landing: 0.9780732318758965
  view-data: 3.4189262986183167
