times:
  edit-metadata: 1.4626701287925243
  landing: 0.9262801520526409
  view-data: 3.309985727071762
