times:
  edit-metadata: 1.8347931280732155
  landing: 1.2355504110455513
  view-data: 3.384642992168665
