times:
  edit-metadata: 1.9546484611928463
  landing: 1.1819586157798767
  view-data: 3.429040066897869
