times:
  edit-metadata: 1.8782479390501976
  landing: 1.513282097876072
  view-data: 3.376348190009594
