times:
  edit-metadata: 1.442089207470417
  landing: 0.9089402258396149
  view-data: 3.2805414833128452
