times:
  edit-metadata: 1.5584852397441864
  landing: 0.9043685793876648
  view-data: 3.444665491580963
