times:
  edit-metadata: 1.5547937862575054
  landing: 0.9496675208210945
  view-data: 3.381461553275585
