times:
  edit-metadata: 1.381144218146801
  landing: 0.8724448829889297
  view-data: 3.429500862956047
