times:
  edit-metadata: 1.5623551234602928
  landing: 0.9312729276716709
  view-data: 3.3263849392533302
