times:
  edit-metadata: 1.5700925886631012
  landing: 0.8418528363108635
  view-data: 3.47548271715641
