times:
  edit-metadata: 1.4514882639050484
  landing: 1.0172353237867355
  view-data: 3.312568634748459
