times:
  edit-metadata: 1.6496273167431355
  landing: 1.0998898074030876
  view-data: 3.364777345210314
