times:
  edit-metadata: 2.1164882630109787
  landing: 0.9158176407217979
  view-data: 3.6617060750722885
