times:
  edit-metadata: 1.4645218700170517
  landing: 0.8844770863652229
  view-data: 3.438076227903366
