times:
  edit-metadata: 1.6858350299298763
  landing: 0.9812760725617409
  view-data: 3.333042148500681
