times:
  edit-metadata: 1.3776097521185875
  landing: 0.8895504772663116
  view-data: 3.507100947201252
