times:
  edit-metadata: 1.3890800066292286
  landing: 1.0183448493480682
  view-data: 3.3154979534447193
