times:
  edit-metadata: 1.4798288121819496
  landing: 1.0478505790233612
  view-data: 3.428875669836998
