times:
  edit-metadata: 1.4150390923023224
  landing: 0.968537338078022
  view-data: 3.3118484765291214
