times:
  edit-metadata: 1.467777967453003
  landing: 1.0421165451407433
  view-data: 3.3405084758996964
