times:
  edit-metadata: 1.5386963412165642
  landing: 0.9035091921687126
  view-data: 3.4692532047629356
