times:
  edit-metadata: 1.4571950733661652
  landing: 0.91991176456213
  view-data: 3.302203878760338
