times:
  edit-metadata: 1.5179632790386677
  landing: 0.9608593545854092
  view-data: 3.3194221779704094
