times:
  edit-metadata: 1.442267693579197
  landing: 0.9437150284647942
  view-data: 3.3107975348830223
