times:
  edit-metadata: 1.4084349162876606
  landing: 0.8379298560321331
  view-data: 3.3470019921660423
