times:
  edit-metadata: 1.3960101902484894
  landing: 0.9316450655460358
  view-data: 3.3612211644649506
