times:
  edit-metadata: 1.4500570744276047
  landing: 0.921081155538559
  view-data: 3.3173202574253082
