times:
  edit-metadata: 1.6669457331299782
  landing: 1.1211950033903122
  view-data: 3.356347881257534
