times:
  edit-metadata: 1.5224168077111244
  landing: 1.077450841665268
  view-data: 3.339430432766676
