times:
  edit-metadata: 1.442228652536869
  landing: 0.870345450937748
  view-data: 3.5842023864388466
