times:
  edit-metadata: 1.507311388850212
  landing: 0.9096789956092834
  view-data: 3.4452019184827805
