times:
  edit-metadata: 1.456802360713482
  landing: 1.0025006160140038
  view-data: 3.4480918496847153
