times:
  edit-metadata: 1.4291150569915771
  landing: 0.9384596832096577
  view-data: 3.321748685091734
