times:
  edit-metadata: 1.5882685333490372
  landing: 1.1042586043477058
  view-data: 3.4543570429086685
