times:
  edit-metadata: 1.7930203899741173
  landing: 0.9690757989883423
  view-data: 3.309272013604641
