times:
  edit-metadata: 1.768306404352188
  landing: 1.0527784079313278
  view-data: 3.453292578458786
