times:
  edit-metadata: 1.542802594602108
  landing: 0.8647273778915405
  view-data: 3.4406871125102043
