times:
  edit-metadata: 1.5645580813288689
  landing: 1.0465001687407494
  view-data: 3.351371444761753
