times:
  edit-metadata: 1.6465301141142845
  landing: 1.2407480627298355
  view-data: 3.432341516017914
