times:
  edit-metadata: 1.4657170847058296
  landing: 0.8574343621730804
  view-data: 3.3230907320976257
