times:
  edit-metadata: 1.636164866387844
  landing: 1.0099537074565887
  view-data: 3.2788038551807404
