times:
  edit-metadata: 1.4261302128434181
  landing: 0.9781407900154591
  view-data: 3.328885715454817
