times:
  edit-metadata: 1.389399491250515
  landing: 0.8852400928735733
  view-data: 3.4939449205994606
