times:
  edit-metadata: 1.3666691593825817
  landing: 0.9120173454284668
  view-data: 3.321219824254513
