times:
  edit-metadata: 1.5034251287579536
  landing: 0.9248032867908478
  view-data: 3.3412998765707016
