times:
  edit-metadata: 1.4666174575686455
  landing: 0.9266130439937115
  view-data: 3.4230855964124203
