times:
  edit-metadata: 1.4227173775434494
  landing: 0.9340444914996624
  view-data: 3.3280744031071663
