times:
  edit-metadata: 1.5001616850495338
  landing: 0.9446076303720474
  view-data: 3.5316964015364647
