times:
  edit-metadata: 1.6387675888836384
  landing: 1.6387993358075619
  view-data: 3.4147881008684635
