times:
  edit-metadata: 1.4265241920948029
  landing: 0.8689176440238953
  view-data: 3.488521307706833
