times:
  edit-metadata: 1.4902667701244354
  landing: 1.082890696823597
  view-data: 3.5183370262384415
