times:
  edit-metadata: 1.3906210213899612
  landing: 0.9911896958947182
  view-data: 3.533474564552307
