times:
  edit-metadata: 1.4736942276358604
  landing: 0.914432130753994
  view-data: 3.435987241566181
