times:
  edit-metadata: 1.4942658804357052
  landing: 0.9355918541550636
  view-data: 3.408197022974491
