times:
  edit-metadata: 1.377664778381586
  landing: 0.9799331687390804
  view-data: 3.3278727866709232
