times:
  edit-metadata: 1.5232265666127205
  landing: 0.8179438374936581
  view-data: 3.3419401943683624
