times:
  edit-metadata: 1.4247567355632782
  landing: 0.9747455045580864
  view-data: 3.512027896940708
