times:
  edit-metadata: 1.5222732201218605
  landing: 0.8043798580765724
  view-data: 3.4756985902786255
