times:
  edit-metadata: 1.3942732736468315
  landing: 0.9191393591463566
  view-data: 3.3209308348596096
