times:
  edit-metadata: 1.3857022151350975
  landing: 0.8935849741101265
  view-data: 3.538503512740135
