times:
  edit-metadata: 1.4295704439282417
  landing: 1.0015557631850243
  view-data: 3.5322176069021225
