times:
  edit-metadata: 1.432270359247923
  landing: 0.961519006639719
  view-data: 3.3624430894851685
