times:
  edit-metadata: 1.5358354598283768
  landing: 0.8548375591635704
  view-data: 3.465242922306061
