times:
  edit-metadata: 1.5916817262768745
  landing: 0.8748938739299774
  view-data: 3.296841334551573
