times:
  edit-metadata: 1.3951320871710777
  landing: 0.9092589691281319
  view-data: 3.27609983086586
