times:
  edit-metadata: 1.5282160639762878
  landing: 0.8587072268128395
  view-data: 3.475562311708927
