times:
  edit-metadata: 1.7030707895755768
  landing: 1.2281249538064003
  view-data: 3.3199653513729572
