times:
  edit-metadata: 1.3760202750563622
  landing: 0.8758874163031578
  view-data: 3.3030824325978756
