times:
  edit-metadata: 1.4367322586476803
  landing: 0.9530243799090385
  view-data: 3.718197103589773
