times:
  edit-metadata: 1.5655428543686867
  landing: 1.0323352292180061
  view-data: 3.472703956067562
