times:
  edit-metadata: 1.4585512280464172
  landing: 1.068188451230526
  view-data: 3.456764556467533
