times:
  edit-metadata: 1.7699948772788048
  landing: 1.0237349793314934
  view-data: 3.5120586082339287
