times:
  edit-metadata: 1.451755102723837
  landing: 0.87930041924119
  view-data: 3.2864452227950096
