times:
  edit-metadata: 2.1871360018849373
  landing: 1.437132567167282
  view-data: 3.4542612060904503
