times:
  edit-metadata: 1.540528915822506
  landing: 1.024396426975727
  view-data: 3.42740298807621
