times:
  edit-metadata: 2.4216304570436478
  landing: 1.2301220744848251
  view-data: 3.421702601015568
