times:
  edit-metadata: 1.4121876507997513
  landing: 0.8721625357866287
  view-data: 3.5576056987047195
