times:
  edit-metadata: 1.522251732647419
  landing: 0.9194809123873711
  view-data: 3.5277713239192963
