times:
  edit-metadata: 1.482756957411766
  landing: 0.8710314258933067
  view-data: 3.395159550011158
