times:
  edit-metadata: 1.4661896973848343
  landing: 0.8219475671648979
  view-data: 3.476871483027935
