times:
  edit-metadata: 1.5253669917583466
  landing: 0.918871782720089
  view-data: 3.5263711139559746
