times:
  edit-metadata: 1.6292693391442299
  landing: 1.1242932081222534
  view-data: 3.336981698870659
