times:
  edit-metadata: 1.4715688973665237
  landing: 0.8558012768626213
  view-data: 3.5335103049874306
