times:
  edit-metadata: 1.5622219368815422
  landing: 0.9662888571619987
  view-data: 3.4587202295660973
