times:
  edit-metadata: 1.4187551587820053
  landing: 0.7496855594217777
  view-data: 3.2690006345510483
