times:
  edit-metadata: 1.466048527508974
  landing: 0.9527931772172451
  view-data: 3.424214866012335
