times:
  edit-metadata: 1.521407712250948
  landing: 0.8219743147492409
  view-data: 3.3762092888355255
