times:
  edit-metadata: 1.502031092531979
  landing: 0.9179900102317333
  view-data: 3.4048116132616997
