times:
  edit-metadata: 2.152998860925436
  landing: 1.3012061333283782
  view-data: 3.568144530057907
