times:
  edit-metadata: 1.697273101657629
  landing: 1.0059297680854797
  view-data: 3.486905636265874
