times:
  edit-metadata: 1.6269445791840553
  landing: 3.5455150604248047
  view-data: 3.4513450786471367
