times:
  edit-metadata: 1.3815790661610663
  landing: 0.7182670752517879
  view-data: 3.2776678311638534
