times:
  edit-metadata: 1.5135076940059662
  landing: 0.7440917938947678
  view-data: 3.3997435197234154
