times:
  edit-metadata: 1.5126721076667309
  landing: 1.0239201225340366
  view-data: 3.4535322971642017
