times:
  edit-metadata: 1.8183578848838806
  landing: 0.8859001491218805
  view-data: 3.428660748526454
