times:
  edit-metadata: 1.5454113488085568
  landing: 0.966089349007234
  view-data: 3.4080032259225845
