times:
  edit-metadata: 1.4822490401566029
  landing: 0.7147181667387486
  view-data: 3.4242577832192183
