times:
  edit-metadata: 1.5370685830712318
  landing: 0.9529130086302757
  view-data: 3.362846277654171
