times:
  edit-metadata: 1.5216867290437222
  landing: 0.9248405937105417
  view-data: 3.4483952028676867
