times:
  edit-metadata: 1.4902385137975216
  landing: 0.87643251568079
  view-data: 3.333226300776005
