times:
  edit-metadata: 1.4997697286307812
  landing: 0.8384747486561537
  view-data: 3.3697823882102966
