times:
  edit-metadata: 1.5121888611465693
  landing: 0.7366797905415297
  view-data: 3.400577813386917
