times:
  edit-metadata: 1.5799671839922667
  landing: 0.8846591915935278
  view-data: 3.3345988411456347
