times:
  edit-metadata: 1.4295137487351894
  landing: 0.8377201901748776
  view-data: 3.4502626582980156
