times:
  edit-metadata: 1.5066067148000002
  landing: 0.8119399561546743
  view-data: 3.3799575371667743
