times:
  edit-metadata: 1.411099414108321
  landing: 0.7106705540791154
  view-data: 3.311089864000678
