times:
  edit-metadata: 1.5035768039524555
  landing: 0.7682373244315386
  view-data: 3.353906275704503
