times:
  edit-metadata: 1.4803262976929545
  landing: 0.7316135969012976
  view-data: 3.26011820230633
