times:
  edit-metadata: 1.4550899304449558
  landing: 0.8844025991857052
  view-data: 3.4250356815755367
