times:
  edit-metadata: 1.4430570071563125
  landing: 0.8918365277349949
  view-data: 3.3337034387513995
