times:
  edit-metadata: 1.4861392583698034
  landing: 0.9340624548494816
  view-data: 3.5823168456554413
