times:
  edit-metadata: 1.5948991738259792
  landing: 0.8986770296469331
  view-data: 3.3844120390713215
