times:
  edit-metadata: 1.5207335744053125
  landing: 0.8191391788423061
  view-data: 3.4664486031979322
