times:
  edit-metadata: 1.5177424866706133
  landing: 0.823185820132494
  view-data: 3.382231967523694
