times:
  edit-metadata: 1.5960017889738083
  landing: 0.9797525480389595
  view-data: 3.3741484843194485
