times:
  edit-metadata: 1.51152472384274
  landing: 0.809337992221117
  view-data: 3.363373637199402
