times:
  edit-metadata: 1.6183669306337833
  landing: 1.0861560851335526
  view-data: 3.3837375342845917
