times:
  edit-metadata: 1.6700545772910118
  landing: 0.8747188597917557
  view-data: 3.3016185835003853
