times:
  edit-metadata: 1.6964119896292686
  landing: 1.0860700160264969
  view-data: 3.3511579260230064
