times:
  edit-metadata: 1.5301648080348969
  landing: 0.9160771183669567
  view-data: 3.325469322502613
