times:
  edit-metadata: 1.5166616537608206
  landing: 0.782511378172785
  view-data: 3.3352000461891294
