times:
  edit-metadata: 1.514765340834856
  landing: 0.7019853368401527
  view-data: 3.3241434041410685
