times:
  edit-metadata: 1.5530476570129395
  landing: 1.0748006319627166
  view-data: 3.43724862113595
