times:
  edit-metadata: 1.5017995722591877
  landing: 0.7247121930122375
  view-data: 3.3980583641678095
