times:
  edit-metadata: 1.826117412187159
  landing: 1.066900706384331
  view-data: 3.568711414001882
