times:
  edit-metadata: 1.5458537861704826
  landing: 0.8038685116916895
  view-data: 3.4506034832447767
