times:
  edit-metadata: 1.5285401679575443
  landing: 0.7690906412899494
  view-data: 3.416557425633073
