times:
  edit-metadata: 1.526859812438488
  landing: 0.7595534697175026
  view-data: 3.4324857108294964
