times:
  edit-metadata: 1.3917385106906295
  landing: 0.8586960984393954
  view-data: 3.340408243238926
