times:
  edit-metadata: 1.3997942171990871
  landing: 0.8974367827177048
  view-data: 3.325218439102173
