times:
  edit-metadata: 1.9717711117118597
  landing: 1.0513490941375494
  view-data: 3.4987829122692347
