times:
  edit-metadata: 1.5891028512269258
  landing: 0.7268404439091682
  view-data: 3.319986430928111
