times:
  edit-metadata: 1.5645236615091562
  landing: 0.924490962177515
  view-data: 3.269374305382371
