times:
  edit-metadata: 1.3958982252515852
  landing: 0.76907824492082
  view-data: 3.276351683307439
