times:
  edit-metadata: 1.6805715970695019
  landing: 0.9945735186338425
  view-data: 3.30943151935935
