times:
  edit-metadata: 1.4929976053535938
  landing: 0.6428228467702866
  view-data: 3.3434962071478367
