times:
  edit-metadata: 1.3991133458912373
  landing: 0.8599573448300362
  view-data: 3.3273737989366055
