times:
  edit-metadata: 1.5161327682435513
  landing: 0.7264984659850597
  view-data: 3.359370034188032
