times:
  edit-metadata: 2.23182026296854
  landing: 1.017642144113779
  view-data: 3.3355642408132553
