times:
  edit-metadata: 1.3438131287693977
  landing: 0.789319034665823
  view-data: 3.282333269715309
