times:
  edit-metadata: 1.55728242918849
  landing: 0.8851844891905785
  view-data: 3.411461900919676
