times:
  edit-metadata: 1.3445841829525307
  landing: 0.7820678720017895
  view-data: 3.3727808360708877
