times:
  edit-metadata: 1.8338772244751453
  landing: 0.7346342541277409
  view-data: 3.4125606678426266
