times:
  edit-metadata: 1.5052355416119099
  landing: 0.7346513941884041
  view-data: 3.4116691406816244
