times:
  edit-metadata: 1.5309277307242155
  landing: 0.7709063198417425
  view-data: 3.4318327736109495
