times:
  edit-metadata: 1.1918578880140558
  landing: 0.2072036240133457
  view-data: 0.2215173229924403
