times:
  edit-metadata: 1.5433174837380648
  landing: 0.782414760440588
  view-data: 3.4417920354753733
