times:
  edit-metadata: 1.900461157783866
  landing: 1.3639432694762945
  view-data: 3.537223747931421
