times:
  edit-metadata: 1.5858124811202288
  landing: 0.7059579752385616
  view-data: 3.2958348374813795
