times:
  edit-metadata: 1.4570054709911346
  landing: 0.8790233470499516
  view-data: 3.3889331743121147
