times:
  edit-metadata: 1.582018192857504
  landing: 0.9677781276404858
  view-data: 3.343819238245487
