times:
  edit-metadata: 1.7163670994341373
  landing: 1.4500047601759434
  view-data: 3.38810658454895
