times:
  edit-metadata: 1.4998759645968676
  landing: 0.743361659348011
  view-data: 3.3912281189113855
