times:
  edit-metadata: 1.466993689071387
  landing: 0.8354926030151546
  view-data: 3.406778268981725
