times:
  edit-metadata: 1.4516784474253654
  landing: 0.8119677426293492
  view-data: 3.368555382825434
