times:
  edit-metadata: 1.556821882724762
  landing: 0.9158175960183144
  view-data: 3.3991231136024
