times:
  edit-metadata: 1.415320698171854
  landing: 0.7910118214786053
  view-data: 3.395931228995323
