times:
  edit-metadata: 1.401837914949283
  landing: 0.7858568630181253
  view-data: 3.291102478047833
