times:
  edit-metadata: 1.4630969054996967
  landing: 0.7473964430391788
  view-data: 3.258873887360096
