times:
  edit-metadata: 1.5454181786626577
  landing: 0.8098742477595806
  view-data: 3.3813230926170945
