times:
  edit-metadata: 1.64187097735703
  landing: 0.8322670627385378
  view-data: 3.3136375658214092
