times:
  edit-metadata: 1.526028936728835
  landing: 0.7548626363277435
  view-data: 3.411130953580141
