times:
  edit-metadata: 1.4997634068131447
  landing: 0.8741212598979473
  view-data: 3.4092014972120523
