times:
  edit-metadata: 1.5331412367522717
  landing: 0.8087025359272957
  view-data: 3.4048396199941635
