times:
  edit-metadata: 1.5883456598967314
  landing: 0.837494907900691
  view-data: 3.4401582814753056
