times:
  edit-metadata: 1.5260668769478798
  landing: 0.7284235283732414
  view-data: 3.3791717253625393
