times:
  edit-metadata: 1.4381320774555206
  landing: 1.0121893621981144
  view-data: 3.4215116649866104
