times:
  edit-metadata: 1.580409437417984
  landing: 0.8862996622920036
  view-data: 3.4139420725405216
