times:
  edit-metadata: 1.644665114581585
  landing: 0.9100583679974079
  view-data: 3.473300565034151
