times:
  edit-metadata: 1.5157771911472082
  landing: 0.759008627384901
  view-data: 3.4377544205635786
