times:
  edit-metadata: 1.5226598680019379
  landing: 0.9041842930018902
  view-data: 3.4192915968596935
