times:
  edit-metadata: 1.4807877354323864
  landing: 0.8762805163860321
  view-data: 3.314494203776121
