times:
  edit-metadata: 1.5386047391220927
  landing: 0.8780278116464615
  view-data: 3.4842386012896895
