times:
  edit-metadata: 1.4786195941269398
  landing: 0.9121208153665066
  view-data: 3.3271592259407043
