times:
  edit-metadata: 1.402040034532547
  landing: 0.8152372539043427
  view-data: 3.2573360688984394
