times:
  edit-metadata: 1.4567063078284264
  landing: 0.6779188513755798
  view-data: 3.2852703146636486
