times:
  edit-metadata: 1.457496850285679
  landing: 0.7888668989762664
  view-data: 3.3669087709859014
