times:
  edit-metadata: 1.4385334961116314
  landing: 0.7764996318146586
  view-data: 3.2599054826423526
