times:
  edit-metadata: 2.561256748624146
  landing: 1.4820837723091245
  view-data: 3.794125842861831
