times:
  edit-metadata: 1.4791899137198925
  landing: 0.9365067780017853
  view-data: 3.396630823612213
