times:
  edit-metadata: 1.479521518573165
  landing: 0.7801234181970358
  view-data: 3.3545442577451468
