times:
  edit-metadata: 1.9863011427223682
  landing: 1.3192035015672445
  view-data: 3.720770927146077
