times:
  edit-metadata: 2.0418960275128484
  landing: 0.7529907831922174
  view-data: 3.3183350320905447
