times:
  edit-metadata: 1.6566657796502113
  landing: 1.120356023311615
  view-data: 3.370136957615614
