times:
  edit-metadata: 2.5933442786335945
  landing: 1.3628615513443947
  view-data: 3.596514031291008
