times:
  edit-metadata: 1.6392705794423819
  landing: 0.8936880258843303
  view-data: 3.396057028323412
