times:
  edit-metadata: 1.5185645930469036
  landing: 0.7576465606689453
  view-data: 3.3586157858371735
