times:
  edit-metadata: 1.569784321822226
  landing: 0.866400402970612
  view-data: 3.437835126183927
