times:
  edit-metadata: 1.5363403540104628
  landing: 0.7299213334918022
  view-data: 3.378015538677573
