times:
  edit-metadata: 1.5425529349595308
  landing: 0.8525082431733608
  view-data: 3.373858407139778
