times:
  edit-metadata: 1.5281924344599247
  landing: 0.7818370722234249
  view-data: 3.3955584689974785
