times:
  edit-metadata: 1.5732529163360596
  landing: 0.9530459977686405
  view-data: 3.3151232600212097
