times:
  edit-metadata: 1.4377732169814408
  landing: 0.8151073888875544
  view-data: 3.3608575148973614
