times:
  edit-metadata: 1.4978367239236832
  landing: 0.7308676484972239
  view-data: 3.39644424431026
