times:
  edit-metadata: 1.5597377847880125
  landing: 0.8116581300273538
  view-data: 3.37850061012432
