times:
  edit-metadata: 1.5745415072888136
  landing: 0.8094588201493025
  view-data: 3.465371811762452
