times:
  edit-metadata: 1.5694368062540889
  landing: 0.944142559543252
  view-data: 3.400716179050505
