times:
  edit-metadata: 1.6001858115196228
  landing: 0.8403289932757616
  view-data: 3.4504997562617064
