times:
  edit-metadata: 1.5035009942948818
  landing: 0.8764847069978714
  view-data: 3.289672788232565
