times:
  edit-metadata: 1.5468417443335056
  landing: 0.8416172713041306
  view-data: 3.4311203323304653
