times:
  edit-metadata: 1.5619049370288849
  landing: 0.9022132568061352
  view-data: 3.4423468746244907
