times:
  edit-metadata: 1.5115155391395092
  landing: 0.818901777267456
  view-data: 3.3947624769061804
