times:
  edit-metadata: 1.3704256266355515
  landing: 0.944488026201725
  view-data: 3.3020088896155357
