times:
  edit-metadata: 1.6109540790785104
  landing: 0.8114460061769933
  view-data: 3.3335030679591
