times:
  edit-metadata: 1.5075396858155727
  landing: 0.8841330036520958
  view-data: 3.3822842240333557
