times:
  edit-metadata: 1.6110875010490417
  landing: 1.2355524897575378
  view-data: 3.410336419939995
