times:
  edit-metadata: 1.4566470384597778
  landing: 0.8152831438928843
  view-data: 3.3046269919723272
