times:
  edit-metadata: 1.5870791003108025
  landing: 0.7850981559604406
  view-data: 3.4398352783173323
