times:
  edit-metadata: 1.5437675947323442
  landing: 0.8414297066628933
  view-data: 3.3053275998681784
