times:
  edit-metadata: 1.5181337352842093
  landing: 0.7694964203983545
  view-data: 3.426630249246955
