times:
  edit-metadata: 1.3896889183670282
  landing: 0.7090543229132891
  view-data: 3.3700355775654316
