times:
  edit-metadata: 1.5669766329228878
  landing: 0.9822286926209927
  view-data: 3.3662865199148655
