times:
  edit-metadata: 1.6064138542860746
  landing: 0.797965494915843
  view-data: 3.446904819458723
