times:
  edit-metadata: 1.7254404295235872
  landing: 0.9871451500803232
  view-data: 3.390203921124339
