times:
  edit-metadata: 1.8205149918794632
  landing: 0.9362099142745137
  view-data: 3.7846338832750916
