times:
  edit-metadata: 1.5612740640062839
  landing: 0.920526581001468
  view-data: 3.408399121952243
