times:
  edit-metadata: 1.4952095188200474
  landing: 0.702118780463934
  view-data: 3.3327764198184013
