times:
  edit-metadata: 1.531589537858963
  landing: 0.7140551954507828
  view-data: 3.371178187429905
