times:
  edit-metadata: 2.0763446614146233
  landing: 1.141467448323965
  view-data: 3.3642045073211193
