times:
  edit-metadata: 1.868509080260992
  landing: 0.938848216086626
  view-data: 3.4239503145217896
