times:
  edit-metadata: 1.5101306790020317
  landing: 1.0559426581021398
  view-data: 3.3869952228851616
