times:
  edit-metadata: 1.4662595354020596
  landing: 0.9434973783791065
  view-data: 3.361885890364647
