times:
  edit-metadata: 1.4690565560013056
  landing: 0.8114242646843195
  view-data: 3.3648725133389235
