times:
  edit-metadata: 1.606682613492012
  landing: 1.4382725805044174
  view-data: 3.369279284030199
