times:
  edit-metadata: 1.4093727767467499
  landing: 1.0599124804139137
  view-data: 3.3664723560214043
