times:
  edit-metadata: 1.422866702079773
  landing: 0.8629011064767838
  view-data: 3.3591771768406034
