times:
  edit-metadata: 1.612538829445839
  landing: 0.9206908717751503
  view-data: 3.3338514901697636
