times:
  edit-metadata: 1.5962086152285337
  landing: 0.8908925820142031
  view-data: 3.4941215105354786
