times:
  edit-metadata: 1.4333536620251834
  landing: 0.8362636957317591
  view-data: 3.40591480769217
