times:
  edit-metadata: 1.400467623025179
  landing: 0.8640647642314434
  view-data: 3.329282436519861
