times:
  edit-metadata: 1.479864940047264
  landing: 0.7836588900536299
  view-data: 3.3885797187685966
