times:
  edit-metadata: 1.7141376081854105
  landing: 0.8708628974854946
  view-data: 3.3545392006635666
