times:
  edit-metadata: 1.429943551775068
  landing: 0.8044641721062362
  view-data: 3.377035099081695
