times:
  edit-metadata: 1.5753128295764327
  landing: 0.7984692435711622
  view-data: 3.404415394179523
