times:
  edit-metadata: 1.4392194896936417
  landing: 0.7679382711648941
  view-data: 3.334212187677622
