times:
  edit-metadata: 1.523214751854539
  landing: 0.865983484312892
  view-data: 3.424342902377248
