times:
  edit-metadata: 1.5894519202411175
  landing: 0.8427647240459919
  view-data: 3.437564592808485
