times:
  edit-metadata: 1.4877215810120106
  landing: 0.9395615756511688
  view-data: 3.353415574878454
