times:
  edit-metadata: 1.4578620782122016
  landing: 0.852791178971529
  view-data: 3.3523215129971504
