times:
  edit-metadata: 1.5477013103663921
  landing: 0.9183179102838039
  view-data: 3.4147742427885532
