times:
  edit-metadata: 1.6897446997463703
  landing: 1.0961986854672432
  view-data: 3.405361894518137
