times:
  edit-metadata: 2.254902779124677
  landing: 1.1430267011746764
  view-data: 3.62053335737437
