times:
  edit-metadata: 1.5856786291114986
  landing: 0.9401478641666472
  view-data: 3.380265035200864
