times:
  edit-metadata: 1.586970891803503
  landing: 0.7835246026515961
  view-data: 3.4178186114877462
