times:
  edit-metadata: 1.400924764573574
  landing: 0.7239712700247765
  view-data: 3.4092111103236675
