times:
  edit-metadata: 1.5711817368865013
  landing: 0.8237967304885387
  view-data: 3.4125005193054676
