times:
  edit-metadata: 1.6522233970463276
  landing: 0.916574589908123
  view-data: 3.416628047823906
