times:
  edit-metadata: 1.5691622719168663
  landing: 0.8960327208042145
  view-data: 3.3763082809746265
