times:
  edit-metadata: 1.5774441938847303
  landing: 0.9732402432709932
  view-data: 3.478370638564229
