times:
  edit-metadata: 1.5187509469687939
  landing: 1.000392023473978
  view-data: 3.292162410914898
