times:
  edit-metadata: 1.458524089306593
  landing: 0.7262417171150446
  view-data: 3.3500000424683094
