times:
  edit-metadata: 1.6352507416158915
  landing: 0.8717906437814236
  view-data: 3.290878439322114
