times:
  edit-metadata: 1.4364790339022875
  landing: 0.852432849816978
  view-data: 3.3287400705739856
