times:
  edit-metadata: 1.4532309882342815
  landing: 0.799076565541327
  view-data: 3.3653207570314407
