times:
  edit-metadata: 1.619193121790886
  landing: 0.9891623668372631
  view-data: 3.3681385554373264
