times:
  edit-metadata: 1.5087845996022224
  landing: 0.8747740909457207
  view-data: 3.365641061216593
