times:
  edit-metadata: 1.6074660439044237
  landing: 0.7875417396426201
  view-data: 3.4195527117699385
