times:
  edit-metadata: 1.606226021423936
  landing: 0.6885336078703403
  view-data: 3.287146022543311
