times:
  edit-metadata: 1.7117515057325363
  landing: 0.9141415432095528
  view-data: 3.419297069311142
