times:
  edit-metadata: 1.5265790710691363
  landing: 0.8554852460511029
  view-data: 3.4533279829192907
