times:
  edit-metadata: 1.4491776628419757
  landing: 0.7581166150048375
  view-data: 3.3404397405683994
