times:
  edit-metadata: 1.4531762111000717
  landing: 0.8591590877622366
  view-data: 3.2810595966875553
