times:
  edit-metadata: 1.5480501260608435
  landing: 0.8135163933038712
  view-data: 3.448300536721945
