times:
  edit-metadata: 1.5872864108532667
  landing: 0.8542431201785803
  view-data: 3.5501840598881245
