times:
  edit-metadata: 1.5532144624739885
  landing: 0.8736622948199511
  view-data: 3.4197567719966173
