times:
  edit-metadata: 1.5374018028378487
  landing: 0.780163710936904
  view-data: 3.299890674650669
