times:
  edit-metadata: 1.4864863194525242
  landing: 0.8841005265712738
  view-data: 3.4030348751693964
