times:
  edit-metadata: 1.5178605020046234
  landing: 0.8193355835974216
  view-data: 3.452629968523979
