times:
  edit-metadata: 1.60009990260005
  landing: 0.9069430083036423
  view-data: 3.4061115756630898
