times:
  edit-metadata: 1.5108210667967796
  landing: 0.8943219035863876
  view-data: 3.450217377394438
