times:
  edit-metadata: 1.3914796086028218
  landing: 0.7897941870614886
  view-data: 3.320886441040784
