times:
  edit-metadata: 1.4231386333703995
  landing: 0.8599384166300297
  view-data: 3.409042289480567
