times:
  edit-metadata: 2.012581806629896
  landing: 0.9389813840389252
  view-data: 3.400636486709118
