times:
  edit-metadata: 1.5632269107736647
  landing: 0.8252383293583989
  view-data: 3.341012943070382
