times:
  edit-metadata: 1.770533747971058
  landing: 1.2568036653101444
  view-data: 3.6141710989177227
