times:
  edit-metadata: 1.444508004002273
  landing: 0.8112353069009259
  view-data: 3.3418335700407624
