times:
  edit-metadata: 1.5180247202515602
  landing: 0.7384934853762388
  view-data: 3.4021430779248476
