times:
  edit-metadata: 2.753886815160513
  landing: 1.9690360724925995
  view-data: 3.5490143671631813
