times:
  edit-metadata: 1.39873468875885
  landing: 0.8414697274565697
  view-data: 3.359227307140827
