times:
  edit-metadata: 1.4706704150885344
  landing: 0.7588891955092549
  view-data: 3.3217923808842897
