times:
  edit-metadata: 1.5858232975006104
  landing: 1.0059409104287624
  view-data: 3.382787324488163
