times:
  edit-metadata: 1.4312646170146763
  landing: 0.7776824419852346
  view-data: 3.357609413098544
