times:
  edit-metadata: 1.431340403854847
  landing: 0.6795458607375622
  view-data: 3.270358320325613
