times:
  edit-metadata: 1.438903753645718
  landing: 0.8243633816018701
  view-data: 3.333386695943773
