times:
  edit-metadata: 1.4501280970871449
  landing: 0.8061025906354189
  view-data: 3.36350564006716
