times:
  edit-metadata: 1.4476515306159854
  landing: 0.8656845344230533
  view-data: 3.411408308893442
