times:
  edit-metadata: 1.7351167760789394
  landing: 0.9221729808486998
  view-data: 3.3563426970504224
