times:
  edit-metadata: 1.9519441868178546
  landing: 1.2080012909136713
  view-data: 3.4168935888446867
