times:
  edit-metadata: 1.448143970221281
  landing: 0.8848883993923664
  view-data: 3.4152978733181953
