times:
  edit-metadata: 2.5648049749433994
  landing: 1.4389155842363834
  view-data: 3.740716841071844
