times:
  edit-metadata: 1.6232900489121675
  landing: 0.8125590858981013
  view-data: 3.399050295352936
