times:
  edit-metadata: 1.5516435988247395
  landing: 0.7961546033620834
  view-data: 3.424485114403069
