times:
  edit-metadata: 2.248526308685541
  landing: 1.2932123746722937
  view-data: 3.567608021199703
