times:
  edit-metadata: 1.665974016301334
  landing: 0.9554035663604736
  view-data: 3.494377354159951
