times:
  edit-metadata: 2.5880824364721775
  landing: 0.8868118152022362
  view-data: 3.335132984444499
