times:
  edit-metadata: 1.4406160470098257
  landing: 4.956152139231563
  view-data: 3.412914847023785
