times:
  edit-metadata: 1.4225643873214722
  landing: 0.8934587948024273
  view-data: 3.339495722204447
