times:
  edit-metadata: 1.5505603700876236
  landing: 0.8063644431531429
  view-data: 3.403013613075018
