times:
  edit-metadata: 1.9498739172704518
  landing: 1.08273505885154
  view-data: 3.4308833447284997
