times:
  edit-metadata: 1.4250277001410723
  landing: 0.7489084638655186
  view-data: 3.337983839213848
