times:
  edit-metadata: 1.556539423763752
  landing: 0.6774934995919466
  view-data: 3.3334412947297096
