times:
  edit-metadata: 1.582659223000519
  landing: 0.7446583110140637
  view-data: 3.2529488790314645
