times:
  edit-metadata: 1.3212016480974853
  landing: 0.7931457669474185
  view-data: 3.3295208937488496
