times:
  edit-metadata: 1.4177568182349205
  landing: 0.8306845081970096
  view-data: 3.3581791701726615
