times:
  edit-metadata: 1.5285374484956264
  landing: 0.8142259009182453
  view-data: 3.427808651700616
