times:
  edit-metadata: 1.5308041125535965
  landing: 0.9142697639763355
  view-data: 3.3149777576327324
