times:
  edit-metadata: 1.6559987030923367
  landing: 0.9948388412594795
  view-data: 3.3696038238704205
