times:
  edit-metadata: 1.6020271573215723
  landing: 0.8039915710687637
  view-data: 3.3650532253086567
