times:
  edit-metadata: 1.510087562724948
  landing: 0.7074475474655628
  view-data: 3.36485874094069
