times:
  edit-metadata: 1.3284913636744022
  landing: 0.7056727632880211
  view-data: 3.3406372144818306
