times:
  edit-metadata: 1.406208312138915
  landing: 0.7780145052820444
  view-data: 3.358112735673785
