times:
  edit-metadata: 1.436054370366037
  landing: 0.7565201628021896
  view-data: 3.3411856507882476
