times:
  edit-metadata: 1.9874908402562141
  landing: 0.9901772066950798
  view-data: 3.44157163053751
