times:
  edit-metadata: 1.5231690853834152
  landing: 0.7926132678985596
  view-data: 3.472985841333866
