times:
  edit-metadata: 1.5362170860171318
  landing: 0.8267457447946072
  view-data: 3.327192597091198
