times:
  edit-metadata: 1.6040736511349678
  landing: 0.8399642892181873
  view-data: 3.385272331535816
