times:
  edit-metadata: 1.4100936129689217
  landing: 0.7731764540076256
  view-data: 3.293948382139206
