times:
  edit-metadata: 1.5004716217517853
  landing: 0.7311010435223579
  view-data: 3.382770601660013
