times:
  edit-metadata: 1.687662847340107
  landing: 0.7206042632460594
  view-data: 3.5615646690130234
