times:
  edit-metadata: 1.8784756734967232
  landing: 0.891458585858345
  view-data: 3.35902002453804
