times:
  edit-metadata: 1.4043137580156326
  landing: 0.7647387757897377
  view-data: 3.298147365450859
