times:
  edit-metadata: 1.3892145082354546
  landing: 0.7214011549949646
  view-data: 3.468265898525715
