times:
  edit-metadata: 1.4995199590921402
  landing: 0.7328405603766441
  view-data: 3.4708252400159836
