times:
  edit-metadata: 1.5172588676214218
  landing: 0.8796045891940594
  view-data: 3.3528738915920258
