times:
  edit-metadata: 1.5530190579593182
  landing: 0.8426679410040379
  view-data: 0.6540364064276218
