times:
  edit-metadata: 1.5916792973876
  landing: 0.8382755890488625
  view-data: 3.322528511285782
