times:
  edit-metadata: 1.5233186036348343
  landing: 0.6940030977129936
  view-data: 3.4834307953715324
