times:
  edit-metadata: 1.410391017794609
  landing: 0.719123587012291
  view-data: 3.5678239092230797
