times:
  edit-metadata: 1.4363633841276169
  landing: 0.7554553002119064
  view-data: 3.363339338451624
