times:
  edit-metadata: 1.5266350135207176
  landing: 0.8834169767796993
  view-data: 3.284240324050188
