times:
  edit-metadata: 1.9879811629652977
  landing: 0.9841715320944786
  view-data: 3.481564648449421
