times:
  edit-metadata: 1.4672027602791786
  landing: 0.8189019709825516
  view-data: 3.328472226858139
