times:
  edit-metadata: 1.512500487267971
  landing: 0.735035315155983
  view-data: 3.323473535478115
