times:
  edit-metadata: 3.0388329662382603
  landing: 1.1577166356146336
  view-data: 3.5675000697374344
