times:
  edit-metadata: 1.5629845038056374
  landing: 0.727967381477356
  view-data: 3.5310072377324104
