times:
  edit-metadata: 1.4435644745826721
  landing: 0.8259516693651676
  view-data: 3.253875695168972
