times:
  edit-metadata: 1.7241726592183113
  landing: 1.0013437196612358
  view-data: 3.35698252171278
