times:
  edit-metadata: 1.3813983723521233
  landing: 0.6981594413518906
  view-data: 3.4549612402915955
