times:
  edit-metadata: 1.5402295365929604
  landing: 0.7794440686702728
  view-data: 3.42000712454319
