times:
  edit-metadata: 1.5259694904088974
  landing: 0.9832852184772491
  view-data: 3.535980723798275
