times:
  edit-metadata: 1.4900232553482056
  landing: 0.7743190228939056
  view-data: 3.4263333156704903
