times:
  edit-metadata: 1.5795127637684345
  landing: 0.8551877588033676
  view-data: 3.348936039954424
