times:
  edit-metadata: 1.457590389996767
  landing: 0.8249030746519566
  view-data: 3.3065936118364334
