times:
  edit-metadata: 1.7554754316806793
  landing: 0.8778788596391678
  view-data: 3.6605334505438805
