times:
  edit-metadata: 1.459918089210987
  landing: 0.8277937844395638
  view-data: 3.322906356304884
