times:
  edit-metadata: 1.5932728052139282
  landing: 0.7527543529868126
  view-data: 3.555723562836647
