times:
  edit-metadata: 2.0603010430932045
  landing: 1.0920224785804749
  view-data: 3.4552049562335014
