times:
  edit-metadata: 1.756113100796938
  landing: 0.7648477926850319
  view-data: 3.2755596935749054
