times:
  edit-metadata: 1.5444699227809906
  landing: 0.7978524714708328
  view-data: 3.447982259094715
