times:
  edit-metadata: 1.704269103705883
  landing: 0.7760842181742191
  view-data: 3.2861175276339054
