times:
  edit-metadata: 1.4519480988383293
  landing: 0.7394376769661903
  view-data: 3.506530463695526
