times:
  edit-metadata: 1.4994935020804405
  landing: 0.7033311799168587
  view-data: 3.4923963099718094
