times:
  edit-metadata: 1.3901497051119804
  landing: 0.7044022381305695
  view-data: 3.4804462641477585
