times:
  edit-metadata: 1.8357509523630142
  landing: 1.154610089957714
  view-data: 3.3394022434949875
