times:
  edit-metadata: 1.5480770245194435
  landing: 0.80788504332304
  view-data: 3.3490973487496376
