times:
  edit-metadata: 1.4248595833778381
  landing: 0.8214612975716591
  view-data: 3.5185481533408165
