times:
  edit-metadata: 1.5012053698301315
  landing: 0.7828346118330956
  view-data: 3.5020920410752296
