times:
  edit-metadata: 1.550833661109209
  landing: 0.7999812588095665
  view-data: 3.3353234864771366
