times:
  edit-metadata: 1.7466057613492012
  landing: 0.9006664045155048
  view-data: 3.3965389281511307
