times:
  edit-metadata: 1.5555139482021332
  landing: 0.8451861292123795
  view-data: 3.540768839418888
