times:
  edit-metadata: 1.4521780014038086
  landing: 0.8202887326478958
  view-data: 3.509735383093357
