times:
  edit-metadata: 1.4695167876780033
  landing: 0.7078018561005592
  view-data: 3.314398340880871
