times:
  edit-metadata: 1.388320367783308
  landing: 0.8004477061331272
  view-data: 3.261476505547762
