times:
  edit-metadata: 1.4910810142755508
  landing: 0.7893965020775795
  view-data: 3.54802418500185
