times:
  edit-metadata: 1.642201267182827
  landing: 0.7781123593449593
  view-data: 3.3143331855535507
