times:
  edit-metadata: 1.4746023118495941
  landing: 0.7900024950504303
  view-data: 3.5519405603408813
