times:
  edit-metadata: 1.4111106395721436
  landing: 0.7881852313876152
  view-data: 3.453050598502159
