times:
  edit-metadata: 1.8445754945278168
  landing: 1.06092182174325
  view-data: 3.4581757374107838
