times:
  edit-metadata: 1.5227344632148743
  landing: 0.8051299750804901
  view-data: 3.3217630460858345
