times:
  edit-metadata: 1.2191494032740593
  landing: 0.7529479339718819
  view-data: 3.507616527378559
