times:
  edit-metadata: 1.5831472240388393
  landing: 0.8957380391657352
  view-data: 3.2975564152002335
