times:
  edit-metadata: 2.3281461000442505
  landing: 1.3854385390877724
  view-data: 3.9383321553468704
