times:
  edit-metadata: 2.8072104528546333
  landing: 1.4908627793192863
  view-data: 3.572023466229439
