times:
  edit-metadata: 1.6137555502355099
  landing: 0.7414104491472244
  view-data: 3.325766447931528
