times:
  edit-metadata: 2.067321389913559
  landing: 1.394498124718666
  view-data: 3.4123956449329853
