times:
  edit-metadata: 1.5758031345903873
  landing: 0.810653917491436
  view-data: 3.325239557772875
