times:
  edit-metadata: 1.4948666617274284
  landing: 0.7449558824300766
  view-data: 3.448388420045376
