times:
  edit-metadata: 1.4775710627436638
  landing: 0.7476368471980095
  view-data: 3.258651465177536
