times:
  edit-metadata: 1.5838929191231728
  landing: 0.8086184412240982
  view-data: 3.3453660756349564
