times:
  edit-metadata: 1.4618572853505611
  landing: 0.8025265075266361
  view-data: 3.2818393856287003
