times:
  edit-metadata: 1.758022092282772
  landing: 0.7817019671201706
  view-data: 3.3600017949938774
