times:
  edit-metadata: 1.4198461771011353
  landing: 0.7909521050751209
  view-data: 3.323450941592455
