times:
  edit-metadata: 1.5629298686981201
  landing: 0.7290900573134422
  view-data: 3.5202642530202866
