times:
  edit-metadata: 2.0969164967536926
  landing: 1.0024954080581665
  view-data: 3.3496367186307907
