times:
  edit-metadata: 1.5339590907096863
  landing: 0.79593176394701
  view-data: 3.319745436310768
