times:
  edit-metadata: 1.6035820841789246
  landing: 0.7477293908596039
  view-data: 3.3774349093437195
