times:
  edit-metadata: 1.4152005538344383
  landing: 0.7836832329630852
  view-data: 3.294348258525133
