times:
  edit-metadata: 1.5613918974995613
  landing: 0.8018866330385208
  view-data: 3.546256259083748
