times:
  edit-metadata: 1.5672960132360458
  landing: 0.8866966739296913
  view-data: 3.373908244073391
