times:
  edit-metadata: 1.5344336554408073
  landing: 0.7495424076914787
  view-data: 3.308119975030422
