times:
  edit-metadata: 1.569372721016407
  landing: 0.7998728603124619
  view-data: 3.397241994738579
