times:
  edit-metadata: 1.4730105623602867
  landing: 0.7513560876250267
  view-data: 3.609850913286209
