times:
  edit-metadata: 1.471311554312706
  landing: 0.7352332696318626
  view-data: 3.790960133075714
