times:
  edit-metadata: 1.5643933713436127
  landing: 0.8172253966331482
  view-data: 3.572034679353237
