times:
  edit-metadata: 1.397211391478777
  landing: 0.8392374366521835
  view-data: 3.2869368381798267
