times:
  edit-metadata: 1.3982069976627827
  landing: 0.7798519805073738
  view-data: 3.3693687580525875
