times:
  edit-metadata: 1.5361772254109383
  landing: 0.7414454966783524
  view-data: 3.5452716052532196
