times:
  edit-metadata: 1.4920746684074402
  landing: 0.7228914052248001
  view-data: 3.372344132512808
