times:
  edit-metadata: 1.5245562456548214
  landing: 0.7748689278960228
  view-data: 3.2649382650852203
