times:
  edit-metadata: 1.4401563704013824
  landing: 0.7070556655526161
  view-data: 3.380705989897251
