times:
  edit-metadata: 1.5338621959090233
  landing: 0.7082429751753807
  view-data: 3.2617524415254593
