times:
  edit-metadata: 1.4737642407417297
  landing: 0.7332496717572212
  view-data: 3.4472804442048073
