times:
  edit-metadata: 1.4596725553274155
  landing: 0.7679328843951225
  view-data: 3.5099750384688377
