times:
  edit-metadata: 1.5583255738019943
  landing: 0.7642645463347435
  view-data: 3.4909486547112465
