times:
  edit-metadata: 1.4174928441643715
  landing: 0.769038513302803
  view-data: 3.3475230261683464
