times:
  edit-metadata: 1.8210394158959389
  landing: 0.8330334722995758
  view-data: 3.3681332170963287
