times:
  edit-metadata: 1.4576165489852428
  landing: 0.8138376995921135
  view-data: 3.4185805693268776
