times:
  edit-metadata: 1.4411012753844261
  landing: 0.7191387265920639
  view-data: 3.5737438201904297
