times:
  edit-metadata: 1.5169747695326805
  landing: 0.8000683002173901
  view-data: 3.344193547964096
