times:
  edit-metadata: 1.5609103105962276
  landing: 0.741975698620081
  view-data: 3.2408901900053024
