times:
  edit-metadata: 1.4289185553789139
  landing: 0.7614003792405128
  view-data: 3.300859060138464
