times:
  edit-metadata: 1.5575340501964092
  landing: 0.7894275411963463
  view-data: 3.378068022429943
