times:
  edit-metadata: 1.4644558131694794
  landing: 0.8166084513068199
  view-data: 3.4616882875561714
