times:
  edit-metadata: 1.3042183816432953
  landing: 0.9225534573197365
  view-data: 3.5464402362704277
