times:
  edit-metadata: 4.37764909863472
  landing: 2.18327796459198
  view-data: 4.246306374669075
