times:
  edit-metadata: 1.4370492324233055
  landing: 0.764636617153883
  view-data: 3.3966930136084557
