times:
  edit-metadata: 1.4768910184502602
  landing: 0.8037444725632668
  view-data: 3.287776902318001
