times:
  edit-metadata: 1.5790651738643646
  landing: 0.7346324995160103
  view-data: 3.4737992361187935
