times:
  edit-metadata: 1.5275845006108284
  landing: 0.7167341113090515
  view-data: 3.478659003973007
