times:
  edit-metadata: 1.472831979393959
  landing: 0.7430313676595688
  view-data: 3.543574243783951
