times:
  edit-metadata: 1.4363385848701
  landing: 0.7832118608057499
  view-data: 3.3499890007078648
