times:
  edit-metadata: 1.9096274673938751
  landing: 0.994375117123127
  view-data: 3.3104546777904034
