times:
  edit-metadata: 1.5986423939466476
  landing: 0.9056522026658058
  view-data: 3.5528213679790497
