times:
  edit-metadata: 1.6204251535236835
  landing: 0.8922471106052399
  view-data: 3.3057494163513184
