times:
  edit-metadata: 1.5238165631890297
  landing: 0.7871357724070549
  view-data: 3.5779853761196136
