times:
  edit-metadata: 1.4693368673324585
  landing: 0.7743015140295029
  view-data: 3.29809458181262
