times:
  edit-metadata: 1.5032616704702377
  landing: 0.7218000367283821
  view-data: 3.2977586463093758
