times:
  edit-metadata: 1.5212598256766796
  landing: 0.7259438075125217
  view-data: 3.320384405553341
