times:
  edit-metadata: 1.595143385231495
  landing: 0.897175382822752
  view-data: 3.3020046316087246
