times:
  edit-metadata: 1.4336632192134857
  landing: 1.1456733047962189
  view-data: 3.5199357718229294
