times:
  edit-metadata: 1.5676792785525322
  landing: 0.7975823655724525
  view-data: 3.428683638572693
