times:
  edit-metadata: 1.6300401240587234
  landing: 0.77043017745018
  view-data: 3.4928408935666084
