times:
  edit-metadata: 1.4718274250626564
  landing: 0.666186161339283
  view-data: 3.5191721469163895
