times:
  edit-metadata: 1.706724125891924
  landing: 0.777455311268568
  view-data: 3.3345568254590034
