times:
  edit-metadata: 1.9777972102165222
  landing: 1.0276894457638264
  view-data: 3.347091529518366
