times:
  edit-metadata: 1.643907330930233
  landing: 0.9023635983467102
  view-data: 3.538859985768795
