times:
  edit-metadata: 1.4748350605368614
  landing: 0.7351347878575325
  view-data: 3.257159285247326
