times:
  edit-metadata: 1.3905638419091702
  landing: 0.8562545962631702
  view-data: 3.345188993960619
