times:
  edit-metadata: 1.5758907571434975
  landing: 0.7160129025578499
  view-data: 3.540068171918392
