times:
  edit-metadata: 1.434269119054079
  landing: 0.8749114163219929
  view-data: 3.31908006221056
