times:
  edit-metadata: 1.5256934687495232
  landing: 0.7682894989848137
  view-data: 3.3186444863677025
