times:
  edit-metadata: 1.5299836248159409
  landing: 0.7249338552355766
  view-data: 3.450742371380329
