times:
  edit-metadata: 1.552221767604351
  landing: 0.8423318266868591
  view-data: 3.510593421757221
