times:
  edit-metadata: 1.5184392258524895
  landing: 0.7038798779249191
  view-data: 3.387163534760475
