times:
  edit-metadata: 1.5427025854587555
  landing: 0.7739700861275196
  view-data: 3.280840028077364
