times:
  edit-metadata: 1.869587004184723
  landing: 1.0759946331381798
  view-data: 3.3439200185239315
