times:
  edit-metadata: 1.5040911436080933
  landing: 0.8797333911061287
  view-data: 3.3750698938965797
