times:
  edit-metadata: 1.4819207265973091
  landing: 0.7912078201770782
  view-data: 3.306902565062046
