times:
  edit-metadata: 1.634719580411911
  landing: 0.9431442841887474
  view-data: 3.6122932881116867
