times:
  edit-metadata: 1.5182811170816422
  landing: 0.797336034476757
  view-data: 3.5404037311673164
