times:
  edit-metadata: 1.6033754870295525
  landing: 0.7734911218285561
  view-data: 3.290484093129635
