times:
  edit-metadata: 1.5937128514051437
  landing: 0.831074133515358
  view-data: 3.3197045512497425
