times:
  edit-metadata: 1.4988936483860016
  landing: 0.7182978615164757
  view-data: 3.5113662406802177
