times:
  edit-metadata: 1.7443666830658913
  landing: 0.7715824246406555
  view-data: 3.557922065258026
