times:
  edit-metadata: 1.7419077306985855
  landing: 0.9442548081278801
  view-data: 3.402877189218998
