times:
  edit-metadata: 1.5378959476947784
  landing: 0.7341793850064278
  view-data: 3.476946696639061
