times:
  edit-metadata: 1.4076815396547318
  landing: 0.7641971260309219
  view-data: 3.3169444128870964
