times:
  edit-metadata: 1.5699125677347183
  landing: 0.8319918215274811
  view-data: 3.282340370118618
