times:
  edit-metadata: 1.446192342787981
  landing: 0.8238443806767464
  view-data: 3.2923708632588387
