times:
  edit-metadata: 1.4983085840940475
  landing: 0.763188436627388
  view-data: 3.5394773557782173
