times:
  edit-metadata: 1.4169671908020973
  landing: 0.7384845837950706
  view-data: 13.087711900472641
