times:
  edit-metadata: 1.547113411128521
  landing: 0.772641010582447
  view-data: 3.524757206439972
