times:
  edit-metadata: 1.4366799592971802
  landing: 0.8276322409510612
  view-data: 3.304209351539612
