times:
  edit-metadata: 2.3208384066820145
  landing: 0.959930170327425
  view-data: 3.447872754186392
