times:
  edit-metadata: 1.5387878566980362
  landing: 0.8935624696314335
  view-data: 3.368581786751747
