times:
  edit-metadata: 1.373061642050743
  landing: 0.7579098157584667
  view-data: 3.3144784793257713
