times:
  edit-metadata: 1.5476897843182087
  landing: 0.7760535813868046
  view-data: 3.2874276489019394
