times:
  edit-metadata: 1.4484865739941597
  landing: 0.7232614681124687
  view-data: 3.355286408215761
