times:
  edit-metadata: 1.8106150776147842
  landing: 1.1098749414086342
  view-data: 3.646784208714962
