times:
  edit-metadata: 1.5218757167458534
  landing: 0.8802617639303207
  view-data: 3.2982002906501293
