times:
  edit-metadata: 1.4135075099766254
  landing: 0.8409691117703915
  view-data: 3.5302409306168556
