times:
  edit-metadata: 1.3830566927790642
  landing: 0.7508617043495178
  view-data: 3.4157490730285645
