times:
  edit-metadata: 1.580111887305975
  landing: 0.7952877953648567
  view-data: 3.2985394038259983
