times:
  edit-metadata: 1.5006836131215096
  landing: 0.7780401408672333
  view-data: 3.4365018233656883
