times:
  edit-metadata: 1.4254789352416992
  landing: 0.7497031688690186
  view-data: 3.5537621155381203
