times:
  edit-metadata: 1.460307240486145
  landing: 0.7710509896278381
  view-data: 3.3780236020684242
