times:
  edit-metadata: 1.7272870317101479
  landing: 0.9974796772003174
  view-data: 3.4528168737888336
