times:
  edit-metadata: 1.2936499565839767
  landing: 0.7128807604312897
  view-data: 3.409817099571228
