times:
  edit-metadata: 1.5247177928686142
  landing: 0.7130773067474365
  view-data: 3.4835459738969803
