times:
  edit-metadata: 2.0479605197906494
  landing: 1.182460479438305
  view-data: 3.540730945765972
