times:
  edit-metadata: 1.4512831941246986
  landing: 0.7140638530254364
  view-data: 3.441794015467167
