times:
  edit-metadata: 1.3598998561501503
  landing: 0.7455023527145386
  view-data: 3.275281146168709
