times:
  edit-metadata: 1.3754829987883568
  landing: 1.1599593758583069
  view-data: 3.4660631641745567
