times:
  edit-metadata: 1.3246967941522598
  landing: 0.9174874052405357
  view-data: 3.4483851715922356
