times:
  edit-metadata: 3.7272885218262672
  landing: 0.6866159215569496
  view-data: 3.5197876542806625
