times:
  edit-metadata: 1.5444837249815464
  landing: 0.7603579834103584
  view-data: 3.3479056172072887
