times:
  edit-metadata: 1.4561375379562378
  landing: 0.8085884600877762
  view-data: 3.445389598608017
