times:
  edit-metadata: 1.4798603057861328
  landing: 0.7754940539598465
  view-data: 3.466318257153034
