times:
  edit-metadata: 1.5316059440374374
  landing: 0.7932439967989922
  view-data: 3.315747629851103
