times:
  edit-metadata: 1.5212033241987228
  landing: 0.7602987214922905
  view-data: 3.3753476664423943
