times:
  edit-metadata: 1.5107116103172302
  landing: 0.728819414973259
  view-data: 3.3883026987314224
