times:
  edit-metadata: 1.4726418256759644
  landing: 0.8514887988567352
  view-data: 3.678975760936737
