times:
  edit-metadata: 1.5557378232479095
  landing: 0.8336233198642731
  view-data: 3.3151661455631256
