times:
  edit-metadata: 1.5422000512480736
  landing: 1.1568486541509628
  view-data: 3.369496963918209
