times:
  edit-metadata: 1.4599187709391117
  landing: 0.9068608582019806
  view-data: 3.315628796815872
