times:
  edit-metadata: 1.5689795315265656
  landing: 0.8373652212321758
  view-data: 3.3414525650441647
