times:
  edit-metadata: 2.400108076632023
  landing: 1.052229605615139
  view-data: 3.694208011031151
