times:
  edit-metadata: 1.4401413947343826
  landing: 0.7812572792172432
  view-data: 3.5132602229714394
