times:
  edit-metadata: 1.6445385552942753
  landing: 0.9334284923970699
  view-data: 3.271285656839609
