times:
  edit-metadata: 1.3501704446971416
  landing: 0.812725767493248
  view-data: 3.448375541716814
