times:
  edit-metadata: 1.478869155049324
  landing: 0.8660161048173904
  view-data: 3.325513891875744
