times:
  edit-metadata: 1.3674090765416622
  landing: 0.7924044989049435
  view-data: 3.3097843267023563
