times:
  edit-metadata: 1.4798442348837852
  landing: 0.8261263817548752
  view-data: 3.3400982543826103
