times:
  edit-metadata: 1.4334260486066341
  landing: 0.8049127496778965
  view-data: 3.299692440778017
