times:
  edit-metadata: 2.044680744409561
  landing: 1.211351852864027
  view-data: 3.5924340337514877
