times:
  edit-metadata: 1.4737854078412056
  landing: 0.8721133843064308
  view-data: 3.3658165708184242
