times:
  edit-metadata: 1.5235478356480598
  landing: 0.7975881993770599
  view-data: 3.4055691212415695
