times:
  edit-metadata: 1.5353795103728771
  landing: 0.8616140112280846
  view-data: 3.299407757818699
