times:
  edit-metadata: 1.58495519682765
  landing: 0.8655938804149628
  view-data: 3.312379267066717
