times:
  edit-metadata: 1.7489752434194088
  landing: 0.9480765089392662
  view-data: 3.3587640933692455
