times:
  edit-metadata: 1.5273264832794666
  landing: 0.8011395186185837
  view-data: 3.305230252444744
