times:
  edit-metadata: 1.516413003206253
  landing: 0.7459587156772614
  view-data: 3.4807413890957832
