times:
  edit-metadata: 1.4908474013209343
  landing: 0.7735733836889267
  view-data: 3.4635206907987595
