times:
  edit-metadata: 1.4609829857945442
  landing: 0.7130873873829842
  view-data: 3.4622139781713486
