times:
  edit-metadata: 2.3167433850467205
  landing: 0.8899582885205746
  view-data: 3.322911124676466
