times:
  edit-metadata: 1.4099128060042858
  landing: 0.9080347493290901
  view-data: 3.348770994693041
