times:
  edit-metadata: 1.4795546233654022
  landing: 0.7356661707162857
  view-data: 3.537224233150482
