times:
  edit-metadata: 1.5288202725350857
  landing: 0.8864001519978046
  view-data: 3.316656842827797
