times:
  edit-metadata: 2.305375549942255
  landing: 0.9253621734678745
  view-data: 3.503221672028303
