times:
  edit-metadata: 1.5014756955206394
  landing: 0.8068232014775276
  view-data: 3.3666431047022343
