times:
  edit-metadata: 1.4800365641713142
  landing: 0.7113515734672546
  view-data: 3.4072049483656883
