times:
  edit-metadata: 2.1333829425275326
  landing: 0.954318031668663
  view-data: 3.427342049777508
