times:
  edit-metadata: 1.3717227652668953
  landing: 0.7602313682436943
  view-data: 3.292188998311758
