times:
  edit-metadata: 1.3647456020116806
  landing: 0.7010339945554733
  view-data: 3.519657716155052
