times:
  edit-metadata: 1.425564981997013
  landing: 0.8068258613348007
  view-data: 3.4354698956012726
