times:
  edit-metadata: 1.3833003416657448
  landing: 0.818731851875782
  view-data: 3.462978519499302
