times:
  edit-metadata: 1.4801736772060394
  landing: 0.8260423764586449
  view-data: 3.4945489913225174
