times:
  edit-metadata: 1.5861638896167278
  landing: 0.8280237950384617
  view-data: 3.270349558442831
