times:
  edit-metadata: 1.37753214687109
  landing: 0.8726344704627991
  view-data: 3.460904560983181
