times:
  edit-metadata: 1.3744422495365143
  landing: 0.8001127764582634
  view-data: 3.4753109514713287
