times:
  edit-metadata: 1.5399086251854897
  landing: 0.7680463939905167
  view-data: 3.409805417060852
