times:
  edit-metadata: 1.4523145705461502
  landing: 0.917396292090416
  view-data: 3.4894277080893517
