times:
  edit-metadata: 1.5831017829477787
  landing: 0.8111467510461807
  view-data: 3.310780942440033
