times:
  edit-metadata: 1.3703577741980553
  landing: 0.8577070459723473
  view-data: 3.2845675572752953
