times:
  edit-metadata: 1.3734112158417702
  landing: 0.9217928647994995
  view-data: 3.459501028060913
