times:
  edit-metadata: 1.439596377313137
  landing: 0.778210237622261
  view-data: 3.4440875947475433
