times:
  edit-metadata: 1.3551803082227707
  landing: 0.8136434406042099
  view-data: 3.3357792496681213
