times:
  edit-metadata: 1.511871099472046
  landing: 0.7048035524785519
  view-data: 3.261354360729456
