times:
  edit-metadata: 1.4327189698815346
  landing: 0.8145829141139984
  view-data: 3.495352454483509
