times:
  edit-metadata: 1.5101730860769749
  landing: 0.7968806996941566
  view-data: 3.3173057287931442
