times:
  edit-metadata: 1.4120199345052242
  landing: 0.7117098644375801
  view-data: 3.3604342378675938
