times:
  edit-metadata: 1.5481072515249252
  landing: 0.8147453293204308
  view-data: 3.5245924964547157
