times:
  edit-metadata: 1.6415485218167305
  landing: 1.6175139471888542
  view-data: 3.3128531016409397
