times:
  edit-metadata: 1.3880666121840477
  landing: 0.7010518610477448
  view-data: 3.4813144728541374
