times:
  edit-metadata: 1.440421424806118
  landing: 0.8867954239249229
  view-data: 3.3714043721556664
