times:
  edit-metadata: 1.5816856883466244
  landing: 0.8955009840428829
  view-data: 3.3278102092444897
