times:
  edit-metadata: 1.395259041339159
  landing: 0.8149729669094086
  view-data: 3.3066162690520287
