times:
  edit-metadata: 1.692612897604704
  landing: 0.9258949011564255
  view-data: 3.379511833190918
