times:
  edit-metadata: 2.772292412817478
  landing: 1.5828942209482193
  view-data: 3.9728223755955696
