times:
  edit-metadata: 1.718046147376299
  landing: 0.8968676589429379
  view-data: 3.31071999296546
