times:
  edit-metadata: 1.402625486254692
  landing: 0.7204820401966572
  view-data: 3.350488618016243
