times:
  edit-metadata: 1.5643260627985
  landing: 0.7245757281780243
  view-data: 3.4926515743136406
