times:
  edit-metadata: 1.7389940842986107
  landing: 0.7327590361237526
  view-data: 3.4801481440663338
