times:
  edit-metadata: 1.4353749230504036
  landing: 0.7450074553489685
  view-data: 3.375414103269577
