times:
  edit-metadata: 1.6451041847467422
  landing: 0.8599414303898811
  view-data: 3.4166286066174507
