times:
  edit-metadata: 1.4927287064492702
  landing: 0.8628356195986271
  view-data: 3.3154568932950497
