times:
  edit-metadata: 1.4462705627083778
  landing: 0.7742597758769989
  view-data: 3.493459202349186
