times:
  edit-metadata: 1.4453627988696098
  landing: 0.7281161248683929
  view-data: 3.410031870007515
