times:
  edit-metadata: 1.4192192032933235
  landing: 0.7798178717494011
  view-data: 3.600434921681881
