times:
  edit-metadata: 1.0682167410850525
  landing: 0.8499942198395729
  view-data: 3.4148556888103485
