times:
  edit-metadata: 1.5161726921796799
  landing: 1.0002677142620087
  view-data: 3.8922764360904694
