times:
  edit-metadata: 1.6257152780890465
  landing: 0.7649573907256126
  view-data: 3.4154644310474396
