times:
  edit-metadata: 1.384800560772419
  landing: 0.7657844573259354
  view-data: 3.3302937038242817
