times:
  edit-metadata: 1.5494480207562447
  landing: 0.8460675477981567
  view-data: 3.446795903146267
