times:
  edit-metadata: 1.763810619711876
  landing: 1.0764351338148117
  view-data: 3.339154787361622
