times:
  edit-metadata: 1.3933669328689575
  landing: 0.7834031358361244
  view-data: 3.492616631090641
