times:
  edit-metadata: 1.504509761929512
  landing: 0.7761457785964012
  view-data: 3.5146896690130234
