times:
  edit-metadata: 1.4846919849514961
  landing: 0.7621659711003304
  view-data: 3.518259771168232
