times:
  edit-metadata: 1.5876266807317734
  landing: 0.8764746934175491
  view-data: 3.562599189579487
