times:
  edit-metadata: 1.4982767589390278
  landing: 0.8331150412559509
  view-data: 3.2706088460981846
