times:
  edit-metadata: 2.472062736749649
  landing: 1.4141082428395748
  view-data: 3.2954540885984898
