times:
  edit-metadata: 1.5155973732471466
  landing: 0.7495293319225311
  view-data: 3.4584774374961853
