times:
  edit-metadata: 1.7395986914634705
  landing: 0.7794140949845314
  view-data: 3.4894586578011513
