times:
  edit-metadata: 1.477428525686264
  landing: 0.9021797701716423
  view-data: 3.305649921298027
