times:
  edit-metadata: 1.5892276763916016
  landing: 1.0184723883867264
  view-data: 3.347409687936306
