times:
  edit-metadata: 1.5369776412844658
  landing: 0.9660119637846947
  view-data: 3.5446750670671463
