times:
  edit-metadata: 1.5458798557519913
  landing: 1.026284072548151
  view-data: 3.345319051295519
