times:
  edit-metadata: 1.4592898488044739
  landing: 0.7154462337493896
  view-data: 3.4536445289850235
