times:
  edit-metadata: 1.4103054255247116
  landing: 0.7175643369555473
  view-data: 3.4780315533280373
