times:
  edit-metadata: 1.398724690079689
  landing: 0.7368512749671936
  view-data: 3.2931550964713097
