times:
  edit-metadata: 1.3918649554252625
  landing: 0.9988589361310005
  view-data: 3.4085976406931877
