times:
  edit-metadata: 1.452934317290783
  landing: 0.9006140828132629
  view-data: 3.4828680008649826
