times:
  edit-metadata: 1.415798656642437
  landing: 0.7015573605895042
  view-data: 3.521951749920845
