times:
  edit-metadata: 1.6579507887363434
  landing: 0.8599245510995388
  view-data: 3.309057604521513
