times:
  edit-metadata: 2.0169618353247643
  landing: 1.223463550209999
  view-data: 3.4256337210536003
