times:
  edit-metadata: 1.457153707742691
  landing: 0.8329550512135029
  view-data: 3.3229488506913185
