times:
  edit-metadata: 1.393493913114071
  landing: 0.8696528375148773
  view-data: 3.350474886596203
