times:
  edit-metadata: 1.570549726486206
  landing: 0.8140937834978104
  view-data: 3.561020754277706
