times:
  edit-metadata: 1.3886188864707947
  landing: 0.7224432751536369
  view-data: 3.454760357737541
