times:
  edit-metadata: 1.4874027892947197
  landing: 0.7859019562602043
  view-data: 3.5135940983891487
