times:
  edit-metadata: 1.449865460395813
  landing: 0.7571063414216042
  view-data: 3.493955858051777
