times:
  edit-metadata: 1.4088772721588612
  landing: 0.8286321014165878
  view-data: 3.3073254637420177
