times:
  edit-metadata: 1.4974982738494873
  landing: 0.8032623939216137
  view-data: 3.342631224542856
