times:
  edit-metadata: 1.432330146431923
  landing: 0.6926528364419937
  view-data: 3.3994618728756905
