times:
  edit-metadata: 1.5421363450586796
  landing: 0.8941084630787373
  view-data: 3.349831383675337
