times:
  edit-metadata: 1.3704329282045364
  landing: 0.7754584960639477
  view-data: 3.3163545802235603
