times:
  edit-metadata: 1.4150414764881134
  landing: 0.750622246414423
  view-data: 3.295723330229521
