times:
  edit-metadata: 1.4485696777701378
  landing: 0.9068622142076492
  view-data: 3.475943583995104
