times:
  edit-metadata: 3.3334461972117424
  landing: 1.5267317369580269
  view-data: 3.4123700968921185
