times:
  edit-metadata: 1.6043424010276794
  landing: 0.7485582940280437
  view-data: 3.2947849594056606
