times:
  edit-metadata: 1.454678699374199
  landing: 0.8265751525759697
  view-data: 3.4760821014642715
