times:
  edit-metadata: 1.4218802750110626
  landing: 0.8106487914919853
  view-data: 3.4523740485310555
