times:
  edit-metadata: 1.5465590730309486
  landing: 0.781926553696394
  view-data: 3.254471391439438
