times:
  edit-metadata: 1.532618634402752
  landing: 0.79170922935009
  view-data: 3.394183360040188
