times:
  edit-metadata: 1.3837047144770622
  landing: 0.7802929729223251
  view-data: 3.467270903289318
