times:
  edit-metadata: 1.5860023200511932
  landing: 1.0730011239647865
  view-data: 3.536157749593258
