times:
  edit-metadata: 1.421836994588375
  landing: 0.7444602400064468
  view-data: 3.502522110939026
