times:
  edit-metadata: 1.4972194992005825
  landing: 0.8962174504995346
  view-data: 3.3434264920651913
