times:
  edit-metadata: 1.4385025203227997
  landing: 0.6953507885336876
  view-data: 3.462474964559078
