times:
  edit-metadata: 1.9692667163908482
  landing: 1.0897393338382244
  view-data: 3.329970233142376
