times:
  edit-metadata: 1.4983168877661228
  landing: 0.766786377876997
  view-data: 3.3118522353470325
