times:
  edit-metadata: 1.4893220663070679
  landing: 0.7637047544121742
  view-data: 3.380547858774662
