times:
  edit-metadata: 1.911665916442871
  landing: 1.0400109365582466
  view-data: 3.359239913523197
