times:
  edit-metadata: 2.0464641377329826
  landing: 1.2903881818056107
  view-data: 3.619135819375515
