times:
  edit-metadata: 2.174815371632576
  landing: 1.0628383308649063
  view-data: 3.8251532167196274
