times:
  edit-metadata: 1.3691285029053688
  landing: 0.7321682944893837
  view-data: 3.433676891028881
