times:
  edit-metadata: 1.4069969728589058
  landing: 0.9501194581389427
  view-data: 3.5011821165680885
