times:
  edit-metadata: 1.4750454053282738
  landing: 0.7512919642031193
  view-data: 3.374731369316578
