times:
  edit-metadata: 1.6111303344368935
  landing: 0.8899342343211174
  view-data: 3.2694948837161064
