times:
  edit-metadata: 1.6017262041568756
  landing: 0.862964041531086
  view-data: 3.351282224059105
