times:
  edit-metadata: 2.3670903369784355
  landing: 1.450715184211731
  view-data: 3.3787881582975388
