times:
  edit-metadata: 1.4789321273565292
  landing: 0.8359280005097389
  view-data: 3.430925063788891
