times:
  edit-metadata: 1.5204547569155693
  landing: 0.8302599713206291
  view-data: 3.5252902656793594
