times:
  edit-metadata: 1.5272220000624657
  landing: 0.8227321207523346
  view-data: 3.4845060110092163
