times:
  edit-metadata: 1.5306410267949104
  landing: 0.9393585696816444
  view-data: 3.350801959633827
