times:
  edit-metadata: 1.8602027297019958
  landing: 1.1362964399158955
  view-data: 3.389012861996889
