times:
  edit-metadata: 1.4762506261467934
  landing: 0.8403546437621117
  view-data: 3.4449015706777573
