times:
  edit-metadata: 1.4997011832892895
  landing: 0.8333914428949356
  view-data: 3.2764479108154774
