times:
  edit-metadata: 1.5138999000191689
  landing: 0.8332185745239258
  view-data: 3.3783761262893677
