times:
  edit-metadata: 1.506238579750061
  landing: 0.7842437252402306
  view-data: 3.5080481618642807
