times:
  edit-metadata: 1.4559321179986
  landing: 0.8754344023764133
  view-data: 3.31362060084939
