times:
  edit-metadata: 1.6315857656300068
  landing: 0.95191964879632
  view-data: 3.309095788747072
