times:
  edit-metadata: 1.439967468380928
  landing: 0.8349193409085274
  view-data: 3.308079242706299
