times:
  edit-metadata: 1.522571749985218
  landing: 0.8444075658917427
  view-data: 3.3164495676755905
