times:
  edit-metadata: 1.4774687886238098
  landing: 0.8628205582499504
  view-data: 3.3345212563872337
