times:
  edit-metadata: 1.5458276681602001
  landing: 0.8728422336280346
  view-data: 3.3811231963336468
