times:
  edit-metadata: 1.4277440384030342
  landing: 0.8143791034817696
  view-data: 3.4441530108451843
