times:
  edit-metadata: 1.99990164488554
  landing: 1.241841770708561
  view-data: 3.3801113292574883
