times:
  edit-metadata: 1.523153267800808
  landing: 0.853281531482935
  view-data: 3.290871437638998
