times:
  edit-metadata: 1.553120844066143
  landing: 0.9197044335305691
  view-data: 3.29738050699234
