times:
  edit-metadata: 2.0276095643639565
  landing: 1.1192559003829956
  view-data: 3.3563483580946922
