times:
  edit-metadata: 1.4968698993325233
  landing: 0.9580244794487953
  view-data: 3.51894298940897
