times:
  edit-metadata: 1.4488876536488533
  landing: 0.7852205261588097
  view-data: 3.4352683052420616
