times:
  edit-metadata: 1.135156974196434
  landing: 0.8106505051255226
  view-data: 3.5285617634654045
