times:
  edit-metadata: 1.4752308279275894
  landing: 0.8648018687963486
  view-data: 3.3461771607398987
