times:
  edit-metadata: 1.446766085922718
  landing: 0.8753252364695072
  view-data: 3.3286593332886696
