times:
  edit-metadata: 1.4737368449568748
  landing: 0.7593832910060883
  view-data: 3.4155311286449432
