times:
  edit-metadata: 1.3726563453674316
  landing: 0.7618536502122879
  view-data: 3.4578697979450226
