times:
  edit-metadata: 1.4896894581615925
  landing: 0.9059390500187874
  view-data: 3.3985238298773766
