times:
  edit-metadata: 1.4801930114626884
  landing: 0.8702898621559143
  view-data: 3.268143393099308
