times:
  edit-metadata: 1.457797810435295
  landing: 0.8213996291160583
  view-data: 3.486691787838936
