times:
  edit-metadata: 1.3720394745469093
  landing: 0.8272451274096966
  view-data: 3.378218200057745
