times:
  edit-metadata: 1.4954026080667973
  landing: 0.9149274863302708
  view-data: 3.3754834085702896
