times:
  edit-metadata: 1.4744873717427254
  landing: 0.786283552646637
  view-data: 3.442776247859001
