times:
  edit-metadata: 1.55000402033329
  landing: 0.8412336334586143
  view-data: 3.3733347952365875
