times:
  edit-metadata: 1.5520231798291206
  landing: 0.8161067366600037
  view-data: 3.458369478583336
