times:
  edit-metadata: 1.4941578954458237
  landing: 0.8036192208528519
  view-data: 3.471113495528698
