times:
  edit-metadata: 1.501839704811573
  landing: 0.8051863126456738
  view-data: 3.364696078002453
