times:
  edit-metadata: 1.4246914312243462
  landing: 0.7904787547886372
  view-data: 3.424469418823719
