times:
  edit-metadata: 1.440452829003334
  landing: 0.8185094892978668
  view-data: 3.5482397750020027
