times:
  edit-metadata: 1.5018756240606308
  landing: 0.7965870723128319
  view-data: 3.425975024700165
