times:
  edit-metadata: 1.4949950128793716
  landing: 0.8109031170606613
  view-data: 3.5234551802277565
