times:
  edit-metadata: 1.4326517432928085
  landing: 0.8551071025431156
  view-data: 3.3604543954133987
