times:
  edit-metadata: 1.483146995306015
  landing: 0.8139635249972343
  view-data: 3.4889388382434845
