times:
  edit-metadata: 1.552562952041626
  landing: 0.7815649509429932
  view-data: 3.4719203338027
