times:
  edit-metadata: 1.5915236920118332
  landing: 0.9484243467450142
  view-data: 3.322708621621132
