times:
  edit-metadata: 1.4312389940023422
  landing: 0.7928763180971146
  view-data: 3.3573648184537888
