times:
  edit-metadata: 1.618071511387825
  landing: 0.8610092848539352
  view-data: 3.34864491969347
