times:
  edit-metadata: 1.7377597019076347
  landing: 0.9622329771518707
  view-data: 3.396262936294079
