times:
  edit-metadata: 1.5582383573055267
  landing: 0.9508164450526237
  view-data: 3.323183387517929
