times:
  edit-metadata: 1.4794123359024525
  landing: 0.9015648402273655
  view-data: 3.359960913658142
