times:
  edit-metadata: 1.5179904997348785
  landing: 0.951200358569622
  view-data: 3.267714224755764
