times:
  edit-metadata: 1.5863463021814823
  landing: 0.8979849852621555
  view-data: 3.448278971016407
