times:
  edit-metadata: 1.4905889816582203
  landing: 0.7922330237925053
  view-data: 3.2792395055294037
