times:
  edit-metadata: 2.011174865067005
  landing: 0.9867152459919453
  view-data: 3.3322665356099606
