times:
  edit-metadata: 1.4807623252272606
  landing: 0.8491477072238922
  view-data: 3.466439239680767
