times:
  edit-metadata: 1.480287328362465
  landing: 0.8727839440107346
  view-data: 3.330738216638565
