times:
  edit-metadata: 1.4990031868219376
  landing: 0.7655725628137589
  view-data: 3.4029435217380524
