times:
  edit-metadata: 1.6373120322823524
  landing: 0.892329216003418
  view-data: 3.5384723991155624
