times:
  edit-metadata: 1.4475426226854324
  landing: 0.837043009698391
  view-data: 3.473550133407116
