times:
  edit-metadata: 1.41563168913126
  landing: 0.9167824164032936
  view-data: 3.4790750965476036
