times:
  edit-metadata: 2.1107999086380005
  landing: 1.2748736515641212
  view-data: 3.359160788357258
