times:
  edit-metadata: 1.416459247469902
  landing: 0.8529186397790909
  view-data: 3.4857110008597374
