times:
  edit-metadata: 1.4133738800883293
  landing: 0.8071433529257774
  view-data: 3.313338063657284
