times:
  edit-metadata: 1.5044642463326454
  landing: 0.8037588000297546
  view-data: 3.379006341099739
