times:
  edit-metadata: 1.5209992416203022
  landing: 0.9010053612291813
  view-data: 3.343833517283201
