times:
  edit-metadata: 1.4721334427595139
  landing: 0.8119827136397362
  view-data: 3.5045541673898697
