times:
  edit-metadata: 1.5129153355956078
  landing: 0.7553673163056374
  view-data: 3.4662516340613365
