times:
  edit-metadata: 1.556211732327938
  landing: 0.8086381480097771
  view-data: 3.4753096848726273
