times:
  edit-metadata: 1.4130780696868896
  landing: 0.7945558205246925
  view-data: 3.3921507373452187
