times:
  edit-metadata: 1.3935776054859161
  landing: 0.8789619877934456
  view-data: 3.5022782012820244
