times:
  edit-metadata: 2.128238331526518
  landing: 1.4861078411340714
  view-data: 3.3246483467519283
