times:
  edit-metadata: 1.4286309070885181
  landing: 0.8206553645431995
  view-data: 3.5700918212532997
