times:
  edit-metadata: 1.5747434832155704
  landing: 1.0182086564600468
  view-data: 3.284192007035017
