times:
  edit-metadata: 1.557251214981079
  landing: 0.9548894986510277
  view-data: 3.4617394506931305
