times:
  edit-metadata: 1.5043479427695274
  landing: 0.8386958241462708
  view-data: 3.426848419010639
