times:
  edit-metadata: 1.5071946270763874
  landing: 0.7246151529252529
  view-data: 3.3370411284267902
