times:
  edit-metadata: 1.5809015482664108
  landing: 0.8083191215991974
  view-data: 3.4520329236984253
