times:
  edit-metadata: 1.517491564154625
  landing: 0.811490885913372
  view-data: 3.4125507175922394
