times:
  edit-metadata: 1.5549575835466385
  landing: 0.7873178943991661
  view-data: 3.4849627017974854
