times:
  edit-metadata: 1.4305472150444984
  landing: 0.7935140319168568
  view-data: 3.2573041059076786
