times:
  edit-metadata: 1.4421090073883533
  landing: 0.8726405315101147
  view-data: 3.3613455668091774
