times:
  edit-metadata: 1.4313496127724648
  landing: 0.7861931473016739
  view-data: 3.4639652594923973
