times:
  edit-metadata: 1.4191966652870178
  landing: 0.7910542711615562
  view-data: 3.3478017151355743
