times:
  edit-metadata: 1.4527445435523987
  landing: 0.7423621565103531
  view-data: 3.359699185937643
