times:
  edit-metadata: 1.4723257683217525
  landing: 0.765605989843607
  view-data: 3.2628795243799686
