times:
  edit-metadata: 1.5110466703772545
  landing: 0.8476484194397926
  view-data: 3.301386520266533
