times:
  edit-metadata: 1.3706797063350677
  landing: 0.7424572855234146
  view-data: 3.4492179304361343
