times:
  edit-metadata: 1.639598160982132
  landing: 0.8842475898563862
  view-data: 3.319206438958645
