times:
  edit-metadata: 1.5558149740099907
  landing: 0.9024882353842258
  view-data: 3.39846159145236
