times:
  edit-metadata: 1.4555462002754211
  landing: 0.7837400510907173
  view-data: 3.329561121761799
