times:
  edit-metadata: 1.52661544829607
  landing: 0.9020608812570572
  view-data: 3.3643552623689175
