times:
  edit-metadata: 1.4910014681518078
  landing: 0.9679138399660587
  view-data: 3.327349755913019
