times:
  edit-metadata: 1.471899587661028
  landing: 0.8114911131560802
  view-data: 3.3230593502521515
