times:
  edit-metadata: 1.6913540624082088
  landing: 0.9577035345137119
  view-data: 3.329630184918642
