times:
  edit-metadata: 1.4327556192874908
  landing: 0.7557735741138458
  view-data: 3.562504932284355
