times:
  edit-metadata: 1.9245829731225967
  landing: 0.9688915088772774
  view-data: 3.3761223033070564
