times:
  edit-metadata: 1.4594561867415905
  landing: 0.7902148701250553
  view-data: 3.322357401251793
