times:
  edit-metadata: 1.3788908272981644
  landing: 0.8411148115992546
  view-data: 3.4949676543474197
