times:
  edit-metadata: 1.553111307322979
  landing: 0.7971651405096054
  view-data: 3.463911607861519
