times:
  edit-metadata: 1.4003190845251083
  landing: 0.7995258644223213
  view-data: 3.3181025981903076
