times:
  edit-metadata: 1.4845018684864044
  landing: 0.8037591949105263
  view-data: 3.3136336877942085
