times:
  edit-metadata: 1.5666856095194817
  landing: 0.8125758394598961
  view-data: 3.3894946426153183
