times:
  edit-metadata: 1.4078774489462376
  landing: 0.8329046554863453
  view-data: 3.4688882790505886
