times:
  edit-metadata: 1.4230701923370361
  landing: 0.8109075576066971
  view-data: 3.4511308893561363
