times:
  edit-metadata: 1.4688552841544151
  landing: 0.7539382129907608
  view-data: 3.3931093215942383
