times:
  edit-metadata: 1.4601118341088295
  landing: 0.8553782477974892
  view-data: 3.4806086719036102
