times:
  edit-metadata: 1.4779903031885624
  landing: 0.8243418261408806
  view-data: 3.315481886267662
