times:
  edit-metadata: 1.480576403439045
  landing: 0.8248795866966248
  view-data: 3.286556448787451
