times:
  edit-metadata: 1.5326650738716125
  landing: 0.8888159021735191
  view-data: 3.2983483299613
