times:
  edit-metadata: 1.4847258627414703
  landing: 0.8525950685143471
  view-data: 3.334070824086666
