times:
  edit-metadata: 1.4859122559428215
  landing: 0.9116661585867405
  view-data: 3.3268286623060703
