times:
  edit-metadata: 1.434200331568718
  landing: 0.7919778823852539
  view-data: 3.4726788476109505
