times:
  edit-metadata: 1.5232308059930801
  landing: 0.7421034276485443
  view-data: 3.52472847700119
