times:
  edit-metadata: 1.5228794999420643
  landing: 0.8768516890704632
  view-data: 3.2922360077500343
