times:
  edit-metadata: 1.5784285739064217
  landing: 0.8111536502838135
  view-data: 3.319137215614319
