times:
  edit-metadata: 1.5149995982646942
  landing: 0.9930913224816322
  view-data: 3.527163751423359
