times:
  edit-metadata: 1.8151773437857628
  landing: 1.0220576971769333
  view-data: 3.701923906803131
