times:
  edit-metadata: 1.6883910149335861
  landing: 1.1211856305599213
  view-data: 3.331115961074829
