times:
  edit-metadata: 1.7630736604332924
  landing: 0.9085284844040871
  view-data: 3.376614525914192
