times:
  edit-metadata: 2.1255663707852364
  landing: 1.349232755601406
  view-data: 3.5344787687063217
