times:
  edit-metadata: 1.8280364871025085
  landing: 0.8682246990501881
  view-data: 3.34299673512578
