times:
  edit-metadata: 1.8907322138547897
  landing: 1.2090392634272575
  view-data: 3.49288347363472
