times:
  edit-metadata: 2.309529811143875
  landing: 1.7119241058826447
  view-data: 3.6450465619564056
