times:
  edit-metadata: 1.4550753571093082
  landing: 0.7727807760238647
  view-data: 3.2732453271746635
