times:
  edit-metadata: 1.5617824085056782
  landing: 0.9689747653901577
  view-data: 3.2418044209480286
