times:
  edit-metadata: 1.4195608906447887
  landing: 0.9239321574568748
  view-data: 3.301055621355772
