times:
  edit-metadata: 1.4073272719979286
  landing: 0.8928772956132889
  view-data: 3.4467622339725494
