times:
  edit-metadata: 1.5471417494118214
  landing: 0.8411292247474194
  view-data: 3.3981699869036674
