times:
  edit-metadata: 1.4402784630656242
  landing: 0.7454781532287598
  view-data: 3.267647624015808
