times:
  edit-metadata: 1.4149679616093636
  landing: 0.8357779569923878
  view-data: 3.3957900889217854
