times:
  edit-metadata: 1.6145312264561653
  landing: 0.9086005315184593
  view-data: 3.2950403690338135
