times:
  edit-metadata: 1.4943689405918121
  landing: 0.8770231381058693
  view-data: 3.4607741609215736
