times:
  edit-metadata: 1.5297134406864643
  landing: 0.8440411239862442
  view-data: 3.2765881568193436
