times:
  edit-metadata: 1.4277264401316643
  landing: 0.8472184017300606
  view-data: 3.4652095958590508
