times:
  edit-metadata: 2.161007672548294
  landing: 1.2103137858211994
  view-data: 3.3838075287640095
