times:
  edit-metadata: 1.7687326781451702
  landing: 1.3083477802574635
  view-data: 3.455958317965269
