times:
  edit-metadata: 1.4993559084832668
  landing: 0.8459149077534676
  view-data: 3.293744571506977
