times:
  edit-metadata: 1.3884456753730774
  landing: 0.7389771565794945
  view-data: 3.4813766106963158
