times:
  edit-metadata: 1.438453271985054
  landing: 0.8519436866044998
  view-data: 3.4548907428979874
