times:
  edit-metadata: 1.524406149983406
  landing: 0.926772341132164
  view-data: 3.3231021761894226
