times:
  edit-metadata: 1.4807848632335663
  landing: 0.8065384328365326
  view-data: 3.4686508998274803
