times:
  edit-metadata: 1.5638722591102123
  landing: 0.9475965984165668
  view-data: 3.318266049027443
