times:
  edit-metadata: 1.532984770834446
  landing: 0.8141585327684879
  view-data: 3.3227378986775875
