times:
  edit-metadata: 1.543539471924305
  landing: 0.7534937337040901
  view-data: 3.4030453115701675
