times:
  edit-metadata: 1.423997476696968
  landing: 0.7605004757642746
  view-data: 3.4432632997632027
