times:
  edit-metadata: 1.6972776427865028
  landing: 1.1459426656365395
  view-data: 3.36260986328125
