times:
  edit-metadata: 1.4055017083883286
  landing: 0.7215285338461399
  view-data: 3.264638215303421
