times:
  edit-metadata: 1.532328188419342
  landing: 0.8384640738368034
  view-data: 3.515055350959301
