times:
  edit-metadata: 1.4900167286396027
  landing: 0.7877940461039543
  view-data: 3.51791600137949
