times:
  edit-metadata: 1.4836857244372368
  landing: 0.7122465968132019
  view-data: 3.2854971699416637
