times:
  edit-metadata: 1.5025931298732758
  landing: 0.8043183758854866
  view-data: 3.5014978647232056
