times:
  edit-metadata: 1.409288540482521
  landing: 0.7285516783595085
  view-data: 3.3844137862324715
