times:
  edit-metadata: 1.4421701803803444
  landing: 0.8559703752398491
  view-data: 3.3464878648519516
