times:
  edit-metadata: 1.3149853125214577
  landing: 0.7526241317391396
  view-data: 3.4921862185001373
