times:
  edit-metadata: 1.5323848575353622
  landing: 1.0550397299230099
  view-data: 3.3668412379920483
