times:
  edit-metadata: 1.5543205812573433
  landing: 0.9346787706017494
  view-data: 3.4461725279688835
