times:
  edit-metadata: 2.379140727221966
  landing: 1.1973682679235935
  view-data: 3.511238608509302
