times:
  edit-metadata: 1.4620805829763412
  landing: 0.724772498011589
  view-data: 3.4230199456214905
