times:
  edit-metadata: 1.361842192709446
  landing: 0.7447763830423355
  view-data: 3.486671172082424
