times:
  edit-metadata: 1.4044215753674507
  landing: 0.8419524505734444
  view-data: 3.4710569605231285
