times:
  edit-metadata: 1.4019267037510872
  landing: 0.7755316942930222
  view-data: 3.308276131749153
