times:
  edit-metadata: 3.1783772110939026
  landing: 1.0705700926482677
  view-data: 3.3257364444434643
