times:
  edit-metadata: 1.449524961411953
  landing: 0.9236277341842651
  view-data: 3.4553282633423805
