times:
  edit-metadata: 1.4162824973464012
  landing: 0.8813660591840744
  view-data: 3.5057789012789726
