times:
  edit-metadata: 1.501473031938076
  landing: 0.9706193506717682
  view-data: 3.3608246818184853
