times:
  edit-metadata: 1.338853307068348
  landing: 0.887196734547615
  view-data: 3.4188053905963898
