times:
  edit-metadata: 1.5270997509360313
  landing: 0.8641055151820183
  view-data: 3.368402548134327
