times:
  edit-metadata: 1.3318910710513592
  landing: 0.798072375357151
  view-data: 3.3124923445284367
