times:
  edit-metadata: 1.4186146259307861
  landing: 0.7544593662023544
  view-data: 3.405417948961258
