times:
  edit-metadata: 1.4805231392383575
  landing: 0.7478425465524197
  view-data: 3.300977658480406
