times:
  edit-metadata: 1.7430004253983498
  landing: 1.1103417128324509
  view-data: 3.520694136619568
