times:
  edit-metadata: 1.4207281693816185
  landing: 0.7672011852264404
  view-data: 3.4801086336374283
