times:
  edit-metadata: 1.3499380089342594
  landing: 0.9617286957800388
  view-data: 3.330956820398569
