times:
  edit-metadata: 1.5709672048687935
  landing: 0.895271547138691
  view-data: 3.3434688448905945
