times:
  edit-metadata: 1.453077495098114
  landing: 1.0285236462950706
  view-data: 3.273994706571102
