times:
  edit-metadata: 1.418326623737812
  landing: 0.7861562371253967
  view-data: 3.5296636298298836
