times:
  edit-metadata: 1.377992570400238
  landing: 0.796002708375454
  view-data: 3.482994966208935
