times:
  edit-metadata: 1.3638603314757347
  landing: 0.7869355902075768
  view-data: 3.356436550617218
