times:
  edit-metadata: 1.4602850824594498
  landing: 0.794803686439991
  view-data: 3.451534003019333
