times:
  edit-metadata: 1.3758728057146072
  landing: 0.7990162745118141
  view-data: 3.441186636686325
