times:
  edit-metadata: 1.379732459783554
  landing: 0.7506478354334831
  view-data: 3.3860029503703117
