times:
  edit-metadata: 1.455454658716917
  landing: 0.8898190371692181
  view-data: 3.350080706179142
