times:
  edit-metadata: 1.420008860528469
  landing: 0.7804406993091106
  view-data: 3.2667869441211224
