times:
  edit-metadata: 1.3138717040419579
  landing: 0.8621821254491806
  view-data: 3.384621527045965
