times:
  edit-metadata: 1.3677547425031662
  landing: 0.8683097660541534
  view-data: 3.302561581134796
