times:
  edit-metadata: 1.3469681963324547
  landing: 0.7864453122019768
  view-data: 3.458864487707615
