times:
  edit-metadata: 1.3539948239922523
  landing: 0.7787020355463028
  view-data: 3.375141829252243
