times:
  edit-metadata: 1.4255294874310493
  landing: 0.8106951043009758
  view-data: 3.2402727864682674
