times:
  edit-metadata: 1.6725126504898071
  landing: 1.0522185787558556
  view-data: 3.3586206436157227
