times:
  edit-metadata: 1.5146646238863468
  landing: 0.8557165078818798
  view-data: 3.2755885645747185
