times:
  edit-metadata: 1.4701141342520714
  landing: 0.8149509206414223
  view-data: 3.501809149980545
