times:
  edit-metadata: 1.4502800032496452
  landing: 0.7304360046982765
  view-data: 3.44988764077425
