times:
  edit-metadata: 1.3783596009016037
  landing: 0.7179620862007141
  view-data: 3.3405877873301506
