times:
  edit-metadata: 1.4533462226390839
  landing: 0.8501285314559937
  view-data: 3.45118860155344
