times:
  edit-metadata: 1.512249305844307
  landing: 0.8236356228590012
  view-data: 3.518899090588093
