times:
  edit-metadata: 2.0326444134116173
  landing: 1.1235254891216755
  view-data: 3.6911878995597363
