times:
  edit-metadata: 1.4267369136214256
  landing: 0.8875918313860893
  view-data: 3.2911553233861923
