times:
  edit-metadata: 1.5056624934077263
  landing: 0.8545211032032967
  view-data: 3.380721651017666
