times:
  edit-metadata: 1.4984607882797718
  landing: 0.822125282138586
  view-data: 3.343033578246832
