times:
  edit-metadata: 1.3676827549934387
  landing: 1.146422564983368
  view-data: 3.4729525223374367
