times:
  edit-metadata: 1.4815363958477974
  landing: 0.8145284205675125
  view-data: 3.2755309641361237
