times:
  edit-metadata: 1.3783356696367264
  landing: 0.7851219326257706
  view-data: 3.547334797680378
