times:
  edit-metadata: 1.8263149373233318
  landing: 1.2156369574368
  view-data: 3.423208400607109
