times:
  edit-metadata: 1.4249654859304428
  landing: 0.8334644362330437
  view-data: 3.31195654720068
