times:
  edit-metadata: 2.451601877808571
  landing: 1.68137875944376
  view-data: 3.6683360934257507
