times:
  edit-metadata: 1.3604343421757221
  landing: 0.7443217933177948
  view-data: 3.2676004730165005
