times:
  edit-metadata: 1.539192296564579
  landing: 0.9260220751166344
  view-data: 3.5189928710460663
