times:
  edit-metadata: 1.3619547672569752
  landing: 0.8614725507795811
  view-data: 3.341465536504984
