times:
  edit-metadata: 1.3703365102410316
  landing: 0.8177260793745518
  view-data: 3.2580335289239883
