times:
  edit-metadata: 1.7503238171339035
  landing: 1.0706328302621841
  view-data: 3.59914693236351
