times:
  edit-metadata: 1.463178314268589
  landing: 0.7820210717618465
  view-data: 3.3640169240534306
