times:
  edit-metadata: 1.9640653617680073
  landing: 1.3024369291961193
  view-data: 3.3754968233406544
