times:
  edit-metadata: 1.7320746928453445
  landing: 0.8900348395109177
  view-data: 3.428718216717243
