times:
  edit-metadata: 1.384125329554081
  landing: 0.8265978731215
  view-data: 3.307036530226469
