times:
  edit-metadata: 1.3623920567333698
  landing: 0.8995750062167645
  view-data: 3.252938438206911
