times:
  edit-metadata: 1.365500383079052
  landing: 0.8136817142367363
  view-data: 3.4487182423472404
