times:
  edit-metadata: 1.3633497133851051
  landing: 0.798000380396843
  view-data: 3.335603654384613
