times:
  edit-metadata: 1.4523510038852692
  landing: 0.8294636309146881
  view-data: 3.4371139481663704
