times:
  edit-metadata: 1.1483742371201515
  landing: 0.7805324271321297
  view-data: 3.3332141041755676
