times:
  edit-metadata: 1.4072087481617928
  landing: 0.7975462041795254
  view-data: 3.320721033960581
