times:
  edit-metadata: 1.4002843499183655
  landing: 0.8294011875987053
  view-data: 3.4890263602137566
