times:
  edit-metadata: 1.3662421219050884
  landing: 0.7528224922716618
  view-data: 3.3257503695786
