times:
  edit-metadata: 1.3906494230031967
  landing: 0.8420775011181831
  view-data: 3.596542403101921
