times:
  edit-metadata: 1.490189716219902
  landing: 0.7858296558260918
  view-data: 3.4683596417307854
