times:
  edit-metadata: 1.4006385654211044
  landing: 0.8039060309529305
  view-data: 3.5115442648530006
