times:
  edit-metadata: 1.3391424715518951
  landing: 0.8092895373702049
  view-data: 3.3579905666410923
