times:
  edit-metadata: 1.4367934986948967
  landing: 0.8450386710464954
  view-data: 3.3059268929064274
