times:
  edit-metadata: 1.3711569234728813
  landing: 0.8345682993531227
  view-data: 3.5176944956183434
