times:
  edit-metadata: 1.5268030427396297
  landing: 0.7370524667203426
  view-data: 3.348614774644375
