times:
  edit-metadata: 1.3434148952364922
  landing: 0.7571407407522202
  view-data: 3.2985165491700172
