times:
  edit-metadata: 1.3584370240569115
  landing: 0.8623474314808846
  view-data: 3.3089479804039
