times:
  edit-metadata: 1.489687167108059
  landing: 0.79326431453228
  view-data: 3.4636410772800446
