times:
  edit-metadata: 1.3938600607216358
  landing: 0.8748141787946224
  view-data: 3.2990740314126015
