times:
  edit-metadata: 1.3428727239370346
  landing: 0.8575405329465866
  view-data: 3.4378139823675156
