times:
  edit-metadata: 1.6495490483939648
  landing: 0.9470870643854141
  view-data: 3.3141697496175766
