times:
  edit-metadata: 1.487085185945034
  landing: 0.7901163659989834
  view-data: 3.335812345147133
