times:
  edit-metadata: 1.4140581861138344
  landing: 0.7568493485450745
  view-data: 3.427680656313896
