times:
  edit-metadata: 1.431960254907608
  landing: 0.8020350188016891
  view-data: 3.477385714650154
