times:
  edit-metadata: 1.4828712791204453
  landing: 0.9681942462921143
  view-data: 3.6133240088820457
