times:
  edit-metadata: 1.5206587091088295
  landing: 0.7487191706895828
  view-data: 3.450654700398445
