times:
  edit-metadata: 1.4965240359306335
  landing: 0.8448438234627247
  view-data: 3.344792254269123
