times:
  edit-metadata: 1.50311229377985
  landing: 0.7926220372319221
  view-data: 3.4459090754389763
