times:
  edit-metadata: 1.5377004034817219
  landing: 1.0258620902895927
  view-data: 3.4486633129417896
