times:
  edit-metadata: 1.5229541212320328
  landing: 0.7389106638729572
  view-data: 3.330570861697197
