times:
  edit-metadata: 1.549828264862299
  landing: 0.8729316331446171
  view-data: 3.339390181005001
