times:
  edit-metadata: 1.3573729172348976
  landing: 0.8218388259410858
  view-data: 3.482271410524845
