times:
  edit-metadata: 1.3771950453519821
  landing: 0.8559038788080215
  view-data: 3.2742242887616158
