times:
  edit-metadata: 1.3664674013853073
  landing: 0.7851270996034145
  view-data: 3.374173227697611
