times:
  edit-metadata: 1.4243256449699402
  landing: 0.7768651768565178
  view-data: 3.278923161327839
