times:
  edit-metadata: 1.4195185974240303
  landing: 0.8397376462817192
  view-data: 3.2971974685788155
