times:
  edit-metadata: 1.3651202097535133
  landing: 0.8742410689592361
  view-data: 3.498739294707775
