times:
  edit-metadata: 1.4385478720068932
  landing: 0.7431734725832939
  view-data: 3.5413855612277985
