times:
  edit-metadata: 1.3867315500974655
  landing: 0.7346866503357887
  view-data: 3.341272570192814
