times:
  edit-metadata: 1.6418860331177711
  landing: 1.0960049629211426
  view-data: 3.670379765331745
