times:
  edit-metadata: 1.3667654246091843
  landing: 0.806537315249443
  view-data: 3.4115307107567787
