times:
  edit-metadata: 1.913239173591137
  landing: 1.196225494146347
  view-data: 3.5479137897491455
