times:
  edit-metadata: 1.3886301890015602
  landing: 0.7608185112476349
  view-data: 3.464592434465885
