times:
  edit-metadata: 1.480764016509056
  landing: 0.7763565108180046
  view-data: 3.5059919580817223
