times:
  edit-metadata: 1.5044301748275757
  landing: 0.8259938731789589
  view-data: 3.359029605984688
