times:
  edit-metadata: 1.9338989928364754
  landing: 1.3644092082977295
  view-data: 3.453314371407032
