times:
  edit-metadata: 1.861888162791729
  landing: 1.1663539409637451
  view-data: 3.4754452779889107
