times:
  edit-metadata: 1.401282973587513
  landing: 0.8191068917512894
  view-data: 3.307164542376995
