times:
  edit-metadata: 1.393094778060913
  landing: 0.7861353605985641
  view-data: 3.513416014611721
