times:
  edit-metadata: 1.488640684634447
  landing: 0.8875322379171848
  view-data: 3.330650120973587
