times:
  edit-metadata: 1.397194366902113
  landing: 0.9085501730442047
  view-data: 3.320521380752325
