times:
  edit-metadata: 1.4878874011337757
  landing: 0.8585666827857494
  view-data: 3.303793106228113
