times:
  edit-metadata: 1.5517584905028343
  landing: 0.8272850960493088
  view-data: 3.5166178941726685
