times:
  edit-metadata: 1.4803763031959534
  landing: 0.8047532588243484
  view-data: 3.3411185666918755
