times:
  edit-metadata: 1.631490297615528
  landing: 0.8488902673125267
  view-data: 3.295280173420906
