times:
  edit-metadata: 1.4373964965343475
  landing: 0.8180781006813049
  view-data: 3.488202340900898
