times:
  edit-metadata: 1.3766633458435535
  landing: 0.7377858273684978
  view-data: 3.31004336476326
