times:
  edit-metadata: 1.3666522949934006
  landing: 0.7723343595862389
  view-data: 3.3122120052576065
