times:
  edit-metadata: 1.3875456601381302
  landing: 0.7525594383478165
  view-data: 3.484763115644455
