times:
  edit-metadata: 1.352036327123642
  landing: 0.8083034083247185
  view-data: 3.45364610850811
