times:
  edit-metadata: 1.4623806364834309
  landing: 0.9693696983158588
  view-data: 3.407072637230158
