times:
  edit-metadata: 1.4250955358147621
  landing: 0.906553365290165
  view-data: 3.440444804728031
