times:
  edit-metadata: 1.894669957458973
  landing: 1.3244428113102913
  view-data: 3.4680559039115906
