times:
  edit-metadata: 1.4210364110767841
  landing: 0.8160043321549892
  view-data: 3.2962677255272865
