times:
  edit-metadata: 1.4333658292889595
  landing: 0.7721981406211853
  view-data: 3.4327231645584106
