times:
  edit-metadata: 1.452165737748146
  landing: 0.8326672315597534
  view-data: 3.360969200730324
