times:
  edit-metadata: 2.2668668180704117
  landing: 1.4468213841319084
  view-data: 3.562230296432972
