times:
  edit-metadata: 1.3773182816803455
  landing: 0.8526039123535156
  view-data: 3.2422410026192665
