times:
  edit-metadata: 1.4151207506656647
  landing: 0.7839447781443596
  view-data: 3.5772984325885773
