times:
  edit-metadata: 1.3491194397211075
  landing: 0.7676993682980537
  view-data: 3.4794753789901733
