times:
  edit-metadata: 1.4112610444426537
  landing: 0.928129680454731
  view-data: 3.4343065954744816
