times:
  edit-metadata: 1.3991471529006958
  landing: 0.8862242177128792
  view-data: 3.4456226602196693
