times:
  edit-metadata: 1.388262078166008
  landing: 0.7951723635196686
  view-data: 3.444788098335266
