times:
  edit-metadata: 1.3792527467012405
  landing: 0.9300081804394722
  view-data: 3.249474946409464
