times:
  edit-metadata: 1.32859605550766
  landing: 0.7830558866262436
  view-data: 3.470371328294277
