times:
  edit-metadata: 1.438430655747652
  landing: 0.8847626224160194
  view-data: 3.3183740004897118
