times:
  edit-metadata: 1.354990653693676
  landing: 0.7833475768566132
  view-data: 3.381028801202774
