times:
  edit-metadata: 1.3698362857103348
  landing: 0.8455546908080578
  view-data: 3.3257103227078915
