times:
  edit-metadata: 1.3193965777754784
  landing: 0.7991099059581757
  view-data: 3.383397191762924
