times:
  edit-metadata: 1.5666348151862621
  landing: 1.4355467110872269
  view-data: 3.4196692258119583
