times:
  edit-metadata: 1.5060145035386086
  landing: 0.8498106077313423
  view-data: 3.3157875761389732
