times:
  edit-metadata: 1.348982710391283
  landing: 0.8382821194827557
  view-data: 3.348793148994446
