times:
  edit-metadata: 1.4561775922775269
  landing: 0.7887659966945648
  view-data: 3.4469974488019943
