times:
  edit-metadata: 1.4242646396160126
  landing: 0.8688356652855873
  view-data: 3.319451440125704
