times:
  edit-metadata: 1.2657768353819847
  landing: 0.8320640623569489
  view-data: 3.4079871103167534
