times:
  edit-metadata: 1.5577731654047966
  landing: 0.9490588828921318
  view-data: 3.5389033555984497
