times:
  edit-metadata: 1.3612601086497307
  landing: 0.8306919746100903
  view-data: 3.3687247782945633
