times:
  edit-metadata: 2.2220868170261383
  landing: 1.8968114629387856
  view-data: 3.5651232302188873
