times:
  edit-metadata: 1.3387974724173546
  landing: 0.8278242498636246
  view-data: 3.493063524365425
