times:
  edit-metadata: 1.5572609603404999
  landing: 0.8581088334321976
  view-data: 3.6026506945490837
