times:
  edit-metadata: 1.4787625595927238
  landing: 0.8230527304112911
  view-data: 3.2907825335860252
