times:
  edit-metadata: 1.3906961008906364
  landing: 0.7416001558303833
  view-data: 3.5018764659762383
