times:
  edit-metadata: 1.4505051374435425
  landing: 0.7930024862289429
  view-data: 3.5804828256368637
