times:
  edit-metadata: 1.4952511712908745
  landing: 0.797179602086544
  view-data: 3.526245877146721
