times:
  edit-metadata: 1.3804298117756844
  landing: 0.8486462906002998
  view-data: 3.54215594381094
