times:
  edit-metadata: 1.5220289528369904
  landing: 0.8604705706238747
  view-data: 3.4998726695775986
