times:
  edit-metadata: 1.3981717452406883
  landing: 0.774958610534668
  view-data: 3.4090001434087753
