times:
  edit-metadata: 1.3984272107481956
  landing: 0.7585726007819176
  view-data: 3.5109246149659157
