times:
  edit-metadata: 1.568234819918871
  landing: 0.8951138779520988
  view-data: 3.4175025522708893
