times:
  edit-metadata: 1.5027871280908585
  landing: 0.9065404534339905
  view-data: 3.3432859927415848
