times:
  edit-metadata: 1.3902359083294868
  landing: 0.8767266981303692
  view-data: 3.318019565194845
