times:
  edit-metadata: 1.3995870798826218
  landing: 0.8054533749818802
  view-data: 3.4858169928193092
