times:
  edit-metadata: 1.5033584982156754
  landing: 0.7834619469940662
  view-data: 3.419151186943054
