times:
  edit-metadata: 1.4619854539632797
  landing: 0.7492641732096672
  view-data: 3.5474173054099083
