times:
  edit-metadata: 1.4777030050754547
  landing: 0.7610346674919128
  view-data: 3.544383741915226
