times:
  edit-metadata: 1.5196445621550083
  landing: 1.056057944893837
  view-data: 3.3323151767253876
