times:
  edit-metadata: 1.5115056037902832
  landing: 0.780358113348484
  view-data: 3.521259658038616
