times:
  edit-metadata: 1.4737964943051338
  landing: 0.8376877978444099
  view-data: 3.5535928905010223
