times:
  edit-metadata: 1.4586541801691055
  landing: 0.9152931347489357
  view-data: 3.313987582921982
