times:
  edit-metadata: 1.6561194062232971
  landing: 0.8671449646353722
  view-data: 3.547690711915493
