times:
  edit-metadata: 1.8222831301391125
  landing: 1.0697344578802586
  view-data: 3.34902398660779
