times:
  edit-metadata: 1.4700295254588127
  landing: 0.8887199833989143
  view-data: 3.294722020626068
