times:
  edit-metadata: 1.5173035971820354
  landing: 0.8695474565029144
  view-data: 3.3186585754156113
