times:
  edit-metadata: 1.3995886370539665
  landing: 0.7472273632884026
  view-data: 3.546750731766224
