times:
  edit-metadata: 1.5718838050961494
  landing: 0.7555453777313232
  view-data: 3.4277965649962425
