times:
  edit-metadata: 1.4137994721531868
  landing: 0.8716996237635612
  view-data: 3.356004912406206
