times:
  edit-metadata: 1.4356772974133492
  landing: 0.8040670529007912
  view-data: 3.339241288602352
