times:
  edit-metadata: 1.493863943964243
  landing: 0.811466209590435
  view-data: 3.340229380875826
