times:
  edit-metadata: 1.564063936471939
  landing: 0.7639669626951218
  view-data: 3.5650209859013557
