times:
  edit-metadata: 1.4132860898971558
  landing: 0.8368500433862209
  view-data: 3.2837639339268208
