times:
  edit-metadata: 1.4026188366115093
  landing: 0.7494731172919273
  view-data: 3.2853375412523746
