times:
  edit-metadata: 1.3670830950140953
  landing: 0.9092940241098404
  view-data: 3.3176784180104733
