times:
  edit-metadata: 1.5121013298630714
  landing: 0.9636624380946159
  view-data: 3.4973421916365623
