times:
  edit-metadata: 1.6045488715171814
  landing: 1.323163490742445
  view-data: 3.4321921803057194
