times:
  edit-metadata: 1.3885759860277176
  landing: 0.8185172602534294
  view-data: 3.596372351050377
