times:
  edit-metadata: 1.3963257186114788
  landing: 0.7766640223562717
  view-data: 3.2811577320098877
