times:
  edit-metadata: 1.431590985506773
  landing: 0.813711803406477
  view-data: 3.343752447515726
