times:
  edit-metadata: 1.760789804160595
  landing: 1.0181814432144165
  view-data: 3.457569494843483
