times:
  edit-metadata: 1.532263845205307
  landing: 0.9394228830933571
  view-data: 3.3415574356913567
