times:
  edit-metadata: 1.4262307956814766
  landing: 0.714329794049263
  view-data: 3.453140415251255
