times:
  edit-metadata: 1.4378435239195824
  landing: 0.7621497139334679
  view-data: 3.5432425141334534
