times:
  edit-metadata: 1.4231235049664974
  landing: 0.8155087754130363
  view-data: 3.2858359813690186
