times:
  edit-metadata: 1.569227248430252
  landing: 0.9606045112013817
  view-data: 3.3643763437867165
