times:
  edit-metadata: 1.512110948562622
  landing: 0.8298728689551353
  view-data: 3.57852091640234
