times:
  edit-metadata: 1.388039719313383
  landing: 0.7788356430828571
  view-data: 3.295721836388111
