times:
  edit-metadata: 1.4067317768931389
  landing: 0.8372065983712673
  view-data: 3.364493690431118
