times:
  edit-metadata: 1.7045945189893246
  landing: 1.145475272089243
  view-data: 3.361694496124983
