times:
  edit-metadata: 1.574067085981369
  landing: 0.799559473991394
  view-data: 3.5072157755494118
