times:
  edit-metadata: 1.4540657848119736
  landing: 0.8675472587347031
  view-data: 3.3203306645154953
