times:
  edit-metadata: 1.4422911405563354
  landing: 0.709063395857811
  view-data: 3.565556898713112
