times:
  edit-metadata: 1.8271702453494072
  landing: 1.2771552130579948
  view-data: 3.7152566984295845
