times:
  edit-metadata: 1.3934869542717934
  landing: 0.760823130607605
  view-data: 3.329958986490965
