times:
  edit-metadata: 1.504856437444687
  landing: 0.8633644953370094
  view-data: 3.4298004508018494
