times:
  edit-metadata: 1.4548788592219353
  landing: 0.8084295094013214
  view-data: 3.5942360386252403
