times:
  edit-metadata: 1.4458408579230309
  landing: 0.7348711490631104
  view-data: 3.2919145114719868
