times:
  edit-metadata: 1.4386605024337769
  landing: 0.7522018775343895
  view-data: 3.272608295083046
