times:
  edit-metadata: 1.6120926849544048
  landing: 0.8899735361337662
  view-data: 3.3164343163371086
