times:
  edit-metadata: 1.4299869313836098
  landing: 0.7304291352629662
  view-data: 3.253758020699024
