times:
  edit-metadata: 1.5171900317072868
  landing: 0.8207148090004921
  view-data: 3.4405129477381706
