times:
  edit-metadata: 1.4685822874307632
  landing: 0.8080295845866203
  view-data: 3.297688513994217
