times:
  edit-metadata: 1.3587686195969582
  landing: 0.84322639554739
  view-data: 3.568341299891472
