times:
  edit-metadata: 1.4984999373555183
  landing: 0.8326404318213463
  view-data: 3.3845578767359257
