times:
  edit-metadata: 1.7490756325423717
  landing: 0.96021943166852
  view-data: 3.323591347783804
