times:
  edit-metadata: 1.9631731063127518
  landing: 1.2419706471264362
  view-data: 3.4972867518663406
