times:
  edit-metadata: 1.6282328367233276
  landing: 0.8034289330244064
  view-data: 3.4646401703357697
