times:
  edit-metadata: 1.3816806077957153
  landing: 0.7698450684547424
  view-data: 3.295449271798134
