times:
  edit-metadata: 1.3462574295699596
  landing: 0.8265100121498108
  view-data: 3.2705177552998066
