times:
  edit-metadata: 1.5685224011540413
  landing: 0.9060749560594559
  view-data: 3.5998565554618835
