times:
  edit-metadata: 1.3595344610512257
  landing: 0.8707927353680134
  view-data: 3.348670408129692
