times:
  edit-metadata: 1.4585043713450432
  landing: 0.7342321500182152
  view-data: 3.505022458732128
