times:
  edit-metadata: 1.4038121104240417
  landing: 0.829999066889286
  view-data: 3.324757657945156
