times:
  edit-metadata: 1.398009017109871
  landing: 0.8357632681727409
  view-data: 3.3230136558413506
