times:
  edit-metadata: 1.490321259945631
  landing: 0.8077970929443836
  view-data: 3.3048650808632374
