times:
  edit-metadata: 1.4939261227846146
  landing: 0.8198574483394623
  view-data: 3.5838078781962395
