times:
  edit-metadata: 1.7130512446165085
  landing: 1.1171616613864899
  view-data: 3.3450983837246895
