times:
  edit-metadata: 1.5696676522493362
  landing: 0.8231296017765999
  view-data: 3.5320057347416878
