times:
  edit-metadata: 1.4261268228292465
  landing: 0.7346282452344894
  view-data: 3.5060968101024628
