times:
  edit-metadata: 1.485976368188858
  landing: 0.908505417406559
  view-data: 3.328771151602268
