times:
  edit-metadata: 1.4563649371266365
  landing: 0.9031584337353706
  view-data: 3.444256007671356
