times:
  edit-metadata: 1.4446616098284721
  landing: 0.7390524446964264
  view-data: 3.3703918159008026
