times:
  edit-metadata: 1.4304743185639381
  landing: 0.7879665270447731
  view-data: 3.3201704993844032
