times:
  edit-metadata: 1.4812428504228592
  landing: 1.034549467265606
  view-data: 3.528385989367962
