times:
  edit-metadata: 1.4186947792768478
  landing: 0.8242045491933823
  view-data: 3.4787516593933105
