times:
  edit-metadata: 1.4697240144014359
  landing: 0.7715238481760025
  view-data: 3.417832151055336
