times:
  edit-metadata: 2.433094747364521
  landing: 1.4981683567166328
  view-data: 3.6073660627007484
