times:
  edit-metadata: 1.4941528737545013
  landing: 0.7961970567703247
  view-data: 3.5586545020341873
