times:
  edit-metadata: 1.506048545241356
  landing: 0.8073293045163155
  view-data: 3.343807727098465
