times:
  edit-metadata: 1.44801776856184
  landing: 0.7868691086769104
  view-data: 3.4995799511671066
