times:
  edit-metadata: 1.5287833884358406
  landing: 0.7499592341482639
  view-data: 3.3343212753534317
