times:
  edit-metadata: 1.4085621610283852
  landing: 0.8040049783885479
  view-data: 3.2905698604881763
