times:
  edit-metadata: 1.5229497104883194
  landing: 0.7303117513656616
  view-data: 3.498937338590622
