times:
  edit-metadata: 1.5337868854403496
  landing: 0.8545773327350616
  view-data: 3.3996000587940216
