times:
  edit-metadata: 1.537453293800354
  landing: 0.749170646071434
  view-data: 3.292519312351942
