times:
  edit-metadata: 1.4914613738656044
  landing: 0.7257607653737068
  view-data: 3.5567115917801857
