times:
  edit-metadata: 1.4792073294520378
  landing: 0.7481124363839626
  view-data: 3.3199214972555637
