times:
  edit-metadata: 1.4193183705210686
  landing: 0.8186913579702377
  view-data: 3.4832396134734154
