times:
  edit-metadata: 1.380992829799652
  landing: 0.7541253566741943
  view-data: 3.4579064771533012
