times:
  edit-metadata: 1.4894666746258736
  landing: 0.8290046527981758
  view-data: 3.442110076546669
