times:
  edit-metadata: 1.4782826825976372
  landing: 0.7576710321009159
  view-data: 3.328376602381468
