times:
  edit-metadata: 1.434865988790989
  landing: 0.7935817837715149
  view-data: 3.386187966912985
