times:
  edit-metadata: 1.4969769790768623
  landing: 0.8275069445371628
  view-data: 3.333190269768238
