times:
  edit-metadata: 1.8794179931282997
  landing: 1.0876154117286205
  view-data: 3.313528396189213
