times:
  edit-metadata: 1.4335348829627037
  landing: 1.1285215616226196
  view-data: 3.4154201596975327
