times:
  edit-metadata: 1.5374953672289848
  landing: 0.726790077984333
  view-data: 3.503563776612282
