times:
  edit-metadata: 2.123414598405361
  landing: 1.440287634730339
  view-data: 3.511698067188263
