times:
  edit-metadata: 1.5408896394073963
  landing: 0.8732313103973866
  view-data: 3.3196041993796825
