times:
  edit-metadata: 1.393138848245144
  landing: 0.7990877851843834
  view-data: 3.313486482948065
