times:
  edit-metadata: 2.7953542061150074
  landing: 1.3149881660938263
  view-data: 3.596125975251198
