times:
  edit-metadata: 1.4098678901791573
  landing: 0.7852672785520554
  view-data: 3.3964167907834053
