times:
  edit-metadata: 1.988114833831787
  landing: 1.110596090555191
  view-data: 3.4121226891875267
