times:
  edit-metadata: 1.6520352363586426
  landing: 1.303215380758047
  view-data: 3.3788816519081593
