times:
  edit-metadata: 1.4576651379466057
  landing: 0.7739745527505875
  view-data: 3.2778119668364525
