times:
  edit-metadata: 1.5704391077160835
  landing: 1.023293238133192
  view-data: 3.3101547583937645
