times:
  edit-metadata: 1.3933679945766926
  landing: 0.8838852010667324
  view-data: 3.304521482437849
