times:
  edit-metadata: 1.6656943261623383
  landing: 0.8383260369300842
  view-data: 3.585122361779213
