times:
  edit-metadata: 1.4078030660748482
  landing: 0.7934466078877449
  view-data: 3.4354956597089767
