times:
  edit-metadata: 1.4204621762037277
  landing: 1.0412904173135757
  view-data: 3.633318819105625
