times:
  edit-metadata: 1.5517699718475342
  landing: 0.7480813264846802
  view-data: 3.333452209830284
