times:
  edit-metadata: 1.510605663061142
  landing: 0.7273920327425003
  view-data: 3.5823486745357513
