times:
  edit-metadata: 1.4335985742509365
  landing: 1.0208014734089375
  view-data: 3.3106164149940014
