times:
  edit-metadata: 1.4703725203871727
  landing: 0.8203139752149582
  view-data: 3.3865955099463463
