times:
  edit-metadata: 1.434818297624588
  landing: 0.8382486552000046
  view-data: 3.564089819788933
