times:
  edit-metadata: 2.7883342653512955
  landing: 1.4991610869765282
  view-data: 3.9712785482406616
