times:
  edit-metadata: 1.4766808897256851
  landing: 0.7634143307805061
  view-data: 3.477946251630783
