times:
  edit-metadata: 2.364046171307564
  landing: 1.3629543706774712
  view-data: 3.688626915216446
