times:
  edit-metadata: 1.4526011124253273
  landing: 0.7806878834962845
  view-data: 3.5807376727461815
