times:
  edit-metadata: 1.5077535510063171
  landing: 0.9026679620146751
  view-data: 3.4248541742563248
