times:
  edit-metadata: 1.4288399964571
  landing: 0.766767606139183
  view-data: 3.438594713807106
