times:
  edit-metadata: 1.3967547342181206
  landing: 0.7428290471434593
  view-data: 3.4566846564412117
