times:
  edit-metadata: 1.4742287173867226
  landing: 0.7930637001991272
  view-data: 3.620619483292103
