times:
  edit-metadata: 1.4778952226042747
  landing: 0.8289529457688332
  view-data: 3.276664137840271
