times:
  edit-metadata: 1.5022931694984436
  landing: 0.8076928555965424
  view-data: 3.4733253121376038
