times:
  edit-metadata: 1.5296756774187088
  landing: 0.8463930711150169
  view-data: 3.304435223340988
