times:
  edit-metadata: 1.5603898577392101
  landing: 0.7451061084866524
  view-data: 3.2874001562595367
