times:
  edit-metadata: 1.4761351346969604
  landing: 0.7707891464233398
  view-data: 3.5592318177223206
