times:
  edit-metadata: 1.505126230418682
  landing: 0.9410584382712841
  view-data: 3.437352057546377
