times:
  edit-metadata: 1.415670670568943
  landing: 0.7857198491692543
  view-data: 3.279355861246586
