times:
  edit-metadata: 1.632229432463646
  landing: 1.0565676391124725
  view-data: 3.6399053782224655
