times:
  edit-metadata: 1.6288201957941055
  landing: 0.8186581954360008
  view-data: 3.4017981477081776
