times:
  edit-metadata: 1.4317849576473236
  landing: 0.7757250554859638
  view-data: 3.3298442848026752
