times:
  edit-metadata: 2.098814684897661
  landing: 1.310577169060707
  view-data: 3.374424520879984
