times:
  edit-metadata: 1.5043212845921516
  landing: 0.7872963696718216
  view-data: 3.3083785623311996
