times:
  edit-metadata: 1.3918840996921062
  landing: 0.8060671165585518
  view-data: 3.2555900253355503
