times:
  edit-metadata: 1.364307377487421
  landing: 0.8904278501868248
  view-data: 3.238670125603676
