times:
  edit-metadata: 1.346891026943922
  landing: 1.0726358704268932
  view-data: 3.2944945618510246
