times:
  edit-metadata: 1.5458014607429504
  landing: 0.8015879765152931
  view-data: 3.607451356947422
