times:
  edit-metadata: 1.7233283780515194
  landing: 0.8714214637875557
  view-data: 3.3253644853830338
