times:
  edit-metadata: 1.424584500491619
  landing: 0.8136693090200424
  view-data: 3.2896292954683304
