times:
  edit-metadata: 1.8326832614839077
  landing: 0.9660526178777218
  view-data: 3.485521074384451
