times:
  edit-metadata: 1.5292985811829567
  landing: 0.7665259763598442
  view-data: 3.6188411116600037
