times:
  edit-metadata: 1.5017385631799698
  landing: 0.7428441345691681
  view-data: 3.501418747007847
