times:
  edit-metadata: 1.4544016420841217
  landing: 0.8377163223922253
  view-data: 3.3849892802536488
