times:
  edit-metadata: 1.445904716849327
  landing: 0.773881308734417
  view-data: 3.521146260201931
