times:
  edit-metadata: 1.399054691195488
  landing: 0.7645079270005226
  view-data: 3.4045735374093056
