times:
  edit-metadata: 1.4528078809380531
  landing: 0.8839685767889023
  view-data: 3.288463734090328
