times:
  edit-metadata: 1.538370594382286
  landing: 0.8351197242736816
  view-data: 3.2696904242038727
