times:
  edit-metadata: 2.0788180083036423
  landing: 1.29244364798069
  view-data: 3.840590827167034
