times:
  edit-metadata: 1.545908935368061
  landing: 0.8751386366784573
  view-data: 3.422365553677082
