times:
  edit-metadata: 1.6722552813589573
  landing: 1.164827585220337
  view-data: 3.404627747833729
