times:
  edit-metadata: 1.5763275250792503
  landing: 1.0210758969187737
  view-data: 3.426683485507965
