times:
  edit-metadata: 2.752127181738615
  landing: 1.0582439750432968
  view-data: 3.304644286632538
