times:
  edit-metadata: 1.5415027551352978
  landing: 0.9585580229759216
  view-data: 3.3390388414263725
