times:
  edit-metadata: 2.2670298777520657
  landing: 1.6825170703232288
  view-data: 3.555079337209463
