times:
  edit-metadata: 1.7425543367862701
  landing: 0.9989292062819004
  view-data: 3.3805535919964314
