times:
  edit-metadata: 1.562907375395298
  landing: 0.9593308158218861
  view-data: 3.336278200149536
