times:
  edit-metadata: 2.5932231582701206
  landing: 1.5054940357804298
  view-data: 3.621108252555132
