times:
  edit-metadata: 1.5841303505003452
  landing: 0.9963267631828785
  view-data: 3.3671548515558243
