times:
  edit-metadata: 1.5810665376484394
  landing: 1.0304360389709473
  view-data: 3.358500689268112
