times:
  edit-metadata: 1.5489491671323776
  landing: 0.9113153293728828
  view-data: 3.406562387943268
