times:
  edit-metadata: 1.8868641518056393
  landing: 0.9733871221542358
  view-data: 3.3416046798229218
