times:
  edit-metadata: 1.5735923498868942
  landing: 0.9534633308649063
  view-data: 3.386473875492811
