times:
  edit-metadata: 1.6813042387366295
  landing: 1.0346740037202835
  view-data: 3.6043468676507473
