times:
  edit-metadata: 1.5972956977784634
  landing: 0.9627476371824741
  view-data: 3.2991189546883106
