times:
  edit-metadata: 1.7025654427707195
  landing: 0.9809795282781124
  view-data: 3.4583649449050426
