times:
  edit-metadata: 2.06921661272645
  landing: 1.317577037960291
  view-data: 3.517349034547806
