times:
  edit-metadata: 1.647152867168188
  landing: 1.0615922808647156
  view-data: 3.449972230941057
