times:
  edit-metadata: 1.5729640536010265
  landing: 1.0582630597054958
  view-data: 3.3860036805272102
