times:
  edit-metadata: 1.9342635124921799
  landing: 1.2621402777731419
  view-data: 3.383738946169615
