times:
  edit-metadata: 1.7756712399423122
  landing: 1.0065048411488533
  view-data: 3.3331377618014812
