times:
  edit-metadata: 1.8197264783084393
  landing: 1.1856528334319592
  view-data: 3.3685110360383987
