times:
  edit-metadata: 1.656595166772604
  landing: 1.1462070234119892
  view-data: 3.4115853793919086
