times:
  edit-metadata: 1.6814516074955463
  landing: 1.069493543356657
  view-data: 3.304895870387554
