times:
  edit-metadata: 1.7531201280653477
  landing: 0.9945212826132774
  view-data: 3.2550745829939842
