times:
  edit-metadata: 1.557379737496376
  landing: 0.9740070514380932
  view-data: 3.416511580348015
