times:
  edit-metadata: 1.458676241338253
  landing: 1.0474838428199291
  view-data: 3.4227462634444237
