times:
  edit-metadata: 1.6925108768045902
  landing: 0.9870206043124199
  view-data: 3.4876391403377056
