times:
  edit-metadata: 1.6296016909182072
  landing: 0.9009068310260773
  view-data: 3.2698793560266495
