times:
  edit-metadata: 1.597625020891428
  landing: 0.9069788791239262
  view-data: 3.299568932503462
