times:
  edit-metadata: 1.5387353599071503
  landing: 1.0489416494965553
  view-data: 3.4564175195991993
