times:
  edit-metadata: 5.194981761276722
  landing: 3.658545069396496
  view-data: 3.58725830540061
