times:
  edit-metadata: 1.6007426269352436
  landing: 1.0222362354397774
  view-data: 3.3907182179391384
