times:
  edit-metadata: 1.5971424207091331
  landing: 1.0686890594661236
  view-data: 3.4033594615757465
