times:
  edit-metadata: 1.6862476095557213
  landing: 0.87857586145401
  view-data: 3.306933678686619
