times:
  edit-metadata: 1.5717609710991383
  landing: 0.9073871076107025
  view-data: 3.351970475167036
