times:
  edit-metadata: 4.742909975349903
  landing: 2.3558942265808582
  view-data: 3.524985808879137
