times:
  edit-metadata: 0.9884257847443223
  landing: 0.09534004516899586
  view-data: 0.2801282159052789
