times:
  edit-metadata: 0.4742249739356339
  landing: 0.04974638810381293
  view-data: 0.26529259281232953
