times:
  edit-metadata: 0.8663716230075806
  landing: 0.04937882605008781
  view-data: 0.277206055005081
