times:
  edit-metadata: 2.9734821058809757
  landing: 1.1810331624001265
  view-data: 3.422496935352683
