times:
  edit-metadata: 1.3431223980151117
  landing: 0.9018085210118443
  view-data: 3.402406136970967
