times:
  edit-metadata: 1.8842315468937159
  landing: 0.12657013908028603
  view-data: 0.12779666110873222
