times:
  edit-metadata: 0.6146110909758136
  landing: 0.04632900597061962
  view-data: 0.20423172309529036
