times:
  edit-metadata: 0.6846988573670387
  landing: 0.044545667711645365
  view-data: 0.21515458868816495
