times:
  edit-metadata: 0.3905923329293728
  landing: 0.04645150899887085
  view-data: 0.19588962942361832
