times:
  edit-metadata: 1.0138860179577023
  landing: 0.17418826703215018
  view-data: 0.2743306420161389
