times:
  edit-metadata: 0.8298668100032955
  landing: 0.07890374399721622
  view-data: 0.3925334890373051
