times:
  edit-metadata: 1.8367597227916121
  landing: 0.7132335947826505
  view-data: 3.565485996194184
