times:
  edit-metadata: 2.7310157772153616
  landing: 0.943107470870018
  view-data: 3.5593036580830812
