times:
  edit-metadata: 0.4980994579382241
  landing: 0.04846073826774955
  view-data: 0.22384394286200404
