times:
  edit-metadata: 0.593067466004868
  landing: 0.050263448007171974
  view-data: 0.19185525500506628
