times:
  edit-metadata: 0.3923308700323105
  landing: 0.04056106135249138
  view-data: 0.206639114767313
