times:
  edit-metadata: 0.4769226619973779
  landing: 0.04477206617593765
  view-data: 0.26718747429549694
