times:
  edit-metadata: 0.4884935631416738
  landing: 0.04355849605053663
  view-data: 0.21853004209697247
