times:
  edit-metadata: 3.7596712606027722
  landing: 1.7805300084874034
  view-data: 3.3504728116095066
