times:
  edit-metadata: 3.1261166483163834
  landing: 1.1588395927101374
  view-data: 3.735269509255886
