times:
  edit-metadata: 1.5667205043137074
  landing: 0.9054569602012634
  view-data: 3.452832531183958
