times:
  edit-metadata: 0.42100657895207405
  landing: 0.05144612863659859
  view-data: 0.20109735056757927
