times:
  edit-metadata: 7.082983464002609
  landing: 2.8993789106607437
  view-data: 4.611439436674118
