times:
  edit-metadata: 1.4540655259042978
  landing: 0.8423782028257847
  view-data: 3.337939253076911
