times:
  edit-metadata: 1.9686689600348473
  landing: 0.019617145881056786
  view-data: 0.11849433556199074
