times:
  edit-metadata: 2.0525107346475124
  landing: 0.9878366589546204
  view-data: 3.589892666786909
