times:
  edit-metadata: 0.4686182616278529
  landing: 0.043768925592303276
  view-data: 0.35848680324852467
