times:
  edit-metadata: 1.8751986688002944
  landing: 0.021113289520144463
  view-data: 0.4204169325530529
