times:
  edit-metadata: 1.493346462957561
  landing: 0.887959380634129
  view-data: 3.4394354578107595
