times:
  edit-metadata: 1.5013363845646381
  landing: 0.8836939744651318
  view-data: 3.3354084566235542
