times:
  edit-metadata: 1.5277226008474827
  landing: 0.8595822304487228
  view-data: 3.687810067087412
