times:
  edit-metadata: 1.5253848899155855
  landing: 0.689392875880003
  view-data: 3.2987573482096195
