times:
  edit-metadata: 2.078158626332879
  landing: 0.13680417090654373
  view-data: 0.024843808263540268
