times:
  edit-metadata: 4.768972344696522
  landing: 2.6861022487282753
  view-data: 4.284297190606594
