times:
  edit-metadata: 1.4203823721036315
  landing: 0.8577845830004662
  view-data: 3.3824489060789347
