times:
  edit-metadata: 0.6461306400597095
  landing: 0.041168359108269215
  view-data: 0.2192239942960441
