times:
  edit-metadata: 2.9579595364630222
  landing: 0.2094418853521347
  view-data: 0.788134228438139
