times:
  edit-metadata: 4.8622328117489815
  landing: 2.448103664442897
  view-data: 3.914689587429166
