times:
  edit-metadata: 2.3112464267760515
  landing: 0.14965105056762695
  view-data: 0.3895295951515436
