times:
  edit-metadata: 1.0159323060652241
  landing: 0.05289334000553936
  view-data: 0.3858741039875895
