times:
  edit-metadata: 1.048739873978775
  landing: 0.10821347599267028
  view-data: 0.2740707440243568
