times:
  edit-metadata: 0.6292408519948367
  landing: 0.04617872000380885
  view-data: 0.2454693670006236
