times:
  edit-metadata: 6.675919782370329
  landing: 2.887751653790474
  view-data: 4.813556432723999
