times:
  edit-metadata: 0.6339746610028669
  landing: 0.042465517995879054
  view-data: 0.20266285596881062
