times:
  edit-metadata: 0.6411794228479266
  landing: 0.043884828919544816
  view-data: 0.20118779502809048
