times:
  edit-metadata: 2.3964869752526283
  landing: 0.26211149245500565
  view-data: 0.561051344498992
