times:
  edit-metadata: 1.4146639332175255
  landing: 0.8369505731388927
  view-data: 0.8016176465898752
