times:
  edit-metadata: 1.8291745046153665
  landing: 0.018576381728053093
  view-data: 0.2039390942081809
