times:
  edit-metadata: 1.3832596885040402
  landing: 0.8445875244215131
  view-data: 3.4011647701263428
