times:
  edit-metadata: 2.1607284881174564
  landing: 1.1932260319590569
  view-data: 3.6195028126239777
