times:
  edit-metadata: 0.5953497770242393
  landing: 0.04352169204503298
  view-data: 0.21066303411498666
