times:
  edit-metadata: 1.9578646197915077
  landing: 0.02192273922264576
  view-data: 0.4559888653457165
