times:
  edit-metadata: 2.6504845740273595
  landing: 1.1288097249343991
  view-data: 3.590296578593552
