times:
  edit-metadata: 0.47958522802218795
  landing: 0.042873471044003963
  view-data: 0.25972224306315184
