times:
  edit-metadata: 1.5048080957494676
  landing: 0.8986859200522304
  view-data: 3.409156860783696
