times:
  edit-metadata: 2.065579691901803
  landing: 0.27536809630692005
  view-data: 0.152272567152977
