times:
  edit-metadata: 0.408358097076416
  landing: 0.04860835149884224
  view-data: 0.19387582689523697
