times:
  edit-metadata: 1.434861815534532
  landing: 1.7080052178353071
  view-data: 3.321115305647254
