times:
  edit-metadata: 1.6645324882119894
  landing: 1.0305009065195918
  view-data: 3.444880739785731
