times:
  edit-metadata: 2.402354309335351
  landing: 0.3356438372284174
  view-data: 0.02538636326789856
