times:
  edit-metadata: 0.4094623029232025
  landing: 0.03931920975446701
  view-data: 0.20351587608456612
