times:
  edit-metadata: 0.6119210870238021
  landing: 0.05019177298527211
  view-data: 0.19845823210198432
