times:
  edit-metadata: 1.524396477267146
  landing: 0.8161717914044857
  view-data: 3.3685458786785603
