times:
  edit-metadata: 3.1038606576621532
  landing: 1.657971654087305
  view-data: 4.052827950567007
