times:
  edit-metadata: 0.8219086090030032
  landing: 0.06573411100544035
  view-data: 0.26771033400291344
