times:
  edit-metadata: 0.8339071120135486
  landing: 0.05992568889632821
  view-data: 0.27023279410786927
