times:
  edit-metadata: 1.8398517444729805
  landing: 0.9245948418974876
  view-data: 3.2707481384277344
