times:
  edit-metadata: 1.471441543661058
  landing: 0.022278640419244766
  view-data: 0.026483137160539627
