times:
  edit-metadata: 0.9821169740171172
  landing: 0.05730367702199146
  view-data: 0.3691978940041736
