times:
  edit-metadata: 1.5663006715476513
  landing: 0.9456637389957905
  view-data: 3.3663664162158966
