times:
  edit-metadata: 1.697571590077132
  landing: 0.7656096960417926
  view-data: 0.7351491348817945
