times:
  edit-metadata: 2.801400814205408
  landing: 2.7784029841423035
  view-data: 4.368330057710409
