times:
  edit-metadata: 0.4932382763363421
  landing: 0.045125093311071396
  view-data: 0.2228543977253139
