times:
  edit-metadata: 1.3657746678218246
  landing: 0.20727669913321733
  view-data: 0.09796843491494656
