times:
  edit-metadata: 0.8315760460682213
  landing: 0.046528168953955173
  view-data: 0.2651187980081886
