times:
  edit-metadata: 4.779718227684498
  landing: 1.7796265669167042
  view-data: 3.673894640058279
