times:
  edit-metadata: 1.4487815303727984
  landing: 0.8490339498966932
  view-data: 3.3674828559160233
