times:
  edit-metadata: 0.9858316699974239
  landing: 0.06470461701974273
  view-data: 0.24746799282729626
