times:
  edit-metadata: 0.4873906751163304
  landing: 0.04666180117055774
  view-data: 0.24634386925026774
