times:
  edit-metadata: 1.3228411683812737
  landing: 0.018877342343330383
  view-data: 0.024602210149168968
