times:
  edit-metadata: 0.984504253952764
  landing: 0.09105958399595693
  view-data: 0.2683115610270761
