times:
  edit-metadata: 2.0177787244319916
  landing: 0.1790923196822405
  view-data: 0.13449086248874664
