times:
  edit-metadata: 1.396150715649128
  landing: 0.7764309421181679
  view-data: 3.3030215948820114
