times:
  edit-metadata: 1.5517325885593891
  landing: 0.8728729896247387
  view-data: 3.3768983092159033
