times:
  edit-metadata: 0.4750835779123008
  landing: 0.0369832762517035
  view-data: 0.24421610496938229
