times:
  edit-metadata: 2.525847328826785
  landing: 0.1900187600404024
  view-data: 0.5005732383579016
