times:
  edit-metadata: 3.534656038507819
  landing: 1.1220278460532427
  view-data: 4.255858430638909
