times:
  edit-metadata: 0.618356431950815
  landing: 0.04471044399542734
  view-data: 0.19627678202232346
