times:
  edit-metadata: 1.5326861420180649
  landing: 0.8610439889598638
  view-data: 3.403857385041192
