times:
  edit-metadata: 0.6257042679935694
  landing: 0.050690736155956984
  view-data: 0.19620977202430367
