times:
  edit-metadata: 3.1987555995583534
  landing: 1.9213103987276554
  view-data: 4.442565497010946
