times:
  edit-metadata: 0.7577937019523233
  landing: 0.049842709908261895
  view-data: 0.31436108495108783
