times:
  edit-metadata: 0.595283281058073
  landing: 0.06905538681894541
  view-data: 0.30061146477237344
