times:
  edit-metadata: 1.3397478219121695
  landing: 0.02321814838796854
  view-data: 0.11828722525388002
