times:
  edit-metadata: 0.5384647930040956
  landing: 0.04795127548277378
  view-data: 0.27146868500858545
