times:
  edit-metadata: 1.6808952875435352
  landing: 1.2224611714482307
  view-data: 3.3867689222097397
