times:
  edit-metadata: 1.7731713559478521
  landing: 0.6752897165715694
  view-data: 3.5830709394067526
