times:
  edit-metadata: 0.45396688114851713
  landing: 0.03964204993098974
  view-data: 0.21713161701336503
