times:
  edit-metadata: 0.8389867150690407
  landing: 0.06733656511642039
  view-data: 0.3568591708317399
