times:
  edit-metadata: 1.9392493683844805
  landing: 0.15428591705858707
  view-data: 0.5116659384220839
