times:
  edit-metadata: 2.0245905173942447
  landing: 1.1203965693712234
  view-data: 3.3742728382349014
