times:
  edit-metadata: 0.4418835826218128
  landing: 0.04125409573316574
  view-data: 0.19935287162661552
