times:
  edit-metadata: 0.5954058659262955
  landing: 0.044428358087316155
  view-data: 0.2751782510895282
