times:
  edit-metadata: 2.6263032276183367
  landing: 0.18425029143691063
  view-data: 0.49586497247219086
