times:
  edit-metadata: 1.401746928691864
  landing: 0.022032830864191055
  view-data: 0.22448203153908253
