times:
  edit-metadata: 0.6398741859011352
  landing: 0.04461114387959242
  view-data: 0.21975025022402406
