times:
  edit-metadata: 1.55291055329144
  landing: 0.7566374912858009
  view-data: 3.402085365727544
