times:
  edit-metadata: 0.5892004320048727
  landing: 0.05026000700308941
  view-data: 0.2108274479978718
