times:
  edit-metadata: 1.495504081249237
  landing: 0.8135607689619064
  view-data: 3.424654431641102
