times:
  edit-metadata: 0.4950754209421575
  landing: 0.048251593951135874
  view-data: 0.2509185830131173
