times:
  edit-metadata: 0.889120377949439
  landing: 0.05026677995920181
  view-data: 0.3676845299778506
