times:
  edit-metadata: 1.4316243967041373
  landing: 0.9250452630221844
  view-data: 3.390221077017486
