times:
  edit-metadata: 1.5109463073313236
  landing: 0.9692373154684901
  view-data: 3.38373576849699
