times:
  edit-metadata: 1.9656543266028166
  landing: 0.1385208461433649
  view-data: 0.483529269695282
