times:
  edit-metadata: 0.980234696995467
  landing: 0.06715644616633654
  view-data: 0.2537017920985818
