times:
  edit-metadata: 0.9747539350064471
  landing: 0.06805547000840306
  view-data: 0.36683418799657375
