times:
  edit-metadata: 1.6434666914865375
  landing: 0.09119627811014652
  view-data: 0.023799731396138668
