times:
  edit-metadata: 0.46109445858746767
  landing: 0.043985442258417606
  view-data: 0.2608660785481334
