times:
  edit-metadata: 2.6585836820304394
  landing: 0.3810298051685095
  view-data: 0.7128444705158472
