times:
  edit-metadata: 0.5288880132138729
  landing: 0.04402415081858635
  view-data: 0.1814880035817623
