times:
  edit-metadata: 2.0291429720818996
  landing: 0.020052965730428696
  view-data: 0.10130421631038189
