times:
  edit-metadata: 0.8255630880594254
  landing: 0.07721769390627742
  view-data: 0.41071002394892275
