times:
  edit-metadata: 0.8131553330458701
  landing: 0.06587903504259884
  view-data: 0.3508796931710094
