times:
  edit-metadata: 0.6219428949989378
  landing: 0.050636350992135704
  view-data: 0.19952426000963897
