times:
  edit-metadata: 1.3987412359565496
  landing: 0.02194411214441061
  view-data: 0.10212752781808376
