times:
  edit-metadata: 0.9300886867567897
  landing: 0.08495076186954975
  view-data: 0.5021827430464327
