times:
  edit-metadata: 0.6402482020203024
  landing: 0.04285714100115001
  view-data: 0.19968229508958757
