times:
  edit-metadata: 1.5073354169726372
  landing: 0.793476328253746
  view-data: 3.301135290414095
