times:
  edit-metadata: 0.8118049590848386
  landing: 0.06609481200575829
  view-data: 0.6130347899161279
