times:
  edit-metadata: 0.488468652125448
  landing: 0.05438672984018922
  view-data: 0.21869689878076315
