times:
  edit-metadata: 1.62634767126292
  landing: 0.020985654555261135
  view-data: 0.09842526633292437
