times:
  edit-metadata: 1.371284918859601
  landing: 0.020422750152647495
  view-data: 0.13719360996037722
