times:
  edit-metadata: 2.012722134590149
  landing: 0.12701106630265713
  view-data: 0.026871638372540474
