times:
  edit-metadata: 2.4282935727387667
  landing: 1.3227622993290424
  view-data: 3.9514091555029154
