times:
  edit-metadata: 0.4103561155498028
  landing: 0.04273482784628868
  view-data: 0.19666172936558723
