times:
  edit-metadata: 1.9970515072345734
  landing: 0.21008927561342716
  view-data: 0.13462429121136665
