times:
  edit-metadata: 0.8461524669546634
  landing: 0.07686743210069835
  view-data: 0.27764034015126526
