times:
  edit-metadata: 1.4100820359308273
  landing: 0.7994651938788593
  view-data: 3.3810080350376666
