times:
  edit-metadata: 1.5859987580915913
  landing: 0.9749145309906453
  view-data: 3.3046296269167215
