times:
  edit-metadata: 5.022656969726086
  landing: 2.5275016613304615
  view-data: 3.579645512625575
