times:
  edit-metadata: 3.6054104678332806
  landing: 2.6025625318288803
  view-data: 3.9420600570738316
