times:
  edit-metadata: 0.5135610592551529
  landing: 0.04202635399997234
  view-data: 0.2136703240685165
