times:
  edit-metadata: 1.9372174628078938
  landing: 0.21772155910730362
  view-data: 0.02772546000778675
