times:
  edit-metadata: 2.130947569385171
  landing: 0.20899991504848003
  view-data: 0.5714830830693245
