times:
  edit-metadata: 0.47296083997935057
  landing: 0.04214260587468743
  view-data: 0.22368801478296518
