times:
  edit-metadata: 0.49998976942151785
  landing: 0.04904644936323166
  view-data: 0.22319395327940583
