times:
  edit-metadata: 0.6091304700821638
  landing: 0.049070765962824225
  view-data: 0.18726697005331516
