times:
  edit-metadata: 1.5270550064742565
  landing: 2.0547401681542397
  view-data: 3.3659364730119705
