times:
  edit-metadata: 1.4846294913440943
  landing: 0.8641376616433263
  view-data: 3.2736825309693813
