times:
  edit-metadata: 0.6679139940533787
  landing: 0.052613019943237305
  view-data: 0.2082962419372052
