times:
  edit-metadata: 1.2136019128374755
  landing: 0.09958773385733366
  view-data: 0.5180928660556674
