times:
  edit-metadata: 1.357950683683157
  landing: 0.8143025450408459
  view-data: 3.349263183772564
