times:
  edit-metadata: 3.335703931748867
  landing: 2.269607450813055
  view-data: 3.457091487944126
