times:
  edit-metadata: 1.5901405881159008
  landing: 0.8963716370053589
  view-data: 0.7193328030407429
