times:
  edit-metadata: 0.6477685698773712
  landing: 0.0450715571641922
  view-data: 0.1993061660323292
