times:
  edit-metadata: 0.8051361320540309
  landing: 0.06628608796745539
  view-data: 0.361996958963573
