times:
  edit-metadata: 1.316633089008974
  landing: 0.13372034797794186
  view-data: 0.30476727700443007
