times:
  edit-metadata: 1.690099391154945
  landing: 0.023520988412201405
  view-data: 0.12342984974384308
