times:
  edit-metadata: 1.904446428641677
  landing: 0.18577877804636955
  view-data: 0.30115037597715855
