times:
  edit-metadata: 0.6508483139332384
  landing: 0.047794647980481386
  view-data: 0.20703142997808754
