times:
  edit-metadata: 0.8226890650112182
  landing: 0.06499745199107565
  view-data: 0.37607591599226
