times:
  edit-metadata: 0.6364248930476606
  landing: 0.04907331196591258
  view-data: 0.20760723506100476
