times:
  edit-metadata: 0.4914282108657062
  landing: 0.05227594217285514
  view-data: 0.23939142795279622
