times:
  edit-metadata: 2.1306373374536633
  landing: 0.1145908497273922
  view-data: 0.1452475730329752
