times:
  edit-metadata: 0.4272337341681123
  landing: 0.04563492815941572
  view-data: 0.21118716429919004
