times:
  edit-metadata: 1.9814315643161535
  landing: 0.019979234784841537
  view-data: 0.023871615529060364
