times:
  edit-metadata: 2.486663421615958
  landing: 0.023738598451018333
  view-data: 0.15846426412463188
