times:
  edit-metadata: 1.4385750729124993
  landing: 0.9288440952077508
  view-data: 3.395843394100666
