times:
  edit-metadata: 0.39568308368325233
  landing: 0.039519134908914566
  view-data: 0.20894797891378403
