times:
  edit-metadata: 1.365602619946003
  landing: 0.7889498565346003
  view-data: 3.350066836923361
