times:
  edit-metadata: 0.8646088782697916
  landing: 0.04579873289912939
  view-data: 0.2644818970002234
