times:
  edit-metadata: 4.245995784178376
  landing: 1.8081854544579983
  view-data: 4.0955253057181835
