times:
  edit-metadata: 1.457130538765341
  landing: 0.8080810848623514
  view-data: 0.7584600644186139
