times:
  edit-metadata: 1.3524716710671782
  landing: 0.054714661091566086
  view-data: 0.3562463102862239
