times:
  edit-metadata: 0.6482194401323795
  landing: 0.04485181183554232
  view-data: 0.23469653585925698
