times:
  edit-metadata: 1.9474415695294738
  landing: 0.019226599484682083
  view-data: 0.11528805550187826
