times:
  edit-metadata: 1.913390250876546
  landing: 0.019230907782912254
  view-data: 0.02307509258389473
