times:
  edit-metadata: 1.0391828310021083
  landing: 0.11715299600473372
  view-data: 0.27588280700001633
