times:
  edit-metadata: 1.6325658485293388
  landing: 0.020833839662373066
  view-data: 0.12036991398781538
