times:
  edit-metadata: 2.5949069783091545
  landing: 1.1410142593085766
  view-data: 3.8428074903786182
