times:
  edit-metadata: 2.718561613932252
  landing: 0.9638422392308712
  view-data: 3.415723020210862
