times:
  edit-metadata: 1.4370134600321762
  landing: 0.3138983169919811
  view-data: 0.3094699130160734
