times:
  edit-metadata: 1.8347254879772663
  landing: 1.17448740452528
  view-data: 3.3494144417345524
