times:
  edit-metadata: 0.8447933071292937
  landing: 0.06405455386266112
  view-data: 0.2663387041538954
