times:
  edit-metadata: 0.5051565701141953
  landing: 0.05512031586840749
  view-data: 0.2346246661618352
