times:
  edit-metadata: 1.9358291998505592
  landing: 0.8114912435412407
  view-data: 3.4702354799956083
