times:
  edit-metadata: 1.1607571532949805
  landing: 0.06743774842470884
  view-data: 0.2737775081768632
