times:
  edit-metadata: 0.6007837210781872
  landing: 0.05027694487944245
  view-data: 0.24490353604778647
