times:
  edit-metadata: 2.0548731042072177
  landing: 0.1393729541450739
  view-data: 0.24489979539066553
