times:
  edit-metadata: 2.325943149626255
  landing: 0.02249513380229473
  view-data: 0.43761584535241127
