times:
  edit-metadata: 0.4971805438399315
  landing: 0.04934608843177557
  view-data: 0.23382016737014055
