times:
  edit-metadata: 0.46613130206242204
  landing: 0.03971014870330691
  view-data: 0.2590604508295655
