times:
  edit-metadata: 1.6173703847452998
  landing: 0.020773963071405888
  view-data: 0.5823265770450234
