times:
  edit-metadata: 1.9991452805697918
  landing: 0.13533278740942478
  view-data: 0.1390329748392105
