times:
  edit-metadata: 2.85073242301587
  landing: 0.027117573015857488
  view-data: 0.275839953974355
