times:
  edit-metadata: 1.4275129861198366
  landing: 0.8842341681011021
  view-data: 3.4047850728966296
