times:
  edit-metadata: 0.38804104924201965
  landing: 0.04206495359539986
  view-data: 0.20357776060700417
