times:
  edit-metadata: 0.43675747886300087
  landing: 0.04501158744096756
  view-data: 0.19562603905797005
