times:
  edit-metadata: 1.3423782614991069
  landing: 0.020209272392094135
  view-data: 0.22567758057266474
