times:
  edit-metadata: 0.8195373660419136
  landing: 0.060513167874887586
  view-data: 0.3956865349318832
