times:
  edit-metadata: 1.6523076370358467
  landing: 1.0182527676224709
  view-data: 3.494897171854973
