times:
  edit-metadata: 0.4688497371971607
  landing: 0.048721148166805506
  view-data: 0.3286437871865928
