times:
  edit-metadata: 2.9869408421218395
  landing: 0.3278534356504679
  view-data: 0.8811607267707586
