times:
  edit-metadata: 1.9259471222758293
  landing: 0.2252794150263071
  view-data: 0.4458777029067278
