times:
  edit-metadata: 0.6247962990310043
  landing: 0.05051403306424618
  view-data: 0.19761808100156486
