times:
  edit-metadata: 0.9690003299620003
  landing: 0.06440494302660227
  view-data: 0.3535801259567961
