times:
  edit-metadata: 1.1068403823301196
  landing: 0.1395792500115931
  view-data: 0.35848797392100096
