times:
  edit-metadata: 1.3592144874855876
  landing: 0.02076661493629217
  view-data: 0.027069360949099064
