times:
  edit-metadata: 1.38849653955549
  landing: 0.019175047054886818
  view-data: 0.027283892035484314
