times:
  edit-metadata: 0.4509192490950227
  landing: 0.04276578314602375
  view-data: 0.24224106827750802
