times:
  edit-metadata: 3.2637742087244987
  landing: 2.0661465860903263
  view-data: 3.825593166053295
