times:
  edit-metadata: 1.9740584287792444
  landing: 0.019879262894392014
  view-data: 0.3022107854485512
