times:
  edit-metadata: 1.507827877998352
  landing: 1.043935026973486
  view-data: 3.3473652116954327
