times:
  edit-metadata: 0.703616629820317
  landing: 0.04950686823576689
  view-data: 0.21240636007860303
