times:
  edit-metadata: 1.9646907020360231
  landing: 0.24076096899807453
  view-data: 0.023470312356948853
