times:
  edit-metadata: 1.5220735799521208
  landing: 0.7084843032062054
  view-data: 3.5157814621925354
