times:
  edit-metadata: 1.8264044118113816
  landing: 0.9666903521865606
  view-data: 3.5585074396803975
