times:
  edit-metadata: 0.9967484050430357
  landing: 0.06874752801377326
  view-data: 0.26110835594590753
