times:
  edit-metadata: 0.973346525002853
  landing: 0.0672012520080898
  view-data: 0.2636142590054078
