times:
  edit-metadata: 1.4064006358385086
  landing: 0.01960497908294201
  view-data: 0.09947091620415449
