times:
  edit-metadata: 3.1757533689960837
  landing: 0.9499363647773862
  view-data: 3.6687366738915443
