times:
  edit-metadata: 0.4883071850053966
  landing: 0.04771492164582014
  view-data: 0.24391976092010736
