times:
  edit-metadata: 1.0974969808012247
  landing: 0.06771460990421474
  view-data: 0.3843115270137787
