times:
  edit-metadata: 1.2609360041096807
  landing: 0.06503847800195217
  view-data: 0.29670419124886394
