times:
  edit-metadata: 1.8739612624049187
  landing: 1.2146610952913761
  view-data: 4.015312101691961
