times:
  edit-metadata: 0.5240274602547288
  landing: 0.04343988001346588
  view-data: 0.24303843080997467
