times:
  edit-metadata: 0.5059020831249654
  landing: 0.05687362980097532
  view-data: 0.24651000183075666
