times:
  edit-metadata: 1.331265565007925
  landing: 0.022290367633104324
  view-data: 0.1189560554921627
