times:
  edit-metadata: 2.3078502248972654
  landing: 0.021922387182712555
  view-data: 0.022603437304496765
