times:
  edit-metadata: 1.9973559193313122
  landing: 1.2214967869222164
  view-data: 3.6219306737184525
