times:
  edit-metadata: 1.6872600559145212
  landing: 0.021840286441147327
  view-data: 0.09738386049866676
