times:
  edit-metadata: 1.378915898501873
  landing: 0.9901749473065138
  view-data: 0.9947982244193554
