times:
  edit-metadata: 2.3637503795325756
  landing: 0.04902140609920025
  view-data: 0.6048863530158997
