times:
  edit-metadata: 0.4746620296500623
  landing: 0.04150510998442769
  view-data: 0.2644481612369418
