times:
  edit-metadata: 1.9129393678158522
  landing: 0.019383525475859642
  view-data: 0.22702390514314175
