times:
  edit-metadata: 4.196156296879053
  landing: 2.2591925598680973
  view-data: 3.978383596986532
