times:
  edit-metadata: 2.000674482434988
  landing: 0.02469620667397976
  view-data: 0.02672051452100277
