times:
  edit-metadata: 1.9802007358521223
  landing: 0.022535642609000206
  view-data: 0.13110250048339367
