times:
  edit-metadata: 2.9842126220464706
  landing: 1.7159043438732624
  view-data: 3.3307194486260414
