times:
  edit-metadata: 0.4081285297870636
  landing: 0.05398216471076012
  view-data: 0.2037159726023674
