times:
  edit-metadata: 1.4330845922231674
  landing: 0.7774628512561321
  view-data: 3.338317099958658
