times:
  edit-metadata: 0.6521415819879621
  landing: 0.04474373196717352
  view-data: 0.21142784203402698
