times:
  edit-metadata: 0.6674707990605384
  landing: 0.06543757789768279
  view-data: 0.2578327099326998
