times:
  edit-metadata: 1.8291742019355297
  landing: 0.023670229129493237
  view-data: 0.22772369999438524
