times:
  edit-metadata: 2.0680545270442963
  landing: 0.1557103805243969
  view-data: 0.13114705495536327
