times:
  edit-metadata: 1.9529631715267897
  landing: 0.02298727072775364
  view-data: 0.12083777971565723
