times:
  edit-metadata: 1.3844668678939342
  landing: 0.021969870664179325
  view-data: 0.025080383755266666
