times:
  edit-metadata: 1.7174997963011265
  landing: 0.021409720182418823
  view-data: 0.023602121509611607
