times:
  edit-metadata: 0.6873113568872213
  landing: 0.04402911430224776
  view-data: 0.22020066110417247
