times:
  edit-metadata: 1.5470925234258175
  landing: 1.0314625650644302
  view-data: 3.3595187813043594
