times:
  edit-metadata: 1.5432338688988239
  landing: 0.8987619651015848
  view-data: 3.3322798060253263
