times:
  edit-metadata: 0.5059609338641167
  landing: 0.0507673854008317
  view-data: 0.22881025588139892
