times:
  edit-metadata: 0.9897162209963426
  landing: 0.1094790929928422
  view-data: 0.36247838800773025
