times:
  edit-metadata: 2.0383456107228994
  landing: 0.23393458500504494
  view-data: 0.2809396833181381
