times:
  edit-metadata: 0.8267395959701389
  landing: 0.07264670799486339
  view-data: 0.34552741586230695
