times:
  edit-metadata: 2.7904363945126534
  landing: 2.1216785348951817
  view-data: 4.5247555412352085
