times:
  edit-metadata: 1.4481733124703169
  landing: 0.7777146818116307
  view-data: 3.319919972680509
