times:
  edit-metadata: 1.6251598596572876
  landing: 0.02234270330518484
  view-data: 0.4759215861558914
