times:
  edit-metadata: 0.6659343079663813
  landing: 0.04638927709311247
  view-data: 0.21001500310376287
