times:
  edit-metadata: 0.824771711602807
  landing: 0.06821317411959171
  view-data: 0.2596286633051932
