times:
  edit-metadata: 0.5114075280725956
  landing: 0.04636599076911807
  view-data: 0.26053184969350696
