times:
  edit-metadata: 2.881178889423609
  landing: 0.9655441492795944
  view-data: 4.246467772871256
