times:
  edit-metadata: 1.3710974771529436
  landing: 0.019632929004728794
  view-data: 0.12628468312323093
