times:
  edit-metadata: 0.6369055939139798
  landing: 0.04828853497747332
  view-data: 0.19526642304845154
