times:
  edit-metadata: 1.2991017261520028
  landing: 0.14729769807308912
  view-data: 0.43897379003465176
