times:
  edit-metadata: 1.6738368440419436
  landing: 0.86575648188591
  view-data: 3.357228623703122
