times:
  edit-metadata: 0.4079739823937416
  landing: 0.043518394231796265
  view-data: 0.20047088712453842
