times:
  edit-metadata: 1.5834256522357464
  landing: 0.7769545018672943
  view-data: 3.3481210321187973
