times:
  edit-metadata: 0.5178248137235641
  landing: 0.04807503521442413
  view-data: 0.2644916558638215
