times:
  edit-metadata: 0.9056379189714789
  landing: 0.06402566889300942
  view-data: 0.23256091703660786
