times:
  edit-metadata: 0.8149326730053872
  landing: 0.07349492399953306
  view-data: 0.3566469920333475
