times:
  edit-metadata: 1.3844465352594852
  landing: 0.9175017178058624
  view-data: 3.321710880845785
