times:
  edit-metadata: 1.9417102951556444
  landing: 0.14108431711792946
  view-data: 0.12159724161028862
