times:
  edit-metadata: 0.5014256532303989
  landing: 0.041371111292392015
  view-data: 0.23716428922489285
