times:
  edit-metadata: 1.7766615338623524
  landing: 0.9448043666779995
  view-data: 3.6072603799402714
