times:
  edit-metadata: 1.985682176426053
  landing: 0.11699483916163445
  view-data: 0.5915020983666182
