times:
  edit-metadata: 0.8251185290282592
  landing: 0.0709005780518055
  view-data: 0.34281593502964824
