times:
  edit-metadata: 0.6343451759894378
  landing: 0.050067642994690686
  view-data: 0.1986739939893596
