times:
  edit-metadata: 0.40333060547709465
  landing: 0.04331535845994949
  view-data: 0.2161000482738018
