times:
  edit-metadata: 1.965263516176492
  landing: 1.1786333937197924
  view-data: 3.454714102204889
