times:
  edit-metadata: 1.4602210875600576
  landing: 0.7884641978889704
  view-data: 3.347261283546686
