times:
  edit-metadata: 1.482845377177
  landing: 0.813748724758625
  view-data: 3.3537691198289394
