times:
  edit-metadata: 1.418745942413807
  landing: 0.8000205121934414
  view-data: 3.3672924246639013
