times:
  edit-metadata: 1.7095962893217802
  landing: 0.020661795511841774
  view-data: 0.02762005291879177
