times:
  edit-metadata: 1.5544260563328862
  landing: 0.8730912646278739
  view-data: 3.321650152094662
