times:
  edit-metadata: 2.251795122399926
  landing: 0.8458118513226509
  view-data: 3.732818903401494
