times:
  edit-metadata: 1.0744719048961997
  landing: 0.07018343172967434
  view-data: 0.3536612899042666
