times:
  edit-metadata: 1.929196055047214
  landing: 0.2306240312755108
  view-data: 0.4815226662904024
