times:
  edit-metadata: 1.016339249908924
  landing: 0.10904396697878838
  view-data: 0.3896532829385251
