times:
  edit-metadata: 0.4007989428937435
  landing: 0.04075562581419945
  view-data: 0.20410947129130363
