times:
  edit-metadata: 3.813249859958887
  landing: 3.888881716877222
  view-data: 4.251086853444576
