times:
  edit-metadata: 0.9351181400124915
  landing: 0.0602632500231266
  view-data: 0.4683243840117939
