times:
  edit-metadata: 0.40359580144286156
  landing: 0.04464208707213402
  view-data: 0.20400480553507805
