times:
  edit-metadata: 1.5673169074580073
  landing: 0.02034043427556753
  view-data: 0.028261459432542324
