times:
  edit-metadata: 1.7082702182233334
  landing: 1.0611846223473549
  view-data: 3.4987921230494976
