times:
  edit-metadata: 1.9269224721938372
  landing: 0.23849742114543915
  view-data: 0.41339058242738247
