times:
  edit-metadata: 2.185293271963019
  landing: 0.020466295012738556
  view-data: 0.027789630985353142
