times:
  edit-metadata: 1.836103292182088
  landing: 0.022292577661573887
  view-data: 0.02697183284908533
