times:
  edit-metadata: 0.5881255380809307
  landing: 0.05637911334633827
  view-data: 0.19929122179746628
