times:
  edit-metadata: 1.6305525256320834
  landing: 0.176208165474236
  view-data: 0.11753781978040934
