times:
  edit-metadata: 0.40386104583740234
  landing: 0.044423919171094894
  view-data: 0.19875625893473625
