times:
  edit-metadata: 0.8335667089559138
  landing: 0.05632297322154045
  view-data: 0.5140481549315155
