times:
  edit-metadata: 1.6257272381335497
  landing: 0.02396349422633648
  view-data: 0.6382923144847155
