times:
  edit-metadata: 0.3934466727077961
  landing: 0.04544511437416077
  view-data: 0.20102953910827637
