times:
  edit-metadata: 1.3562869410961866
  landing: 0.021967606619000435
  view-data: 0.12297348119318485
