times:
  edit-metadata: 2.6118136141449213
  landing: 0.4889530995860696
  view-data: 1.0757251102477312
