times:
  edit-metadata: 0.48952921433374286
  landing: 0.04315680218860507
  view-data: 0.2557365051470697
