times:
  edit-metadata: 0.6344770081341267
  landing: 0.050090385833755136
  view-data: 0.2689645569771528
