times:
  edit-metadata: 1.528315550647676
  landing: 3.1353778205811977
  view-data: 3.2805577777326107
