times:
  edit-metadata: 1.78327398840338
  landing: 0.2517061736434698
  view-data: 0.1988667193800211
