times:
  edit-metadata: 2.950766025111079
  landing: 1.293074581772089
  view-data: 3.5846504978835583
