times:
  edit-metadata: 1.4290072889998555
  landing: 0.02137837465852499
  view-data: 0.02738638874143362
