times:
  edit-metadata: 0.6424247249960899
  landing: 0.04242918698582798
  view-data: 0.1949977920157835
