times:
  edit-metadata: 5.0211212281137705
  landing: 2.409254480153322
  view-data: 4.09371330216527
