times:
  edit-metadata: 1.8565117195248604
  landing: 0.9276569783687592
  view-data: 3.473687134683132
