times:
  edit-metadata: 0.9661341570026707
  landing: 0.06335723897791468
  view-data: 0.3829108880017884
