times:
  edit-metadata: 1.989117918536067
  landing: 0.0205686641857028
  view-data: 0.02633898425847292
