times:
  edit-metadata: 1.6487163230776787
  landing: 1.2279021851718426
  view-data: 3.370390471071005
