times:
  edit-metadata: 0.6642849030904472
  landing: 0.0449910128954798
  view-data: 0.20289516099728644
