times:
  edit-metadata: 1.3747101789340377
  landing: 0.021221176721155643
  view-data: 0.12031582463532686
