times:
  edit-metadata: 1.3650620430707932
  landing: 0.021479526534676552
  view-data: 0.12429287657141685
