times:
  edit-metadata: 1.6891148053109646
  landing: 0.02076725848019123
  view-data: 0.48334439378231764
