times:
  edit-metadata: 1.9207898490130901
  landing: 1.0812473334372044
  view-data: 3.523699052631855
