times:
  edit-metadata: 4.480088833719492
  landing: 2.199858896434307
  view-data: 4.303729951381683
