times:
  edit-metadata: 1.403530296869576
  landing: 0.018596422858536243
  view-data: 0.09907071944326162
