times:
  edit-metadata: 1.45275205001235
  landing: 0.8691948316991329
  view-data: 3.3343567065894604
