times:
  edit-metadata: 0.49458632012829185
  landing: 0.05769737809896469
  view-data: 0.2194312270730734
