times:
  edit-metadata: 1.5186112523078918
  landing: 0.8591494895517826
  view-data: 3.431767400354147
