times:
  edit-metadata: 1.3692197278141975
  landing: 0.9354263320565224
  view-data: 3.354311231523752
