times:
  edit-metadata: 0.4958175588399172
  landing: 0.04528339300304651
  view-data: 0.250949471257627
