times:
  edit-metadata: 1.3812558511272073
  landing: 0.02139422297477722
  view-data: 0.02719259914010763
