times:
  edit-metadata: 1.496819457039237
  landing: 1.0047672549262643
  view-data: 0.6819967413321137
