times:
  edit-metadata: 1.9619498550891876
  landing: 0.2886294908821583
  view-data: 0.12485016323626041
