times:
  edit-metadata: 2.2751682456582785
  landing: 0.31989862583577633
  view-data: 0.13785801641643047
