times:
  edit-metadata: 1.687095757573843
  landing: 0.759423989802599
  view-data: 3.280350448563695
