times:
  edit-metadata: 0.5157928243279457
  landing: 0.045648811385035515
  view-data: 0.2468101759441197
