times:
  edit-metadata: 0.8315146430395544
  landing: 0.06664626789279282
  view-data: 0.3500670469366014
