times:
  edit-metadata: 2.0652131102979183
  landing: 0.9900605455040932
  view-data: 3.502163454890251
