times:
  edit-metadata: 1.8340234588831663
  landing: 0.7187270801514387
  view-data: 3.4763970486819744
