times:
  edit-metadata: 1.6009440049529076
  landing: 0.8512618071399629
  view-data: 1.236145825125277
