times:
  edit-metadata: 1.40609837975353
  landing: 0.09566455241292715
  view-data: 0.12621099036186934
