times:
  edit-metadata: 2.0381296947598457
  landing: 0.024391919374465942
  view-data: 0.44837382808327675
