times:
  edit-metadata: 1.67175617441535
  landing: 0.0946748685091734
  view-data: 0.027063787914812565
