times:
  edit-metadata: 5.292000886052847
  landing: 2.9349932819604874
  view-data: 4.075703162699938
