times:
  edit-metadata: 0.4058634303510189
  landing: 0.04772716388106346
  view-data: 0.1934877522289753
