times:
  edit-metadata: 1.5681588687002659
  landing: 0.9854384623467922
  view-data: 3.5528359562158585
