times:
  edit-metadata: 0.6293417820124887
  landing: 0.04045970400329679
  view-data: 0.2089774330088403
