times:
  edit-metadata: 1.5759602352045476
  landing: 0.8525141030550003
  view-data: 3.3904136256314814
