times:
  edit-metadata: 1.6753943599760532
  landing: 0.9760787449777126
  view-data: 3.398994941264391
