times:
  edit-metadata: 0.473517510574311
  landing: 0.04084516828879714
  view-data: 0.22060008207336068
