times:
  edit-metadata: 0.395513191819191
  landing: 0.045022498816251755
  view-data: 0.1986529603600502
