times:
  edit-metadata: 0.5164930881001055
  landing: 0.04358946392312646
  view-data: 0.21784492209553719
