times:
  edit-metadata: 0.6435323641635478
  landing: 0.054285510908812284
  view-data: 0.24162836372852325
