times:
  edit-metadata: 1.9729215297847986
  landing: 0.02126556821167469
  view-data: 0.026158655062317848
