times:
  edit-metadata: 1.6033139415085316
  landing: 0.7195208091288805
  view-data: 3.4084621388465166
