times:
  edit-metadata: 1.9752516578882933
  landing: 0.021298673003911972
  view-data: 0.028743421658873558
