times:
  edit-metadata: 1.564536314457655
  landing: 0.8571516759693623
  view-data: 3.4198299273848534
