times:
  edit-metadata: 0.4851929256692529
  landing: 0.04092632606625557
  view-data: 0.2207610970363021
