times:
  edit-metadata: 1.5637051314115524
  landing: 0.9579298235476017
  view-data: 3.3869635425508022
