times:
  edit-metadata: 1.3547490676864982
  landing: 0.0192934051156044
  view-data: 0.5280519789084792
