times:
  edit-metadata: 0.6020723828114569
  landing: 0.050296694971621037
  view-data: 0.23324456484988332
