times:
  edit-metadata: 0.821186300017871
  landing: 0.06113953504245728
  view-data: 0.2800724341068417
