times:
  edit-metadata: 0.8322121249511838
  landing: 0.06839797296561301
  view-data: 0.47405822202563286
