times:
  edit-metadata: 3.142481319606304
  landing: 1.7610245905816555
  view-data: 4.118394125252962
