times:
  edit-metadata: 3.823558706790209
  landing: 1.8662212993949652
  view-data: 3.475930681452155
