times:
  edit-metadata: 4.098920252174139
  landing: 1.8738611601293087
  view-data: 3.5473676109686494
