times:
  edit-metadata: 1.656628974713385
  landing: 0.020079695619642735
  view-data: 0.5072463620454073
