times:
  edit-metadata: 1.9506671661511064
  landing: 0.020944316871464252
  view-data: 0.025679375045001507
