times:
  edit-metadata: 2.0769319273531437
  landing: 0.02302810549736023
  view-data: 0.02684378158301115
