times:
  edit-metadata: 1.1256097881123424
  landing: 0.18967391178011894
  view-data: 0.3970892387442291
