times:
  edit-metadata: 1.8092338591814041
  landing: 0.28862484358251095
  view-data: 0.25229693949222565
