times:
  edit-metadata: 1.5504160076379776
  landing: 0.8248529136180878
  view-data: 3.389251448214054
