times:
  edit-metadata: 0.8067713708151132
  landing: 0.06469805492088199
  view-data: 0.6024495379533619
