times:
  edit-metadata: 1.016748087000451
  landing: 0.061739155993564054
  view-data: 0.3624301639938494
