times:
  edit-metadata: 0.645502224098891
  landing: 0.05849107610993087
  view-data: 0.20638963510282338
