times:
  edit-metadata: 0.503590801730752
  landing: 0.0457348357886076
  view-data: 0.3328111181035638
