times:
  edit-metadata: 2.4747630649944767
  landing: 0.27464751200022874
  view-data: 0.6266233659989666
