times:
  edit-metadata: 2.436454961076379
  landing: 0.30830127373337746
  view-data: 0.1625497229397297
