times:
  edit-metadata: 1.3790005128830671
  landing: 0.14067788422107697
  view-data: 0.023274232633411884
