times:
  edit-metadata: 0.6135585820302367
  landing: 0.059273868799209595
  view-data: 0.2326237573288381
