times:
  edit-metadata: 1.5966983065009117
  landing: 0.9574290551245213
  view-data: 3.4155508540570736
