times:
  edit-metadata: 1.3993551200255752
  landing: 0.8290391811169684
  view-data: 3.3681307388469577
