times:
  edit-metadata: 1.5584875233471394
  landing: 1.2033708915114403
  view-data: 3.3969998359680176
