times:
  edit-metadata: 1.9553476059809327
  landing: 1.2265002829954028
  view-data: 3.525187347084284
