times:
  edit-metadata: 2.316301740705967
  landing: 0.2735534720122814
  view-data: 0.46919650956988335
