times:
  edit-metadata: 1.3661311669275165
  landing: 0.021245931275188923
  view-data: 0.023646055720746517
