times:
  edit-metadata: 0.6315344499889761
  landing: 0.05735975201241672
  view-data: 0.2648606039583683
