times:
  edit-metadata: 0.5109156593680382
  landing: 0.04599343612790108
  view-data: 0.20535824820399284
