times:
  edit-metadata: 0.6129206330515444
  landing: 0.05696026491932571
  view-data: 0.22749374201521277
