times:
  edit-metadata: 0.4533009030856192
  landing: 0.047266850247979164
  view-data: 0.24391188705340028
