times:
  edit-metadata: 2.795101948082447
  landing: 1.6165604554116726
  view-data: 4.181026455014944
