times:
  edit-metadata: 2.0331234745681286
  landing: 0.02228459343314171
  view-data: 0.6269425731152296
