times:
  edit-metadata: 6.4623348861932755
  landing: 2.9816081039607525
  view-data: 4.118917401880026
