times:
  edit-metadata: 0.40372132137417793
  landing: 0.04684796929359436
  view-data: 0.19066507369279861
