times:
  edit-metadata: 1.564154182560742
  landing: 0.7300578001886606
  view-data: 3.3011766504496336
