times:
  edit-metadata: 1.9155580010265112
  landing: 0.1183084063231945
  view-data: 0.02384016290307045
