times:
  edit-metadata: 4.121435461565852
  landing: 1.2380615826696157
  view-data: 3.40593284368515
