times:
  edit-metadata: 1.9398510474711657
  landing: 0.023200783878564835
  view-data: 0.12442479655146599
