times:
  edit-metadata: 0.7019391150679439
  landing: 0.04275446408428252
  view-data: 0.22318232315592468
