times:
  edit-metadata: 1.9196034092456102
  landing: 0.19025100208818913
  view-data: 0.025796547532081604
