times:
  edit-metadata: 0.48449538089334965
  landing: 0.05191998230293393
  view-data: 0.22491299221292138
