times:
  edit-metadata: 0.8088273429893889
  landing: 0.08525522702257149
  view-data: 0.7405622229853179
