times:
  edit-metadata: 0.6511868530069478
  landing: 0.045082588971126825
  view-data: 0.20315775799099356
