times:
  edit-metadata: 1.9218650870025158
  landing: 0.01940370723605156
  view-data: 0.4892130997031927
