times:
  edit-metadata: 0.5255889678373933
  landing: 0.04388012830168009
  view-data: 0.24324746895581484
