times:
  edit-metadata: 1.6576268784701824
  landing: 1.038939867168665
  view-data: 3.449889436364174
