times:
  edit-metadata: 3.072486313059926
  landing: 0.3613003697246313
  view-data: 0.27003842778503895
