times:
  edit-metadata: 1.8579005599021912
  landing: 1.300673697143793
  view-data: 3.500070035457611
