times:
  edit-metadata: 1.3774156477302313
  landing: 0.01876015868037939
  view-data: 0.12880837079137564
