times:
  edit-metadata: 1.6316379089839756
  landing: 1.0244260090403259
  view-data: 3.4247885677032173
