times:
  edit-metadata: 0.6079400610178709
  landing: 0.042747076018713415
  view-data: 0.211983592947945
