times:
  edit-metadata: 0.8197534058708698
  landing: 0.06418406101875007
  view-data: 0.27058526896871626
