times:
  edit-metadata: 0.5062411213293672
  landing: 0.04162719799205661
  view-data: 0.22929350100457668
