times:
  edit-metadata: 0.8470293991267681
  landing: 0.1633394523523748
  view-data: 0.48776497412472963
