times:
  edit-metadata: 0.8251313669607043
  landing: 0.07887407578527927
  view-data: 0.3566831788048148
