times:
  edit-metadata: 1.4426512462086976
  landing: 0.9367248462513089
  view-data: 3.3805419909767807
