times:
  edit-metadata: 1.6031576227396727
  landing: 0.7623492851853371
  view-data: 3.329591127112508
