times:
  edit-metadata: 1.559591818600893
  landing: 0.8494586199522018
  view-data: 3.4258993193507195
