times:
  edit-metadata: 0.8708500759676099
  landing: 0.0527299630921334
  view-data: 0.34076336096040905
