times:
  edit-metadata: 1.494244900997728
  landing: 0.832028103992343
  view-data: 3.3186168470419943
