times:
  edit-metadata: 1.9770489875227213
  landing: 0.23403040319681168
  view-data: 0.12800268828868866
