times:
  edit-metadata: 0.6412233579903841
  landing: 0.04451028897892684
  view-data: 0.20599069201853126
