times:
  edit-metadata: 0.6376890720566735
  landing: 0.03951321204658598
  view-data: 0.20469792699441314
