times:
  edit-metadata: 0.40103427320718765
  landing: 0.04034615680575371
  view-data: 0.19188402593135834
