times:
  edit-metadata: 2.1861708257347345
  landing: 0.15335912257432938
  view-data: 0.7278267033398151
