times:
  edit-metadata: 1.3214735500514507
  landing: 0.9536604657769203
  view-data: 3.2721732072532177
