times:
  edit-metadata: 1.365509269759059
  landing: 0.01979037281125784
  view-data: 0.12059971690177917
