times:
  edit-metadata: 1.9008617512881756
  landing: 1.0271860212087631
  view-data: 3.605337020009756
