times:
  edit-metadata: 0.6484693591482937
  landing: 0.05198097601532936
  view-data: 0.22654704842716455
