times:
  edit-metadata: 1.9779323786497116
  landing: 0.025016721338033676
  view-data: 0.025400515645742416
