times:
  edit-metadata: 0.5225321990437806
  landing: 0.050577627029269934
  view-data: 0.25876158103346825
