times:
  edit-metadata: 1.382983312010765
  landing: 1.128246208652854
  view-data: 3.3324072919785976
