times:
  edit-metadata: 1.5145643781870604
  landing: 0.7832445781677961
  view-data: 3.3844283372163773
