times:
  edit-metadata: 1.4420071840286255
  landing: 1.0185329243540764
  view-data: 3.4825619347393513
