times:
  edit-metadata: 1.5990050435066223
  landing: 0.7980444245040417
  view-data: 3.6266444250941277
