times:
  edit-metadata: 1.3906086776405573
  landing: 0.8082622494548559
  view-data: 3.3439131006598473
