times:
  edit-metadata: 2.8203492537140846
  landing: 1.276004746556282
  view-data: 3.6673594564199448
