times:
  edit-metadata: 2.3534106742590666
  landing: 0.321308434009552
  view-data: 0.3495188895612955
