times:
  edit-metadata: 2.0043905824422836
  landing: 0.019501904025673866
  view-data: 0.5014935899525881
