times:
  edit-metadata: 2.217058351263404
  landing: 0.283385057002306
  view-data: 0.27008699439466
