times:
  edit-metadata: 1.322104106657207
  landing: 0.1186420964077115
  view-data: 0.02674774546176195
