times:
  edit-metadata: 1.8041619788855314
  landing: 0.023987590335309505
  view-data: 0.20200271997600794
