times:
  edit-metadata: 1.356787751428783
  landing: 0.021657572127878666
  view-data: 0.022878477349877357
