times:
  edit-metadata: 0.3999974951148033
  landing: 0.051311101764440536
  view-data: 0.20166976004838943
