times:
  edit-metadata: 2.1255254186689854
  landing: 1.2570545636117458
  view-data: 3.4227814562618732
