times:
  edit-metadata: 1.6916614081710577
  landing: 0.019902970641851425
  view-data: 0.12195440288633108
