times:
  edit-metadata: 0.6487141120014712
  landing: 0.04338258400093764
  view-data: 0.20076471101492643
