times:
  edit-metadata: 1.2555221323855221
  landing: 0.054608250968158245
  view-data: 0.4597005960531533
