times:
  edit-metadata: 0.4669035691767931
  landing: 0.04209302645176649
  view-data: 0.2566141504794359
