times:
  edit-metadata: 2.090533720329404
  landing: 0.01930411532521248
  view-data: 0.15321029908955097
