times:
  edit-metadata: 0.6262993410928175
  landing: 0.04808227298781276
  view-data: 0.2221180920023471
