times:
  edit-metadata: 2.741479393094778
  landing: 1.468804782256484
  view-data: 3.349070129916072
