times:
  edit-metadata: 1.667330339550972
  landing: 0.02278128359466791
  view-data: 0.027685778215527534
