times:
  edit-metadata: 0.8668549089925364
  landing: 0.04828966595232487
  view-data: 0.26871645695064217
