times:
  edit-metadata: 2.2091723196208477
  landing: 0.02000030130147934
  view-data: 0.026140503585338593
