times:
  edit-metadata: 1.989507818594575
  landing: 0.2198983859270811
  view-data: 0.4063375163823366
