times:
  edit-metadata: 1.4957090360112488
  landing: 0.8817172839771956
  view-data: 3.3617371139116585
