times:
  edit-metadata: 0.9924539119238034
  landing: 0.06775816401932389
  view-data: 0.28197534300852567
