times:
  edit-metadata: 2.0779580362141132
  landing: 0.021801181137561798
  view-data: 0.031224511563777924
