times:
  edit-metadata: 0.3969448395073414
  landing: 0.04816815257072449
  view-data: 0.1998622715473175
