times:
  edit-metadata: 1.4288524724543095
  landing: 0.7408208400011063
  view-data: 3.277163442224264
