times:
  edit-metadata: 1.3896644208580256
  landing: 0.9078085562214255
  view-data: 0.781808115541935
