times:
  edit-metadata: 1.4097613114863634
  landing: 0.021836075000464916
  view-data: 0.10167047660797834
