times:
  edit-metadata: 1.3763548890128732
  landing: 0.021950681693851948
  view-data: 0.12282335478812456
