times:
  edit-metadata: 2.8235950022935867
  landing: 1.298803273588419
  view-data: 3.950735829770565
