times:
  edit-metadata: 0.8344997160020284
  landing: 0.06078717001946643
  view-data: 0.3374037809553556
