times:
  edit-metadata: 2.0254308795556426
  landing: 0.11487411987036467
  view-data: 0.24226920399814844
