times:
  edit-metadata: 1.6615299182012677
  landing: 0.8339966600760818
  view-data: 3.3604213623329997
