times:
  edit-metadata: 0.8070678750518709
  landing: 0.0510324367787689
  view-data: 0.40095557109452784
