times:
  edit-metadata: 0.9867243240005337
  landing: 0.07842914102366194
  view-data: 0.34870484902057797
