times:
  edit-metadata: 0.6438225930323824
  landing: 0.05025778303388506
  view-data: 0.20637886598706245
