times:
  edit-metadata: 0.6283838371746242
  landing: 0.05360986106097698
  view-data: 0.22905628522858024
