times:
  edit-metadata: 1.2568636420182884
  landing: 0.06309498427435756
  view-data: 0.3516757129691541
