times:
  edit-metadata: 1.3756036440609023
  landing: 0.8029474630020559
  view-data: 3.3201140919700265
