times:
  edit-metadata: 0.6098216070095077
  landing: 0.04378172801807523
  view-data: 0.19407764205243438
