times:
  edit-metadata: 1.3810517387464643
  landing: 0.11642743367701769
  view-data: 0.028239392675459385
