times:
  edit-metadata: 1.939245093613863
  landing: 0.020564822480082512
  view-data: 0.4469036404043436
