times:
  edit-metadata: 1.281545840203762
  landing: 0.7779577346518636
  view-data: 3.2981108631938696
