times:
  edit-metadata: 1.9927309416234493
  landing: 0.02507885731756687
  view-data: 0.02517598494887352
