times:
  edit-metadata: 1.8745609000325203
  landing: 0.23748780600726604
  view-data: 0.1332662058994174
