times:
  edit-metadata: 0.41060006618499756
  landing: 0.041619956493377686
  view-data: 0.205561064183712
