times:
  edit-metadata: 1.450424361974001
  landing: 0.982619009912014
  view-data: 0.7408598512411118
