times:
  edit-metadata: 0.6509845159889665
  landing: 0.04558028400060721
  view-data: 0.19945335399825126
