times:
  edit-metadata: 1.42863414529711
  landing: 0.09598257020115852
  view-data: 0.024870446883141994
