times:
  edit-metadata: 2.037555579096079
  landing: 0.23320760764181614
  view-data: 0.4289097748696804
