times:
  edit-metadata: 5.891583763062954
  landing: 2.4451915565878153
  view-data: 3.971034772694111
