times:
  edit-metadata: 1.9642078895121813
  landing: 0.021864572539925575
  view-data: 0.13436495512723923
