times:
  edit-metadata: 1.6351454189280048
  landing: 1.0574663300067186
  view-data: 0.5643900890136138
