times:
  edit-metadata: 0.7236691350117326
  landing: 0.08898849692195654
  view-data: 0.3055542348884046
