times:
  edit-metadata: 0.6569772157818079
  landing: 0.044848460238426924
  view-data: 0.22812636103481054
