times:
  edit-metadata: 1.7318825386464596
  landing: 0.7446576710790396
  view-data: 3.654012640938163
