times:
  edit-metadata: 1.3511155024170876
  landing: 0.7614130415022373
  view-data: 3.296526901423931
