times:
  edit-metadata: 1.334498304873705
  landing: 0.02148373518139124
  view-data: 0.10186647903174162
