times:
  edit-metadata: 1.6476236209273338
  landing: 0.9280563071370125
  view-data: 3.851001836359501
