times:
  edit-metadata: 0.8054355239873985
  landing: 0.06170757500512991
  view-data: 0.47643151399097405
