times:
  edit-metadata: 1.4892605766654015
  landing: 0.9883886687457561
  view-data: 3.3402355536818504
