times:
  edit-metadata: 1.386650056578219
  landing: 0.020913725718855858
  view-data: 0.4707478042691946
