times:
  edit-metadata: 0.6551208109594882
  landing: 0.04100118111819029
  view-data: 0.22491969028487802
