times:
  edit-metadata: 0.6217959109926596
  landing: 0.04019335104385391
  view-data: 0.20432640000944957
