times:
  edit-metadata: 0.972253980115056
  landing: 0.11077328911051154
  view-data: 0.28439665818586946
