times:
  edit-metadata: 1.3645885912701488
  landing: 0.023714842274785042
  view-data: 0.5028034960851073
