times:
  edit-metadata: 0.5095614567399025
  landing: 0.048453353345394135
  view-data: 0.32704903557896614
