times:
  edit-metadata: 1.4491816852241755
  landing: 0.9139755545184016
  view-data: 3.4764834819361567
