times:
  edit-metadata: 2.448963887989521
  landing: 1.2031837925314903
  view-data: 3.773598976433277
