times:
  edit-metadata: 0.45812787022441626
  landing: 0.03983977809548378
  view-data: 0.25085912365466356
