times:
  edit-metadata: 0.485276082996279
  landing: 0.07705964613705873
  view-data: 0.23940188623964787
