times:
  edit-metadata: 1.3973043533042073
  landing: 0.01811620220541954
  view-data: 0.6357619380578399
