times:
  edit-metadata: 1.4995312057435513
  landing: 0.7427789028733969
  view-data: 3.302779281511903
