times:
  edit-metadata: 1.4401420038193464
  landing: 0.7541847229003906
  view-data: 3.348086727783084
