times:
  edit-metadata: 1.427890240214765
  landing: 0.7793247457593679
  view-data: 3.4088770942762494
