times:
  edit-metadata: 0.4035268798470497
  landing: 0.04762451350688934
  view-data: 0.19389107823371887
