times:
  edit-metadata: 0.4544771700166166
  landing: 0.047041239682585
  view-data: 0.251150812022388
