times:
  edit-metadata: 0.6437901520403102
  landing: 0.03890548401977867
  view-data: 0.2148828529752791
