times:
  edit-metadata: 1.6684664878994226
  landing: 0.11259984690696001
  view-data: 0.4632276752963662
