times:
  edit-metadata: 0.6074860948137939
  landing: 0.05407399102114141
  view-data: 0.20995223708450794
