times:
  edit-metadata: 1.2254580608569086
  landing: 0.07107852213084698
  view-data: 0.44802621379494667
