times:
  edit-metadata: 0.8163850558921695
  landing: 0.07147319009527564
  view-data: 0.34284735191613436
