times:
  edit-metadata: 0.4675619029439986
  landing: 0.04021389316767454
  view-data: 0.21882049785926938
