times:
  edit-metadata: 2.5693374760448933
  landing: 0.2655898053199053
  view-data: 0.48359448462724686
