times:
  edit-metadata: 2.1057682391256094
  landing: 0.23118140175938606
  view-data: 0.5344386640936136
