times:
  edit-metadata: 0.5272226901724935
  landing: 0.04973445367068052
  view-data: 0.26369942631572485
