times:
  edit-metadata: 0.6479148209327832
  landing: 0.04226385697256774
  view-data: 0.20821835100650787
