times:
  edit-metadata: 2.314671915024519
  landing: 0.9829198531806469
  view-data: 3.6263249590992928
