times:
  edit-metadata: 1.531862523406744
  landing: 0.7200254574418068
  view-data: 3.33158677816391
