times:
  edit-metadata: 0.6285043619573116
  landing: 0.0443512168712914
  view-data: 0.21878212597221136
