times:
  edit-metadata: 0.9943923419341445
  landing: 0.07433960540220141
  view-data: 0.37042209366336465
