times:
  edit-metadata: 1.21516005898593
  landing: 0.09863625396974385
  view-data: 0.42012159602018073
