times:
  edit-metadata: 1.9567958731204271
  landing: 0.16934342682361603
  view-data: 0.026146136224269867
