times:
  edit-metadata: 1.4594995118677616
  landing: 1.0921510346233845
  view-data: 3.539946410804987
