times:
  edit-metadata: 0.8258387260138988
  landing: 0.06658967304974794
  view-data: 0.4741370500996709
