times:
  edit-metadata: 1.9411440193653107
  landing: 0.029937151819467545
  view-data: 0.02316202223300934
