times:
  edit-metadata: 1.6178741715848446
  landing: 0.8387500196695328
  view-data: 3.281038410961628
