times:
  edit-metadata: 1.7018679901957512
  landing: 0.02148657012730837
  view-data: 0.5141619248315692
