times:
  edit-metadata: 1.715360512956977
  landing: 0.11053652316331863
  view-data: 0.026734785176813602
