times:
  edit-metadata: 1.4454853157512844
  landing: 0.8137474511750042
  view-data: 3.4734726627357304
