times:
  edit-metadata: 1.9801479894667864
  landing: 0.14553886465728283
  view-data: 0.18966777808964252
