times:
  edit-metadata: 0.37354208901524544
  landing: 0.044085219502449036
  view-data: 0.1959892399609089
