times:
  edit-metadata: 0.5805614308919758
  landing: 0.07657852303236723
  view-data: 0.255728866904974
