times:
  edit-metadata: 1.383987158536911
  landing: 0.020480120554566383
  view-data: 0.1232089176774025
