times:
  edit-metadata: 1.933631755411625
  landing: 0.02008848823606968
  view-data: 0.02326953411102295
