times:
  edit-metadata: 1.5905747413635254
  landing: 0.9478394910693169
  view-data: 3.407618220895529
