times:
  edit-metadata: 1.3957612691447139
  landing: 0.9700523288920522
  view-data: 3.357896334026009
