times:
  edit-metadata: 3.3461200669407845
  landing: 1.3345840834081173
  view-data: 3.7781293392181396
