times:
  edit-metadata: 0.6066383389988914
  landing: 0.0554900590213947
  view-data: 0.21093180897878483
