times:
  edit-metadata: 1.3560581486672163
  landing: 0.021584236063063145
  view-data: 0.13623282592743635
