times:
  edit-metadata: 2.365039460361004
  landing: 1.5879548527300358
  view-data: 3.574157765135169
