times:
  edit-metadata: 0.8227219968102872
  landing: 0.06423274101689458
  view-data: 0.47812509536743164
