times:
  edit-metadata: 0.6386868599802256
  landing: 0.04673307202756405
  view-data: 0.2342020901851356
