times:
  edit-metadata: 1.7236668728291988
  landing: 0.02144557796418667
  view-data: 0.22053073812276125
