times:
  edit-metadata: 0.38167473301291466
  landing: 0.04554401710629463
  view-data: 0.2057548388838768
