times:
  edit-metadata: 1.7101594880223274
  landing: 0.020801263861358166
  view-data: 0.029738301411271095
