times:
  edit-metadata: 1.3859054893255234
  landing: 0.02344925608485937
  view-data: 0.026550130918622017
