times:
  edit-metadata: 0.9809570359066129
  landing: 0.06693457113578916
  view-data: 0.40458659594878554
