times:
  edit-metadata: 1.845934472978115
  landing: 0.021161938086152077
  view-data: 0.1383861405774951
