times:
  edit-metadata: 1.9492413252592087
  landing: 0.12072994373738766
  view-data: 0.02449738048017025
