times:
  edit-metadata: 1.5862923124805093
  landing: 0.8676464585587382
  view-data: 3.3809828301891685
