times:
  edit-metadata: 0.667713844042737
  landing: 0.05172879504971206
  view-data: 0.210948608990293
