times:
  edit-metadata: 1.5691141188144684
  landing: 0.8110351487994194
  view-data: 3.359947068616748
