times:
  edit-metadata: 1.529735968913883
  landing: 1.035602348856628
  view-data: 3.4230150100775063
