times:
  edit-metadata: 0.3989686816930771
  landing: 0.04942125827074051
  view-data: 0.19691132754087448
