times:
  edit-metadata: 0.5209871083498001
  landing: 0.04641292057931423
  view-data: 0.2638774625957012
