times:
  edit-metadata: 1.383539947681129
  landing: 0.23719171434640884
  view-data: 0.12630523089319468
