times:
  edit-metadata: 0.4237814135849476
  landing: 0.04237433895468712
  view-data: 0.1973472200334072
