times:
  edit-metadata: 0.6575409611687064
  landing: 0.04375377716496587
  view-data: 0.22210339177399874
