times:
  edit-metadata: 1.935698814690113
  landing: 0.11216684989631176
  view-data: 0.025122936815023422
