times:
  edit-metadata: 3.9620816111564636
  landing: 2.220122739672661
  view-data: 3.5222211107611656
