times:
  edit-metadata: 0.8187222360002124
  landing: 0.06969774499975756
  view-data: 0.272175643999617
