times:
  edit-metadata: 1.6327766319736838
  landing: 0.020116791129112244
  view-data: 0.02562618348747492
