times:
  edit-metadata: 1.6945024579763412
  landing: 0.6953874435275793
  view-data: 3.581514036282897
