times:
  edit-metadata: 1.5416618399322033
  landing: 0.7962924931198359
  view-data: 3.295071840286255
