times:
  edit-metadata: 1.4558698758482933
  landing: 0.8384073944762349
  view-data: 3.3751588128507137
