times:
  edit-metadata: 2.7015319727361202
  landing: 2.786895554512739
  view-data: 3.5505238100886345
