times:
  edit-metadata: 1.9396286811679602
  landing: 0.022315483540296555
  view-data: 0.030076922848820686
