times:
  edit-metadata: 2.654662137851119
  landing: 1.2466721460223198
  view-data: 3.4634658824652433
