times:
  edit-metadata: 1.4128357581794262
  landing: 0.8263620398938656
  view-data: 3.3935332745313644
