times:
  edit-metadata: 0.822763891890645
  landing: 0.062139746034517884
  view-data: 0.35203093104064465
