times:
  edit-metadata: 1.532621268182993
  landing: 0.7569951042532921
  view-data: 3.300345804542303
