times:
  edit-metadata: 1.9651531744748354
  landing: 0.02358013391494751
  view-data: 0.14503145590424538
