times:
  edit-metadata: 1.4222986921668053
  landing: 0.7573735872283578
  view-data: 3.2545697018504143
