times:
  edit-metadata: 1.527798816561699
  landing: 1.010482344776392
  view-data: 3.3432027958333492
