times:
  edit-metadata: 1.3686208007857203
  landing: 0.8439287170767784
  view-data: 3.3017237493768334
