times:
  edit-metadata: 0.9776454110033228
  landing: 0.07818467399920337
  view-data: 0.38693054699979257
