times:
  edit-metadata: 0.6564310439862311
  landing: 0.05503779510036111
  view-data: 0.24902175413444638
