times:
  edit-metadata: 0.7934677619487047
  landing: 0.04118988895788789
  view-data: 0.24318021908402443
