times:
  edit-metadata: 1.9107120372354984
  landing: 0.1914815753698349
  view-data: 0.3950185142457485
