times:
  edit-metadata: 1.2312335050664842
  landing: 0.09411870734766126
  view-data: 0.3648187150247395
