times:
  edit-metadata: 0.4636407131329179
  landing: 0.05435396544635296
  view-data: 0.25184169691056013
