times:
  edit-metadata: 2.4732756465673447
  landing: 0.019848203286528587
  view-data: 0.48278609476983547
