times:
  edit-metadata: 0.5424779989989474
  landing: 0.043145858002390014
  view-data: 0.1981240439999965
