times:
  edit-metadata: 1.4440967217087746
  landing: 0.021879874169826508
  view-data: 0.11956575140357018
