times:
  edit-metadata: 1.4107098523527384
  landing: 0.020255109295248985
  view-data: 0.02546650357544422
