times:
  edit-metadata: 1.4804907711222768
  landing: 1.0209514405578375
  view-data: 0.7712939558550715
