times:
  edit-metadata: 2.0407081563025713
  landing: 0.026371095329523087
  view-data: 0.026858093217015266
