times:
  edit-metadata: 0.4606333561241627
  landing: 0.043096317909657955
  view-data: 0.2240945566445589
