times:
  edit-metadata: 1.3522221501916647
  landing: 0.0206065671518445
  view-data: 0.12017910368740559
