times:
  edit-metadata: 2.6733386367559433
  landing: 1.2241257466375828
  view-data: 3.656854283064604
