times:
  edit-metadata: 0.9817804233171046
  landing: 0.07569011999294162
  view-data: 0.3017302881926298
