times:
  edit-metadata: 1.4504723884165287
  landing: 0.7319733798503876
  view-data: 3.3123282603919506
