times:
  edit-metadata: 1.8796366751194
  landing: 0.019032159820199013
  view-data: 0.4873996786773205
