times:
  edit-metadata: 1.9320675730705261
  landing: 0.1162881925702095
  view-data: 0.02896534651517868
