times:
  edit-metadata: 1.475589893758297
  landing: 0.9399562068283558
  view-data: 3.5970323905348778
