times:
  edit-metadata: 0.48413320584222674
  landing: 0.046606432646512985
  view-data: 0.23268112819641829
