times:
  edit-metadata: 0.46137137012556195
  landing: 0.04477451927959919
  view-data: 0.23213705234229565
