times:
  edit-metadata: 1.4640153218060732
  landing: 0.7387631312012672
  view-data: 3.356475058943033
