times:
  edit-metadata: 2.4270243588835
  landing: 0.15409547090530396
  view-data: 0.11832942254841328
