times:
  edit-metadata: 0.8869764330156613
  landing: 0.048490629997104406
  view-data: 0.7776556430035271
