times:
  edit-metadata: 1.668246740475297
  landing: 0.728108137845993
  view-data: 3.352316426113248
