times:
  edit-metadata: 1.606034629046917
  landing: 0.9004921615123749
  view-data: 3.44561155885458
