times:
  edit-metadata: 1.380815401673317
  landing: 0.020314523950219154
  view-data: 0.026132458820939064
