times:
  edit-metadata: 1.659524911083281
  landing: 0.9961096653714776
  view-data: 3.47836771979928
