times:
  edit-metadata: 1.3172452170401812
  landing: 0.9126536753028631
  view-data: 3.3644868191331625
