times:
  edit-metadata: 1.124691005796194
  landing: 0.049557609017938375
  view-data: 0.27869863202795386
