times:
  edit-metadata: 1.473248922964558
  landing: 0.9274062949698418
  view-data: 0.7430402359459549
