times:
  edit-metadata: 2.0161326322704554
  landing: 0.13005510531365871
  view-data: 0.5734313605353236
