times:
  edit-metadata: 0.8253301968798041
  landing: 0.07046299381181598
  view-data: 0.27322233910672367
