times:
  edit-metadata: 0.44736261712387204
  landing: 0.050325045827776194
  view-data: 0.21647693123668432
