times:
  edit-metadata: 0.4957916089333594
  landing: 0.04798969905823469
  view-data: 0.2351124477572739
