times:
  edit-metadata: 2.4260806422680616
  landing: 1.157018419355154
  view-data: 3.628147764131427
