times:
  edit-metadata: 0.47017278894782066
  landing: 0.04104833770543337
  view-data: 0.3362759156152606
