times:
  edit-metadata: 2.035580199211836
  landing: 1.1136399051174521
  view-data: 3.5102830035611987
