times:
  edit-metadata: 1.334935293532908
  landing: 0.16160173248499632
  view-data: 0.030081014148890972
