times:
  edit-metadata: 1.427666774019599
  landing: 0.8724187146872282
  view-data: 3.3996020071208477
