times:
  edit-metadata: 1.4125175811350346
  landing: 0.7956008613109589
  view-data: 3.3090937733650208
