times:
  edit-metadata: 2.626884039491415
  landing: 1.692810194566846
  view-data: 4.083649476990104
