times:
  edit-metadata: 2.2083795834332705
  landing: 0.276578975841403
  view-data: 0.0266538318246603
