times:
  edit-metadata: 0.6420324130449444
  landing: 0.04192400898318738
  view-data: 0.19435547105967999
