times:
  edit-metadata: 0.6106473789550364
  landing: 0.04571386007592082
  view-data: 0.2596530201844871
