times:
  edit-metadata: 0.9865051500000845
  landing: 0.07275336400016386
  view-data: 0.3914747349999743
