times:
  edit-metadata: 2.0427732281386852
  landing: 0.8108600601553917
  view-data: 3.4837912786751986
