times:
  edit-metadata: 0.7548460850375704
  landing: 0.13024038897128776
  view-data: 0.2982228620094247
