times:
  edit-metadata: 1.4778715781867504
  landing: 0.888801391236484
  view-data: 3.4143984196707606
