times:
  edit-metadata: 0.6220478150062263
  landing: 0.04142659297212958
  view-data: 0.201757179107517
