times:
  edit-metadata: 0.4608036568388343
  landing: 0.047275139950215816
  view-data: 0.21996138989925385
