times:
  edit-metadata: 0.47070295130833983
  landing: 0.04393364116549492
  view-data: 0.21564135933294892
