times:
  edit-metadata: 1.63106032833457
  landing: 0.8108414709568024
  view-data: 3.4389534909278154
