times:
  edit-metadata: 1.3484642654657364
  landing: 0.01811372395604849
  view-data: 0.025569251738488674
