times:
  edit-metadata: 1.9136215879998417
  landing: 0.10137523200000942
  view-data: 0.46988751500020953
