times:
  edit-metadata: 0.6538609070703387
  landing: 0.06865989184007049
  view-data: 0.25233474001288414
