times:
  edit-metadata: 0.8358465071069077
  landing: 0.04717999207787216
  view-data: 0.346382318995893
