times:
  edit-metadata: 0.5395181290004984
  landing: 0.04376929299996846
  view-data: 0.201026785999602
