times:
  edit-metadata: 0.5913139921613038
  landing: 0.04948868113569915
  view-data: 0.23150720121338964
