times:
  edit-metadata: 1.3372037649387494
  landing: 0.8337894550058991
  view-data: 3.2403724170289934
