times:
  edit-metadata: 0.8308154479600489
  landing: 0.10306244599632919
  view-data: 0.25615984783507884
