times:
  edit-metadata: 1.250101143028587
  landing: 0.12592943478375673
  view-data: 0.3317669448442757
