times:
  edit-metadata: 1.384098262526095
  landing: 0.0210330868139863
  view-data: 0.11874208878725767
