times:
  edit-metadata: 0.48087516939267516
  landing: 0.04316450888291001
  view-data: 0.36522456305101514
