times:
  edit-metadata: 1.5849069692194462
  landing: 0.9493477083742619
  view-data: 3.6315092761069536
