times:
  edit-metadata: 0.817956330254674
  landing: 0.07043702295050025
  view-data: 0.3486268827691674
