times:
  edit-metadata: 1.37863216875121
  landing: 5.295803675893694
  view-data: 3.2830084753222764
