times:
  edit-metadata: 2.4653432108461857
  landing: 0.8874171301722527
  view-data: 3.367686875164509
