times:
  edit-metadata: 1.6810877565294504
  landing: 0.0214986614882946
  view-data: 0.471861707046628
