times:
  edit-metadata: 0.5043211947195232
  landing: 0.051201583817601204
  view-data: 0.22706092009320855
