times:
  edit-metadata: 2.116112995892763
  landing: 0.14974323101341724
  view-data: 0.6869589164853096
