times:
  edit-metadata: 0.4181158058345318
  landing: 0.03979972377419472
  view-data: 0.2075037993490696
