times:
  edit-metadata: 0.41033122316002846
  landing: 0.04918506741523743
  view-data: 0.19655238091945648
