times:
  edit-metadata: 1.8955921977758408
  landing: 0.019286110997200012
  view-data: 0.027291232720017433
