times:
  edit-metadata: 1.5331127606332302
  landing: 0.8268472440540791
  view-data: 3.4017509445548058
