times:
  edit-metadata: 1.8911435324698687
  landing: 0.19167186133563519
  view-data: 0.12257361598312855
