times:
  edit-metadata: 0.8419405240565538
  landing: 0.0730802440084517
  view-data: 0.36326264683157206
