times:
  edit-metadata: 1.5129068391397595
  landing: 0.8275879118591547
  view-data: 3.3320542071014643
