times:
  edit-metadata: 1.943189950659871
  landing: 0.15075361728668213
  view-data: 0.5131293181329966
