times:
  edit-metadata: 1.4469553660601377
  landing: 0.7492062179371715
  view-data: 3.300228223670274
