times:
  edit-metadata: 0.4657841818407178
  landing: 0.04901605751365423
  view-data: 0.2485782876610756
