times:
  edit-metadata: 1.403646184829995
  landing: 0.904063019901514
  view-data: 3.3962502621579915
