times:
  edit-metadata: 1.5406287740916014
  landing: 0.7802162393927574
  view-data: 3.397731089964509
