times:
  edit-metadata: 1.3491354994475842
  landing: 0.23371734656393528
  view-data: 0.12090620305389166
