times:
  edit-metadata: 1.5640972033143044
  landing: 0.7946890685707331
  view-data: 3.383358499035239
