times:
  edit-metadata: 0.6112773840432055
  landing: 0.03896446496946737
  view-data: 0.20446823601378128
