times:
  edit-metadata: 0.6474604126997292
  landing: 0.05528819328173995
  view-data: 0.2178460550494492
