times:
  edit-metadata: 2.6235571578145027
  landing: 1.3674145452678204
  view-data: 3.6203061528503895
