times:
  edit-metadata: 2.619498398154974
  landing: 0.22317744232714176
  view-data: 0.6177340913563967
