times:
  edit-metadata: 1.7161041125655174
  landing: 0.019108722917735577
  view-data: 0.46988910250365734
