times:
  edit-metadata: 7.142069209367037
  landing: 4.298434969037771
  view-data: 5.333711236715317
