times:
  edit-metadata: 1.3778963135555387
  landing: 0.13084628991782665
  view-data: 0.1253260327503085
