times:
  edit-metadata: 1.9916802067309618
  landing: 0.20810879580676556
  view-data: 0.1330098770558834
