times:
  edit-metadata: 1.4105804339051247
  landing: 0.7503753788769245
  view-data: 3.3130420185625553
