times:
  edit-metadata: 0.6071268720552325
  landing: 0.047972047701478004
  view-data: 0.21882997592911124
