times:
  edit-metadata: 1.349556571803987
  landing: 0.8456068020313978
  view-data: 3.341662938706577
