times:
  edit-metadata: 1.9573556557297707
  landing: 0.019074955955147743
  view-data: 0.4186215475201607
