times:
  edit-metadata: 0.6153808499802835
  landing: 0.04875268100295216
  view-data: 0.21689310198416933
