times:
  edit-metadata: 9.404839377850294
  landing: 3.3801842257380486
  view-data: 3.9939223751425743
