times:
  edit-metadata: 1.5610117986798286
  landing: 1.0282534584403038
  view-data: 3.325596433132887
