times:
  edit-metadata: 1.7291301302611828
  landing: 1.0738671012222767
  view-data: 3.3653166107833385
