times:
  edit-metadata: 1.949020597152412
  landing: 0.20821583084762096
  view-data: 0.4979384234175086
