times:
  edit-metadata: 0.4648733800277114
  landing: 0.041849205270409584
  view-data: 0.26443192083388567
