times:
  edit-metadata: 1.8475181413814425
  landing: 0.024243737570941448
  view-data: 0.5255875941365957
