times:
  edit-metadata: 0.5048840614035726
  landing: 0.04964987747371197
  view-data: 0.24207427073270082
