times:
  edit-metadata: 0.6376589559949934
  landing: 0.04703272110782564
  view-data: 0.20371998590417206
