times:
  edit-metadata: 1.4433907270431519
  landing: 0.8706081472337246
  view-data: 3.3962560268118978
