times:
  edit-metadata: 0.5026293778792024
  landing: 0.0406862897798419
  view-data: 0.21799274301156402
