times:
  edit-metadata: 0.6162864390062168
  landing: 0.05642202391754836
  view-data: 0.18582521902862936
