times:
  edit-metadata: 1.5552291702479124
  landing: 0.7763154059648514
  view-data: 3.307224376127124
