times:
  edit-metadata: 1.4872248321771622
  landing: 0.9068145714700222
  view-data: 3.288792222738266
