times:
  edit-metadata: 2.080442726612091
  landing: 2.2404859103262424
  view-data: 3.929170187562704
