times:
  edit-metadata: 1.3382623549550772
  landing: 0.12770817428827286
  view-data: 0.11403704434633255
