times:
  edit-metadata: 0.4031894877552986
  landing: 0.05545298755168915
  view-data: 0.19645973667502403
