times:
  edit-metadata: 0.8313328989315778
  landing: 0.06947307707741857
  view-data: 0.3480129539966583
