times:
  edit-metadata: 1.475487820804119
  landing: 0.8348893951624632
  view-data: 3.3795587196946144
