times:
  edit-metadata: 1.927404168061912
  landing: 0.1371073629707098
  view-data: 0.2784577226266265
