times:
  edit-metadata: 0.9780313210067106
  landing: 0.07449774199631065
  view-data: 0.5235501650022343
