times:
  edit-metadata: 1.3518279353156686
  landing: 0.020000702701509
  view-data: 0.027124960906803608
