times:
  edit-metadata: 0.4027862176299095
  landing: 0.04994456097483635
  view-data: 0.1890559010207653
