times:
  edit-metadata: 1.5520871132612228
  landing: 0.984795056283474
  view-data: 3.4509310498833656
