times:
  edit-metadata: 1.0376846720464528
  landing: 0.12269283784553409
  view-data: 0.3505332889035344
