times:
  edit-metadata: 0.5158360782079399
  landing: 0.047595647163689137
  view-data: 0.2568994970060885
