times:
  edit-metadata: 1.4584592776373029
  landing: 1.0523013472557068
  view-data: 3.460828155744821
