times:
  edit-metadata: 1.693905083462596
  landing: 0.9266952164471149
  view-data: 3.4359897878021
