times:
  edit-metadata: 1.4081862419843674
  landing: 0.815743762999773
  view-data: 3.3057140223681927
