times:
  edit-metadata: 0.4022490754723549
  landing: 0.04396598041057587
  view-data: 0.1975415013730526
