times:
  edit-metadata: 2.4759708382189274
  landing: 0.9505444187670946
  view-data: 3.8076299484819174
