times:
  edit-metadata: 1.3358488930389285
  landing: 0.1326058804988861
  view-data: 0.026791867800056934
