times:
  edit-metadata: 1.7046894878149033
  landing: 1.1909481845796108
  view-data: 3.427569266408682
