times:
  edit-metadata: 0.8284441680880263
  landing: 0.07074299897067249
  view-data: 0.3491424670210108
