times:
  edit-metadata: 1.741982155945152
  landing: 0.09177559404633939
  view-data: 0.3889875188469887
