times:
  edit-metadata: 0.5081442799419165
  landing: 0.04883109871298075
  view-data: 0.24946067109704018
