times:
  edit-metadata: 1.415626841597259
  landing: 0.8813015189953148
  view-data: 3.3866449990309775
