times:
  edit-metadata: 1.6441722186282277
  landing: 0.021267153322696686
  view-data: 0.025236252695322037
