times:
  edit-metadata: 1.079855160031002
  landing: 0.06457085401052609
  view-data: 0.30160342500312254
