times:
  edit-metadata: 0.4747670046053827
  landing: 0.05146316718310118
  view-data: 0.2663164963014424
