times:
  edit-metadata: 1.4109483221545815
  landing: 0.0214689988642931
  view-data: 0.025175610557198524
