times:
  edit-metadata: 1.3268225900828838
  landing: 0.021213825792074203
  view-data: 0.10102564003318548
