times:
  edit-metadata: 1.46466451510787
  landing: 0.8549704132601619
  view-data: 3.6353507740423083
