times:
  edit-metadata: 4.664763173088431
  landing: 1.9210168682038784
  view-data: 3.9394646547734737
