times:
  edit-metadata: 0.6544444020837545
  landing: 0.04725952912122011
  view-data: 0.20967552298679948
