times:
  edit-metadata: 1.3330123052001
  landing: 0.09674240555614233
  view-data: 0.21770237479358912
