times:
  edit-metadata: 1.8668888211250305
  landing: 0.8334976211190224
  view-data: 3.4266053698956966
