times:
  edit-metadata: 2.1977970357984304
  landing: 1.2715509347617626
  view-data: 3.5545511785894632
