times:
  edit-metadata: 1.3276353823021054
  landing: 0.02199822198599577
  view-data: 0.024860222823917866
