times:
  edit-metadata: 0.6605984680354595
  landing: 0.04599930997937918
  view-data: 0.3213065699674189
