times:
  edit-metadata: 3.242908434011042
  landing: 1.5561611177399755
  view-data: 3.3573246970772743
