times:
  edit-metadata: 1.4542521289549768
  landing: 0.7588829048909247
  view-data: 3.3416684824042022
