times:
  edit-metadata: 1.5707227755337954
  landing: 0.7653253525495529
  view-data: 3.6457779575139284
