times:
  edit-metadata: 1.552882608026266
  landing: 0.8076062835752964
  view-data: 0.8309490606188774
