times:
  edit-metadata: 0.5221941149939084
  landing: 0.04487227799836546
  view-data: 0.1943995539986645
