times:
  edit-metadata: 0.39611562341451645
  landing: 0.045491307973861694
  view-data: 0.18829039484262466
