times:
  edit-metadata: 2.774063304066658
  landing: 1.3570043928921223
  view-data: 3.8503311797976494
