times:
  edit-metadata: 0.8193014468997717
  landing: 0.06475637410767376
  view-data: 0.7261990879196674
