times:
  edit-metadata: 1.469513339921832
  landing: 0.7353209163993597
  view-data: 3.633124452084303
