times:
  edit-metadata: 1.4015091583132744
  landing: 0.02248016931116581
  view-data: 0.02256744634360075
