times:
  edit-metadata: 2.782121805474162
  landing: 1.2180962264537811
  view-data: 3.3702274430543184
