times:
  edit-metadata: 1.5570764243602753
  landing: 0.8986275531351566
  view-data: 3.41077983006835
