times:
  edit-metadata: 1.4327570600435138
  landing: 0.02108020056039095
  view-data: 0.02837616764008999
