times:
  edit-metadata: 1.7495037885382771
  landing: 0.020233027637004852
  view-data: 0.025287162512540817
