times:
  edit-metadata: 1.3939919979311526
  landing: 0.9648875123821199
  view-data: 3.4066506922245026
