times:
  edit-metadata: 1.9928464954718947
  landing: 0.13132637459784746
  view-data: 0.5259302128106356
