times:
  edit-metadata: 0.5004485957324505
  landing: 0.0543954367749393
  view-data: 0.23162961611524224
