times:
  edit-metadata: 0.666812039911747
  landing: 0.05039323284290731
  view-data: 0.20746899489313364
