times:
  edit-metadata: 0.4643198186531663
  landing: 0.050575096160173416
  view-data: 0.242303182836622
