times:
  edit-metadata: 1.0079110069200397
  landing: 0.0753911379724741
  view-data: 0.2517471117898822
