times:
  edit-metadata: 0.8418763459776528
  landing: 0.0388664259808138
  view-data: 0.3734381999820471
