times:
  edit-metadata: 1.95424023270607
  landing: 0.22102421149611473
  view-data: 0.5353718241676688
