times:
  edit-metadata: 0.6277393409982324
  landing: 0.04322761800722219
  view-data: 0.20508404399151914
