times:
  edit-metadata: 0.6080894860060653
  landing: 0.044953546006581746
  view-data: 0.21255843499966431
