times:
  edit-metadata: 1.6542565124109387
  landing: 0.02196424175053835
  view-data: 0.022857864387333393
