times:
  edit-metadata: 0.6504776760702953
  landing: 0.0416155670536682
  view-data: 0.20457103906664997
