times:
  edit-metadata: 1.8763947114348412
  landing: 0.021235622465610504
  view-data: 0.127859840169549
