times:
  edit-metadata: 0.6294285689946264
  landing: 0.043192008044570684
  view-data: 0.20470357895828784
