times:
  edit-metadata: 3.342582631856203
  landing: 0.9980554357171059
  view-data: 3.8045122995972633
