times:
  edit-metadata: 6.364992713555694
  landing: 1.7717553060501814
  view-data: 4.337469380348921
