times:
  edit-metadata: 1.5433798469603062
  landing: 0.8398768045008183
  view-data: 3.2978576831519604
