times:
  edit-metadata: 1.722950253635645
  landing: 1.3411738723516464
  view-data: 3.336035877466202
