times:
  edit-metadata: 1.5944872088730335
  landing: 0.8107265420258045
  view-data: 3.246847428381443
