times:
  edit-metadata: 1.6174603551626205
  landing: 0.9164693355560303
  view-data: 3.313990257680416
