times:
  edit-metadata: 1.4543757811188698
  landing: 0.8210311084985733
  view-data: 3.501063972711563
