times:
  edit-metadata: 1.561181716620922
  landing: 0.7885423600673676
  view-data: 3.5352346897125244
