times:
  edit-metadata: 1.509472906589508
  landing: 0.9499120190739632
  view-data: 3.3774298951029778
