times:
  edit-metadata: 1.463975764811039
  landing: 0.8217166289687157
  view-data: 3.5790401101112366
