times:
  edit-metadata: 1.5537924021482468
  landing: 0.8007121607661247
  view-data: 3.5189370214939117
