times:
  edit-metadata: 1.5036092475056648
  landing: 0.8687134645879269
  view-data: 3.3568356558680534
