times:
  edit-metadata: 1.5359799340367317
  landing: 0.847107969224453
  view-data: 3.377618260681629
