times:
  edit-metadata: 1.4708228781819344
  landing: 0.8041515126824379
  view-data: 3.370480302721262
