times:
  edit-metadata: 1.5091584548354149
  landing: 0.866520419716835
  view-data: 3.3133805580437183
