times:
  edit-metadata: 1.534442950040102
  landing: 0.9110336489975452
  view-data: 3.279453244060278
