times:
  edit-metadata: 1.5796105898916721
  landing: 0.9303300753235817
  view-data: 3.3609776571393013
