times:
  edit-metadata: 1.9070949777960777
  landing: 1.0840013474225998
  view-data: 3.311189293861389
