times:
  edit-metadata: 1.7702781111001968
  landing: 0.7988433986902237
  view-data: 3.4600617215037346
