times:
  edit-metadata: 1.8145810887217522
  landing: 1.0347943902015686
  view-data: 3.342665508389473
