times:
  edit-metadata: 1.7758349180221558
  landing: 0.8969439901411533
  view-data: 3.288982305675745
