times:
  edit-metadata: 1.906223975121975
  landing: 0.9362078011035919
  view-data: 3.297342926263809
