times:
  edit-metadata: 1.4499167799949646
  landing: 0.8357998952269554
  view-data: 3.447451911866665
