times:
  edit-metadata: 1.6200793124735355
  landing: 0.9530718475580215
  view-data: 3.3228677175939083
