times:
  edit-metadata: 1.511253073811531
  landing: 0.9177362807095051
  view-data: 3.287482563406229
