times:
  edit-metadata: 1.4283575341105461
  landing: 0.8600050136446953
  view-data: 3.5338017866015434
