times:
  edit-metadata: 1.5748995393514633
  landing: 1.0090240240097046
  view-data: 3.324496306478977
