times:
  edit-metadata: 1.6193861812353134
  landing: 0.8881745412945747
  view-data: 3.4188889265060425
