times:
  edit-metadata: 1.7118597626686096
  landing: 0.9360075294971466
  view-data: 3.4815065637230873
