times:
  edit-metadata: 1.4841422215104103
  landing: 1.033116601407528
  view-data: 3.5101323053240776
