times:
  edit-metadata: 1.4645143672823906
  landing: 0.8714712858200073
  view-data: 3.4466791823506355
