times:
  edit-metadata: 1.4755193293094635
  landing: 1.1033710911870003
  view-data: 3.444295212626457
