times:
  edit-metadata: 2.394502528011799
  landing: 1.5727765038609505
  view-data: 3.7100636065006256
