times:
  edit-metadata: 1.4304353222250938
  landing: 0.9002388343214989
  view-data: 3.469070114195347
