times:
  edit-metadata: 1.5948038846254349
  landing: 0.8208140805363655
  view-data: 3.5140957087278366
