times:
  edit-metadata: 1.4640466272830963
  landing: 0.8200504779815674
  view-data: 3.4702661484479904
