times:
  edit-metadata: 1.5137076377868652
  landing: 0.7586266100406647
  view-data: 3.487319752573967
