times:
  edit-metadata: 1.3893883228302002
  landing: 0.8434971198439598
  view-data: 3.565991833806038
