times:
  edit-metadata: 1.5003760904073715
  landing: 0.8043520748615265
  view-data: 3.5142502412199974
