times:
  edit-metadata: 2.9104638658463955
  landing: 1.7721552141010761
  view-data: 3.340394262224436
