times:
  edit-metadata: 1.4576836675405502
  landing: 0.955265685915947
  view-data: 3.266255035996437
