times:
  edit-metadata: 1.5887161195278168
  landing: 0.8763697817921638
  view-data: 3.4387823045253754
