times:
  edit-metadata: 1.5594549402594566
  landing: 0.9920937120914459
  view-data: 3.308654557913542
