times:
  edit-metadata: 1.5657325200736523
  landing: 0.8371428325772285
  view-data: 3.3387657664716244
