times:
  edit-metadata: 1.9763044193387032
  landing: 1.069994255900383
  view-data: 3.57913825660944
