times:
  edit-metadata: 1.5706381499767303
  landing: 0.7805754765868187
  view-data: 3.468586854636669
