times:
  edit-metadata: 1.480770967900753
  landing: 0.9421547204256058
  view-data: 3.4356483221054077
