times:
  edit-metadata: 1.5626028627157211
  landing: 0.8787524923682213
  view-data: 3.2829321399331093
