times:
  edit-metadata: 1.6317601650953293
  landing: 1.0255191624164581
  view-data: 3.448345072567463
