times:
  edit-metadata: 1.5436598546802998
  landing: 0.9180047065019608
  view-data: 3.3037686310708523
