times:
  edit-metadata: 1.4824299588799477
  landing: 0.809947669506073
  view-data: 3.3983138129115105
