times:
  edit-metadata: 1.426401250064373
  landing: 0.8047764301300049
  view-data: 3.3080538511276245
