times:
  edit-metadata: 1.44350116699934
  landing: 0.9051005318760872
  view-data: 3.380247227847576
