times:
  edit-metadata: 1.535030871629715
  landing: 0.8522701114416122
  view-data: 3.567481741309166
