times:
  edit-metadata: 1.4204039089381695
  landing: 0.9003455601632595
  view-data: 3.26094114407897
