times:
  edit-metadata: 2.1478846855461597
  landing: 1.2934801056981087
  view-data: 3.7633759267628193
