times:
  edit-metadata: 1.4522549360990524
  landing: 0.8023015037178993
  view-data: 3.498829960823059
