times:
  edit-metadata: 1.5448447614908218
  landing: 0.8801311925053596
  view-data: 3.3356578052043915
