times:
  edit-metadata: 1.5033081322908401
  landing: 0.8589233160018921
  view-data: 3.527093343436718
