times:
  edit-metadata: 1.6561587378382683
  landing: 0.8727011531591415
  view-data: 3.274182964116335
