times:
  edit-metadata: 1.4581261575222015
  landing: 0.8320634514093399
  view-data: 3.5119514614343643
