times:
  edit-metadata: 1.47544626891613
  landing: 0.7351919189095497
  view-data: 3.4258332028985023
