times:
  edit-metadata: 1.6972250454127789
  landing: 1.0387858599424362
  view-data: 3.3684852458536625
