times:
  edit-metadata: 1.5379984080791473
  landing: 0.9856233075261116
  view-data: 3.3319746553897858
