times:
  edit-metadata: 1.6691844686865807
  landing: 1.7997968941926956
  view-data: 3.329354204237461
