times:
  edit-metadata: 1.5184037126600742
  landing: 0.8872994668781757
  view-data: 3.34760220348835
