times:
  edit-metadata: 1.7152407802641392
  landing: 1.0030211061239243
  view-data: 3.3353391401469707
