times:
  edit-metadata: 1.609225332736969
  landing: 0.8142052516341209
  view-data: 3.451025605201721
