times:
  edit-metadata: 1.7483201175928116
  landing: 1.0383481308817863
  view-data: 3.3185076862573624
