times:
  edit-metadata: 1.4762327298521996
  landing: 0.8706077337265015
  view-data: 3.3005839735269547
