times:
  edit-metadata: 1.6210522055625916
  landing: 0.8073654919862747
  view-data: 3.2850631549954414
