times:
  edit-metadata: 1.4863934069871902
  landing: 0.7458230033516884
  view-data: 3.5356853306293488
