times:
  edit-metadata: 1.5527128130197525
  landing: 0.8165972083806992
  view-data: 3.480994813144207
