times:
  edit-metadata: 1.437513791024685
  landing: 0.787287674844265
  view-data: 3.42990979552269
