times:
  edit-metadata: 1.5857243686914444
  landing: 0.9864489659667015
  view-data: 3.4409417137503624
