times:
  edit-metadata: 1.531391404569149
  landing: 0.8380036354064941
  view-data: 3.3475024476647377
