times:
  edit-metadata: 1.5173519030213356
  landing: 0.8309312760829926
  view-data: 3.372605249285698
