times:
  edit-metadata: 1.4379383027553558
  landing: 0.7964289486408234
  view-data: 3.332632005214691
