times:
  edit-metadata: 1.5406819432973862
  landing: 0.8060578629374504
  view-data: 3.5005782321095467
