times:
  edit-metadata: 1.5646742433309555
  landing: 0.8377418220043182
  view-data: 3.2925381287932396
