times:
  edit-metadata: 2.158723745495081
  landing: 1.2289621196687222
  view-data: 3.466582268476486
