times:
  edit-metadata: 1.8003165870904922
  landing: 0.8758518993854523
  view-data: 3.3510140478610992
