times:
  edit-metadata: 1.4043738655745983
  landing: 0.8402327671647072
  view-data: 3.253841295838356
