times:
  edit-metadata: 1.5431450977921486
  landing: 0.9751531407237053
  view-data: 3.32729022949934
