times:
  edit-metadata: 1.5985650941729546
  landing: 1.0333592146635056
  view-data: 3.336411125957966
