times:
  edit-metadata: 1.5772270634770393
  landing: 0.9350097179412842
  view-data: 3.383432734757662
