times:
  edit-metadata: 1.5074552819132805
  landing: 0.7480910569429398
  view-data: 3.5584217309951782
