times:
  edit-metadata: 2.3848448991775513
  landing: 1.3929425105452538
  view-data: 4.055117420852184
