times:
  edit-metadata: 1.55559853464365
  landing: 0.9288669228553772
  view-data: 3.2950475588440895
