times:
  edit-metadata: 1.535544965416193
  landing: 0.975059125572443
  view-data: 3.37753863632679
