times:
  edit-metadata: 1.5779938399791718
  landing: 0.8636863902211189
  view-data: 3.4705785289406776
