times:
  edit-metadata: 1.5262835435569286
  landing: 0.9388367347419262
  view-data: 3.33577636256814
