times:
  edit-metadata: 1.6266201622784138
  landing: 1.1034590490162373
  view-data: 3.292108967900276
