times:
  edit-metadata: 1.4495944939553738
  landing: 0.8405584879219532
  view-data: 3.2891392335295677
