times:
  edit-metadata: 1.5208873078227043
  landing: 0.8424119204282761
  view-data: 3.459159404039383
