times:
  edit-metadata: 1.669802539050579
  landing: 1.0180271789431572
  view-data: 3.479505307972431
