times:
  edit-metadata: 1.4694697484374046
  landing: 0.9238765612244606
  view-data: 3.2805395647883415
