times:
  edit-metadata: 1.736540026962757
  landing: 0.9708394259214401
  view-data: 3.331308141350746
