times:
  edit-metadata: 1.5902635529637337
  landing: 0.776892215013504
  view-data: 3.458185411989689
