times:
  edit-metadata: 1.5772001184523106
  landing: 0.9569263868033886
  view-data: 3.340494405478239
