times:
  edit-metadata: 1.4990139827132225
  landing: 0.8758369944989681
  view-data: 3.311629328876734
