times:
  edit-metadata: 1.5405029952526093
  landing: 0.9069411978125572
  view-data: 3.3958094343543053
