times:
  edit-metadata: 1.6410971693694592
  landing: 0.9846240393817425
  view-data: 3.296832837164402
