times:
  edit-metadata: 1.5776512399315834
  landing: 0.8231542184948921
  view-data: 3.2720593214035034
