times:
  edit-metadata: 1.4733991101384163
  landing: 0.7549772933125496
  view-data: 3.447674661874771
