times:
  edit-metadata: 1.4267161972820759
  landing: 0.8939242362976074
  view-data: 3.2897317968308926
