times:
  edit-metadata: 1.6185400262475014
  landing: 0.9733762964606285
  view-data: 3.3029582612216473
