times:
  edit-metadata: 1.5485573187470436
  landing: 0.9745808579027653
  view-data: 3.3722913935780525
