times:
  edit-metadata: 1.54641892015934
  landing: 1.0098414719104767
  view-data: 3.3920556493103504
