times:
  edit-metadata: 1.4673665389418602
  landing: 0.8360296413302422
  view-data: 3.30244392901659
