times:
  edit-metadata: 1.5133966878056526
  landing: 0.8519775122404099
  view-data: 3.3580970056355
