times:
  edit-metadata: 1.5789928883314133
  landing: 0.7792685031890869
  view-data: 3.445111446082592
