times:
  edit-metadata: 1.4087615683674812
  landing: 0.7953037396073341
  view-data: 3.4701638370752335
