times:
  edit-metadata: 1.4849520027637482
  landing: 0.9233161360025406
  view-data: 3.523393526673317
