times:
  edit-metadata: 1.5582337528467178
  landing: 0.86173215508461
  view-data: 3.4459800720214844
