times:
  edit-metadata: 1.7269821390509605
  landing: 1.0667262375354767
  view-data: 3.5960624292492867
