times:
  edit-metadata: 1.4133179038763046
  landing: 0.9054723121225834
  view-data: 3.321984551846981
