times:
  edit-metadata: 1.5570656657218933
  landing: 0.8694585375487804
  view-data: 3.3051654994487762
