times:
  edit-metadata: 1.425843983888626
  landing: 0.8960295096039772
  view-data: 3.4953288584947586
