times:
  edit-metadata: 1.584267035126686
  landing: 1.0992397964000702
  view-data: 3.542155407369137
