times:
  edit-metadata: 1.5250275507569313
  landing: 0.8609692826867104
  view-data: 3.439101815223694
