times:
  edit-metadata: 1.5886564999818802
  landing: 0.8628856614232063
  view-data: 3.35783738642931
