times:
  edit-metadata: 1.4716369062662125
  landing: 0.8250164017081261
  view-data: 3.4954718574881554
