times:
  edit-metadata: 1.4977723434567451
  landing: 0.7821861952543259
  view-data: 3.5013145953416824
