times:
  edit-metadata: 1.5439442843198776
  landing: 0.8759200572967529
  view-data: 3.5282932817935944
