times:
  edit-metadata: 2.176592394709587
  landing: 1.3760512545704842
  view-data: 3.418772704899311
