times:
  edit-metadata: 1.5982685014605522
  landing: 1.0453511700034142
  view-data: 3.491573289036751
