times:
  edit-metadata: 1.5412370711565018
  landing: 0.8837181627750397
  view-data: 3.5254258140921593
