times:
  edit-metadata: 1.6632932387292385
  landing: 1.031961802393198
  view-data: 3.2855469807982445
