times:
  edit-metadata: 2.0070165656507015
  landing: 1.059338215738535
  view-data: 3.453873485326767
