times:
  edit-metadata: 1.5826338082551956
  landing: 0.8784136772155762
  view-data: 3.4396035745739937
