times:
  edit-metadata: 1.8767369240522385
  landing: 1.7246123738586903
  view-data: 3.618038158863783
