times:
  edit-metadata: 1.4640944600105286
  landing: 0.870326817035675
  view-data: 3.3009780794382095
