times:
  edit-metadata: 1.4428607076406479
  landing: 0.9362174458801746
  view-data: 3.262547519057989
