times:
  edit-metadata: 1.5346219316124916
  landing: 0.8088961467146873
  view-data: 3.553977280855179
