times:
  edit-metadata: 1.5414090380072594
  landing: 0.8967203497886658
  view-data: 3.2977354414761066
