times:
  edit-metadata: 1.4654598906636238
  landing: 0.8158789090812206
  view-data: 3.281542085111141
