times:
  edit-metadata: 1.4588836282491684
  landing: 0.9169542342424393
  view-data: 3.3064774200320244
