times:
  edit-metadata: 1.524257868528366
  landing: 0.8952746465802193
  view-data: 3.3279318287968636
