times:
  edit-metadata: 2.196728028357029
  landing: 1.426993303000927
  view-data: 3.3495314493775368
