times:
  edit-metadata: 1.605210356414318
  landing: 1.0190994441509247
  view-data: 3.3230189085006714
