times:
  edit-metadata: 1.5342382490634918
  landing: 0.8313100710511208
  view-data: 3.453380323946476
