times:
  edit-metadata: 1.5568958967924118
  landing: 0.8545077368617058
  view-data: 3.3203167766332626
