times:
  edit-metadata: 1.5075334571301937
  landing: 0.8372103050351143
  view-data: 3.376028750091791
