times:
  edit-metadata: 1.5827383920550346
  landing: 0.8282924368977547
  view-data: 3.560533747076988
