times:
  edit-metadata: 1.5378111004829407
  landing: 0.9097535759210587
  view-data: 3.3264263793826103
