times:
  edit-metadata: 1.5283128917217255
  landing: 0.7578264102339745
  view-data: 3.5768351033329964
