times:
  edit-metadata: 1.5140447840094566
  landing: 0.802816852927208
  view-data: 3.340725965797901
