times:
  edit-metadata: 1.5107016861438751
  landing: 1.101635403931141
  view-data: 3.4569960981607437
