times:
  edit-metadata: 1.4911594912409782
  landing: 0.8210207745432854
  view-data: 3.7871405854821205
