times:
  edit-metadata: 1.5216454900801182
  landing: 0.9455681070685387
  view-data: 3.320516489446163
