times:
  edit-metadata: 1.6064796149730682
  landing: 0.917853981256485
  view-data: 3.33462755382061
