times:
  edit-metadata: 2.7551184967160225
  landing: 1.0095339119434357
  view-data: 3.479021765291691
