times:
  edit-metadata: 1.5700428411364555
  landing: 0.8188453167676926
  view-data: 3.449516072869301
