times:
  edit-metadata: 1.5997758358716965
  landing: 0.8350688070058823
  view-data: 3.5272871628403664
