times:
  edit-metadata: 1.5034759119153023
  landing: 0.9434653744101524
  view-data: 3.294646855443716
