times:
  edit-metadata: 1.8967687115073204
  landing: 1.077913410961628
  view-data: 3.3782394900918007
