times:
  edit-metadata: 1.6242456994950771
  landing: 1.062220960855484
  view-data: 3.3379387483000755
