times:
  edit-metadata: 1.5466339364647865
  landing: 0.8530021905899048
  view-data: 3.470579870045185
