times:
  edit-metadata: 1.5869419872760773
  landing: 0.8898530825972557
  view-data: 3.479912117123604
