times:
  edit-metadata: 1.477983858436346
  landing: 0.9672598987817764
  view-data: 3.2865980826318264
