times:
  edit-metadata: 1.4609395861625671
  landing: 0.7877648249268532
  view-data: 3.2877897322177887
