times:
  edit-metadata: 1.4492308013141155
  landing: 0.8856070414185524
  view-data: 3.2821819856762886
