times:
  edit-metadata: 1.4481530711054802
  landing: 0.7654997631907463
  view-data: 3.4547707065939903
