times:
  edit-metadata: 1.4666069485247135
  landing: 0.9905800297856331
  view-data: 3.298784591257572
