times:
  edit-metadata: 1.3692564889788628
  landing: 0.7214854136109352
  view-data: 3.3824672177433968
