times:
  edit-metadata: 1.436020314693451
  landing: 0.7803546115756035
  view-data: 3.46931578963995
