times:
  edit-metadata: 1.4525829702615738
  landing: 0.740537166595459
  view-data: 3.408589191734791
