times:
  edit-metadata: 1.3850279599428177
  landing: 0.746779315173626
  view-data: 3.2708917409181595
