times:
  edit-metadata: 1.4229369387030602
  landing: 0.8237152919173241
  view-data: 3.458255760371685
