times:
  edit-metadata: 1.4368043467402458
  landing: 0.8714083805680275
  view-data: 3.333018012344837
