times:
  edit-metadata: 1.3848688900470734
  landing: 0.8820802271366119
  view-data: 3.3950672149658203
