times:
  edit-metadata: 1.436529740691185
  landing: 0.7581130489706993
  view-data: 3.4576688185334206
