times:
  edit-metadata: 1.5247043520212173
  landing: 0.9751023091375828
  view-data: 3.304017808288336
