times:
  edit-metadata: 1.5335131883621216
  landing: 0.8082036301493645
  view-data: 3.413620874285698
