times:
  edit-metadata: 1.4406613744795322
  landing: 0.9969242177903652
  view-data: 3.3387954197824
