times:
  edit-metadata: 1.521517887711525
  landing: 0.8536328598856926
  view-data: 3.3353271931409836
