times:
  edit-metadata: 1.5273967012763023
  landing: 0.925502635538578
  view-data: 3.5471639931201935
