times:
  edit-metadata: 1.6850801147520542
  landing: 0.9392616003751755
  view-data: 3.319393441081047
