times:
  edit-metadata: 1.4889504127204418
  landing: 0.8673793151974678
  view-data: 3.3923494778573513
