times:
  edit-metadata: 1.4181967228651047
  landing: 0.7920064553618431
  view-data: 3.310534544289112
