times:
  edit-metadata: 1.375392660498619
  landing: 0.8605991080403328
  view-data: 3.400897979736328
