times:
  edit-metadata: 1.8099180683493614
  landing: 0.9583936184644699
  view-data: 3.6726178973913193
