times:
  edit-metadata: 1.8216418847441673
  landing: 1.0105969309806824
  view-data: 3.3848537132143974
