times:
  edit-metadata: 1.4420767202973366
  landing: 0.8990417346358299
  view-data: 3.5001202151179314
