times:
  edit-metadata: 1.5135832279920578
  landing: 0.8359594196081161
  view-data: 3.444042958319187
