times:
  edit-metadata: 1.3034378290176392
  landing: 0.9343646764755249
  view-data: 3.6311153024435043
