times:
  edit-metadata: 1.4028898514807224
  landing: 1.1858440190553665
  view-data: 3.288140919059515
