times:
  edit-metadata: 1.4255101010203362
  landing: 0.8320091813802719
  view-data: 3.4716614857316017
