times:
  edit-metadata: 1.4138448163866997
  landing: 0.7409183755517006
  view-data: 3.4361013248562813
