times:
  edit-metadata: 1.498600285500288
  landing: 0.8655155338346958
  view-data: 3.3135773949325085
