times:
  edit-metadata: 1.6273829936981201
  landing: 0.9733594581484795
  view-data: 3.4688096418976784
