times:
  edit-metadata: 2.2755318358540535
  landing: 1.2290467247366905
  view-data: 3.603770114481449
