times:
  edit-metadata: 1.4059432856738567
  landing: 0.8700817041099072
  view-data: 3.3296068981289864
