times:
  edit-metadata: 1.6870428621768951
  landing: 0.9381114915013313
  view-data: 3.5833719447255135
