times:
  edit-metadata: 1.582368791103363
  landing: 0.8725287802517414
  view-data: 3.3148736245930195
