times:
  edit-metadata: 1.4908149763941765
  landing: 0.884054459631443
  view-data: 3.3087236434221268
