times:
  edit-metadata: 1.4756261818110943
  landing: 0.7992720529437065
  view-data: 3.279651775956154
