times:
  edit-metadata: 1.4111440926790237
  landing: 0.8630728423595428
  view-data: 3.4789247065782547
