times:
  edit-metadata: 1.563124407082796
  landing: 0.801042128354311
  view-data: 3.3840185925364494
