times:
  edit-metadata: 1.3454882614314556
  landing: 1.2316252887248993
  view-data: 3.2554266154766083
