times:
  edit-metadata: 1.4924741052091122
  landing: 0.9720498025417328
  view-data: 3.3762187138199806
