times:
  edit-metadata: 1.4497595131397247
  landing: 0.8482498005032539
  view-data: 3.3538045175373554
