times:
  edit-metadata: 1.4183179438114166
  landing: 0.791661761701107
  view-data: 3.343175295740366
