times:
  edit-metadata: 1.4610064178705215
  landing: 0.905145488679409
  view-data: 3.306371010839939
