times:
  edit-metadata: 1.531088650226593
  landing: 0.8386657871305943
  view-data: 3.2984208427369595
