times:
  edit-metadata: 1.509340725839138
  landing: 0.7214242964982986
  view-data: 3.4953617081046104
