times:
  edit-metadata: 1.555824801325798
  landing: 0.7983876913785934
  view-data: 3.4663865864276886
