times:
  edit-metadata: 2.00117452070117
  landing: 0.9318146333098412
  view-data: 3.3067333288490772
