times:
  edit-metadata: 1.6569589972496033
  landing: 0.8172773495316505
  view-data: 3.327049195766449
