times:
  edit-metadata: 1.4503151327371597
  landing: 0.9627675488591194
  view-data: 3.30979298427701
