times:
  edit-metadata: 1.520373173058033
  landing: 0.8385797217488289
  view-data: 3.5011795088648796
