times:
  edit-metadata: 1.5475870817899704
  landing: 0.6794334650039673
  view-data: 3.407215751707554
