times:
  edit-metadata: 1.5085882768034935
  landing: 0.8103843331336975
  view-data: 3.4953067004680634
