times:
  edit-metadata: 1.504933938384056
  landing: 0.8716969043016434
  view-data: 3.271771177649498
