times:
  edit-metadata: 1.5121320933103561
  landing: 0.8008263558149338
  view-data: 3.4846696481108665
