times:
  edit-metadata: 1.4871612749993801
  landing: 0.7648830078542233
  view-data: 3.34327395260334
