times:
  edit-metadata: 1.4721002951264381
  landing: 0.7710100337862968
  view-data: 3.475812718272209
