times:
  edit-metadata: 1.6178742796182632
  landing: 0.8262907974421978
  view-data: 3.361879415810108
