times:
  edit-metadata: 1.397790089249611
  landing: 0.7761755771934986
  view-data: 3.2762094400823116
