times:
  edit-metadata: 1.5506396815180779
  landing: 0.9097159951925278
  view-data: 3.3065507039427757
