times:
  edit-metadata: 1.3997575044631958
  landing: 0.8429942652583122
  view-data: 3.4361316189169884
