times:
  edit-metadata: 1.4841184429824352
  landing: 0.8440349325537682
  view-data: 3.3704319521784782
