times:
  edit-metadata: 1.47534841299057
  landing: 0.7953758984804153
  view-data: 3.332404788583517
