times:
  edit-metadata: 1.3868748247623444
  landing: 1.0092439651489258
  view-data: 3.2785290330648422
