times:
  edit-metadata: 2.6096528321504593
  landing: 1.3965808227658272
  view-data: 3.6396485716104507
