times:
  edit-metadata: 1.5651426240801811
  landing: 0.9320600405335426
  view-data: 3.4397561848163605
