times:
  edit-metadata: 1.4369131326675415
  landing: 0.7858505398035049
  view-data: 3.403095431625843
