times:
  edit-metadata: 1.4889482855796814
  landing: 0.8844597786664963
  view-data: 3.310384191572666
