times:
  edit-metadata: 1.6496068313717842
  landing: 1.084125392138958
  view-data: 3.339772067964077
