times:
  edit-metadata: 1.573241926729679
  landing: 0.9077189825475216
  view-data: 3.3050630390644073
