times:
  edit-metadata: 1.3759077042341232
  landing: 0.9658286347985268
  view-data: 3.425648756325245
