times:
  edit-metadata: 1.3969473242759705
  landing: 0.9185676500201225
  view-data: 3.4211598485708237
