times:
  edit-metadata: 1.5119665786623955
  landing: 0.8069501370191574
  view-data: 3.3814525678753853
