times:
  edit-metadata: 1.4321717098355293
  landing: 0.8012306392192841
  view-data: 3.4252907782793045
