times:
  edit-metadata: 1.5193408094346523
  landing: 0.8307286575436592
  view-data: 3.302675172686577
