times:
  edit-metadata: 1.5320507138967514
  landing: 0.9196819290518761
  view-data: 3.3460750356316566
