times:
  edit-metadata: 1.4998831152915955
  landing: 0.7686570510268211
  view-data: 3.433948792517185
