times:
  edit-metadata: 1.383585125207901
  landing: 0.7726205363869667
  view-data: 3.305544625967741
