times:
  edit-metadata: 1.4750908613204956
  landing: 0.7722725123167038
  view-data: 3.410691499710083
