times:
  edit-metadata: 1.4220694079995155
  landing: 0.7929176539182663
  view-data: 3.2428590953350067
