times:
  edit-metadata: 1.4678471609950066
  landing: 0.7594020292162895
  view-data: 3.421034298837185
