times:
  edit-metadata: 1.6130795925855637
  landing: 0.9800219535827637
  view-data: 3.3415321968495846
