times:
  edit-metadata: 1.3999179229140282
  landing: 0.735381230711937
  view-data: 3.4388106912374496
