times:
  edit-metadata: 3.301670089364052
  landing: 1.7505685687065125
  view-data: 3.726292222738266
