times:
  edit-metadata: 1.556149572134018
  landing: 1.2381057925522327
  view-data: 3.4399247132241726
