times:
  edit-metadata: 1.4023344665765762
  landing: 0.9623659029603004
  view-data: 3.503497876226902
