times:
  edit-metadata: 1.5120855122804642
  landing: 0.7654652893543243
  view-data: 3.410521984100342
