times:
  edit-metadata: 1.3804022520780563
  landing: 0.8199289739131927
  view-data: 3.294659435749054
