times:
  edit-metadata: 1.5180214792490005
  landing: 0.84016889706254
  view-data: 3.3611732237040997
