times:
  edit-metadata: 1.4432867765426636
  landing: 0.7577653452754021
  view-data: 3.3269845731556416
