times:
  edit-metadata: 1.4194352179765701
  landing: 0.741753451526165
  view-data: 3.4701027497649193
