times:
  edit-metadata: 1.4881423115730286
  landing: 0.8534051030874252
  view-data: 3.428791344165802
