times:
  edit-metadata: 1.4368401169776917
  landing: 0.7088959291577339
  view-data: 3.4282114058732986
