times:
  edit-metadata: 1.5402932614088058
  landing: 0.8669157698750496
  view-data: 3.4964688047766685
