times:
  edit-metadata: 1.8287970125675201
  landing: 0.7970520704984665
  view-data: 3.288951203227043
