times:
  edit-metadata: 1.5228111632168293
  landing: 0.838169913738966
  view-data: 3.2954245880246162
