times:
  edit-metadata: 1.5759491845965385
  landing: 0.8589434027671814
  view-data: 3.4751129746437073
