times:
  edit-metadata: 1.3896302953362465
  landing: 0.809073731303215
  view-data: 3.3691473230719566
