times:
  edit-metadata: 1.5121557116508484
  landing: 0.8367024064064026
  view-data: 3.365062691271305
