times:
  edit-metadata: 1.4780263006687164
  landing: 0.747778095304966
  view-data: 3.3058475106954575
