times:
  edit-metadata: 1.4522354677319527
  landing: 0.7824845239520073
  view-data: 3.452027603983879
