times:
  edit-metadata: 1.4303617998957634
  landing: 0.72530148178339
  view-data: 3.3439031466841698
