times:
  edit-metadata: 1.5526973083615303
  landing: 0.8406373932957649
  view-data: 3.492650546133518
