times:
  edit-metadata: 1.4861895740032196
  landing: 0.9134917818009853
  view-data: 3.378704383969307
