times:
  edit-metadata: 1.5781214125454426
  landing: 0.9294227957725525
  view-data: 3.2629309482872486
