times:
  edit-metadata: 1.6258798465132713
  landing: 0.9235681891441345
  view-data: 3.368731562048197
