times:
  edit-metadata: 1.490604817867279
  landing: 0.7419825345277786
  view-data: 3.4644407778978348
