times:
  edit-metadata: 1.601164661347866
  landing: 0.9600532874464989
  view-data: 3.5767931789159775
