times:
  edit-metadata: 1.5349744819104671
  landing: 0.9027080088853836
  view-data: 3.4442769810557365
