times:
  edit-metadata: 1.8534393012523651
  landing: 1.5571903139352798
  view-data: 3.451969139277935
