times:
  edit-metadata: 2.5110378563404083
  landing: 1.4019475132226944
  view-data: 3.9692106917500496
