times:
  edit-metadata: 1.4237047359347343
  landing: 0.9414106160402298
  view-data: 3.502350799739361
