times:
  edit-metadata: 1.9320344105362892
  landing: 1.1901022717356682
  view-data: 3.335290726274252
