times:
  edit-metadata: 1.6151401326060295
  landing: 1.7413450106978416
  view-data: 3.346841000020504
