times:
  edit-metadata: 1.927957072854042
  landing: 1.187987744808197
  view-data: 3.4445696398615837
