times:
  edit-metadata: 1.56325189396739
  landing: 0.7674424052238464
  view-data: 3.3366471119225025
