times:
  edit-metadata: 1.6319979056715965
  landing: 1.0130885913968086
  view-data: 3.578629896044731
