times:
  edit-metadata: 1.3856366500258446
  landing: 0.7256302684545517
  view-data: 3.4682283625006676
