times:
  edit-metadata: 1.5300635620951653
  landing: 0.7671788111329079
  view-data: 3.5268067568540573
