times:
  edit-metadata: 1.5288587920367718
  landing: 0.8797231428325176
  view-data: 3.314876973628998
