times:
  edit-metadata: 1.3914139606058598
  landing: 0.8488171584904194
  view-data: 3.3418472558259964
