times:
  edit-metadata: 1.4414258413016796
  landing: 0.8356633074581623
  view-data: 3.275600552558899
