times:
  edit-metadata: 1.7533158548176289
  landing: 1.231879785656929
  view-data: 3.3374945744872093
