times:
  edit-metadata: 1.4915581904351711
  landing: 0.919517245143652
  view-data: 3.3200437165796757
