times:
  edit-metadata: 1.5201569497585297
  landing: 0.7626315057277679
  view-data: 3.5120786502957344
