times:
  edit-metadata: 1.4435826763510704
  landing: 0.8913572207093239
  view-data: 3.4801843762397766
