times:
  edit-metadata: 1.3943638280034065
  landing: 0.7699184343218803
  view-data: 3.4658352583646774
