times:
  edit-metadata: 1.438234530389309
  landing: 0.8471571505069733
  view-data: 3.361363008618355
