times:
  edit-metadata: 2.082782842218876
  landing: 1.019409816712141
  view-data: 3.4745245948433876
