times:
  edit-metadata: 1.5993335619568825
  landing: 0.8936728723347187
  view-data: 3.420574277639389
