times:
  edit-metadata: 1.5259298980236053
  landing: 0.9366158023476601
  view-data: 3.4010631814599037
