times:
  edit-metadata: 1.47014070302248
  landing: 0.7419642880558968
  view-data: 3.31252334266901
