times:
  edit-metadata: 1.5184001848101616
  landing: 0.931779257953167
  view-data: 3.343506943434477
