times:
  edit-metadata: 1.407205455005169
  landing: 0.822889931499958
  view-data: 3.5084777250885963
