times:
  edit-metadata: 1.612484686076641
  landing: 1.2155537083745003
  view-data: 3.3311019726097584
