times:
  edit-metadata: 1.5727687552571297
  landing: 0.855662889778614
  view-data: 3.5683447271585464
