times:
  edit-metadata: 1.4178572185337543
  landing: 0.8490783125162125
  view-data: 3.3388915099203587
