times:
  edit-metadata: 1.5027558170258999
  landing: 0.85626470297575
  view-data: 3.295212898403406
