times:
  edit-metadata: 1.4644720405340195
  landing: 0.7365862056612968
  view-data: 3.492804616689682
