times:
  edit-metadata: 1.4913854897022247
  landing: 0.8216097131371498
  view-data: 3.4383182525634766
