times:
  edit-metadata: 1.6618364825844765
  landing: 0.9018188491463661
  view-data: 3.3490201979875565
