times:
  edit-metadata: 1.4367733895778656
  landing: 0.8009301573038101
  view-data: 3.671926185488701
