times:
  edit-metadata: 1.9327113255858421
  landing: 0.9893260151147842
  view-data: 3.389402274042368
