times:
  edit-metadata: 1.4586017653346062
  landing: 0.7727161943912506
  view-data: 3.447370506823063
