times:
  edit-metadata: 1.5688858889043331
  landing: 0.8548802584409714
  view-data: 3.335886862128973
