times:
  edit-metadata: 1.460849680006504
  landing: 0.9125798866152763
  view-data: 3.455981619656086
