times:
  edit-metadata: 1.500300470739603
  landing: 0.8072587959468365
  view-data: 3.35781642049551
