times:
  edit-metadata: 1.5637319907546043
  landing: 0.9364553615450859
  view-data: 3.3900617882609367
