times:
  edit-metadata: 1.5487219728529453
  landing: 0.7987876199185848
  view-data: 3.3185081966221333
