times:
  edit-metadata: 1.4346017986536026
  landing: 0.8807770758867264
  view-data: 3.3477303981781006
