times:
  edit-metadata: 1.7864799350500107
  landing: 0.9812194257974625
  view-data: 3.548335038125515
