times:
  edit-metadata: 1.3916461877524853
  landing: 0.8094434589147568
  view-data: 3.3882631808519363
