times:
  edit-metadata: 1.3365772143006325
  landing: 0.8572011142969131
  view-data: 3.3446298129856586
