times:
  edit-metadata: 1.4842194207012653
  landing: 0.8158393390476704
  view-data: 3.30927524715662
