times:
  edit-metadata: 1.3837287984788418
  landing: 0.7674015052616596
  view-data: 3.342023689299822
