times:
  edit-metadata: 1.5521418154239655
  landing: 1.0162544399499893
  view-data: 3.3841920271515846
