times:
  edit-metadata: 2.0766424760222435
  landing: 1.4017886817455292
  view-data: 3.319449257105589
