times:
  edit-metadata: 1.4418930336833
  landing: 0.7872089743614197
  view-data: 3.4385141730308533
