times:
  edit-metadata: 1.7570538744330406
  landing: 0.9650659374892712
  view-data: 3.3566104732453823
