times:
  edit-metadata: 1.5152324698865414
  landing: 0.8087075650691986
  view-data: 3.4263006784021854
