times:
  edit-metadata: 1.4927995204925537
  landing: 0.8108169138431549
  view-data: 3.4916666820645332
