times:
  edit-metadata: 1.4661792665719986
  landing: 0.8202908337116241
  view-data: 3.3420613072812557
