times:
  edit-metadata: 1.3803715035319328
  landing: 0.808892298489809
  view-data: 3.2834757156670094
