times:
  edit-metadata: 1.4280001148581505
  landing: 0.9384780377149582
  view-data: 3.4621940925717354
