times:
  edit-metadata: 1.326153814792633
  landing: 0.762040376663208
  view-data: 3.441416196525097
