times:
  edit-metadata: 1.4063211977481842
  landing: 0.7425452470779419
  view-data: 3.4242572262883186
