times:
  edit-metadata: 1.4033426493406296
  landing: 0.801184818148613
  view-data: 3.527986563742161
