times:
  edit-metadata: 1.3780275508761406
  landing: 0.8022617325186729
  view-data: 3.5201558843255043
