times:
  edit-metadata: 1.3873425349593163
  landing: 0.7565993741154671
  view-data: 3.470019653439522
