times:
  edit-metadata: 1.6610876210033894
  landing: 0.961325865238905
  view-data: 3.3521060906350613
