times:
  edit-metadata: 1.4871330484747887
  landing: 0.903670184314251
  view-data: 3.3464742824435234
