times:
  edit-metadata: 1.5484471023082733
  landing: 0.8517274335026741
  view-data: 3.3284692391753197
