times:
  edit-metadata: 1.4425068348646164
  landing: 0.9198710545897484
  view-data: 3.3455784767866135
