times:
  edit-metadata: 1.4364978149533272
  landing: 0.9038676358759403
  view-data: 3.343358028680086
