times:
  edit-metadata: 1.5348112285137177
  landing: 0.8975424095988274
  view-data: 3.51994688808918
