times:
  edit-metadata: 1.4086355902254581
  landing: 0.8389340825378895
  view-data: 3.389826163649559
