times:
  edit-metadata: 1.3970164954662323
  landing: 0.8220569938421249
  view-data: 3.464493952691555
