times:
  edit-metadata: 1.4569320380687714
  landing: 0.8820099607110023
  view-data: 3.5050066635012627
