times:
  edit-metadata: 1.505322426557541
  landing: 0.7209316790103912
  view-data: 3.456353023648262
