times:
  edit-metadata: 1.412049200385809
  landing: 0.8131882883608341
  view-data: 3.3824009634554386
