times:
  edit-metadata: 1.5794401168823242
  landing: 1.010814867913723
  view-data: 3.4612732976675034
