times:
  edit-metadata: 1.3727292157709599
  landing: 0.8083188198506832
  view-data: 3.30824376642704
