times:
  edit-metadata: 1.5023091845214367
  landing: 0.8220350630581379
  view-data: 3.343604762107134
