times:
  edit-metadata: 1.4616908580064774
  landing: 0.8328499868512154
  view-data: 3.5900339111685753
