times:
  edit-metadata: 1.4907018654048443
  landing: 0.8280849531292915
  view-data: 3.356251385062933
