times:
  edit-metadata: 1.4107259288430214
  landing: 0.7849087864160538
  view-data: 3.4035881012678146
