times:
  edit-metadata: 1.5010459944605827
  landing: 1.0852559506893158
  view-data: 3.3304229266941547
