times:
  edit-metadata: 1.4154095128178596
  landing: 0.7782275676727295
  view-data: 3.5126375630497932
