times:
  edit-metadata: 1.4151249900460243
  landing: 1.0268451869487762
  view-data: 3.6252842023968697
