times:
  edit-metadata: 1.378975972533226
  landing: 0.7845098450779915
  view-data: 3.352073810994625
