times:
  edit-metadata: 1.4798297584056854
  landing: 0.7821144238114357
  view-data: 3.4705468267202377
