times:
  edit-metadata: 1.4387494325637817
  landing: 0.8188112303614616
  view-data: 3.423267625272274
