times:
  edit-metadata: 1.3809751570224762
  landing: 0.825029082596302
  view-data: 3.2574433758854866
