times:
  edit-metadata: 1.4524536058306694
  landing: 0.8128337971866131
  view-data: 3.2986981384456158
