times:
  edit-metadata: 1.3765011318027973
  landing: 0.8562302701175213
  view-data: 3.2872294783592224
