times:
  edit-metadata: 1.3789372444152832
  landing: 0.7834491729736328
  view-data: 3.481483854353428
