times:
  edit-metadata: 1.4624712094664574
  landing: 0.8129766210913658
  view-data: 3.286605067551136
