times:
  edit-metadata: 2.400433138012886
  landing: 1.378839485347271
  view-data: 3.537565603852272
