times:
  edit-metadata: 2.8010721802711487
  landing: 1.965500108897686
  view-data: 3.6529868096113205
