times:
  edit-metadata: 1.7373454794287682
  landing: 0.727563701570034
  view-data: 3.4506804049015045
