times:
  edit-metadata: 1.4030818790197372
  landing: 0.7212080135941505
  view-data: 3.393276609480381
