times:
  edit-metadata: 1.4837912805378437
  landing: 0.7997899912297726
  view-data: 3.3089376278221607
