times:
  edit-metadata: 1.3341782093048096
  landing: 0.8241972923278809
  view-data: 3.4477277025580406
