times:
  edit-metadata: 1.439047921448946
  landing: 0.8402346111834049
  view-data: 3.326794497668743
