times:
  edit-metadata: 1.4755022674798965
  landing: 0.7574358806014061
  view-data: 3.4269489869475365
