times:
  edit-metadata: 1.3716308996081352
  landing: 0.8129327520728111
  view-data: 3.344806656241417
