times:
  edit-metadata: 1.408933199942112
  landing: 0.7474258244037628
  view-data: 3.3736958503723145
