times:
  edit-metadata: 1.5062105134129524
  landing: 0.9492053091526031
  view-data: 3.455350838601589
