times:
  edit-metadata: 1.4766171425580978
  landing: 0.8643018826842308
  view-data: 3.4087616577744484
