times:
  edit-metadata: 1.4781287088990211
  landing: 0.7542283535003662
  view-data: 3.4424407929182053
