times:
  edit-metadata: 1.5115247070789337
  landing: 0.8423832133412361
  view-data: 3.335379935801029
