times:
  edit-metadata: 1.4001236334443092
  landing: 0.7304907813668251
  view-data: 3.2649035081267357
