times:
  edit-metadata: 1.4946138188242912
  landing: 0.8052617385983467
  view-data: 3.510027088224888
