times:
  edit-metadata: 1.3365417905151844
  landing: 0.875519435852766
  view-data: 3.2870588526129723
