times:
  edit-metadata: 1.428507350385189
  landing: 0.7562845647335052
  view-data: 3.47172000259161
