times:
  edit-metadata: 1.3642634972929955
  landing: 0.7952044904232025
  view-data: 3.4936364516615868
