times:
  edit-metadata: 1.392800934612751
  landing: 0.7389406785368919
  view-data: 3.44683351367712
