times:
  edit-metadata: 1.474896363914013
  landing: 0.8711187206208706
  view-data: 3.310171138495207
