times:
  edit-metadata: 1.412204660475254
  landing: 0.7323147654533386
  view-data: 3.462026372551918
