times:
  edit-metadata: 1.4530418552458286
  landing: 0.7271200269460678
  view-data: 3.2879101559519768
