times:
  edit-metadata: 1.424082301557064
  landing: 0.8224261775612831
  view-data: 3.257968232035637
