times:
  edit-metadata: 1.4746038168668747
  landing: 0.7083402425050735
  view-data: 3.4629368409514427
