times:
  edit-metadata: 1.6040152236819267
  landing: 0.8509797789156437
  view-data: 3.4177647046744823
