times:
  edit-metadata: 1.4524150118231773
  landing: 0.776761744171381
  view-data: 3.2959058843553066
