times:
  edit-metadata: 1.424897775053978
  landing: 0.7696281373500824
  view-data: 3.4386539086699486
