times:
  edit-metadata: 1.560838244855404
  landing: 0.9336696788668633
  view-data: 3.3039273247122765
