times:
  edit-metadata: 1.479367621243
  landing: 0.8172865733504295
  view-data: 3.461052693426609
