times:
  edit-metadata: 1.4830327853560448
  landing: 0.885587465018034
  view-data: 3.29189271107316
