times:
  edit-metadata: 1.6027181893587112
  landing: 0.9282247871160507
  view-data: 3.4290687069296837
