times:
  edit-metadata: 1.4877737984061241
  landing: 0.8628658354282379
  view-data: 3.418224509805441
