times:
  edit-metadata: 1.4184385389089584
  landing: 0.9069788679480553
  view-data: 3.269412837922573
