times:
  edit-metadata: 1.413331925868988
  landing: 0.8543560318648815
  view-data: 3.4221158996224403
