times:
  edit-metadata: 1.468779370188713
  landing: 0.778973676264286
  view-data: 3.326305691152811
