times:
  edit-metadata: 1.3828185126185417
  landing: 0.7385134175419807
  view-data: 3.544206976890564
