times:
  edit-metadata: 1.8464262410998344
  landing: 1.106799528002739
  view-data: 3.5115043222904205
