times:
  edit-metadata: 1.511577531695366
  landing: 0.9315147772431374
  view-data: 3.3674274533987045
