times:
  edit-metadata: 1.4987358525395393
  landing: 0.8230995684862137
  view-data: 3.475346051156521
