times:
  edit-metadata: 1.5024159625172615
  landing: 0.8706454709172249
  view-data: 3.3670509085059166
