times:
  edit-metadata: 1.4833845421671867
  landing: 0.9875190854072571
  view-data: 3.301828257739544
