times:
  edit-metadata: 1.4591862000524998
  landing: 0.7724307551980019
  view-data: 3.284743268042803
