times:
  edit-metadata: 1.3965152502059937
  landing: 0.7584957405924797
  view-data: 3.464635394513607
