times:
  edit-metadata: 1.380101814866066
  landing: 0.7803469598293304
  view-data: 3.387387678027153
