times:
  edit-metadata: 1.3774514347314835
  landing: 0.7702589109539986
  view-data: 3.2959109991788864
