times:
  edit-metadata: 1.4135249108076096
  landing: 0.9855761900544167
  view-data: 3.3637790754437447
