times:
  edit-metadata: 1.5035957023501396
  landing: 0.7883980646729469
  view-data: 3.3557356782257557
