times:
  edit-metadata: 1.480113685131073
  landing: 0.7664128765463829
  view-data: 3.4027949646115303
