times:
  edit-metadata: 1.5110485330224037
  landing: 0.7736423313617706
  view-data: 3.5227925702929497
