times:
  edit-metadata: 1.3715251684188843
  landing: 0.7661959305405617
  view-data: 3.4334449470043182
