times:
  edit-metadata: 1.428011566400528
  landing: 0.7929814830422401
  view-data: 3.4582429081201553
