times:
  edit-metadata: 1.3643309324979782
  landing: 0.701093852519989
  view-data: 3.386890411376953
