times:
  edit-metadata: 1.444601971656084
  landing: 0.8459238484501839
  view-data: 3.300506006926298
