times:
  edit-metadata: 1.4160212501883507
  landing: 0.8247511833906174
  view-data: 3.3143620267510414
