times:
  edit-metadata: 1.4805491045117378
  landing: 0.833370216190815
  view-data: 3.2836199700832367
