times:
  edit-metadata: 1.378251202404499
  landing: 0.7888047657907009
  view-data: 3.2875376641750336
