times:
  edit-metadata: 1.4971216917037964
  landing: 0.7722418755292892
  view-data: 3.5212647914886475
