times:
  edit-metadata: 1.6015966162085533
  landing: 0.8676113188266754
  view-data: 3.414431683719158
