times:
  edit-metadata: 1.4857219383120537
  landing: 0.763090007007122
  view-data: 3.546912871301174
