times:
  edit-metadata: 1.4800100177526474
  landing: 0.9449695646762848
  view-data: 3.5206691324710846
