times:
  edit-metadata: 1.495721373707056
  landing: 0.8735534437000751
  view-data: 3.3216184563934803
