times:
  edit-metadata: 1.4385555759072304
  landing: 0.773412860929966
  view-data: 3.4384913221001625
