times:
  edit-metadata: 1.4183768555521965
  landing: 0.8249197155237198
  view-data: 3.265714257955551
