times:
  edit-metadata: 1.356677584350109
  landing: 1.1563341319561005
  view-data: 3.7457840964198112
