times:
  edit-metadata: 1.3717378601431847
  landing: 0.7726349458098412
  view-data: 3.4666662886738777
