times:
  edit-metadata: 1.7582417391240597
  landing: 0.9441155306994915
  view-data: 3.320378564298153
