times:
  edit-metadata: 1.3544176705181599
  landing: 0.9890574626624584
  view-data: 3.378828827291727
