times:
  edit-metadata: 1.532536543905735
  landing: 0.8412924744188786
  view-data: 3.6769529208540916
