times:
  edit-metadata: 2.2020845785737038
  landing: 0.8708860352635384
  view-data: 3.6561898440122604
