times:
  edit-metadata: 1.4516432620584965
  landing: 0.8764899335801601
  view-data: 3.32522077485919
