times:
  edit-metadata: 1.423720322549343
  landing: 0.8854985758662224
  view-data: 3.3205911107361317
