times:
  edit-metadata: 1.4944282621145248
  landing: 0.8583344295620918
  view-data: 3.4847857505083084
