times:
  edit-metadata: 1.5114341005682945
  landing: 0.9082126691937447
  view-data: 3.504190184175968
