times:
  edit-metadata: 1.3969118706882
  landing: 0.8398290686309338
  view-data: 3.2777945026755333
