times:
  edit-metadata: 1.3208758868277073
  landing: 0.8208621479570866
  view-data: 3.3151290751993656
