times:
  edit-metadata: 1.4807268306612968
  landing: 0.8028018474578857
  view-data: 3.2839525192976
