times:
  edit-metadata: 1.431189265102148
  landing: 0.7434509508311749
  view-data: 3.3853223733603954
