times:
  edit-metadata: 1.3810257986187935
  landing: 1.452301137149334
  view-data: 3.601124033331871
