times:
  edit-metadata: 1.9250124618411064
  landing: 1.3206019699573517
  view-data: 3.351953759789467
