times:
  edit-metadata: 1.697719193994999
  landing: 0.8925206586718559
  view-data: 3.376750111579895
