times:
  edit-metadata: 1.3765266239643097
  landing: 0.8128339610993862
  view-data: 3.3358569778501987
