times:
  edit-metadata: 2.39946860820055
  landing: 1.281447872519493
  view-data: 3.3589091785252094
