times:
  edit-metadata: 1.3825017809867859
  landing: 0.724914014339447
  view-data: 3.4498644024133682
