times:
  edit-metadata: 1.3615116737782955
  landing: 0.803367119282484
  view-data: 3.248561605811119
