times:
  edit-metadata: 1.4400385990738869
  landing: 0.7732821926474571
  view-data: 3.533549018204212
