times:
  edit-metadata: 2.0680348090827465
  landing: 1.2481005862355232
  view-data: 3.3316568583250046
