times:
  edit-metadata: 1.597379207611084
  landing: 0.8234367519617081
  view-data: 3.375537980347872
