times:
  edit-metadata: 1.4791892133653164
  landing: 0.7969859503209591
  view-data: 3.2704491280019283
