times:
  edit-metadata: 1.5348822548985481
  landing: 1.249340645968914
  view-data: 3.5857060253620148
