times:
  edit-metadata: 1.449422612786293
  landing: 0.8934378996491432
  view-data: 3.2899184450507164
