times:
  edit-metadata: 1.3316691145300865
  landing: 0.7579955756664276
  view-data: 3.413576692342758
