times:
  edit-metadata: 1.4908881895244122
  landing: 0.7792307138442993
  view-data: 3.345084462314844
