times:
  edit-metadata: 1.4613502696156502
  landing: 0.8007949069142342
  view-data: 3.510906904935837
