times:
  edit-metadata: 1.9964167773723602
  landing: 1.0852015241980553
  view-data: 3.4756541922688484
