times:
  edit-metadata: 1.5186944976449013
  landing: 0.9462021440267563
  view-data: 3.3385463133454323
