times:
  edit-metadata: 1.6191719248890877
  landing: 0.9633057713508606
  view-data: 3.2989895530045033
