times:
  edit-metadata: 1.7751104570925236
  landing: 1.4273359775543213
  view-data: 3.4864599891006947
