times:
  edit-metadata: 1.3924914188683033
  landing: 0.8492157459259033
  view-data: 3.293774999678135
