times:
  edit-metadata: 1.3451615199446678
  landing: 0.777317576110363
  view-data: 3.453846998512745
