times:
  edit-metadata: 1.446523331105709
  landing: 0.7855366468429565
  view-data: 3.4572094455361366
