times:
  edit-metadata: 1.497506894171238
  landing: 0.8934319987893105
  view-data: 3.3145777210593224
