times:
  edit-metadata: 1.6000692695379257
  landing: 0.8543418645858765
  view-data: 3.428141064941883
