times:
  edit-metadata: 1.5036757066845894
  landing: 0.7642093896865845
  view-data: 3.398260071873665
