times:
  edit-metadata: 1.3821487724781036
  landing: 0.7798562869429588
  view-data: 3.5377209782600403
