times:
  edit-metadata: 1.447269730269909
  landing: 0.8532271012663841
  view-data: 3.3440741449594498
