times:
  edit-metadata: 1.3566795885562897
  landing: 0.7943660318851471
  view-data: 3.286614030599594
