times:
  edit-metadata: 1.597542092204094
  landing: 0.8773851469159126
  view-data: 3.256476975977421
