times:
  edit-metadata: 1.9127399157732725
  landing: 0.8259564135223627
  view-data: 0.32525796815752983
