times:
  edit-metadata: 0.9550993693992496
  landing: 0.042023709043860435
  view-data: 0.20846280921250582
