times:
  edit-metadata: 1.5298322513699532
  landing: 0.782247444614768
  view-data: 3.362054454162717
