times:
  edit-metadata: 0.9789590160362422
  landing: 0.04866856010630727
  view-data: 0.2285470850765705
