times:
  edit-metadata: 1.8871618919074535
  landing: 0.1271513979882002
  view-data: 0.33271155320107937
