times:
  edit-metadata: 1.478904596529901
  landing: 0.8298731790855527
  view-data: 3.358701632358134
