times:
  landing: 0.5569057579999708
  view-data: 0.5602670979999971
