times:
  edit-metadata: 1.4500007592141628
  landing: 0.9182237349450588
  view-data: 3.2815969176590443
