times:
  landing: 0.5514488540000002
  view-data: 0.5595268270000133
