times:
  edit-metadata: 0.9302178960060701
  landing: 0.06986927799880505
  view-data: 0.24276767001720145
