times:
  edit-metadata: 1.758155070245266
  landing: 0.04833356291055679
  view-data: 0.23812226206064224
