times:
  landing: 0.5440527110000062
  view-data: 0.5490121820000127
