times:
  edit-metadata: 0.9473629207350314
  landing: 0.04460504790768027
  view-data: 0.21076860604807734
