times:
  edit-metadata: 1.530290251597762
  landing: 0.9812229871749878
  view-data: 0.44703551940619946
