times:
  edit-metadata: 1.8886667098850012
  landing: 0.6925598978996277
  view-data: 0.20309608057141304
