times:
  edit-metadata: 1.7662468738853931
  landing: 0.04881291836500168
  view-data: 0.23082219436764717
