times:
  edit-metadata: 1.8990320432931185
  landing: 0.020997019484639168
  view-data: 0.39032966271042824
