times:
  edit-metadata: 1.0675556920468807
  landing: 0.04974616086110473
  view-data: 0.2276989403180778
