times:
  edit-metadata: 0.9938409337773919
  landing: 0.04567524790763855
  view-data: 0.22802896797657013
