times:
  landing: 0.549138800999998
  view-data: 0.5503517660000057
