times:
  landing: 1.587799705000009
  view-data: 0.5633934640000007
