times:
  edit-metadata: 1.8491077423095703
  landing: 0.1602451102808118
  view-data: 0.1205065781250596
