times:
  edit-metadata: 1.8616447541862726
  landing: 0.02045515552163124
  view-data: 0.45084924437105656
