times:
  edit-metadata: 1.4155883111525327
  landing: 0.8156615900807083
  view-data: 3.4370110479649156
