times:
  landing: 1.8600384842138737
  view-data: 0.03729125298559666
