times:
  edit-metadata: 0.924106587015558
  landing: 0.07528863300103694
  view-data: 0.2372987579437904
