times:
  edit-metadata: 1.9603849537670612
  landing: 0.5543531496077776
  view-data: 0.24727139249444008
