times:
  edit-metadata: 1.076946962159127
  landing: 0.04574407800100744
  view-data: 0.2959510770160705
