times:
  edit-metadata: 0.9199104689760134
  landing: 0.08213106798939407
  view-data: 0.3626092280028388
