times:
  edit-metadata: 1.216381880454719
  landing: 0.7648792946711183
  view-data: 3.349428570829332
