times:
  edit-metadata: 1.2944411728531122
  landing: 0.7315738387405872
  view-data: 3.284175074659288
