times:
  edit-metadata: 1.9058084292337298
  landing: 0.1180097796022892
  view-data: 0.025251252576708794
