times:
  edit-metadata: 0.9528312729671597
  landing: 0.04677428491413593
  view-data: 0.21720426296815276
