times:
  landing: 1.6100891270000375
  view-data: 1.074331079999979
