times:
  edit-metadata: 1.5035328473895788
  landing: 0.8441167436540127
  view-data: 3.385620916262269
