times:
  landing: 1.5952298619999965
  view-data: 0.5546714650000126
