times:
  edit-metadata: 1.9647653829306364
  landing: 0.8260035645216703
  view-data: 0.3470584452152252
