times:
  landing: 1.0693373139999949
  view-data: 0.5893445720000159
