times:
  edit-metadata: 1.9048953521996737
  landing: 1.1603841166943312
  view-data: 0.618324775248766
