times:
  edit-metadata: 1.5414396040141582
  landing: 0.8284732475876808
  view-data: 3.3723004311323166
