times:
  edit-metadata: 1.3978649941273034
  landing: 0.7938586748205125
  view-data: 3.360881206113845
