times:
  edit-metadata: 2.1977616287767887
  landing: 0.32263828814029694
  view-data: 0.39599912241101265
