times:
  edit-metadata: 1.0413760729134083
  landing: 0.04356964398175478
  view-data: 0.22506075911223888
