times:
  edit-metadata: 1.8993597272783518
  landing: 0.018828967586159706
  view-data: 0.024311168119311333
