times:
  edit-metadata: 2.9280672470340505
  landing: 0.3639589010272175
  view-data: 0.57166665897239
