times:
  edit-metadata: 1.766160897910595
  landing: 0.047935083508491516
  view-data: 0.23200370371341705
