times:
  edit-metadata: 2.2762707322835922
  landing: 1.1934213228523731
  view-data: 3.6238508224487305
