times:
  edit-metadata: 0.9633844229974784
  landing: 0.04318918599165045
  view-data: 0.24015363000216894
