times:
  edit-metadata: 1.8941549733281136
  landing: 0.14621390588581562
  view-data: 0.12330559641122818
