times:
  edit-metadata: 1.3725164179923013
  landing: 0.872560239979066
  view-data: 3.494567016023211
