times:
  landing: 0.5589781360000075
  view-data: 0.5574107470000058
