times:
  edit-metadata: 1.3575125429779291
  landing: 0.9449857091531157
  view-data: 3.404893698170781
