times:
  edit-metadata: 0.9475118741393089
  landing: 0.04411992244422436
  view-data: 0.3327016057446599
