times:
  edit-metadata: 1.5702814627438784
  landing: 0.8354688752442598
  view-data: 3.483334993943572
