times:
  edit-metadata: 0.971148646902293
  landing: 0.05653550801798701
  view-data: 0.23309385683387518
