times:
  edit-metadata: 0.9372514809947461
  landing: 0.048978767124935985
  view-data: 0.24463048786856234
