times:
  landing: 1.0826927310000087
  view-data: 0.5578444420000324
