times:
  landing: 0.5426795539999603
  view-data: 0.5492864939999436
