times:
  edit-metadata: 1.399650439620018
  landing: 0.7819192372262478
  view-data: 3.3039343133568764
