times:
  landing: 0.5447713529999874
  view-data: 0.5567987480000056
