times:
  landing: 0.5609054690000335
  view-data: 0.049503494000020964
