times:
  edit-metadata: 1.953052420169115
  landing: 0.023140251636505127
  view-data: 0.02799699269235134
