times:
  edit-metadata: 0.9259983230149373
  landing: 0.04661216004751623
  view-data: 0.22725296206772327
