times:
  edit-metadata: 0.9246357700030785
  landing: 0.0678759090078529
  view-data: 0.23135029499826487
