times:
  landing: 0.5413747450000983
  view-data: 0.5461819060000153
