times:
  edit-metadata: 1.3796907998621464
  landing: 0.865603469312191
  view-data: 3.30441677197814
