times:
  edit-metadata: 0.9214664408937097
  landing: 0.05406096577644348
  view-data: 0.34959002397954464
