times:
  landing: 1.0773704200000225
  view-data: 0.5563684899999544
