times:
  edit-metadata: 1.8444876102730632
  landing: 0.019777197390794754
  view-data: 0.11959818378090858
