times:
  edit-metadata: 1.7144434787333012
  landing: 1.1097383573651314
  view-data: 3.365389071404934
