times:
  edit-metadata: 1.9632866717875004
  landing: 0.206950263120234
  view-data: 0.12253775354474783
