times:
  edit-metadata: 1.338351096957922
  landing: 0.7857843227684498
  view-data: 3.325481988489628
