times:
  landing: 0.5528159019999634
  view-data: 0.5526572879999776
