times:
  edit-metadata: 1.4439851579954848
  landing: 0.8268953480292112
  view-data: 3.273288588039577
