times:
  edit-metadata: 1.5141278076916933
  landing: 0.9043244551867247
  view-data: 3.3391531612724066
