times:
  edit-metadata: 1.485140100121498
  landing: 0.870575625449419
  view-data: 3.3384904377162457
