times:
  edit-metadata: 1.5174075309187174
  landing: 0.8489712588489056
  view-data: 3.365348555147648
