times:
  edit-metadata: 1.6621627770364285
  landing: 0.991394080221653
  view-data: 3.418215185403824
