times:
  landing: 1.6050090010000417
  view-data: 0.5601243490000343
