times:
  edit-metadata: 0.9419636590173468
  landing: 0.08520943997427821
  view-data: 0.26351327798329294
