times:
  landing: 1.062510857999996
  view-data: 0.5519004200000381
