times:
  edit-metadata: 3.6945387721061707
  landing: 0.2763212379068136
  view-data: 0.4015185907483101
