times:
  edit-metadata: 1.723495036829263
  landing: 1.0908568580634892
  view-data: 3.671514560934156
