times:
  edit-metadata: 1.8564725741744041
  landing: 0.02036235760897398
  view-data: 0.43644492235034704
