times:
  edit-metadata: 1.516970295459032
  landing: 0.8066932465881109
  view-data: 3.363617852330208
