times:
  edit-metadata: 0.9869342069141567
  landing: 0.05247443704865873
  view-data: 0.2082032540347427
