times:
  edit-metadata: 1.9851842885836959
  landing: 0.02014101017266512
  view-data: 0.42369674798101187
