times:
  edit-metadata: 1.7844464406371117
  landing: 0.04915770888328552
  view-data: 0.22063979133963585
