times:
  edit-metadata: 2.298557983711362
  landing: 0.19313606806099415
  view-data: 0.35206155106425285
