times:
  edit-metadata: 1.5375343821942806
  landing: 0.8041182279121131
  view-data: 3.4224725030362606
