times:
  edit-metadata: 0.9190780988428742
  landing: 0.0779847209341824
  view-data: 0.2280179518274963
