times:
  landing: 1.1877220740000212
  view-data: 0.562474764000001
