times:
  edit-metadata: 1.2099100079503842
  landing: 0.06039071700070053
  view-data: 0.22715717501705512
