times:
  edit-metadata: 1.8652674704790115
  landing: 0.12460881937295198
  view-data: 0.022423962131142616
