times:
  edit-metadata: 1.8769957590848207
  landing: 0.021055406890809536
  view-data: 0.024301395751535892
