times:
  edit-metadata: 0.9664223919971846
  landing: 0.042613422963768244
  view-data: 0.26408535602968186
