times:
  edit-metadata: 1.4467733297497034
  landing: 1.0162123907357454
  view-data: 3.3074902296066284
