times:
  edit-metadata: 0.9307762070093304
  landing: 0.06936650909483433
  view-data: 0.2838725079782307
