times:
  edit-metadata: 1.530565056949854
  landing: 0.5128135159611702
  view-data: 0.21763366647064686
