times:
  edit-metadata: 1.7922526588663459
  landing: 0.019780201837420464
  view-data: 0.026595495641231537
