times:
  edit-metadata: 1.3687621629796922
  landing: 0.8336928049102426
  view-data: 3.289165479829535
