times:
  edit-metadata: 2.2850077878683805
  landing: 1.4012960344552994
  view-data: 3.6695720590651035
