times:
  edit-metadata: 1.9804586004465818
  landing: 0.13626266457140446
  view-data: 0.1265511643141508
