times:
  edit-metadata: 1.353752214461565
  landing: 0.8943190928548574
  view-data: 3.3164780866354704
