times:
  edit-metadata: 1.9854597076773643
  landing: 0.20446712523698807
  view-data: 0.3309255074709654
