times:
  edit-metadata: 0.9339104850078002
  landing: 0.07377975695999339
  view-data: 0.23812384100165218
