times:
  edit-metadata: 1.8173688650131226
  landing: 0.05255429819226265
  view-data: 0.22354469448328018
