times:
  edit-metadata: 1.8209484796971083
  landing: 1.045227131806314
  view-data: 3.50650124438107
