times:
  edit-metadata: 1.2545029208995402
  landing: 0.08441485092043877
  view-data: 0.28633987717330456
