times:
  edit-metadata: 1.4687390718609095
  landing: 0.8005704116076231
  view-data: 3.424690879881382
