times:
  edit-metadata: 1.8790742112323642
  landing: 0.020764578133821487
  view-data: 0.12333122082054615
