times:
  landing: 0.5585518859999752
  view-data: 0.5582175900000266
