times:
  edit-metadata: 2.310858905315399
  landing: 1.376813631504774
  view-data: 3.505336221307516
