times:
  landing: 1.5859061130000214
  view-data: 0.5551524910000012
