times:
  edit-metadata: 1.0461977738887072
  landing: 0.0767817790620029
  view-data: 0.3856600117869675
