times:
  edit-metadata: 0.9553957040188834
  landing: 0.04732653789687902
  view-data: 0.21590549498796463
