times:
  edit-metadata: 0.9185062480028137
  landing: 0.0771328539995011
  view-data: 0.25826924700231757
