times:
  landing: 1.1278316899999936
  view-data: 0.5582566120000365
