times:
  edit-metadata: 1.3985778279602528
  landing: 0.8705813549458981
  view-data: 3.3264092300087214
