times:
  edit-metadata: 1.979852905496955
  landing: 0.5406724009662867
  view-data: 0.2186803501099348
