times:
  landing: 1.0757772860000046
  view-data: 0.5730950550000102
