times:
  edit-metadata: 1.9173529269173741
  landing: 0.0210377499461174
  view-data: 0.10142070893198252
