times:
  edit-metadata: 1.751931892000357
  landing: 0.04621477099954063
  view-data: 0.22387639499993384
