times:
  edit-metadata: 1.548777125775814
  landing: 1.032993670552969
  view-data: 3.3608399629592896
