times:
  edit-metadata: 1.812506820075214
  landing: 0.11941619031131268
  view-data: 0.02614056132733822
