times:
  edit-metadata: 1.1192937579471618
  landing: 0.04041452310048044
  view-data: 0.23631713795475662
