times:
  edit-metadata: 1.6033069491386414
  landing: 0.5614509042352438
  view-data: 0.22413760423660278
