times:
  edit-metadata: 1.4219057336449623
  landing: 1.0153479427099228
  view-data: 3.3875466994941235
