times:
  edit-metadata: 2.257414510473609
  landing: 0.25921326875686646
  view-data: 0.05801418796181679
