times:
  edit-metadata: 1.7696961499750614
  landing: 0.05002490431070328
  view-data: 0.22948942705988884
