times:
  edit-metadata: 1.0491965720430017
  landing: 0.04189498722553253
  view-data: 0.23888214631006122
