times:
  edit-metadata: 0.9842178010148928
  landing: 0.05223495909012854
  view-data: 0.24866641999688
