times:
  edit-metadata: 1.6517905592918396
  landing: 0.9374366980046034
  view-data: 3.3337328992784023
