times:
  edit-metadata: 1.8889457723125815
  landing: 0.19714637473225594
  view-data: 0.12603308726102114
