times:
  edit-metadata: 0.9755498690064996
  landing: 0.04733527300413698
  view-data: 0.2160696010105312
