times:
  edit-metadata: 1.4380453303456306
  landing: 0.8491870807483792
  view-data: 3.340815929695964
