times:
  landing: 0.5457508350000353
  view-data: 0.5556175739999958
