times:
  edit-metadata: 1.8074847124516964
  landing: 1.2279739417135715
  view-data: 3.3896899335086346
