times:
  edit-metadata: 1.8507444374263287
  landing: 0.018805299885571003
  view-data: 0.3555288603529334
