times:
  edit-metadata: 1.5734870918095112
  landing: 0.9454394578933716
  view-data: 3.4296434558928013
