times:
  edit-metadata: 1.9815062610432506
  landing: 0.0192863205447793
  view-data: 0.117147714830935
