times:
  edit-metadata: 0.901143052149564
  landing: 0.05698453704826534
  view-data: 0.2617981778457761
