times:
  edit-metadata: 1.4982805729378015
  landing: 1.0241292091086507
  view-data: 3.3825847960542887
