times:
  landing: 1.6610634289681911
  view-data: 0.6243866700679064
