times:
  edit-metadata: 1.5320606864988804
  landing: 0.8265393581241369
  view-data: 3.4282723870128393
