times:
  landing: 1.0728318939999895
  view-data: 0.5583265970000184
