times:
  edit-metadata: 1.5131597872823477
  landing: 0.7329601943492889
  view-data: 3.3030780907720327
