times:
  edit-metadata: 0.9216532489517704
  landing: 0.06739708199165761
  view-data: 0.23285125603433698
