times:
  edit-metadata: 1.2133227679878473
  landing: 0.043623222038149834
  view-data: 0.3695563939400017
