times:
  edit-metadata: 1.9177501406520605
  landing: 0.02128558699041605
  view-data: 0.12288231682032347
