times:
  edit-metadata: 1.8509162152186036
  landing: 0.1190164890140295
  view-data: 0.024149518460035324
