times:
  edit-metadata: 1.8248435631394386
  landing: 0.042716678231954575
  view-data: 0.2300308384001255
