times:
  edit-metadata: 1.5051667727530003
  landing: 0.7581730093806982
  view-data: 3.3130515217781067
