times:
  edit-metadata: 2.0148844942450523
  landing: 3.5484859980642796
  view-data: 1.1403238866478205
