times:
  edit-metadata: 2.09723386913538
  landing: 0.12828286550939083
  view-data: 0.2765423282980919
