times:
  edit-metadata: 1.515452528372407
  landing: 0.8090825825929642
  view-data: 3.3871080595999956
