times:
  edit-metadata: 1.1141201020218432
  landing: 0.056539323879405856
  view-data: 0.21130143688060343
