times:
  edit-metadata: 1.698872871696949
  landing: 1.136834554374218
  view-data: 3.402102991938591
