times:
  landing: 0.544919153999956
  view-data: 0.5470727800000077
