times:
  edit-metadata: 2.0144626926630735
  landing: 0.5845989380031824
  view-data: 0.22470054775476456
