times:
  edit-metadata: 0.9973197149811313
  landing: 0.04001970693934709
  view-data: 0.21638844604603946
