times:
  edit-metadata: 1.3994808737188578
  landing: 0.7688226839527488
  view-data: 3.381668236106634
