times:
  landing: 1.5922326809999845
  view-data: 0.5580501000000027
