times:
  edit-metadata: 1.8464322537183762
  landing: 0.7399900928139687
  view-data: 0.3276736158877611
