times:
  edit-metadata: 0.9855565261095762
  landing: 0.03935340512543917
  view-data: 0.21350753027945757
