times:
  edit-metadata: 0.9715165002271533
  landing: 0.049488263204693794
  view-data: 0.22003494715318084
