times:
  edit-metadata: 0.9275895091705024
  landing: 0.043166160117834806
  view-data: 0.2251759977079928
