times:
  edit-metadata: 0.9632489229552448
  landing: 0.04444418102502823
  view-data: 0.21715557435527444
