times:
  edit-metadata: 1.8995024226605892
  landing: 0.13525547925382853
  view-data: 0.1375379478558898
