times:
  landing: 0.6154160550000825
  view-data: 0.5626800940000294
