times:
  edit-metadata: 0.9727408098988235
  landing: 0.042474948801100254
  view-data: 0.2243276098743081
