times:
  landing: 1.0729158999999981
  view-data: 0.5594547350000312
