times:
  landing: 1.0686767229999532
  view-data: 0.552843230000235
