times:
  edit-metadata: 1.463438456878066
  landing: 0.9008938735350966
  view-data: 3.461292234249413
