times:
  edit-metadata: 1.4023234732449055
  landing: 0.9214988686144352
  view-data: 3.2949307151138783
