times:
  edit-metadata: 1.890003353357315
  landing: 0.042214855551719666
  view-data: 0.2641983740031719
