times:
  edit-metadata: 1.8722639828920364
  landing: 0.02162986248731613
  view-data: 0.02594669722020626
