times:
  edit-metadata: 2.144770819693804
  landing: 0.2079011145979166
  view-data: 0.3970324657857418
