times:
  edit-metadata: 0.974455565912649
  landing: 0.0408686138689518
  view-data: 0.20801672106608748
