times:
  edit-metadata: 0.8966609700582922
  landing: 0.04789336398243904
  view-data: 0.23077012365683913
