times:
  edit-metadata: 0.9340229499503039
  landing: 0.04694008099613711
  view-data: 0.21094953204737976
