times:
  edit-metadata: 2.3559929225593805
  landing: 0.1481940671801567
  view-data: 0.4143201168626547
