times:
  landing: 0.5529183310000008
  view-data: 0.5583699000000024
