times:
  edit-metadata: 1.176559547893703
  landing: 0.06951619824394584
  view-data: 0.40164940524846315
