times:
  edit-metadata: 0.9265708059538156
  landing: 0.06478374591097236
  view-data: 0.3750392380170524
