times:
  edit-metadata: 1.054678970016539
  landing: 0.059577078092843294
  view-data: 0.2131610109936446
