times:
  edit-metadata: 1.9805016685277224
  landing: 0.022949831560254097
  view-data: 0.02659965679049492
