times:
  edit-metadata: 1.9302264768630266
  landing: 0.2041164143010974
  view-data: 0.02701257076114416
