times:
  edit-metadata: 1.554279450327158
  landing: 0.9643838182091713
  view-data: 3.396655187010765
