times:
  edit-metadata: 1.6160789914429188
  landing: 0.9260118342936039
  view-data: 3.4460347462445498
