times:
  edit-metadata: 1.9620073921978474
  landing: 0.02199671044945717
  view-data: 0.15063166618347168
