times:
  landing: 0.547186758999942
  view-data: 0.557747625999923
