times:
  edit-metadata: 0.9850524119101465
  landing: 0.04199820198118687
  view-data: 0.21127788396552205
