times:
  edit-metadata: 2.330317948013544
  landing: 1.427040882408619
  view-data: 3.499793829396367
