times:
  edit-metadata: 1.4922716217115521
  landing: 0.9208621517755091
  view-data: 3.3305182228796184
