times:
  edit-metadata: 0.9621001733466983
  landing: 0.05728497542440891
  view-data: 0.22895521204918623
