times:
  edit-metadata: 0.91727937432006
  landing: 0.07853716565296054
  view-data: 0.23596081929281354
