times:
  edit-metadata: 2.0094466619193554
  landing: 0.021274668164551258
  view-data: 0.024496430531144142
