times:
  edit-metadata: 2.4386695977300406
  landing: 0.2554177101701498
  view-data: 0.15340978652238846
