times:
  landing: 1.5928586889999679
  view-data: 0.5596440900000061
