times:
  edit-metadata: 1.912686518393457
  landing: 0.019718418829143047
  view-data: 0.11827785894274712
