times:
  edit-metadata: 2.050030461512506
  landing: 0.020834440365433693
  view-data: 0.12120616715401411
