times:
  landing: 0.5549013739999964
  view-data: 0.558546175999993
