times:
  edit-metadata: 0.992686711018905
  landing: 0.041938855079934
  view-data: 0.2206367990002036
