times:
  edit-metadata: 0.9269905890105292
  landing: 0.04540452704532072
  view-data: 0.2127314859535545
