times:
  edit-metadata: 1.9136508721858263
  landing: 0.020974974147975445
  view-data: 0.023593944497406483
