times:
  edit-metadata: 2.02068108599633
  landing: 0.021310823038220406
  view-data: 0.023903915658593178
