times:
  edit-metadata: 1.4758818298578262
  landing: 1.0966208577156067
  view-data: 3.3759181015193462
