times:
  landing: 1.0978762130000064
  view-data: 0.5683010199999785
