times:
  edit-metadata: 2.0528629198670387
  landing: 0.16093160398304462
  view-data: 0.14426201209425926
