times:
  landing: 1.0833158159999812
  view-data: 0.5594080859999622
