times:
  edit-metadata: 1.9740952253341675
  landing: 0.018644437193870544
  view-data: 0.10286311618983746
