times:
  edit-metadata: 1.4220946650020778
  landing: 0.8777141631580889
  view-data: 3.382622843142599
