times:
  edit-metadata: 0.9026734791696072
  landing: 0.0426649134606123
  view-data: 0.23301769886165857
