times:
  landing: 1.074664744999609
  view-data: 0.5600410540000667
