times:
  edit-metadata: 0.9347482249140739
  landing: 0.06257081090006977
  view-data: 0.23069737304467708
