times:
  edit-metadata: 2.072552427649498
  landing: 0.022515155375003815
  view-data: 0.24957240000367165
