times:
  edit-metadata: 1.8968374338001013
  landing: 1.3327184785157442
  view-data: 0.3170648943632841
