times:
  landing: 1.0864777600000366
  view-data: 0.5577982610000163
