times:
  edit-metadata: 0.9970639860257506
  landing: 0.05006379401311278
  view-data: 0.24054171703755856
