times:
  edit-metadata: 1.8789328821003437
  landing: 1.0042666420340538
  view-data: 3.5717202578671277
