times:
  edit-metadata: 0.9618217297829688
  landing: 0.050671576987951994
  view-data: 0.23057823115959764
