times:
  edit-metadata: 1.5096482001245022
  landing: 0.8463412448763847
  view-data: 3.3499791882932186
