times:
  edit-metadata: 2.0209952760487795
  landing: 0.021459853276610374
  view-data: 0.12994368560612202
