times:
  edit-metadata: 1.8763544000685215
  landing: 0.059952013194561005
  view-data: 0.24101515859365463
