times:
  edit-metadata: 0.9677333710060338
  landing: 0.04815942799905315
  view-data: 0.26244587699329713
