times:
  edit-metadata: 0.9922811188735068
  landing: 0.04717037593945861
  view-data: 0.21833895007148385
