times:
  edit-metadata: 2.025506855919957
  landing: 0.9678729604929686
  view-data: 0.26011401787400246
