times:
  edit-metadata: 0.9250981020741165
  landing: 0.060056537855416536
  view-data: 0.2609324059449136
