times:
  landing: 0.5572250359999771
  view-data: 0.5558993259999738
