times:
  edit-metadata: 0.9295297469943762
  landing: 0.047582212020643055
  view-data: 0.25172759499400854
