times:
  edit-metadata: 1.068343129940331
  landing: 0.07016314566135406
  view-data: 0.24539623921737075
