times:
  landing: 0.5571060649999708
  view-data: 0.564386221999996
