times:
  edit-metadata: 1.949923474341631
  landing: 0.019815610721707344
  view-data: 0.02229836769402027
