times:
  edit-metadata: 1.9303271565586329
  landing: 0.020595353096723557
  view-data: 0.3228704258799553
