times:
  landing: 0.547634721999998
  view-data: 0.5797819819999859
