times:
  edit-metadata: 1.8642917051911354
  landing: 0.040773238986730576
  view-data: 0.22460171952843666
