times:
  edit-metadata: 1.7065826654434204
  landing: 0.048732955008745193
  view-data: 0.22007877007126808
