times:
  landing: 0.5559890880000466
  view-data: 0.5590776790000405
