times:
  edit-metadata: 1.63497968390584
  landing: 0.9826041609048843
  view-data: 3.4034862518310547
