times:
  edit-metadata: 0.9194495480041951
  landing: 0.0807705910410732
  view-data: 0.2411284389672801
