times:
  edit-metadata: 1.5154770631343126
  landing: 0.8321054149419069
  view-data: 3.356048906221986
