times:
  edit-metadata: 2.148936990648508
  landing: 1.250007875263691
  view-data: 3.3837845884263515
