times:
  edit-metadata: 1.340504463762045
  landing: 0.795163843780756
  view-data: 3.326844274997711
