times:
  edit-metadata: 1.0341067081317306
  landing: 0.05286049284040928
  view-data: 0.21774983406066895
