times:
  edit-metadata: 1.9750554729253054
  landing: 0.15777369402348995
  view-data: 0.16729430481791496
