times:
  edit-metadata: 3.258421266451478
  landing: 0.41828708443790674
  view-data: 0.914335997775197
