times:
  edit-metadata: 1.0760916117578745
  landing: 0.041477291844785213
  view-data: 0.2285130200907588
