times:
  edit-metadata: 1.0207909750170074
  landing: 0.03735089401016012
  view-data: 0.21348647499689832
