times:
  edit-metadata: 0.9141232171095908
  landing: 0.04971372056752443
  view-data: 0.235056028701365
