times:
  edit-metadata: 0.9330778382718563
  landing: 0.04982135305181146
  view-data: 0.21624687826260924
