times:
  edit-metadata: 1.4965715548023582
  landing: 0.9368350952863693
  view-data: 3.4162927959114313
