times:
  edit-metadata: 2.2963400753214955
  landing: 0.15047425869852304
  view-data: 0.18096770904958248
