times:
  edit-metadata: 2.008939079940319
  landing: 0.5968452766537666
  view-data: 0.22337993793189526
