times:
  edit-metadata: 1.9387515503913164
  landing: 0.5188243761658669
  view-data: 0.2502386476844549
