times:
  edit-metadata: 2.0077467188239098
  landing: 1.1727042570710182
  view-data: 0.3289420884102583
