times:
  edit-metadata: 0.9379458893090487
  landing: 0.04334531119093299
  view-data: 0.2171751232817769
