times:
  edit-metadata: 1.8701687883585691
  landing: 0.020680229179561138
  view-data: 0.12160785589367151
