times:
  landing: 0.5531829530000323
  view-data: 0.5655381610000063
