times:
  edit-metadata: 2.3389797005802393
  landing: 0.14347834512591362
  view-data: 0.4079605210572481
