times:
  edit-metadata: 1.8315324867144227
  landing: 0.020921960473060608
  view-data: 0.10081539954990149
