times:
  edit-metadata: 1.9971585720777512
  landing: 0.5734836626797915
  view-data: 0.6467207223176956
