times:
  edit-metadata: 0.9509331858716905
  landing: 0.04082238581031561
  view-data: 0.2175355078652501
