times:
  edit-metadata: 1.3244187384843826
  landing: 0.967450238764286
  view-data: 3.338452775031328
