times:
  landing: 1.0970398499999874
  view-data: 0.5603054990000373
