times:
  edit-metadata: 1.4092044867575169
  landing: 0.9282313445582986
  view-data: 3.3358084708452225
