times:
  edit-metadata: 1.5445945095270872
  landing: 0.7835847940295935
  view-data: 3.3661600667983294
