times:
  edit-metadata: 1.7367934323847294
  landing: 0.049253322184085846
  view-data: 0.23091885447502136
