times:
  edit-metadata: 1.6963487267494202
  landing: 0.04764917492866516
  view-data: 0.22704169154167175
