times:
  edit-metadata: 2.2106659477576613
  landing: 0.050923136062920094
  view-data: 0.026264279149472713
