times:
  edit-metadata: 1.8632630985230207
  landing: 0.14355415478348732
  view-data: 0.025455337017774582
