times:
  edit-metadata: 0.9795009456574917
  landing: 0.045291610062122345
  view-data: 0.23514850158244371
