times:
  landing: 0.5500435100000232
  view-data: 0.5521207350000168
