times:
  edit-metadata: 1.5072828624397516
  landing: 0.907950934022665
  view-data: 3.3716944344341755
