times:
  edit-metadata: 2.377139024436474
  landing: 0.11488735675811768
  view-data: 0.16335569322109222
