times:
  edit-metadata: 1.4953789077699184
  landing: 0.7874350845813751
  view-data: 3.446060175076127
