times:
  edit-metadata: 1.8898797761648893
  landing: 5.514846283942461
  view-data: 1.0490463767200708
