times:
  edit-metadata: 1.430968128144741
  landing: 0.8481775522232056
  view-data: 3.4039835296571255
