times:
  edit-metadata: 0.9964453428983688
  landing: 0.04181274399161339
  view-data: 0.22632501693442464
