times:
  edit-metadata: 0.971589385997504
  landing: 0.05232555093243718
  view-data: 0.20895843300968409
