times:
  landing: 0.5601714399999764
  view-data: 0.5613753480001833
