times:
  edit-metadata: 1.8992912685498595
  landing: 0.19457912165671587
  view-data: 0.41976388543844223
