times:
  edit-metadata: 1.901029048487544
  landing: 0.16039910912513733
  view-data: 0.09779029339551926
