times:
  landing: 0.5481889369999919
  view-data: 0.5548656820000133
