times:
  edit-metadata: 0.9695292031392455
  landing: 0.05798037489876151
  view-data: 0.3577395570464432
