times:
  edit-metadata: 0.8647539899684489
  landing: 0.04677328886464238
  view-data: 0.2125432277098298
