times:
  edit-metadata: 1.934598765335977
  landing: 0.17914377804845572
  view-data: 0.43091099709272385
