times:
  edit-metadata: 1.8449753103777766
  landing: 0.1351294256746769
  view-data: 0.4068329092115164
