times:
  edit-metadata: 2.145157106220722
  landing: 0.14017210714519024
  view-data: 0.2532606031745672
