times:
  edit-metadata: 1.9986462350934744
  landing: 0.023530248552560806
  view-data: 0.14690203219652176
