times:
  landing: 1.3365915017202497
  view-data: 0.5577115351334214
