times:
  edit-metadata: 1.4689295887947083
  landing: 0.9749532788991928
  view-data: 3.437772110104561
