times:
  edit-metadata: 2.01572628878057
  landing: 0.2081434354186058
  view-data: 0.024178776890039444
