times:
  edit-metadata: 1.444032546132803
  landing: 0.9011970013380051
  view-data: 3.414844311773777
