times:
  edit-metadata: 0.8947053216397762
  landing: 0.04526786506175995
  view-data: 0.22596995066851377
