times:
  edit-metadata: 1.845549089834094
  landing: 0.12689454574137926
  view-data: 0.22030041739344597
