times:
  edit-metadata: 2.1480967476963997
  landing: 0.3058834280818701
  view-data: 0.37389750964939594
