times:
  landing: 0.546004929999981
  view-data: 0.5550167080000392
