times:
  edit-metadata: 1.6028310535475612
  landing: 0.7868870319798589
  view-data: 3.4337640600278974
