times:
  edit-metadata: 1.5177406668663025
  landing: 0.8574014399200678
  view-data: 3.3642435669898987
