times:
  edit-metadata: 1.9512637797743082
  landing: 0.22214450873434544
  view-data: 0.31098143942654133
