times:
  edit-metadata: 1.8697140105068684
  landing: 0.04770248010754585
  view-data: 0.22921347990632057
