times:
  landing: 0.5732680689999938
  view-data: 0.06837027000000262
