times:
  landing: 0.551102453999988
  view-data: 0.5544377649999888
