times:
  edit-metadata: 1.9726077280938625
  landing: 0.021668313071131706
  view-data: 0.3197925202548504
