times:
  edit-metadata: 1.048211237997748
  landing: 0.04656250705011189
  view-data: 0.21198466804344207
