times:
  edit-metadata: 1.9574068561196327
  landing: 0.022103657945990562
  view-data: 0.10219554230570793
