times:
  edit-metadata: 1.65204993262887
  landing: 0.8885198403149843
  view-data: 3.4411804787814617
