times:
  landing: 0.5608935479999673
  view-data: 0.5564453000000071
