times:
  edit-metadata: 1.9900638610124588
  landing: 0.7045925669372082
  view-data: 0.23940195702016354
