times:
  edit-metadata: 0.9530634419061244
  landing: 0.04714248701930046
  view-data: 0.21700647426769137
