times:
  edit-metadata: 1.9184061214327812
  landing: 0.018993092700839043
  view-data: 0.02397427149116993
