times:
  edit-metadata: 1.613898377865553
  landing: 0.09591411706060171
  view-data: 0.2581206616014242
