times:
  edit-metadata: 0.9564859410747886
  landing: 0.04557401407510042
  view-data: 0.21503337507601827
