times:
  edit-metadata: 0.9335498330183327
  landing: 0.04853476397693157
  view-data: 0.22240061312913895
