times:
  edit-metadata: 0.9460546891205013
  landing: 0.04629337484948337
  view-data: 0.2090656440705061
