times:
  edit-metadata: 1.2520738830789924
  landing: 0.09183995006605983
  view-data: 0.3919522142969072
