times:
  edit-metadata: 2.2297265799716115
  landing: 1.3368141697719693
  view-data: 3.401700641028583
