times:
  edit-metadata: 2.033002782613039
  landing: 0.136963976547122
  view-data: 0.02631801925599575
