times:
  landing: 0.5526534450000042
  view-data: 0.5592432839999901
