times:
  edit-metadata: 1.4094683416187763
  landing: 0.9700408689677715
  view-data: 3.3223725371062756
