times:
  edit-metadata: 0.9637004034593701
  landing: 0.04878144897520542
  view-data: 0.23668336309492588
