times:
  edit-metadata: 1.9817071426659822
  landing: 0.5563928056508303
  view-data: 0.2141716182231903
