times:
  edit-metadata: 1.5354842375963926
  landing: 0.39579806476831436
  view-data: 0.32316927425563335
