times:
  edit-metadata: 0.938676277990453
  landing: 0.05881733994465321
  view-data: 0.23522636503912508
