times:
  edit-metadata: 0.9763340339995921
  landing: 0.05589192407205701
  view-data: 0.20870018703863025
