times:
  edit-metadata: 1.5140167511999607
  landing: 0.836663031950593
  view-data: 3.373684259131551
