times:
  edit-metadata: 2.035068228840828
  landing: 0.6874060705304146
  view-data: 0.21464185044169426
