times:
  edit-metadata: 0.9586564530618489
  landing: 0.04561418341472745
  view-data: 0.21121799480170012
