times:
  landing: 1.0730437540000253
  view-data: 0.06097232999997004
