times:
  edit-metadata: 0.9013067060150206
  landing: 0.0491092000156641
  view-data: 0.27058256199234165
