times:
  edit-metadata: 2.0644979123026133
  landing: 0.15163440257310867
  view-data: 0.30494824424386024
