times:
  edit-metadata: 1.9590415116399527
  landing: 0.700203375890851
  view-data: 0.25206645391881466
