times:
  edit-metadata: 0.9444563370198011
  landing: 0.06275977892801166
  view-data: 0.22683688602410257
