times:
  landing: 0.5494362439999918
  view-data: 0.5542673130000253
