times:
  edit-metadata: 2.8323875088244677
  landing: 0.2389202695339918
  view-data: 0.14256446436047554
