times:
  edit-metadata: 1.564888982102275
  landing: 0.9300765246152878
  view-data: 3.3501571230590343
