times:
  edit-metadata: 1.502584459260106
  landing: 0.7958057690411806
  view-data: 3.3411185331642628
