times:
  edit-metadata: 1.3916588798165321
  landing: 0.8192996382713318
  view-data: 3.4016629653051496
