times:
  landing: 1.0881474359999856
  view-data: 0.5579684550000366
