times:
  landing: 1.0701712769999858
  view-data: 0.5550783150000029
