times:
  edit-metadata: 0.9368614628911018
  landing: 0.08241001982241869
  view-data: 0.2469687107950449
