times:
  edit-metadata: 0.9850689340382814
  landing: 0.041675117798149586
  view-data: 0.2081677089445293
