times:
  edit-metadata: 1.3382242657244205
  landing: 0.7929712100885808
  view-data: 3.3720807768404484
