times:
  edit-metadata: 1.5184889137744904
  landing: 0.9925150088965893
  view-data: 3.411134719848633
