times:
  edit-metadata: 1.540207365527749
  landing: 0.8205890078097582
  view-data: 3.432123327627778
