times:
  edit-metadata: 1.088870129082352
  landing: 0.08479171013459563
  view-data: 0.3300954643636942
