times:
  edit-metadata: 0.9308612400200218
  landing: 0.048403949942439795
  view-data: 0.24007613980211318
