times:
  edit-metadata: 2.0484153516590595
  landing: 1.3104382790625095
  view-data: 3.3954936414957047
