times:
  edit-metadata: 0.9872470390982926
  landing: 0.04358524095732719
  view-data: 0.24760553298983723
