times:
  edit-metadata: 3.922594891861081
  landing: 0.019614599645137787
  view-data: 0.3756577204912901
