times:
  edit-metadata: 1.8960621720179915
  landing: 0.020296075381338596
  view-data: 0.10140055883675814
