times:
  edit-metadata: 2.0375968581065536
  landing: 1.1042519407346845
  view-data: 3.397229260765016
