times:
  edit-metadata: 1.5513504179834854
  landing: 0.09137798601295799
  view-data: 0.27978340699337423
