times:
  edit-metadata: 0.9519189419952454
  landing: 0.050890198996057734
  view-data: 0.20589598899823613
