times:
  edit-metadata: 0.9454596135765314
  landing: 0.04788988083600998
  view-data: 0.23036754596978426
