times:
  edit-metadata: 1.7427442371845245
  landing: 1.0742522329092026
  view-data: 3.3633202612400055
