times:
  edit-metadata: 0.9090669389697723
  landing: 0.046548624988645315
  view-data: 0.25164528196910396
