times:
  landing: 1.0723271960000034
  view-data: 0.5606695540000146
