times:
  edit-metadata: 1.219293322879821
  landing: 0.06511579407379031
  view-data: 0.24305301811546087
