times:
  edit-metadata: 1.7201039055362344
  landing: 1.0810389192774892
  view-data: 3.589790279045701
