times:
  edit-metadata: 1.4772383905947208
  landing: 0.9445190187543631
  view-data: 3.400312140583992
