times:
  edit-metadata: 1.9648423427715898
  landing: 0.2844419404864311
  view-data: 0.1972720753401518
