times:
  edit-metadata: 0.9109687679447234
  landing: 0.07692498993128538
  view-data: 0.23318379186093807
