times:
  edit-metadata: 0.926643710816279
  landing: 0.05904230009764433
  view-data: 0.2599511069711298
