times:
  landing: 0.5429728329999932
  view-data: 0.5518192530000192
