times:
  edit-metadata: 1.8591377409175038
  landing: 0.026107652112841606
  view-data: 0.02750283107161522
