times:
  edit-metadata: 1.337381336838007
  landing: 0.8402286283671856
  view-data: 3.277183383703232
