times:
  edit-metadata: 1.0111312540248036
  landing: 0.05166896199807525
  view-data: 0.22014419990591705
