times:
  edit-metadata: 0.9497861950658262
  landing: 0.04834096389822662
  view-data: 0.20769354095682502
