times:
  edit-metadata: 1.0257880380377173
  landing: 0.04815740115009248
  view-data: 0.22117135906592011
