times:
  edit-metadata: 2.853748766705394
  landing: 0.28330569341778755
  view-data: 0.21936224959790707
