times:
  edit-metadata: 1.6699549108743668
  landing: 0.7271642778068781
  view-data: 0.21762611530721188
