times:
  edit-metadata: 2.310018204152584
  landing: 1.4748545568436384
  view-data: 3.4379802737385035
