times:
  edit-metadata: 2.023021701723337
  landing: 0.7232208959758282
  view-data: 0.25512858107686043
