times:
  edit-metadata: 1.400042240973562
  landing: 0.7818797365762293
  view-data: 3.385886972770095
