times:
  edit-metadata: 1.8654754515737295
  landing: 0.021516794338822365
  view-data: 0.47797777224332094
