times:
  edit-metadata: 0.9653423968702555
  landing: 0.04784685606136918
  view-data: 0.22733069909736514
