times:
  landing: 0.5568561700000032
  view-data: 0.5593015719999812
