times:
  edit-metadata: 1.867678971029818
  landing: 0.15843799337744713
  view-data: 0.024109563790261745
