times:
  edit-metadata: 4.079192284494638
  landing: 2.8644477240741253
  view-data: 4.14613601565361
