times:
  edit-metadata: 1.0783873319160193
  landing: 0.04075016500428319
  view-data: 0.2283319579437375
