times:
  edit-metadata: 1.8833075556904078
  landing: 1.1097347866743803
  view-data: 0.4419781565666199
