times:
  edit-metadata: 1.9044961743056774
  landing: 0.04721752926707268
  view-data: 0.22324537858366966
