times:
  edit-metadata: 1.9012960772961378
  landing: 0.21486722119152546
  view-data: 0.23377220146358013
