times:
  edit-metadata: 0.9192977689672261
  landing: 0.04689454194158316
  view-data: 0.24323560507036746
