times:
  edit-metadata: 1.9397110622376204
  landing: 1.0330160465091467
  view-data: 0.44297270104289055
