times:
  edit-metadata: 1.5217253398150206
  landing: 0.8040542807430029
  view-data: 3.3934987615793943
