times:
  edit-metadata: 1.3873798064887524
  landing: 0.9168038852512836
  view-data: 3.3401155937463045
