times:
  edit-metadata: 0.9333773860707879
  landing: 0.04623318277299404
  view-data: 0.2281730598770082
