times:
  landing: 0.5621106300000065
  view-data: 0.5688647609999862
