times:
  edit-metadata: 1.5273521915078163
  landing: 0.9329040050506592
  view-data: 3.3851996660232544
