times:
  edit-metadata: 1.0314399269409478
  landing: 0.056516006821766496
  view-data: 0.20289723109453917
