times:
  edit-metadata: 1.8501188354566693
  landing: 0.09634424466639757
  view-data: 0.12828011624515057
