times:
  landing: 0.5596059229999923
  view-data: 0.5536975779999693
