times:
  landing: 1.0700539690000141
  view-data: 0.550679367999976
