times:
  edit-metadata: 1.7303174920380116
  landing: 0.05216144397854805
  view-data: 0.22620510309934616
