times:
  edit-metadata: 0.9653285060776398
  landing: 0.04037712805438787
  view-data: 0.21841940400190651
