times:
  edit-metadata: 1.3907346480991691
  landing: 0.8872772650793195
  view-data: 3.376936581917107
