times:
  edit-metadata: 1.4004324674606323
  landing: 1.0204996578395367
  view-data: 3.334907501935959
