times:
  landing: 0.5592070449999937
  view-data: 0.5544218119999869
