times:
  edit-metadata: 0.9528629858978093
  landing: 0.04424931900575757
  view-data: 0.21598124178126454
