times:
  edit-metadata: 1.891526222229004
  landing: 1.0985398292541504
  view-data: 0.6286986544728279
