times:
  edit-metadata: 1.962812576442957
  landing: 1.7462385706603527
  view-data: 1.1633278839290142
