times:
  edit-metadata: 1.3819541186094284
  landing: 0.9682982973754406
  view-data: 3.3467277996242046
