times:
  edit-metadata: 0.994792693760246
  landing: 0.0412453580647707
  view-data: 0.22139471303671598
