times:
  edit-metadata: 1.579502608627081
  landing: 1.0688671357929707
  view-data: 3.3257132172584534
