times:
  edit-metadata: 4.292356368154287
  landing: 0.39028836600482464
  view-data: 0.7639958970248699
