times:
  edit-metadata: 1.0225202990695834
  landing: 0.05088503914885223
  view-data: 0.23518871399573982
