times:
  edit-metadata: 1.87467095348984
  landing: 0.019463511183857918
  view-data: 0.026000240817666054
