times:
  edit-metadata: 1.5515218041837215
  landing: 0.8506936877965927
  view-data: 3.4638578109443188
