times:
  edit-metadata: 1.5445903092622757
  landing: 0.8819077834486961
  view-data: 3.44142609462142
