times:
  edit-metadata: 1.9464704263955355
  landing: 0.019341506995260715
  view-data: 0.025890297256410122
