times:
  edit-metadata: 0.9526972468011081
  landing: 0.049366050865501165
  view-data: 0.24082703003659844
