times:
  edit-metadata: 1.3745398968458176
  landing: 0.7839053645730019
  view-data: 3.3235377836972475
