times:
  edit-metadata: 0.9425595900102053
  landing: 0.04692905899719335
  view-data: 0.22113115798856597
