times:
  edit-metadata: 1.5970819820649922
  landing: 0.921985263004899
  view-data: 3.3300982660148293
