times:
  edit-metadata: 0.9278838620521128
  landing: 0.07727280491963029
  view-data: 0.2566027380526066
