times:
  edit-metadata: 1.5474502965807915
  landing: 0.8921446911990643
  view-data: 3.3569333106279373
