times:
  edit-metadata: 2.2047978341579437
  landing: 0.24608936347067356
  view-data: 0.34645254351198673
