times:
  edit-metadata: 1.940517708659172
  landing: 0.5981319453567266
  view-data: 0.6284653432667255
