times:
  edit-metadata: 1.8484786711633205
  landing: 0.11739382287487388
  view-data: 0.43089555809274316
