times:
  edit-metadata: 1.6225382424890995
  landing: 1.101795744150877
  view-data: 3.3514667451381683
