times:
  edit-metadata: 0.9852401239913888
  landing: 0.04500612599076703
  view-data: 0.256464735022746
