times:
  landing: 1.0687223720000247
  view-data: 0.5542575239999792
