times:
  edit-metadata: 1.408744527027011
  landing: 0.9916991288773715
  view-data: 3.3808976060245186
