times:
  edit-metadata: 1.927478101104498
  landing: 0.13715750444680452
  view-data: 0.43922842759639025
