times:
  landing: 0.5548785080000016
  view-data: 0.5575396490000344
