times:
  landing: 0.5580603270000211
  view-data: 0.5547585590000494
