times:
  landing: 1.0730433850000054
  view-data: 0.5500388699999803
