times:
  edit-metadata: 0.9185394418891519
  landing: 0.045696684159338474
  view-data: 0.2518825598526746
