times:
  edit-metadata: 1.8992438819259405
  landing: 0.8136054947972298
  view-data: 0.24197827093303204
