times:
  edit-metadata: 0.9187532690120861
  landing: 0.04192529805004597
  view-data: 0.25623555498896167
