times:
  edit-metadata: 1.4754532860242762
  landing: 0.2491252959589474
  view-data: 0.3182367100380361
