times:
  edit-metadata: 1.9398625334724784
  landing: 0.1818002499639988
  view-data: 0.13660469558089972
