times:
  edit-metadata: 1.4208396906033158
  landing: 0.8817797163501382
  view-data: 3.439156088978052
