times:
  edit-metadata: 0.9731092649744824
  landing: 0.045889189932495356
  view-data: 0.24212377704679966
