times:
  landing: 0.5490628160000028
  view-data: 0.5608889169999998
