times:
  edit-metadata: 1.722979348152876
  landing: 0.04376806691288948
  view-data: 0.2257564477622509
