times:
  landing: 1.0982862130000512
  view-data: 0.5598804180000343
