times:
  edit-metadata: 0.9457700662314892
  landing: 0.0661759190261364
  view-data: 0.3703273250721395
