times:
  edit-metadata: 1.545659152790904
  landing: 0.9462707042694092
  view-data: 3.4429492224007845
