times:
  edit-metadata: 1.4664108948782086
  landing: 0.7598675470799208
  view-data: 3.326308482326567
