times:
  landing: 1.065869126999985
  view-data: 0.554054385000029
