times:
  edit-metadata: 1.8191099055111408
  landing: 0.05253894254565239
  view-data: 0.22198955714702606
