times:
  edit-metadata: 0.9870899640955031
  landing: 0.05220621079206467
  view-data: 0.21681423112750053
