times:
  edit-metadata: 1.9581119753420353
  landing: 0.25152130238711834
  view-data: 0.12569919228553772
