times:
  edit-metadata: 1.5470076352357864
  landing: 0.9653001874685287
  view-data: 3.406266186386347
