times:
  edit-metadata: 1.3959851749241352
  landing: 1.0027110087685287
  view-data: 3.364156496245414
