times:
  edit-metadata: 0.9860546938143671
  landing: 0.051668156404048204
  view-data: 0.24508604407310486
