times:
  landing: 1.0646101550000253
  view-data: 0.546775536000041
