times:
  edit-metadata: 1.8894554823637009
  landing: 0.040074728429317474
  view-data: 0.2207317091524601
