times:
  edit-metadata: 1.9426549412310123
  landing: 2.3547291215509176
  view-data: 0.361857233569026
