times:
  edit-metadata: 1.5499393232166767
  landing: 0.9516846463084221
  view-data: 3.4008902981877327
