times:
  landing: 1.0763438969999584
  view-data: 0.5555161059999705
