times:
  edit-metadata: 1.6127603352069855
  landing: 0.8403320498764515
  view-data: 3.40195294842124
