times:
  edit-metadata: 1.4943564347922802
  landing: 0.807643560692668
  view-data: 3.452663505449891
