times:
  edit-metadata: 1.8940822295844555
  landing: 1.6308057997375727
  view-data: 0.43371392600238323
