times:
  edit-metadata: 1.5196340084075928
  landing: 0.9522456414997578
  view-data: 3.3901181910187006
