times:
  edit-metadata: 1.860876563936472
  landing: 0.04167408123612404
  view-data: 0.223966084420681
