times:
  edit-metadata: 0.9728862480260432
  landing: 0.04854984860867262
  view-data: 0.20544516714289784
