times:
  edit-metadata: 1.897670904174447
  landing: 0.2046952871605754
  view-data: 0.2286580028012395
