times:
  edit-metadata: 1.6072882860898972
  landing: 1.1304100267589092
  view-data: 3.4160395488142967
