times:
  edit-metadata: 1.884637821931392
  landing: 1.1072933170944452
  view-data: 3.3908680947497487
