times:
  edit-metadata: 1.9490847010165453
  landing: 0.021001657471060753
  view-data: 0.244150934740901
