times:
  edit-metadata: 1.632742803543806
  landing: 0.9984420277178288
  view-data: 3.381969340145588
