times:
  edit-metadata: 1.6210560891777277
  landing: 0.9552316814661026
  view-data: 0.30427976325154305
