times:
  edit-metadata: 1.535324640572071
  landing: 7.575595043599606
  view-data: 3.4112241081893444
