times:
  edit-metadata: 0.9665452037006617
  landing: 0.050814990885555744
  view-data: 0.21628746297210455
