times:
  edit-metadata: 1.3629145063459873
  landing: 0.973933007568121
  view-data: 3.341308292001486
