times:
  edit-metadata: 1.8524348409846425
  landing: 0.22526583448052406
  view-data: 0.13494607899338007
