times:
  edit-metadata: 1.2206922331824899
  landing: 0.08561294106766582
  view-data: 0.23669213615357876
