times:
  edit-metadata: 0.9042422641068697
  landing: 0.06511952402070165
  view-data: 0.2768076420761645
