times:
  edit-metadata: 0.9679379430017434
  landing: 0.053296240977942944
  view-data: 0.2406443149666302
