times:
  edit-metadata: 1.9378238916397095
  landing: 0.1282666102051735
  view-data: 0.11687559820711613
