times:
  edit-metadata: 0.9672268450085539
  landing: 0.05108735300018452
  view-data: 0.21753407700452954
