times:
  edit-metadata: 1.1074558580294251
  landing: 0.05614212900400162
  view-data: 0.21611962700262666
