times:
  edit-metadata: 2.170471088960767
  landing: 0.18636654317378998
  view-data: 0.4639345332980156
