times:
  edit-metadata: 1.6279411874711514
  landing: 0.8503649719059467
  view-data: 3.4339571855962276
