times:
  edit-metadata: 1.8980511873960495
  landing: 0.019547995179891586
  view-data: 0.025723934173583984
