times:
  edit-metadata: 1.643816564232111
  landing: 0.9765501916408539
  view-data: 3.3371643386781216
