times:
  edit-metadata: 1.558840911835432
  landing: 0.8065775521099567
  view-data: 3.3338911943137646
