times:
  edit-metadata: 2.001069637015462
  landing: 1.8889550678431988
  view-data: 0.6733124498277903
