times:
  edit-metadata: 0.9719048959668726
  landing: 0.04149652202613652
  view-data: 0.21116456598974764
