times:
  edit-metadata: 0.9939092099957634
  landing: 0.04441287700319663
  view-data: 0.2138220960041508
