times:
  edit-metadata: 0.9521629088558257
  landing: 0.050989492796361446
  view-data: 0.2160120839253068
