times:
  edit-metadata: 0.9431556342169642
  landing: 0.051297254860401154
  view-data: 0.2265295716933906
