times:
  edit-metadata: 2.7811053851619363
  landing: 0.9592884909361601
  view-data: 3.3669517850503325
