times:
  edit-metadata: 2.780516467988491
  landing: 0.3227979801595211
  view-data: 0.22049211338162422
