times:
  edit-metadata: 1.083489916054532
  landing: 0.04499876988120377
  view-data: 0.3169749320950359
