times:
  edit-metadata: 1.1427189100068063
  landing: 0.04711270402185619
  view-data: 0.22380915912799537
