times:
  landing: 0.5523714309999832
  view-data: 0.5675672190000114
