times:
  edit-metadata: 1.8862277641892433
  landing: 0.13917821925133467
  view-data: 0.023663894273340702
