times:
  edit-metadata: 0.9606467019766569
  landing: 0.038416448049247265
  view-data: 0.23084178939461708
