times:
  edit-metadata: 1.9499710276722908
  landing: 0.21356601640582085
  view-data: 0.025211850181221962
