times:
  landing: 1.5981366429999753
  view-data: 0.5602286660000004
