times:
  edit-metadata: 1.8052611704915762
  landing: 0.019781858660280704
  view-data: 0.02374173514544964
