times:
  edit-metadata: 2.0516627989709377
  landing: 0.12089298479259014
  view-data: 0.023512450978159904
