times:
  edit-metadata: 1.6706763785332441
  landing: 1.0220280066132545
  view-data: 3.4920699913054705
