times:
  edit-metadata: 0.8995332885533571
  landing: 0.04393652267754078
  view-data: 0.22184988856315613
