times:
  edit-metadata: 1.886541466228664
  landing: 0.21425536554306746
  view-data: 0.13107006158679724
