times:
  edit-metadata: 1.9648288320749998
  landing: 0.024124298244714737
  view-data: 0.025587523356080055
