times:
  edit-metadata: 1.3450089888647199
  landing: 0.7801052881404757
  view-data: 3.4114054050296545
