times:
  landing: 0.5520482380001113
  view-data: 0.5562964169999987
