times:
  edit-metadata: 1.09052978688851
  landing: 0.047754809726029634
  view-data: 0.27005865704268217
