times:
  edit-metadata: 1.0341529350262135
  landing: 0.06409494788385928
  view-data: 0.23405494797043502
