times:
  edit-metadata: 1.951985316351056
  landing: 0.05075365491211414
  view-data: 0.24459797143936157
