times:
  edit-metadata: 0.9711384391412139
  landing: 0.04981741914525628
  view-data: 0.2189992992207408
