times:
  edit-metadata: 2.0002177637070417
  landing: 0.022101132199168205
  view-data: 0.11771652847528458
