times:
  edit-metadata: 0.9181621980387717
  landing: 0.048168068984523416
  view-data: 0.2300304719246924
