times:
  edit-metadata: 2.1828146278858185
  landing: 0.33506212569773197
  view-data: 0.164871109649539
