times:
  landing: 1.0757197049999832
  view-data: 0.5583155369999986
