times:
  edit-metadata: 1.3820822350680828
  landing: 0.9406575099565089
  view-data: 3.343019478023052
