times:
  landing: 0.5545182839999825
  view-data: 0.5709233840000252
