times:
  edit-metadata: 0.9736719749926124
  landing: 0.043961960007436574
  view-data: 0.21735394798452035
