times:
  edit-metadata: 1.3837018329650164
  landing: 0.8515029205009341
  view-data: 3.304075506515801
