times:
  landing: 0.5623710609999648
  view-data: 0.5641497089999916
