times:
  landing: 0.5493105449999689
  view-data: 0.555004217999965
