times:
  edit-metadata: 1.0173901980742812
  landing: 0.047895791940391064
  view-data: 0.2214930420741439
