times:
  edit-metadata: 0.8994704270153306
  landing: 0.06838613201398402
  view-data: 0.3962147549900692
