times:
  landing: 0.5616142509999804
  view-data: 0.5713245900000175
