times:
  edit-metadata: 2.3945649852976203
  landing: 0.3313999464735389
  view-data: 0.5267065539956093
