times:
  edit-metadata: 0.9944761008955538
  landing: 0.058150524739176035
  view-data: 0.2090956037864089
