times:
  edit-metadata: 1.8198212962597609
  landing: 0.01960870996117592
  view-data: 0.025689881294965744
