times:
  edit-metadata: 2.0371005088090897
  landing: 0.36423423513770103
  view-data: 0.2711028289049864
