times:
  edit-metadata: 1.0738309519947506
  landing: 0.05550660801236518
  view-data: 0.24261241999920458
