times:
  landing: 1.0748145460000273
  view-data: 0.5580154009999774
