times:
  landing: 0.5702744270000153
  view-data: 0.610896657000012
