times:
  edit-metadata: 1.8045791797339916
  landing: 0.0446707047522068
  view-data: 0.2220308668911457
