times:
  landing: 0.5478709979999792
  view-data: 0.5480545110000037
