times:
  edit-metadata: 1.9197147525846958
  landing: 0.01999850757420063
  view-data: 0.024952678009867668
