times:
  edit-metadata: 1.8625476229935884
  landing: 0.021788664162158966
  view-data: 0.024220663122832775
