times:
  edit-metadata: 0.9261039728298783
  landing: 0.048301310278475285
  view-data: 0.2306092530488968
