times:
  edit-metadata: 2.0643627736717463
  landing: 0.020912762731313705
  view-data: 0.31703794188797474
