times:
  edit-metadata: 1.4123480953276157
  landing: 2.7207585237920284
  view-data: 3.291200328618288
