times:
  edit-metadata: 1.4122445741668344
  landing: 0.8058048486709595
  view-data: 3.3237123284488916
