times:
  edit-metadata: 1.952551867812872
  landing: 0.6289224959909916
  view-data: 0.22323371656239033
