times:
  edit-metadata: 2.2380440570414066
  landing: 0.28023761510849
  view-data: 0.05674542486667633
