times:
  landing: 1.0769912850000196
  view-data: 0.564049582999985
