times:
  edit-metadata: 1.6293938532471657
  landing: 1.1153151728212833
  view-data: 3.3805532716214657
