times:
  edit-metadata: 2.1694223042577505
  landing: 0.019669530913233757
  view-data: 0.025810906663537025
