times:
  edit-metadata: 1.4228047910146415
  landing: 0.8443663008511066
  view-data: 3.3901669289916754
