times:
  landing: 0.547774172000004
  view-data: 0.5501562979999903
