times:
  edit-metadata: 1.5441110003739595
  landing: 1.3007503300905228
  view-data: 0.7830596193671227
