times:
  edit-metadata: 2.0926037803292274
  landing: 0.020463230088353157
  view-data: 0.05099217966198921
