times:
  edit-metadata: 2.2240619249641895
  landing: 0.04442276060581207
  view-data: 0.23027720674872398
