times:
  edit-metadata: 1.9147723764181137
  landing: 1.524208815768361
  view-data: 0.3318862356245518
