times:
  edit-metadata: 1.500073567032814
  landing: 1.050299033522606
  view-data: 3.356039870530367
