times:
  edit-metadata: 1.5551618710160255
  landing: 0.8201980926096439
  view-data: 3.367159493267536
