times:
  edit-metadata: 0.9326825230382383
  landing: 0.04866371536627412
  view-data: 0.2632031301036477
