times:
  edit-metadata: 1.847456875257194
  landing: 0.8306386014446616
  view-data: 3.4651145823299885
