times:
  edit-metadata: 1.5364005845040083
  landing: 0.8555748462677002
  view-data: 3.4818107914179564
