times:
  edit-metadata: 1.6082431487739086
  landing: 0.979134414345026
  view-data: 3.415087167173624
