times:
  edit-metadata: 0.9177346755750477
  landing: 0.08004310075193644
  view-data: 0.24308938812464476
