times:
  edit-metadata: 1.7817450538277626
  landing: 0.6761701311916113
  view-data: 0.22776826098561287
