times:
  edit-metadata: 1.798067007213831
  landing: 0.04757513105869293
  view-data: 0.2305937185883522
