times:
  edit-metadata: 1.416646845638752
  landing: 0.9190152809023857
  view-data: 3.350034687668085
