times:
  edit-metadata: 0.9245472569018602
  landing: 0.08095393795520067
  view-data: 0.23139176797121763
