times:
  landing: 0.549111713000002
  view-data: 0.5506261319999908
