times:
  edit-metadata: 1.8468390153720975
  landing: 0.021628467366099358
  view-data: 0.12070270348340273
