times:
  edit-metadata: 1.881986710242927
  landing: 0.024058516137301922
  view-data: 0.38973231613636017
