times:
  edit-metadata: 0.9615863600047305
  landing: 0.0475551369599998
  view-data: 0.21775510697625577
