times:
  edit-metadata: 1.4710082076489925
  landing: 0.9423954077064991
  view-data: 3.425274033099413
