times:
  edit-metadata: 1.651267720386386
  landing: 0.9597186166793108
  view-data: 3.3859146628528833
