times:
  landing: 1.0645282520000023
  view-data: 0.550692056999992
