times:
  edit-metadata: 1.5697624571621418
  landing: 0.8126968052238226
  view-data: 3.4036052357405424
