times:
  edit-metadata: 1.6055868566036224
  landing: 0.6040615290403366
  view-data: 0.345744363963604
