times:
  edit-metadata: 1.8550035022199154
  landing: 0.05553393438458443
  view-data: 0.2279467061161995
