times:
  edit-metadata: 1.9023031992837787
  landing: 0.20515955984592438
  view-data: 0.02304309606552124
