times:
  edit-metadata: 0.992310537956655
  landing: 0.05243239412084222
  view-data: 0.2219907701946795
