times:
  edit-metadata: 1.7485459186136723
  landing: 0.04275708645582199
  view-data: 0.22720005363225937
