times:
  landing: 0.5532498080000323
  view-data: 0.5569462270000258
