times:
  edit-metadata: 1.0242000361904502
  landing: 0.04781706118956208
  view-data: 0.21787588903680444
