times:
  edit-metadata: 0.9656616169959307
  landing: 0.05425737425684929
  view-data: 0.23943686950951815
