times:
  edit-metadata: 1.7797928974032402
  landing: 0.04962059482932091
  view-data: 0.22594396397471428
