times:
  edit-metadata: 2.015351777896285
  landing: 0.1509406790137291
  view-data: 0.41936362721025944
