times:
  landing: 0.5537886840000112
  view-data: 0.5587079979999885
