times:
  edit-metadata: 1.488947432488203
  landing: 0.9641467779874802
  view-data: 3.2595404237508774
