times:
  edit-metadata: 1.6367176491767168
  landing: 0.8587637711316347
  view-data: 3.368597513064742
