times:
  edit-metadata: 1.7762084119021893
  landing: 0.04114152118563652
  view-data: 0.22977830842137337
