times:
  landing: 0.5745752909999737
  view-data: 0.5613017050000053
