times:
  edit-metadata: 1.9053332284092903
  landing: 0.8215466514229774
  view-data: 0.3339542839676142
