times:
  landing: 1.0704508759999953
  view-data: 0.5620915670000386
