times:
  edit-metadata: 1.473328722990118
  landing: 0.05083408998325467
  view-data: 0.29698538000229746
