times:
  edit-metadata: 2.6396590061485767
  landing: 0.21357554011046886
  view-data: 0.4303535670042038
