times:
  edit-metadata: 1.9501925241202116
  landing: 0.7052682917565107
  view-data: 0.23398517817258835
