times:
  landing: 0.5436593279999897
  view-data: 0.55036791699996
