times:
  edit-metadata: 2.0357231620000675
  landing: 0.11937751999994362
  view-data: 0.42949436500020965
