times:
  edit-metadata: 1.0033997630234808
  landing: 0.049700376810505986
  view-data: 0.21541707403957844
