times:
  edit-metadata: 2.7754765329882503
  landing: 1.610802685841918
  view-data: 3.362375375814736
