times:
  landing: 0.5600700769999776
  view-data: 0.5641528569999537
