times:
  edit-metadata: 1.9659425374120474
  landing: 0.02266259305179119
  view-data: 0.027344916947185993
