times:
  edit-metadata: 1.4417797811329365
  landing: 0.8834819942712784
  view-data: 3.360293708741665
