times:
  edit-metadata: 2.0237888507544994
  landing: 0.5827999971807003
  view-data: 0.6265064831823111
