times:
  edit-metadata: 1.8725021071732044
  landing: 0.020844445563852787
  view-data: 0.42810157127678394
