times:
  edit-metadata: 1.5081767793744802
  landing: 0.8833450209349394
  view-data: 3.3989810757339
