times:
  landing: 1.0865782299999864
  view-data: 0.5581497090000198
