times:
  landing: 1.5895519850000142
  view-data: 0.5558666440000479
