times:
  edit-metadata: 0.9712452832609415
  landing: 0.04411936644464731
  view-data: 0.23862387146800756
