times:
  edit-metadata: 1.4779672399163246
  landing: 0.952589362859726
  view-data: 3.328939937055111
