times:
  edit-metadata: 1.4301077723503113
  landing: 0.9296159408986568
  view-data: 3.277357079088688
