times:
  edit-metadata: 1.3316920343786478
  landing: 0.7654815688729286
  view-data: 3.347900429740548
