times:
  edit-metadata: 2.222202742472291
  landing: 1.0883460436016321
  view-data: 0.6755514089018106
