times:
  edit-metadata: 1.011642934055999
  landing: 0.047618892043828964
  view-data: 0.21240515308454633
