times:
  edit-metadata: 0.9102686438709497
  landing: 0.03755915630608797
  view-data: 0.5918027134612203
