times:
  landing: 0.5501915090000011
  view-data: 0.5640141060000019
