times:
  edit-metadata: 1.4068553932011127
  landing: 0.7466566730290651
  view-data: 3.373527118936181
