times:
  edit-metadata: 1.7601502388715744
  landing: 0.04433681070804596
  view-data: 0.23098737373948097
