times:
  edit-metadata: 1.0354639370925725
  landing: 0.052861812990158796
  view-data: 0.22685752203688025
