times:
  edit-metadata: 1.8831847114488482
  landing: 0.18420858029276133
  view-data: 0.02264363970607519
