times:
  edit-metadata: 0.9099218612536788
  landing: 0.04605152364820242
  view-data: 0.24014340341091156
