times:
  edit-metadata: 1.7537207379937172
  landing: 0.049509767442941666
  view-data: 0.2261967882514
