times:
  landing: 0.549674992000007
  view-data: 0.5542017039999791
