times:
  edit-metadata: 1.7094803415238857
  landing: 1.0315139088779688
  view-data: 3.4298957530409098
