times:
  edit-metadata: 0.960724517237395
  landing: 0.04707083012908697
  view-data: 0.23137763002887368
