times:
  edit-metadata: 0.9368047108873725
  landing: 0.04758864315226674
  view-data: 0.21848035417497158
