times:
  edit-metadata: 1.6038894839584827
  landing: 0.8709460273385048
  view-data: 3.4125008173286915
