times:
  landing: 0.5642094390000238
  view-data: 0.5585898389999784
