times:
  edit-metadata: 1.901508891955018
  landing: 0.02305668778717518
  view-data: 0.025554759427905083
