times:
  edit-metadata: 1.8540553487837315
  landing: 0.7452361416071653
  view-data: 0.23987005092203617
