times:
  edit-metadata: 1.5065607074648142
  landing: 0.9013291038572788
  view-data: 3.3844683691859245
