times:
  edit-metadata: 0.9154285199474543
  landing: 0.04712202097289264
  view-data: 0.2721075650770217
