times:
  edit-metadata: 0.97783526731655
  landing: 0.05314516322687268
  view-data: 0.21222786605358124
