times:
  edit-metadata: 0.9619660922326148
  landing: 0.045843012165278196
  view-data: 0.21349375089630485
