times:
  edit-metadata: 0.9485551556572318
  landing: 0.05134819122031331
  view-data: 0.2203743546269834
