times:
  edit-metadata: 1.9456399455666542
  landing: 0.16291462257504463
  view-data: 0.520518122240901
