times:
  edit-metadata: 2.1221724804490805
  landing: 0.5401090737432241
  view-data: 0.23000100068747997
