times:
  edit-metadata: 0.9542638300918043
  landing: 0.045586977154016495
  view-data: 0.22041297517716885
