times:
  edit-metadata: 1.8317903159186244
  landing: 0.023037000559270382
  view-data: 0.12411905080080032
