times:
  landing: 0.5547254740000085
  view-data: 0.5588833699999896
