times:
  edit-metadata: 2.011212522163987
  landing: 0.021029768511652946
  view-data: 0.12636252492666245
