times:
  edit-metadata: 2.309416494332254
  landing: 0.2624126058071852
  view-data: 0.3938810331746936
