times:
  edit-metadata: 1.9488536082208157
  landing: 1.4926125518977642
  view-data: 0.8024234678596258
