times:
  edit-metadata: 1.5019790679216385
  landing: 0.7936549447476864
  view-data: 3.348752638325095
