times:
  edit-metadata: 1.427613154053688
  landing: 0.9448545197956264
  view-data: 3.333473169244826
