times:
  edit-metadata: 1.9186409683898091
  landing: 0.018191281706094742
  view-data: 0.47489766404032707
