times:
  edit-metadata: 1.4383600624278188
  landing: 0.8362110583111644
  view-data: 3.3710196623578668
