times:
  edit-metadata: 1.7091758586466312
  landing: 0.9048590138554573
  view-data: 3.4307135827839375
