times:
  edit-metadata: 1.6234914306551218
  landing: 0.9124659970402718
  view-data: 3.4106269534677267
