times:
  edit-metadata: 1.4972565583884716
  landing: 0.7228026054799557
  view-data: 3.3715315982699394
