times:
  edit-metadata: 0.9784072779875714
  landing: 0.051385964994551614
  view-data: 0.23961383299320005
