times:
  edit-metadata: 1.8579355189576745
  landing: 0.019981354475021362
  view-data: 0.0257044630125165
