times:
  edit-metadata: 1.7310858592391014
  landing: 0.9932519011199474
  view-data: 3.3494483828544617
