times:
  edit-metadata: 1.9626382645219564
  landing: 0.1294504813849926
  view-data: 0.45179000962525606
