times:
  edit-metadata: 1.9082384565845132
  landing: 0.019535872153937817
  view-data: 0.47446630150079727
