times:
  edit-metadata: 1.5465444307774305
  landing: 0.7620049137622118
  view-data: 3.394032886251807
