times:
  edit-metadata: 1.9542015679180622
  landing: 0.5756501164287329
  view-data: 0.6428206786513329
