times:
  landing: 0.5562371690000418
  view-data: 0.05078834299996515
