times:
  edit-metadata: 1.738645263016224
  landing: 1.1269018677994609
  view-data: 3.479872031137347
