times:
  landing: 0.5445565580000107
  view-data: 0.5488117030000126
