times:
  edit-metadata: 1.546367870643735
  landing: 0.9403047598898411
  view-data: 3.332921139895916
