times:
  edit-metadata: 1.9040253851562738
  landing: 0.019860828295350075
  view-data: 0.1290306095033884
