times:
  edit-metadata: 0.9820193618070334
  landing: 0.05334489978849888
  view-data: 0.20819565700367093
