times:
  landing: 0.556078011000011
  view-data: 0.5581103890000065
