times:
  landing: 0.5533519319999982
  view-data: 0.5884866960000181
