times:
  edit-metadata: 1.889534279704094
  landing: 0.020757708698511124
  view-data: 0.14331370033323765
