times:
  edit-metadata: 2.1823668126016855
  landing: 0.16784135065972805
  view-data: 0.02801801823079586
