times:
  edit-metadata: 1.0254152270499617
  landing: 0.04923455906100571
  view-data: 0.2358255961444229
