times:
  edit-metadata: 2.1394174993038177
  landing: 0.041692448779940605
  view-data: 0.25201297737658024
