times:
  edit-metadata: 0.9495314180385321
  landing: 0.06250111100962386
  view-data: 0.24438769597327337
