times:
  edit-metadata: 0.9336434733122587
  landing: 0.04865934792906046
  view-data: 0.21479419572278857
