times:
  edit-metadata: 1.934626498259604
  landing: 0.11927240621298552
  view-data: 0.025738765485584736
