times:
  landing: 0.5441222450000396
  view-data: 0.5521321489999309
