times:
  landing: 0.5549191740000197
  view-data: 0.5606886639999971
