times:
  landing: 0.5526936250000176
  view-data: 0.5771925359999841
