times:
  edit-metadata: 2.480861831456423
  landing: 1.100280875340104
  view-data: 3.5259423162788153
