times:
  edit-metadata: 0.9331858169753104
  landing: 0.06111865595448762
  view-data: 0.23896235693246126
