times:
  edit-metadata: 0.9456033400492743
  landing: 0.040302365901879966
  view-data: 0.21897977497428656
