times:
  edit-metadata: 2.1231248565018177
  landing: 0.21349704824388027
  view-data: 0.2606415655463934
