times:
  edit-metadata: 1.8948716316372156
  landing: 1.1508897487074137
  view-data: 3.4261488635092974
