times:
  edit-metadata: 1.117096242000116
  landing: 0.04673026001546532
  view-data: 0.37884163099806756
