times:
  edit-metadata: 2.287005804479122
  landing: 0.19874265231192112
  view-data: 0.48160676285624504
