times:
  landing: 1.077206359999991
  view-data: 0.5550699970000323
