times:
  edit-metadata: 1.4280259851366282
  landing: 0.930362849496305
  view-data: 3.4091795226559043
