times:
  landing: 0.5495633289999944
  view-data: 0.05485364299997286
