times:
  edit-metadata: 1.8780012484639883
  landing: 1.2065958231687546
  view-data: 0.5880633853375912
