times:
  edit-metadata: 0.9266751413233578
  landing: 0.08064442966133356
  view-data: 0.24866216396912932
