times:
  edit-metadata: 1.9219506196677685
  landing: 0.022041862830519676
  view-data: 0.024104870855808258
