times:
  landing: 1.0687940599999592
  view-data: 0.5629014720000214
