times:
  landing: 1.0797891700000264
  view-data: 0.5654260819999877
