times:
  edit-metadata: 2.1003191508352757
  landing: 0.6754755228757858
  view-data: 0.23895094357430935
