times:
  edit-metadata: 1.5285033844411373
  landing: 0.6077937595546246
  view-data: 0.2765878550708294
