times:
  edit-metadata: 1.5467778202146292
  landing: 0.8472624402493238
  view-data: 3.4190002847462893
