times:
  edit-metadata: 1.9441177658736706
  landing: 0.018794506788253784
  view-data: 0.09445074945688248
