times:
  edit-metadata: 1.117609407985583
  landing: 0.04574608686380088
  view-data: 0.21883130492642522
