times:
  edit-metadata: 0.9525634017772973
  landing: 0.0642686104401946
  view-data: 0.21459344727918506
