times:
  edit-metadata: 1.8594651063904166
  landing: 0.021791945211589336
  view-data: 0.027569870464503765
