times:
  landing: 0.5546706260000178
  view-data: 0.06616432200002009
