times:
  edit-metadata: 1.938559320755303
  landing: 0.022319921292364597
  view-data: 0.10588094778358936
