times:
  edit-metadata: 2.80482680500063
  landing: 0.34775793999870075
  view-data: 0.45048885100186453
