times:
  edit-metadata: 1.4887076057493687
  landing: 0.9344274289906025
  view-data: 3.329176854342222
