times:
  landing: 0.5531321349999985
  view-data: 0.5601037810000093
