times:
  edit-metadata: 1.6053727809339762
  landing: 1.1197595167905092
  view-data: 3.3445869479328394
