times:
  edit-metadata: 1.912656083703041
  landing: 0.019358938559889793
  view-data: 0.12359552923589945
