times:
  edit-metadata: 1.920134287327528
  landing: 0.0564957931637764
  view-data: 0.23878692463040352
