times:
  edit-metadata: 1.915908153168857
  landing: 0.019778743386268616
  view-data: 0.027363005094230175
