times:
  edit-metadata: 1.4952389597892761
  landing: 1.0104079134762287
  view-data: 3.3913367204368114
