times:
  edit-metadata: 0.9747407790273428
  landing: 0.04634486301802099
  view-data: 0.21958471802645363
