times:
  edit-metadata: 1.526047170162201
  landing: 0.7957292385399342
  view-data: 3.364477828145027
