times:
  edit-metadata: 2.1289501450955868
  landing: 0.019775209948420525
  view-data: 0.28211531788110733
