times:
  edit-metadata: 1.4417118690907955
  landing: 0.9751997627317905
  view-data: 3.3883352503180504
