times:
  edit-metadata: 2.584561152383685
  landing: 0.23019750602543354
  view-data: 0.20213018357753754
