times:
  edit-metadata: 1.1294897769985255
  landing: 0.0759800510131754
  view-data: 0.30679692400735803
