times:
  landing: 0.550111945000026
  view-data: 0.5617307259999507
