times:
  landing: 1.0677041859999576
  view-data: 0.5527659400000289
