times:
  edit-metadata: 1.2050064192153513
  landing: 0.05601939279586077
  view-data: 0.21738800732418895
