times:
  edit-metadata: 1.8865058589726686
  landing: 0.021408043801784515
  view-data: 0.12196758389472961
