times:
  edit-metadata: 1.9067794438451529
  landing: 0.8306921515613794
  view-data: 0.3229575827717781
