times:
  edit-metadata: 0.9921659869141877
  landing: 0.03587074996903539
  view-data: 0.2064689202234149
