times:
  edit-metadata: 0.9396863277070224
  landing: 0.050694836769253016
  view-data: 0.2290743230842054
