times:
  edit-metadata: 2.4782789112068713
  landing: 1.4652877748012543
  view-data: 3.5980968703515828
