times:
  edit-metadata: 0.9390264590037987
  landing: 0.04181600199081004
  view-data: 0.2168364890385419
