times:
  edit-metadata: 2.294089738279581
  landing: 1.636082086712122
  view-data: 3.425613474100828
