times:
  edit-metadata: 2.0059293769299984
  landing: 0.582218412309885
  view-data: 0.2318916916847229
