times:
  edit-metadata: 1.9694051630795002
  landing: 0.1972500216215849
  view-data: 0.32853540405631065
