times:
  edit-metadata: 1.6133160218596458
  landing: 1.1387937627732754
  view-data: 3.377604369074106
