times:
  edit-metadata: 2.1748286290094256
  landing: 0.022925445809960365
  view-data: 0.02755917329341173
