times:
  edit-metadata: 0.9518821821548045
  landing: 0.051163538824766874
  view-data: 0.2313506812788546
