times:
  edit-metadata: 1.4962295908480883
  landing: 0.7220921609550714
  view-data: 3.348406882956624
