times:
  edit-metadata: 1.9795572385191917
  landing: 0.8237745091319084
  view-data: 3.527338556945324
