times:
  landing: 0.5542011910000042
  view-data: 0.5554858730000092
