times:
  edit-metadata: 1.534896256402135
  landing: 0.8353983089327812
  view-data: 3.389291327446699
