times:
  landing: 0.5488581870000644
  view-data: 0.5575292419999869
