times:
  edit-metadata: 0.9596943189390004
  landing: 0.0485719651915133
  view-data: 0.21237334609031677
