times:
  edit-metadata: 1.0297863315790892
  landing: 0.05004377104341984
  view-data: 0.2219235859811306
