times:
  edit-metadata: 1.5448403991758823
  landing: 0.6551035717129707
  view-data: 0.22421205416321754
