times:
  edit-metadata: 1.5461920946836472
  landing: 0.8466290980577469
  view-data: 3.398058867082
