times:
  edit-metadata: 1.4455644320696592
  landing: 0.058420895133167505
  view-data: 0.2930739508010447
