times:
  edit-metadata: 0.9562184102833271
  landing: 0.044317944906651974
  view-data: 0.22454028949141502
