times:
  landing: 0.5502922399999761
  view-data: 0.054838805999992246
