times:
  edit-metadata: 3.1241874657571316
  landing: 2.0589101407676935
  view-data: 3.7922747042030096
