times:
  edit-metadata: 2.2589477971196175
  landing: 0.045136853121221066
  view-data: 0.028837554156780243
