times:
  edit-metadata: 1.8429203229025006
  landing: 0.023296505212783813
  view-data: 0.13567536510527134
