times:
  edit-metadata: 1.4775939481332898
  landing: 0.832000870257616
  view-data: 3.3983152927830815
