times:
  landing: 0.5501411279999502
  view-data: 0.5486380489999192
