times:
  edit-metadata: 1.7983024176210165
  landing: 0.47688610292971134
  view-data: 0.32064088247716427
