times:
  landing: 0.5473750039999459
  view-data: 0.5565614059999007
