times:
  edit-metadata: 1.2376089342869818
  landing: 0.041269646026194096
  view-data: 0.23697828454896808
