times:
  edit-metadata: 0.9612095868214965
  landing: 0.03643007203936577
  view-data: 0.20828079106286168
