times:
  edit-metadata: 1.034358428005362
  landing: 0.06320233499718597
  view-data: 0.2414248100030818
