times:
  edit-metadata: 1.003805660060607
  landing: 0.048978028004057705
  view-data: 0.24577776493970305
