times:
  edit-metadata: 1.0414626689162105
  landing: 0.04893900500610471
  view-data: 0.24370784987695515
