times:
  edit-metadata: 1.5221158377826214
  landing: 0.830748213455081
  view-data: 3.4169061072170734
