times:
  edit-metadata: 1.8674727641046047
  landing: 0.04013773426413536
  view-data: 0.22412146255373955
