times:
  edit-metadata: 2.051284077577293
  landing: 0.15045235585421324
  view-data: 0.3891422990709543
