times:
  edit-metadata: 1.002072419039905
  landing: 0.05377571750432253
  view-data: 0.2224371386691928
