times:
  edit-metadata: 1.9687911085784435
  landing: 0.15155657567083836
  view-data: 0.3641587272286415
