times:
  edit-metadata: 2.0223005330190063
  landing: 0.22568049747496843
  view-data: 0.022974330000579357
