times:
  edit-metadata: 1.4469435214996338
  landing: 0.9861015751957893
  view-data: 3.324898097664118
