times:
  edit-metadata: 0.9232170023024082
  landing: 0.058941314928233624
  view-data: 0.22001503873616457
