times:
  edit-metadata: 1.0085102557204664
  landing: 0.04037115629762411
  view-data: 0.22138158697634935
