times:
  landing: 0.5476440850000017
  view-data: 0.5544864449999807
