times:
  landing: 0.548364945000003
  view-data: 0.5585358460000407
