times:
  edit-metadata: 0.9895744696259499
  landing: 0.044257580768316984
  view-data: 0.2160118971951306
