times:
  edit-metadata: 1.9218036569654942
  landing: 0.022147717885673046
  view-data: 0.027319643646478653
