times:
  edit-metadata: 1.8859202284365892
  landing: 0.021220823749899864
  view-data: 0.023756610229611397
