times:
  edit-metadata: 1.720094371587038
  landing: 1.2134094573557377
  view-data: 3.4496971666812897
