times:
  edit-metadata: 2.3792873676866293
  landing: 0.2764098886400461
  view-data: 0.3168246801942587
