times:
  edit-metadata: 1.296449791174382
  landing: 0.04077472724020481
  view-data: 0.3626788812689483
