times:
  landing: 1.0565418249999823
  view-data: 0.5495492629999887
