times:
  edit-metadata: 1.9127957317978144
  landing: 0.8450783360749483
  view-data: 0.3230357691645622
