times:
  landing: 0.5521958520000112
  view-data: 0.554620878999998
