times:
  edit-metadata: 1.9213174302130938
  landing: 0.661993995308876
  view-data: 0.6476548220962286
