times:
  edit-metadata: 1.9308105483651161
  landing: 0.5504534710198641
  view-data: 0.23556871339678764
