times:
  landing: 0.5583791070000075
  view-data: 0.5609962089999954
