times:
  landing: 1.5933001729999887
  view-data: 0.569674708999969
