times:
  edit-metadata: 0.9496710784733295
  landing: 0.04693954810500145
  view-data: 0.22454992309212685
