times:
  edit-metadata: 0.9051712295040488
  landing: 0.040589988231658936
  view-data: 0.21928401943296194
