times:
  landing: 1.1155450330115855
  view-data: 0.5521754920482635
