times:
  landing: 0.5497875490000013
  view-data: 0.5522948040000131
