times:
  edit-metadata: 0.9360886249924079
  landing: 0.07407761993817985
  view-data: 0.2513998079812154
