times:
  edit-metadata: 0.9674200210138224
  landing: 0.045992345025297254
  view-data: 0.21486182499211282
