times:
  edit-metadata: 2.0106721359770745
  landing: 0.027460641984362155
  view-data: 0.031161748978774995
