times:
  edit-metadata: 1.5353031288832426
  landing: 0.6300315614789724
  view-data: 0.21012465097010136
