times:
  landing: 0.5533475739999858
  view-data: 0.564347773999998
