times:
  edit-metadata: 1.5732524544000626
  landing: 0.8289694562554359
  view-data: 3.411347594112158
