times:
  landing: 1.0985237439999764
  view-data: 0.5627715819999821
