times:
  edit-metadata: 1.7959191650152206
  landing: 0.047048866748809814
  view-data: 0.2374671883881092
