times:
  landing: 0.549209215000019
  view-data: 0.5595834609999883
