times:
  edit-metadata: 1.9013769887387753
  landing: 1.1591373421251774
  view-data: 0.6354645993560553
