times:
  edit-metadata: 1.4543714001774788
  landing: 1.0718977190554142
  view-data: 3.386135198175907
