times:
  edit-metadata: 1.6011044849874452
  landing: 0.8411802299087867
  view-data: 3.3826761870877817
