times:
  edit-metadata: 1.9200503919273615
  landing: 1.440799405798316
  view-data: 0.36004350520670414
