times:
  edit-metadata: 1.9958856515586376
  landing: 0.021386416628956795
  view-data: 0.1402246654033661
