times:
  edit-metadata: 0.9160608970560133
  landing: 0.08029703609645367
  view-data: 0.23726801783777773
