times:
  edit-metadata: 0.9814553079195321
  landing: 0.04348358092829585
  view-data: 0.21752688800916076
