times:
  edit-metadata: 1.0089833850506693
  landing: 0.04818744596559554
  view-data: 0.21456365706399083
