times:
  edit-metadata: 2.248481271788478
  landing: 0.02271404303610325
  view-data: 0.02447565644979477
