times:
  edit-metadata: 0.9862713413313031
  landing: 0.056631822139024734
  view-data: 0.2140021389350295
