times:
  edit-metadata: 0.9389791479334235
  landing: 0.05882313475012779
  view-data: 0.2414795607328415
