times:
  landing: 0.5465201950000278
  view-data: 0.04149244200004887
