times:
  edit-metadata: 1.9032119046896696
  landing: 0.019137896597385406
  view-data: 0.4218414044007659
