times:
  edit-metadata: 1.9009217023849487
  landing: 0.01992229651659727
  view-data: 0.02691713720560074
