times:
  edit-metadata: 0.9183593309717253
  landing: 0.04843148204963654
  view-data: 0.2234514580341056
