times:
  edit-metadata: 0.9171431141439825
  landing: 0.047514589969068766
  view-data: 0.2453890850301832
