times:
  edit-metadata: 2.2808848787099123
  landing: 1.316307444125414
  view-data: 3.4981778357177973
