times:
  edit-metadata: 0.9390214879531413
  landing: 0.054846434155479074
  view-data: 0.20696041686460376
