times:
  edit-metadata: 0.9329318779055029
  landing: 0.06909870100207627
  view-data: 0.24838155298493803
