times:
  edit-metadata: 2.2066867370158434
  landing: 0.15615182742476463
  view-data: 0.2882303521037102
