times:
  edit-metadata: 1.9306093286722898
  landing: 0.5720178335905075
  view-data: 0.6402246803045273
