times:
  landing: 0.5406085500000017
  view-data: 0.5451653470000224
