times:
  edit-metadata: 0.9533802741207182
  landing: 0.07171766902320087
  view-data: 0.2168623087927699
