times:
  edit-metadata: 1.2105702483095229
  landing: 0.1425821571610868
  view-data: 0.2755981869995594
