times:
  edit-metadata: 0.9988058260641992
  landing: 0.049671177752316
  view-data: 0.22744878428056836
