times:
  edit-metadata: 1.8646988309919834
  landing: 0.02353829052299261
  view-data: 0.46736374869942665
