times:
  edit-metadata: 1.9551512338221073
  landing: 0.05868423730134964
  view-data: 0.22861242666840553
