times:
  edit-metadata: 1.4846954010426998
  landing: 1.0308803878724575
  view-data: 3.3204274997115135
