times:
  edit-metadata: 0.9914024020545185
  landing: 0.050186948967166245
  view-data: 0.22492483002133667
