times:
  landing: 0.5507593579999934
  view-data: 0.5662880689999952
