times:
  edit-metadata: 1.8731632074341178
  landing: 0.0219644783064723
  view-data: 0.02487707044929266
