times:
  edit-metadata: 0.9792178869247437
  landing: 0.045003537088632584
  view-data: 0.2087014438584447
