times:
  edit-metadata: 1.3494546310976148
  landing: 0.8235059499274939
  view-data: 3.4289490620139986
