times:
  edit-metadata: 0.9544327664189041
  landing: 0.04976382525637746
  view-data: 0.22418835619464517
