times:
  landing: 0.5538238070000148
  view-data: 0.5567254460000299
