times:
  edit-metadata: 1.5654942505061626
  landing: 1.0266421735286713
  view-data: 3.364550791680813
