times:
  edit-metadata: 1.8350225016474724
  landing: 0.045752111822366714
  view-data: 0.21914653852581978
