times:
  edit-metadata: 1.4587387684732676
  landing: 0.8697182238101959
  view-data: 0.22534671425819397
