times:
  edit-metadata: 1.5290594026446342
  landing: 0.9239613935351372
  view-data: 3.390839073807001
