times:
  edit-metadata: 1.8686716817319393
  landing: 1.0899638142436743
  view-data: 0.6265071742236614
