times:
  edit-metadata: 0.9819847652688622
  landing: 0.05079537723213434
  view-data: 0.22689325269311666
