times:
  edit-metadata: 0.9858534630620852
  landing: 0.04260570008773357
  view-data: 0.21128878800664097
