times:
  edit-metadata: 1.7206286862492561
  landing: 1.192783709615469
  view-data: 3.3973904363811016
