times:
  edit-metadata: 1.7551490105688572
  landing: 0.041761454194784164
  view-data: 0.22238624468445778
