times:
  edit-metadata: 0.9324434502050281
  landing: 0.06295815389603376
  view-data: 0.23664536885917187
