times:
  edit-metadata: 1.470113405957818
  landing: 0.8232922032475471
  view-data: 3.2915050853043795
