times:
  edit-metadata: 2.81322867795825
  landing: 0.17056376859545708
  view-data: 0.11884595081210136
