times:
  landing: 1.0721679220000624
  view-data: 0.5657953779999616
