times:
  edit-metadata: 0.9849292410071939
  landing: 0.07731010601855814
  view-data: 0.26492986094672233
