times:
  edit-metadata: 1.8970968574285507
  landing: 0.024459856562316418
  view-data: 0.02705917228013277
