times:
  landing: 0.5461028429999999
  view-data: 0.553151320999973
