times:
  edit-metadata: 3.7999515999108553
  landing: 0.30955409444868565
  view-data: 0.4896657820791006
