times:
  edit-metadata: 1.8380958838388324
  landing: 0.023490941151976585
  view-data: 0.1135664563626051
