times:
  landing: 0.5518356719999815
  view-data: 0.5545606299999974
