times:
  edit-metadata: 0.9741025120019913
  landing: 0.04783172067254782
  view-data: 0.22836983948946
