times:
  edit-metadata: 1.8690649885684252
  landing: 0.616391658782959
  view-data: 0.3261645156890154
