times:
  edit-metadata: 2.064478133106604
  landing: 0.8486248641274869
  view-data: 3.3478350839577615
