times:
  edit-metadata: 1.8922999538481236
  landing: 0.044366199523210526
  view-data: 0.22375762462615967
