times:
  edit-metadata: 1.400051353033632
  landing: 0.9197972980327904
  view-data: 3.418762574903667
