times:
  edit-metadata: 0.9999238480231725
  landing: 0.05359322496224195
  view-data: 0.2724801829899661
