times:
  edit-metadata: 1.5108649265021086
  landing: 0.7414975669234991
  view-data: 3.3452034406363964
