times:
  landing: 0.5518731099999741
  view-data: 0.5561652349999804
