times:
  edit-metadata: 1.0227523539942922
  landing: 0.0491644779976923
  view-data: 0.2749647210002877
