times:
  edit-metadata: 0.9968032417818904
  landing: 0.05025879107415676
  view-data: 0.2383870999328792
