times:
  edit-metadata: 1.3211843241006136
  landing: 0.11334691988304257
  view-data: 0.2608145368285477
