times:
  edit-metadata: 0.9287767929490656
  landing: 0.04763390799053013
  view-data: 0.22028918890282512
