times:
  edit-metadata: 1.4753841077908874
  landing: 0.8486914839595556
  view-data: 3.392052504234016
