times:
  edit-metadata: 1.4810464456677437
  landing: 0.7652732953429222
  view-data: 3.4206009823828936
