times:
  edit-metadata: 1.9128423789516091
  landing: 0.021073032170534134
  view-data: 0.49143660720437765
