times:
  edit-metadata: 1.4120907820761204
  landing: 0.8646273724734783
  view-data: 3.3452745117247105
