times:
  edit-metadata: 1.862684866413474
  landing: 0.027089792303740978
  view-data: 0.1255737254396081
