times:
  landing: 0.5471847890000276
  view-data: 0.5525685439999961
