times:
  edit-metadata: 1.984054697677493
  landing: 0.019290597178041935
  view-data: 0.4159102560952306
