times:
  landing: 0.5479275049999615
  view-data: 0.5644537090000199
