times:
  edit-metadata: 1.7756688669323921
  landing: 0.047576624900102615
  view-data: 0.22582676261663437
