times:
  edit-metadata: 0.96976370702032
  landing: 0.0419094969984144
  view-data: 0.21482316200854257
