times:
  edit-metadata: 0.9755135260056704
  landing: 0.047942782985046506
  view-data: 0.24869993200991303
