times:
  edit-metadata: 1.1275209430605173
  landing: 0.09985013725236058
  view-data: 0.2859237249940634
