times:
  edit-metadata: 1.4892745576798916
  landing: 0.9310388155281544
  view-data: 3.295633740723133
