times:
  edit-metadata: 1.1098298010183498
  landing: 0.050783234008122236
  view-data: 0.22095831501064822
