times:
  edit-metadata: 2.0625156238675117
  landing: 0.02181597240269184
  view-data: 0.025794735178351402
