times:
  edit-metadata: 1.3623030539602041
  landing: 0.8320753229781985
  view-data: 3.402756140101701
