times:
  edit-metadata: 1.974437279626727
  landing: 0.018636133521795273
  view-data: 0.02308519557118416
