times:
  landing: 1.0792013360000396
  view-data: 0.559092521000025
