times:
  edit-metadata: 1.490909341024235
  landing: 0.8718973459908739
  view-data: 3.364765899023041
