times:
  landing: 0.5402503660000093
  view-data: 0.5500836209999989
