times:
  edit-metadata: 1.1742576810065657
  landing: 0.07799561182036996
  view-data: 0.24229738279245794
