times:
  edit-metadata: 1.5101433470845222
  landing: 0.7585145458579063
  view-data: 3.3529868088662624
