times:
  edit-metadata: 1.904704624786973
  landing: 1.6142366845160723
  view-data: 0.34012409299612045
