times:
  edit-metadata: 1.4119981545954943
  landing: 1.1962388986721635
  view-data: 3.3016938911750913
