times:
  edit-metadata: 2.2919856067746878
  landing: 0.023096447810530663
  view-data: 0.044226452708244324
