times:
  edit-metadata: 1.3935232548974454
  landing: 0.806109684985131
  view-data: 3.363732404075563
