times:
  landing: 0.5458783580000386
  view-data: 0.5515982850000114
