times:
  edit-metadata: 0.9559158510528505
  landing: 0.03881950117647648
  view-data: 0.2173147730063647
