times:
  landing: 0.5605828060000135
  view-data: 0.560314309999967
