times:
  edit-metadata: 1.956470163539052
  landing: 0.02086789719760418
  view-data: 0.11648459918797016
