times:
  edit-metadata: 2.5815276484936476
  landing: 0.21575219929218292
  view-data: 0.02756079100072384
