times:
  edit-metadata: 1.724386915564537
  landing: 0.04058465734124184
  view-data: 0.22934308648109436
