times:
  edit-metadata: 2.0302214566618204
  landing: 0.018015705980360508
  view-data: 0.02860259637236595
