times:
  edit-metadata: 1.0043431078083813
  landing: 0.05287672206759453
  view-data: 0.21187200187705457
