times:
  edit-metadata: 0.9483752690721303
  landing: 0.04650922794826329
  view-data: 0.22728731320239604
