times:
  edit-metadata: 1.8688774462789297
  landing: 0.571131456643343
  view-data: 0.3402833081781864
