times:
  edit-metadata: 2.0657186415046453
  landing: 0.36425785534083843
  view-data: 0.33131699450314045
