times:
  edit-metadata: 1.735365955159068
  landing: 1.1258911546319723
  view-data: 3.5111934300512075
