times:
  edit-metadata: 1.0364215029985644
  landing: 0.0554745810222812
  view-data: 0.20480749296257272
