times:
  landing: 1.0844673230000126
  view-data: 0.5582336830000258
