times:
  edit-metadata: 0.9901435270439833
  landing: 0.04551227390766144
  view-data: 0.20231306203640997
