times:
  edit-metadata: 0.9678479670546949
  landing: 0.04386540176346898
  view-data: 0.2149096461944282
