times:
  edit-metadata: 1.4229027591645718
  landing: 0.802068343386054
  view-data: 3.300465703010559
