times:
  edit-metadata: 0.9344370749313384
  landing: 0.08512692106887698
  view-data: 0.26045784703455865
