times:
  edit-metadata: 0.9798510610125959
  landing: 0.06422853795811534
  view-data: 0.24890763987787068
