times:
  edit-metadata: 1.8712128419429064
  landing: 1.5286672580987215
  view-data: 0.32928177155554295
