times:
  edit-metadata: 1.0060732760466635
  landing: 0.045251517090946436
  view-data: 0.26235102815553546
