times:
  edit-metadata: 1.542121959850192
  landing: 0.8410242088139057
  view-data: 3.4543337747454643
