times:
  edit-metadata: 1.9204537104815245
  landing: 0.019447372294962406
  view-data: 0.2589360484853387
