times:
  edit-metadata: 1.880717963911593
  landing: 0.12339809630066156
  view-data: 0.12232052907347679
