times:
  edit-metadata: 1.9588436726480722
  landing: 0.1276629287749529
  view-data: 0.23384436964988708
