times:
  edit-metadata: 1.4802710739895701
  landing: 0.9167386521585286
  view-data: 3.464678506134078
