times:
  edit-metadata: 1.9894729852676392
  landing: 1.5229128114879131
  view-data: 0.34980167262256145
