times:
  edit-metadata: 1.5332140512764454
  landing: 0.5702900923788548
  view-data: 0.5999602526426315
