times:
  edit-metadata: 1.3890896309167147
  landing: 0.933940377086401
  view-data: 3.2990078009897843
