times:
  edit-metadata: 1.5394509434700012
  landing: 1.0103379003703594
  view-data: 3.461952831596136
