times:
  edit-metadata: 1.7690644524991512
  landing: 0.049788445234298706
  view-data: 0.23095767199993134
