times:
  edit-metadata: 2.066398444585502
  landing: 0.021492921747267246
  view-data: 0.023533545434474945
