times:
  edit-metadata: 1.8909290246665478
  landing: 0.5841059572994709
  view-data: 0.2403820063918829
