times:
  edit-metadata: 1.0148054463788867
  landing: 0.0532895727083087
  view-data: 0.22969091963022947
