times:
  edit-metadata: 0.9642372857779264
  landing: 0.046414013020694256
  view-data: 0.26513372687622905
