times:
  landing: 1.0722927609999715
  view-data: 0.6153845140000271
