times:
  edit-metadata: 1.6539988331496716
  landing: 0.8035130016505718
  view-data: 3.2644276171922684
