times:
  edit-metadata: 1.3482506647706032
  landing: 0.8635981343686581
  view-data: 3.3062780164182186
