times:
  edit-metadata: 1.0087166111916304
  landing: 0.04830014891922474
  view-data: 0.2217088802717626
