times:
  edit-metadata: 1.8809022540226579
  landing: 0.02168735396116972
  view-data: 0.13530411384999752
