times:
  edit-metadata: 2.0979856699705124
  landing: 0.019772276282310486
  view-data: 0.14586327970027924
