times:
  edit-metadata: 0.9788433839567006
  landing: 0.044246567878872156
  view-data: 0.21922189369797707
