times:
  edit-metadata: 1.546593764796853
  landing: 0.9391225408762693
  view-data: 3.390911865979433
