times:
  edit-metadata: 1.139574698638171
  landing: 0.10394779313355684
  view-data: 0.376458786893636
