times:
  edit-metadata: 1.7114100437611341
  landing: 0.9201476871967316
  view-data: 3.333515165373683
