times:
  edit-metadata: 0.9312506732530892
  landing: 0.05755796795710921
  view-data: 0.2188519947230816
