times:
  edit-metadata: 1.4502473212778568
  landing: 0.9254553727805614
  view-data: 3.2978247068822384
