times:
  edit-metadata: 1.2695450126193464
  landing: 0.08231798466295004
  view-data: 0.22949893632903695
