times:
  edit-metadata: 1.619502604007721
  landing: 0.9334829114377499
  view-data: 3.326801121234894
