times:
  edit-metadata: 2.2497570235282183
  landing: 0.20793113484978676
  view-data: 0.40624314919114113
