times:
  edit-metadata: 1.5935679394751787
  landing: 0.5016558598726988
  view-data: 0.23008123226463795
