times:
  edit-metadata: 1.65208400785923
  landing: 0.8832501005381346
  view-data: 0.3504672907292843
