times:
  edit-metadata: 1.4837985350750387
  landing: 0.08493304601870477
  view-data: 0.3433778390754014
