times:
  edit-metadata: 0.9039733089739457
  landing: 0.07793520193081349
  view-data: 0.23114031297154725
