times:
  edit-metadata: 1.9187621213495731
  landing: 0.01889793761074543
  view-data: 0.4219028949737549
