times:
  edit-metadata: 0.9672900792211294
  landing: 0.04570859298110008
  view-data: 0.23185623064637184
