times:
  edit-metadata: 1.0792014650069177
  landing: 0.06529898708686233
  view-data: 0.2474983837455511
