times:
  edit-metadata: 0.9289751020114636
  landing: 0.038907751004444435
  view-data: 0.21018131099117454
