times:
  edit-metadata: 1.9323763772845268
  landing: 0.049888333305716515
  view-data: 0.2403663732111454
