times:
  edit-metadata: 1.8160237930715084
  landing: 0.0211821086704731
  view-data: 0.11751678679138422
