times:
  edit-metadata: 1.6986247412860394
  landing: 0.04907052591443062
  view-data: 0.23154253885149956
