times:
  edit-metadata: 0.9369841669686139
  landing: 0.03865394007880241
  view-data: 0.2163500350434333
