times:
  edit-metadata: 1.652346145361662
  landing: 1.0946881994605064
  view-data: 3.478170946240425
