times:
  edit-metadata: 1.6130912825465202
  landing: 0.9583844793960452
  view-data: 3.381002745591104
