times:
  edit-metadata: 1.1110643899883144
  landing: 0.047956763999536633
  view-data: 0.2639416229794733
