times:
  edit-metadata: 4.052816914394498
  landing: 0.052152594551444054
  view-data: 0.055523552000522614
