times:
  landing: 0.5478038850000075
  view-data: 0.554802331000019
