times:
  edit-metadata: 1.6486737951636314
  landing: 0.9634115230292082
  view-data: 3.3624718580394983
