times:
  edit-metadata: 1.0092017371207476
  landing: 0.044885696144774556
  view-data: 0.21189078502357006
