times:
  edit-metadata: 2.3122668154537678
  landing: 0.29886345379054546
  view-data: 0.3912872988730669
