times:
  edit-metadata: 0.9170798719860613
  landing: 0.045987230725586414
  view-data: 0.2276982511393726
