times:
  edit-metadata: 0.9615607401356101
  landing: 0.047936116345226765
  view-data: 0.20495656970888376
