times:
  edit-metadata: 1.9195491969585419
  landing: 0.5396892782300711
  view-data: 0.22977904044091702
