times:
  edit-metadata: 1.552298754453659
  landing: 1.1160891614854336
  view-data: 3.41388438642025
