times:
  edit-metadata: 1.9001774918287992
  landing: 1.6064689960330725
  view-data: 0.6230064891278744
