times:
  edit-metadata: 1.4334770385175943
  landing: 0.8045079614967108
  view-data: 3.347646363079548
