times:
  edit-metadata: 1.888709562830627
  landing: 0.021581489592790604
  view-data: 0.2267637401819229
