times:
  edit-metadata: 0.9499812950380147
  landing: 0.05994979396928102
  view-data: 0.23954125796444714
