times:
  edit-metadata: 0.9156500810058787
  landing: 0.05333721695933491
  view-data: 0.2105278050294146
