times:
  landing: 0.5542510469999797
  view-data: 0.5594659759999558
