times:
  edit-metadata: 0.902332607191056
  landing: 0.06787157291546464
  view-data: 0.27623371221125126
