times:
  edit-metadata: 1.504672884941101
  landing: 0.8026509340852499
  view-data: 3.376293996348977
