times:
  landing: 0.5426189880000152
  view-data: 0.5474827470000037
