times:
  edit-metadata: 1.9846633076667786
  landing: 0.7134149838238955
  view-data: 0.33976885862648487
