times:
  edit-metadata: 1.9028975507244468
  landing: 0.021068450063467026
  view-data: 0.025956807658076286
