times:
  landing: 0.5508981840000047
  view-data: 0.558873742000003
