times:
  edit-metadata: 0.9614273449406028
  landing: 0.04869895288720727
  view-data: 0.21562304301187396
