times:
  edit-metadata: 1.603574948036112
  landing: 0.9358538769884035
  view-data: 3.34217905101832
