times:
  edit-metadata: 0.9673087550327182
  landing: 0.05054539302363992
  view-data: 0.2192571172490716
