times:
  edit-metadata: 1.8522824410028988
  landing: 0.03931069000100251
  view-data: 0.22346615900460165
