times:
  edit-metadata: 0.9817904979572631
  landing: 0.047187291958834976
  view-data: 0.21612178796203807
