times:
  edit-metadata: 0.9231225399998948
  landing: 0.04867815499892458
  view-data: 0.21264152298681438
