times:
  landing: 0.5579157349999946
  view-data: 0.5603312200000232
