times:
  edit-metadata: 1.8838319052010775
  landing: 0.01977011002600193
  view-data: 0.023578330874443054
