times:
  edit-metadata: 1.2009363709948957
  landing: 0.03876714198850095
  view-data: 0.21756751090288162
