times:
  edit-metadata: 1.4295952152460814
  landing: 0.8763205735012889
  view-data: 3.3763198172673583
