times:
  edit-metadata: 1.49614298902452
  landing: 0.7610214613378048
  view-data: 3.33092749863863
