times:
  edit-metadata: 1.5590264052152634
  landing: 0.8890755530446768
  view-data: 3.354355487972498
