times:
  edit-metadata: 0.9536373240407556
  landing: 0.05159001611173153
  view-data: 0.2217090269550681
