times:
  edit-metadata: 1.8477588929235935
  landing: 1.1256858929991722
  view-data: 3.3148620687425137
