times:
  edit-metadata: 0.9057662482373416
  landing: 0.07900034822523594
  view-data: 0.24401765130460262
