times:
  edit-metadata: 1.4668148532509804
  landing: 0.7427509613335133
  view-data: 3.3086755350232124
