times:
  edit-metadata: 1.7280965633690357
  landing: 1.10264677926898
  view-data: 3.3268509190529585
