times:
  edit-metadata: 1.89907830581069
  landing: 0.019944552332162857
  view-data: 0.024546723812818527
