times:
  edit-metadata: 2.0402087410911918
  landing: 1.2278319178149104
  view-data: 3.3841677447780967
