times:
  edit-metadata: 2.017982509918511
  landing: 0.1442460985854268
  view-data: 0.0239744046702981
