times:
  edit-metadata: 1.9186897370964289
  landing: 0.1158303888514638
  view-data: 0.02318001724779606
