times:
  edit-metadata: 2.0022734440863132
  landing: 0.02643612027168274
  view-data: 0.02739648148417473
