times:
  edit-metadata: 1.644669245928526
  landing: 1.0471959002315998
  view-data: 3.3093629851937294
