times:
  edit-metadata: 2.0202873293310404
  landing: 0.6559425741434097
  view-data: 0.6660829074680805
