times:
  edit-metadata: 2.028544926084578
  landing: 0.020826468244194984
  view-data: 0.025047097355127335
