times:
  landing: 0.539707390999979
  view-data: 0.5511448309999878
