times:
  landing: 0.5463196320000065
  view-data: 0.5557212859999936
