times:
  edit-metadata: 1.3905468988232315
  landing: 0.7180673470720649
  view-data: 3.2965459269471467
