times:
  edit-metadata: 1.8237389624118805
  landing: 0.020425021648406982
  view-data: 0.3339239750057459
