times:
  edit-metadata: 0.9422824608627707
  landing: 0.06609466089867055
  view-data: 0.25374221708625555
