times:
  landing: 0.5432939980000242
  view-data: 0.5518062399999621
