times:
  edit-metadata: 2.2539262361824512
  landing: 0.138333261013031
  view-data: 0.3139383215457201
