times:
  edit-metadata: 1.017945121973753
  landing: 0.05246779101435095
  view-data: 0.21378437499515712
