times:
  landing: 0.5520628919999808
  view-data: 0.5566853759999617
