times:
  edit-metadata: 1.7211142666637897
  landing: 1.0929224528372288
  view-data: 3.365029063075781
