times:
  landing: 1.0604589220000094
  view-data: 0.5500960329999884
