times:
  edit-metadata: 1.4641290325671434
  landing: 0.8046847255900502
  view-data: 3.414328383281827
