times:
  edit-metadata: 0.9266943810507655
  landing: 0.05128420330584049
  view-data: 0.22555162804201245
