times:
  edit-metadata: 2.03119994699955
  landing: 0.05572999268770218
  view-data: 0.2285810299217701
