times:
  edit-metadata: 2.136232099030167
  landing: 1.165927235968411
  view-data: 3.4835808728821576
