times:
  edit-metadata: 1.8370898619978107
  landing: 0.043470688000525115
  view-data: 0.23095732699948712
