times:
  edit-metadata: 0.9868606110103428
  landing: 0.03995612217113376
  view-data: 0.21634960314258933
