times:
  landing: 1.0640256760000284
  view-data: 0.5592062289999831
