times:
  edit-metadata: 0.9170802708249539
  landing: 0.04770834604278207
  view-data: 0.26014988706447184
