times:
  edit-metadata: 1.4033240005373955
  landing: 0.8971905820071697
  view-data: 3.44652296602726
