times:
  edit-metadata: 1.6390356197953224
  landing: 1.0626716008409858
  view-data: 3.2772172279655933
