times:
  edit-metadata: 1.9023863542824984
  landing: 0.02027062326669693
  view-data: 0.33739097975194454
