times:
  edit-metadata: 1.9215349741280079
  landing: 1.0272748190909624
  view-data: 0.4813560340553522
