times:
  edit-metadata: 1.926870035007596
  landing: 0.019573088735342026
  view-data: 0.3395442683249712
