times:
  landing: 1.0813838029999943
  view-data: 0.5643753239999683
