times:
  edit-metadata: 1.889198612421751
  landing: 0.051586687564849854
  view-data: 0.22564005106687546
