times:
  edit-metadata: 1.0101388129987754
  landing: 0.048599736008327454
  view-data: 0.22536753400345333
