times:
  edit-metadata: 1.9289797749370337
  landing: 0.022457191720604897
  view-data: 0.3440014272928238
