times:
  edit-metadata: 1.4559391802176833
  landing: 0.9280564435757697
  view-data: 3.363431361038238
