times:
  edit-metadata: 1.4417403116822243
  landing: 0.9630011655390263
  view-data: 3.346537984907627
