times:
  edit-metadata: 0.9784893351607025
  landing: 0.04899041913449764
  view-data: 0.23323428304865956
