times:
  edit-metadata: 1.598342264071107
  landing: 1.0720295291393995
  view-data: 3.776606732979417
