times:
  edit-metadata: 1.3746093809604645
  landing: 0.8334855251014233
  view-data: 3.2981719821691513
