times:
  edit-metadata: 1.7408757396042347
  landing: 1.1343432888388634
  view-data: 3.354242507368326
