times:
  edit-metadata: 1.6214113496243954
  landing: 0.8529372196644545
  view-data: 3.409359386190772
