times:
  edit-metadata: 1.3624543379992247
  landing: 0.7128324145451188
  view-data: 3.3646201053634286
