times:
  edit-metadata: 1.5432947967201471
  landing: 0.8281708024442196
  view-data: 3.412167740985751
