times:
  edit-metadata: 0.9807704568374902
  landing: 0.05521417409181595
  view-data: 0.26595518714748323
