times:
  edit-metadata: 1.7560115866363049
  landing: 1.0420788377523422
  view-data: 3.3099096845835447
