times:
  edit-metadata: 0.9901639400050044
  landing: 0.05595030193217099
  view-data: 0.2602534140460193
