times:
  edit-metadata: 1.627997875213623
  landing: 0.8287897519767284
  view-data: 3.3010565619915724
