times:
  edit-metadata: 1.4668252617120743
  landing: 1.2452226728200912
  view-data: 3.623039674013853
