times:
  edit-metadata: 1.5062053445726633
  landing: 0.7582521345466375
  view-data: 3.3708200193941593
