times:
  edit-metadata: 1.5428038090467453
  landing: 0.9646213501691818
  view-data: 3.4275056309998035
