times:
  edit-metadata: 0.9675684049725533
  landing: 0.05138248600997031
  view-data: 0.24717811198206618
