times:
  edit-metadata: 1.520171606913209
  landing: 0.775271044112742
  view-data: 3.2859515734016895
