times:
  edit-metadata: 1.3947450411505997
  landing: 0.7932039049919695
  view-data: 3.3439794508740306
