times:
  edit-metadata: 1.427232624962926
  landing: 0.8988477885723114
  view-data: 3.3628209214657545
