times:
  edit-metadata: 1.5399146489799023
  landing: 0.8028776366263628
  view-data: 3.3893715646117926
