times:
  edit-metadata: 1.4540226720273495
  landing: 0.8920360840857029
  view-data: 3.3679612651467323
