times:
  edit-metadata: 1.4730289801955223
  landing: 1.0027172565460205
  view-data: 3.365143194794655
