times:
  edit-metadata: 1.4905190877616405
  landing: 1.1131522096693516
  view-data: 3.4200892820954323
