times:
  edit-metadata: 0.9735384990926832
  landing: 0.04631278687156737
  view-data: 0.24470799206756055
