times:
  edit-metadata: 2.150481939315796
  landing: 1.3904095627367496
  view-data: 3.5110415406525135
