times:
  edit-metadata: 2.2608610410243273
  landing: 1.54145962651819
  view-data: 3.4587338231503963
