times:
  edit-metadata: 1.6086405403912067
  landing: 0.8756483867764473
  view-data: 3.329656109213829
