times:
  edit-metadata: 1.364561028778553
  landing: 0.8650567568838596
  view-data: 3.2757922410964966
