times:
  edit-metadata: 1.467105682939291
  landing: 0.9576014913618565
  view-data: 3.3005883879959583
