times:
  edit-metadata: 1.5548647595569491
  landing: 0.9015980148687959
  view-data: 3.4009155482053757
