times:
  edit-metadata: 1.5239670276641846
  landing: 0.8787267245352268
  view-data: 3.3124271258711815
