times:
  edit-metadata: 1.4397216327488422
  landing: 0.9523638524115086
  view-data: 3.3417888656258583
