times:
  edit-metadata: 1.0278137139976025
  landing: 0.04605978698236868
  view-data: 0.25170178001280874
