times:
  edit-metadata: 0.9662788431160152
  landing: 0.04906551097519696
  view-data: 0.24915829813107848
