times:
  edit-metadata: 1.4118431720416993
  landing: 0.791801619110629
  view-data: 3.307653238065541
