times:
  edit-metadata: 1.541069433093071
  landing: 1.1026781909167767
  view-data: 3.347888195887208
