times:
  edit-metadata: 1.4821390276774764
  landing: 0.9811315978877246
  view-data: 3.3940695952624083
