times:
  edit-metadata: 1.5461761802434921
  landing: 0.9062166120857
  view-data: 3.378344412893057
