times:
  edit-metadata: 2.998188301920891
  landing: 2.8404719941318035
  view-data: 3.3375778645277023
