times:
  edit-metadata: 1.7590818740427494
  landing: 1.0843542143702507
  view-data: 3.3208514377474785
