times:
  edit-metadata: 1.5135948676615953
  landing: 0.8946694824844599
  view-data: 3.331362934783101
