times:
  edit-metadata: 1.4631417524069548
  landing: 0.9029718432575464
  view-data: 3.4051391761749983
