times:
  edit-metadata: 1.630196686834097
  landing: 1.132622404024005
  view-data: 3.3590306751430035
