times:
  edit-metadata: 1.4683966636657715
  landing: 0.9527380326762795
  view-data: 3.3063567811623216
