times:
  edit-metadata: 1.5127205308526754
  landing: 0.8750274069607258
  view-data: 3.4271801076829433
