times:
  edit-metadata: 1.5167467407882214
  landing: 0.800513818860054
  view-data: 3.400453295558691
