times:
  edit-metadata: 1.4479506169445813
  landing: 1.0027149142697453
  view-data: 3.3972746222279966
