times:
  edit-metadata: 1.5057851113379002
  landing: 0.7840776704251766
  view-data: 3.3651676550507545
