times:
  edit-metadata: 1.5230450201779604
  landing: 0.8556993324309587
  view-data: 3.3386977538466454
