times:
  edit-metadata: 0.9631536319502629
  landing: 0.057027244998607785
  view-data: 0.24502925795968622
