times:
  edit-metadata: 2.063864888623357
  landing: 1.0358635801821947
  view-data: 3.283264482393861
