times:
  edit-metadata: 1.6428010370582342
  landing: 0.9918018002063036
  view-data: 3.4304909333586693
