times:
  edit-metadata: 1.5578924473375082
  landing: 1.012248675338924
  view-data: 3.5135878641158342
