times:
  edit-metadata: 1.5166734009981155
  landing: 0.8543674536049366
  view-data: 3.4984238613396883
