times:
  edit-metadata: 1.656158186495304
  landing: 1.205593977123499
  view-data: 3.3707585223019123
