times:
  edit-metadata: 1.4537442573346198
  landing: 0.9208617745898664
  view-data: 3.338886129204184
