times:
  edit-metadata: 0.9474417623132467
  landing: 0.045680542942136526
  view-data: 0.24212412303313613
