times:
  edit-metadata: 1.5033102137967944
  landing: 1.0497045181691647
  view-data: 3.3503088830038905
