times:
  edit-metadata: 1.5234054299071431
  landing: 0.872278792783618
  view-data: 3.344394875690341
