times:
  edit-metadata: 1.6153706088662148
  landing: 0.992517851293087
  view-data: 3.3677546866238117
