times:
  edit-metadata: 1.5232021939009428
  landing: 0.8874210305511951
  view-data: 3.440642237663269
