times:
  edit-metadata: 1.4664226174354553
  landing: 1.0165570955723524
  view-data: 3.358367109671235
