times:
  edit-metadata: 1.6551137119531631
  landing: 0.9829539880156517
  view-data: 3.3454399406909943
