times:
  edit-metadata: 1.4845655374228954
  landing: 0.9595938781276345
  view-data: 0.7583918105810881
