times:
  edit-metadata: 1.5252913180738688
  landing: 1.0943145751953125
  view-data: 3.319557724520564
