times:
  edit-metadata: 1.413562759757042
  landing: 0.9055935628712177
  view-data: 3.305471159517765
