times:
  edit-metadata: 1.4804771710187197
  landing: 0.7664674576371908
  view-data: 3.4040911849588156
