times:
  edit-metadata: 1.4534780234098434
  landing: 1.1506445445120335
  view-data: 3.422842603176832
