times:
  edit-metadata: 1.484768956899643
  landing: 0.8471384644508362
  view-data: 3.3401074148714542
