times:
  edit-metadata: 1.8399832360446453
  landing: 0.797998234629631
  view-data: 3.4156798068434
