times:
  edit-metadata: 0.9556477470032405
  landing: 0.04676573499455117
  view-data: 0.40911046299152076
