times:
  edit-metadata: 1.4624640052206814
  landing: 0.8742541559040546
  view-data: 3.3853335841558874
