times:
  edit-metadata: 1.0277820301707834
  landing: 0.04563635098747909
  view-data: 0.26981859700754285
