times:
  edit-metadata: 1.4788271896541119
  landing: 0.8667423538863659
  view-data: 3.2840461507439613
