times:
  edit-metadata: 1.5272672288119793
  landing: 0.8393803834915161
  view-data: 3.450312614440918
