times:
  edit-metadata: 0.965071058832109
  landing: 0.04859356814995408
  view-data: 0.24354823818430305
