times:
  edit-metadata: 1.509378094226122
  landing: 0.7994323261082172
  view-data: 3.326243231073022
