times:
  edit-metadata: 1.5130861960351467
  landing: 0.8445627521723509
  view-data: 3.3245053440332413
