times:
  edit-metadata: 0.9682183910044841
  landing: 0.05079263902734965
  view-data: 0.2638783239526674
