times:
  edit-metadata: 1.4140824573114514
  landing: 1.0010197088122368
  view-data: 3.3680299930274487
