times:
  edit-metadata: 1.362505815923214
  landing: 1.0745151787996292
  view-data: 3.3605656661093235
