times:
  edit-metadata: 1.6192770022898912
  landing: 0.8443879671394825
  view-data: 3.3771202471107244
