times:
  edit-metadata: 1.5178663339465857
  landing: 0.861424308270216
  view-data: 3.4081207532435656
