times:
  edit-metadata: 1.4467185884714127
  landing: 0.819891020655632
  view-data: 3.432753460481763
