times:
  edit-metadata: 2.1725079603493214
  landing: 1.1508086696267128
  view-data: 3.4783930219709873
