times:
  edit-metadata: 1.8351587764918804
  landing: 1.1021258346736431
  view-data: 3.38374213129282
