times:
  edit-metadata: 1.6684219967573881
  landing: 0.8777013476938009
  view-data: 3.4223208781331778
