times:
  edit-metadata: 1.3413468524813652
  landing: 0.7431713324040174
  view-data: 3.3828277811408043
