times:
  edit-metadata: 1.4101403690874577
  landing: 0.7929322868585587
  view-data: 3.2753770016133785
