times:
  edit-metadata: 2.9528270587325096
  landing: 1.391957625746727
  view-data: 3.374139603227377
