times:
  edit-metadata: 2.1081099435687065
  landing: 1.5403151400387287
  view-data: 3.5911107286810875
