times:
  edit-metadata: 1.5171537548303604
  landing: 1.0263136215507984
  view-data: 3.6061907559633255
