times:
  edit-metadata: 1.7529588527977467
  landing: 1.1902635730803013
  view-data: 3.322892177850008
