times:
  edit-metadata: 3.296851396560669
  landing: 1.7897121384739876
  view-data: 3.7972651049494743
