times:
  edit-metadata: 1.5887410640716553
  landing: 1.0998390056192875
  view-data: 3.6350557282567024
