times:
  edit-metadata: 1.6379591152071953
  landing: 1.1559913828969002
  view-data: 3.322314191609621
