times:
  edit-metadata: 1.488762790337205
  landing: 1.010085817426443
  view-data: 3.412856951355934
