times:
  edit-metadata: 2.170532921794802
  landing: 1.1466009630821645
  view-data: 3.425977958831936
