times:
  edit-metadata: 1.3231737092137337
  landing: 1.0770058827474713
  view-data: 3.336573005653918
