times:
  edit-metadata: 1.36973831593059
  landing: 0.76934281620197
  view-data: 3.3060058779083192
