times:
  edit-metadata: 1.5862736254930496
  landing: 1.019285712391138
  view-data: 3.4434475749731064
