times:
  edit-metadata: 2.1121911630034447
  landing: 1.0701604261994362
  view-data: 3.387121293693781
