times:
  edit-metadata: 0.9858484510332346
  landing: 0.05351169314235449
  view-data: 0.23520166287198663
