times:
  edit-metadata: 1.5548940121661872
  landing: 1.2318117041140795
  view-data: 3.3747507431544363
