times:
  edit-metadata: 1.398140658158809
  landing: 0.8068511690944433
  view-data: 3.324362436775118
