times:
  edit-metadata: 1.5170846451073885
  landing: 0.8483595997095108
  view-data: 3.442265147343278
