times:
  edit-metadata: 1.5397364683449268
  landing: 0.8566030375659466
  view-data: 3.30214343033731
