times:
  edit-metadata: 1.432822076138109
  landing: 0.9535248819738626
  view-data: 3.396400806028396
