times:
  edit-metadata: 1.8721430944278836
  landing: 1.269110195338726
  view-data: 3.402105553075671
