times:
  edit-metadata: 0.9683272450929508
  landing: 0.0537968979915604
  view-data: 0.24529895302839577
