times:
  edit-metadata: 1.6470749080181122
  landing: 0.79874456115067
  view-data: 3.30104542337358
