times:
  edit-metadata: 1.6890079299919307
  landing: 0.8553080729907379
  view-data: 3.319497400079854
