times:
  edit-metadata: 1.4767727181315422
  landing: 0.8254009373486042
  view-data: 3.3235983699560165
