times:
  edit-metadata: 1.502170281484723
  landing: 0.8759292848408222
  view-data: 3.4532529525458813
