times:
  edit-metadata: 1.522215411067009
  landing: 0.8030494656413794
  view-data: 3.3621567357331514
