times:
  edit-metadata: 1.4105028100311756
  landing: 0.7873167982324958
  view-data: 3.37098547257483
