times:
  edit-metadata: 1.6754763908684254
  landing: 1.1286486387252808
  view-data: 3.4525975733995438
