times:
  edit-metadata: 1.3868606500327587
  landing: 0.9624667968600988
  view-data: 3.3488560151308775
