times:
  edit-metadata: 1.502120865508914
  landing: 0.8431217391043901
  view-data: 3.4046913851052523
