times:
  edit-metadata: 0.998724068980664
  landing: 0.05019324005115777
  view-data: 0.2481990660307929
