times:
  edit-metadata: 1.5788743160665035
  landing: 0.937683466821909
  view-data: 3.3481421545147896
