times:
  edit-metadata: 1.5211127307265997
  landing: 0.9621380334720016
  view-data: 3.4337614038959146
