times:
  edit-metadata: 1.6661818847060204
  landing: 1.1222096122801304
  view-data: 3.491476159542799
