times:
  edit-metadata: 1.5149831562303007
  landing: 0.8125171777792275
  view-data: 3.3685256033204496
