times:
  edit-metadata: 1.4264119770377874
  landing: 0.8844437641091645
  view-data: 3.3692065668292344
