times:
  edit-metadata: 0.9668382770032622
  landing: 0.04776460900029633
  view-data: 0.24619646598875988
