times:
  edit-metadata: 1.461776695214212
  landing: 1.218776707071811
  view-data: 3.318994084838778
