times:
  edit-metadata: 1.4878536208998412
  landing: 0.9747740800958127
  view-data: 3.37303884094581
