times:
  edit-metadata: 0.9892639298923314
  landing: 0.05271103139966726
  view-data: 0.36480661388486624
