times:
  edit-metadata: 1.4377674870193005
  landing: 0.9138126838952303
  view-data: 3.4591949582099915
