times:
  edit-metadata: 0.9945770630147308
  landing: 0.052683728048577905
  view-data: 0.26180064282380044
