times:
  edit-metadata: 1.4061589539051056
  landing: 0.9231604896485806
  view-data: 3.3114882111549377
