times:
  edit-metadata: 1.3924247780814767
  landing: 0.8359579828102142
  view-data: 3.3830904639326036
