times:
  edit-metadata: 1.9014842510223389
  landing: 1.189582034945488
  view-data: 3.370666576549411
