times:
  edit-metadata: 1.6526234485208988
  landing: 1.1461961083114147
  view-data: 3.346823990345001
