times:
  edit-metadata: 1.6445325054228306
  landing: 1.1929859854280949
  view-data: 3.392667803913355
