times:
  edit-metadata: 1.5305262003093958
  landing: 1.00011433288455
  view-data: 3.411810209043324
