times:
  edit-metadata: 1.0378256610129029
  landing: 0.06254282989539206
  view-data: 0.25065076793543994
