times:
  edit-metadata: 1.580192193388939
  landing: 1.0696391351521015
  view-data: 3.335331242531538
