times:
  edit-metadata: 0.9791887300089002
  landing: 0.05565078416839242
  view-data: 0.2563584949821234
