times:
  edit-metadata: 1.429282147437334
  landing: 0.9383753836154938
  view-data: 3.332729037851095
