times:
  edit-metadata: 1.4342440962791443
  landing: 0.9152244105935097
  view-data: 3.3204983063042164
