times:
  edit-metadata: 1.4650625782087445
  landing: 0.7459550267085433
  view-data: 3.3748898981139064
