times:
  edit-metadata: 1.509490996133536
  landing: 1.330962834879756
  view-data: 3.5578335761092603
