times:
  edit-metadata: 0.9704218619735911
  landing: 0.04326859500724822
  view-data: 0.2378077859757468
