times:
  edit-metadata: 1.56863621622324
  landing: 0.9701817035675049
  view-data: 3.3928709998726845
