times:
  edit-metadata: 0.9614057680591941
  landing: 0.04768137610517442
  view-data: 0.2468887169379741
