times:
  edit-metadata: 1.5820499239489436
  landing: 1.0368422330357134
  view-data: 3.4869695622473955
