times:
  edit-metadata: 1.4663969725370407
  landing: 0.9108449965715408
  view-data: 3.3546685511246324
