times:
  edit-metadata: 1.504652257077396
  landing: 1.065130208618939
  view-data: 3.389694639481604
