times:
  edit-metadata: 1.008288610028103
  landing: 0.04629227798432112
  view-data: 0.49923213105648756
