times:
  edit-metadata: 1.390302274376154
  landing: 0.7779898652806878
  view-data: 3.5081798303872347
