times:
  edit-metadata: 1.7386735822074115
  landing: 1.067385361995548
  view-data: 3.6296497299335897
