times:
  edit-metadata: 1.4420887604355812
  landing: 0.9476180858910084
  view-data: 3.339251261204481
