times:
  edit-metadata: 1.4649586752057076
  landing: 0.8926060646772385
  view-data: 3.376099895685911
