times:
  edit-metadata: 2.313852544873953
  landing: 1.4685388952493668
  view-data: 3.4582052640616894
