times:
  edit-metadata: 1.5338890366256237
  landing: 0.80620476603508
  view-data: 3.2972109094262123
