times:
  edit-metadata: 1.4081777622923255
  landing: 0.7903365641832352
  view-data: 3.3739781444892287
