times:
  edit-metadata: 1.7734386073425412
  landing: 1.0202325908467174
  view-data: 3.4694298207759857
