times:
  edit-metadata: 1.4102553203701973
  landing: 0.7601013705134392
  view-data: 3.3093010522425175
