times:
  edit-metadata: 1.3997287675738335
  landing: 0.8477821238338947
  view-data: 3.362214632332325
