times:
  edit-metadata: 1.926231853896752
  landing: 0.9456817759200931
  view-data: 3.2527378229424357
