times:
  edit-metadata: 1.525815024971962
  landing: 0.9196963980793953
  view-data: 3.3535521660232916
