times:
  edit-metadata: 1.4032296650111675
  landing: 1.00674993917346
  view-data: 9.868237942457199
