times:
  edit-metadata: 1.4130632877349854
  landing: 0.9834292680025101
  view-data: 3.339539535343647
