times:
  edit-metadata: 1.3981979936361313
  landing: 0.8778891013935208
  view-data: 3.4722940707579255
