times:
  edit-metadata: 1.5253320652991533
  landing: 0.8101533800363541
  view-data: 3.404427433386445
