times:
  edit-metadata: 1.5924665220081806
  landing: 0.9946576207876205
  view-data: 3.3431494273245335
