times:
  edit-metadata: 1.6402864269912243
  landing: 0.8818418681621552
  view-data: 3.4090328440070152
