times:
  edit-metadata: 1.503831835463643
  landing: 0.7715716548264027
  view-data: 3.4019990358501673
