times:
  edit-metadata: 1.5205065943300724
  landing: 0.8127146270126104
  view-data: 3.383946532383561
