times:
  edit-metadata: 1.5041197258979082
  landing: 0.8370405156165361
  view-data: 3.405077815055847
