times:
  edit-metadata: 0.945063304156065
  landing: 0.04902334278449416
  view-data: 0.23938435269519687
