times:
  edit-metadata: 1.361661335453391
  landing: 0.7141014030203223
  view-data: 3.2600338086485863
