times:
  edit-metadata: 1.5306551698595285
  landing: 0.7574327755719423
  view-data: 6.237786116078496
