times:
  edit-metadata: 1.4082356528379023
  landing: 0.9254624270834029
  view-data: 3.39470033114776
