times:
  edit-metadata: 1.4317492740228772
  landing: 0.9137478391639888
  view-data: 3.366463553160429
