times:
  edit-metadata: 1.0498677999712527
  landing: 0.05214959220029414
  view-data: 0.4038168350234628
