times:
  edit-metadata: 1.6391221545636654
  landing: 1.0121734850108624
  view-data: 3.3686509616672993
