times:
  edit-metadata: 1.0170355850132182
  landing: 0.046989538008347154
  view-data: 0.25495875196065754
