times:
  edit-metadata: 1.6182163655757904
  landing: 1.7904716171324253
  view-data: 3.4089674837887287
