times:
  edit-metadata: 0.9797315541654825
  landing: 0.048442321829497814
  view-data: 0.23746349569410086
