times:
  edit-metadata: 1.401837483048439
  landing: 8.154385037720203
  view-data: 3.266876805573702
