times:
  edit-metadata: 2.108243692666292
  landing: 0.9010396488010883
  view-data: 3.3474964573979378
