times:
  edit-metadata: 0.9766572150401771
  landing: 0.051558023085817695
  view-data: 0.23489633714780211
