times:
  edit-metadata: 1.5997345857322216
  landing: 1.0912517979741096
  view-data: 3.3985509909689426
