times:
  edit-metadata: 0.9707196110393852
  landing: 0.05474373186007142
  view-data: 0.3779900569934398
