times:
  edit-metadata: 1.2843626359826885
  landing: 0.2055405600112863
  view-data: 0.2211989719653502
