times:
  edit-metadata: 1.5644745267927647
  landing: 0.9437652993947268
  view-data: 3.2903536204248667
