times:
  edit-metadata: 0.9491394869983196
  landing: 0.055756856920197606
  view-data: 0.29382222099229693
