times:
  edit-metadata: 0.9704524949193001
  landing: 0.049946325831115246
  view-data: 0.24838388385251164
