times:
  edit-metadata: 1.4986704476177692
  landing: 0.9415712207555771
  view-data: 3.3761006891727448
