times:
  edit-metadata: 1.5181165523827076
  landing: 0.8347470052540302
  view-data: 3.4095907378941774
