times:
  edit-metadata: 1.5349100586026907
  landing: 0.9387671556323767
  view-data: 3.4041496012359858
