times:
  edit-metadata: 1.388409350067377
  landing: 1.0082759633660316
  view-data: 3.6551158763468266
