times:
  edit-metadata: 1.3447777379769832
  landing: 0.8758261909242719
  view-data: 3.3517394019290805
