times:
  edit-metadata: 0.9882169719785452
  landing: 0.050932463724166155
  view-data: 0.3713075681589544
