times:
  edit-metadata: 1.4651776999235153
  landing: 1.0005525574088097
  view-data: 3.303497288376093
