times:
  edit-metadata: 1.612876981496811
  landing: 0.8905065953731537
  view-data: 3.4278715811669827
