times:
  edit-metadata: 1.4313935413956642
  landing: 0.9374529011547565
  view-data: 3.3956942670047283
