times:
  edit-metadata: 1.492157705128193
  landing: 0.944912314414978
  view-data: 3.424065411090851
