times:
  edit-metadata: 1.4617063514888287
  landing: 0.9435022892430425
  view-data: 3.4257066315039992
