times:
  edit-metadata: 1.5025018826127052
  landing: 1.068527977913618
  view-data: 3.2804113775491714
