times:
  edit-metadata: 1.4855648297816515
  landing: 1.0542623810470104
  view-data: 3.3719536885619164
