times:
  edit-metadata: 1.7915015406906605
  landing: 1.1112089678645134
  view-data: 3.3068383261561394
