times:
  edit-metadata: 1.463830467313528
  landing: 0.8269147872924805
  view-data: 3.390497699379921
