times:
  edit-metadata: 1.5380015671253204
  landing: 0.9199732169508934
  view-data: 3.3294751904904842
