times:
  edit-metadata: 1.4352939575910568
  landing: 0.8732927441596985
  view-data: 3.3291480727493763
