times:
  edit-metadata: 0.9612696479307488
  landing: 0.04728344501927495
  view-data: 0.2475183909991756
