times:
  edit-metadata: 0.9610446289880201
  landing: 0.05072187993209809
  view-data: 0.24045856099110097
