times:
  edit-metadata: 1.4336771182715893
  landing: 0.9280984774231911
  view-data: 3.326614685356617
