times:
  edit-metadata: 1.551349804038182
  landing: 1.0078868309501559
  view-data: 3.41640786989592
