times:
  edit-metadata: 1.6730669513344765
  landing: 1.0388562623411417
  view-data: 3.3532467614859343
