times:
  edit-metadata: 0.9635748950531706
  landing: 0.045569405891001225
  view-data: 0.3819126929156482
