times:
  edit-metadata: 1.7645571865141392
  landing: 1.027536254376173
  view-data: 3.3793493174016476
