times:
  edit-metadata: 1.398033320903778
  landing: 0.7897084429860115
  view-data: 3.2595168501138687
