times:
  edit-metadata: 1.4789484441280365
  landing: 0.9563607908785343
  view-data: 3.3720400277525187
