times:
  edit-metadata: 1.4784062877297401
  landing: 0.8993859458714724
  view-data: 3.325409042648971
