times:
  edit-metadata: 1.4549185894429684
  landing: 0.9525014720857143
  view-data: 3.3240654058754444
