times:
  edit-metadata: 1.4841099912300706
  landing: 0.8090623929165304
  view-data: 0.6129047321155667
