times:
  edit-metadata: 1.5059041194617748
  landing: 0.8255986329168081
  view-data: 3.3755070716142654
