times:
  edit-metadata: 1.3921589150559157
  landing: 0.9300204369938001
  view-data: 3.3636818749364465
