times:
  edit-metadata: 0.9542699459707364
  landing: 0.04835495899897069
  view-data: 0.25121087103616446
