times:
  edit-metadata: 1.5518071241676807
  landing: 0.8285981565713882
  view-data: 3.370256405323744
