times:
  edit-metadata: 1.534028673544526
  landing: 0.8534434717148542
  view-data: 3.4076279383152723
