times:
  edit-metadata: 1.4997994266450405
  landing: 0.9876637626439333
  view-data: 3.35708836466074
