times:
  edit-metadata: 1.5453869309276342
  landing: 0.8628226388245821
  view-data: 3.281626183539629
