times:
  edit-metadata: 1.9137296406552196
  landing: 0.8821170683950186
  view-data: 3.403304892592132
