times:
  edit-metadata: 1.7099208571016788
  landing: 1.1081275530159473
  view-data: 3.6902347840368748
