times:
  edit-metadata: 1.7734282091259956
  landing: 1.0421085618436337
  view-data: 3.4080607034265995
