times:
  edit-metadata: 1.812183191999793
  landing: 1.0709829851984978
  view-data: 3.390647277235985
