times:
  edit-metadata: 1.5314619056880474
  landing: 0.7774720657616854
  view-data: 3.410774815827608
