times:
  edit-metadata: 1.3053706779610366
  landing: 0.7682348978705704
  view-data: 3.2834025339689106
