times:
  edit-metadata: 1.7489127777516842
  landing: 1.0239368304610252
  view-data: 3.315339770168066
