times:
  edit-metadata: 1.6897928640246391
  landing: 1.1103900633752346
  view-data: 3.3920498229563236
