times:
  edit-metadata: 1.483066514134407
  landing: 1.015073362737894
  view-data: 3.3349516540765762
