times:
  edit-metadata: 1.4440382793545723
  landing: 0.8641595095396042
  view-data: 3.460758648812771
