times:
  edit-metadata: 0.9366673878394067
  landing: 0.048623699927702546
  view-data: 0.24322376190684736
