times:
  edit-metadata: 0.9717898360686377
  landing: 0.04650254303123802
  view-data: 0.23708979005459696
