times:
  edit-metadata: 1.4869774947874248
  landing: 0.9195353409741074
  view-data: 3.258599110879004
