times:
  edit-metadata: 1.5269862562417984
  landing: 0.9986616112291813
  view-data: 3.372958019375801
