times:
  edit-metadata: 1.4955798164010048
  landing: 0.7861395571380854
  view-data: 3.346320401877165
