times:
  edit-metadata: 2.688906377181411
  landing: 1.493080697953701
  view-data: 3.5672079008072615
