times:
  edit-metadata: 1.8917751014232635
  landing: 1.2073562741279602
  view-data: 4.046365570276976
