times:
  edit-metadata: 1.5123307183384895
  landing: 0.8160966001451015
  view-data: 3.356612328439951
