times:
  edit-metadata: 0.9613798758946359
  landing: 0.044935320038348436
  view-data: 0.2515223743394017
