times:
  edit-metadata: 2.1529229008592665
  landing: 1.069411986041814
  view-data: 3.5761298700235784
