times:
  edit-metadata: 2.2179593639448285
  landing: 1.4502968629822135
  view-data: 3.6506956899538636
