times:
  edit-metadata: 1.6856929026544094
  landing: 1.2934977784752846
  view-data: 3.3538115806877613
