times:
  edit-metadata: 1.5339563470333815
  landing: 0.8036886230111122
  view-data: 3.3687043227255344
