times:
  edit-metadata: 1.517460960894823
  landing: 1.1157441549003124
  view-data: 3.3183042965829372
