times:
  edit-metadata: 1.4967612363398075
  landing: 0.9364020489156246
  view-data: 3.325804926455021
