times:
  edit-metadata: 1.5306422766298056
  landing: 0.8681147322058678
  view-data: 3.462108923122287
