times:
  edit-metadata: 1.976240017451346
  landing: 1.0999038219451904
  view-data: 3.4048583284020424
