times:
  edit-metadata: 2.1356411166489124
  landing: 1.2234611883759499
  view-data: 4.685564134269953
