times:
  edit-metadata: 0.9632325089769438
  landing: 0.04613860999234021
  view-data: 0.24052684498019516
