times:
  edit-metadata: 1.507667064666748
  landing: 0.7555880825966597
  view-data: 3.3810579515993595
