times:
  edit-metadata: 0.9598747158888727
  landing: 0.054822260979563
  view-data: 0.24567230511456728
