times:
  edit-metadata: 1.452052236534655
  landing: 0.9416993809863925
  view-data: 3.3205967945978045
