times:
  edit-metadata: 1.5162289589643478
  landing: 0.8720269985496998
  view-data: 3.410289639607072
