times:
  edit-metadata: 2.2200049245730042
  landing: 1.1216254197061062
  view-data: 3.7784407874569297
