times:
  edit-metadata: 1.6548817630391568
  landing: 0.9692603289149702
  view-data: 3.3652179640484974
