times:
  edit-metadata: 1.8556636404246092
  landing: 0.8675758903846145
  view-data: 3.4660902936011553
