times:
  edit-metadata: 1.5136346593499184
  landing: 1.0260325595736504
  view-data: 3.36584048345685
