times:
  edit-metadata: 0.9716967349813785
  landing: 0.05202283800463192
  view-data: 0.2417797440139111
