times:
  edit-metadata: 0.9580008100019768
  landing: 0.043966708006337285
  view-data: 0.6212700320174918
