times:
  edit-metadata: 1.5411961637437344
  landing: 0.9005885161459446
  view-data: 3.42635496892035
