times:
  edit-metadata: 1.5161653608083725
  landing: 0.7984532546252012
  view-data: 3.4130964297801256
