times:
  edit-metadata: 1.412540826946497
  landing: 1.0367036238312721
  view-data: 3.4225237388163805
