times:
  edit-metadata: 0.9863700028508902
  landing: 0.0484798988327384
  view-data: 0.36455424316227436
