times:
  edit-metadata: 1.4952347222715616
  landing: 0.9344327598810196
  view-data: 3.3669661600142717
