times:
  edit-metadata: 0.9786609311122447
  landing: 0.04441277892328799
  view-data: 0.24016950093209743
