times:
  edit-metadata: 1.4742357823997736
  landing: 1.1816385723650455
  view-data: 3.3702735919505358
