times:
  edit-metadata: 1.5116403280990198
  landing: 0.8524656610097736
  view-data: 3.3412317029433325
