times:
  edit-metadata: 1.3915881561115384
  landing: 1.2318734219297767
  view-data: 3.3883072324097157
