times:
  edit-metadata: 1.5167729444801807
  landing: 0.8530215285718441
  view-data: 3.4133001044392586
