times:
  edit-metadata: 1.6315943780355155
  landing: 1.0327834021300077
  view-data: 3.5132364300079644
