times:
  edit-metadata: 1.0067566530779004
  landing: 0.057013616897165775
  view-data: 0.37092603323981166
