times:
  edit-metadata: 1.3162230169400573
  landing: 0.8575696400366724
  view-data: 3.42758012493141
