times:
  edit-metadata: 0.9727994590066373
  landing: 0.044289966113865376
  view-data: 0.4946304459590465
