times:
  edit-metadata: 1.4246252868324518
  landing: 0.7305767424404621
  view-data: 3.3199690617620945
