times:
  edit-metadata: 2.9924512021243572
  landing: 0.7305774055421352
  view-data: 3.418811861425638
