times:
  edit-metadata: 2.377364668995142
  landing: 1.8553884252905846
  view-data: 3.5171110332012177
