times:
  edit-metadata: 1.4444998726248741
  landing: 0.7430396974086761
  view-data: 3.3520935773849487
