times:
  edit-metadata: 2.6343178041279316
  landing: 1.1282629296183586
  view-data: 3.4628682732582092
