times:
  edit-metadata: 2.1766672879457474
  landing: 0.9848528355360031
  view-data: 3.3207724429666996
