times:
  edit-metadata: 2.0926794074475765
  landing: 0.18978990986943245
  view-data: 0.5013188030570745
