times:
  landing: 0.6477828120000027
  view-data: 0.5613391329999899
