times:
  edit-metadata: 2.44656983576715
  landing: 0.17122763954102993
  view-data: 0.4333513043820858
