times:
  edit-metadata: 1.3131193909794092
  landing: 0.9084439482539892
  view-data: 3.362502943724394
