times:
  edit-metadata: 1.8063203799538314
  landing: 0.05245769186876714
  view-data: 0.2841949020512402
