times:
  edit-metadata: 1.4133132500573993
  landing: 0.8992503276094794
  view-data: 3.4078223928809166
