times:
  edit-metadata: 2.629116740077734
  landing: 0.5494825057685375
  view-data: 0.3796853441745043
