times:
  edit-metadata: 3.689731266000308
  landing: 0.027677590000166674
  view-data: 0.23022961700007727
