times:
  edit-metadata: 1.856320645660162
  landing: 0.020106271840631962
  view-data: 0.026132027618587017
