times:
  edit-metadata: 0.9012983730062842
  landing: 0.049590010195970535
  view-data: 0.2720589740201831
