times:
  edit-metadata: 0.9907334982417524
  landing: 0.05175930913537741
  view-data: 0.3979324051178992
