times:
  edit-metadata: 2.814942805096507
  landing: 1.6723198127001524
  view-data: 0.6975236125290394
