times:
  edit-metadata: 0.9129663282074034
  landing: 0.04997830931097269
  view-data: 0.2652185270562768
