times:
  edit-metadata: 1.8961985791102052
  landing: 0.02066306211054325
  view-data: 0.11903039459139109
