times:
  edit-metadata: 0.9644058831036091
  landing: 0.056103918701410294
  view-data: 0.27452120278030634
