times:
  edit-metadata: 1.3545550927519798
  landing: 0.8128555566072464
  view-data: 3.3306458853185177
