times:
  edit-metadata: 1.4433594760484993
  landing: 1.0143876341171563
  view-data: 3.3561536627821624
