times:
  edit-metadata: 0.9981094729155302
  landing: 0.05088274087756872
  view-data: 0.31918830005452037
