times:
  edit-metadata: 0.9811346158385277
  landing: 0.05722806975245476
  view-data: 0.6406929977238178
