times:
  edit-metadata: 3.0357224326580763
  landing: 1.1051539275795221
  view-data: 0.6715243794023991
