times:
  landing: 1.082083922000038
  view-data: 0.5621942390000072
