times:
  landing: 0.5487389300000132
  view-data: 0.5525535699999864
