times:
  landing: 0.55444651199997
  view-data: 0.5650204130000134
