times:
  edit-metadata: 2.0711303502321243
  landing: 0.021423297002911568
  view-data: 0.02680163085460663
