times:
  edit-metadata: 1.001036015106365
  landing: 0.05109467194415629
  view-data: 0.24586351600009948
