times:
  edit-metadata: 2.682652274146676
  landing: 0.7997686918824911
  view-data: 0.3355096597224474
