times:
  edit-metadata: 1.6474214430199936
  landing: 1.0422533840173855
  view-data: 3.3813216569833457
