times:
  edit-metadata: 1.87219487602124
  landing: 0.06626608298392966
  view-data: 0.31015227403258905
