times:
  edit-metadata: 1.920478355139494
  landing: 0.1617392674088478
  view-data: 0.21232243441045284
