times:
  edit-metadata: 1.723641007207334
  landing: 0.06539790285751224
  view-data: 0.2603380549699068
