times:
  edit-metadata: 1.406928800046444
  landing: 0.7936020828783512
  view-data: 3.4076978154480457
