times:
  edit-metadata: 2.5738012958317995
  landing: 1.1506968904286623
  view-data: 0.6433493420481682
