times:
  edit-metadata: 1.8530855784192681
  landing: 0.020753847435116768
  view-data: 0.11804930679500103
