times:
  edit-metadata: 1.4135007858276367
  landing: 0.8941902164369822
  view-data: 3.4485668167471886
