times:
  edit-metadata: 1.680345678993035
  landing: 0.05254578500171192
  view-data: 0.24711019001551904
