times:
  edit-metadata: 1.5349165117368102
  landing: 1.0834870813414454
  view-data: 3.48644913174212
