times:
  edit-metadata: 2.696462955325842
  landing: 0.5444984566420317
  view-data: 0.3424754925072193
