times:
  edit-metadata: 0.985992879839614
  landing: 0.05018424498848617
  view-data: 0.28156424104236066
