times:
  landing: 1.091608478000012
  view-data: 0.5561212029999751
