times:
  edit-metadata: 1.500237261876464
  landing: 0.8709433916956186
  view-data: 3.3791110888123512
