times:
  edit-metadata: 1.101958186016418
  landing: 0.060066689969971776
  view-data: 0.26516188599634916
