times:
  edit-metadata: 2.5763167403638363
  landing: 0.9874665606766939
  view-data: 0.4977877903729677
