times:
  landing: 1.0762072590000002
  view-data: 0.5644652309999856
