times:
  edit-metadata: 2.507097326219082
  landing: 1.3726985780522227
  view-data: 3.6309579396620393
