times:
  edit-metadata: 1.707694143988192
  landing: 0.054429101990535855
  view-data: 0.2825816778931767
