times:
  edit-metadata: 1.6700344369746745
  landing: 0.05649917002301663
  view-data: 0.24547867197543383
