times:
  edit-metadata: 1.4868707433342934
  landing: 0.970228873193264
  view-data: 3.4367118030786514
