times:
  landing: 0.5543135149999898
  view-data: 0.559353055999992
