times:
  edit-metadata: 1.450466115027666
  landing: 0.9487244691699743
  view-data: 3.381351249292493
