times:
  edit-metadata: 1.9441679837182164
  landing: 0.020679106935858727
  view-data: 0.025459750555455685
