times:
  edit-metadata: 1.926635516807437
  landing: 0.02208668738603592
  view-data: 0.4706761818379164
