times:
  edit-metadata: 1.64488510414958
  landing: 1.2043291740119457
  view-data: 3.4155633449554443
