times:
  edit-metadata: 1.9603986740112305
  landing: 0.1943481368944049
  view-data: 0.48852907959371805
