times:
  edit-metadata: 1.9400441581383348
  landing: 0.12770950142294168
  view-data: 0.026360223069787025
