times:
  edit-metadata: 1.6767056621611118
  landing: 1.0644621327519417
  view-data: 3.3772741109132767
