times:
  landing: 1.0752566239999908
  view-data: 0.5549489299999948
