times:
  edit-metadata: 1.5057015903294086
  landing: 0.8207677248865366
  view-data: 3.372336219996214
