times:
  edit-metadata: 1.1112586010131054
  landing: 0.07615049800369889
  view-data: 0.28626783803338185
