times:
  landing: 1.1650461520000022
  view-data: 0.5553884489999632
