times:
  edit-metadata: 0.9394581196829677
  landing: 0.05989835597574711
  view-data: 0.316183565184474
