times:
  edit-metadata: 1.6799409489613026
  landing: 0.05313552590087056
  view-data: 0.24212040496058762
