times:
  edit-metadata: 1.9451871681958437
  landing: 0.023915249854326248
  view-data: 0.12304166704416275
