times:
  edit-metadata: 1.4550632298924029
  landing: 0.8549744007177651
  view-data: 3.3918953128159046
