times:
  edit-metadata: 2.754153648391366
  landing: 0.13468136452138424
  view-data: 0.3018947523087263
