times:
  edit-metadata: 2.6262110732495785
  landing: 1.389795770868659
  view-data: 0.33690972439944744
