times:
  edit-metadata: 2.7565106488764286
  landing: 0.39302435517311096
  view-data: 0.38803050480782986
