times:
  edit-metadata: 1.0586923798546195
  landing: 0.0706501891836524
  view-data: 0.299709870480001
