times:
  edit-metadata: 1.04841354500968
  landing: 0.04893589299172163
  view-data: 0.24497489898931235
