times:
  edit-metadata: 1.3690679697319865
  landing: 0.8168972665444016
  view-data: 3.3415412977337837
