times:
  edit-metadata: 2.8858386613428593
  landing: 0.8679893277585506
  view-data: 0.3638791162520647
