times:
  edit-metadata: 1.4235186986625195
  landing: 0.9925415478646755
  view-data: 3.3686578534543514
