times:
  edit-metadata: 1.6450575269991532
  landing: 0.061593416961841285
  view-data: 0.250849845004268
