times:
  edit-metadata: 1.4383930321782827
  landing: 0.9176156744360924
  view-data: 3.422910524532199
