times:
  edit-metadata: 0.9689042689278722
  landing: 0.0648686159402132
  view-data: 0.2993938405998051
