times:
  edit-metadata: 1.5478647015988827
  landing: 0.8242431376129389
  view-data: 3.4130242485553026
