times:
  edit-metadata: 1.663326773326844
  landing: 0.061103859916329384
  view-data: 0.2665926478803158
