times:
  edit-metadata: 0.9661998562514782
  landing: 0.06234646029770374
  view-data: 0.26415840443223715
