times:
  edit-metadata: 1.9447580398991704
  landing: 0.02106031123548746
  view-data: 0.025212914682924747
