times:
  landing: 0.5568770480000467
  view-data: 0.560122946999968
