times:
  edit-metadata: 1.2284116446971893
  landing: 0.7212138995528221
  view-data: 3.351707554422319
