times:
  edit-metadata: 1.8897643741220236
  landing: 0.022647938691079617
  view-data: 0.02722883317619562
