times:
  edit-metadata: 1.0128552578389645
  landing: 0.051768089877441525
  view-data: 0.36590321199037135
