times:
  edit-metadata: 1.3326132018119097
  landing: 0.7397221019491553
  view-data: 3.3120321594178677
