times:
  edit-metadata: 2.057068010792136
  landing: 0.145316818729043
  view-data: 0.04578801617026329
