times:
  landing: 0.5614981960000023
  view-data: 0.5561985719999711
