times:
  edit-metadata: 0.9409506861120462
  landing: 0.055480056907981634
  view-data: 0.28981769224628806
