times:
  edit-metadata: 1.8864165730774403
  landing: 0.021047497168183327
  view-data: 0.12096987199038267
