times:
  edit-metadata: 1.7755995190236717
  landing: 0.06261042202822864
  view-data: 0.26724607194773853
