times:
  edit-metadata: 1.9043007073923945
  landing: 0.17169261910021305
  view-data: 0.12149043846875429
