times:
  edit-metadata: 1.661582802888006
  landing: 0.05441005202010274
  view-data: 0.28073967690579593
