times:
  landing: 0.5500123760000406
  view-data: 0.546278878999999
