times:
  edit-metadata: 1.6404871210106649
  landing: 0.054720769985578954
  view-data: 0.24856012198142707
