times:
  edit-metadata: 1.625248420983553
  landing: 1.0882187634706497
  view-data: 3.3834821321070194
