times:
  edit-metadata: 0.9418313540518284
  landing: 0.05414819996803999
  view-data: 0.30613099317997694
