times:
  edit-metadata: 1.6120150689966977
  landing: 1.067994658369571
  view-data: 3.311497242189944
