times:
  edit-metadata: 1.0798525516875088
  landing: 0.053996199276298285
  view-data: 0.24737437209114432
