times:
  edit-metadata: 1.1939684441313148
  landing: 0.06790280109271407
  view-data: 0.3158490741625428
