times:
  landing: 1.0659937679999985
  view-data: 0.5500528240000051
