times:
  edit-metadata: 1.7738023810088634
  landing: 1.2546121552586555
  view-data: 3.380017139017582
