times:
  edit-metadata: 2.5077830478549004
  landing: 0.059704847633838654
  view-data: 0.27540983259677887
