times:
  edit-metadata: 1.4995170645415783
  landing: 0.8451673537492752
  view-data: 3.4235809892416
