times:
  edit-metadata: 1.7630393977742642
  landing: 0.05548704811371863
  view-data: 0.24636368709616363
