times:
  edit-metadata: 2.5471519641578197
  landing: 0.950474301353097
  view-data: 0.44340180046856403
