times:
  edit-metadata: 0.9167573228478432
  landing: 0.0596054932102561
  view-data: 0.30562633741647005
