times:
  edit-metadata: 1.5302226915955544
  landing: 1.045652363449335
  view-data: 3.720126047730446
