times:
  edit-metadata: 2.9250660594552755
  landing: 0.02399015985429287
  view-data: 0.17257995158433914
