times:
  edit-metadata: 1.6312557198107243
  landing: 0.9897951111197472
  view-data: 3.3490399569272995
