times:
  landing: 0.5557899050000117
  view-data: 0.5524951630000032
