times:
  edit-metadata: 1.9294916922226548
  landing: 0.02084973081946373
  view-data: 0.025662731379270554
