times:
  edit-metadata: 0.9366252170875669
  landing: 0.05343165202066302
  view-data: 0.28492768993601203
