times:
  edit-metadata: 1.9023883249610662
  landing: 0.021611787378787994
  view-data: 0.0262649767100811
