times:
  edit-metadata: 1.4028777666389942
  landing: 1.0400550179183483
  view-data: 3.3218571692705154
