times:
  landing: 0.5492664269999636
  view-data: 0.5550943599999982
