times:
  edit-metadata: 1.6790533890016377
  landing: 0.055144073034171015
  view-data: 0.261503895977512
