times:
  edit-metadata: 2.0475468914955854
  landing: 0.023106854408979416
  view-data: 0.446072768419981
