times:
  edit-metadata: 1.4704253487288952
  landing: 0.9201395995914936
  view-data: 3.3261894825845957
