times:
  edit-metadata: 3.69059113971889
  landing: 0.7315142806619406
  view-data: 0.3533166330307722
