times:
  landing: 1.0707543849999865
  view-data: 0.5880789470000138
