times:
  edit-metadata: 1.6813421069819015
  landing: 0.05791924399090931
  view-data: 0.24858822199166752
