times:
  edit-metadata: 1.1087965010665357
  landing: 0.04847644688561559
  view-data: 0.29466159688308835
