times:
  landing: 1.2116887960582972
  view-data: 0.5568699990399182
