times:
  edit-metadata: 2.646001063287258
  landing: 0.7694004941731691
  view-data: 0.3071766532957554
