times:
  landing: 1.1718565570000123
  view-data: 0.6132931270000199
