times:
  edit-metadata: 1.5287344940006733
  landing: 0.8897041957825422
  view-data: 3.3063550740480423
