times:
  edit-metadata: 1.8126772344112396
  landing: 1.3178380765020847
  view-data: 3.5197800248861313
