times:
  edit-metadata: 1.4299805834889412
  landing: 0.7843786785379052
  view-data: 3.52447413187474
