times:
  edit-metadata: 1.3024544958025217
  landing: 0.8144493401050568
  view-data: 3.2819349486380816
