times:
  edit-metadata: 0.9805995908100158
  landing: 0.05183580005541444
  view-data: 0.29114028299227357
