times:
  edit-metadata: 1.6899604238569736
  landing: 0.06457144697196782
  view-data: 0.23322194116190076
