times:
  edit-metadata: 1.4690292701125145
  landing: 0.8283437266945839
  view-data: 3.375659443438053
