times:
  edit-metadata: 1.6436356510967016
  landing: 0.06012239074334502
  view-data: 0.28045098995789886
