times:
  edit-metadata: 1.9423447847366333
  landing: 0.14851536601781845
  view-data: 0.12266840506345034
