times:
  edit-metadata: 2.054793266579509
  landing: 0.022590285167098045
  view-data: 0.09884266182780266
