times:
  landing: 0.5588582600000223
  view-data: 0.5709698020000076
