times:
  edit-metadata: 2.219847021624446
  landing: 0.23151584900915623
  view-data: 0.4787379167973995
