times:
  edit-metadata: 2.7095899283885956
  landing: 1.2581943608820438
  view-data: 0.4743111841380596
