times:
  edit-metadata: 0.9894274570397101
  landing: 0.04961371800163761
  view-data: 0.28012182598467916
