times:
  edit-metadata: 1.0256366069952492
  landing: 0.05175857699941844
  view-data: 0.35993332901853137
