times:
  edit-metadata: 1.882434856146574
  landing: 0.023418309167027473
  view-data: 0.028704321943223476
