times:
  edit-metadata: 2.6315785571932793
  landing: 0.06883931718766689
  view-data: 0.31433195620775223
