times:
  edit-metadata: 1.4696987457573414
  landing: 1.0345952957868576
  view-data: 3.3840114511549473
