times:
  edit-metadata: 1.9352788962423801
  landing: 0.02234344743192196
  view-data: 0.13325479719787836
