times:
  edit-metadata: 1.0070011600037105
  landing: 0.05383701797109097
  view-data: 0.25527791504282504
