times:
  edit-metadata: 1.5031581409275532
  landing: 0.8827659543603659
  view-data: 3.394927630200982
