times:
  edit-metadata: 1.706629830878228
  landing: 0.06270010303705931
  view-data: 0.26471554581075907
