times:
  edit-metadata: 1.635108423884958
  landing: 0.06073172204196453
  view-data: 0.26738472701981664
