times:
  edit-metadata: 1.648271340993233
  landing: 0.050569751067087054
  view-data: 0.2619734229519963
