times:
  edit-metadata: 1.6492443629540503
  landing: 0.05221126414835453
  view-data: 0.2903847903944552
