times:
  landing: 1.1638910839999994
  view-data: 0.5544839740000214
