times:
  landing: 1.5875746080000113
  view-data: 0.5706486459999951
