times:
  landing: 0.5590739939999878
  view-data: 0.5643420520000006
