times:
  edit-metadata: 1.7368939626030624
  landing: 0.05594992823898792
  view-data: 0.2810310539789498
