times:
  edit-metadata: 2.4587765522301197
  landing: 0.05900591239333153
  view-data: 0.2788987532258034
