times:
  landing: 1.1469771529999946
  view-data: 0.5755865139999798
