times:
  edit-metadata: 0.9534156005829573
  landing: 0.06812768895179033
  view-data: 0.33450083434581757
