times:
  landing: 0.6137488659999804
  view-data: 0.5578613330000053
