times:
  landing: 0.5687308110000231
  view-data: 0.5545598410001276
