times:
  landing: 1.079194847999986
  view-data: 0.5572965350000345
