times:
  edit-metadata: 1.86944277305156
  landing: 0.019429936073720455
  view-data: 0.12505705747753382
