times:
  landing: 0.5551156390000074
  view-data: 0.5573315819999891
