times:
  edit-metadata: 1.5067122103646398
  landing: 0.9269270384684205
  view-data: 3.4225841779261827
