times:
  edit-metadata: 1.5489280009642243
  landing: 0.9190168851055205
  view-data: 3.260537018068135
