times:
  landing: 1.136334264999988
  view-data: 0.5614781710000045
