times:
  edit-metadata: 1.8821381535381079
  landing: 0.0212547704577446
  view-data: 0.12203015014529228
