times:
  landing: 0.5587324279999848
  view-data: 0.5557723370000076
