times:
  edit-metadata: 1.3886350691318512
  landing: 0.8977885930798948
  view-data: 3.3705212669447064
