times:
  edit-metadata: 0.9723002761602402
  landing: 0.055867315735667944
  view-data: 0.32019279105588794
