times:
  edit-metadata: 1.4253089986741543
  landing: 0.8924615159630775
  view-data: 3.3411316238343716
