times:
  edit-metadata: 1.5236998796463013
  landing: 0.8804182559251785
  view-data: 3.4425707049667835
