times:
  edit-metadata: 1.425183977931738
  landing: 0.900202639400959
  view-data: 3.291038081049919
