times:
  edit-metadata: 1.1062884389830288
  landing: 0.0677688580180984
  view-data: 0.23710018600104377
