times:
  edit-metadata: 3.0149886664003134
  landing: 1.6262236814945936
  view-data: 0.6908991523087025
