times:
  landing: 1.1162131849999923
  view-data: 0.5683756080000535
