times:
  edit-metadata: 1.9474893039950985
  landing: 0.06173221300559817
  view-data: 0.2537190910006757
