times:
  edit-metadata: 1.6412413199432194
  landing: 0.05211937380954623
  view-data: 0.26467927312478423
