times:
  landing: 1.1308333359999665
  view-data: 0.5628265489999649
