times:
  edit-metadata: 1.927246604114771
  landing: 0.020752083510160446
  view-data: 0.11549919191747904
