times:
  edit-metadata: 1.212169901933521
  landing: 0.051447446923702955
  view-data: 0.2884207731112838
