times:
  edit-metadata: 1.0720691500464454
  landing: 0.05719157599378377
  view-data: 0.25932394503615797
