times:
  edit-metadata: 1.569637194275856
  landing: 0.9512121230363846
  view-data: 0.6055144444108009
