times:
  landing: 0.5651448870000308
  view-data: 0.5574993820000032
