times:
  edit-metadata: 2.3426051922142506
  landing: 0.061299216002225876
  view-data: 0.2765878066420555
