times:
  edit-metadata: 1.5117682929849252
  landing: 0.8866972379619256
  view-data: 3.374844811973162
