times:
  edit-metadata: 1.9510378539562225
  landing: 1.247573483735323
  view-data: 3.4535340648144484
