times:
  edit-metadata: 2.034215906634927
  landing: 0.022648921236395836
  view-data: 0.024183008819818497
