times:
  edit-metadata: 2.5644593834877014
  landing: 0.8022292517125607
  view-data: 0.37876346334815025
