times:
  landing: 1.0951881949999915
  view-data: 0.5818507249999811
