times:
  landing: 0.5555761279999842
  view-data: 0.553242508999972
