times:
  edit-metadata: 1.4482814450748265
  landing: 0.9064354142174125
  view-data: 3.4076496371999383
