times:
  edit-metadata: 2.073380723595619
  landing: 0.021882858127355576
  view-data: 0.4802920538932085
