times:
  edit-metadata: 1.3709674924612045
  landing: 0.8055154234170914
  view-data: 3.442168327048421
