times:
  edit-metadata: 0.9993453639326617
  landing: 0.049986559082753956
  view-data: 0.3663320830091834
