times:
  edit-metadata: 1.9084844663739204
  landing: 0.021413320675492287
  view-data: 0.48372997157275677
