times:
  edit-metadata: 1.9910796992480755
  landing: 0.13225868716835976
  view-data: 0.4300370141863823
