times:
  landing: 0.5595786919999739
  view-data: 0.5666760930000123
