times:
  edit-metadata: 3.339253621175885
  landing: 0.7372912410646677
  view-data: 0.32403152249753475
