times:
  edit-metadata: 1.7012014801148325
  landing: 0.06296219793148339
  view-data: 0.27926243492402136
