times:
  edit-metadata: 1.8918643537908792
  landing: 0.17711378447711468
  view-data: 0.12047062534838915
