times:
  edit-metadata: 2.1723994594067335
  landing: 0.02088986337184906
  view-data: 0.15840172581374645
