times:
  edit-metadata: 2.4824112877249718
  landing: 0.11308510974049568
  view-data: 0.27611277997493744
