times:
  edit-metadata: 1.3528743111528456
  landing: 0.8516822522506118
  view-data: 3.431162327993661
