times:
  landing: 0.557785942999999
  view-data: 0.5564472600000272
