times:
  edit-metadata: 1.3699959218502045
  landing: 0.8652174547314644
  view-data: 3.3573059402406216
