times:
  edit-metadata: 2.791997349995654
  landing: 0.3044981600251049
  view-data: 0.5556253680260852
