times:
  edit-metadata: 1.6509834750031587
  landing: 0.062169167009415105
  view-data: 0.2588009989995044
