times:
  edit-metadata: 1.9065046599134803
  landing: 0.02408134751021862
  view-data: 0.11629157792776823
