times:
  edit-metadata: 1.9141619056463242
  landing: 0.02029919158667326
  view-data: 0.11954147554934025
