times:
  edit-metadata: 1.4820745065808296
  landing: 0.8309402093291283
  view-data: 3.3333360739052296
