times:
  edit-metadata: 3.212942201644182
  landing: 0.30791978165507317
  view-data: 0.25941766798496246
