times:
  edit-metadata: 1.7113084299489856
  landing: 0.05401885276660323
  view-data: 0.2586157862097025
