times:
  edit-metadata: 1.4418707117438316
  landing: 0.7983160074800253
  view-data: 3.427147878333926
