times:
  landing: 0.5513077229999226
  view-data: 0.5495698050000328
