times:
  edit-metadata: 2.928859144449234
  landing: 0.6887348033487797
  view-data: 0.4337165281176567
