times:
  landing: 0.5515028229999643
  view-data: 0.5534455469999671
