times:
  edit-metadata: 2.397253956645727
  landing: 0.060954708606004715
  view-data: 0.2757740169763565
