times:
  edit-metadata: 0.8990515638142824
  landing: 0.05572183569893241
  view-data: 0.2532489658333361
