times:
  edit-metadata: 2.492057559080422
  landing: 0.1925809681415558
  view-data: 0.18649828899651766
