times:
  edit-metadata: 2.5607901513576508
  landing: 0.11788804084062576
  view-data: 0.278519369661808
