times:
  edit-metadata: 1.5092345029115677
  landing: 0.8373569399118423
  view-data: 3.4376341719180346
