times:
  edit-metadata: 2.268308731727302
  landing: 0.01842800434678793
  view-data: 0.027145001105964184
