times:
  edit-metadata: 0.9266039011999965
  landing: 0.06242020893841982
  view-data: 0.2831654869951308
