times:
  edit-metadata: 2.3577994853258133
  landing: 0.06592793390154839
  view-data: 0.27329857274889946
