times:
  landing: 0.5502236820000235
  view-data: 0.5544154440000284
