times:
  edit-metadata: 1.0029213710222393
  landing: 0.05261544184759259
  view-data: 0.3583145700395107
