times:
  landing: 0.5532079689999989
  view-data: 0.5560665680000056
