times:
  edit-metadata: 2.74121081456542
  landing: 1.104977048933506
  view-data: 0.7154261916875839
