times:
  edit-metadata: 0.9106286051683128
  landing: 0.06023214338347316
  view-data: 0.2901168870739639
