times:
  edit-metadata: 1.677225154824555
  landing: 0.05062897130846977
  view-data: 0.2723090657964349
