times:
  landing: 0.567819917999941
  view-data: 0.5634474940000018
