times:
  landing: 1.083939634000103
  view-data: 0.5586463209999692
