times:
  edit-metadata: 1.450917306356132
  landing: 0.9250036580488086
  view-data: 3.468161853030324
