times:
  landing: 0.580666430000008
  view-data: 0.568134577999956
