times:
  edit-metadata: 0.9265704927965999
  landing: 0.07038776017725468
  view-data: 0.3722082655876875
