times:
  edit-metadata: 0.9675745493732393
  landing: 0.05769123928621411
  view-data: 0.31379957078024745
