times:
  edit-metadata: 0.9729276038706303
  landing: 0.055506400763988495
  view-data: 0.3025525021366775
