times:
  edit-metadata: 1.594250176101923
  landing: 1.0372399054467678
  view-data: 3.3917692862451077
