times:
  edit-metadata: 1.4934456795454025
  landing: 0.8494273535907269
  view-data: 3.4463090263307095
