times:
  edit-metadata: 1.4995227493345737
  landing: 1.0117101036012173
  view-data: 3.435113277286291
