times:
  edit-metadata: 1.7345592342317104
  landing: 1.1625874191522598
  view-data: 3.349359445273876
