times:
  edit-metadata: 0.8994242590852082
  landing: 0.05866829305887222
  view-data: 0.2628608304075897
