times:
  edit-metadata: 0.9139306801371276
  landing: 0.050379513297230005
  view-data: 0.28210145700722933
