times:
  edit-metadata: 1.036955000992748
  landing: 0.0481208599958336
  view-data: 0.4030028750130441
