times:
  edit-metadata: 0.9986248980276287
  landing: 0.05359232006594539
  view-data: 0.35737378476187587
