times:
  edit-metadata: 2.529909508302808
  landing: 0.06524955667555332
  view-data: 0.3113537169992924
