times:
  edit-metadata: 1.3748451238498092
  landing: 0.8619096362963319
  view-data: 3.4257174069061875
