times:
  edit-metadata: 1.094283354934305
  landing: 0.04516509594395757
  view-data: 0.25853966490831226
