times:
  landing: 1.099462270999993
  view-data: 0.561429043999965
