times:
  edit-metadata: 2.2437873259186745
  landing: 0.06773354299366474
  view-data: 0.31330848718062043
