times:
  landing: 0.551259191999975
  view-data: 0.5501638370000137
