times:
  edit-metadata: 1.9413453852757812
  landing: 0.11786418594419956
  view-data: 0.11538259219378233
