times:
  edit-metadata: 1.6731834621168673
  landing: 0.055614696117118
  view-data: 0.2632828562054783
