times:
  landing: 0.5691976260000047
  view-data: 0.555292559999998
