times:
  edit-metadata: 1.8614548537880182
  landing: 0.02336710598319769
  view-data: 0.12328663375228643
