times:
  edit-metadata: 1.3943156003952026
  landing: 0.8279565684497356
  view-data: 3.3557630628347397
