times:
  edit-metadata: 1.6098665371537209
  landing: 1.0357594452798367
  view-data: 3.3503798954188824
