times:
  landing: 0.5603166490000149
  view-data: 0.5571570160000192
