times:
  edit-metadata: 2.0841789916157722
  landing: 0.15232598781585693
  view-data: 0.5326164811849594
