times:
  landing: 0.558032661999988
  view-data: 0.5702022459999796
