times:
  edit-metadata: 1.4306494880001992
  landing: 0.12118697300320491
  view-data: 0.34550592699088156
