times:
  edit-metadata: 2.3154760003089905
  landing: 0.05529894679784775
  view-data: 0.28781160712242126
