times:
  edit-metadata: 1.950109071098268
  landing: 0.19649377558380365
  view-data: 0.02473296318203211
