times:
  edit-metadata: 1.4152088798582554
  landing: 1.0877686850726604
  view-data: 3.354000173509121
