times:
  landing: 0.5588190610000083
  view-data: 0.5748953460000052
