times:
  edit-metadata: 1.5005856580100954
  landing: 0.9023565948009491
  view-data: 3.374894464854151
