times:
  landing: 0.5552670580000267
  view-data: 0.5577312729997175
