times:
  edit-metadata: 1.0737733459100127
  landing: 0.05219118110835552
  view-data: 0.24510480416938663
