times:
  edit-metadata: 2.581431195139885
  landing: 1.0815573316067457
  view-data: 0.38081081211566925
