times:
  edit-metadata: 1.3317552357912064
  landing: 0.9211227260529995
  view-data: 3.340009208768606
