times:
  edit-metadata: 2.09506076015532
  landing: 0.02138419635593891
  view-data: 0.45074556209146976
