times:
  edit-metadata: 1.5063813347369432
  landing: 0.828732505440712
  view-data: 3.398252746090293
