times:
  edit-metadata: 1.757266647880897
  landing: 0.05147689511068165
  view-data: 0.2585916470270604
