times:
  edit-metadata: 1.7193071800138569
  landing: 0.05638906300009694
  view-data: 0.30086557900358457
