times:
  edit-metadata: 2.6258020270615816
  landing: 0.0637369155883789
  view-data: 0.35604681074619293
