times:
  edit-metadata: 1.6841518169967458
  landing: 0.05330380005761981
  view-data: 0.2510500829666853
