times:
  edit-metadata: 1.0189794830512255
  landing: 0.05581043194979429
  view-data: 0.3664073550608009
