times:
  edit-metadata: 0.9857523813843727
  landing: 0.05886757839471102
  view-data: 0.4156898995861411
