times:
  landing: 1.0712513990000048
  view-data: 0.554874304000009
