times:
  edit-metadata: 4.191610625013709
  landing: 0.9099108800292015
  view-data: 5.513241187669337
