times:
  edit-metadata: 1.5423811227083206
  landing: 0.8600651919841766
  view-data: 3.4134959802031517
