times:
  edit-metadata: 1.5115546807646751
  landing: 0.8965558037161827
  view-data: 3.4244543369859457
