times:
  landing: 1.095216085000061
  view-data: 0.5691564950000156
