times:
  edit-metadata: 2.497681485489011
  landing: 0.1697516292333603
  view-data: 0.5292956531047821
