times:
  edit-metadata: 2.786624336615205
  landing: 1.120832746848464
  view-data: 0.680899403989315
