times:
  edit-metadata: 1.827644047094509
  landing: 0.0502018581610173
  view-data: 0.25996335688978434
