times:
  edit-metadata: 2.7010173443704844
  landing: 0.6359865125268698
  view-data: 0.3138240184634924
