times:
  edit-metadata: 1.66963834798662
  landing: 0.054963575006695464
  view-data: 0.2774463990062941
