times:
  edit-metadata: 1.7378291790373623
  landing: 0.053975766990333796
  view-data: 0.24198191706091166
