times:
  edit-metadata: 1.1867847018875182
  landing: 0.08174783596768975
  view-data: 0.293555426876992
