times:
  edit-metadata: 1.4775268882513046
  landing: 0.8635516632348299
  view-data: 3.353299394249916
