times:
  edit-metadata: 1.7328304508700967
  landing: 0.06601230800151825
  view-data: 0.2659957509022206
