times:
  edit-metadata: 1.7236741110682487
  landing: 0.048374342964962125
  view-data: 0.24391991703305393
