times:
  edit-metadata: 1.87415184173733
  landing: 0.13532191142439842
  view-data: 0.5023832703009248
