times:
  landing: 1.0861386930000094
  view-data: 0.5647826990000056
