times:
  edit-metadata: 0.9316895888186991
  landing: 0.059204263146966696
  view-data: 0.27774469275027514
