times:
  edit-metadata: 2.7308265641331673
  landing: 0.9675180781632662
  view-data: 0.3594820126891136
