times:
  edit-metadata: 1.4588114134967327
  landing: 0.9286802485585213
  view-data: 3.3481299728155136
