times:
  edit-metadata: 2.720002967864275
  landing: 0.594919640570879
  view-data: 0.6763881351798773
