times:
  landing: 0.5640088349999814
  view-data: 0.5663296010000067
