times:
  landing: 1.0682268330000113
  view-data: 0.5580589699999905
