times:
  edit-metadata: 0.9890705749858171
  landing: 0.048790258122608066
  view-data: 0.3668578900396824
