times:
  edit-metadata: 1.3863283039536327
  landing: 0.9186472290894017
  view-data: 3.3192470020148903
