times:
  edit-metadata: 1.3663730849511921
  landing: 0.9131127381697297
  view-data: 3.3853740440681577
