times:
  edit-metadata: 1.8810586566105485
  landing: 0.02120065502822399
  view-data: 0.11965066008269787
