times:
  edit-metadata: 2.0646031368523836
  landing: 0.24572944454848766
  view-data: 0.5095592625439167
