times:
  edit-metadata: 2.3249471988528967
  landing: 1.4864974860101938
  view-data: 3.5841259229928255
