times:
  edit-metadata: 1.4602865800261497
  landing: 0.7974929511547089
  view-data: 3.3276769779622555
