times:
  edit-metadata: 2.65984951145947
  landing: 0.16261710971593857
  view-data: 0.5157315954566002
