times:
  edit-metadata: 1.5398557130247355
  landing: 0.8380440063774586
  view-data: 3.480243768543005
