times:
  edit-metadata: 1.5971379838883877
  landing: 0.9645540453493595
  view-data: 3.3141133561730385
