times:
  edit-metadata: 1.5494692474603653
  landing: 0.896642904728651
  view-data: 3.4132477305829525
