times:
  edit-metadata: 2.4997877813875675
  landing: 0.2702850680798292
  view-data: 0.6093918960541487
