times:
  edit-metadata: 1.5144529975950718
  landing: 0.8553743027150631
  view-data: 3.4026162065565586
