times:
  landing: 0.5673515990000055
  view-data: 0.5600155559999962
