times:
  edit-metadata: 1.9736907789483666
  landing: 0.022102901712059975
  view-data: 0.10166927520185709
