times:
  edit-metadata: 1.974302874878049
  landing: 0.1223309151828289
  view-data: 0.5159070268273354
