times:
  edit-metadata: 2.660005420446396
  landing: 1.0995721705257893
  view-data: 0.669317664578557
