times:
  landing: 0.5595462019999786
  view-data: 0.5548166779999519
