times:
  edit-metadata: 1.7735343649983406
  landing: 1.2777062691748142
  view-data: 3.4054477140307426
