times:
  edit-metadata: 1.9326184866949916
  landing: 0.12892180681228638
  view-data: 0.02846014965325594
