times:
  edit-metadata: 1.9166903859004378
  landing: 0.020384817384183407
  view-data: 0.19700547493994236
