times:
  edit-metadata: 2.3821334280073643
  landing: 0.05872417241334915
  view-data: 0.29062507674098015
