times:
  landing: 1.1637908240000172
  view-data: 0.5963182769999946
