times:
  edit-metadata: 1.7298215240007266
  landing: 0.0541163639863953
  view-data: 0.26334423199296
