times:
  edit-metadata: 2.0896205380558968
  landing: 0.07034226879477501
  view-data: 0.25809400901198387
