times:
  landing: 0.5546912589999806
  view-data: 0.06665823899999168
