times:
  edit-metadata: 1.2294967609923333
  landing: 0.04336005600634962
  view-data: 0.23894254499464296
