times:
  edit-metadata: 1.7678142040967941
  landing: 0.055677488911896944
  view-data: 0.25006653112359345
