times:
  landing: 1.0632028239997453
  view-data: 0.5545846690001781
