times:
  edit-metadata: 1.5204678336158395
  landing: 1.0579816410318017
  view-data: 3.5676699290052056
