times:
  edit-metadata: 1.8538040667772293
  landing: 0.024321477860212326
  view-data: 0.023576919920742512
