times:
  edit-metadata: 1.5245758146047592
  landing: 0.9374982267618179
  view-data: 3.3740987218916416
