times:
  edit-metadata: 2.0116963908076286
  landing: 0.01933618076145649
  view-data: 0.028148025274276733
