times:
  landing: 1.0880942760000494
  view-data: 0.5508165990000293
