times:
  edit-metadata: 0.9951192600001377
  landing: 0.04572262100009539
  view-data: 0.2566129990000263
