times:
  edit-metadata: 2.392909336835146
  landing: 0.06618916988372803
  view-data: 0.27488453686237335
