times:
  edit-metadata: 2.3187062740325928
  landing: 0.06090633198618889
  view-data: 0.274088516831398
