times:
  landing: 1.5939562359999968
  view-data: 0.569187119999981
