times:
  edit-metadata: 1.3582262312993407
  landing: 0.8446749579161406
  view-data: 3.345801427960396
