times:
  edit-metadata: 1.9362221220508218
  landing: 0.01784548256546259
  view-data: 0.11810350324958563
