times:
  edit-metadata: 2.0579891838133335
  landing: 0.021644527092576027
  view-data: 0.023883884772658348
