times:
  edit-metadata: 0.9751190240494907
  landing: 0.0561612700112164
  view-data: 0.2723326487466693
