times:
  edit-metadata: 2.3424528017640114
  landing: 0.06083906441926956
  view-data: 0.2933629974722862
