times:
  landing: 0.555987961999989
  view-data: 0.5652477929999975
