times:
  landing: 1.0811815339999953
  view-data: 0.5693496369999593
