times:
  landing: 0.5638143850000006
  view-data: 0.5670413880000069
