times:
  edit-metadata: 0.9384096618741751
  landing: 0.0583573873154819
  view-data: 0.2740126568824053
