times:
  edit-metadata: 1.4036277001723647
  landing: 0.8244433607906103
  view-data: 3.5440572425723076
