times:
  landing: 0.5624696880000783
  view-data: 0.5584328649999861
