times:
  edit-metadata: 0.9567254344001412
  landing: 0.05340312048792839
  view-data: 0.2856347840279341
