times:
  edit-metadata: 1.1849740440957248
  landing: 0.09198140818625689
  view-data: 0.3252568328753114
