times:
  edit-metadata: 1.435370096936822
  landing: 0.9165782146155834
  view-data: 3.3532377472147346
