times:
  landing: 0.5616626499999597
  view-data: 0.5759717239999986
