times:
  landing: 0.5575125549999882
  view-data: 0.5623968179999963
