times:
  edit-metadata: 2.706659769639373
  landing: 0.8788461163640022
  view-data: 0.3953375965356827
