times:
  edit-metadata: 2.5802306439727545
  landing: 0.30956902727484703
  view-data: 0.48009254038333893
