times:
  edit-metadata: 1.8351174360141158
  landing: 0.06157463486306369
  view-data: 0.28568265913054347
