times:
  edit-metadata: 0.9395797331817448
  landing: 0.05339235020801425
  view-data: 0.2833886402659118
