times:
  edit-metadata: 1.6659770449623466
  landing: 0.05680046393536031
  view-data: 0.24658424605149776
