times:
  landing: 1.6499951689999932
  view-data: 0.5636029590000078
