times:
  edit-metadata: 1.275342794135213
  landing: 1.0535468952730298
  view-data: 3.3344346550293267
