times:
  edit-metadata: 2.6098611801862717
  landing: 0.21665140241384506
  view-data: 0.8985077757388353
