times:
  edit-metadata: 2.4284306429326534
  landing: 1.7400297783315182
  view-data: 0.49858330376446247
