times:
  edit-metadata: 1.0056304119934794
  landing: 0.0529293589934241
  view-data: 0.3617015519994311
