times:
  edit-metadata: 1.668811287265271
  landing: 0.8772235228680074
  view-data: 3.3548149317502975
