times:
  edit-metadata: 2.5782967545092106
  landing: 0.7971585635095835
  view-data: 0.3371228836476803
