times:
  edit-metadata: 1.7614119136705995
  landing: 0.1376508278772235
  view-data: 0.43561052717268467
