times:
  edit-metadata: 1.9055360369384289
  landing: 0.05797591432929039
  view-data: 0.30454497411847115
