times:
  edit-metadata: 1.996970466338098
  landing: 0.022476576268672943
  view-data: 0.028886319138109684
