times:
  edit-metadata: 3.9361753799021244
  landing: 2.130167942494154
  view-data: 3.848485104739666
