times:
  edit-metadata: 1.29136947914958
  landing: 0.9096855111420155
  view-data: 3.3223765529692173
