times:
  edit-metadata: 0.9902065310161561
  landing: 0.05361597612500191
  view-data: 0.2625742459204048
