times:
  edit-metadata: 1.954228661954403
  landing: 0.11962805222719908
  view-data: 0.1832797657698393
