times:
  edit-metadata: 1.5513664074242115
  landing: 0.9754787608981133
  view-data: 3.3707588016986847
