times:
  edit-metadata: 1.646488904953003
  landing: 0.9757968899793923
  view-data: 3.327443476766348
