times:
  edit-metadata: 1.8780994713306427
  landing: 1.3060546554625034
  view-data: 3.529930740594864
