times:
  edit-metadata: 2.64197089150548
  landing: 0.05420523323118687
  view-data: 0.5424445569515228
