times:
  edit-metadata: 1.7084419499151409
  landing: 0.05314304027706385
  view-data: 0.31723841559141874
