times:
  landing: 0.5473855019999974
  view-data: 0.5546946009999942
