times:
  edit-metadata: 1.9118799064308405
  landing: 0.023120650090277195
  view-data: 0.027085470035672188
