times:
  edit-metadata: 1.2457116730511189
  landing: 0.09977787500247359
  view-data: 0.40827940311282873
