times:
  edit-metadata: 2.3227003179490566
  landing: 0.06342582032084465
  view-data: 0.280696339905262
