times:
  landing: 0.5573268620000249
  view-data: 0.5669762780000269
