times:
  edit-metadata: 1.0641605260316283
  landing: 0.05063374899327755
  view-data: 0.2630404740339145
