times:
  edit-metadata: 1.9042842043563724
  landing: 0.021935789845883846
  view-data: 0.02555733732879162
