times:
  edit-metadata: 0.9417199501767755
  landing: 0.05607012752443552
  view-data: 0.3142146598547697
