times:
  edit-metadata: 1.0846827309942455
  landing: 0.05092511900147656
  view-data: 0.2681142830042518
