times:
  edit-metadata: 1.4079381115734577
  landing: 0.9422444514930248
  view-data: 3.3251438662409782
