times:
  edit-metadata: 1.3928849250078201
  landing: 0.8330771699547768
  view-data: 3.2781339325010777
