times:
  edit-metadata: 1.5202863402664661
  landing: 0.8496692776679993
  view-data: 3.385232273489237
