times:
  edit-metadata: 1.5041448511183262
  landing: 1.0027896501123905
  view-data: 3.391272082924843
