times:
  edit-metadata: 2.754396341741085
  landing: 0.5977797247469425
  view-data: 0.6926912255585194
