times:
  edit-metadata: 1.4828065242618322
  landing: 0.785354483872652
  view-data: 3.3676679115742445
