times:
  edit-metadata: 1.5908309179358184
  landing: 1.129700745921582
  view-data: 3.3355262599652633
