times:
  edit-metadata: 1.4514796496368945
  landing: 0.04471171600744128
  view-data: 0.3759484812617302
