times:
  edit-metadata: 1.3672736547887325
  landing: 0.7346133403480053
  view-data: 3.2886314280331135
