times:
  landing: 0.5715451759999723
  view-data: 0.5633574230000704
