times:
  edit-metadata: 1.2611000570468605
  landing: 0.05053304601460695
  view-data: 0.27825248520821333
