times:
  edit-metadata: 1.04489860200556
  landing: 0.04748119000578299
  view-data: 0.363928549020784
