times:
  landing: 0.5563405909999801
  view-data: 0.5594512559999885
