times:
  edit-metadata: 1.0035825881641358
  landing: 0.04790610307827592
  view-data: 0.2624972371850163
