times:
  edit-metadata: 1.5577595345675945
  landing: 0.7636191826313734
  view-data: 3.3881921619176865
