times:
  edit-metadata: 1.3735996640753
  landing: 0.7440382749773562
  view-data: 3.321939175017178
