times:
  edit-metadata: 1.885006562806666
  landing: 0.021841171197593212
  view-data: 0.09886472672224045
