times:
  edit-metadata: 1.9018358066678047
  landing: 0.019262935034930706
  view-data: 0.023345578461885452
