times:
  edit-metadata: 1.9684353675693274
  landing: 0.023155195638537407
  view-data: 0.3743656724691391
