times:
  edit-metadata: 1.531624499708414
  landing: 0.7847998682409525
  view-data: 3.4288219586014748
