times:
  landing: 1.1084025239999846
  view-data: 0.5595942770000306
