times:
  edit-metadata: 1.6969126590993255
  landing: 0.05933399987407029
  view-data: 0.24137354083359241
