times:
  edit-metadata: 2.330651108175516
  landing: 0.13367207162082195
  view-data: 0.026842355728149414
