times:
  edit-metadata: 2.3137236274778843
  landing: 0.022425606846809387
  view-data: 0.02695420105010271
