times:
  landing: 1.0680714249999994
  view-data: 0.5623596249999991
