times:
  edit-metadata: 0.9652052260935307
  landing: 0.06489747297018766
  view-data: 0.3549563232809305
