times:
  edit-metadata: 2.2161589693278074
  landing: 2.1735939159989357
  view-data: 3.492616469040513
