times:
  edit-metadata: 1.46959675475955
  landing: 1.0370263196527958
  view-data: 3.4024802297353745
