times:
  edit-metadata: 1.4137127585709095
  landing: 1.0176133066415787
  view-data: 3.2831725366413593
