times:
  landing: 0.5702702280000267
  view-data: 0.5662380989999747
