times:
  edit-metadata: 1.6561542410054244
  landing: 0.05217254000308458
  view-data: 0.2779672580072656
