times:
  edit-metadata: 1.4014548463746905
  landing: 0.8456902438774705
  view-data: 3.344208694063127
