times:
  edit-metadata: 1.9745563454926014
  landing: 0.020020417869091034
  view-data: 0.12506419606506824
