times:
  edit-metadata: 2.078332180157304
  landing: 0.3117334898561239
  view-data: 0.12684443593025208
