times:
  edit-metadata: 1.627258247928694
  landing: 0.05295626993756741
  view-data: 0.24089868797454983
