times:
  edit-metadata: 2.9161142371594906
  landing: 0.43926603719592094
  view-data: 0.36990390345454216
