times:
  edit-metadata: 1.5935979261994362
  landing: 0.9443305786699057
  view-data: 3.3318565152585506
