times:
  edit-metadata: 0.9461659323424101
  landing: 0.05485587939620018
  view-data: 0.3166008722037077
