times:
  edit-metadata: 1.8131512738764286
  landing: 1.1991868317127228
  view-data: 3.3958300165832043
