times:
  edit-metadata: 1.925063505768776
  landing: 1.3241906128823757
  view-data: 3.4169108513742685
