times:
  edit-metadata: 1.4040201343595982
  landing: 0.892404094338417
  view-data: 3.373956773430109
