times:
  edit-metadata: 1.4197490308433771
  landing: 0.8452871143817902
  view-data: 3.3216813299804926
