times:
  edit-metadata: 2.432169586420059
  landing: 0.29542520083487034
  view-data: 0.5356908664107323
