times:
  edit-metadata: 1.6023242219816893
  landing: 1.2105304549913853
  view-data: 3.3874891048762947
