times:
  landing: 1.069165374000022
  view-data: 1.1198557820000588
