times:
  edit-metadata: 1.8886789698153734
  landing: 0.06265789037570357
  view-data: 0.27266705641523004
