times:
  edit-metadata: 1.4185301512479782
  landing: 0.8619959503412247
  view-data: 3.323913309723139
