times:
  edit-metadata: 1.9176447773352265
  landing: 0.021241839975118637
  view-data: 0.028626201674342155
