times:
  edit-metadata: 1.9681743620021734
  landing: 0.09043284400831908
  view-data: 0.2472086999914609
