times:
  landing: 0.5623902639999869
  view-data: 0.05481896800000641
