times:
  landing: 0.5660470989999737
  view-data: 0.5663845020000053
