times:
  landing: 1.5832055430000196
  view-data: 0.5514860349999822
