times:
  edit-metadata: 2.6932914573699236
  landing: 1.5328139550983906
  view-data: 3.4677031487226486
