times:
  edit-metadata: 1.4734800644218922
  landing: 1.0022034924477339
  view-data: 3.3310551196336746
