times:
  edit-metadata: 2.0253697838634253
  landing: 0.020212484523653984
  view-data: 0.02446570061147213
