times:
  edit-metadata: 1.7630125879950356
  landing: 0.06094923199270852
  view-data: 8.752020447995164
