times:
  edit-metadata: 1.9628288382664323
  landing: 0.019431023858487606
  view-data: 0.25178319308906794
