times:
  edit-metadata: 1.882396925240755
  landing: 0.01906951703131199
  view-data: 0.1239384151995182
