times:
  edit-metadata: 1.4874588921666145
  landing: 0.8191072791814804
  view-data: 3.393906584009528
