times:
  edit-metadata: 1.6688259419752285
  landing: 0.06111139198765159
  view-data: 0.24300260096788406
