times:
  edit-metadata: 0.989537529181689
  landing: 0.04967311304062605
  view-data: 0.2675533259753138
