times:
  edit-metadata: 1.6333947970997542
  landing: 0.04922722605988383
  view-data: 0.25399564392864704
