times:
  edit-metadata: 2.6026423666626215
  landing: 0.062205471098423004
  view-data: 0.33580482192337513
