times:
  edit-metadata: 1.5248911026865244
  landing: 1.0128177236765623
  view-data: 3.3694627042859793
