times:
  landing: 0.5538561389999757
  view-data: 0.5609754570000121
