times:
  edit-metadata: 1.7523514239583164
  landing: 0.06237972085364163
  view-data: 0.266560924006626
