times:
  landing: 0.565489714999984
  view-data: 0.5636659480000219
