times:
  edit-metadata: 2.5558721907436848
  landing: 3.8632408436387777
  view-data: 2.0494341049343348
