times:
  edit-metadata: 2.0633053509518504
  landing: 0.08765579201281071
  view-data: 0.3730842489749193
