times:
  edit-metadata: 2.604419134557247
  landing: 0.6359025351703167
  view-data: 0.2893402837216854
