times:
  landing: 0.5597012090000248
  view-data: 0.5606031130000133
