times:
  edit-metadata: 2.7367462404072285
  landing: 0.572860587388277
  view-data: 0.6917770076543093
