times:
  landing: 0.5572544279999931
  view-data: 0.5594110540000088
