times:
  edit-metadata: 2.6435198225080967
  landing: 0.06835377588868141
  view-data: 0.3019789569079876
