times:
  edit-metadata: 0.9285471737384796
  landing: 0.059289028868079185
  view-data: 0.27860971819609404
