times:
  edit-metadata: 2.679554231464863
  landing: 0.7093221079558134
  view-data: 0.3248946852982044
