times:
  edit-metadata: 2.388600494712591
  landing: 0.06529415026307106
  view-data: 0.2895778752863407
