times:
  edit-metadata: 1.9704995278734714
  landing: 0.12626729509793222
  view-data: 0.27672778395935893
