times:
  edit-metadata: 1.582863187417388
  landing: 0.8650330677628517
  view-data: 3.4277167059481144
