times:
  edit-metadata: 1.3547624722123146
  landing: 0.8408984802663326
  view-data: 3.299391269683838
