times:
  edit-metadata: 1.4291500374674797
  landing: 0.9252680242061615
  view-data: 3.2627270221710205
