times:
  edit-metadata: 2.5256865937262774
  landing: 0.515191774815321
  view-data: 0.31929839216172695
