times:
  edit-metadata: 1.8935087816789746
  landing: 0.01982314046472311
  view-data: 0.2037844704464078
