times:
  edit-metadata: 2.0507752429693937
  landing: 1.3880897513590753
  view-data: 3.6339963641949
