times:
  edit-metadata: 2.1136304158717394
  landing: 0.23749344050884247
  view-data: 0.15035082027316093
