times:
  edit-metadata: 0.993014563806355
  landing: 0.047907785046845675
  view-data: 0.4114092900417745
