times:
  edit-metadata: 2.409694503992796
  landing: 0.06987089663743973
  view-data: 0.27508167177438736
