times:
  edit-metadata: 1.6700934190303087
  landing: 0.057090825866907835
  view-data: 0.28318354580551386
