times:
  landing: 0.5666984730000308
  view-data: 0.5584100629999966
