times:
  edit-metadata: 1.005455813021399
  landing: 0.053359608980827034
  view-data: 0.36410448094829917
