times:
  edit-metadata: 1.5006564278155565
  landing: 0.8024220913648605
  view-data: 3.3701110668480396
