times:
  edit-metadata: 1.0539646230172366
  landing: 0.046868481033015996
  view-data: 0.2760080329608172
