times:
  edit-metadata: 2.362663798034191
  landing: 0.054657530039548874
  view-data: 0.27758297324180603
