times:
  edit-metadata: 2.771577425301075
  landing: 0.6433415822684765
  view-data: 0.6916883159428835
