times:
  edit-metadata: 2.5352776367217302
  landing: 0.5206421762704849
  view-data: 0.4894783105701208
