times:
  edit-metadata: 4.162053681910038
  landing: 1.9479755349457264
  view-data: 3.8927109129726887
