times:
  landing: 1.5913760290000027
  view-data: 0.5615257040000188
