times:
  landing: 1.0899513089999573
  view-data: 0.5655610899999601
