times:
  landing: 0.5811775470000384
  view-data: 0.5520905739999762
