times:
  edit-metadata: 1.9919787552207708
  landing: 0.022044544108211994
  view-data: 0.023337495513260365
