times:
  edit-metadata: 3.259224222972989
  landing: 0.555771155282855
  view-data: 0.3354207221418619
