times:
  landing: 1.0794448030000012
  view-data: 0.5573737770000093
