times:
  edit-metadata: 2.3872142285108566
  landing: 0.05908375605940819
  view-data: 0.27996185794472694
