times:
  edit-metadata: 1.7929243855178356
  landing: 1.1194294765591621
  view-data: 3.3407573997974396
