times:
  edit-metadata: 1.94416425190866
  landing: 0.14956273883581161
  view-data: 0.4545942032709718
