times:
  edit-metadata: 1.9786332957446575
  landing: 1.4481997266411781
  view-data: 3.4729923084378242
