times:
  edit-metadata: 2.5278665497899055
  landing: 0.021530143916606903
  view-data: 0.4904225207865238
