times:
  edit-metadata: 2.050251990556717
  landing: 0.12381115928292274
  view-data: 0.1513131447136402
