times:
  edit-metadata: 1.9450513301417232
  landing: 0.09896089974790812
  view-data: 0.5359786078333855
