times:
  edit-metadata: 1.2659755628556013
  landing: 0.04487728886306286
  view-data: 0.2982857679016888
