times:
  edit-metadata: 1.521208069000295
  landing: 0.14213591899988387
  view-data: 0.41575087399996846
