times:
  landing: 0.5550620139999864
  view-data: 0.5597844989999885
