times:
  edit-metadata: 2.864440429955721
  landing: 0.5805157497525215
  view-data: 0.31333112716674805
