times:
  edit-metadata: 2.4400973338633776
  landing: 0.3991795517504215
  view-data: 0.17857360746711493
