times:
  edit-metadata: 2.4359693937003613
  landing: 0.054755598306655884
  view-data: 0.2916523888707161
