times:
  edit-metadata: 2.0407543387264013
  landing: 0.13875628635287285
  view-data: 0.2344336435198784
