times:
  edit-metadata: 1.5609696842730045
  landing: 0.8963912576436996
  view-data: 3.377828299999237
