times:
  edit-metadata: 2.910736484453082
  landing: 0.8982043210417032
  view-data: 0.46358123421669006
