times:
  edit-metadata: 1.4467570697888732
  landing: 0.9354381412267685
  view-data: 3.393676796928048
