times:
  edit-metadata: 2.0170264080516063
  landing: 0.019939301011618227
  view-data: 0.02325947699137032
