times:
  edit-metadata: 1.992962907999754
  landing: 0.06165511696599424
  view-data: 0.3579865249339491
