times:
  edit-metadata: 1.1288266950286925
  landing: 0.04855952365323901
  view-data: 0.24224680429324508
