times:
  edit-metadata: 1.910147201269865
  landing: 0.22626342345029116
  view-data: 0.026334707625210285
