times:
  edit-metadata: 0.952253945171833
  landing: 0.05465431325137615
  view-data: 0.30960788298398256
