times:
  edit-metadata: 2.372669219970703
  landing: 0.17062940075993538
  view-data: 0.5228285640478134
