times:
  edit-metadata: 1.4466838878579438
  landing: 0.9164991891011596
  view-data: 3.3947488418780267
