times:
  edit-metadata: 0.9801932519767433
  landing: 0.04829093790613115
  view-data: 0.27539823204278946
