times:
  edit-metadata: 1.3724495768547058
  landing: 0.8878997415304184
  view-data: 3.2904659137129784
