times:
  edit-metadata: 2.124329462647438
  landing: 0.0237713810056448
  view-data: 0.4931846112012863
