times:
  edit-metadata: 1.9336104076355696
  landing: 0.021527382545173168
  view-data: 0.120186323300004
