times:
  edit-metadata: 1.9109259136021137
  landing: 0.020809742622077465
  view-data: 0.12739480007439852
