times:
  edit-metadata: 1.4946683216840029
  landing: 0.8302933983504772
  view-data: 3.4364027567207813
