times:
  edit-metadata: 2.0748444329947233
  landing: 0.024081123992800713
  view-data: 0.44787303917109966
