times:
  edit-metadata: 0.9911611599382013
  landing: 0.050224011996760964
  view-data: 0.25357744307257235
