times:
  edit-metadata: 1.4379307739436626
  landing: 0.9322841987013817
  view-data: 3.417931117117405
