times:
  edit-metadata: 1.9240417825058103
  landing: 0.19628941547125578
  view-data: 0.22624707408249378
