times:
  edit-metadata: 2.219223942607641
  landing: 1.331688110716641
  view-data: 3.6612298088148236
