times:
  edit-metadata: 1.559838768094778
  landing: 1.0162984989583492
  view-data: 3.3547119237482548
