times:
  edit-metadata: 0.9301370703615248
  landing: 0.06668784189969301
  view-data: 0.2615835340693593
