times:
  edit-metadata: 0.9588366337120533
  landing: 0.05835041217505932
  view-data: 0.29308937676250935
