times:
  edit-metadata: 1.9228378469124436
  landing: 0.020160607993602753
  view-data: 0.12522313743829727
