times:
  edit-metadata: 2.4703186862170696
  landing: 0.021077264100313187
  view-data: 0.038705967366695404
