times:
  edit-metadata: 1.2636208217591047
  landing: 0.08195818774402142
  view-data: 0.4085035966709256
