times:
  edit-metadata: 1.5094694998115301
  landing: 0.8585736155509949
  view-data: 3.314723504707217
