times:
  edit-metadata: 1.91433300729841
  landing: 0.021481621079146862
  view-data: 0.12116020265966654
