times:
  edit-metadata: 2.0569312255829573
  landing: 0.23546678759157658
  view-data: 0.24266372062265873
