times:
  edit-metadata: 2.056738003157079
  landing: 0.018720763735473156
  view-data: 0.11715587042272091
