times:
  edit-metadata: 1.643514143768698
  landing: 0.05133184604346752
  view-data: 0.317018904723227
