times:
  edit-metadata: 2.015303060412407
  landing: 0.15481113828718662
  view-data: 0.025973428040742874
