times:
  landing: 0.5561742569999808
  view-data: 0.5642669099999864
