times:
  edit-metadata: 3.0578176211565733
  landing: 0.6388716232031584
  view-data: 0.6275934670120478
