times:
  edit-metadata: 2.5516398828476667
  landing: 0.7780550830066204
  view-data: 0.33143132366240025
