times:
  landing: 0.5630432219999761
  view-data: 0.5595832529999996
