times:
  edit-metadata: 1.9638921497389674
  landing: 0.18820801749825478
  view-data: 0.0281811710447073
