times:
  edit-metadata: 1.8969494486227632
  landing: 0.13529116939753294
  view-data: 0.02736685797572136
