times:
  edit-metadata: 0.8977016690187156
  landing: 0.0577369648963213
  view-data: 0.28024173015728593
