times:
  edit-metadata: 1.0001309280050918
  landing: 0.047136628010775894
  view-data: 0.26795075804693624
