times:
  landing: 1.1062341659999788
  view-data: 0.5531966329999989
