times:
  edit-metadata: 1.5456021912395954
  landing: 0.9701943285763264
  view-data: 3.4000537283718586
