times:
  edit-metadata: 2.630789468064904
  landing: 0.5750062391161919
  view-data: 0.29889352060854435
