times:
  edit-metadata: 1.7190540239680558
  landing: 0.08498843596316874
  view-data: 0.2488501500338316
