times:
  edit-metadata: 0.9863193701021373
  landing: 0.04959322698414326
  view-data: 0.251012954977341
