times:
  edit-metadata: 0.9526801253668964
  landing: 0.05165171390399337
  view-data: 0.2973203416913748
