times:
  edit-metadata: 1.4832035470753908
  landing: 0.8122181333601475
  view-data: 3.460454396903515
