times:
  edit-metadata: 1.6096156295388937
  landing: 0.8788415882736444
  view-data: 3.3191216476261616
