times:
  edit-metadata: 1.334704908542335
  landing: 0.7963709654286504
  view-data: 3.3897564569488168
