times:
  edit-metadata: 1.6762027560034767
  landing: 0.057486304081976414
  view-data: 0.2556447690585628
