times:
  edit-metadata: 2.352377288043499
  landing: 0.05562077462673187
  view-data: 0.26967161148786545
