times:
  edit-metadata: 0.9887442309991457
  landing: 0.046830291976220906
  view-data: 0.27817280698218383
