times:
  edit-metadata: 1.01501060789451
  landing: 0.04959053685888648
  view-data: 0.3629133349750191
