times:
  edit-metadata: 2.0514216013252735
  landing: 0.22654788754880428
  view-data: 0.024431094527244568
