times:
  edit-metadata: 1.937062419950962
  landing: 0.15215924382209778
  view-data: 0.02322510164231062
