times:
  edit-metadata: 2.3546149879693985
  landing: 0.06080536171793938
  view-data: 0.2784643806517124
