times:
  landing: 1.1530421229999774
  view-data: 0.5548281700000075
