times:
  edit-metadata: 1.0682182502932847
  landing: 0.04868863616138697
  view-data: 0.24115092819556594
