times:
  edit-metadata: 1.9018025826662779
  landing: 0.1423989785835147
  view-data: 0.1332444353029132
