times:
  edit-metadata: 1.4384080208837986
  landing: 0.9294544234871864
  view-data: 3.329068072140217
