times:
  edit-metadata: 1.019779304973781
  landing: 0.061396213015541434
  view-data: 0.27313464297913015
