times:
  edit-metadata: 1.1371902436949313
  landing: 0.0771630760282278
  view-data: 0.30950226495042443
