times:
  edit-metadata: 2.518679443746805
  landing: 0.9507832080125809
  view-data: 0.566698532551527
