times:
  edit-metadata: 0.9907315170858055
  landing: 0.046493774047121406
  view-data: 0.25035072211176157
