times:
  landing: 0.5565154489999884
  view-data: 0.5607972389999816
