times:
  edit-metadata: 1.6865726672112942
  landing: 0.9936184100806713
  view-data: 3.401445422321558
