times:
  edit-metadata: 1.681393999606371
  landing: 1.3872367441654205
  view-data: 3.4233905971050262
