times:
  landing: 0.5704337320000832
  view-data: 0.55010568900002
