times:
  landing: 1.073229103000017
  view-data: 0.5605407289999675
