times:
  edit-metadata: 1.91714558750391
  landing: 0.021512300707399845
  view-data: 0.11958177108317614
