times:
  edit-metadata: 1.936242283321917
  landing: 0.02188579086214304
  view-data: 0.0255395770072937
