times:
  edit-metadata: 2.0674873404204845
  landing: 0.020354097709059715
  view-data: 0.027601080015301704
