times:
  edit-metadata: 2.325499702244997
  landing: 0.1807783879339695
  view-data: 0.47566341049969196
