times:
  edit-metadata: 2.0759406685829163
  landing: 0.13475434854626656
  view-data: 0.02693765051662922
