times:
  edit-metadata: 1.89972856733948
  landing: 0.022787055000662804
  view-data: 0.026693658903241158
