times:
  edit-metadata: 2.6182536743581295
  landing: 0.05666036903858185
  view-data: 0.2881251126527786
