times:
  edit-metadata: 2.6707585342228413
  landing: 1.0597443915903568
  view-data: 0.41234940849244595
