times:
  edit-metadata: 1.4113909117877483
  landing: 0.9654834792017937
  view-data: 3.361035343259573
