times:
  landing: 1.0857906950000142
  view-data: 0.558751261999987
