times:
  edit-metadata: 1.2848565829917789
  landing: 0.7532001053914428
  view-data: 3.346473129466176
