times:
  edit-metadata: 1.3650794159621
  landing: 0.7674776839558035
  view-data: 3.3037271588109434
