times:
  edit-metadata: 1.0908042970113456
  landing: 0.04747601505368948
  view-data: 0.26424738205969334
