times:
  edit-metadata: 1.5342110097408295
  landing: 0.8368267826735973
  view-data: 3.455786433070898
