times:
  landing: 1.0740328269999964
  view-data: 0.563075834000017
