times:
  edit-metadata: 1.157348815817386
  landing: 0.049241917207837105
  view-data: 0.31546521792188287
