times:
  landing: 0.5574867670000003
  view-data: 0.056054251999995586
