times:
  edit-metadata: 1.652908070012927
  landing: 1.036008452065289
  view-data: 3.5510041280649602
