times:
  edit-metadata: 2.8492066599428654
  landing: 0.2313770428299904
  view-data: 0.15614308416843414
