times:
  edit-metadata: 2.652102503925562
  landing: 0.7638975884765387
  view-data: 0.32174860686063766
