times:
  landing: 0.5622418650000043
  view-data: 0.5606594569999857
