times:
  landing: 1.0600016269999912
  view-data: 0.55096510300001
