times:
  edit-metadata: 1.6601868340512738
  landing: 0.05503763700835407
  view-data: 0.2396966180531308
