times:
  edit-metadata: 1.6914884640136734
  landing: 0.05025212001055479
  view-data: 0.2467087999684736
