times:
  landing: 0.5616080960000147
  view-data: 0.5618174539999927
