times:
  landing: 1.0717747460000169
  view-data: 0.5553645770000344
