times:
  edit-metadata: 1.4021108634769917
  landing: 0.9605464935302734
  view-data: 3.3440703228116035
