times:
  edit-metadata: 1.7052936386317015
  landing: 0.8347913976758718
  view-data: 3.413897769525647
