times:
  edit-metadata: 1.4772402243688703
  landing: 0.8352962667122483
  view-data: 3.686320290900767
