times:
  edit-metadata: 2.963130187243223
  landing: 0.783784469589591
  view-data: 0.3697583395987749
