times:
  edit-metadata: 1.526910388842225
  landing: 0.7767448350787163
  view-data: 3.3283582367002964
