times:
  edit-metadata: 1.7900911010801792
  landing: 1.0402102433145046
  view-data: 3.3612811602652073
