times:
  edit-metadata: 2.9693890418857336
  landing: 0.6139723472297192
  view-data: 0.2943906355649233
