times:
  landing: 0.5689951409999594
  view-data: 0.5598532820000628
