times:
  edit-metadata: 2.6794892512261868
  landing: 0.9610088653862476
  view-data: 0.41282197274267673
