times:
  landing: 0.5801342030000001
  view-data: 0.5772649840000099
