times:
  edit-metadata: 1.4160742871463299
  landing: 0.7982538118958473
  view-data: 3.828747507184744
