times:
  edit-metadata: 2.7272343058139086
  landing: 1.1059181597083807
  view-data: 0.4027434457093477
