times:
  edit-metadata: 1.3778103480581194
  landing: 0.8274023451376706
  view-data: 3.393947065109387
