times:
  edit-metadata: 1.9350343914702535
  landing: 0.021151497028768063
  view-data: 0.025898023508489132
