times:
  edit-metadata: 1.8829475156962872
  landing: 0.023110054433345795
  view-data: 0.026110178790986538
