times:
  edit-metadata: 1.0659331690403633
  landing: 0.05534285196335986
  view-data: 0.39202263596234843
