times:
  landing: 0.561976962000017
  view-data: 0.5666520869999943
