times:
  edit-metadata: 0.9938038089312613
  landing: 0.04835922410711646
  view-data: 0.2606157870031893
