times:
  edit-metadata: 1.4956034887582064
  landing: 1.0243262127041817
  view-data: 3.3862587437033653
