times:
  edit-metadata: 1.990584410727024
  landing: 0.13138525187969208
  view-data: 0.13186842761933804
