times:
  edit-metadata: 0.9783435510471463
  landing: 0.05732805794104934
  view-data: 0.27740905014798045
