times:
  edit-metadata: 2.543876651674509
  landing: 0.7511632051318884
  view-data: 0.3920756746083498
