times:
  edit-metadata: 1.0393355106934905
  landing: 0.0688303541392088
  view-data: 0.30981105472892523
