times:
  edit-metadata: 2.5434043742716312
  landing: 0.9266819395124912
  view-data: 0.5854000691324472
