times:
  edit-metadata: 1.5958813249599189
  landing: 0.9299405129859224
  view-data: 3.327403518022038
