times:
  edit-metadata: 1.6094376631081104
  landing: 1.0516776069998741
  view-data: 3.385587688535452
