times:
  edit-metadata: 1.6448901761323214
  landing: 1.018368136137724
  view-data: 3.359864054247737
