times:
  edit-metadata: 2.7683428898453712
  landing: 0.6751441713422537
  view-data: 0.6799804773181677
