times:
  edit-metadata: 1.4102627392858267
  landing: 0.7710688915103674
  view-data: 3.3123206421732903
