times:
  edit-metadata: 2.4701540330424905
  landing: 1.1105188643559813
  view-data: 3.7775647351518273
