times:
  edit-metadata: 3.1077682795003057
  landing: 1.6869273595511913
  view-data: 3.3785181054845452
