times:
  edit-metadata: 1.076325567999902
  landing: 0.05230537099987487
  view-data: 0.2944558839999445
