times:
  edit-metadata: 2.3319539837539196
  landing: 0.021104391664266586
  view-data: 0.6826255191117525
