times:
  edit-metadata: 1.407005775719881
  landing: 0.9366825819015503
  view-data: 3.3721398524940014
