times:
  edit-metadata: 2.5741308769211173
  landing: 1.5037785163149238
  view-data: 3.4377044001594186
