times:
  edit-metadata: 0.9597075060009956
  landing: 0.06116702780127525
  view-data: 0.2722386564128101
