times:
  edit-metadata: 0.9762087222188711
  landing: 0.0626300135627389
  view-data: 0.3216119147837162
