times:
  edit-metadata: 0.9613150358200073
  landing: 0.053305357694625854
  view-data: 0.3040195098146796
