times:
  edit-metadata: 1.3694726490066387
  landing: 0.28815264301374555
  view-data: 0.3139287839876488
