times:
  edit-metadata: 0.9606008301489055
  landing: 0.05977809661999345
  view-data: 0.29594162572175264
