times:
  edit-metadata: 1.5138069689273834
  landing: 0.7982199303805828
  view-data: 3.3488982915878296
