times:
  edit-metadata: 1.9364914372563362
  landing: 0.13601171039044857
  view-data: 0.026806597597897053
