times:
  edit-metadata: 0.9844733849968179
  landing: 0.056932271996629424
  view-data: 0.24931847800326068
