times:
  edit-metadata: 1.2822157070040703
  landing: 0.8954926878213882
  view-data: 3.2621541172266006
