times:
  edit-metadata: 1.3310440741479397
  landing: 0.927354771643877
  view-data: 3.329776130616665
