times:
  edit-metadata: 1.0270715756341815
  landing: 0.05992251913994551
  view-data: 0.2795515530742705
