times:
  landing: 0.5502145009999992
  view-data: 0.5451225390000047
