times:
  edit-metadata: 3.140593282878399
  landing: 1.2945166006684303
  view-data: 3.6504924967885017
