times:
  edit-metadata: 3.084929097443819
  landing: 0.06458888202905655
  view-data: 0.34900442883372307
