times:
  landing: 1.1498261109999817
  view-data: 0.5640053839999837
