times:
  landing: 2.1213492329999895
  view-data: 0.5636303590000011
