times:
  edit-metadata: 1.9908870737999678
  landing: 0.022051707841455936
  view-data: 0.025176377967000008
