times:
  landing: 1.1685143830000015
  view-data: 0.563848562999965
