times:
  edit-metadata: 1.3515530042350292
  landing: 0.8518162034451962
  view-data: 3.639170181006193
