times:
  edit-metadata: 1.0175463049672544
  landing: 0.04616188025102019
  view-data: 0.3608109108172357
