times:
  edit-metadata: 2.3552615493535995
  landing: 0.057679250836372375
  view-data: 0.2826770842075348
