times:
  edit-metadata: 1.9932793863117695
  landing: 0.13999444618821144
  view-data: 0.4699175991117954
