times:
  landing: 1.0618417080000029
  view-data: 0.5543264739999927
