times:
  edit-metadata: 2.5422135274857283
  landing: 0.15550301782786846
  view-data: 0.5851836632937193
