times:
  edit-metadata: 1.6778759500011802
  landing: 0.05811972822993994
  view-data: 0.2724253637716174
