times:
  edit-metadata: 1.4992114324122667
  landing: 0.8201154042035341
  view-data: 3.417973715811968
