times:
  edit-metadata: 0.9932861784473062
  landing: 0.05352648627012968
  view-data: 0.3038900410756469
