times:
  edit-metadata: 1.949541300535202
  landing: 0.12995219882577658
  view-data: 0.5725034791976213
