times:
  edit-metadata: 1.4542024601250887
  landing: 0.9265593942254782
  view-data: 3.4487961400300264
