times:
  edit-metadata: 2.140703219920397
  landing: 0.02398648113012314
  view-data: 0.027290135622024536
