times:
  landing: 0.5495631360000175
  view-data: 0.5529530689999831
