times:
  edit-metadata: 1.0108798020519316
  landing: 0.052403030917048454
  view-data: 0.2564624168444425
