times:
  edit-metadata: 1.0808155960403383
  landing: 0.04501041898038238
  view-data: 0.2992610320216045
