times:
  edit-metadata: 1.012859727256
  landing: 0.05144766625016928
  view-data: 0.2695265328511596
