times:
  edit-metadata: 1.699280577013269
  landing: 0.7828251299215481
  view-data: 3.2861990820383653
