times:
  edit-metadata: 2.1569084338843822
  landing: 0.1354235801845789
  view-data: 0.023476002737879753
