times:
  edit-metadata: 2.6727888360619545
  landing: 1.4756035581231117
  view-data: 3.5253618862479925
