times:
  landing: 0.5533848809999995
  view-data: 0.549875634000017
