times:
  edit-metadata: 1.4209860246628523
  landing: 0.8482877537608147
  view-data: 3.732954263687134
