times:
  edit-metadata: 2.9974902868270874
  landing: 0.7107418403029442
  view-data: 0.3276206851005554
