times:
  edit-metadata: 2.8530761394649744
  landing: 0.06792494468390942
  view-data: 0.3222679290920496
