times:
  edit-metadata: 1.9500029822811484
  landing: 0.023927989415824413
  view-data: 0.11871967650949955
