times:
  landing: 1.073455024999987
  view-data: 0.5590057389999856
