times:
  edit-metadata: 1.8692419556900859
  landing: 0.8401959612965584
  view-data: 3.3790308823809028
