times:
  edit-metadata: 1.4490158073604107
  landing: 0.9473277740180492
  view-data: 3.339644856750965
