times:
  edit-metadata: 1.0812005129409954
  landing: 0.05083149392157793
  view-data: 0.2622896370012313
