times:
  edit-metadata: 1.4714845791459084
  landing: 0.8092405050992966
  view-data: 3.391877420246601
