times:
  edit-metadata: 1.8382246980909258
  landing: 0.10455577995162457
  view-data: 0.274112201994285
