times:
  edit-metadata: 1.4928174335509539
  landing: 0.8135927207767963
  view-data: 3.4291577730327845
