times:
  edit-metadata: 0.9596900874748826
  landing: 0.05322256125509739
  view-data: 0.29266623593866825
