times:
  landing: 0.5563943949999839
  view-data: 0.5725914380000177
