times:
  edit-metadata: 1.2681657085195184
  landing: 0.7974397297948599
  view-data: 3.4108962677419186
