times:
  edit-metadata: 2.2466644067317247
  landing: 0.0190665815025568
  view-data: 0.152582835406065
