times:
  edit-metadata: 1.9663421241566539
  landing: 0.01935306377708912
  view-data: 0.09839349426329136
