times:
  edit-metadata: 1.372091144323349
  landing: 0.7366167213767767
  view-data: 3.347489856183529
