times:
  landing: 0.5497715459999881
  view-data: 0.5568533829999751
