times:
  landing: 0.556795185999988
  view-data: 0.5506383339999843
