times:
  edit-metadata: 2.188728468492627
  landing: 0.23493433184921741
  view-data: 0.2781097050756216
