times:
  landing: 1.1033156579999854
  view-data: 0.5567077580000159
