times:
  edit-metadata: 2.0152771901339293
  landing: 0.01837923936545849
  view-data: 0.12458258308470249
