times:
  edit-metadata: 2.0523392399773
  landing: 1.2089253598824143
  view-data: 3.469443131238222
