times:
  edit-metadata: 0.9948889990337193
  landing: 0.05190141010098159
  view-data: 0.41437035892158747
