times:
  landing: 1.106362372000035
  view-data: 0.5757991680000032
