times:
  edit-metadata: 2.862794805318117
  landing: 0.5523063410073519
  view-data: 0.5374969989061356
