times:
  edit-metadata: 2.1010332573205233
  landing: 0.12072360515594482
  view-data: 0.4600363876670599
