times:
  edit-metadata: 2.7501240354031324
  landing: 0.45158184692263603
  view-data: 0.3486160635948181
