times:
  edit-metadata: 2.699738873168826
  landing: 0.36765822395682335
  view-data: 0.17675762623548508
