times:
  edit-metadata: 2.2343354653567076
  landing: 0.022213000804185867
  view-data: 0.5322012212127447
