times:
  edit-metadata: 1.668944112956524
  landing: 0.05631428095512092
  view-data: 0.24716959497891366
