times:
  edit-metadata: 1.948855915106833
  landing: 0.02151283249258995
  view-data: 0.5075099803507328
