times:
  landing: 1.0994414470000038
  view-data: 0.5572769189999747
