times:
  edit-metadata: 2.3744845762848854
  landing: 0.06023203209042549
  view-data: 0.2858369015157223
