times:
  edit-metadata: 1.9575848635286093
  landing: 0.11184704769402742
  view-data: 0.4748584423214197
