times:
  edit-metadata: 1.7763735149928834
  landing: 0.06544271801249124
  view-data: 0.25226236498565413
