times:
  edit-metadata: 2.4246121160686016
  landing: 0.0639510378241539
  view-data: 0.2871245704591274
