times:
  edit-metadata: 0.985640742117539
  landing: 0.05042800703085959
  view-data: 0.25711436197161674
