times:
  edit-metadata: 1.9118785811588168
  landing: 0.022365715354681015
  view-data: 0.11896440759301186
