times:
  edit-metadata: 2.013286187313497
  landing: 0.21239399630576372
  view-data: 0.5003650989383459
