times:
  edit-metadata: 2.7664816565811634
  landing: 0.2108052559196949
  view-data: 0.2080707848072052
