times:
  edit-metadata: 1.3515514619648457
  landing: 0.8726722728461027
  view-data: 3.3396606873720884
