times:
  landing: 1.5862418150000224
  view-data: 0.5619656810000038
