times:
  edit-metadata: 0.9984342050738633
  landing: 0.05629799701273441
  view-data: 0.2487393575720489
