times:
  landing: 0.5615780349999966
  view-data: 0.5580068520000054
