times:
  edit-metadata: 1.4317590068094432
  landing: 0.8475407026708126
  view-data: 3.333194050937891
