times:
  edit-metadata: 1.6442899568937719
  landing: 0.052107744850218296
  view-data: 0.2796935229562223
