times:
  edit-metadata: 2.1002521850168705
  landing: 0.1533019971102476
  view-data: 0.13610746711492538
