times:
  edit-metadata: 1.489369597285986
  landing: 0.8637366369366646
  view-data: 3.3139492087066174
