times:
  edit-metadata: 2.040896151214838
  landing: 0.021194906905293465
  view-data: 0.026910947635769844
