times:
  landing: 1.0790602459999832
  view-data: 0.5539127160000135
