times:
  edit-metadata: 1.0560385099961422
  landing: 0.04653541697189212
  view-data: 0.24079883698141202
