times:
  edit-metadata: 2.7475993297994137
  landing: 0.6210274305194616
  view-data: 0.68429009988904
