times:
  edit-metadata: 2.5174590926617384
  landing: 1.09046670794487
  view-data: 0.3223943803459406
