times:
  edit-metadata: 1.9707253398373723
  landing: 0.020432845689356327
  view-data: 0.09688098356127739
