times:
  edit-metadata: 0.9974672389798798
  landing: 0.047383763012476265
  view-data: 0.2675437100115232
