times:
  edit-metadata: 0.9751959429122508
  landing: 0.06322040734812617
  view-data: 0.2923493073321879
