times:
  edit-metadata: 1.4061691164970398
  landing: 0.8008066117763519
  view-data: 3.3304749354720116
