times:
  edit-metadata: 2.3367866575717926
  landing: 0.023273644968867302
  view-data: 0.6209056470543146
