times:
  edit-metadata: 2.369186695665121
  landing: 0.06757782027125359
  view-data: 0.2802857868373394
