times:
  edit-metadata: 0.9284024010412395
  landing: 0.0581274121068418
  view-data: 0.26889117527753115
