times:
  edit-metadata: 2.8967035189270973
  landing: 0.9470844641327858
  view-data: 0.49292410351336
