times:
  edit-metadata: 1.9970475248992443
  landing: 0.20514323469251394
  view-data: 0.11812754441052675
