times:
  edit-metadata: 2.74063459597528
  landing: 1.4954860154539347
  view-data: 0.6946248430758715
