times:
  edit-metadata: 1.6510830060578883
  landing: 0.06127884890884161
  view-data: 0.2649586689658463
