times:
  landing: 0.5532070230000272
  view-data: 0.5481367539999837
