times:
  edit-metadata: 2.4102784559945576
  landing: 0.13397120701847598
  view-data: 0.3063738500350155
