times:
  edit-metadata: 2.5906978584825993
  landing: 0.06742041185498238
  view-data: 0.30060483515262604
