times:
  edit-metadata: 2.1986105982214212
  landing: 1.3783560753799975
  view-data: 3.4512400017119944
