times:
  edit-metadata: 1.4517415948212147
  landing: 0.845661249011755
  view-data: 3.370506839826703
