times:
  landing: 0.5606573819999312
  view-data: 0.5754926839999825
