times:
  edit-metadata: 0.9874010300263762
  landing: 0.05592474096920341
  view-data: 0.27138718008063734
