times:
  landing: 0.5597720170000002
  view-data: 0.565058448000002
