times:
  landing: 0.5551329169999804
  view-data: 0.5600863550000099
