times:
  edit-metadata: 2.6329410597682
  landing: 0.791092237457633
  view-data: 0.4292386919260025
