times:
  edit-metadata: 1.0504711769754067
  landing: 0.05288235703483224
  view-data: 0.25796843401622027
