times:
  edit-metadata: 2.0737351309508085
  landing: 0.050944650545716286
  view-data: 0.026856284588575363
