times:
  landing: 1.0933067309997568
  view-data: 0.5585892299995976
