times:
  edit-metadata: 0.9927858640439808
  landing: 0.04883432318456471
  view-data: 0.2686233080457896
