times:
  edit-metadata: 1.5881200656294823
  landing: 0.8685672581195831
  view-data: 3.3417310416698456
