times:
  edit-metadata: 1.964639188721776
  landing: 0.01892905868589878
  view-data: 0.028079711832106113
