times:
  landing: 1.067055152000023
  view-data: 0.57360395500001
