times:
  edit-metadata: 1.061739036013023
  landing: 0.04773380600090604
  view-data: 0.26762141300423536
