times:
  edit-metadata: 2.705600803717971
  landing: 1.1005612201988697
  view-data: 0.6759727764874697
