times:
  edit-metadata: 1.3983193608000875
  landing: 1.1441407846286893
  view-data: 3.3384841019287705
