times:
  edit-metadata: 1.703549839090556
  landing: 0.053266953909769654
  view-data: 0.254838733933866
