times:
  landing: 0.5565176480000105
  view-data: 0.5594558629999824
