times:
  edit-metadata: 1.9323445204645395
  landing: 0.020508582703769207
  view-data: 0.1120592886582017
