times:
  edit-metadata: 1.826275521889329
  landing: 0.058735422091558576
  view-data: 0.2537633879110217
