times:
  edit-metadata: 1.7712896469747648
  landing: 0.055973050999455154
  view-data: 0.24688696500379592
