times:
  edit-metadata: 1.366724779829383
  landing: 1.2587553085759282
  view-data: 3.7021643286570907
