times:
  edit-metadata: 1.4013142995536327
  landing: 0.9231280125677586
  view-data: 3.4041019901633263
