times:
  edit-metadata: 0.9324978990480304
  landing: 0.05700855003669858
  view-data: 0.28009716095402837
