times:
  edit-metadata: 1.6973760259861592
  landing: 0.056403374997898936
  view-data: 0.24947694802540354
