times:
  edit-metadata: 2.394330356270075
  landing: 0.06232118606567383
  view-data: 0.2751990742981434
