times:
  edit-metadata: 2.4116144701838493
  landing: 0.06065884605050087
  view-data: 0.28308404609560966
