times:
  edit-metadata: 1.4896773658692837
  landing: 0.8726929575204849
  view-data: 3.3845414519309998
