times:
  edit-metadata: 1.868916878476739
  landing: 0.12083478551357985
  view-data: 0.02481326460838318
