times:
  landing: 0.5515650849999929
  view-data: 0.05147407100000123
