times:
  edit-metadata: 2.0099447444081306
  landing: 0.019622736610472202
  view-data: 0.12099693343043327
