times:
  edit-metadata: 2.3016823809593916
  landing: 1.2085538152605295
  view-data: 4.251332713291049
