times:
  edit-metadata: 2.3556038681417704
  landing: 0.25015537068247795
  view-data: 0.17816762253642082
