times:
  edit-metadata: 1.5720927193760872
  landing: 0.789800476282835
  view-data: 3.3463207483291626
