times:
  edit-metadata: 1.5082179084420204
  landing: 0.7824354749172926
  view-data: 3.3663605954498053
