times:
  edit-metadata: 1.5324854832142591
  landing: 0.8227384276688099
  view-data: 3.4034071564674377
