times:
  landing: 0.5719461120000062
  view-data: 0.5696991220000029
