times:
  landing: 0.5692057969999951
  view-data: 0.5582955820000279
