times:
  edit-metadata: 1.0839487049961463
  landing: 0.046959877014160156
  view-data: 0.24220614705700427
