times:
  edit-metadata: 1.8865024307742715
  landing: 0.022331508807837963
  view-data: 0.02431662194430828
