times:
  landing: 0.5625952659999598
  view-data: 0.5745574099999544
