times:
  edit-metadata: 1.5275564715266228
  landing: 0.8129853941500187
  view-data: 3.4049353264272213
