times:
  edit-metadata: 1.9238693304359913
  landing: 0.02044049557298422
  view-data: 0.12175840232521296
