times:
  edit-metadata: 2.690627770498395
  landing: 1.1332442071288824
  view-data: 0.5272262804210186
