times:
  edit-metadata: 1.051369082997553
  landing: 0.050027107005007565
  view-data: 0.2599480499920901
