times:
  edit-metadata: 0.9660504828207195
  landing: 0.060126281809061766
  view-data: 0.27578558027744293
