times:
  edit-metadata: 0.9403094490990043
  landing: 0.05751747824251652
  view-data: 0.27442844631150365
