times:
  edit-metadata: 2.6884907837957144
  landing: 0.5211435221135616
  view-data: 0.3050171583890915
