times:
  edit-metadata: 1.6981120280106552
  landing: 0.06442302098730579
  view-data: 0.24350720597431064
