times:
  landing: 0.570701616000008
  view-data: 0.5713745159999917
