times:
  landing: 0.5524047789999997
  view-data: 0.5556228149999924
