times:
  edit-metadata: 1.9901511836797
  landing: 0.021488718688488007
  view-data: 0.12079944275319576
