times:
  edit-metadata: 1.9481432754546404
  landing: 0.1875309068709612
  view-data: 0.02576582320034504
