times:
  edit-metadata: 1.0023984229192138
  landing: 0.05147070111706853
  view-data: 0.26546255708672106
