times:
  edit-metadata: 1.6766370289260522
  landing: 0.056986331939697266
  view-data: 0.2486119020031765
