times:
  edit-metadata: 1.6409704014658928
  landing: 1.1124500185251236
  view-data: 3.3759940527379513
