times:
  edit-metadata: 1.3931807801127434
  landing: 0.9638912379741669
  view-data: 3.3856609500944614
