times:
  edit-metadata: 2.313053524121642
  landing: 0.13725432008504868
  view-data: 0.5022942237555981
