times:
  edit-metadata: 1.8611695479994523
  landing: 0.06258583399903728
  view-data: 0.25251125199793023
