times:
  edit-metadata: 2.4543058462440968
  landing: 0.06393812596797943
  view-data: 0.2764703370630741
