times:
  edit-metadata: 1.68234583735466
  landing: 1.1326971016824245
  view-data: 3.364995453506708
