times:
  landing: 0.5731614639999805
  view-data: 0.5929066989999967
