times:
  edit-metadata: 1.4345222245901823
  landing: 0.9502020087093115
  view-data: 3.4177527744323015
