times:
  landing: 0.5562268540000161
  view-data: 0.5697852640000178
