times:
  landing: 1.0729425279423594
  view-data: 0.5574196169618517
