times:
  edit-metadata: 1.0041559130040696
  landing: 0.051459214999340475
  view-data: 0.2592482710024342
