times:
  edit-metadata: 3.399342130869627
  landing: 0.3344188816845417
  view-data: 0.8138210941106081
