times:
  edit-metadata: 2.7363543566316366
  landing: 0.6112897116690874
  view-data: 0.6916732806712389
