times:
  edit-metadata: 0.9312990000471473
  landing: 0.06263197585940361
  view-data: 0.2958663757890463
