times:
  edit-metadata: 1.0041290069930255
  landing: 0.05122923315502703
  view-data: 0.2612525469157845
