times:
  edit-metadata: 2.653725476935506
  landing: 0.642653077840805
  view-data: 0.3162324596196413
