times:
  edit-metadata: 2.041499061509967
  landing: 0.019334789365530014
  view-data: 0.4439282547682524
