times:
  edit-metadata: 0.9699264792725444
  landing: 0.05238674581050873
  view-data: 0.294203263707459
