times:
  edit-metadata: 0.9495409801602364
  landing: 0.056931219063699245
  view-data: 0.2621832028962672
