times:
  landing: 1.0772413669999992
  view-data: 0.566320257999962
