times:
  edit-metadata: 2.0216269083321095
  landing: 0.020910704508423805
  view-data: 0.48041114769876003
