times:
  edit-metadata: 1.452894177287817
  landing: 1.0118992365896702
  view-data: 3.403027769178152
