times:
  edit-metadata: 1.1004983320599422
  landing: 0.05139508203137666
  view-data: 0.2518978019943461
