times:
  landing: 0.5582043189999979
  view-data: 0.5575125569999955
