times:
  edit-metadata: 1.3907489255070686
  landing: 0.9521003570407629
  view-data: 3.3192703956738114
