times:
  edit-metadata: 1.4364369809627533
  landing: 0.9536865279078484
  view-data: 3.410617746412754
