times:
  edit-metadata: 2.674116561189294
  landing: 1.1107716783881187
  view-data: 0.39648415707051754
