times:
  landing: 0.560177178999993
  view-data: 0.5673547110000072
