times:
  edit-metadata: 2.743403311818838
  landing: 0.8968471307307482
  view-data: 0.3176325485110283
