times:
  edit-metadata: 2.565037479624152
  landing: 0.9745639730244875
  view-data: 0.6041856985539198
