times:
  landing: 0.5586680390000254
  view-data: 0.5609931239999923
