times:
  edit-metadata: 1.9147279243916273
  landing: 1.2696050815284252
  view-data: 3.4875863138586283
