times:
  edit-metadata: 2.905674446374178
  landing: 0.5832730829715729
  view-data: 0.6735848840326071
