times:
  edit-metadata: 2.3822932466864586
  landing: 0.06578948721289635
  view-data: 0.28477248176932335
