times:
  edit-metadata: 1.0722895110957325
  landing: 0.04491724818944931
  view-data: 0.23726505227386951
