times:
  edit-metadata: 1.6620235538575798
  landing: 0.0594018439296633
  view-data: 0.24420858803205192
