times:
  landing: 0.5577266699999939
  view-data: 0.05201461400000085
