times:
  edit-metadata: 1.6370214875787497
  landing: 0.9266650676727295
  view-data: 3.382194060832262
