times:
  edit-metadata: 0.9985725353471935
  landing: 0.04926250595599413
  view-data: 0.5295822289772332
