times:
  edit-metadata: 1.6754005742259324
  landing: 0.05515245394781232
  view-data: 0.2614062908105552
