times:
  edit-metadata: 1.9153290074318647
  landing: 1.153160977177322
  view-data: 3.409811358898878
