times:
  landing: 1.0668882059999873
  view-data: 0.5489060040000027
