times:
  edit-metadata: 1.9346849219873548
  landing: 0.020501695573329926
  view-data: 0.12142659164965153
