times:
  edit-metadata: 1.8691471656784415
  landing: 0.018938429653644562
  view-data: 0.02781840320676565
