times:
  landing: 0.5436023430000034
  view-data: 0.5497751039999912
