times:
  landing: 0.5647236380000038
  view-data: 0.5647417349999841
