times:
  landing: 1.0983001999999829
  view-data: 0.5650706760000048
