times:
  edit-metadata: 2.415503179654479
  landing: 0.018842898309230804
  view-data: 0.5029332563281059
