times:
  edit-metadata: 1.891046860255301
  landing: 0.021350495517253876
  view-data: 0.02508643176406622
