times:
  edit-metadata: 2.700298871845007
  landing: 1.1358866021037102
  view-data: 0.6704321447759867
