times:
  edit-metadata: 1.0726237371563911
  landing: 0.056126322131603956
  view-data: 0.24625001708045602
