times:
  edit-metadata: 1.9130467465147376
  landing: 0.021179181523621082
  view-data: 0.025836252607405186
