times:
  edit-metadata: 2.4967350903898478
  landing: 0.5549951121211052
  view-data: 0.34722245670855045
