times:
  edit-metadata: 1.7136544489767402
  landing: 0.054471508134156466
  view-data: 0.41854112199507654
