times:
  edit-metadata: 1.7230024349410087
  landing: 0.05937953386455774
  view-data: 0.28232236905023456
