times:
  edit-metadata: 0.9486870681867003
  landing: 0.06344747403636575
  view-data: 0.26123666390776634
