times:
  edit-metadata: 1.9931271560490131
  landing: 0.13425412774085999
  view-data: 0.1404830440878868
