times:
  edit-metadata: 1.45725854113698
  landing: 0.8036225438117981
  view-data: 3.351874254643917
