times:
  edit-metadata: 2.412464737892151
  landing: 0.05815596133470535
  view-data: 0.2976458966732025
