times:
  edit-metadata: 0.9507894832640886
  landing: 0.05920005822554231
  view-data: 0.29013406205922365
