times:
  edit-metadata: 2.0796549450606108
  landing: 0.02387116849422455
  view-data: 0.6175858434289694
