times:
  edit-metadata: 1.9011264564469457
  landing: 0.02188978809863329
  view-data: 0.49094313383102417
