times:
  edit-metadata: 2.712688947096467
  landing: 0.7679545152932405
  view-data: 0.4428667966276407
