times:
  edit-metadata: 0.9306573029607534
  landing: 0.06942282384261489
  view-data: 0.2706623333506286
