times:
  edit-metadata: 1.7104087369516492
  landing: 0.0469077960588038
  view-data: 0.2435883351135999
