times:
  edit-metadata: 0.9558343468233943
  landing: 0.0494234012439847
  view-data: 0.29198856092989445
