times:
  edit-metadata: 1.9858767837285995
  landing: 0.1471365299075842
  view-data: 0.14021294564008713
