times:
  landing: 1.6458856537938118
  view-data: 0.5750241279602051
