times:
  edit-metadata: 2.85758320055902
  landing: 0.904076935723424
  view-data: 0.31548429280519485
