times:
  edit-metadata: 2.7060987520962954
  landing: 0.6747277639806271
  view-data: 0.6715645510703325
