times:
  edit-metadata: 1.3493263279087842
  landing: 0.04512854805216193
  view-data: 0.26948423497378826
