times:
  landing: 0.5475956599999847
  view-data: 0.5613769980000143
