times:
  edit-metadata: 1.3570016007870436
  landing: 0.7642585746943951
  view-data: 3.324341111816466
