times:
  edit-metadata: 3.0505431033670902
  landing: 0.3605595324188471
  view-data: 0.7471599355340004
