times:
  edit-metadata: 2.7400793060660362
  landing: 2.1491342578083277
  view-data: 0.6720893271267414
