times:
  edit-metadata: 1.6992817549034953
  landing: 0.057366239838302135
  view-data: 0.2998481660615653
