times:
  edit-metadata: 0.9410539027303457
  landing: 0.06418742518872023
  view-data: 0.28407869301736355
