times:
  edit-metadata: 0.8898012032732368
  landing: 0.06276666279882193
  view-data: 0.2692917571403086
