times:
  edit-metadata: 2.365957595407963
  landing: 0.061315540224313736
  view-data: 0.2723635584115982
