times:
  edit-metadata: 2.183346476405859
  landing: 1.4432454481720924
  view-data: 3.4030160009860992
