times:
  edit-metadata: 0.9945907099172473
  landing: 0.048872610088437796
  view-data: 0.2588714971207082
