times:
  edit-metadata: 2.0838002748787403
  landing: 0.024519097059965134
  view-data: 0.4872984606772661
