times:
  edit-metadata: 2.6085283756256104
  landing: 1.6156493071466684
  view-data: 1.7224979307502508
