times:
  edit-metadata: 0.9795012301765382
  landing: 0.057811013888567686
  view-data: 0.26478574704378843
