times:
  edit-metadata: 1.4011267118621618
  landing: 0.8732668941374868
  view-data: 3.4299423531629145
