times:
  edit-metadata: 2.5377172883599997
  landing: 0.15362577699124813
  view-data: 0.5021350868046284
