times:
  edit-metadata: 0.9980664830072783
  landing: 0.04890021501341835
  view-data: 0.3980315129738301
