times:
  edit-metadata: 0.9881570502184331
  landing: 0.048191879875957966
  view-data: 0.29272819496691227
