times:
  edit-metadata: 1.5096594877541065
  landing: 0.8861514069139957
  view-data: 3.4516538456082344
