times:
  edit-metadata: 1.4205481726676226
  landing: 0.9002215508371592
  view-data: 3.4046555776149035
