times:
  landing: 1.0671060829999988
  view-data: 0.5552923490000126
