times:
  edit-metadata: 1.9566087611019611
  landing: 0.01960103865712881
  view-data: 0.12152054440230131
