times:
  edit-metadata: 2.0067693321034312
  landing: 0.21734963823109865
  view-data: 0.2122488571330905
