times:
  edit-metadata: 1.0174641120247543
  landing: 0.06269950093701482
  view-data: 0.3560252799652517
