times:
  edit-metadata: 1.5075849276036024
  landing: 0.8757709786295891
  view-data: 3.439260248094797
