times:
  landing: 0.5610298579999835
  view-data: 0.5612922590000267
