times:
  edit-metadata: 1.8907939288765192
  landing: 0.1243820171803236
  view-data: 0.024068706668913364
