times:
  edit-metadata: 1.1797313308343291
  landing: 0.054323931224644184
  view-data: 0.4149094531312585
