times:
  edit-metadata: 0.9824946098960936
  landing: 0.052917497931048274
  view-data: 0.2738150469958782
