times:
  edit-metadata: 2.675621772184968
  landing: 1.1721005365252495
  view-data: 0.5310026351362467
