times:
  edit-metadata: 1.922947196289897
  landing: 0.2148847160860896
  view-data: 0.5299862362444401
