times:
  edit-metadata: 1.4096435056999326
  landing: 0.8206608649343252
  view-data: 3.334643720649183
