times:
  edit-metadata: 0.964102266356349
  landing: 0.0530023779720068
  view-data: 0.2832353040575981
