times:
  edit-metadata: 1.7953236398752779
  landing: 0.063811190193519
  view-data: 0.2826661749277264
