times:
  edit-metadata: 2.0036369962617755
  landing: 0.02225909661501646
  view-data: 0.11996387038379908
