times:
  edit-metadata: 1.0001061079092324
  landing: 0.056563367950730026
  view-data: 0.24235444597434253
