times:
  edit-metadata: 0.9911552381236106
  landing: 0.04810338909737766
  view-data: 0.39967778185382485
