times:
  edit-metadata: 2.3377361111342907
  landing: 1.4179116673767567
  view-data: 3.4987662099301815
