times:
  edit-metadata: 2.5964863691478968
  landing: 1.2003046050667763
  view-data: 0.6493129245936871
