times:
  edit-metadata: 1.52874606102705
  landing: 0.9374719001352787
  view-data: 3.3596238158643246
