times:
  edit-metadata: 1.0803935619769618
  landing: 0.05179322697222233
  view-data: 0.236709926975891
