times:
  edit-metadata: 0.9966862980509177
  landing: 0.055732539971359074
  view-data: 0.3647370580583811
