times:
  edit-metadata: 1.5634987819939852
  landing: 0.7413826193660498
  view-data: 3.286767525598407
