times:
  edit-metadata: 0.9228224637918174
  landing: 0.05290227197110653
  view-data: 0.2660580691881478
