times:
  landing: 0.5571384819999992
  view-data: 0.5606980660000147
