times:
  edit-metadata: 1.402684893924743
  landing: 0.09178458293899894
  view-data: 0.37352942302823067
