times:
  edit-metadata: 1.373683598358184
  landing: 0.11369455698877573
  view-data: 0.2743869046680629
