times:
  edit-metadata: 1.5919779986143112
  landing: 1.0734337195754051
  view-data: 3.3079155199229717
