times:
  landing: 0.5609075509999855
  view-data: 0.560156022000001
