times:
  edit-metadata: 0.9900769561063498
  landing: 0.051166622899472713
  view-data: 0.2871178691275418
