times:
  edit-metadata: 1.7387287931051105
  landing: 0.05478669796139002
  view-data: 0.2803043539170176
