times:
  edit-metadata: 2.176498916000128
  landing: 0.02296176552772522
  view-data: 0.42970081605017185
