times:
  edit-metadata: 2.357967581599951
  landing: 0.057218942791223526
  view-data: 0.27939506247639656
