times:
  edit-metadata: 1.4853916140273213
  landing: 0.8806348801590502
  view-data: 3.4047647998668253
