times:
  edit-metadata: 2.0961391013115644
  landing: 1.0776556394994259
  view-data: 3.3190896045416594
