times:
  landing: 1.880736316787079
  view-data: 0.03822358697652817
