times:
  edit-metadata: 1.9020285904407501
  landing: 0.02113560400903225
  view-data: 0.1219774717465043
