times:
  edit-metadata: 2.394021388143301
  landing: 0.055686771869659424
  view-data: 0.28811199218034744
