times:
  edit-metadata: 1.2762820259667933
  landing: 0.0857022157870233
  view-data: 0.2867452590726316
