times:
  edit-metadata: 1.3968204520642757
  landing: 0.8717943616211414
  view-data: 3.294693272560835
