times:
  edit-metadata: 1.493921922519803
  landing: 0.778621980920434
  view-data: 3.432311261072755
