times:
  edit-metadata: 2.0809595584869385
  landing: 0.02312225103378296
  view-data: 0.5381421446800232
