times:
  landing: 0.5644901969999978
  view-data: 0.5632607259999816
