times:
  edit-metadata: 2.5069149918854237
  landing: 0.060575198382139206
  view-data: 0.32773084193468094
