times:
  edit-metadata: 0.9906194700160995
  landing: 0.0589992159511894
  view-data: 0.36578297102823853
