times:
  edit-metadata: 1.511523999273777
  landing: 0.9576062373816967
  view-data: 3.410161968320608
