times:
  edit-metadata: 1.6307180263102055
  landing: 1.0117707438766956
  view-data: 3.3773939665406942
