times:
  edit-metadata: 1.9559798883274198
  landing: 0.9635785510763526
  view-data: 3.3458258463069797
