times:
  landing: 0.5552051040000094
  view-data: 0.5614526470000101
