times:
  landing: 0.5641661859999942
  view-data: 0.5582769270000085
