times:
  edit-metadata: 1.9268479719758034
  landing: 0.01948594767600298
  view-data: 0.02520197257399559
