times:
  edit-metadata: 3.3801883310079575
  landing: 0.6336549483239651
  view-data: 0.3941329773515463
