times:
  edit-metadata: 0.907086247112602
  landing: 0.05878595123067498
  view-data: 0.2838353607803583
