times:
  landing: 1.10763768999999
  view-data: 0.5630378270000165
