times:
  edit-metadata: 1.4915121644735336
  landing: 0.8853482343256474
  view-data: 3.434091027826071
