times:
  edit-metadata: 2.4074072390794754
  landing: 0.06125736981630325
  view-data: 0.2812916748225689
