times:
  edit-metadata: 1.6691153239808045
  landing: 0.05743872100720182
  view-data: 0.249323176976759
