times:
  edit-metadata: 1.0004142010584474
  landing: 0.05081553803756833
  view-data: 0.38408224005252123
