times:
  edit-metadata: 1.9565809974446893
  landing: 0.02092586550861597
  view-data: 0.02271943725645542
