times:
  landing: 2.1086480149999716
  view-data: 0.56090486100004
