times:
  edit-metadata: 1.7845834370236844
  landing: 0.061840109061449766
  view-data: 0.3093318631872535
