times:
  edit-metadata: 1.5492107830941677
  landing: 1.0488773807883263
  view-data: 3.4570570196956396
