times:
  edit-metadata: 1.7572845278773457
  landing: 0.05561059503816068
  view-data: 0.26779778813943267
