times:
  edit-metadata: 1.5000070203095675
  landing: 0.8321399688720703
  view-data: 3.3719373270869255
