times:
  edit-metadata: 0.8956927419640124
  landing: 0.05534414015710354
  view-data: 0.28176427260041237
