times:
  landing: 1.0761926479999602
  view-data: 0.5925347770000258
