times:
  edit-metadata: 1.6458305194973946
  landing: 1.1616675443947315
  view-data: 3.377914648503065
