times:
  edit-metadata: 1.5293302461504936
  landing: 0.9969402514398098
  view-data: 3.4004452601075172
