times:
  edit-metadata: 3.504266689007636
  landing: 0.536273892968893
  view-data: 0.652600375993643
