times:
  landing: 1.133572657000002
  view-data: 0.5535898740000107
