times:
  edit-metadata: 2.739651221781969
  landing: 0.5230784900486469
  view-data: 0.32180678099393845
