times:
  edit-metadata: 1.9594696732237935
  landing: 0.020821073092520237
  view-data: 0.02830860484391451
