times:
  edit-metadata: 1.609403932467103
  landing: 0.8867279104888439
  view-data: 3.292134266346693
