times:
  edit-metadata: 1.3333484230097383
  landing: 0.7669576129410416
  view-data: 3.2697384611237794
