times:
  edit-metadata: 1.9415475372225046
  landing: 0.022280041128396988
  view-data: 0.12033984903246164
