times:
  edit-metadata: 2.0106643065810204
  landing: 0.0201571024954319
  view-data: 0.023658402264118195
