times:
  edit-metadata: 2.9047107249498367
  landing: 0.5957143567502499
  view-data: 0.34417406655848026
