times:
  edit-metadata: 2.7525716479867697
  landing: 0.21544883586466312
  view-data: 0.36673077940940857
