times:
  edit-metadata: 0.9896198441274464
  landing: 0.04969476303085685
  view-data: 0.2531901220791042
