times:
  edit-metadata: 1.551867175847292
  landing: 0.834936086088419
  view-data: 3.4226100500673056
