times:
  edit-metadata: 1.8726961929351091
  landing: 0.11036073323339224
  view-data: 0.025573736056685448
