times:
  edit-metadata: 1.4656213745474815
  landing: 0.8676691316068172
  view-data: 3.395048337057233
