times:
  edit-metadata: 2.728576496243477
  landing: 0.6002385672181845
  view-data: 0.29704055935144424
