times:
  edit-metadata: 1.4823885094374418
  landing: 0.78054204210639
  view-data: 3.3951163413003087
