times:
  landing: 0.5647591910000074
  view-data: 0.558235059000026
