times:
  landing: 1.065614367999956
  view-data: 0.5590425880000112
