times:
  edit-metadata: 1.8612352339550853
  landing: 0.06067450507543981
  view-data: 0.2422081888653338
