times:
  edit-metadata: 1.0012212069705129
  landing: 0.046566097997128963
  view-data: 0.3638030921574682
