times:
  edit-metadata: 1.719497145153582
  landing: 0.07167490385472775
  view-data: 0.2901296599302441
