times:
  edit-metadata: 2.2514930963516235
  landing: 0.1424047090113163
  view-data: 0.279055867344141
