times:
  edit-metadata: 0.9505666997283697
  landing: 0.06030018115416169
  view-data: 0.2730773710645735
