times:
  edit-metadata: 1.2529863538220525
  landing: 0.09852004377171397
  view-data: 0.36278422037139535
