times:
  edit-metadata: 0.9376763408072293
  landing: 0.05872346926480532
  view-data: 0.2733663353137672
