times:
  edit-metadata: 1.99288799893111
  landing: 0.2176632033661008
  view-data: 0.19698421377688646
