times:
  landing: 0.5512887970000122
  view-data: 0.5548345169999891
