times:
  landing: 2.128406047000226
  view-data: 0.5528162479999992
