times:
  edit-metadata: 2.0995557371061295
  landing: 0.06029191194102168
  view-data: 0.24942515906877816
