times:
  edit-metadata: 1.0098439620342106
  landing: 0.05518780299462378
  view-data: 0.2517408230341971
