times:
  edit-metadata: 2.277745123952627
  landing: 0.21323526836931705
  view-data: 0.6345552634447813
