times:
  landing: 0.5477708889999917
  view-data: 0.5557315350000067
