times:
  edit-metadata: 1.9133867286145687
  landing: 0.02088341023772955
  view-data: 0.12031849473714828
