times:
  edit-metadata: 1.3951023081317544
  landing: 0.07848902093246579
  view-data: 0.35951140616089106
