times:
  edit-metadata: 1.5620456207543612
  landing: 0.794443603605032
  view-data: 3.4219875410199165
