times:
  edit-metadata: 1.3976474979426712
  landing: 0.8102943908888847
  view-data: 3.3467996190302074
