times:
  edit-metadata: 2.221052872017026
  landing: 0.024221139028668404
  view-data: 0.5918241608887911
