times:
  edit-metadata: 1.3837640611454844
  landing: 0.7557502239942551
  view-data: 3.2865171739831567
