times:
  edit-metadata: 1.9049626169726253
  landing: 0.021718483418226242
  view-data: 0.02667095046490431
