times:
  edit-metadata: 0.9350715861655772
  landing: 0.05630392162129283
  view-data: 0.2828623619861901
