times:
  landing: 0.5653818959999626
  view-data: 0.5629350219999765
