times:
  edit-metadata: 1.9762344751507044
  landing: 0.13048367202281952
  view-data: 0.10179688967764378
