times:
  edit-metadata: 1.2216741149313748
  landing: 0.08080108882859349
  view-data: 0.37691755732521415
