times:
  edit-metadata: 1.9879421135410666
  landing: 0.1885760733857751
  view-data: 0.5167865296825767
