times:
  edit-metadata: 0.9679388897493482
  landing: 0.056448967196047306
  view-data: 0.33938764594495296
