times:
  edit-metadata: 2.6314110681414604
  landing: 0.628373309969902
  view-data: 0.29143196530640125
