times:
  edit-metadata: 1.716026257025078
  landing: 0.0562895949697122
  view-data: 0.27013287896988913
