times:
  edit-metadata: 1.8707620278000832
  landing: 1.3686288185417652
  view-data: 3.5401896126568317
