times:
  edit-metadata: 1.7187282759696245
  landing: 0.06754684296902269
  view-data: 0.2521564450580627
