times:
  edit-metadata: 2.8839034009724855
  landing: 0.7390198856592178
  view-data: 0.36471044458448887
