times:
  edit-metadata: 2.693644106388092
  landing: 1.6292603984475136
  view-data: 0.6735536064952612
