times:
  edit-metadata: 1.3394339247606695
  landing: 0.07145334966480732
  view-data: 0.3315661968663335
