times:
  edit-metadata: 3.0949217472225428
  landing: 0.4206848721951246
  view-data: 0.310393987223506
