times:
  edit-metadata: 1.9036247935146093
  landing: 0.023879284039139748
  view-data: 0.027960866689682007
