times:
  landing: 0.5672371749999456
  view-data: 0.560310874000038
