times:
  edit-metadata: 1.1769926080014557
  landing: 0.059787293008412234
  view-data: 0.3238464679889148
