times:
  edit-metadata: 2.4434292847290635
  landing: 0.02185121364891529
  view-data: 0.15126951970160007
