times:
  edit-metadata: 2.016233444213867
  landing: 1.2694831416010857
  view-data: 3.7042550072073936
