times:
  edit-metadata: 1.6036376804113388
  landing: 1.0653589144349098
  view-data: 3.4888126477599144
