times:
  edit-metadata: 1.4562645554542542
  landing: 0.7920890524983406
  view-data: 3.453176863491535
