times:
  edit-metadata: 1.4870062470436096
  landing: 0.7782397046685219
  view-data: 3.31117033213377
