times:
  edit-metadata: 2.0027751475572586
  landing: 1.009275034070015
  view-data: 3.6371959894895554
