times:
  edit-metadata: 1.370105616748333
  landing: 0.717722550034523
  view-data: 3.5219012796878815
