times:
  edit-metadata: 1.4335966855287552
  landing: 0.7698378339409828
  view-data: 3.2884618416428566
