times:
  edit-metadata: 1.973736472427845
  landing: 0.760891642421484
  view-data: 3.283141601830721
