times:
  edit-metadata: 1.4292681366205215
  landing: 0.7281883656978607
  view-data: 3.481329746544361
