times:
  edit-metadata: 1.445434257388115
  landing: 0.8013932630419731
  view-data: 3.537042334675789
