times:
  edit-metadata: 1.582283079624176
  landing: 0.8037867993116379
  view-data: 3.4419266432523727
