times:
  edit-metadata: 1.47613113373518
  landing: 0.8183528780937195
  view-data: 3.3940923511981964
