times:
  edit-metadata: 1.5386924147605896
  landing: 0.8445152267813683
  view-data: 3.325553745031357
