times:
  edit-metadata: 1.4092267975211143
  landing: 0.7691922336816788
  view-data: 3.45908422768116
