times:
  edit-metadata: 1.4048748165369034
  landing: 0.7530365288257599
  view-data: 3.260357290506363
