times:
  edit-metadata: 1.429651401937008
  landing: 0.8303963169455528
  view-data: 3.5302776619791985
