times:
  edit-metadata: 1.4683982580900192
  landing: 0.754483062773943
  view-data: 3.290572140365839
