times:
  edit-metadata: 1.38040392100811
  landing: 0.8284079916775227
  view-data: 3.3461637794971466
