times:
  edit-metadata: 1.406787071377039
  landing: 0.75827756524086
  view-data: 3.3495480827987194
