times:
  edit-metadata: 1.496262814849615
  landing: 0.8530300483107567
  view-data: 3.3301164768636227
