times:
  edit-metadata: 1.5322582721710205
  landing: 0.7358601912856102
  view-data: 3.4195211827754974
