times:
  edit-metadata: 1.5894707888364792
  landing: 0.8239768519997597
  view-data: 3.593275874853134
