times:
  edit-metadata: 1.5837278738617897
  landing: 0.900449700653553
  view-data: 3.339177891612053
