times:
  edit-metadata: 1.3974278718233109
  landing: 0.763672448694706
  view-data: 3.535890743136406
