times:
  edit-metadata: 1.3544631078839302
  landing: 0.6810529977083206
  view-data: 3.4252565279603004
