times:
  edit-metadata: 1.5432006120681763
  landing: 0.8524251021444798
  view-data: 3.442504443228245
