times:
  edit-metadata: 1.4627393037080765
  landing: 0.9013058058917522
  view-data: 3.2986757569015026
