times:
  edit-metadata: 1.4054990150034428
  landing: 0.8487627767026424
  view-data: 3.307275142520666
