times:
  edit-metadata: 1.4352145195007324
  landing: 0.7800063639879227
  view-data: 3.5495904460549355
