times:
  edit-metadata: 1.5446374714374542
  landing: 0.9042977429926395
  view-data: 3.3048071675002575
