times:
  edit-metadata: 1.5170012414455414
  landing: 0.8136141747236252
  view-data: 3.279544774442911
