times:
  edit-metadata: 1.4491517767310143
  landing: 0.7760733664035797
  view-data: 3.5351210311055183
