times:
  edit-metadata: 1.564983755350113
  landing: 0.8948066905140877
  view-data: 3.527142807841301
