times:
  edit-metadata: 1.361621879041195
  landing: 0.7254585176706314
  view-data: 3.3378337621688843
