times:
  edit-metadata: 1.5160780288279057
  landing: 0.9066953994333744
  view-data: 3.3142437301576138
