times:
  edit-metadata: 1.510265950113535
  landing: 0.7389757335186005
  view-data: 3.3147925473749638
