times:
  edit-metadata: 1.3927163481712341
  landing: 0.7179237306118011
  view-data: 3.425623506307602
