times:
  edit-metadata: 1.3755438774824142
  landing: 0.7107358574867249
  view-data: 3.4404920265078545
