times:
  edit-metadata: 2.093237340450287
  landing: 1.325816035270691
  view-data: 3.5736655220389366
