times:
  edit-metadata: 1.5038797818124294
  landing: 0.8039404675364494
  view-data: 3.321004070341587
