times:
  edit-metadata: 1.3312014751136303
  landing: 0.6947837881743908
  view-data: 3.2784151285886765
