times:
  edit-metadata: 1.4192485958337784
  landing: 0.7331780828535557
  view-data: 3.378363247960806
