times:
  edit-metadata: 2.121278241276741
  landing: 1.3106589913368225
  view-data: 3.639132756739855
