times:
  edit-metadata: 1.514652468264103
  landing: 0.8518929556012154
  view-data: 3.489064283668995
