times:
  edit-metadata: 3.4307920038700104
  landing: 1.5538055524230003
  view-data: 3.3298152312636375
