times:
  edit-metadata: 1.402180589735508
  landing: 0.7646471112966537
  view-data: 3.4867379888892174
