times:
  edit-metadata: 1.5453731305897236
  landing: 0.8992357365787029
  view-data: 3.345956649631262
