times:
  edit-metadata: 1.4050418511033058
  landing: 0.7204076200723648
  view-data: 3.5448946952819824
