times:
  edit-metadata: 1.553214319050312
  landing: 0.7235485836863518
  view-data: 3.522631824016571
