times:
  edit-metadata: 1.5297832861542702
  landing: 0.8981198668479919
  view-data: 3.46679250895977
