times:
  edit-metadata: 1.3919107243418694
  landing: 0.7069486789405346
  view-data: 3.2752961851656437
