times:
  edit-metadata: 1.5210413858294487
  landing: 0.8480641767382622
  view-data: 3.381461825221777
