times:
  edit-metadata: 1.6164872720837593
  landing: 0.8343520164489746
  view-data: 3.3432879224419594
