times:
  edit-metadata: 1.6139887757599354
  landing: 0.8708748333156109
  view-data: 3.334984425455332
