times:
  edit-metadata: 1.6302854381501675
  landing: 0.8629689440131187
  view-data: 3.3705082163214684
