times:
  edit-metadata: 1.443695180118084
  landing: 0.7863995805382729
  view-data: 3.540075033903122
