times:
  edit-metadata: 1.4119969382882118
  landing: 0.7470668479800224
  view-data: 3.4377772510051727
