times:
  edit-metadata: 1.420900084078312
  landing: 0.7283703535795212
  view-data: 3.331733614206314
