times:
  edit-metadata: 1.488064181059599
  landing: 0.9412838034331799
  view-data: 3.443225149065256
