times:
  edit-metadata: 1.5457102805376053
  landing: 0.8594203367829323
  view-data: 3.3170306384563446
