times:
  edit-metadata: 1.4128977209329605
  landing: 0.7107829079031944
  view-data: 3.5130378678441048
