times:
  edit-metadata: 1.3235669769346714
  landing: 0.7615536078810692
  view-data: 3.2754666432738304
