times:
  edit-metadata: 1.4779430478811264
  landing: 0.8603207617998123
  view-data: 3.401529796421528
