times:
  edit-metadata: 2.0432890504598618
  landing: 1.0453182868659496
  view-data: 3.367778070271015
