times:
  edit-metadata: 1.4918121546506882
  landing: 0.7445782572031021
  view-data: 3.4284602627158165
