times:
  edit-metadata: 1.3821148872375488
  landing: 0.6784842610359192
  view-data: 3.4451430216431618
