times:
  edit-metadata: 1.3868817687034607
  landing: 0.7084926217794418
  view-data: 3.4288380593061447
