times:
  edit-metadata: 1.4910344332456589
  landing: 0.7608135044574738
  view-data: 3.4036007300019264
