times:
  edit-metadata: 1.4148933067917824
  landing: 0.8615139052271843
  view-data: 3.306466720998287
