times:
  edit-metadata: 1.46316909044981
  landing: 0.7740130573511124
  view-data: 3.5008019506931305
