times:
  edit-metadata: 1.3940264619886875
  landing: 0.7014346793293953
  view-data: 3.2731932550668716
