times:
  edit-metadata: 1.650650218129158
  landing: 0.9460603184998035
  view-data: 3.3081436716020107
