times:
  edit-metadata: 1.3850654363632202
  landing: 0.7599987611174583
  view-data: 3.4632143676280975
