times:
  edit-metadata: 1.4825872890651226
  landing: 0.8085514977574348
  view-data: 3.325844570994377
