times:
  edit-metadata: 2.017568778246641
  landing: 1.014923382550478
  view-data: 3.61801016330719
