times:
  edit-metadata: 1.404377743601799
  landing: 0.7230611965060234
  view-data: 3.403701551258564
