times:
  edit-metadata: 1.386320985853672
  landing: 0.8119837790727615
  view-data: 3.434348039329052
