times:
  edit-metadata: 1.3678284250199795
  landing: 0.7471048198640347
  view-data: 3.3020700812339783
