times:
  edit-metadata: 1.4881084486842155
  landing: 0.681924507021904
  view-data: 3.5099670812487602
