times:
  edit-metadata: 1.5180873796343803
  landing: 0.7625282779335976
  view-data: 3.4681056067347527
