times:
  edit-metadata: 1.5366410687565804
  landing: 0.7190432250499725
  view-data: 3.4275252670049667
