times:
  edit-metadata: 2.3184611722826958
  landing: 1.0667897686362267
  view-data: 3.8354016169905663
