times:
  edit-metadata: 1.4148387350142002
  landing: 0.7366946563124657
  view-data: 3.28316643089056
