times:
  edit-metadata: 1.678699105978012
  landing: 0.8542251586914062
  view-data: 3.316789709031582
