times:
  edit-metadata: 1.5189406126737595
  landing: 0.7338309064507484
  view-data: 3.450335033237934
