times:
  edit-metadata: 1.412488840520382
  landing: 0.7358577065169811
  view-data: 3.2625274434685707
