times:
  edit-metadata: 1.3547076284885406
  landing: 0.7487096264958382
  view-data: 3.4692240953445435
