times:
  edit-metadata: 1.423219121992588
  landing: 0.7485394924879074
  view-data: 3.481050565838814
