times:
  edit-metadata: 1.5139879882335663
  landing: 0.8798891045153141
  view-data: 3.2905044853687286
