times:
  edit-metadata: 1.5955972522497177
  landing: 0.906320333480835
  view-data: 3.425640057772398
