times:
  edit-metadata: 1.4841951951384544
  landing: 0.9468338452279568
  view-data: 3.3142477683722973
