times:
  edit-metadata: 2.3857208527624607
  landing: 1.2881624549627304
  view-data: 3.377540495246649
