times:
  edit-metadata: 1.51733985170722
  landing: 0.8129285983741283
  view-data: 3.3160328567028046
