times:
  edit-metadata: 1.3512064814567566
  landing: 0.7608928307890892
  view-data: 3.4150338023900986
