times:
  edit-metadata: 1.4742686934769154
  landing: 0.8666819781064987
  view-data: 3.327380917966366
