times:
  edit-metadata: 1.4012283384799957
  landing: 0.7098109498620033
  view-data: 3.4748499393463135
