times:
  edit-metadata: 1.7061402201652527
  landing: 0.7895326018333435
  view-data: 3.5005122274160385
