times:
  edit-metadata: 1.414595827460289
  landing: 0.8186126723885536
  view-data: 0.5450117774307728
