times:
  edit-metadata: 1.4405998885631561
  landing: 0.7941671907901764
  view-data: 3.497734233736992
