times:
  edit-metadata: 1.8304675705730915
  landing: 0.9324178732931614
  view-data: 3.3082618974149227
