times:
  edit-metadata: 1.4973547235131264
  landing: 0.8128426745533943
  view-data: 3.5017771869897842
