times:
  edit-metadata: 1.5106972008943558
  landing: 0.8065889477729797
  view-data: 3.536061279475689
