times:
  edit-metadata: 1.54805438965559
  landing: 0.819880373775959
  view-data: 3.358876157552004
