times:
  edit-metadata: 1.3921508342027664
  landing: 0.7906487360596657
  view-data: 3.352255240082741
