times:
  edit-metadata: 1.3482336401939392
  landing: 0.8236217051744461
  view-data: 3.326156921684742
