times:
  edit-metadata: 1.426400251686573
  landing: 0.6914608255028725
  view-data: 3.343744531273842
