times:
  edit-metadata: 1.6224082261323929
  landing: 0.7805364355444908
  view-data: 3.28417681902647
