times:
  edit-metadata: 1.5965623185038567
  landing: 0.8400664739310741
  view-data: 3.325539141893387
