times:
  edit-metadata: 1.50319504737854
  landing: 0.8811609409749508
  view-data: 3.284924354404211
