times:
  edit-metadata: 1.4859125092625618
  landing: 0.7885016538202763
  view-data: 3.3311127834022045
