times:
  edit-metadata: 1.3785420805215836
  landing: 0.7785762920975685
  view-data: 3.451674297451973
