times:
  edit-metadata: 1.3783472329378128
  landing: 0.7044702172279358
  view-data: 3.412700094282627
