times:
  edit-metadata: 1.446787428110838
  landing: 0.7760086841881275
  view-data: 3.2781664542853832
