times:
  edit-metadata: 1.4239936396479607
  landing: 0.7987289875745773
  view-data: 3.384405791759491
