times:
  edit-metadata: 1.5006023645401
  landing: 0.8709900006651878
  view-data: 3.3501295149326324
