times:
  edit-metadata: 1.517763413488865
  landing: 1.0108465105295181
  view-data: 3.4961076080799103
