times:
  edit-metadata: 2.362513218075037
  landing: 0.9432626031339169
  view-data: 3.406703419983387
