times:
  edit-metadata: 1.3940140753984451
  landing: 0.7411678843200207
  view-data: 3.2972199842333794
