times:
  edit-metadata: 1.505403958261013
  landing: 0.8154809027910233
  view-data: 3.477634519338608
