times:
  edit-metadata: 1.5444593355059624
  landing: 0.7246672064065933
  view-data: 3.5284495428204536
