times:
  edit-metadata: 1.4481500312685966
  landing: 0.7835320271551609
  view-data: 3.2737521566450596
