times:
  edit-metadata: 1.4320775419473648
  landing: 0.7059395089745522
  view-data: 3.4987215027213097
