times:
  edit-metadata: 1.4843313470482826
  landing: 0.7346231043338776
  view-data: 3.467452049255371
