times:
  edit-metadata: 1.438533939421177
  landing: 0.8090440779924393
  view-data: 3.530228577554226
