times:
  edit-metadata: 1.3986991085112095
  landing: 0.8073035813868046
  view-data: 3.2814365439116955
