times:
  edit-metadata: 1.5229161381721497
  landing: 0.8897631168365479
  view-data: 3.611501969397068
