times:
  edit-metadata: 1.440372958779335
  landing: 0.8420392647385597
  view-data: 3.439925916492939
