times:
  edit-metadata: 1.5219133794307709
  landing: 0.7234835848212242
  view-data: 3.529125839471817
