times:
  edit-metadata: 1.4179599583148956
  landing: 0.706394225358963
  view-data: 3.5049019902944565
