times:
  edit-metadata: 1.483235314488411
  landing: 0.7349526956677437
  view-data: 3.4701653718948364
