times:
  edit-metadata: 1.41861317679286
  landing: 0.8214177489280701
  view-data: 3.358801446855068
