times:
  edit-metadata: 1.3846445381641388
  landing: 0.6998535990715027
  view-data: 3.4019268080592155
