times:
  edit-metadata: 1.876804493367672
  landing: 1.1265601217746735
  view-data: 3.3980473279953003
