times:
  edit-metadata: 1.3586841821670532
  landing: 0.7032929211854935
  view-data: 3.3736373633146286
