times:
  edit-metadata: 1.5067577734589577
  landing: 0.81566471606493
  view-data: 3.5494969114661217
