times:
  edit-metadata: 1.4129873476922512
  landing: 0.8686136119067669
  view-data: 3.335743725299835
