times:
  edit-metadata: 1.358470842242241
  landing: 0.7434981688857079
  view-data: 3.5154865980148315
