times:
  edit-metadata: 1.7249510437250137
  landing: 0.903120718896389
  view-data: 3.3624811619520187
