times:
  edit-metadata: 1.5330201834440231
  landing: 0.7191460356116295
  view-data: 3.6499947383999825
