times:
  edit-metadata: 1.925609216094017
  landing: 0.8396061435341835
  view-data: 3.3956342935562134
