times:
  edit-metadata: 1.4697416201233864
  landing: 0.7034425362944603
  view-data: 3.347918279469013
