times:
  edit-metadata: 1.4995355904102325
  landing: 0.7223071604967117
  view-data: 3.50675155967474
