times:
  edit-metadata: 1.4649997353553772
  landing: 0.759913194924593
  view-data: 3.26749848946929
