times:
  edit-metadata: 1.3782077468931675
  landing: 0.945659227669239
  view-data: 3.3769951947033405
