times:
  edit-metadata: 1.456391841173172
  landing: 0.7614527121186256
  view-data: 3.5096439495682716
