times:
  edit-metadata: 1.4786101281642914
  landing: 0.8381531089544296
  view-data: 3.4476217180490494
