times:
  edit-metadata: 1.3781297728419304
  landing: 0.7669527679681778
  view-data: 3.4939913526177406
