times:
  edit-metadata: 1.5249190628528595
  landing: 0.8133719637989998
  view-data: 3.620155416429043
