times:
  edit-metadata: 1.3992986306548119
  landing: 0.8021459355950356
  view-data: 3.479484349489212
