times:
  edit-metadata: 1.4595241248607635
  landing: 0.7918565198779106
  view-data: 3.4415363371372223
