times:
  edit-metadata: 1.3607979342341423
  landing: 0.7466554120182991
  view-data: 3.6005809158086777
