times:
  edit-metadata: 1.3800061866641045
  landing: 0.8904174417257309
  view-data: 3.5309954062104225
