times:
  edit-metadata: 1.356145441532135
  landing: 0.7419174164533615
  view-data: 3.497003562748432
