times:
  edit-metadata: 1.6121373549103737
  landing: 0.989165872335434
  view-data: 3.5784544497728348
