times:
  edit-metadata: 1.3795467093586922
  landing: 0.6998332142829895
  view-data: 3.502873547375202
