times:
  edit-metadata: 1.379744328558445
  landing: 0.7366974875330925
  view-data: 3.4398732110857964
