times:
  edit-metadata: 1.3408807516098022
  landing: 0.7651044130325317
  view-data: 3.44838235527277
