times:
  edit-metadata: 1.3799592703580856
  landing: 0.6549296081066132
  view-data: 3.4609595760703087
