times:
  edit-metadata: 1.7081543281674385
  landing: 0.8651165440678596
  view-data: 3.3839161843061447
