times:
  edit-metadata: 1.354074977338314
  landing: 0.7791370376944542
  view-data: 3.4508009776473045
