times:
  edit-metadata: 1.3737351596355438
  landing: 0.7893027439713478
  view-data: 3.4667310565710068
