times:
  edit-metadata: 1.3378535136580467
  landing: 0.7845172211527824
  view-data: 3.453716814517975
