times:
  edit-metadata: 1.405249923467636
  landing: 0.7086301296949387
  view-data: 3.4826727136969566
