times:
  edit-metadata: 1.3499915450811386
  landing: 0.7791440039873123
  view-data: 3.5033948123455048
