times:
  edit-metadata: 1.5112678036093712
  landing: 0.7755080685019493
  view-data: 3.364691346883774
