times:
  edit-metadata: 1.4256088882684708
  landing: 0.7477668225765228
  view-data: 3.4299766272306442
