times:
  edit-metadata: 1.5102804750204086
  landing: 0.8052335605025291
  view-data: 3.4387354776263237
