times:
  edit-metadata: 1.3369709178805351
  landing: 0.7471080869436264
  view-data: 3.441758617758751
