times:
  edit-metadata: 1.3904438689351082
  landing: 0.7281714379787445
  view-data: 3.509810544550419
