times:
  edit-metadata: 1.3559575602412224
  landing: 0.7660248205065727
  view-data: 3.352731190621853
