times:
  edit-metadata: 1.433268316090107
  landing: 0.7867369428277016
  view-data: 3.5547871068120003
