times:
  edit-metadata: 1.3119989037513733
  landing: 0.752061203122139
  view-data: 3.6177192851901054
