times:
  edit-metadata: 1.475723758339882
  landing: 0.7434165701270103
  view-data: 3.517582096159458
