times:
  edit-metadata: 1.3469280153512955
  landing: 0.695812813937664
  view-data: 3.4393610134720802
