times:
  edit-metadata: 1.4895670339465141
  landing: 0.7958709970116615
  view-data: 3.5114236772060394
