times:
  edit-metadata: 1.5438650697469711
  landing: 0.8589804321527481
  view-data: 3.482774168252945
