times:
  edit-metadata: 1.3342169225215912
  landing: 0.7554417625069618
  view-data: 3.4239591658115387
