times:
  edit-metadata: 1.8025200366973877
  landing: 0.7812964469194412
  view-data: 3.432356610894203
