times:
  edit-metadata: 1.6655380129814148
  landing: 0.9982757493853569
  view-data: 3.535976402461529
