times:
  edit-metadata: 1.3274585232138634
  landing: 0.7865492403507233
  view-data: 3.5660860016942024
