times:
  edit-metadata: 2.2093771621584892
  landing: 1.2282223254442215
  view-data: 3.52642709761858
