times:
  edit-metadata: 1.403448261320591
  landing: 0.7394274994730949
  view-data: 3.5442665442824364
