times:
  edit-metadata: 1.4835609197616577
  landing: 0.6999400183558464
  view-data: 3.5369957908988
