times:
  edit-metadata: 1.406087651848793
  landing: 0.6671685576438904
  view-data: 3.5167891457676888
