times:
  edit-metadata: 1.4371320009231567
  landing: 0.9896528571844101
  view-data: 3.3656628727912903
