times:
  edit-metadata: 1.4471785202622414
  landing: 0.6679221615195274
  view-data: 3.4951752722263336
