times:
  edit-metadata: 1.4400819092988968
  landing: 0.8434524536132812
  view-data: 3.4680943489074707
