times:
  edit-metadata: 1.5123848393559456
  landing: 0.927078403532505
  view-data: 3.622730702161789
