times:
  edit-metadata: 1.3756944388151169
  landing: 0.71791210770607
  view-data: 3.4313186556100845
