times:
  edit-metadata: 1.4475024044513702
  landing: 0.7965986505150795
  view-data: 3.4661253169178963
