times:
  edit-metadata: 1.3611769676208496
  landing: 0.7274610996246338
  view-data: 3.538897566497326
