times:
  edit-metadata: 1.4891103208065033
  landing: 0.7531041949987411
  view-data: 3.4633806198835373
