times:
  edit-metadata: 1.5850105062127113
  landing: 0.7537844702601433
  view-data: 3.709259681403637
