times:
  edit-metadata: 1.3654774650931358
  landing: 0.7971672788262367
  view-data: 3.5551661923527718
