times:
  edit-metadata: 1.39718846231699
  landing: 0.7200523093342781
  view-data: 3.420247346162796
