times:
  edit-metadata: 1.4487271308898926
  landing: 0.7482792362570763
  view-data: 3.4555148109793663
