times:
  edit-metadata: 1.3964220210909843
  landing: 0.8253353759646416
  view-data: 3.466395281255245
