times:
  edit-metadata: 1.9651117995381355
  landing: 1.0973519682884216
  view-data: 3.861620716750622
