times:
  edit-metadata: 1.3316672965884209
  landing: 0.713272325694561
  view-data: 3.4638388827443123
