times:
  edit-metadata: 1.3286666944622993
  landing: 0.6796743497252464
  view-data: 3.4160107001662254
