times:
  edit-metadata: 1.5086018666625023
  landing: 0.7702260389924049
  view-data: 3.4680052176117897
