times:
  edit-metadata: 1.3762404546141624
  landing: 0.7533067390322685
  view-data: 3.5249071046710014
