times:
  edit-metadata: 1.4282391965389252
  landing: 0.7646945044398308
  view-data: 3.47116419672966
