times:
  edit-metadata: 1.4871746823191643
  landing: 0.6949689090251923
  view-data: 3.539933495223522
