times:
  edit-metadata: 1.901286967098713
  landing: 1.6205423027276993
  view-data: 3.5558387339115143
