times:
  edit-metadata: 1.368418626487255
  landing: 0.8149227723479271
  view-data: 3.4888047128915787
