times:
  edit-metadata: 1.3157394006848335
  landing: 0.7502005323767662
  view-data: 3.5096219703555107
