times:
  edit-metadata: 1.345959112048149
  landing: 0.7259245812892914
  view-data: 3.3599074333906174
