times:
  edit-metadata: 1.4139480665326118
  landing: 0.7485649883747101
  view-data: 3.509905621409416
