times:
  edit-metadata: 1.4907476156949997
  landing: 0.8658607080578804
  view-data: 3.544026829302311
