times:
  edit-metadata: 1.3684471249580383
  landing: 0.8774426132440567
  view-data: 3.4524151980876923
