times:
  edit-metadata: 1.3927566334605217
  landing: 0.8102606162428856
  view-data: 3.4736840650439262
