times:
  edit-metadata: 1.5448818430304527
  landing: 0.9487107694149017
  view-data: 3.3101799935102463
