times:
  edit-metadata: 1.5866991132497787
  landing: 1.2139817923307419
  view-data: 3.5156355798244476
