times:
  edit-metadata: 1.518958441913128
  landing: 0.987263023853302
  view-data: 3.6443156078457832
