times:
  edit-metadata: 1.5002573430538177
  landing: 0.9183832854032516
  view-data: 3.4471026957035065
