times:
  edit-metadata: 1.5762721300125122
  landing: 0.9937110133469105
  view-data: 3.315788984298706
