times:
  edit-metadata: 1.4942514225840569
  landing: 1.0489481911063194
  view-data: 3.264550395309925
