times:
  edit-metadata: 1.5683054998517036
  landing: 1.1579832434654236
  view-data: 3.419556513428688
