times:
  edit-metadata: 1.4950942546129227
  landing: 0.8915494382381439
  view-data: 3.3373136669397354
