times:
  edit-metadata: 1.4639825001358986
  landing: 0.962920542806387
  view-data: 3.3113481737673283
