times:
  edit-metadata: 3.42647897079587
  landing: 2.400022428482771
  view-data: 3.5932015143334866
