times:
  edit-metadata: 1.9745485000312328
  landing: 1.40642449259758
  view-data: 3.2547847367823124
