times:
  edit-metadata: 1.5039354413747787
  landing: 0.9050994515419006
  view-data: 3.390974573791027
