times:
  edit-metadata: 1.5558118149638176
  landing: 1.235613651573658
  view-data: 3.2677008286118507
