times:
  edit-metadata: 1.585568256676197
  landing: 0.8717543706297874
  view-data: 3.503411538898945
