times:
  edit-metadata: 1.5308430939912796
  landing: 0.9415858015418053
  view-data: 3.4622723162174225
