times:
  edit-metadata: 1.4927428215742111
  landing: 0.8809268400073051
  view-data: 3.471522234380245
