times:
  edit-metadata: 1.6147476211190224
  landing: 0.8934330344200134
  view-data: 3.278521791100502
