times:
  edit-metadata: 1.5667224153876305
  landing: 0.8662983179092407
  view-data: 3.402889594435692
