times:
  edit-metadata: 1.6919806748628616
  landing: 0.9002794027328491
  view-data: 3.408690720796585
