times:
  edit-metadata: 1.7323679998517036
  landing: 0.9550032056868076
  view-data: 3.3068676851689816
