times:
  edit-metadata: 1.4844292104244232
  landing: 0.9495384246110916
  view-data: 3.2909256741404533
