times:
  edit-metadata: 1.5871343687176704
  landing: 0.8716851994395256
  view-data: 3.4092673137784004
