times:
  edit-metadata: 1.4315169230103493
  landing: 0.8801304809749126
  view-data: 3.2727056443691254
