times:
  edit-metadata: 1.502448633313179
  landing: 0.8640100583434105
  view-data: 3.451761431992054
