times:
  edit-metadata: 1.5686370357871056
  landing: 0.9078518077731133
  view-data: 3.3457736037671566
