times:
  edit-metadata: 1.5409512743353844
  landing: 0.8381840288639069
  view-data: 3.3714979737997055
