times:
  edit-metadata: 1.6667791120707989
  landing: 1.0778529718518257
  view-data: 3.363489180803299
