times:
  edit-metadata: 2.1801098063588142
  landing: 1.3245673850178719
  view-data: 3.6994272470474243
