times:
  edit-metadata: 1.5921522602438927
  landing: 1.0322412177920341
  view-data: 3.9150456860661507
