times:
  edit-metadata: 1.6638578698039055
  landing: 1.0802453309297562
  view-data: 0.5921310782432556
