times:
  edit-metadata: 2.0467291362583637
  landing: 1.3480066694319248
  view-data: 3.495560474693775
