times:
  edit-metadata: 1.505482092499733
  landing: 1.2255107946693897
  view-data: 3.4181341752409935
