times:
  edit-metadata: 1.6084291376173496
  landing: 1.1558395959436893
  view-data: 3.346877247095108
