times:
  edit-metadata: 1.5085560120642185
  landing: 0.9249129481613636
  view-data: 3.3233536519110203
