times:
  edit-metadata: 1.5813063606619835
  landing: 1.1683572232723236
  view-data: 3.486839585006237
