times:
  edit-metadata: 1.5505030453205109
  landing: 0.9741386100649834
  view-data: 3.4690915942192078
