times:
  edit-metadata: 1.4739249125123024
  landing: 0.8846151679754257
  view-data: 3.347167234867811
