times:
  edit-metadata: 1.6217351257801056
  landing: 0.9444573745131493
  view-data: 3.4975844025611877
