times:
  edit-metadata: 1.5718632861971855
  landing: 0.9515036568045616
  view-data: 3.556694708764553
