times:
  edit-metadata: 1.5063671991229057
  landing: 0.926220141351223
  view-data: 3.5627019703388214
