times:
  edit-metadata: 1.5869636610150337
  landing: 0.8804505541920662
  view-data: 3.394721306860447
