times:
  edit-metadata: 1.6083042621612549
  landing: 0.9248842969536781
  view-data: 3.4123802706599236
