times:
  edit-metadata: 1.6482426077127457
  landing: 1.0100065842270851
  view-data: 3.401410974562168
