times:
  edit-metadata: 1.461285263299942
  landing: 1.102839469909668
  view-data: 3.429371826350689
