times:
  edit-metadata: 1.8205632418394089
  landing: 1.1421388536691666
  view-data: 3.437441311776638
