times:
  edit-metadata: 1.5712650418281555
  landing: 0.9526722431182861
  view-data: 3.476113885641098
