times:
  edit-metadata: 1.6692638248205185
  landing: 0.9565159678459167
  view-data: 3.2767922431230545
