times:
  edit-metadata: 1.9004179537296295
  landing: 1.281474620103836
  view-data: 3.384685955941677
