times:
  edit-metadata: 1.6560277864336967
  landing: 1.4572520926594734
  view-data: 3.375119797885418
