times:
  edit-metadata: 1.502825751900673
  landing: 0.8713690117001534
  view-data: 3.2751352787017822
