times:
  edit-metadata: 1.5262371897697449
  landing: 1.2224618196487427
  view-data: 3.335635580122471
