times:
  edit-metadata: 1.5450895130634308
  landing: 1.0300725027918816
  view-data: 3.456980399787426
