times:
  edit-metadata: 1.5450853183865547
  landing: 1.405080109834671
  view-data: 3.476858615875244
