times:
  edit-metadata: 1.503187894821167
  landing: 0.9348655715584755
  view-data: 3.2682667672634125
