times:
  edit-metadata: 1.5447446182370186
  landing: 0.8841163292527199
  view-data: 3.4245072677731514
