times:
  edit-metadata: 1.6049800962209702
  landing: 1.2736382149159908
  view-data: 3.2704606987535954
