times:
  edit-metadata: 2.3862279802560806
  landing: 2.383934896439314
  view-data: 4.404268305748701
