times:
  edit-metadata: 1.6493492349982262
  landing: 1.1142142415046692
  view-data: 3.559272453188896
