times:
  edit-metadata: 1.860064297914505
  landing: 1.2778746411204338
  view-data: 3.2812988944351673
