times:
  edit-metadata: 1.4358679614961147
  landing: 0.9088569395244122
  view-data: 3.2924595437943935
