times:
  edit-metadata: 1.474004901945591
  landing: 1.0803804025053978
  view-data: 3.358328640460968
