times:
  edit-metadata: 1.5081968680024147
  landing: 1.0771021470427513
  view-data: 3.3351891562342644
