times:
  edit-metadata: 2.055176630616188
  landing: 1.1159645766019821
  view-data: 3.3018257319927216
