times:
  edit-metadata: 2.1054270267486572
  landing: 1.328970193862915
  view-data: 3.535427011549473
