times:
  edit-metadata: 1.6530257910490036
  landing: 1.1466038338840008
  view-data: 3.522491730749607
