times:
  edit-metadata: 2.0217890068888664
  landing: 1.740145992487669
  view-data: 3.3724284656345844
