times:
  edit-metadata: 1.3098270297050476
  landing: 0.8691108748316765
  view-data: 3.5558966398239136
