times:
  edit-metadata: 1.9998218230903149
  landing: 1.3822606839239597
  view-data: 3.3303793594241142
