times:
  edit-metadata: 1.4713410139083862
  landing: 0.8868003487586975
  view-data: 3.439316213130951
