times:
  edit-metadata: 1.514226257801056
  landing: 0.9158420637249947
  view-data: 3.263589959591627
