times:
  edit-metadata: 1.5520500168204308
  landing: 1.0255629420280457
  view-data: 3.5106949359178543
