times:
  edit-metadata: 1.5859389752149582
  landing: 1.271739199757576
  view-data: 3.401315614581108
