times:
  edit-metadata: 1.6064491048455238
  landing: 0.9676694273948669
  view-data: 3.4748421758413315
