times:
  edit-metadata: 1.5307315438985825
  landing: 0.9877652749419212
  view-data: 3.4778688848018646
