times:
  edit-metadata: 1.5354105457663536
  landing: 1.1922836042940617
  view-data: 3.3262715972959995
