times:
  edit-metadata: 3.3804214894771576
  landing: 2.5849301144480705
  view-data: 3.776242069900036
