times:
  edit-metadata: 1.5461797565221786
  landing: 0.9246757254004478
  view-data: 3.288141191005707
