times:
  edit-metadata: 1.65915697067976
  landing: 0.8677847608923912
  view-data: 3.4299135357141495
