times:
  edit-metadata: 1.6385398469865322
  landing: 0.9852993860840797
  view-data: 3.412628300487995
