times:
  edit-metadata: 1.5740771815180779
  landing: 0.8265178427100182
  view-data: 3.5006619319319725
