times:
  edit-metadata: 2.2277629375457764
  landing: 1.2969734892249107
  view-data: 3.327011823654175
