times:
  edit-metadata: 1.4697162173688412
  landing: 0.990402914583683
  view-data: 3.337120782583952
