times:
  edit-metadata: 1.6361158825457096
  landing: 1.024984646588564
  view-data: 3.2845030538737774
