times:
  edit-metadata: 1.606300376355648
  landing: 1.2389952018857002
  view-data: 3.4645859226584435
