times:
  edit-metadata: 1.470206968486309
  landing: 0.9338670708239079
  view-data: 3.2745759338140488
