times:
  edit-metadata: 2.151810832321644
  landing: 1.5031859949231148
  view-data: 3.4710418954491615
