times:
  edit-metadata: 1.4330596402287483
  landing: 0.8922633416950703
  view-data: 3.3101403564214706
