times:
  edit-metadata: 1.595863714814186
  landing: 1.0819796845316887
  view-data: 3.4670192152261734
