times:
  edit-metadata: 2.54845854640007
  landing: 2.128977980464697
  view-data: 3.3942739851772785
