times:
  edit-metadata: 1.4247694909572601
  landing: 0.9415665417909622
  view-data: 3.3096814081072807
