times:
  edit-metadata: 1.4824916124343872
  landing: 1.2587157860398293
  view-data: 3.3551854342222214
