times:
  edit-metadata: 1.9255487844347954
  landing: 1.0520879104733467
  view-data: 3.7195297479629517
