times:
  edit-metadata: 1.6696345806121826
  landing: 0.9349308833479881
  view-data: 3.534338891506195
