times:
  edit-metadata: 1.5710792317986488
  landing: 1.2332138121128082
  view-data: 3.3457901403307915
