times:
  edit-metadata: 1.5162560567259789
  landing: 1.0452491119503975
  view-data: 3.268232226371765
