times:
  edit-metadata: 1.593860276043415
  landing: 1.1458213850855827
  view-data: 3.3734047785401344
