times:
  edit-metadata: 1.582351215183735
  landing: 1.2256662100553513
  view-data: 3.4656955003738403
