times:
  edit-metadata: 1.4323812946677208
  landing: 0.9363822042942047
  view-data: 3.3984242901206017
