times:
  edit-metadata: 1.5368331745266914
  landing: 1.1374929696321487
  view-data: 3.5418070405721664
