times:
  edit-metadata: 1.601061373949051
  landing: 1.2081882059574127
  view-data: 3.511462338268757
