times:
  edit-metadata: 1.6705469526350498
  landing: 1.2704361490905285
  view-data: 3.2382658943533897
