times:
  edit-metadata: 1.5200207233428955
  landing: 0.8682156801223755
  view-data: 3.413056440651417
