times:
  edit-metadata: 1.6137585416436195
  landing: 1.571622435003519
  view-data: 3.300110340118408
