times:
  edit-metadata: 1.5115262493491173
  landing: 1.0001234337687492
  view-data: 3.520181894302368
