times:
  edit-metadata: 2.72920273989439
  landing: 1.2408564388751984
  view-data: 3.6646507903933525
