times:
  edit-metadata: 1.6087312623858452
  landing: 0.8540935516357422
  view-data: 3.4205027148127556
