times:
  edit-metadata: 2.28909745067358
  landing: 1.412350319325924
  view-data: 3.772111237049103
