times:
  edit-metadata: 1.5282663777470589
  landing: 0.9416510835289955
  view-data: 3.4066439792513847
