times:
  edit-metadata: 1.5096536092460155
  landing: 1.0611024312675
  view-data: 3.377051394432783
