times:
  edit-metadata: 1.6046322658658028
  landing: 0.8319692835211754
  view-data: 3.2385278940200806
