times:
  edit-metadata: 1.6352038607001305
  landing: 1.2184056341648102
  view-data: 3.528980702161789
