times:
  edit-metadata: 4.254508599638939
  landing: 3.0439439713954926
  view-data: 3.736773043870926
