times:
  edit-metadata: 1.5414845198392868
  landing: 0.881792239844799
  view-data: 3.4346552342176437
