times:
  edit-metadata: 1.4853849150240421
  landing: 0.8886105902493
  view-data: 3.251289661973715
