times:
  edit-metadata: 1.6428938657045364
  landing: 1.14486263692379
  view-data: 3.496343083679676
