times:
  edit-metadata: 1.593319408595562
  landing: 0.9342025443911552
  view-data: 3.4604117572307587
