times:
  edit-metadata: 1.8287938088178635
  landing: 1.1612189337611198
  view-data: 3.404401905834675
