times:
  edit-metadata: 1.6492069959640503
  landing: 1.2150073796510696
  view-data: 3.681368440389633
