times:
  edit-metadata: 1.5612977296113968
  landing: 1.2652408927679062
  view-data: 3.6092346161603928
