times:
  edit-metadata: 1.5846097320318222
  landing: 0.9252761006355286
  view-data: 3.591492474079132
