times:
  edit-metadata: 1.7516501359641552
  landing: 1.4334781356155872
  view-data: 3.2933687940239906
