times:
  edit-metadata: 1.6665999069809914
  landing: 1.231546014547348
  view-data: 3.518607847392559
