times:
  edit-metadata: 2.678492896258831
  landing: 1.6015832051634789
  view-data: 0.8298403359949589
