times:
  edit-metadata: 1.5210967287421227
  landing: 0.9177232980728149
  view-data: 3.4059787169098854
