times:
  edit-metadata: 1.5855506211519241
  landing: 0.9176687225699425
  view-data: 3.324857071042061
