times:
  edit-metadata: 3.039719834923744
  landing: 1.412744477391243
  view-data: 3.523946426808834
