times:
  edit-metadata: 1.8285253122448921
  landing: 1.3095567226409912
  view-data: 3.315183103084564
