times:
  edit-metadata: 1.4350996986031532
  landing: 0.9427091926336288
  view-data: 3.34372029453516
