times:
  edit-metadata: 1.6781542897224426
  landing: 0.9551733881235123
  view-data: 3.5930900126695633
