times:
  edit-metadata: 2.333660501986742
  landing: 1.5804208479821682
  view-data: 3.569570943713188
