times:
  edit-metadata: 1.5221821814775467
  landing: 0.889936625957489
  view-data: 3.3852805718779564
