times:
  edit-metadata: 1.4946428164839745
  landing: 0.8699432015419006
  view-data: 3.3848309740424156
