times:
  edit-metadata: 1.5414426028728485
  landing: 1.0829677656292915
  view-data: 3.3956657871603966
