times:
  edit-metadata: 1.7818232849240303
  landing: 1.000769767910242
  view-data: 3.309937220066786
