times:
  edit-metadata: 1.688125804066658
  landing: 0.9510652348399162
  view-data: 3.3037068247795105
