times:
  edit-metadata: 1.4908445365726948
  landing: 0.9900047145783901
  view-data: 3.376021556556225
