times:
  edit-metadata: 1.5221415981650352
  landing: 1.0935965068638325
  view-data: 3.349156506359577
