times:
  edit-metadata: 1.5648080334067345
  landing: 1.1118249371647835
  view-data: 3.6380653232336044
