times:
  edit-metadata: 1.5541566610336304
  landing: 0.9342013597488403
  view-data: 3.3115856051445007
