times:
  edit-metadata: 1.5753325372934341
  landing: 1.0983502455055714
  view-data: 3.393354404717684
