times:
  edit-metadata: 1.5682093761861324
  landing: 1.2956042028963566
  view-data: 3.311700440943241
