times:
  edit-metadata: 1.7791368812322617
  landing: 1.3381913676857948
  view-data: 3.3097615987062454
