times:
  edit-metadata: 1.5166389644145966
  landing: 1.1851541176438332
  view-data: 3.308147571980953
