times:
  edit-metadata: 1.5187589190900326
  landing: 1.330458253622055
  view-data: 3.2850263491272926
