times:
  edit-metadata: 1.8477637507021427
  landing: 1.5545487701892853
  view-data: 3.584336631000042
