times:
  edit-metadata: 1.580980658531189
  landing: 1.3084907345473766
  view-data: 3.313478410243988
