times:
  edit-metadata: 1.579077087342739
  landing: 0.9336683005094528
  view-data: 3.456343747675419
