times:
  edit-metadata: 1.6201409697532654
  landing: 0.8461750075221062
  view-data: 3.5013357177376747
