times:
  edit-metadata: 1.573724314570427
  landing: 1.195372834801674
  view-data: 3.590994529426098
