times:
  edit-metadata: 1.5219653397798538
  landing: 0.9150988161563873
  view-data: 3.27983245998621
