times:
  edit-metadata: 1.6710060462355614
  landing: 0.9813816174864769
  view-data: 3.5048027262091637
