times:
  edit-metadata: 1.4971293732523918
  landing: 1.1052322052419186
  view-data: 3.427929412573576
