times:
  edit-metadata: 1.5342550165951252
  landing: 0.937875859439373
  view-data: 3.2839630842208862
