times:
  edit-metadata: 1.505594976246357
  landing: 1.124893892556429
  view-data: 3.3373553305864334
