times:
  landing: 1.0685600150000027
  view-data: 1.607325569000011
