times:
  landing: 1.5802608910003073
  view-data: 4.156896565999887
