times:
  landing: 0.5523339910000118
  view-data: 1.0709339680000198
