times:
  landing: 1.0629619810000008
  view-data: 1.5976167150000151
