times:
  landing: 1.5855953000000227
  view-data: 5.205810305
