times:
  edit-metadata: 1.5357986651360989
  landing: 0.8463011160492897
  view-data: 3.551306538283825
