times:
  edit-metadata: 1.5160848200321198
  landing: 1.0015290044248104
  view-data: 3.4066305719316006
