times:
  edit-metadata: 1.6899716593325138
  landing: 1.0717965066432953
  view-data: 3.5067557767033577
