times:
  edit-metadata: 1.7481051571667194
  landing: 1.276377186179161
  view-data: 3.4650001861155033
