times:
  edit-metadata: 1.4901281893253326
  landing: 0.9414175450801849
  view-data: 3.611990053206682
