times:
  edit-metadata: 1.4346438087522984
  landing: 0.8439638540148735
  view-data: 3.5427431724965572
