times:
  edit-metadata: 1.3540424779057503
  landing: 0.8464218266308308
  view-data: 3.341786976903677
