times:
  edit-metadata: 1.5621972791850567
  landing: 1.0356420390307903
  view-data: 3.369899958372116
