times:
  edit-metadata: 1.6358810849487782
  landing: 0.8835317119956017
  view-data: 3.375825509428978
