times:
  edit-metadata: 2.300595283508301
  landing: 1.2639934904873371
  view-data: 3.509887430816889
