times:
  edit-metadata: 1.575934860855341
  landing: 0.9503648392856121
  view-data: 3.4580556079745293
