times:
  edit-metadata: 1.57018680870533
  landing: 1.2617154195904732
  view-data: 3.4467940516769886
