times:
  edit-metadata: 1.699801329523325
  landing: 1.0124183408915997
  view-data: 3.441915199160576
