times:
  edit-metadata: 1.831425342708826
  landing: 1.131402149796486
  view-data: 3.6229916363954544
