times:
  edit-metadata: 1.9623649641871452
  landing: 1.148957945406437
  view-data: 3.342549331486225
