times:
  edit-metadata: 1.5713550597429276
  landing: 1.0889466106891632
  view-data: 3.3656884245574474
