times:
  edit-metadata: 1.7947695963084698
  landing: 1.012351993471384
  view-data: 3.4647774063050747
