times:
  edit-metadata: 1.5236607678234577
  landing: 0.8536509461700916
  view-data: 3.73675874248147
