times:
  edit-metadata: 2.85567257553339
  landing: 2.0837049819529057
  view-data: 3.6307004168629646
