times:
  edit-metadata: 1.553408570587635
  landing: 0.9108120463788509
  view-data: 3.340112555772066
