times:
  edit-metadata: 2.210664179176092
  landing: 1.2630583308637142
  view-data: 3.639473546296358
