times:
  edit-metadata: 1.7724097035825253
  landing: 1.118592843413353
  view-data: 3.4769076481461525
