times:
  edit-metadata: 1.9485532492399216
  landing: 1.116599217057228
  view-data: 3.417920969426632
