times:
  edit-metadata: 1.5596812665462494
  landing: 0.9978395700454712
  view-data: 3.460513997823
