times:
  edit-metadata: 1.657548662275076
  landing: 1.2160060070455074
  view-data: 3.5961883924901485
