times:
  edit-metadata: 1.4244369491934776
  landing: 0.9862228818237782
  view-data: 3.4628069326281548
