times:
  edit-metadata: 1.4381696805357933
  landing: 0.8646411262452602
  view-data: 3.3345524109899998
