times:
  edit-metadata: 4.23392378911376
  landing: 1.4675284437835217
  view-data: 3.368991319090128
