times:
  edit-metadata: 1.90001155808568
  landing: 0.9922579601407051
  view-data: 3.444279056042433
