times:
  edit-metadata: 1.545439936220646
  landing: 0.9744408391416073
  view-data: 3.5249537527561188
