times:
  edit-metadata: 1.5341391004621983
  landing: 0.9872687458992004
  view-data: 3.355388954281807
