times:
  edit-metadata: 1.704143714159727
  landing: 1.0556422509253025
  view-data: 3.427290368825197
