times:
  edit-metadata: 1.4896506890654564
  landing: 0.9698531590402126
  view-data: 3.3910176791250706
