times:
  edit-metadata: 1.6345724947750568
  landing: 0.9350174553692341
  view-data: 3.516424909234047
