times:
  edit-metadata: 1.3938878439366817
  landing: 0.7719377391040325
  view-data: 3.336256604641676
