times:
  edit-metadata: 1.7398536801338196
  landing: 1.2295304648578167
  view-data: 3.4400783628225327
