times:
  edit-metadata: 1.5397204756736755
  landing: 0.817413903772831
  view-data: 3.5028454661369324
