times:
  edit-metadata: 1.5912489481270313
  landing: 1.0277415551245213
  view-data: 3.432521142065525
