times:
  edit-metadata: 2.3646926432847977
  landing: 1.4399868212640285
  view-data: 3.9320167675614357
