times:
  edit-metadata: 1.5999185889959335
  landing: 1.0668378323316574
  view-data: 3.511094603687525
