times:
  edit-metadata: 1.6372548379004002
  landing: 0.9638326168060303
  view-data: 3.3769387155771255
