times:
  edit-metadata: 1.5384368263185024
  landing: 0.9243113398551941
  view-data: 3.3888909593224525
