times:
  edit-metadata: 1.4113405868411064
  landing: 0.9714523665606976
  view-data: 3.365520641207695
