times:
  edit-metadata: 1.592146772891283
  landing: 0.855150181800127
  view-data: 3.4937207959592342
