times:
  edit-metadata: 1.571753729134798
  landing: 0.8870269097387791
  view-data: 3.367365710437298
