times:
  edit-metadata: 1.4460977725684643
  landing: 0.9707853496074677
  view-data: 3.342457454651594
