times:
  edit-metadata: 1.6270419172942638
  landing: 1.0323560759425163
  view-data: 3.542391024529934
