times:
  edit-metadata: 1.4303817190229893
  landing: 0.9312082603573799
  view-data: 3.3396297693252563
