times:
  edit-metadata: 4.836280662566423
  landing: 2.2975123897194862
  view-data: 3.538932714611292
