times:
  edit-metadata: 1.6476437896490097
  landing: 1.0107243061065674
  view-data: 3.496128186583519
