times:
  edit-metadata: 1.9688777923583984
  landing: 1.164653904736042
  view-data: 3.4886035583913326
