times:
  edit-metadata: 1.6302387118339539
  landing: 1.0624339692294598
  view-data: 3.3809949718415737
