times:
  edit-metadata: 1.69676623493433
  landing: 1.6670509837567806
  view-data: 3.50920507311821
