times:
  edit-metadata: 2.2625182904303074
  landing: 1.536044042557478
  view-data: 3.6440358348190784
