times:
  edit-metadata: 1.4918504729866982
  landing: 0.7855119667947292
  view-data: 3.582848135381937
