times:
  edit-metadata: 1.531609632074833
  landing: 0.8192261010408401
  view-data: 3.4272488243877888
