times:
  edit-metadata: 1.6619234532117844
  landing: 0.9707818292081356
  view-data: 3.3723403811454773
