times:
  edit-metadata: 1.5795878656208515
  landing: 0.928962878882885
  view-data: 3.48296120762825
