times:
  edit-metadata: 2.0552746765315533
  landing: 1.4077316708862782
  view-data: 3.5746397599577904
