times:
  edit-metadata: 1.559111375361681
  landing: 0.9860538057982922
  view-data: 3.8654199056327343
