times:
  edit-metadata: 1.4783516451716423
  landing: 0.8554240465164185
  view-data: 3.707063462585211
