times:
  edit-metadata: 1.3788032978773117
  landing: 0.8397520557045937
  view-data: 3.3546067774295807
