times:
  edit-metadata: 1.5678723007440567
  landing: 0.8929651714861393
  view-data: 3.3825105540454388
