times:
  edit-metadata: 1.6439902558922768
  landing: 1.1080521829426289
  view-data: 3.353680446743965
