times:
  edit-metadata: 1.0362003750633448
  landing: 0.059005675138905644
  view-data: 0.2050608831923455
