times:
  edit-metadata: 0.8519345499807969
  landing: 0.039482551044784486
  view-data: 0.21823697700165212
