times:
  edit-metadata: 1.7005254831165075
  landing: 0.37088287249207497
  view-data: 0.23858363926410675
