times:
  edit-metadata: 0.9559732540510595
  landing: 0.07917285896837711
  view-data: 0.21086187800392509
