times:
  edit-metadata: 1.1497936458326876
  landing: 0.0759920421987772
  view-data: 0.2330188099294901
