times:
  landing: 1.0701455089999854
  view-data: 0.561213409000004
