times:
  edit-metadata: 1.584139235317707
  landing: 0.786295972764492
  view-data: 3.3236725265160203
