times:
  edit-metadata: 1.5236131399869919
  landing: 0.05413031950592995
  view-data: 0.21780790761113167
