times:
  edit-metadata: 1.4850916350260377
  landing: 0.8341033039614558
  view-data: 3.361462226137519
