times:
  landing: 0.5710803440000518
  view-data: 0.5536669499999789
