times:
  edit-metadata: 0.7498329244554043
  landing: 0.5599191188812256
  view-data: 0.23418156616389751
