times:
  edit-metadata: 1.3570909639820457
  landing: 0.8355537930037826
  view-data: 3.3472869920078665
