times:
  landing: 0.5430150930000082
  view-data: 0.5445043320000309
