times:
  edit-metadata: 0.8546269860235043
  landing: 0.060907422041054815
  view-data: 0.2332145349937491
