times:
  edit-metadata: 1.6197680085897446
  landing: 1.0395373217761517
  view-data: 3.41637234762311
