times:
  edit-metadata: 1.7191438544541597
  landing: 0.01960102841258049
  view-data: 0.02226579375565052
