times:
  edit-metadata: 1.7548088114708662
  landing: 0.018406853079795837
  view-data: 0.12774110306054354
