times:
  edit-metadata: 0.9021897106431425
  landing: 0.04635063372552395
  view-data: 0.21190073480829597
