times:
  edit-metadata: 1.9670289363712072
  landing: 0.26354322023689747
  view-data: 0.29814073257148266
