times:
  edit-metadata: 0.841885098721832
  landing: 0.05354281887412071
  view-data: 0.22070926940068603
