times:
  edit-metadata: 1.2742020580917597
  landing: 0.7469814699143171
  view-data: 3.356441596057266
