times:
  edit-metadata: 1.824534447863698
  landing: 0.019891630858182907
  view-data: 0.29349759593605995
