times:
  edit-metadata: 0.9505941970273852
  landing: 0.044938375998754054
  view-data: 0.25930918398080394
