times:
  edit-metadata: 1.3190848929807544
  landing: 0.777769589331001
  view-data: 3.391391433775425
