times:
  edit-metadata: 0.7961443709209561
  landing: 0.05030345497652888
  view-data: 0.21668951585888863
