times:
  edit-metadata: 1.2959367099683732
  landing: 0.6714225029572845
  view-data: 3.2372208451852202
