times:
  edit-metadata: 1.8089413419365883
  landing: 0.01858268305659294
  view-data: 0.3430847115814686
