times:
  edit-metadata: 1.5375630035996437
  landing: 0.9862587749958038
  view-data: 3.361664369702339
