times:
  edit-metadata: 1.5242295190691948
  landing: 0.04301142320036888
  view-data: 0.21496236324310303
