times:
  edit-metadata: 1.4917743802070618
  landing: 0.7744452953338623
  view-data: 3.3974508810788393
