times:
  edit-metadata: 2.218863637186587
  landing: 0.09509826824069023
  view-data: 0.02960692159831524
