times:
  edit-metadata: 1.0881269979290664
  landing: 0.07323377206921577
  view-data: 0.31585197569802403
