times:
  edit-metadata: 1.4871006347239017
  landing: 0.04984385892748833
  view-data: 0.2224491760134697
