times:
  landing: 0.5496303850000004
  view-data: 0.5531161799999609
