times:
  edit-metadata: 0.8633024340961128
  landing: 0.04836067510768771
  view-data: 0.20674865297041833
