times:
  edit-metadata: 0.8217900833114982
  landing: 0.04345729947090149
  view-data: 0.2220850009471178
