times:
  edit-metadata: 1.3733102278783917
  landing: 0.8325846688821912
  view-data: 3.257308996282518
