times:
  edit-metadata: 1.6065677404403687
  landing: 0.7706955969333649
  view-data: 3.335742849856615
