times:
  edit-metadata: 1.824280234053731
  landing: 0.023114722222089767
  view-data: 0.026280803605914116
