times:
  edit-metadata: 0.9581226073205471
  landing: 0.13662393111735582
  view-data: 0.3425006386823952
