times:
  edit-metadata: 1.5035533737391233
  landing: 0.8285879362374544
  view-data: 3.2939983047544956
