times:
  edit-metadata: 1.9799926672130823
  landing: 0.02046350110322237
  view-data: 0.4260104689747095
