times:
  edit-metadata: 1.517033413052559
  landing: 0.03953106701374054
  view-data: 0.22145428881049156
