times:
  edit-metadata: 1.939799215644598
  landing: 1.242459747940302
  view-data: 3.6171798184514046
