times:
  edit-metadata: 1.5685468316078186
  landing: 1.093017503619194
  view-data: 0.6201612837612629
