times:
  edit-metadata: 1.5167562812566757
  landing: 1.3752394802868366
  view-data: 3.435005009174347
