times:
  edit-metadata: 2.2251169830560684
  landing: 0.3630473278462887
  view-data: 0.4132817480713129
