times:
  edit-metadata: 0.8784740041010082
  landing: 0.04595690965652466
  view-data: 0.21613150089979172
