times:
  edit-metadata: 1.5420017018914223
  landing: 0.9045083653181791
  view-data: 3.4046542830765247
