times:
  edit-metadata: 0.8207340203225613
  landing: 0.0406329738907516
  view-data: 0.21228727884590626
