times:
  edit-metadata: 0.8191217556595802
  landing: 0.05136880837380886
  view-data: 0.21697667427361012
