times:
  edit-metadata: 1.5254169199615717
  landing: 0.8016565386205912
  view-data: 3.3994366973638535
