times:
  edit-metadata: 1.5115122329443693
  landing: 0.7365858238190413
  view-data: 3.357811788097024
