times:
  edit-metadata: 1.6812486443668604
  landing: 0.05700657330453396
  view-data: 0.24810280092060566
