times:
  edit-metadata: 0.9135076440288685
  landing: 0.05790919897845015
  view-data: 0.21138725598575547
