times:
  landing: 0.5703775679999694
  view-data: 0.5584663399999954
