times:
  edit-metadata: 1.4679483696818352
  landing: 0.7566492836922407
  view-data: 3.3215401917696
