times:
  edit-metadata: 1.717724271118641
  landing: 0.04811488091945648
  view-data: 0.24246864765882492
