times:
  edit-metadata: 1.5258606020361185
  landing: 0.8350885435938835
  view-data: 3.4507419764995575
