times:
  landing: 0.5518193120000205
  view-data: 0.5508397240000704
