times:
  edit-metadata: 0.8747069370001554
  landing: 0.03979505998722743
  view-data: 0.20734241700847633
