times:
  edit-metadata: 2.0965043921023607
  landing: 0.1737282443791628
  view-data: 0.44450864382088184
