times:
  edit-metadata: 2.291835553944111
  landing: 0.21368785947561264
  view-data: 0.18868990801274776
