times:
  edit-metadata: 0.9626605100929737
  landing: 0.04480711300857365
  view-data: 0.21282627596519887
