times:
  edit-metadata: 1.9059729352593422
  landing: 0.02708105556666851
  view-data: 0.02885783649981022
