times:
  edit-metadata: 1.5100413598120213
  landing: 0.04198860004544258
  view-data: 0.2260638102889061
