times:
  edit-metadata: 1.8720646286383271
  landing: 0.20966691710054874
  view-data: 0.1366216130554676
