times:
  edit-metadata: 0.8895553471520543
  landing: 0.05492239911109209
  view-data: 0.20454798988066614
