times:
  edit-metadata: 1.7926901336759329
  landing: 0.022092046216130257
  view-data: 0.3238875400274992
