times:
  edit-metadata: 1.4760516118258238
  landing: 0.835581174120307
  view-data: 3.313416389748454
