times:
  edit-metadata: 1.5579854138195515
  landing: 0.04462914168834686
  view-data: 0.22133425995707512
