times:
  edit-metadata: 0.8345088306814432
  landing: 0.043519940227270126
  view-data: 0.21008061803877354
