times:
  edit-metadata: 1.7928950171917677
  landing: 0.020391322672367096
  view-data: 0.025074882432818413
