times:
  edit-metadata: 0.8098586890846491
  landing: 0.045582352206110954
  view-data: 0.22565232496708632
