times:
  edit-metadata: 0.8372863540425897
  landing: 0.04274709336459637
  view-data: 0.20998272113502026
