times:
  edit-metadata: 1.392986974096857
  landing: 0.8142173930536956
  view-data: 3.3272441029548645
