times:
  landing: 0.5411318379999557
  view-data: 0.5455104989999882
