times:
  edit-metadata: 1.5002195350825787
  landing: 0.0371718592941761
  view-data: 0.21745829284191132
