times:
  edit-metadata: 0.7946026157587767
  landing: 0.04895498510450125
  view-data: 0.23215450625866652
