times:
  edit-metadata: 1.6639150623232126
  landing: 0.6568248681724072
  view-data: 0.22185879573225975
