times:
  edit-metadata: 0.9068110650405288
  landing: 0.05174417304806411
  view-data: 0.21431491593830287
