times:
  edit-metadata: 1.7460560072213411
  landing: 0.021066736429929733
  view-data: 0.026355881243944168
