times:
  edit-metadata: 1.6424030233174562
  landing: 0.9793528653681278
  view-data: 0.3371111489832401
