times:
  edit-metadata: 0.8660233090631664
  landing: 0.04179934458807111
  view-data: 0.21159174293279648
