times:
  edit-metadata: 1.8132942831143737
  landing: 0.22880740836262703
  view-data: 0.13509316742420197
