times:
  edit-metadata: 1.5225289165973663
  landing: 0.051189225167036057
  view-data: 0.221624206751585
