times:
  edit-metadata: 1.8479154892265797
  landing: 1.0112937614321709
  view-data: 3.367597235366702
