times:
  landing: 0.5435465909999948
  view-data: 0.5489352479999638
