times:
  edit-metadata: 0.8607522860111203
  landing: 0.04174101600074209
  view-data: 0.2149813589931
