times:
  edit-metadata: 1.4517338126897812
  landing: 0.9637511484324932
  view-data: 3.398990862071514
