times:
  edit-metadata: 1.3834665827453136
  landing: 0.8158724419772625
  view-data: 3.3096699081361294
