times:
  edit-metadata: 2.0995750692673028
  landing: 1.3063616110011935
  view-data: 3.3946844073943794
