times:
  landing: 0.552357114000074
  view-data: 0.5635799840000573
