times:
  edit-metadata: 0.8746123621240258
  landing: 0.043470504228025675
  view-data: 0.21039394801482558
