times:
  edit-metadata: 0.8183287573046982
  landing: 0.04838996892794967
  view-data: 0.3444973146542907
