times:
  edit-metadata: 1.971891786903143
  landing: 0.023873785510659218
  view-data: 0.03207303397357464
