times:
  edit-metadata: 0.8741577679757029
  landing: 0.039817039971239865
  view-data: 0.21165335597470403
