times:
  landing: 0.558789250000018
  view-data: 0.5601510569999846
