times:
  edit-metadata: 1.0512781371362507
  landing: 0.06567644560709596
  view-data: 0.24625399382784963
