times:
  edit-metadata: 0.821674071252346
  landing: 0.05981951393187046
  view-data: 0.24339641071856022
