times:
  edit-metadata: 1.7618818171322346
  landing: 0.02141254022717476
  view-data: 0.0281622726470232
