times:
  edit-metadata: 1.7419819235801697
  landing: 0.13750757556408644
  view-data: 0.27123797219246626
