times:
  edit-metadata: 1.3927669748663902
  landing: 0.8814609944820404
  view-data: 3.2991549484431744
