times:
  edit-metadata: 2.1325790248811245
  landing: 1.3553040251135826
  view-data: 3.5086263939738274
