times:
  edit-metadata: 1.504877706989646
  landing: 0.9351329077035189
  view-data: 3.2931275479495525
