times:
  edit-metadata: 0.8223169473931193
  landing: 0.05361930653452873
  view-data: 0.2259212490171194
