times:
  edit-metadata: 1.8589513804763556
  landing: 0.1327321045100689
  view-data: 0.34212563186883926
