times:
  edit-metadata: 1.930462752468884
  landing: 0.16849476099014282
  view-data: 0.3343604626134038
