times:
  edit-metadata: 0.8538849400356412
  landing: 0.04773877596016973
  view-data: 0.21403501695021987
