times:
  edit-metadata: 0.938755658979062
  landing: 0.04345294798258692
  view-data: 0.34792312400531955
