times:
  edit-metadata: 1.495476569980383
  landing: 0.050677914172410965
  view-data: 0.21905899420380592
