times:
  landing: 0.5552423700000872
  view-data: 0.5612592119998681
