times:
  edit-metadata: 1.6462040692567825
  landing: 0.053681183606386185
  view-data: 0.23152459412813187
