times:
  edit-metadata: 0.8723503053188324
  landing: 0.041761117056012154
  view-data: 0.21430057100951672
