times:
  edit-metadata: 1.045324798906222
  landing: 0.05839614197611809
  view-data: 0.2959241319913417
