times:
  edit-metadata: 1.388372540473938
  landing: 0.9433694323524833
  view-data: 3.3995765168219805
