times:
  edit-metadata: 1.5250196941196918
  landing: 0.8252409715205431
  view-data: 3.405275508761406
