times:
  edit-metadata: 0.8621146567165852
  landing: 0.8570991884917021
  view-data: 0.211491160094738
