times:
  edit-metadata: 1.5949161313474178
  landing: 0.5763263609260321
  view-data: 0.6362806167453527
