times:
  edit-metadata: 0.8658731251489371
  landing: 0.04468610882759094
  view-data: 0.21271180897019804
