times:
  edit-metadata: 2.432645181193948
  landing: 0.22256498970091343
  view-data: 0.024520091712474823
