times:
  edit-metadata: 1.8278613705188036
  landing: 0.14070632681250572
  view-data: 0.2554737254977226
