times:
  edit-metadata: 1.6142543517053127
  landing: 0.923183080740273
  view-data: 3.3663294725120068
