times:
  edit-metadata: 1.5921802688390017
  landing: 1.4737631771713495
  view-data: 0.3212719038128853
