times:
  landing: 1.0701167740000415
  view-data: 0.5521230709999827
