times:
  edit-metadata: 0.8381805340759456
  landing: 0.047568608075380325
  view-data: 0.21899672830477357
