times:
  edit-metadata: 1.7341969227418303
  landing: 0.12871519289910793
  view-data: 0.11846015974879265
