times:
  edit-metadata: 1.3908631447702646
  landing: 0.7641916070133448
  view-data: 3.3076833309605718
