times:
  edit-metadata: 0.9230365680996329
  landing: 0.05158607987686992
  view-data: 0.20900223101489246
