times:
  edit-metadata: 0.9804028158541769
  landing: 0.10454242816194892
  view-data: 0.22537438198924065
