times:
  edit-metadata: 1.519500957801938
  landing: 1.0625607129186392
  view-data: 3.357944875024259
