times:
  edit-metadata: 0.8373911147937179
  landing: 0.043171485885977745
  view-data: 0.20221345778554678
