times:
  landing: 0.5822507710000764
  view-data: 0.5562491409999666
