times:
  edit-metadata: 1.7570635341107845
  landing: 0.02120043244212866
  view-data: 0.025105548091232777
