times:
  edit-metadata: 0.777168289758265
  landing: 0.03945107385516167
  view-data: 0.22905788011848927
