times:
  edit-metadata: 1.065789731219411
  landing: 0.07979775732383132
  view-data: 0.26946067390963435
