times:
  edit-metadata: 0.8336666990071535
  landing: 0.6156381368637085
  view-data: 0.2296885047107935
