times:
  edit-metadata: 2.3130801301449537
  landing: 1.4251742660999298
  view-data: 3.6293130088597536
