times:
  edit-metadata: 0.8274675139691681
  landing: 0.05150128097739071
  view-data: 0.22831969999242574
