times:
  edit-metadata: 1.5076727760024369
  landing: 0.7928894967772067
  view-data: 3.4428233513608575
