times:
  edit-metadata: 0.8618717361241579
  landing: 0.05520402314141393
  view-data: 0.21089179161936045
