times:
  edit-metadata: 1.5006316117942333
  landing: 0.05339129641652107
  view-data: 0.22194808349013329
