times:
  edit-metadata: 2.227142119780183
  landing: 0.25906876288354397
  view-data: 0.5821978636085987
