times:
  edit-metadata: 0.8569367611780763
  landing: 0.050008154939860106
  view-data: 0.20681407488882542
