times:
  edit-metadata: 0.8273814506828785
  landing: 0.04904354829341173
  view-data: 0.20677803177386522
