times:
  landing: 0.5477823149999494
  view-data: 0.5593542679999928
