times:
  edit-metadata: 0.8145451879827306
  landing: 0.054947187076322734
  view-data: 0.2587764950003475
