times:
  edit-metadata: 1.859167480841279
  landing: 0.02008290123194456
  view-data: 0.025522162206470966
