times:
  edit-metadata: 0.9178844005800784
  landing: 0.04348656814545393
  view-data: 0.2277432419359684
