times:
  edit-metadata: 2.2803462725132704
  landing: 0.18454299867153168
  view-data: 0.3555496521294117
