times:
  edit-metadata: 1.918568465858698
  landing: 1.023454561829567
  view-data: 3.4757564403116703
