times:
  edit-metadata: 1.7883916050195694
  landing: 0.020275856368243694
  view-data: 0.023649648763239384
