times:
  edit-metadata: 2.569917256012559
  landing: 0.24664147570729256
  view-data: 0.320487217977643
