times:
  edit-metadata: 1.7669078521430492
  landing: 0.024524862878024578
  view-data: 0.026144265197217464
