times:
  edit-metadata: 1.4235120629891753
  landing: 0.885801000520587
  view-data: 3.4164470555260777
