times:
  edit-metadata: 0.8169479798525572
  landing: 0.03987508313730359
  view-data: 0.21637378307059407
