times:
  edit-metadata: 1.8284419542178512
  landing: 0.021656671538949013
  view-data: 0.02644167933613062
