times:
  edit-metadata: 0.8406135877594352
  landing: 0.050690409261733294
  view-data: 0.21106289885938168
