times:
  edit-metadata: 2.7114329650066793
  landing: 1.376623400952667
  view-data: 3.420696711167693
