times:
  edit-metadata: 1.59525902941823
  landing: 0.582605242729187
  view-data: 0.6330359913408756
