times:
  edit-metadata: 1.7777191950008273
  landing: 0.023103799670934677
  view-data: 0.026053141802549362
