times:
  edit-metadata: 1.6553635820746422
  landing: 0.5730775538831949
  view-data: 0.6239174976944923
