times:
  edit-metadata: 0.812041369266808
  landing: 0.0426587238907814
  view-data: 0.21834296733140945
