times:
  landing: 0.5547497450000378
  view-data: 0.5630807889999687
