times:
  edit-metadata: 1.5021377009998105
  landing: 0.04475193199959904
  view-data: 0.21851192400026775
