times:
  edit-metadata: 1.8864425476640463
  landing: 0.1996365487575531
  view-data: 0.31595389172434807
