times:
  landing: 0.5491042899999456
  view-data: 0.5503840899999659
