times:
  edit-metadata: 1.9284946005791426
  landing: 0.020664041861891747
  view-data: 0.023921417072415352
