times:
  edit-metadata: 1.7848236802965403
  landing: 0.09992701560258865
  view-data: 0.35882893204689026
