times:
  edit-metadata: 1.7528579570353031
  landing: 0.13640189822763205
  view-data: 0.12694306392222643
