times:
  edit-metadata: 1.7927714325487614
  landing: 0.02266545221209526
  view-data: 0.025209994986653328
