times:
  edit-metadata: 0.8863660350034479
  landing: 0.048222176992567256
  view-data: 0.35707490498316474
