times:
  edit-metadata: 1.5910644344985485
  landing: 0.9612288065254688
  view-data: 3.3743062913417816
