times:
  edit-metadata: 1.4072956929448992
  landing: 0.8112447999883443
  view-data: 3.5943337520584464
