times:
  edit-metadata: 0.9093386679887772
  landing: 0.6464611459523439
  view-data: 0.23301171511411667
