times:
  edit-metadata: 1.6466146316379309
  landing: 0.8899657316505909
  view-data: 0.3275111634284258
