times:
  edit-metadata: 1.753413313999772
  landing: 0.022104309871792793
  view-data: 0.029093699529767036
