times:
  edit-metadata: 1.426234481856227
  landing: 0.8259542752057314
  view-data: 3.4138092482462525
