times:
  edit-metadata: 1.6636122409254313
  landing: 0.6964081376791
  view-data: 0.22432375326752663
