times:
  edit-metadata: 1.7400795053690672
  landing: 0.021314390003681183
  view-data: 0.43949542474001646
