times:
  edit-metadata: 1.5215590856969357
  landing: 0.8357802033424377
  view-data: 0.565889859572053
