times:
  edit-metadata: 1.8527437206357718
  landing: 0.023509688675403595
  view-data: 0.02668914571404457
