times:
  edit-metadata: 0.7846976397559047
  landing: 0.04064558818936348
  view-data: 0.21466034185141325
