times:
  edit-metadata: 0.8765393629437312
  landing: 0.04431471705902368
  view-data: 0.20537018100731075
