times:
  edit-metadata: 1.0321111541707069
  landing: 0.0486348990816623
  view-data: 0.23224907089024782
