times:
  edit-metadata: 0.8151021003723145
  landing: 0.05346202943474054
  view-data: 0.22671401035040617
