times:
  edit-metadata: 1.7829689597710967
  landing: 0.020415786653757095
  view-data: 0.45314349234104156
