times:
  edit-metadata: 1.3718967228196561
  landing: 0.8205005777999759
  view-data: 3.3735321471467614
