times:
  edit-metadata: 1.54319591447711
  landing: 0.9229396134614944
  view-data: 3.3921988792717457
