times:
  edit-metadata: 1.6075754668563604
  landing: 0.7972193192690611
  view-data: 0.3242100290954113
