times:
  edit-metadata: 1.766376355662942
  landing: 0.8839875999838114
  view-data: 3.347083461470902
