times:
  edit-metadata: 1.645631656050682
  landing: 0.6261856220662594
  view-data: 0.22677128948271275
