times:
  edit-metadata: 1.7860126169398427
  landing: 0.020506196655333042
  view-data: 0.3854238372296095
