times:
  edit-metadata: 1.740985194221139
  landing: 0.823618158698082
  view-data: 0.2535097151994705
