times:
  edit-metadata: 1.4794683009386063
  landing: 0.782570019364357
  view-data: 3.310531433671713
