times:
  edit-metadata: 0.9110970759938937
  landing: 0.05173792199639138
  view-data: 0.23270038000191562
