times:
  edit-metadata: 0.8112439210526645
  landing: 0.042814675252884626
  view-data: 0.21214109985157847
