times:
  edit-metadata: 0.9388835499994457
  landing: 0.04498968197731301
  view-data: 0.2673582900315523
