times:
  edit-metadata: 1.926661754027009
  landing: 0.019243926741182804
  view-data: 0.022168437018990517
