times:
  edit-metadata: 1.546792320907116
  landing: 0.8893502838909626
  view-data: 3.3585117645561695
