times:
  edit-metadata: 1.6163437240757048
  landing: 0.9236485529690981
  view-data: 3.340726825990714
