times:
  edit-metadata: 1.469181265681982
  landing: 1.1892294846475124
  view-data: 3.3856395222246647
