times:
  edit-metadata: 1.3987189582549036
  landing: 0.9057072959840298
  view-data: 3.4282126128673553
