times:
  edit-metadata: 1.7547553880140185
  landing: 0.21058002207428217
  view-data: 0.3233431000262499
