times:
  edit-metadata: 0.9939409959770273
  landing: 0.05391519400291145
  view-data: 0.25551568999071606
