times:
  edit-metadata: 1.8117614919319749
  landing: 0.019856545142829418
  view-data: 0.1251017777249217
