times:
  edit-metadata: 1.6846873722970486
  landing: 0.5890146344900131
  view-data: 0.3268015217036009
