times:
  edit-metadata: 0.9227892076596618
  landing: 0.054250305984169245
  view-data: 0.21255808416754007
