times:
  edit-metadata: 1.6261037215590477
  landing: 0.7585170650854707
  view-data: 3.2636853312142193
