times:
  edit-metadata: 1.6886911392211914
  landing: 0.6010059826076031
  view-data: 0.6225230395793915
