times:
  edit-metadata: 1.5573760867118835
  landing: 0.037457648664712906
  view-data: 0.21791614592075348
