times:
  edit-metadata: 1.8360943123698235
  landing: 0.14802148565649986
  view-data: 0.3276741858571768
