times:
  edit-metadata: 0.7952725132927299
  landing: 0.052934386767446995
  view-data: 0.21861520130187273
