times:
  edit-metadata: 1.9883507741615176
  landing: 0.19334555882960558
  view-data: 0.15794342942535877
