times:
  edit-metadata: 1.855939820408821
  landing: 0.13487370871007442
  view-data: 0.5277566593140364
