times:
  edit-metadata: 1.4720440655946732
  landing: 0.03985400125384331
  view-data: 0.2223808392882347
