times:
  edit-metadata: 2.24068071693182
  landing: 0.2884643916040659
  view-data: 0.19247694686055183
