times:
  edit-metadata: 1.4332644511014223
  landing: 0.884952106513083
  view-data: 3.425541155040264
