times:
  edit-metadata: 0.8746109320782125
  landing: 0.05282792495563626
  view-data: 0.21462951391004026
