times:
  edit-metadata: 1.6178246885538101
  landing: 0.5599335171282291
  view-data: 0.22496752068400383
