times:
  edit-metadata: 0.8482766011729836
  landing: 0.03776774415746331
  view-data: 0.34480519499629736
