times:
  edit-metadata: 1.7910636151209474
  landing: 0.19800092466175556
  view-data: 0.023606836795806885
