times:
  edit-metadata: 1.5982577204704285
  landing: 0.8829192537814379
  view-data: 3.421690709888935
