times:
  edit-metadata: 0.9295002450235188
  landing: 0.04459518799558282
  view-data: 0.2152143381536007
