times:
  edit-metadata: 0.8846724592149258
  landing: 0.05503174802288413
  view-data: 0.2320067621767521
