times:
  edit-metadata: 1.7964043049141765
  landing: 0.12128050439059734
  view-data: 0.42063265200704336
