times:
  edit-metadata: 1.7454369058832526
  landing: 0.09181847516447306
  view-data: 0.026299300603568554
