times:
  edit-metadata: 0.8575693710008636
  landing: 0.04205203603487462
  view-data: 0.21366627200040966
