times:
  edit-metadata: 1.6130942273885012
  landing: 0.6261754557490349
  view-data: 0.3371151387691498
