times:
  edit-metadata: 0.8482853542082012
  landing: 0.04932954581454396
  view-data: 0.20500208204612136
