times:
  landing: 0.5414619139999957
  view-data: 0.5480331939999985
