times:
  edit-metadata: 1.9391876682639122
  landing: 0.17007330991327763
  view-data: 0.13505930826067924
