times:
  edit-metadata: 0.8630247389664873
  landing: 0.0422855990473181
  view-data: 0.2090111980214715
