times:
  edit-metadata: 2.3429722394794226
  landing: 0.022601550444960594
  view-data: 0.17517161555588245
