times:
  edit-metadata: 0.8808803930878639
  landing: 1.5701524000614882
  view-data: 0.5911596827208996
