times:
  edit-metadata: 1.517703564837575
  landing: 0.7610365208238363
  view-data: 3.3799916617572308
