times:
  edit-metadata: 1.4971584156155586
  landing: 0.04655354470014572
  view-data: 0.22696882113814354
