times:
  edit-metadata: 2.439435452222824
  landing: 1.3112028054893017
  view-data: 3.4430986400693655
