times:
  edit-metadata: 0.8805515891872346
  landing: 0.05568802123889327
  view-data: 0.21083948574960232
