times:
  edit-metadata: 1.7686989987269044
  landing: 0.11919881217181683
  view-data: 0.24129255209118128
