times:
  edit-metadata: 1.5082129687070847
  landing: 0.7387932110577822
  view-data: 3.381857179105282
