times:
  edit-metadata: 1.535143420100212
  landing: 0.8733079023659229
  view-data: 3.4394843578338623
