times:
  edit-metadata: 0.8565590649959631
  landing: 0.05187078402377665
  view-data: 0.213396298000589
