times:
  edit-metadata: 1.2546166310203262
  landing: 0.08672217902494594
  view-data: 0.2925416739890352
