times:
  edit-metadata: 1.845826736651361
  landing: 0.22455604374408722
  view-data: 0.19384560268372297
