times:
  edit-metadata: 0.8017426338046789
  landing: 0.04804789600893855
  view-data: 0.23080845503136516
