times:
  edit-metadata: 0.9628359091002494
  landing: 0.10950468108057976
  view-data: 0.21378657105378807
