times:
  edit-metadata: 1.752146964892745
  landing: 10.45082613453269
  view-data: 1.1476019565016031
