times:
  edit-metadata: 1.5209629647433758
  landing: 0.905995137989521
  view-data: 3.33568743057549
