times:
  edit-metadata: 1.7645753985270858
  landing: 0.11811001040041447
  view-data: 0.025046635419130325
