times:
  edit-metadata: 2.237666942179203
  landing: 1.0153331086039543
  view-data: 3.3887634836137295
