times:
  edit-metadata: 1.7171598561108112
  landing: 0.021680341102182865
  view-data: 0.20657177735120058
