times:
  edit-metadata: 0.7757393172942102
  landing: 0.043151168152689934
  view-data: 0.22608134662732482
