times:
  edit-metadata: 1.8767266869544983
  landing: 0.1203074250370264
  view-data: 0.02784859389066696
