times:
  edit-metadata: 0.8762301369570196
  landing: 0.05001106101553887
  view-data: 0.21311107801739126
