times:
  edit-metadata: 1.8231759034097195
  landing: 0.20383677631616592
  view-data: 0.14383800514042377
