times:
  edit-metadata: 1.7632839102298021
  landing: 0.22488821111619473
  view-data: 0.09700636751949787
