times:
  edit-metadata: 0.8582143130042823
  landing: 0.04351577500347048
  view-data: 0.2053420700103743
