times:
  edit-metadata: 1.32844921015203
  landing: 0.6518286159262061
  view-data: 3.2520018690265715
