times:
  landing: 0.5823790249999661
  view-data: 0.5514825140000426
