times:
  edit-metadata: 0.8160645210009534
  landing: 0.054979513995931484
  view-data: 0.22952263100160053
