times:
  edit-metadata: 0.8630438009276986
  landing: 0.07784928614273667
  view-data: 0.2218733811751008
