times:
  edit-metadata: 1.7704037968069315
  landing: 0.02205394208431244
  view-data: 0.02630296628922224
