times:
  edit-metadata: 1.5075369235128164
  landing: 0.8052755445241928
  view-data: 3.4306336604058743
