times:
  edit-metadata: 1.8442106889560819
  landing: 0.020975018851459026
  view-data: 0.02828727290034294
