times:
  edit-metadata: 1.8649131320416927
  landing: 0.019778579473495483
  view-data: 0.34156556613743305
