times:
  edit-metadata: 0.9504463539924473
  landing: 0.05502965790219605
  view-data: 0.20820844219997525
