times:
  edit-metadata: 0.836844187695533
  landing: 0.0505781858228147
  view-data: 0.2185571021400392
