times:
  edit-metadata: 1.8234402853995562
  landing: 0.021943224593997
  view-data: 0.030042417347431183
