times:
  edit-metadata: 1.5054246094077826
  landing: 0.822527764365077
  view-data: 3.392395755276084
