times:
  edit-metadata: 0.8957556320820004
  landing: 0.05331543902866542
  view-data: 0.2088122209534049
