times:
  edit-metadata: 2.0025312155485153
  landing: 0.12867744639515877
  view-data: 0.030142296105623245
