times:
  edit-metadata: 1.8139414992183447
  landing: 0.019650500267744064
  view-data: 0.0235307440161705
