times:
  edit-metadata: 0.8331473949365318
  landing: 0.05950994789600372
  view-data: 0.2603366451803595
