times:
  edit-metadata: 1.5015782471746206
  landing: 0.5723415650427341
  view-data: 0.6421975754201412
