times:
  edit-metadata: 0.8918116949498653
  landing: 0.042313011130318046
  view-data: 0.20996978017501533
