times:
  edit-metadata: 1.3954021548852324
  landing: 0.7886928040534258
  view-data: 3.3866572179831564
