times:
  edit-metadata: 1.3888535294681787
  landing: 0.8757462054491043
  view-data: 3.3290637023746967
