times:
  edit-metadata: 1.6272028628736734
  landing: 1.1279587168246508
  view-data: 0.32274451293051243
