times:
  edit-metadata: 1.5369813721626997
  landing: 0.8309695236384869
  view-data: 3.442610999569297
