times:
  edit-metadata: 0.8618569129612297
  landing: 0.04567760496865958
  view-data: 0.2083671209984459
