times:
  edit-metadata: 1.5542685128748417
  landing: 1.0976436212658882
  view-data: 0.6186744533479214
