times:
  edit-metadata: 1.851919423788786
  landing: 0.019059013575315475
  view-data: 0.14741924405097961
