times:
  edit-metadata: 1.0883328509517014
  landing: 0.1080422019585967
  view-data: 0.25628079008311033
