times:
  edit-metadata: 0.8429768460337073
  landing: 0.05505951098166406
  view-data: 0.3861952230799943
