times:
  edit-metadata: 1.7883924087509513
  landing: 0.162284092977643
  view-data: 0.1302852677181363
