times:
  edit-metadata: 1.4859909527003765
  landing: 0.044725120067596436
  view-data: 0.22105832025408745
