times:
  edit-metadata: 1.5096671804785728
  landing: 0.049706004559993744
  view-data: 0.2190125659108162
