times:
  edit-metadata: 1.6598020922392607
  landing: 0.9247839152812958
  view-data: 3.4370447788387537
