times:
  edit-metadata: 0.8789685629308224
  landing: 0.04510680283419788
  view-data: 0.2048939608503133
