times:
  edit-metadata: 1.5636129956692457
  landing: 1.0421685855835676
  view-data: 3.4561106469482183
