times:
  edit-metadata: 1.146735081449151
  landing: 1.4128333497792482
  view-data: 0.3489123862236738
