times:
  edit-metadata: 1.5225394293665886
  landing: 0.9506993852555752
  view-data: 3.4136833660304546
