times:
  edit-metadata: 0.9829643839984783
  landing: 0.13946032000239938
  view-data: 0.2567050979996566
