times:
  edit-metadata: 1.3823423394933343
  landing: 0.8036570800468326
  view-data: 3.3249627854675055
