times:
  edit-metadata: 0.7973685041069984
  landing: 0.051303427666425705
  view-data: 0.22569045424461365
