times:
  edit-metadata: 1.4040956161916256
  landing: 0.8931484818458557
  view-data: 3.293527774512768
