times:
  edit-metadata: 1.7072241008281708
  landing: 0.6104275602847338
  view-data: 0.23248326778411865
