times:
  edit-metadata: 0.8614505741279572
  landing: 0.052319180918857455
  view-data: 0.23032911401242018
