times:
  edit-metadata: 1.742964955046773
  landing: 0.019588309340178967
  view-data: 0.46016956586390734
