times:
  edit-metadata: 2.1181018352508545
  landing: 0.021152442321181297
  view-data: 0.31455476209521294
