times:
  edit-metadata: 0.862470441032201
  landing: 0.03868094738572836
  view-data: 0.22140158712863922
