times:
  edit-metadata: 1.5926072522997856
  landing: 0.9469233900308609
  view-data: 3.4679580964148045
