times:
  edit-metadata: 1.4236004389822483
  landing: 0.7533816061913967
  view-data: 3.3463460728526115
