times:
  edit-metadata: 1.7570823524147272
  landing: 0.5823032427579165
  view-data: 0.3297036290168762
