times:
  edit-metadata: 1.909833736717701
  landing: 0.14143012091517448
  view-data: 0.02263869345188141
