times:
  edit-metadata: 0.8335967189632356
  landing: 0.045760358683764935
  view-data: 0.21402765391394496
