times:
  edit-metadata: 1.7458373522385955
  landing: 0.019057685509324074
  view-data: 0.02636763360351324
