times:
  landing: 0.5433033890000161
  view-data: 0.5500927809999894
