times:
  edit-metadata: 0.8777230731211603
  landing: 0.05983517109416425
  view-data: 0.3544195950962603
