times:
  edit-metadata: 0.842837592586875
  landing: 0.044594597071409225
  view-data: 0.21137612033635378
