times:
  edit-metadata: 0.9061647509224713
  landing: 0.04126766184344888
  view-data: 0.21320999413728714
