times:
  edit-metadata: 1.1445166538469493
  landing: 0.044414302334189415
  view-data: 0.36597849102690816
