times:
  edit-metadata: 1.3835837449878454
  landing: 0.9325599330477417
  view-data: 3.3799025588668883
