times:
  edit-metadata: 1.7461973605677485
  landing: 0.20247950498014688
  view-data: 0.02520122565329075
