times:
  edit-metadata: 1.5387903228402138
  landing: 0.04200514778494835
  view-data: 0.2119886763393879
