times:
  edit-metadata: 0.8502741180127487
  landing: 0.05823747592512518
  view-data: 0.23423064302187413
