times:
  edit-metadata: 2.3644245639443398
  landing: 0.022256555035710335
  view-data: 0.026523360051214695
