times:
  edit-metadata: 1.7278697937726974
  landing: 0.020542185753583908
  view-data: 0.3367243492975831
