times:
  edit-metadata: 0.8657985939644277
  landing: 0.05623529711738229
  view-data: 0.24756873585283756
