times:
  edit-metadata: 1.4784069918096066
  landing: 0.8809596747159958
  view-data: 3.4007404893636703
