times:
  edit-metadata: 1.5117523521184921
  landing: 0.827590886503458
  view-data: 3.287585277110338
