times:
  edit-metadata: 1.88666813634336
  landing: 0.1473570168018341
  view-data: 0.3650380354374647
