times:
  edit-metadata: 1.41606174595654
  landing: 0.902403102722019
  view-data: 3.3837744309566915
