times:
  edit-metadata: 1.3630519488360733
  landing: 0.04887754493393004
  view-data: 0.20512484083883464
