times:
  edit-metadata: 1.8329918328672647
  landing: 0.019633201882243156
  view-data: 0.14681298658251762
