times:
  edit-metadata: 1.1058034747838974
  landing: 0.06562690576538444
  view-data: 0.25217923801392317
