times:
  edit-metadata: 6.6010845843702555
  landing: 2.594180615618825
  view-data: 4.780017662793398
