times:
  edit-metadata: 1.5042302496731281
  landing: 0.7789791114628315
  view-data: 3.4292265363037586
