times:
  edit-metadata: 0.797133962623775
  landing: 0.040440820157527924
  view-data: 0.21190126612782478
