times:
  edit-metadata: 1.5217431411147118
  landing: 0.779878631234169
  view-data: 3.3945472836494446
