times:
  edit-metadata: 1.1338620969909243
  landing: 0.10330188600346446
  view-data: 0.31725177995394915
