times:
  edit-metadata: 1.7430777242407203
  landing: 0.20007866341620684
  view-data: 0.4256325401365757
