times:
  edit-metadata: 1.6765535157173872
  landing: 0.9426127728074789
  view-data: 0.3247639313340187
