times:
  edit-metadata: 0.9108162639895454
  landing: 0.048848562058992684
  view-data: 0.24049276497680694
