times:
  edit-metadata: 1.6284175720065832
  landing: 0.5860607177019119
  view-data: 0.23327062092721462
