times:
  edit-metadata: 1.670537730678916
  landing: 0.757202411070466
  view-data: 0.4679369069635868
