times:
  edit-metadata: 0.8126281779987039
  landing: 0.06002934499701951
  view-data: 0.23159635899355635
