times:
  edit-metadata: 1.5047080107033253
  landing: 0.04618067294359207
  view-data: 0.22233179211616516
