times:
  edit-metadata: 1.4641914367675781
  landing: 0.9463842399418354
  view-data: 3.3365503028035164
