times:
  edit-metadata: 1.6216255649924278
  landing: 1.0831694286316633
  view-data: 0.3259590305387974
