times:
  edit-metadata: 0.8559922468848526
  landing: 0.043599232099950314
  view-data: 0.20819718297570944
