times:
  edit-metadata: 1.5006046909838915
  landing: 0.656898844987154
  view-data: 0.24602491781115532
