times:
  edit-metadata: 1.7820798242464662
  landing: 0.023156180046498775
  view-data: 0.026143506169319153
