times:
  edit-metadata: 1.5241026002913713
  landing: 0.809816176071763
  view-data: 3.4182201270014048
