times:
  edit-metadata: 0.8964449940249324
  landing: 0.04333539691288024
  view-data: 0.2135189858963713
