times:
  edit-metadata: 0.8114768189998358
  landing: 0.058901868000248214
  view-data: 0.2275340279993543
