times:
  edit-metadata: 1.9353534914553165
  landing: 1.0027581416070461
  view-data: 3.3739380203187466
