times:
  edit-metadata: 0.8791614880319685
  landing: 0.04099241201765835
  view-data: 0.20883297501131892
