times:
  edit-metadata: 1.0338383569906
  landing: 0.10821379499975592
  view-data: 0.275333566009067
