times:
  edit-metadata: 1.9490295639261603
  landing: 0.11483166739344597
  view-data: 0.31623242795467377
