times:
  edit-metadata: 0.8638933659531176
  landing: 0.0544441279489547
  view-data: 0.22366091003641486
