times:
  edit-metadata: 1.6227617729455233
  landing: 0.7479708082973957
  view-data: 0.23788055777549744
