times:
  edit-metadata: 1.7903517810627818
  landing: 0.22833614982664585
  view-data: 0.0241518784314394
