times:
  edit-metadata: 0.840403561014682
  landing: 0.05037147202529013
  view-data: 0.24818746000528336
