times:
  edit-metadata: 1.8194178296253085
  landing: 0.026201662607491016
  view-data: 0.026964581571519375
