times:
  edit-metadata: 0.8142618341371417
  landing: 0.0478577921167016
  view-data: 0.21863187290728092
