times:
  edit-metadata: 1.7695161793380976
  landing: 0.14364143181592226
  view-data: 0.2474485319107771
