times:
  edit-metadata: 1.8041954282671213
  landing: 0.6895911656320095
  view-data: 0.34715658985078335
