times:
  edit-metadata: 1.9109046729281545
  landing: 0.13818322960287333
  view-data: 0.23370379768311977
