times:
  edit-metadata: 0.9231100049801171
  landing: 0.04886980913579464
  view-data: 0.23416120884940028
