times:
  edit-metadata: 1.7834635842591524
  landing: 0.019692225381731987
  view-data: 0.23087669722735882
