times:
  edit-metadata: 1.9029553271830082
  landing: 0.020771904848515987
  view-data: 0.12086568772792816
