times:
  edit-metadata: 1.7902575712651014
  landing: 0.13934000208973885
  view-data: 0.1378625724464655
