times:
  edit-metadata: 0.935517540667206
  landing: 0.08279296988621354
  view-data: 0.23943622829392552
