times:
  edit-metadata: 1.6321865543723106
  landing: 1.828922564163804
  view-data: 0.5964413899928331
