times:
  edit-metadata: 1.5404357630759478
  landing: 0.8197247106581926
  view-data: 3.360722851008177
