times:
  landing: 0.5477095730000201
  view-data: 0.5583325320000085
