times:
  edit-metadata: 1.5102837271988392
  landing: 0.04612846300005913
  view-data: 0.2228161171078682
