times:
  edit-metadata: 2.13805940374732
  landing: 1.1986868642270565
  view-data: 3.3742185682058334
