times:
  edit-metadata: 1.7782612880691886
  landing: 0.019770540297031403
  view-data: 0.12218764517456293
