times:
  edit-metadata: 1.4960334040224552
  landing: 0.0502709224820137
  view-data: 0.2291862927377224
