times:
  edit-metadata: 0.9164272609632462
  landing: 0.05462345795240253
  view-data: 0.23925150698050857
