times:
  edit-metadata: 0.8669528049649671
  landing: 0.05583958106581122
  view-data: 0.24695313908159733
