times:
  edit-metadata: 1.3819626590702683
  landing: 0.8785532009787858
  view-data: 3.3882149879354984
