times:
  edit-metadata: 0.8643736189696938
  landing: 0.057295569917187095
  view-data: 0.2552226020488888
