times:
  edit-metadata: 0.89887774316594
  landing: 0.06150110578164458
  view-data: 0.22751291887834668
