times:
  edit-metadata: 1.5672513879835606
  landing: 1.195424536243081
  view-data: 0.3283159974962473
