times:
  edit-metadata: 1.4970806445926428
  landing: 0.8203706573694944
  view-data: 3.4043786842375994
