times:
  edit-metadata: 0.8619421829935163
  landing: 0.04479297297075391
  view-data: 0.21016826701816171
