times:
  edit-metadata: 1.506002763286233
  landing: 0.9222042076289654
  view-data: 3.4405265245586634
