times:
  edit-metadata: 1.4731981717050076
  landing: 1.3794210441410542
  view-data: 3.3073989152908325
