times:
  edit-metadata: 0.9812549855560064
  landing: 0.8749035634100437
  view-data: 0.3419110141694546
