times:
  edit-metadata: 1.0713498899713159
  landing: 0.10205288231372833
  view-data: 0.2216257187537849
