times:
  edit-metadata: 1.8372178561985493
  landing: 0.020208598114550114
  view-data: 0.0255039781332016
