times:
  edit-metadata: 1.5746564910004963
  landing: 0.04342729000200052
  view-data: 0.2221345329999167
