times:
  edit-metadata: 1.597738977521658
  landing: 0.5107878185808659
  view-data: 0.23240250535309315
