times:
  edit-metadata: 1.460690874606371
  landing: 0.9652369655668736
  view-data: 3.32151835039258
