times:
  landing: 1.070727287000011
  view-data: 0.5553577599999926
