times:
  landing: 0.5473234849999926
  view-data: 0.5449450540000953
