times:
  edit-metadata: 1.3637457508593798
  landing: 0.7971528861671686
  view-data: 3.3249039137735963
