times:
  edit-metadata: 1.5117696821689606
  landing: 0.9669872112572193
  view-data: 3.3265288546681404
