times:
  edit-metadata: 1.6620085518807173
  landing: 1.7036730274558067
  view-data: 0.647833812981844
