times:
  landing: 0.5479063490000726
  view-data: 0.564243681999983
