times:
  edit-metadata: 1.5361474566161633
  landing: 0.04007207974791527
  view-data: 0.22540083527565002
