times:
  edit-metadata: 1.8922475557774305
  landing: 0.022879553958773613
  view-data: 0.3653642199933529
