times:
  edit-metadata: 0.8725499166175723
  landing: 0.0476795993745327
  view-data: 0.2376613589003682
