times:
  edit-metadata: 0.9219808510970324
  landing: 0.057891064789146185
  view-data: 0.21553049609065056
