times:
  edit-metadata: 0.8412578878924251
  landing: 0.04593339841812849
  view-data: 0.2175390743650496
