times:
  edit-metadata: 0.8620816379552707
  landing: 0.0422672419808805
  view-data: 0.21413585601840168
