times:
  edit-metadata: 1.7528644418343902
  landing: 0.12774881161749363
  view-data: 0.027155890129506588
