times:
  edit-metadata: 1.6994008738547564
  landing: 0.905182708054781
  view-data: 0.3355054296553135
