times:
  edit-metadata: 0.7855938663706183
  landing: 0.047793202102184296
  view-data: 0.22011858830228448
