times:
  landing: 1.0667684130000339
  view-data: 0.552602338999975
