times:
  edit-metadata: 0.9720283049973659
  landing: 0.05130450299475342
  view-data: 0.25057423603720963
