times:
  edit-metadata: 0.8783075199462473
  landing: 0.05420354299712926
  view-data: 0.21620455395895988
