times:
  edit-metadata: 1.605923779308796
  landing: 0.7968717403709888
  view-data: 3.445526260882616
