times:
  edit-metadata: 0.8869691861327738
  landing: 0.05712818494066596
  view-data: 0.20717915915884078
