times:
  edit-metadata: 1.3604542990215123
  landing: 0.7750939151737839
  view-data: 3.295982101932168
