times:
  edit-metadata: 0.8364855777472258
  landing: 0.04473761562258005
  view-data: 0.21840621065348387
