times:
  edit-metadata: 0.8985981389414519
  landing: 0.06821177806705236
  view-data: 0.2674967269413173
