times:
  edit-metadata: 1.5062272921204567
  landing: 0.9223289601504803
  view-data: 3.441968448460102
