times:
  edit-metadata: 1.440586257725954
  landing: 0.9180424129590392
  view-data: 3.535069316159934
