times:
  edit-metadata: 1.651997858658433
  landing: 0.9587579816579819
  view-data: 0.9197107162326574
