times:
  landing: 0.5478498359999548
  view-data: 0.5589837939999143
