times:
  edit-metadata: 0.8806279678829014
  landing: 0.05163960112258792
  view-data: 0.2048853829037398
