times:
  edit-metadata: 1.7477444699034095
  landing: 0.019983036443591118
  view-data: 0.02777827810496092
