times:
  edit-metadata: 1.5423085559159517
  landing: 0.7349779084324837
  view-data: 0.21426075510680676
