times:
  edit-metadata: 1.3472884334623814
  landing: 0.8545221090316772
  view-data: 3.2771937027573586
