times:
  edit-metadata: 1.434477161616087
  landing: 1.0011536478996277
  view-data: 3.3691397197544575
