times:
  edit-metadata: 1.971256984397769
  landing: 0.13911643251776695
  view-data: 0.35118461959064007
