times:
  edit-metadata: 0.7957179080694914
  landing: 0.041546803899109364
  view-data: 0.21199944196268916
