times:
  edit-metadata: 1.47481032833457
  landing: 0.9203110188245773
  view-data: 3.350559566169977
