times:
  edit-metadata: 1.5695776231586933
  landing: 0.9599163979291916
  view-data: 3.599449507892132
