times:
  edit-metadata: 1.477598400786519
  landing: 22.522150572389364
  view-data: 3.3464717902243137
