times:
  edit-metadata: 1.4192351116798818
  landing: 0.8554962072521448
  view-data: 3.4095982629805803
