times:
  edit-metadata: 0.7942817695438862
  landing: 0.04697342496365309
  view-data: 0.22264019586145878
