times:
  edit-metadata: 1.5337664186954498
  landing: 0.8504883162677288
  view-data: 3.434956619516015
