times:
  edit-metadata: 1.8259359300136566
  landing: 0.13444760628044605
  view-data: 0.29065805673599243
