times:
  edit-metadata: 2.224937092512846
  landing: 1.3919549025595188
  view-data: 3.357659440487623
