times:
  edit-metadata: 1.7642567791044712
  landing: 0.1283880528062582
  view-data: 0.026517104357481003
