times:
  edit-metadata: 1.7148699201643467
  landing: 1.0433879904448986
  view-data: 3.3744537448510528
