times:
  edit-metadata: 1.4595281220972538
  landing: 0.8261647261679173
  view-data: 3.3563301153481007
