times:
  edit-metadata: 1.5129219200462103
  landing: 0.7598653640598059
  view-data: 3.3841457944363356
