times:
  edit-metadata: 0.8431191891431808
  landing: 0.04557440662756562
  view-data: 0.24493016162887216
