times:
  edit-metadata: 0.8602120960131288
  landing: 0.049369909102097154
  view-data: 0.23614047490991652
