times:
  edit-metadata: 1.7704850127920508
  landing: 0.9678340097889304
  view-data: 3.415827626362443
