times:
  edit-metadata: 1.8120345696806908
  landing: 0.1526925303041935
  view-data: 0.15035058744251728
