times:
  edit-metadata: 1.9526676926761866
  landing: 0.022267404943704605
  view-data: 0.33603235334157944
