times:
  edit-metadata: 1.7979446668177843
  landing: 0.021136639639735222
  view-data: 0.36426917649805546
