times:
  edit-metadata: 1.5135500766336918
  landing: 0.9143815450370312
  view-data: 3.34898417070508
