times:
  edit-metadata: 1.8770045973360538
  landing: 0.02240862511098385
  view-data: 0.34714976139366627
