times:
  edit-metadata: 1.8436663830652833
  landing: 0.02063274197280407
  view-data: 0.12222294043749571
