times:
  edit-metadata: 0.8139302954077721
  landing: 0.04163210932165384
  view-data: 0.21714244317263365
