times:
  edit-metadata: 0.9246446419856511
  landing: 0.07055340800434351
  view-data: 0.24362865998409688
