times:
  edit-metadata: 0.8949169656261802
  landing: 0.0516116046346724
  view-data: 0.21095971297472715
