times:
  edit-metadata: 0.8568132990039885
  landing: 0.04146139498334378
  view-data: 0.21009330300148576
