times:
  edit-metadata: 0.7993065789341927
  landing: 0.04859247477725148
  view-data: 0.21061738999560475
