times:
  edit-metadata: 0.9304019059054554
  landing: 0.05408099666237831
  view-data: 0.23430238384753466
