times:
  edit-metadata: 1.944739494472742
  landing: 1.5374949611723423
  view-data: 3.3911362513899803
