times:
  edit-metadata: 1.7683219937607646
  landing: 0.1155815701931715
  view-data: 0.1318803047761321
