times:
  edit-metadata: 1.650495944544673
  landing: 0.04457682929933071
  view-data: 0.22253098711371422
