times:
  edit-metadata: 1.6711561549454927
  landing: 0.9930742233991623
  view-data: 3.4720664992928505
