times:
  edit-metadata: 0.8362454469315708
  landing: 0.059849133249372244
  view-data: 0.2284069978632033
