times:
  edit-metadata: 1.7621356379240751
  landing: 0.02177309151738882
  view-data: 0.1022558631375432
