times:
  edit-metadata: 1.2441489701159298
  landing: 0.7160482960753143
  view-data: 3.2936399888712913
