times:
  edit-metadata: 1.536672530695796
  landing: 0.8157319407910109
  view-data: 3.3244108967483044
