times:
  edit-metadata: 1.7304623946547508
  landing: 0.020445690490305424
  view-data: 0.12117524072527885
