times:
  edit-metadata: 1.3838294837623835
  landing: 0.8759247846901417
  view-data: 3.368715226650238
