times:
  edit-metadata: 2.01418886333704
  landing: 1.3592367805540562
  view-data: 3.3544831722974777
