times:
  edit-metadata: 1.4178969077765942
  landing: 0.856343163177371
  view-data: 3.3780941646546125
