times:
  edit-metadata: 2.5667364858090878
  landing: 0.17211311124265194
  view-data: 0.4785212706774473
