times:
  edit-metadata: 1.574629733338952
  landing: 0.946657158434391
  view-data: 0.4588503111153841
