times:
  edit-metadata: 2.1006245743483305
  landing: 0.12304212898015976
  view-data: 0.24114789441227913
