times:
  edit-metadata: 1.738239485770464
  landing: 0.020262314938008785
  view-data: 0.026097740978002548
