times:
  edit-metadata: 2.0667304918169975
  landing: 1.1204113028943539
  view-data: 3.626510940492153
