times:
  edit-metadata: 0.8769429749809206
  landing: 0.04296102200169116
  view-data: 0.2072558569489047
