times:
  edit-metadata: 1.7561155883595347
  landing: 0.12053264584392309
  view-data: 0.10525717120617628
