times:
  edit-metadata: 1.2228646860457957
  landing: 0.07802481018006802
  view-data: 0.3140423479489982
