times:
  edit-metadata: 1.5596471540629864
  landing: 0.05323299765586853
  view-data: 0.23222435265779495
