times:
  edit-metadata: 0.848453429993242
  landing: 0.0462227538228035
  view-data: 0.23654945194721222
