times:
  edit-metadata: 0.8740689579863101
  landing: 0.04085453297011554
  view-data: 0.20965797500684857
