times:
  edit-metadata: 0.8751991139724851
  landing: 0.055384896229952574
  view-data: 0.20808995934203267
