times:
  edit-metadata: 1.4014107808470726
  landing: 0.7012926675379276
  view-data: 3.3019864093512297
