times:
  edit-metadata: 1.5089493431150913
  landing: 0.8111332096159458
  view-data: 3.4050193689763546
