times:
  edit-metadata: 0.8337864466011524
  landing: 0.5328332222998142
  view-data: 0.22085755690932274
