times:
  edit-metadata: 1.5147406365722418
  landing: 0.8538326360285282
  view-data: 3.4587318524718285
