times:
  edit-metadata: 0.8582986149704084
  landing: 0.04862628492992371
  view-data: 0.21611790405586362
