times:
  edit-metadata: 1.6745911445468664
  landing: 0.8476833272725344
  view-data: 0.5563082080334425
