times:
  edit-metadata: 1.3092912873253226
  landing: 0.7323589539155364
  view-data: 3.3334700036793947
