times:
  edit-metadata: 1.066055878996849
  landing: 0.038264296017587185
  view-data: 0.25220697186887264
