times:
  edit-metadata: 1.5004928931593895
  landing: 0.7987560536712408
  view-data: 3.397423204034567
