times:
  edit-metadata: 1.7531836973503232
  landing: 0.020766593515872955
  view-data: 0.12093062233179808
