times:
  edit-metadata: 0.8513000879902393
  landing: 0.04885232797823846
  view-data: 0.2295018050353974
