times:
  edit-metadata: 0.9064197610132396
  landing: 0.04858857300132513
  view-data: 0.21318612596951425
