times:
  edit-metadata: 0.8741579359630123
  landing: 0.03844582091551274
  view-data: 0.20115419698413461
