times:
  edit-metadata: 0.8006092347204685
  landing: 1.0084477104246616
  view-data: 0.21244347468018532
