times:
  edit-metadata: 1.6789138317108154
  landing: 0.6246662121266127
  view-data: 0.26935769245028496
