times:
  edit-metadata: 1.8490585517138243
  landing: 0.02601378597319126
  view-data: 0.3084503524005413
