times:
  edit-metadata: 0.8693304667249322
  landing: 0.04856979241594672
  view-data: 0.23404380399733782
