times:
  edit-metadata: 1.4937678948044777
  landing: 0.9394230842590332
  view-data: 3.4121244847774506
