times:
  edit-metadata: 1.1945204748772085
  landing: 0.09545753989368677
  view-data: 0.2636559517122805
