times:
  edit-metadata: 0.8023782586678863
  landing: 0.04974047373980284
  view-data: 0.221227390691638
