times:
  edit-metadata: 1.3302823639824055
  landing: 0.314069438027218
  view-data: 0.2990820560371503
