times:
  edit-metadata: 1.6927894577383995
  landing: 0.7134820949286222
  view-data: 0.3289040606468916
