times:
  edit-metadata: 1.8603546433150768
  landing: 0.6173493228852749
  view-data: 0.2267623469233513
