times:
  edit-metadata: 1.3824119977653027
  landing: 0.8933929977938533
  view-data: 3.339427564293146
