times:
  edit-metadata: 1.553356271237135
  landing: 0.04869617894291878
  view-data: 0.21832944452762604
