times:
  edit-metadata: 1.4887136854231358
  landing: 0.9463716894388199
  view-data: 3.4534554593265057
