times:
  edit-metadata: 0.8844343218952417
  landing: 0.047395640052855015
  view-data: 0.23937797965481877
