times:
  edit-metadata: 1.5065853595733643
  landing: 0.8406541533768177
  view-data: 3.415826328098774
