times:
  landing: 0.5574018019999585
  view-data: 0.5571107969999503
