times:
  edit-metadata: 1.8877004738897085
  landing: 1.3439252637326717
  view-data: 3.3093405067920685
