times:
  edit-metadata: 1.7816859781742096
  landing: 0.1351233934983611
  view-data: 0.46709948871284723
