times:
  edit-metadata: 1.8920587208122015
  landing: 0.01848086155951023
  view-data: 0.42479721270501614
