times:
  edit-metadata: 0.8661638910416514
  landing: 0.046679765975568444
  view-data: 0.20865265402244404
