times:
  edit-metadata: 1.795264189131558
  landing: 0.11060301307588816
  view-data: 0.025821191258728504
