times:
  edit-metadata: 0.8189230947755277
  landing: 0.05087326467037201
  view-data: 0.22522668028250337
