times:
  edit-metadata: 0.9346118345856667
  landing: 0.9139144625514746
  view-data: 0.2240008283406496
