times:
  edit-metadata: 1.5021204520016909
  landing: 0.7962321992963552
  view-data: 3.4520371425896883
