times:
  edit-metadata: 0.857498989906162
  landing: 0.046059333020821214
  view-data: 0.21601712796837091
