times:
  edit-metadata: 1.63671381957829
  landing: 0.6489416882395744
  view-data: 0.6178974453359842
