times:
  edit-metadata: 0.9116211960208602
  landing: 0.07056737301172689
  view-data: 0.24074472801294178
