times:
  edit-metadata: 0.8299289396964014
  landing: 0.04009389039129019
  view-data: 0.21468108985573053
