times:
  edit-metadata: 1.8716290015727282
  landing: 0.023419445380568504
  view-data: 0.32647510431706905
