times:
  edit-metadata: 1.501852560788393
  landing: 0.9437298513948917
  view-data: 3.376444611698389
