times:
  edit-metadata: 0.8184087928384542
  landing: 0.04651896795257926
  view-data: 0.22482887469232082
