times:
  edit-metadata: 0.9684053889941424
  landing: 0.05307762697339058
  view-data: 0.2467837250442244
