times:
  landing: 1.5971990539999865
  view-data: 0.5557997239999963
