times:
  edit-metadata: 0.8357455460354686
  landing: 0.04935967596247792
  view-data: 0.22942818887531757
