times:
  edit-metadata: 0.8791650829371065
  landing: 0.051408300059847534
  view-data: 0.7259131229948252
