times:
  edit-metadata: 1.81001353636384
  landing: 0.1595003167167306
  view-data: 0.511073992587626
