times:
  edit-metadata: 1.8389723747968674
  landing: 0.020146537572145462
  view-data: 0.3261890485882759
