times:
  edit-metadata: 0.8290645526722074
  landing: 0.0400531068444252
  view-data: 0.20644125109538436
