times:
  edit-metadata: 1.0281546362675726
  landing: 0.177567470818758
  view-data: 0.24714829865843058
