times:
  edit-metadata: 0.866443658946082
  landing: 0.04706840496510267
  view-data: 0.22233548993244767
