times:
  edit-metadata: 0.8409807649441063
  landing: 0.04100092395674437
  view-data: 0.20923387992661446
