times:
  edit-metadata: 1.936918469145894
  landing: 1.203607453033328
  view-data: 3.6481235027313232
