times:
  edit-metadata: 1.508009199053049
  landing: 0.8196706548333168
  view-data: 3.3949840404093266
