times:
  edit-metadata: 1.791969671845436
  landing: 0.022486010566353798
  view-data: 0.027336175553500652
