times:
  edit-metadata: 1.8038723580539227
  landing: 0.02118867728859186
  view-data: 0.44388705398887396
