times:
  edit-metadata: 0.8479210371151567
  landing: 0.04924704600125551
  view-data: 0.2280971349682659
