times:
  edit-metadata: 1.7213076651096344
  landing: 0.05927049182355404
  view-data: 0.2530030496418476
