times:
  edit-metadata: 1.7262319913133979
  landing: 0.021035728976130486
  view-data: 0.12103121168911457
