times:
  edit-metadata: 1.5267712697386742
  landing: 0.05054569989442825
  view-data: 0.21648695319890976
