times:
  edit-metadata: 1.2226786431856453
  landing: 0.04756096703931689
  view-data: 0.22813375992700458
