times:
  edit-metadata: 1.495815470814705
  landing: 0.050189610570669174
  view-data: 0.21714390441775322
