times:
  edit-metadata: 1.750423745252192
  landing: 0.020314841531217098
  view-data: 0.11779757961630821
