times:
  edit-metadata: 1.7086961790919304
  landing: 0.7876906897872686
  view-data: 0.22449119575321674
