times:
  edit-metadata: 1.4788410253822803
  landing: 0.7894744034856558
  view-data: 3.426142193377018
