times:
  edit-metadata: 1.7619804963469505
  landing: 0.019527425058186054
  view-data: 0.023780934512615204
