times:
  edit-metadata: 0.8745462852530181
  landing: 0.050447951070964336
  view-data: 0.21623723208904266
