times:
  edit-metadata: 0.8352018818259239
  landing: 0.04725103406235576
  view-data: 0.21514994697645307
