times:
  edit-metadata: 0.8514980159234256
  landing: 0.06128031387925148
  view-data: 0.2372067898977548
