times:
  edit-metadata: 1.5198503397405148
  landing: 0.8687390210106969
  view-data: 3.413107953965664
