times:
  edit-metadata: 0.8194864031393081
  landing: 0.0514824939891696
  view-data: 0.24012235715053976
