times:
  edit-metadata: 0.8668215059442446
  landing: 0.05555775703396648
  view-data: 0.20873886300250888
