times:
  edit-metadata: 1.5353984870016575
  landing: 1.0019703805446625
  view-data: 3.4569978155195713
