times:
  landing: 1.067117905000032
  view-data: 0.5468651830000226
