times:
  landing: 1.0960933879999857
  view-data: 0.5508809680000013
