times:
  edit-metadata: 0.8123248489573598
  landing: 0.055076074320822954
  view-data: 0.2458294052630663
