times:
  edit-metadata: 1.742800023406744
  landing: 0.02142731286585331
  view-data: 0.02333917375653982
