times:
  edit-metadata: 0.8484068121761084
  landing: 0.04191349819302559
  view-data: 0.2110812533646822
