times:
  edit-metadata: 1.4965084996074438
  landing: 0.9408585708588362
  view-data: 3.430627940222621
