times:
  edit-metadata: 1.5417501702904701
  landing: 1.1502319239079952
  view-data: 3.3346762247383595
