times:
  edit-metadata: 1.7482523489743471
  landing: 0.9929109737277031
  view-data: 0.32338269986212254
