times:
  edit-metadata: 1.3999142106622458
  landing: 0.9904254321008921
  view-data: 3.4651095308363438
