times:
  landing: 0.5491503640000701
  view-data: 0.5484330279999767
