times:
  edit-metadata: 1.6504412647336721
  landing: 0.44803556241095066
  view-data: 0.206324839964509
