times:
  edit-metadata: 0.8665379940066487
  landing: 0.03540307900402695
  view-data: 0.2032988549908623
