times:
  edit-metadata: 1.4565418045967817
  landing: 0.9383877236396074
  view-data: 3.401344958692789
