times:
  edit-metadata: 0.8386364140314981
  landing: 0.049814288038760424
  view-data: 0.2116893690545112
