times:
  edit-metadata: 1.807201188057661
  landing: 0.11177425272762775
  view-data: 0.43432282097637653
