times:
  edit-metadata: 0.9406831849992159
  landing: 0.043612695997580886
  view-data: 0.255016583003453
