times:
  edit-metadata: 0.8664535181596875
  landing: 0.051373214926570654
  view-data: 0.20771943917497993
