times:
  edit-metadata: 2.1307042501866817
  landing: 1.1756546199321747
  view-data: 3.5430345721542835
