times:
  landing: 0.5606378119999817
  view-data: 0.5523579520000226
