times:
  edit-metadata: 1.8195088636130095
  landing: 0.8066443167626858
  view-data: 0.46126814000308514
