times:
  edit-metadata: 1.5053042937070131
  landing: 0.8137386478483677
  view-data: 3.481216959655285
