times:
  landing: 0.5494959679999738
  view-data: 0.5537943300000165
