times:
  edit-metadata: 1.0184992980211973
  landing: 0.09426237596198916
  view-data: 0.23994800611399114
