times:
  edit-metadata: 0.7907141628675163
  landing: 0.04737559286877513
  view-data: 0.22854491602629423
