times:
  edit-metadata: 2.798493918031454
  landing: 1.4541859291493893
  view-data: 3.450493648648262
