times:
  edit-metadata: 1.7655741954222322
  landing: 0.01976828183978796
  view-data: 0.023208160884678364
