times:
  edit-metadata: 1.727535498328507
  landing: 0.02226315625011921
  view-data: 0.20576567854732275
