times:
  landing: 0.5476401490000171
  view-data: 0.5641609440000366
