times:
  edit-metadata: 0.9777618411462754
  landing: 0.06567751499824226
  view-data: 0.20677593792788684
