times:
  edit-metadata: 1.7455515004694462
  landing: 0.01946878992021084
  view-data: 0.025003625079989433
