times:
  edit-metadata: 0.9058266766369343
  landing: 1.688018288463354
  view-data: 0.7189155891537666
