times:
  edit-metadata: 1.7521710973232985
  landing: 0.1576937409117818
  view-data: 0.12849950790405273
