times:
  edit-metadata: 1.6435053241439164
  landing: 1.3063453831709921
  view-data: 3.4378821989521384
