times:
  edit-metadata: 1.4720834009349346
  landing: 0.806261015124619
  view-data: 3.401364424265921
