times:
  edit-metadata: 1.5637677870690823
  landing: 0.9326694359770045
  view-data: 3.366644066059962
