times:
  edit-metadata: 0.7959709484130144
  landing: 0.0430819159373641
  view-data: 0.26065784972161055
