times:
  landing: 0.5649071980000144
  view-data: 0.5581418560000202
