times:
  edit-metadata: 1.857600113376975
  landing: 0.020300600677728653
  view-data: 0.023195721209049225
