times:
  edit-metadata: 0.9415746810846031
  landing: 0.04745657602325082
  view-data: 0.23703329707495868
