times:
  edit-metadata: 0.8627737259957939
  landing: 0.057994948932901025
  view-data: 0.22876656893640757
