times:
  landing: 0.5513533259999122
  view-data: 0.5594974780000257
