times:
  edit-metadata: 1.109549201093614
  landing: 0.04699855390936136
  view-data: 0.2858491372317076
