times:
  landing: 0.5512902830000712
  view-data: 0.5507700499999828
