times:
  landing: 1.1085511780000843
  view-data: 0.5661030490000485
