times:
  edit-metadata: 2.6663405410945415
  landing: 0.23079686425626278
  view-data: 0.043431054800748825
