times:
  edit-metadata: 0.8469322620658204
  landing: 0.04537053301464766
  view-data: 0.21363909891806543
