times:
  edit-metadata: 2.6810890901833773
  landing: 0.028618767857551575
  view-data: 0.29021716862916946
