times:
  edit-metadata: 1.5486576352268457
  landing: 0.8331845812499523
  view-data: 3.3948464803397655
