times:
  edit-metadata: 0.8030772800557315
  landing: 0.050496775191277266
  view-data: 0.23088369332253933
