times:
  edit-metadata: 0.8202486205846071
  landing: 0.04190153442323208
  view-data: 0.21237182058393955
