times:
  edit-metadata: 1.9658996555954218
  landing: 0.12108423188328743
  view-data: 0.026864638552069664
