times:
  edit-metadata: 1.504662579856813
  landing: 0.905609205365181
  view-data: 3.303764213807881
