times:
  edit-metadata: 0.8615003582090139
  landing: 0.5827052723616362
  view-data: 0.23382578790187836
