times:
  edit-metadata: 1.5189492776989937
  landing: 0.7983895968645811
  view-data: 3.3794380612671375
