times:
  edit-metadata: 1.4980802163481712
  landing: 1.0668651275336742
  view-data: 3.3330019004642963
