times:
  edit-metadata: 0.9101329059922136
  landing: 0.040156189003027976
  view-data: 0.20897251498536207
