times:
  edit-metadata: 2.2396974321454763
  landing: 0.33691734820604324
  view-data: 0.3056923635303974
