times:
  edit-metadata: 0.8396227839402854
  landing: 0.04726493405178189
  view-data: 0.2376876741182059
