times:
  edit-metadata: 0.8263778928667307
  landing: 0.6680127140134573
  view-data: 0.2085709497332573
