times:
  edit-metadata: 1.4131283992901444
  landing: 0.8961887313053012
  view-data: 3.324015877209604
