times:
  edit-metadata: 0.8098155297338963
  landing: 0.04996209964156151
  view-data: 0.20795439090579748
