times:
  edit-metadata: 0.8621935449773446
  landing: 0.035580764058977365
  view-data: 0.20191743003670126
