times:
  edit-metadata: 1.8944280371069908
  landing: 0.12177187949419022
  view-data: 0.14716198854148388
