times:
  edit-metadata: 0.790009967982769
  landing: 0.04365585371851921
  view-data: 0.22295397985726595
