times:
  edit-metadata: 1.3478884007781744
  landing: 0.9064060766249895
  view-data: 3.420338476076722
