times:
  edit-metadata: 0.8226768921595067
  landing: 0.05255729588679969
  view-data: 0.2312001578975469
