times:
  edit-metadata: 1.4522560276091099
  landing: 0.976837232708931
  view-data: 3.324918419122696
