times:
  edit-metadata: 0.7995740277692676
  landing: 0.04132799431681633
  view-data: 0.21549258939921856
