times:
  edit-metadata: 1.4861328285187483
  landing: 0.8018343802541494
  view-data: 3.388138823211193
