times:
  edit-metadata: 1.7482966296374798
  landing: 0.021416235715150833
  view-data: 0.09698090516030788
