times:
  edit-metadata: 1.775188809260726
  landing: 0.018118346109986305
  view-data: 0.4111710153520107
