times:
  edit-metadata: 1.9633256159722805
  landing: 0.2143709994852543
  view-data: 0.02595650590956211
