times:
  edit-metadata: 1.7410786403343081
  landing: 0.16137856524437666
  view-data: 0.11971860006451607
