times:
  edit-metadata: 0.8212743230396882
  landing: 0.04837919503916055
  view-data: 0.2548553270753473
