times:
  edit-metadata: 1.6037970539182425
  landing: 2.131797671318054
  view-data: 0.61348657310009
