times:
  edit-metadata: 1.0261986288242042
  landing: 0.047711572144180536
  view-data: 0.21925094816833735
