times:
  edit-metadata: 1.6946191992610693
  landing: 0.11498211789876223
  view-data: 0.11595073342323303
