times:
  edit-metadata: 1.4473422765731812
  landing: 0.9197328835725784
  view-data: 3.4125055447220802
