times:
  edit-metadata: 1.7732179053127766
  landing: 0.021048683673143387
  view-data: 0.34146528132259846
