times:
  edit-metadata: 1.7775645637884736
  landing: 0.019429300911724567
  view-data: 0.02238486520946026
