times:
  edit-metadata: 1.5197715118993074
  landing: 0.9242470199242234
  view-data: 3.3892409880645573
