times:
  edit-metadata: 1.4219913419801742
  landing: 0.913111608941108
  view-data: 3.471656415145844
