times:
  edit-metadata: 1.1914974480168894
  landing: 0.07158258801791817
  view-data: 0.3072981479926966
