times:
  edit-metadata: 1.526528775691986
  landing: 0.8118395525962114
  view-data: 3.393004849553108
