times:
  edit-metadata: 1.5074203219264746
  landing: 0.8806991558521986
  view-data: 3.4245894346386194
