times:
  edit-metadata: 1.5404572375118732
  landing: 0.05137456953525543
  view-data: 0.2190244309604168
