times:
  edit-metadata: 1.5156216248869896
  landing: 0.04383965581655502
  view-data: 0.222163125872612
