times:
  edit-metadata: 1.692228076979518
  landing: 1.0778354704380035
  view-data: 3.472316784784198
