times:
  edit-metadata: 1.7292876690626144
  landing: 0.01929411292076111
  view-data: 0.12234234530478716
