times:
  edit-metadata: 2.584993578493595
  landing: 1.5802522525191307
  view-data: 3.4627958349883556
