times:
  edit-metadata: 0.9309379960177466
  landing: 0.05580299301072955
  view-data: 0.23690204101148993
