times:
  edit-metadata: 0.8861674950167071
  landing: 0.046901469002477825
  view-data: 0.20636706199729815
