times:
  edit-metadata: 1.714211206883192
  landing: 0.048524897545576096
  view-data: 0.23467325791716576
