times:
  edit-metadata: 1.4566700756549835
  landing: 1.0312930196523666
  view-data: 3.4512887001037598
