times:
  edit-metadata: 1.5767924021929502
  landing: 0.5862643457949162
  view-data: 0.6298153828829527
