times:
  edit-metadata: 1.1762197352945805
  landing: 0.0804468048736453
  view-data: 0.2514805858954787
