times:
  edit-metadata: 1.5276034288108349
  landing: 0.8440998159348965
  view-data: 3.5019671618938446
