times:
  edit-metadata: 1.4579105405136943
  landing: 0.8627329440787435
  view-data: 3.332942253910005
