times:
  edit-metadata: 1.5061005111783743
  landing: 0.8022123966366053
  view-data: 3.4090752471238375
