times:
  edit-metadata: 0.8026768050622195
  landing: 0.07733847794588655
  view-data: 0.23117147898301482
