times:
  edit-metadata: 1.3750592060387135
  landing: 0.7334765382111073
  view-data: 3.3575075827538967
