times:
  edit-metadata: 0.8770957459928468
  landing: 0.05227073497371748
  view-data: 0.2463003849843517
