times:
  edit-metadata: 1.7720916559919715
  landing: 0.022151176817715168
  view-data: 0.02466586697846651
