times:
  edit-metadata: 0.8814285530243069
  landing: 0.03960252495016903
  view-data: 0.22176014294382185
