times:
  edit-metadata: 0.9663143110228702
  landing: 0.047228291048668325
  view-data: 0.24438268796075135
