times:
  edit-metadata: 0.8167742476798594
  landing: 0.0544122951105237
  view-data: 0.21869229897856712
