times:
  edit-metadata: 0.8746632179827429
  landing: 0.04421404597815126
  view-data: 0.20849586802069098
