times:
  edit-metadata: 1.6040744241327047
  landing: 1.1089441571384668
  view-data: 0.44239261001348495
