times:
  edit-metadata: 1.5274858176708221
  landing: 0.9518400952219963
  view-data: 3.387060772627592
