times:
  edit-metadata: 1.5367221236228943
  landing: 0.046970874071121216
  view-data: 0.21721990406513214
