times:
  edit-metadata: 1.386107761412859
  landing: 0.898643534630537
  view-data: 3.396516904234886
