times:
  edit-metadata: 0.8884981404989958
  landing: 0.8444505855441093
  view-data: 0.2681756131350994
