times:
  edit-metadata: 1.5298290364444256
  landing: 0.046361442655324936
  view-data: 0.22337451949715614
