times:
  edit-metadata: 1.8763427659869194
  landing: 1.8914263434708118
  view-data: 3.30722863227129
