times:
  edit-metadata: 1.4502449575811625
  landing: 0.6826368123292923
  view-data: 0.3533024340867996
