times:
  edit-metadata: 1.8555978164076805
  landing: 1.222560292109847
  view-data: 0.276040218770504
