times:
  edit-metadata: 0.8617736439919099
  landing: 0.057114277966320515
  view-data: 0.20639642293099314
