times:
  edit-metadata: 1.3692231262102723
  landing: 0.8319159671664238
  view-data: 3.733975138515234
