times:
  edit-metadata: 1.5542021356523037
  landing: 0.04304610937833786
  view-data: 0.21924687922000885
