times:
  edit-metadata: 0.8159683209378272
  landing: 0.06370462104678154
  view-data: 0.26018284587189555
