times:
  edit-metadata: 1.8709545321762562
  landing: 0.02050895057618618
  view-data: 0.12518873624503613
