times:
  edit-metadata: 1.4346240498125553
  landing: 1.0173362754285336
  view-data: 3.4245831668376923
