times:
  edit-metadata: 1.7917700773105025
  landing: 0.04735574033111334
  view-data: 0.02860168181359768
