times:
  edit-metadata: 1.5222181044518948
  landing: 0.9209388326853514
  view-data: 3.3935586996376514
