times:
  edit-metadata: 1.894739430397749
  landing: 0.19461316987872124
  view-data: 0.1345821414142847
