times:
  edit-metadata: 1.4105264507234097
  landing: 0.9836275950074196
  view-data: 3.4201724156737328
