times:
  edit-metadata: 1.9171830881386995
  landing: 0.02383453957736492
  view-data: 0.31959419697523117
