times:
  edit-metadata: 1.4948149472475052
  landing: 0.7790737189352512
  view-data: 3.358998391777277
