times:
  edit-metadata: 2.276599308475852
  landing: 0.2856314927339554
  view-data: 0.5146371964365244
