times:
  edit-metadata: 1.5520595251582563
  landing: 0.929327704012394
  view-data: 3.416068874299526
