times:
  edit-metadata: 2.2232700288295746
  landing: 1.2374006174504757
  view-data: 3.629916191101074
