times:
  edit-metadata: 1.9063974432647228
  landing: 1.5501852259039879
  view-data: 3.5677544958889484
