times:
  edit-metadata: 1.4783859439194202
  landing: 0.7943807560950518
  view-data: 3.3769635669887066
