times:
  edit-metadata: 1.60411337018013
  landing: 0.8393749967217445
  view-data: 3.4264684189110994
