times:
  landing: 0.5490104980001433
  view-data: 0.5532675189999736
