times:
  edit-metadata: 0.8185900831595063
  landing: 0.042429449036717415
  view-data: 0.21480822982266545
