times:
  edit-metadata: 1.6696552727371454
  landing: 1.3826471250504255
  view-data: 0.5761120673269033
