times:
  edit-metadata: 1.4940483085811138
  landing: 0.0442643016576767
  view-data: 0.2207396812736988
