times:
  edit-metadata: 1.7328818775713444
  landing: 0.6916869077831507
  view-data: 0.34961820021271706
