times:
  edit-metadata: 1.545850608497858
  landing: 0.04933018237352371
  view-data: 0.2138643115758896
