times:
  edit-metadata: 1.740654214285314
  landing: 0.020083878189325333
  view-data: 0.13032203819602728
