times:
  edit-metadata: 0.8744366519385949
  landing: 0.03925312799401581
  view-data: 0.20778818102553487
