times:
  landing: 1.063951449000001
  view-data: 0.555083929000034
