times:
  edit-metadata: 1.7724933456629515
  landing: 0.11690848879516125
  view-data: 0.23723484203219414
