times:
  edit-metadata: 1.7909908024594188
  landing: 0.11639400012791157
  view-data: 0.40210490487515926
