times:
  edit-metadata: 0.8035773811861873
  landing: 0.04037659615278244
  view-data: 0.22786929085850716
