times:
  edit-metadata: 1.7996214553713799
  landing: 0.01996666006743908
  view-data: 0.48747185058891773
