times:
  edit-metadata: 0.8700070190243423
  landing: 0.05091221071779728
  view-data: 0.21228325925767422
