times:
  edit-metadata: 0.8303298698738217
  landing: 0.04578768741339445
  view-data: 0.22343192342668772
