times:
  edit-metadata: 0.8971879720047582
  landing: 0.06956504698609933
  view-data: 0.37042853800812736
