times:
  edit-metadata: 1.7698437282815576
  landing: 0.15982688963413239
  view-data: 0.11838199105113745
