times:
  edit-metadata: 1.5244164317846298
  landing: 0.04860228672623634
  view-data: 0.22121334075927734
