times:
  edit-metadata: 0.9432499269023538
  landing: 0.0867503359913826
  view-data: 0.2679933400359005
