times:
  edit-metadata: 1.5923451986163855
  landing: 1.149187296628952
  view-data: 3.3327994383871555
