times:
  edit-metadata: 1.7267543571069837
  landing: 0.022358132526278496
  view-data: 0.12423135992139578
