times:
  edit-metadata: 1.0349441058933735
  landing: 1.3563382141292095
  view-data: 0.5936268400400877
