times:
  edit-metadata: 0.889042168011656
  landing: 0.04415026100468822
  view-data: 0.2003201069892384
