times:
  edit-metadata: 1.733352778479457
  landing: 0.02166768442839384
  view-data: 0.12799165677279234
