times:
  edit-metadata: 1.4564801501110196
  landing: 0.8060229402035475
  view-data: 3.408492655493319
