times:
  edit-metadata: 1.41582690179348
  landing: 0.9446321427822113
  view-data: 3.3475432991981506
