times:
  edit-metadata: 0.940711300005205
  landing: 0.0435780769912526
  view-data: 0.23106069600908086
