times:
  edit-metadata: 0.8718662080354989
  landing: 0.0529311690479517
  view-data: 0.23475174000486732
