times:
  edit-metadata: 1.8048566207289696
  landing: 0.021682542748749256
  view-data: 0.027145277708768845
