times:
  edit-metadata: 1.6933617517352104
  landing: 0.6394228786230087
  view-data: 0.34030525758862495
