times:
  edit-metadata: 1.4841516725718975
  landing: 0.9385096002370119
  view-data: 3.359538920223713
