times:
  edit-metadata: 1.6906689535826445
  landing: 0.6530481483787298
  view-data: 0.2286795675754547
