times:
  edit-metadata: 1.6220639031380415
  landing: 1.606663916260004
  view-data: 1.1527156066149473
