times:
  edit-metadata: 1.3401750177145004
  landing: 0.7857598960399628
  view-data: 3.251320406794548
