times:
  edit-metadata: 1.4564044326543808
  landing: 0.9177144765853882
  view-data: 3.3533210940659046
