times:
  edit-metadata: 1.3796066017821431
  landing: 0.8406483018770814
  view-data: 3.3290407033637166
