times:
  edit-metadata: 1.8233798015862703
  landing: 0.02003534324467182
  view-data: 0.32293059676885605
