times:
  edit-metadata: 0.8615153289865702
  landing: 0.05118665099143982
  view-data: 0.21062687993980944
