times:
  edit-metadata: 3.83310541883111
  landing: 4.1345353573560715
  view-data: 3.8670660257339478
