times:
  edit-metadata: 0.8369431593455374
  landing: 0.043273801915347576
  view-data: 0.2122429101727903
