times:
  edit-metadata: 0.833545601926744
  landing: 0.05563242733478546
  view-data: 0.21564559545367956
