times:
  edit-metadata: 0.9682373250834644
  landing: 0.12390734581276774
  view-data: 0.22384231397882104
