times:
  edit-metadata: 1.8288041520863771
  landing: 0.022275784984230995
  view-data: 0.02683829702436924
