times:
  edit-metadata: 2.0174069590866566
  landing: 0.12386862002313137
  view-data: 0.32593683153390884
