times:
  edit-metadata: 0.855233846930787
  landing: 0.051152327097952366
  view-data: 0.22992766997776926
