times:
  edit-metadata: 1.5039484910666943
  landing: 0.9926787428557873
  view-data: 3.3969567455351353
