times:
  edit-metadata: 1.5624616369605064
  landing: 0.5945148132741451
  view-data: 0.23407596535980701
