times:
  edit-metadata: 1.4961914531886578
  landing: 0.055029258131980896
  view-data: 0.2223478965461254
