times:
  edit-metadata: 1.326836485415697
  landing: 0.8278574962168932
  view-data: 3.307302763685584
