times:
  edit-metadata: 0.7974662324413657
  landing: 0.04343919828534126
  view-data: 0.3827768536284566
