times:
  edit-metadata: 1.8074127733707428
  landing: 0.18210585974156857
  view-data: 0.024939806200563908
