times:
  edit-metadata: 1.4329929407685995
  landing: 0.7766759563237429
  view-data: 3.295185938477516
