times:
  edit-metadata: 1.8303056163713336
  landing: 0.019967179745435715
  view-data: 0.192993457429111
