times:
  edit-metadata: 1.4803109699860215
  landing: 0.8798333751037717
  view-data: 3.375556875951588
