times:
  edit-metadata: 1.8296866733580828
  landing: 0.21294512040913105
  view-data: 0.02567344717681408
