times:
  edit-metadata: 1.4958044476807117
  landing: 0.9001142978668213
  view-data: 3.276011448353529
