times:
  edit-metadata: 1.4896529909965466
  landing: 0.04241867400560295
  view-data: 0.2199721859942656
