times:
  edit-metadata: 1.7345627937465906
  landing: 0.02044850680977106
  view-data: 0.025438188575208187
