times:
  edit-metadata: 1.84570936486125
  landing: 0.24896558187901974
  view-data: 0.3498540222644806
