times:
  edit-metadata: 0.832151394803077
  landing: 0.04788115620613098
  view-data: 0.22575325798243284
