times:
  edit-metadata: 2.21540963370353
  landing: 0.20254159905016422
  view-data: 0.5104007516056299
