times:
  edit-metadata: 1.7594256289303303
  landing: 0.019697200506925583
  view-data: 0.023519407957792282
