times:
  edit-metadata: 1.3591350391507149
  landing: 0.7424309141933918
  view-data: 3.284481029957533
