times:
  edit-metadata: 1.5246622078120708
  landing: 0.054455988109111786
  view-data: 0.2095688320696354
