times:
  landing: 0.5619143189999818
  view-data: 0.5732815590000087
