times:
  edit-metadata: 0.8183706630952656
  landing: 0.048344746232032776
  view-data: 0.2136228447780013
