times:
  edit-metadata: 1.2071756049990654
  landing: 0.11046361504122615
  view-data: 0.2466485002078116
