times:
  edit-metadata: 2.61562867090106
  landing: 1.9459249693900347
  view-data: 3.4643162228167057
