times:
  edit-metadata: 0.82396708894521
  landing: 0.0471943817101419
  view-data: 0.21112374681979418
