times:
  edit-metadata: 0.8493015689309686
  landing: 0.053047170978970826
  view-data: 0.241843968979083
