times:
  edit-metadata: 0.8495172160037328
  landing: 0.05507677799323574
  view-data: 0.21944985998561606
