times:
  edit-metadata: 1.7720053335651755
  landing: 0.11741057224571705
  view-data: 0.02693711780011654
