times:
  edit-metadata: 0.8731963059399277
  landing: 0.0542832869105041
  view-data: 0.209006458055228
