times:
  edit-metadata: 3.2450435161590576
  landing: 0.04643264412879944
  view-data: 0.053223203867673874
