times:
  edit-metadata: 1.7237820010632277
  landing: 0.14016077108681202
  view-data: 0.4709061700850725
