times:
  edit-metadata: 1.5829299399629235
  landing: 1.0015114657580853
  view-data: 3.3887439789250493
