times:
  edit-metadata: 1.6744744777679443
  landing: 0.9758540894836187
  view-data: 0.5707720406353474
