times:
  edit-metadata: 1.6235865112394094
  landing: 0.6675221771001816
  view-data: 0.46992192417383194
