times:
  edit-metadata: 0.8497409599949606
  landing: 0.05448379798326641
  view-data: 0.23221850395202637
