times:
  edit-metadata: 0.8096072603948414
  landing: 0.039772771298885345
  view-data: 0.2091893251053989
