times:
  edit-metadata: 1.752783971838653
  landing: 0.13284528255462646
  view-data: 0.026264382526278496
