times:
  edit-metadata: 0.8856160547584295
  landing: 0.04120164318010211
  view-data: 0.20949067128822207
