times:
  edit-metadata: 1.4783891355618834
  landing: 0.8248041579499841
  view-data: 3.4270900269038975
