times:
  landing: 0.5516266719999976
  view-data: 0.5589431589999094
