times:
  edit-metadata: 1.6662993608042598
  landing: 0.8466556183993816
  view-data: 3.340533128939569
