times:
  edit-metadata: 1.522048782557249
  landing: 0.8665555492043495
  view-data: 3.4121554791927338
