times:
  edit-metadata: 0.8155027953907847
  landing: 0.04314793832600117
  view-data: 0.22043295111507177
