times:
  edit-metadata: 1.5501852240413427
  landing: 1.096647059544921
  view-data: 3.459597180597484
