times:
  edit-metadata: 1.7357453778386116
  landing: 0.020027953200042248
  view-data: 0.41834096424281597
