times:
  edit-metadata: 1.1605045613832772
  landing: 0.11941211996600032
  view-data: 0.2569359326735139
