times:
  edit-metadata: 0.8848131061531603
  landing: 0.05169769888743758
  view-data: 0.20772526995278895
