times:
  edit-metadata: 1.531248651444912
  landing: 0.9782950319349766
  view-data: 3.4191209822893143
