times:
  edit-metadata: 0.8175135609926656
  landing: 0.047872669994831085
  view-data: 0.24200865300372243
