times:
  edit-metadata: 1.8069460224360228
  landing: 0.022313441149890423
  view-data: 0.12453579343855381
