times:
  edit-metadata: 1.5250154118984938
  landing: 0.9240809548646212
  view-data: 3.3360049575567245
