times:
  edit-metadata: 0.7875284650363028
  landing: 0.03840854065492749
  view-data: 0.2245885543525219
