times:
  edit-metadata: 1.594324141740799
  landing: 3.2833081986755133
  view-data: 0.8997361697256565
