times:
  edit-metadata: 0.7977178529836237
  landing: 0.05119968997314572
  view-data: 0.21016949275508523
