times:
  edit-metadata: 1.706941157579422
  landing: 0.06607092544436455
  view-data: 0.22353463247418404
