times:
  edit-metadata: 0.8645528058987111
  landing: 0.05275584198534489
  view-data: 0.2364619141444564
