times:
  edit-metadata: 1.5351011008024216
  landing: 0.7626356407999992
  view-data: 3.356907106935978
