times:
  edit-metadata: 1.3874643966555595
  landing: 0.8267366327345371
  view-data: 3.4548660703003407
