times:
  edit-metadata: 1.9718863666057587
  landing: 0.26562580838799477
  view-data: 0.3507358208298683
