times:
  edit-metadata: 1.5450807586312294
  landing: 0.048708923161029816
  view-data: 0.22812006622552872
