times:
  edit-metadata: 2.2278033681213856
  landing: 0.3008967936038971
  view-data: 0.4878265280276537
