times:
  edit-metadata: 1.729610308073461
  landing: 0.018959700129926205
  view-data: 0.11756069306284189
