times:
  edit-metadata: 0.9141602348536253
  landing: 0.04636901896446943
  view-data: 0.2113224898930639
