times:
  edit-metadata: 0.7891227728687227
  landing: 0.04455113224685192
  view-data: 0.20912044681608677
