times:
  edit-metadata: 1.4630194026976824
  landing: 0.8780977837741375
  view-data: 3.349758194759488
