times:
  edit-metadata: 1.9791170991957188
  landing: 0.02715054713189602
  view-data: 0.352784875780344
