times:
  edit-metadata: 1.8957368079572916
  landing: 0.15494615770876408
  view-data: 0.3305725362151861
