times:
  edit-metadata: 1.5518024675548077
  landing: 0.9954433999955654
  view-data: 3.385875467211008
