times:
  landing: 0.5484755449999739
  view-data: 0.5550193600000171
