times:
  edit-metadata: 1.4411368048749864
  landing: 0.9900286179035902
  view-data: 3.3436576426029205
