times:
  edit-metadata: 1.949105003848672
  landing: 0.1561512565240264
  view-data: 0.026240140199661255
