times:
  edit-metadata: 1.5159971006214619
  landing: 0.9545956999063492
  view-data: 3.439832180738449
