times:
  edit-metadata: 2.809639820829034
  landing: 2.433300696313381
  view-data: 3.919505540281534
