times:
  edit-metadata: 1.4856420643627644
  landing: 0.056637514382600784
  view-data: 0.21904462948441505
