times:
  edit-metadata: 1.7706231148913503
  landing: 0.1163045484572649
  view-data: 0.024507115595042706
