times:
  edit-metadata: 0.88793372688815
  landing: 0.04575525410473347
  view-data: 0.22516796714626253
