times:
  edit-metadata: 1.5628040619194508
  landing: 0.8388546332716942
  view-data: 3.399539925158024
