times:
  edit-metadata: 2.031728008762002
  landing: 0.12909169681370258
  view-data: 0.054571064189076424
