times:
  edit-metadata: 1.0238953432999551
  landing: 0.05182678112760186
  view-data: 0.2257884773425758
