times:
  edit-metadata: 0.8724289420060813
  landing: 0.05246058106422424
  view-data: 0.22306694509461522
