times:
  edit-metadata: 0.8935333359986544
  landing: 0.054301552940160036
  view-data: 0.3247336479835212
