times:
  edit-metadata: 0.8119728993624449
  landing: 0.04506109841167927
  view-data: 0.22155420295894146
