times:
  edit-metadata: 1.9079523980617523
  landing: 3.517315074801445
  view-data: 3.3755913488566875
