times:
  edit-metadata: 1.3605868816375732
  landing: 0.8663644157350063
  view-data: 3.307921312749386
