times:
  edit-metadata: 0.8578032772056758
  landing: 0.04981897189281881
  view-data: 0.21797006507404149
