times:
  edit-metadata: 1.8043332379311323
  landing: 0.12270397134125233
  view-data: 0.028235849924385548
