times:
  edit-metadata: 0.827353895874694
  landing: 0.0532419600058347
  view-data: 0.2246368359774351
