times:
  edit-metadata: 1.5600642003118992
  landing: 1.6139945648610592
  view-data: 0.6187861412763596
