times:
  edit-metadata: 1.6386954486370087
  landing: 1.0132299400866032
  view-data: 3.3717319928109646
