times:
  edit-metadata: 2.8310928670689464
  landing: 0.6150664947926998
  view-data: 0.6400513760745525
