times:
  edit-metadata: 1.8620035331696272
  landing: 1.342886220663786
  view-data: 3.4893188569694757
