times:
  edit-metadata: 1.4135247524827719
  landing: 0.7875333447009325
  view-data: 3.3883570227771997
