times:
  edit-metadata: 1.8620401248335838
  landing: 0.022788699716329575
  view-data: 0.39099653251469135
