times:
  edit-metadata: 1.4584269188344479
  landing: 0.8083280995488167
  view-data: 3.3898388911038637
