times:
  edit-metadata: 1.7684892201796174
  landing: 0.22932610474526882
  view-data: 0.4326039766892791
