times:
  edit-metadata: 1.758222351782024
  landing: 0.15157481469213963
  view-data: 0.026855725795030594
