times:
  edit-metadata: 0.849925144109875
  landing: 0.05039763590320945
  view-data: 0.21992449602112174
