times:
  edit-metadata: 0.8341361151542515
  landing: 0.045507183065637946
  view-data: 0.3444527960382402
