times:
  edit-metadata: 0.8034286797046661
  landing: 0.03949170280247927
  view-data: 0.2154605332762003
