times:
  edit-metadata: 1.5931591726839542
  landing: 0.5697501003742218
  view-data: 0.6233220156282187
