times:
  edit-metadata: 0.9209377479855902
  landing: 0.05313471000408754
  view-data: 0.23838704999070615
