times:
  edit-metadata: 0.8335530830081552
  landing: 0.05385004496201873
  view-data: 0.2768154588993639
