times:
  edit-metadata: 0.8585841599851847
  landing: 0.0433736490085721
  view-data: 0.21111636993009597
