times:
  edit-metadata: 0.8238609440159053
  landing: 0.045688049867749214
  view-data: 0.20955394092015922
