times:
  edit-metadata: 1.742008050903678
  landing: 0.019068820402026176
  view-data: 0.12195753678679466
