times:
  edit-metadata: 2.70689179841429
  landing: 0.020046241581439972
  view-data: 0.11937817931175232
