times:
  edit-metadata: 1.7922854144126177
  landing: 0.02092636562883854
  view-data: 0.02344517968595028
