times:
  edit-metadata: 1.4633632395416498
  landing: 0.7172552440315485
  view-data: 3.3760620076209307
