times:
  edit-metadata: 0.9734143055975437
  landing: 0.8472757413983345
  view-data: 1.5544922929257154
