times:
  edit-metadata: 1.2902640365064144
  landing: 0.8831977639347315
  view-data: 3.32083055190742
