times:
  edit-metadata: 1.245922485832125
  landing: 0.9027065120171756
  view-data: 3.3824026321526617
