times:
  edit-metadata: 1.4027781933546066
  landing: 0.8583318153396249
  view-data: 3.274444726295769
