times:
  edit-metadata: 1.7914080573245883
  landing: 0.20591655001044273
  view-data: 0.022722680121660233
