times:
  edit-metadata: 1.7015674095600843
  landing: 1.0149119440466166
  view-data: 0.341325206682086
