times:
  edit-metadata: 1.5222732722759247
  landing: 0.8746768310666084
  view-data: 3.352220345288515
