times:
  edit-metadata: 1.639971412718296
  landing: 1.0765425339341164
  view-data: 3.407088242471218
