times:
  edit-metadata: 1.5321128107607365
  landing: 0.054011259227991104
  view-data: 0.2209521122276783
