times:
  edit-metadata: 1.595737162977457
  landing: 1.157039986923337
  view-data: 0.3336882758885622
