times:
  edit-metadata: 1.7907954836264253
  landing: 0.020658016204833984
  view-data: 0.10018835589289665
