times:
  landing: 1.117106556892395
  view-data: 0.6349406391382217
