times:
  edit-metadata: 0.8972904803231359
  landing: 0.03956268820911646
  view-data: 0.2077594418078661
