times:
  edit-metadata: 0.8262724853120744
  landing: 0.05143710691481829
  view-data: 0.209772861097008
