times:
  edit-metadata: 1.5480131804943085
  landing: 0.8328035287559032
  view-data: 3.4445642717182636
