times:
  edit-metadata: 1.9321617968380451
  landing: 1.3868147768080235
  view-data: 3.3473653122782707
