times:
  edit-metadata: 2.005827859044075
  landing: 0.2826881743967533
  view-data: 0.18525554798543453
