times:
  edit-metadata: 1.5115517601370811
  landing: 0.7619841564446688
  view-data: 3.3968986608088017
