times:
  edit-metadata: 2.0745697487145662
  landing: 0.16621774435043335
  view-data: 0.4552114810794592
