times:
  edit-metadata: 0.7981872465461493
  landing: 0.05222454946488142
  view-data: 0.21972442232072353
