times:
  edit-metadata: 3.101183256134391
  landing: 0.15268553979694843
  view-data: 0.3331676535308361
