times:
  edit-metadata: 1.8143236571922898
  landing: 0.1409015730023384
  view-data: 0.3338643154129386
