times:
  edit-metadata: 1.909695202484727
  landing: 0.24930869787931442
  view-data: 0.027559198439121246
