times:
  edit-metadata: 1.73641118966043
  landing: 0.09416395891457796
  view-data: 0.023055984638631344
