times:
  edit-metadata: 2.2702708523720503
  landing: 0.21426463685929775
  view-data: 0.4257118050009012
