times:
  edit-metadata: 1.8429148867726326
  landing: 0.12962984200567007
  view-data: 0.1194805121049285
