times:
  edit-metadata: 1.4684051685035229
  landing: 0.7682604864239693
  view-data: 3.2929961420595646
