times:
  edit-metadata: 1.9874910674989223
  landing: 1.7708314470946789
  view-data: 3.6276247687637806
