times:
  landing: 0.5484485430000632
  view-data: 0.566868052000018
