times:
  edit-metadata: 0.8458220220636576
  landing: 0.055406236089766026
  view-data: 0.23556667799130082
