times:
  edit-metadata: 0.8849829528480768
  landing: 0.09006981691345572
  view-data: 0.21421083388850093
