times:
  edit-metadata: 0.8561442079953849
  landing: 0.04941199021413922
  view-data: 0.2095558107830584
