times:
  edit-metadata: 0.9584111119620502
  landing: 0.04720512602943927
  view-data: 0.23863317805808038
