times:
  edit-metadata: 1.8593672048300505
  landing: 0.01979551464319229
  view-data: 0.31414775364100933
