times:
  edit-metadata: 0.7892357069067657
  landing: 0.051819208078086376
  view-data: 0.23008576221764088
