times:
  edit-metadata: 0.8703750159766059
  landing: 0.044384593988070264
  view-data: 0.2113815680204425
