times:
  edit-metadata: 1.6275100531056523
  landing: 1.0325146317481995
  view-data: 3.380490604788065
