times:
  edit-metadata: 0.8526210261043161
  landing: 0.047262096079066396
  view-data: 0.20595305296592414
