times:
  edit-metadata: 1.0098042599856853
  landing: 0.7892250549048185
  view-data: 0.2080527525395155
