times:
  edit-metadata: 0.8941251449869014
  landing: 0.04485134297283366
  view-data: 0.20777327800169587
