times:
  landing: 0.5552684560000216
  view-data: 0.5663542220000295
