times:
  edit-metadata: 1.4033402539789677
  landing: 0.7840382158756256
  view-data: 3.4113173447549343
