times:
  edit-metadata: 1.5307738073170185
  landing: 0.043106067925691605
  view-data: 0.22634270414710045
