times:
  edit-metadata: 1.4084690819727257
  landing: 0.8137460480211303
  view-data: 3.3220704689156264
