times:
  edit-metadata: 0.8036192934960127
  landing: 0.041768189519643784
  view-data: 0.21346822753548622
