times:
  edit-metadata: 1.4098527617752552
  landing: 0.8363278862088919
  view-data: 3.3178566247224808
