times:
  edit-metadata: 0.8408871539868414
  landing: 0.05745198391377926
  view-data: 0.25171437906101346
