times:
  edit-metadata: 1.8138676965609193
  landing: 0.022607075050473213
  view-data: 0.02340040262788534
