times:
  edit-metadata: 1.5596544165164232
  landing: 0.046956002712249756
  view-data: 0.22272773273289204
