times:
  edit-metadata: 0.8433555220253766
  landing: 0.05000161501811817
  view-data: 0.22602300200378522
