times:
  edit-metadata: 0.8017530241049826
  landing: 0.05289636692032218
  view-data: 0.21905924007296562
