times:
  edit-metadata: 1.4670009836554527
  landing: 0.929345890879631
  view-data: 3.334853522479534
