times:
  edit-metadata: 1.407494444400072
  landing: 0.8463747706264257
  view-data: 3.2890443988144398
