times:
  edit-metadata: 0.8548357198014855
  landing: 0.0569487358443439
  view-data: 0.23379859188571572
