times:
  edit-metadata: 1.5264646783471107
  landing: 0.043391454964876175
  view-data: 0.22648383304476738
