times:
  edit-metadata: 1.6350638940930367
  landing: 1.0508547127246857
  view-data: 3.4547854587435722
