times:
  edit-metadata: 1.4807388633489609
  landing: 0.8317542560398579
  view-data: 3.3393451161682606
