times:
  edit-metadata: 1.3017079941928387
  landing: 0.949221596121788
  view-data: 3.395581003278494
