times:
  edit-metadata: 1.4121579322963953
  landing: 0.911333397962153
  view-data: 3.4300734885036945
