times:
  edit-metadata: 1.7293553659692407
  landing: 0.8979624509811401
  view-data: 3.473806018009782
