times:
  edit-metadata: 1.8913100585341454
  landing: 1.0898911729454994
  view-data: 3.4737543426454067
