times:
  edit-metadata: 1.2967937272042036
  landing: 0.020301922224462032
  view-data: 0.12723760213702917
