times:
  edit-metadata: 2.234651766717434
  landing: 1.176247425377369
  view-data: 3.7130010947585106
