times:
  edit-metadata: 0.5275399570236914
  landing: 0.06802767398767173
  view-data: 0.2202578439610079
