times:
  edit-metadata: 1.334695840254426
  landing: 0.020017200149595737
  view-data: 0.4358003279194236
