times:
  edit-metadata: 1.439595952630043
  landing: 0.8652736581861973
  view-data: 3.70040974766016
