times:
  edit-metadata: 1.5374459642916918
  landing: 0.7843626048415899
  view-data: 3.400859836488962
