times:
  edit-metadata: 1.329847033135593
  landing: 0.1303247744217515
  view-data: 0.12915497552603483
