times:
  edit-metadata: 1.439282363280654
  landing: 0.12969757802784443
  view-data: 0.02728630043566227
