times:
  edit-metadata: 1.4980982700362802
  landing: 0.7929714191704988
  view-data: 3.364860503934324
