times:
  edit-metadata: 1.3501636292785406
  landing: 0.023160837590694427
  view-data: 0.02277151122689247
