times:
  edit-metadata: 1.4411988481879234
  landing: 0.9858572594821453
  view-data: 3.3622620068490505
