times:
  edit-metadata: 1.4721971992403269
  landing: 0.7970308619551361
  view-data: 3.358197331894189
