times:
  edit-metadata: 1.5029796920716763
  landing: 0.7572389002889395
  view-data: 3.3297765171155334
