times:
  edit-metadata: 1.279055768623948
  landing: 0.025139817036688328
  view-data: 0.027266175486147404
