times:
  edit-metadata: 1.3186503406614065
  landing: 0.13664462603628635
  view-data: 0.12709624879062176
