times:
  edit-metadata: 1.2906131129711866
  landing: 0.11424491927027702
  view-data: 0.34160578437149525
