times:
  edit-metadata: 1.4981756918132305
  landing: 0.8394472170621157
  view-data: 3.368770342320204
