times:
  edit-metadata: 1.6197658441960812
  landing: 0.9323249403387308
  view-data: 3.450746614485979
