times:
  edit-metadata: 1.259287491440773
  landing: 0.021800288930535316
  view-data: 0.02638582792133093
