times:
  edit-metadata: 1.3041339460760355
  landing: 0.20139435771852732
  view-data: 0.02677255030721426
