times:
  edit-metadata: 1.5786438025534153
  landing: 0.9782485365867615
  view-data: 3.4279616363346577
