times:
  edit-metadata: 0.5430910428985953
  landing: 0.04939176235347986
  view-data: 0.2188137578777969
