times:
  edit-metadata: 1.37567575648427
  landing: 0.8448915630578995
  view-data: 3.3529118932783604
