times:
  edit-metadata: 1.3144802879542112
  landing: 0.019372375681996346
  view-data: 0.3411202011629939
