times:
  edit-metadata: 1.2557163462042809
  landing: 0.020657915621995926
  view-data: 0.023995427414774895
