times:
  edit-metadata: 1.481524908915162
  landing: 0.16038427501916885
  view-data: 0.150180047377944
