times:
  edit-metadata: 2.0951491743326187
  landing: 1.295893032103777
  view-data: 3.4876660369336605
