times:
  edit-metadata: 1.641931226477027
  landing: 0.3003828451037407
  view-data: 0.36781889013946056
