times:
  edit-metadata: 1.3465727400034666
  landing: 0.023607944138348103
  view-data: 0.09870537742972374
