times:
  edit-metadata: 1.4191848747432232
  landing: 0.8204978443682194
  view-data: 3.337734844535589
