times:
  edit-metadata: 1.3408019207417965
  landing: 0.16478675790131092
  view-data: 0.4399713287129998
