times:
  edit-metadata: 1.2284109685570002
  landing: 0.021716283634305
  view-data: 0.12068488821387291
