times:
  edit-metadata: 3.287556055933237
  landing: 1.041487880051136
  view-data: 3.5777440518140793
