times:
  edit-metadata: 0.5318323019891977
  landing: 0.044247600017115474
  view-data: 0.22515174001455307
