times:
  edit-metadata: 1.4829974360764027
  landing: 0.29784963466227055
  view-data: 0.25784225203096867
