times:
  edit-metadata: 1.5421393811702728
  landing: 1.08992825075984
  view-data: 3.6387104839086533
