times:
  edit-metadata: 0.5159666449762881
  landing: 0.055557884043082595
  view-data: 0.2070858150254935
