times:
  edit-metadata: 1.6840416826307774
  landing: 1.1364851668477058
  view-data: 3.422258682549
