times:
  edit-metadata: 1.4827352873981
  landing: 0.021581480279564857
  view-data: 0.3191907573491335
