times:
  edit-metadata: 1.8894319124519825
  landing: 2.3331482596695423
  view-data: 3.344731129705906
