times:
  edit-metadata: 1.8604689706116915
  landing: 0.29321339167654514
  view-data: 0.4277152996510267
