times:
  edit-metadata: 0.5146501683630049
  landing: 0.049898556899279356
  view-data: 0.2103141131810844
