times:
  edit-metadata: 1.682899996638298
  landing: 1.331418238580227
  view-data: 3.4349131174385548
