times:
  edit-metadata: 1.4816045970655978
  landing: 0.8138295109383762
  view-data: 3.3316923822276294
