times:
  edit-metadata: 1.5513813644647598
  landing: 0.6919291466474533
  view-data: 3.405674409121275
