times:
  edit-metadata: 0.5297893109964207
  landing: 0.08053024596301839
  view-data: 0.21240090095670894
