times:
  edit-metadata: 1.5817486364394426
  landing: 0.20683803595602512
  view-data: 0.3512490428984165
