times:
  edit-metadata: 2.4555747946724296
  landing: 1.3019208014011383
  view-data: 3.7139602918177843
