times:
  edit-metadata: 1.2638449249789119
  landing: 0.018258112482726574
  view-data: 0.12190547026693821
