times:
  edit-metadata: 1.843604551628232
  landing: 0.22598164342343807
  view-data: 0.36087783984839916
