times:
  edit-metadata: 1.6502501862123609
  landing: 0.8623187709599733
  view-data: 3.414460739120841
