times:
  edit-metadata: 2.8707041777670383
  landing: 1.3443848490715027
  view-data: 3.373485777527094
