times:
  edit-metadata: 1.6082032676786184
  landing: 0.9995362181216478
  view-data: 3.4228360764682293
