times:
  edit-metadata: 1.461098738014698
  landing: 0.9213428497314453
  view-data: 3.4265734404325485
