times:
  edit-metadata: 1.380534453317523
  landing: 0.018578561022877693
  view-data: 0.3001416865736246
