times:
  edit-metadata: 1.224885830655694
  landing: 0.021827882155776024
  view-data: 0.02915546204894781
