times:
  edit-metadata: 1.81339892745018
  landing: 0.827056928537786
  view-data: 3.4050623467192054
