times:
  edit-metadata: 1.5636758394539356
  landing: 0.8533007297664881
  view-data: 3.4370892010629177
