times:
  edit-metadata: 2.900142213329673
  landing: 1.825812278315425
  view-data: 3.5057259015738964
