times:
  edit-metadata: 1.5041496716439724
  landing: 0.7888860702514648
  view-data: 3.4337701164186
