times:
  edit-metadata: 1.4319009371101856
  landing: 0.02411944605410099
  view-data: 0.027175938710570335
