times:
  edit-metadata: 0.6934663410065696
  landing: 0.08312699099769816
  view-data: 0.20594819099642336
