times:
  edit-metadata: 0.5581880137324333
  landing: 0.05394796188920736
  view-data: 0.20504803163930774
