times:
  edit-metadata: 1.348942382261157
  landing: 0.1317001525312662
  view-data: 0.34662882052361965
