times:
  edit-metadata: 1.308912182226777
  landing: 0.0217085350304842
  view-data: 0.40332015696913004
