times:
  edit-metadata: 1.4333036504685879
  landing: 0.858350645750761
  view-data: 3.3367308974266052
