times:
  edit-metadata: 1.6740047186613083
  landing: 0.896765723824501
  view-data: 3.46204886585474
