times:
  edit-metadata: 0.5194665509043261
  landing: 0.0501968750031665
  view-data: 0.2174045160645619
