times:
  edit-metadata: 1.3655200954526663
  landing: 0.022521579638123512
  view-data: 0.16427984088659286
