times:
  edit-metadata: 0.5230301339179277
  landing: 0.04989201598800719
  view-data: 0.20532768801786005
