times:
  edit-metadata: 1.5167926009744406
  landing: 0.21724353171885014
  view-data: 0.3870709966868162
