times:
  edit-metadata: 1.524046489968896
  landing: 0.21404058672487736
  view-data: 0.16376258060336113
