times:
  edit-metadata: 1.2243537120521069
  landing: 0.021806035190820694
  view-data: 0.026870586909353733
