times:
  edit-metadata: 1.5742299929261208
  landing: 0.722734535112977
  view-data: 3.306173836812377
