times:
  edit-metadata: 1.5085580348968506
  landing: 0.16181581653654575
  view-data: 0.022747283801436424
