times:
  edit-metadata: 1.2806745572015643
  landing: 0.020270307548344135
  view-data: 0.13251311890780926
