times:
  edit-metadata: 1.5793849118053913
  landing: 0.7344721723347902
  view-data: 3.4045778568834066
