times:
  edit-metadata: 0.606486179982312
  landing: 0.16554318100679666
  view-data: 0.28611712498241104
