times:
  edit-metadata: 1.4043530514463782
  landing: 0.0207196231931448
  view-data: 0.4039374925196171
