times:
  edit-metadata: 1.4445247761905193
  landing: 0.20097365975379944
  view-data: 0.10773731209337711
