times:
  edit-metadata: 1.3540454229805619
  landing: 0.7954888839740306
  view-data: 3.4203737769275904
