times:
  edit-metadata: 1.4580521658062935
  landing: 0.810564580373466
  view-data: 3.3960181083530188
