times:
  edit-metadata: 1.3044498637318611
  landing: 0.021624724380671978
  view-data: 0.1217527762055397
