times:
  edit-metadata: 1.320875976991374
  landing: 0.2924345190403983
  view-data: 0.3142939379904419
