times:
  edit-metadata: 1.4786224085837603
  landing: 0.021005595102906227
  view-data: 0.13929280266165733
