times:
  edit-metadata: 0.5276481583714485
  landing: 0.07606702484190464
  view-data: 0.3429122008383274
