times:
  edit-metadata: 1.6349367871880531
  landing: 0.7850774289108813
  view-data: 3.347877101972699
