times:
  edit-metadata: 1.4919704711064696
  landing: 0.818176694214344
  view-data: 3.369421722367406
