times:
  edit-metadata: 0.5074358358979225
  landing: 0.048726640874519944
  view-data: 0.22426952491514385
