times:
  edit-metadata: 0.5158908589510247
  landing: 0.05030405893921852
  view-data: 0.23046484508085996
