times:
  edit-metadata: 0.5240843089995906
  landing: 0.048044773982837796
  view-data: 0.2029656240483746
