times:
  edit-metadata: 1.41490862891078
  landing: 0.240165239199996
  view-data: 0.13244764134287834
