times:
  edit-metadata: 1.2254402348771691
  landing: 0.020314973779022694
  view-data: 0.0240066172555089
