times:
  edit-metadata: 1.5405328758060932
  landing: 0.7451878078281879
  view-data: 3.407222382724285
