times:
  edit-metadata: 0.870019244030118
  landing: 0.06463280692696571
  view-data: 0.22538969898596406
