times:
  edit-metadata: 1.680080883204937
  landing: 0.028560467064380646
  view-data: 0.373887388035655
