times:
  edit-metadata: 1.4496048860019073
  landing: 0.7569449150469154
  view-data: 3.3268568189814687
