times:
  edit-metadata: 1.5858697444200516
  landing: 0.7756887078285217
  view-data: 3.4130020551383495
