times:
  edit-metadata: 1.2936984226107597
  landing: 0.023377702571451664
  view-data: 0.023881154134869576
