times:
  edit-metadata: 1.4657432809472084
  landing: 0.7371084389742464
  view-data: 3.264529541833326
