times:
  edit-metadata: 2.55631167255342
  landing: 1.0079417489469051
  view-data: 3.6885327138006687
