times:
  edit-metadata: 1.5905061326920986
  landing: 0.9007231295108795
  view-data: 3.367636103183031
