times:
  edit-metadata: 0.512036097003147
  landing: 0.06743616401217878
  view-data: 0.2341475118882954
