times:
  edit-metadata: 1.4446866307407618
  landing: 0.18118815682828426
  view-data: 0.02683381363749504
