times:
  edit-metadata: 1.5011842399835587
  landing: 0.9205297119915485
  view-data: 3.3596125543117523
