times:
  edit-metadata: 2.052884489297867
  landing: 1.1085833758115768
  view-data: 3.462836768478155
