times:
  edit-metadata: 1.289753151126206
  landing: 0.18363476544618607
  view-data: 0.11989310942590237
