times:
  edit-metadata: 1.41894662193954
  landing: 0.02210228331387043
  view-data: 0.35579964332282543
