times:
  edit-metadata: 1.5057379566133022
  landing: 0.02191857062280178
  view-data: 0.02879428118467331
