times:
  edit-metadata: 0.5542833039944526
  landing: 0.09130736500083003
  view-data: 0.22258990300178993
