times:
  edit-metadata: 4.819394581019878
  landing: 2.282827790826559
  view-data: 3.6776152923703194
