times:
  edit-metadata: 1.6486897319555283
  landing: 0.9151941612362862
  view-data: 3.401796743273735
