times:
  edit-metadata: 1.527531685307622
  landing: 0.7811037190258503
  view-data: 3.3024544417858124
