times:
  edit-metadata: 1.2281066616997123
  landing: 0.02418886497616768
  view-data: 0.025743745267391205
