times:
  edit-metadata: 0.5707897250540555
  landing: 0.15047286823391914
  view-data: 0.20031058229506016
