times:
  edit-metadata: 2.383873458020389
  landing: 0.8654755167663097
  view-data: 3.3339707953855395
