times:
  edit-metadata: 1.5822505578398705
  landing: 1.06952466070652
  view-data: 3.3637575320899487
