times:
  edit-metadata: 0.5332232899963856
  landing: 0.044765518978238106
  view-data: 0.21944671601522714
