times:
  edit-metadata: 0.5231561389955459
  landing: 0.06615540799975861
  view-data: 0.2140134999935981
