times:
  edit-metadata: 1.4802781445905566
  landing: 0.7171397069469094
  view-data: 3.3618770791217685
