times:
  edit-metadata: 1.563253939151764
  landing: 0.970217801630497
  view-data: 3.42410296946764
