times:
  edit-metadata: 1.377862548455596
  landing: 0.15300443675369024
  view-data: 0.2790775038301945
