times:
  edit-metadata: 1.3952725231647491
  landing: 0.1616166429594159
  view-data: 0.5391291994601488
