times:
  edit-metadata: 1.4234667401760817
  landing: 0.9085057601332664
  view-data: 3.3266281858086586
