times:
  edit-metadata: 1.4816273814067245
  landing: 0.8240514080971479
  view-data: 3.4221027959138155
