times:
  edit-metadata: 1.421688986942172
  landing: 0.1331368200480938
  view-data: 0.3446299321949482
