times:
  edit-metadata: 1.3699323600158095
  landing: 0.7389323357492685
  view-data: 3.304632461629808
