times:
  edit-metadata: 0.547132904001046
  landing: 0.04892271998687647
  view-data: 0.21279369900003076
