times:
  edit-metadata: 1.4629638348706067
  landing: 0.8069495540112257
  view-data: 3.45784305408597
