times:
  edit-metadata: 1.6758452542126179
  landing: 0.05247964709997177
  view-data: 0.31421494483947754
