times:
  edit-metadata: 1.425890812650323
  landing: 0.02443918026983738
  view-data: 0.34029799699783325
