times:
  edit-metadata: 1.3776702973991632
  landing: 0.13722709193825722
  view-data: 0.32323780097067356
