times:
  edit-metadata: 0.5132843010069337
  landing: 0.04532763300812803
  view-data: 0.205168312008027
