times:
  edit-metadata: 1.7358711585402489
  landing: 0.020117277279496193
  view-data: 0.16580515541136265
