times:
  edit-metadata: 1.5068487040698528
  landing: 0.7490666098892689
  view-data: 3.4576588571071625
