times:
  edit-metadata: 1.404565254226327
  landing: 0.16887996532022953
  view-data: 0.02584096137434244
