times:
  edit-metadata: 1.5308036711066961
  landing: 0.9371451791375875
  view-data: 0.5295067969709635
