times:
  edit-metadata: 1.4027103651314974
  landing: 0.02126314677298069
  view-data: 0.027603672817349434
