times:
  edit-metadata: 0.5105641070003912
  landing: 0.05421378600021853
  view-data: 0.20815543999924557
