times:
  edit-metadata: 0.5106173709500581
  landing: 0.04574942192994058
  view-data: 0.21058382000774145
