times:
  edit-metadata: 1.4314468037337065
  landing: 0.024143116548657417
  view-data: 0.29230747371912
