times:
  edit-metadata: 1.5260596359148622
  landing: 0.8475544019602239
  view-data: 3.3630394279025495
