times:
  edit-metadata: 1.292178526520729
  landing: 0.1602998673915863
  view-data: 0.02508413139730692
