times:
  edit-metadata: 1.788303092122078
  landing: 1.0945553742349148
  view-data: 3.4316243268549442
