times:
  edit-metadata: 0.509949117898941
  landing: 0.06877159886062145
  view-data: 0.2188039510510862
