times:
  edit-metadata: 3.286727786064148
  landing: 1.6220905967056751
  view-data: 3.694084208458662
