times:
  edit-metadata: 1.4930784553289413
  landing: 0.7111991792917252
  view-data: 3.334788592532277
