times:
  edit-metadata: 1.4499890767037868
  landing: 0.7078977636992931
  view-data: 3.3088491708040237
