times:
  edit-metadata: 1.2390919495373964
  landing: 0.02369980327785015
  view-data: 0.026992826722562313
