times:
  edit-metadata: 1.2435580920428038
  landing: 0.022355067543685436
  view-data: 0.025305905379354954
