times:
  edit-metadata: 1.2694166488945484
  landing: 0.019165189005434513
  view-data: 0.11698255967348814
