times:
  edit-metadata: 1.6047797966748476
  landing: 0.8077555596828461
  view-data: 3.4671518113464117
