times:
  edit-metadata: 0.7675888808444142
  landing: 0.03709842683747411
  view-data: 0.33775173779577017
