times:
  edit-metadata: 1.3698593489825726
  landing: 0.7307936232537031
  view-data: 0.45768085308372974
