times:
  edit-metadata: 1.3872774448245764
  landing: 0.02075780276209116
  view-data: 0.02596796303987503
