times:
  edit-metadata: 1.7749939635396004
  landing: 1.5783161725848913
  view-data: 3.4764124574139714
