times:
  edit-metadata: 1.5096362996846437
  landing: 0.021219542250037193
  view-data: 0.14400797337293625
