times:
  edit-metadata: 0.5296610819641501
  landing: 0.050242287106812
  view-data: 0.2120359728578478
