times:
  edit-metadata: 0.7884925967082381
  landing: 0.06521406583487988
  view-data: 0.2781635522842407
