times:
  edit-metadata: 1.5976962875574827
  landing: 0.7358822524547577
  view-data: 3.3877740278840065
