times:
  edit-metadata: 1.5555644389241934
  landing: 0.9319248050451279
  view-data: 3.4020166117697954
