times:
  edit-metadata: 1.2332996744662523
  landing: 0.021796449087560177
  view-data: 0.026645011268556118
