times:
  edit-metadata: 1.5715086990967393
  landing: 0.887355936691165
  view-data: 3.3838360756635666
