times:
  edit-metadata: 1.5562485568225384
  landing: 0.8840615898370743
  view-data: 3.505351908504963
