times:
  edit-metadata: 1.5646480061113834
  landing: 0.7514157965779305
  view-data: 3.3897726610302925
