times:
  edit-metadata: 1.4983244054019451
  landing: 0.8472078982740641
  view-data: 3.347650545183569
