times:
  edit-metadata: 1.472630588337779
  landing: 0.02155143953859806
  view-data: 0.12857120670378208
