times:
  edit-metadata: 1.396965199150145
  landing: 0.8357076989486814
  view-data: 3.3445088639855385
