times:
  edit-metadata: 1.5779268220067024
  landing: 0.9325624294579029
  view-data: 3.312340434640646
