times:
  edit-metadata: 1.9594679661095142
  landing: 1.8098508827388287
  view-data: 3.358553286641836
