times:
  edit-metadata: 0.5176119590178132
  landing: 0.0657027339329943
  view-data: 0.20717771898489445
