times:
  edit-metadata: 0.5320170240011066
  landing: 0.0611571780173108
  view-data: 0.20032603794243187
