times:
  edit-metadata: 1.854824888985604
  landing: 0.9916622689925134
  view-data: 3.4729943573474884
