times:
  edit-metadata: 0.523783313925378
  landing: 0.06396698602475226
  view-data: 0.21251141896937042
