times:
  edit-metadata: 1.4166105892509222
  landing: 0.126244954764843
  view-data: 0.20461026206612587
