times:
  edit-metadata: 1.6500326618552208
  landing: 0.2645687386393547
  view-data: 0.3541040364652872
