times:
  edit-metadata: 1.5611897427588701
  landing: 0.7585973748937249
  view-data: 3.3505397234112024
