times:
  edit-metadata: 1.2243521614000201
  landing: 0.018709436058998108
  view-data: 0.12683667428791523
