times:
  edit-metadata: 1.3992011975497007
  landing: 0.8358534723520279
  view-data: 3.30743645131588
