times:
  edit-metadata: 1.4170619118958712
  landing: 0.022366899996995926
  view-data: 0.3291264921426773
