times:
  edit-metadata: 0.521826061187312
  landing: 0.06962377298623323
  view-data: 0.20969125116243958
