times:
  edit-metadata: 1.4517666399478912
  landing: 0.025643745437264442
  view-data: 0.12360680289566517
