times:
  edit-metadata: 1.6293193027377129
  landing: 0.8843361921608448
  view-data: 3.482156604528427
