times:
  edit-metadata: 2.859597952105105
  landing: 1.9572377484291792
  view-data: 4.575615323148668
