times:
  edit-metadata: 1.653521366417408
  landing: 0.7820623107254505
  view-data: 3.4444635286927223
