times:
  edit-metadata: 1.5366840809583664
  landing: 0.6890323497354984
  view-data: 3.284871954470873
