times:
  edit-metadata: 1.6866972856223583
  landing: 0.8556188084185123
  view-data: 3.3359780497848988
