times:
  edit-metadata: 0.5178918605670333
  landing: 0.06017255876213312
  view-data: 0.20670474786311388
