times:
  edit-metadata: 1.4591924957931042
  landing: 0.02546466514468193
  view-data: 0.026658322662115097
