times:
  edit-metadata: 1.437603484839201
  landing: 0.11749468557536602
  view-data: 0.1351545713841915
