times:
  edit-metadata: 1.4055840633809566
  landing: 0.26153319142758846
  view-data: 0.3695444855839014
