times:
  edit-metadata: 1.6158268004655838
  landing: 0.7637830469757318
  view-data: 3.414993518963456
