times:
  edit-metadata: 0.5103292769927066
  landing: 0.05917167500592768
  view-data: 0.34257651600637473
