times:
  edit-metadata: 1.390185022726655
  landing: 0.018987873569130898
  view-data: 0.023693915456533432
