times:
  edit-metadata: 1.54967219568789
  landing: 0.6671333331614733
  view-data: 3.345865363255143
