times:
  edit-metadata: 0.5030731749720871
  landing: 0.07268164912238717
  view-data: 0.21508752112276852
