times:
  edit-metadata: 1.3914459757506847
  landing: 0.7610755609348416
  view-data: 3.4389392072334886
