times:
  edit-metadata: 1.494245063047856
  landing: 0.8245041002519429
  view-data: 3.4378076451830566
