times:
  edit-metadata: 1.5813310910016298
  landing: 0.7593040205538273
  view-data: 3.422467567026615
