times:
  edit-metadata: 1.6559975184500217
  landing: 0.8712180517613888
  view-data: 3.301856752485037
