times:
  edit-metadata: 1.4368017874658108
  landing: 0.14706730097532272
  view-data: 0.024594273418188095
