times:
  edit-metadata: 1.583197989501059
  landing: 0.7677889401093125
  view-data: 3.3624438596889377
