times:
  edit-metadata: 1.5116877648979425
  landing: 0.8465616852045059
  view-data: 3.447037948295474
