times:
  edit-metadata: 1.5643474999815226
  landing: 0.8960959371179342
  view-data: 3.4264963641762733
