times:
  edit-metadata: 1.5686261784285307
  landing: 0.7876148335635662
  view-data: 3.4249619655311108
