times:
  edit-metadata: 0.5309916879050434
  landing: 0.11185106006450951
  view-data: 0.20698283798992634
