times:
  edit-metadata: 0.5314080459065735
  landing: 0.06208251300267875
  view-data: 0.21292880596593022
