times:
  edit-metadata: 1.4756817808374763
  landing: 6.522437019273639
  view-data: 3.2837478844448924
