times:
  edit-metadata: 0.5483905479777604
  landing: 0.04981744603719562
  view-data: 0.21857507003005594
