times:
  edit-metadata: 1.604178057052195
  landing: 0.8575576479779556
  view-data: 3.311714676092379
