times:
  edit-metadata: 1.4478233908303082
  landing: 0.7430340782739222
  view-data: 3.2718869340606034
