times:
  edit-metadata: 1.920638732612133
  landing: 0.27033123932778835
  view-data: 0.48025375604629517
