times:
  edit-metadata: 1.3158085532486439
  landing: 0.11613050661981106
  view-data: 0.2750278227031231
