times:
  edit-metadata: 1.5056809093803167
  landing: 0.25926607474684715
  view-data: 0.2564155589789152
