times:
  edit-metadata: 1.5734861232340336
  landing: 0.9123859032988548
  view-data: 3.6055322103202343
