times:
  edit-metadata: 1.4566314164549112
  landing: 0.02010178379714489
  view-data: 0.2916829101741314
