times:
  edit-metadata: 1.5090628741309047
  landing: 0.8137231338769197
  view-data: 3.395423441193998
