times:
  edit-metadata: 1.5394064020365477
  landing: 0.7596581093966961
  view-data: 3.3909137845039368
