times:
  edit-metadata: 1.2345745479688048
  landing: 0.019410863518714905
  view-data: 0.026544135995209217
