times:
  edit-metadata: 0.5266253161244094
  landing: 0.05405932292342186
  view-data: 0.21203503292053938
