times:
  edit-metadata: 0.5164772542193532
  landing: 0.0770996487699449
  view-data: 0.20776321785524487
