times:
  edit-metadata: 1.467213712632656
  landing: 0.8774810954928398
  view-data: 3.3033353500068188
