times:
  edit-metadata: 1.4711966197937727
  landing: 0.018952040001749992
  view-data: 0.12265743128955364
