times:
  edit-metadata: 1.5375770069658756
  landing: 0.3052046336233616
  view-data: 0.3277412746101618
