times:
  edit-metadata: 1.5622464315965772
  landing: 0.808758613653481
  view-data: 3.3757452704012394
