times:
  edit-metadata: 1.6369632743299007
  landing: 0.943488422781229
  view-data: 3.3544775657355785
