times:
  edit-metadata: 1.4089514939114451
  landing: 0.01868580374866724
  view-data: 0.22101892717182636
