times:
  edit-metadata: 0.5350641420081956
  landing: 0.06681379399378784
  view-data: 0.3582211930042831
