times:
  edit-metadata: 1.6371472775936127
  landing: 0.9176254905760288
  view-data: 3.3198119811713696
