times:
  edit-metadata: 1.5708318166434765
  landing: 0.8859364986419678
  view-data: 3.3761490769684315
