times:
  edit-metadata: 1.4038453195244074
  landing: 0.020194821059703827
  view-data: 0.3356335237622261
