times:
  edit-metadata: 2.1790399327874184
  landing: 1.2082863226532936
  view-data: 3.3872168697416782
