times:
  edit-metadata: 1.8807273600250483
  landing: 1.111099049448967
  view-data: 3.5821209754794836
