times:
  edit-metadata: 1.5566299967467785
  landing: 0.801648523658514
  view-data: 3.315213244408369
