times:
  edit-metadata: 1.3082701731473207
  landing: 0.19905242510139942
  view-data: 0.117100790143013
