times:
  edit-metadata: 1.575384609401226
  landing: 1.0151237361133099
  view-data: 3.3373049572110176
