times:
  edit-metadata: 0.5086621630180161
  landing: 0.07806514698313549
  view-data: 0.20925171597627923
