times:
  edit-metadata: 0.5256720080506057
  landing: 0.04354129498824477
  view-data: 0.1978018970694393
