times:
  edit-metadata: 1.387900423258543
  landing: 0.1261457372456789
  view-data: 0.20079778786748648
