times:
  edit-metadata: 1.5085308738052845
  landing: 0.7985770385712385
  view-data: 3.5377568369731307
