times:
  edit-metadata: 1.4320028936490417
  landing: 0.9276689579710364
  view-data: 3.309848849195987
