times:
  edit-metadata: 0.5282452819519676
  landing: 0.04761071701068431
  view-data: 0.21042957296594977
