times:
  edit-metadata: 0.5593530349433422
  landing: 0.04217346617951989
  view-data: 0.21353775402531028
