times:
  edit-metadata: 1.579050987958908
  landing: 0.8073482811450958
  view-data: 3.490806804969907
