times:
  edit-metadata: 1.381569568067789
  landing: 0.022949954494833946
  view-data: 0.0300276055932045
