times:
  edit-metadata: 0.5255573517642915
  landing: 0.07783338194712996
  view-data: 0.2318016760982573
