times:
  edit-metadata: 1.5380729585886002
  landing: 0.8269462548196316
  view-data: 3.3591541834175587
