times:
  edit-metadata: 0.5528959608636796
  landing: 0.06379366107285023
  view-data: 0.2104195710271597
