times:
  edit-metadata: 0.5164532628841698
  landing: 0.04721744102425873
  view-data: 0.21212930604815483
