times:
  edit-metadata: 2.8470280123874545
  landing: 1.5136270802468061
  view-data: 3.59365067537874
