times:
  edit-metadata: 1.3913163030520082
  landing: 0.13133680075407028
  view-data: 0.025573456659913063
