times:
  edit-metadata: 1.5248914184048772
  landing: 0.783573292195797
  view-data: 3.3575102891772985
