times:
  edit-metadata: 1.4067106500733644
  landing: 0.7732542969752103
  view-data: 3.3114497519563884
