times:
  edit-metadata: 0.7510376367717981
  landing: 0.0809576129540801
  view-data: 0.30395141802728176
