times:
  edit-metadata: 1.4732090532779694
  landing: 0.7987529132515192
  view-data: 3.3342648688703775
