times:
  edit-metadata: 1.4477981021627784
  landing: 0.7063690721988678
  view-data: 3.278389448300004
