times:
  edit-metadata: 1.5024169851094484
  landing: 0.733022652566433
  view-data: 3.310197445563972
