times:
  edit-metadata: 1.5104048512876034
  landing: 0.8694571927189827
  view-data: 3.375861532986164
