times:
  edit-metadata: 1.3231616569682956
  landing: 0.166410518810153
  view-data: 0.29887715447694063
