times:
  edit-metadata: 0.5187093259883113
  landing: 0.04628265503561124
  view-data: 0.2167428690008819
