times:
  edit-metadata: 1.5607454162091017
  landing: 0.7139043118804693
  view-data: 3.365334490314126
