times:
  edit-metadata: 1.5274911280721426
  landing: 0.7859904561191797
  view-data: 3.3585601914674044
