times:
  edit-metadata: 0.5157743419986218
  landing: 0.06726937904022634
  view-data: 0.21857573883607984
