times:
  edit-metadata: 1.4998598881065845
  landing: 0.946539930999279
  view-data: 3.346181806176901
