times:
  edit-metadata: 1.427275661379099
  landing: 0.019743748009204865
  view-data: 0.36312682181596756
