times:
  edit-metadata: 1.5671634692698717
  landing: 0.8083173129707575
  view-data: 3.3799810875207186
