times:
  edit-metadata: 1.3944174069911242
  landing: 0.208261514082551
  view-data: 0.28738883323967457
