times:
  edit-metadata: 1.4072212800383568
  landing: 0.021917855367064476
  view-data: 0.025981595739722252
