times:
  edit-metadata: 0.5350318998098373
  landing: 0.04637409886345267
  view-data: 0.2056307327002287
