times:
  edit-metadata: 1.298458888195455
  landing: 0.022000160068273544
  view-data: 0.024642991833388805
