times:
  edit-metadata: 2.6912712920457125
  landing: 1.2582535985857248
  view-data: 3.711958797648549
