times:
  edit-metadata: 1.779476168565452
  landing: 1.0023255618289113
  view-data: 3.5008413325995207
