times:
  edit-metadata: 1.348118158057332
  landing: 0.02289972733706236
  view-data: 0.4028828516602516
