times:
  edit-metadata: 1.4892930779606104
  landing: 0.16467788815498352
  view-data: 0.28931652940809727
