times:
  edit-metadata: 1.5315563324838877
  landing: 0.3884326796978712
  view-data: 0.3628055974841118
