times:
  edit-metadata: 1.3453908525407314
  landing: 0.7325512990355492
  view-data: 3.3611995689570904
