times:
  edit-metadata: 0.5284866610309109
  landing: 0.06856897403486073
  view-data: 0.21694999805185944
