times:
  edit-metadata: 1.5425242278724909
  landing: 0.7242374960333109
  view-data: 3.3831374030560255
