times:
  edit-metadata: 1.5430820360779762
  landing: 0.790383979678154
  view-data: 3.377541370689869
