times:
  edit-metadata: 1.6318024564534426
  landing: 0.22176741249859333
  view-data: 0.026203583925962448
