times:
  edit-metadata: 0.5209880420006812
  landing: 0.05106133036315441
  view-data: 0.20323575334623456
