times:
  edit-metadata: 1.3175042336806655
  landing: 0.11361756268888712
  view-data: 0.1187995271757245
