times:
  edit-metadata: 1.468329668045044
  landing: 0.9281362183392048
  view-data: 3.307474587112665
