times:
  edit-metadata: 0.6822367841377854
  landing: 0.07062107464298606
  view-data: 0.30734567204490304
