times:
  edit-metadata: 1.4503459478728473
  landing: 0.7968862000852823
  view-data: 3.324160788906738
