times:
  edit-metadata: 1.4232792016118765
  landing: 0.21159141138195992
  view-data: 0.3055801037698984
