times:
  edit-metadata: 1.357118759304285
  landing: 0.1429074238985777
  view-data: 0.025831162929534912
