times:
  edit-metadata: 1.666738131083548
  landing: 0.9266294129192829
  view-data: 3.354741900227964
