times:
  edit-metadata: 0.5323030087165534
  landing: 0.06827805610373616
  view-data: 0.21059178793802857
