times:
  edit-metadata: 0.5092766460147686
  landing: 0.04796767694642767
  view-data: 0.2073471380281262
