times:
  edit-metadata: 1.4488598629832268
  landing: 7.295271083712578
  view-data: 3.3186015374958515
