times:
  edit-metadata: 1.5692425388842821
  landing: 0.2521451562643051
  view-data: 0.21336383745074272
