times:
  edit-metadata: 2.4903986677527428
  landing: 1.2882087342441082
  view-data: 0.8643295764923096
