times:
  edit-metadata: 1.5796328568831086
  landing: 0.7337545631453395
  view-data: 3.323851049877703
