times:
  edit-metadata: 1.4251426924020052
  landing: 0.02091789059340954
  view-data: 0.13233383372426033
