times:
  edit-metadata: 0.4972744309925474
  landing: 0.06235572003060952
  view-data: 0.20788080198690295
