times:
  edit-metadata: 1.731752228923142
  landing: 0.9743349240161479
  view-data: 3.427647919859737
