times:
  edit-metadata: 1.5406429916620255
  landing: 0.7756513487547636
  view-data: 3.435607800260186
