times:
  edit-metadata: 1.9552913922816515
  landing: 0.48191053979098797
  view-data: 0.5081832706928253
