times:
  edit-metadata: 1.3404724672436714
  landing: 0.022143272683024406
  view-data: 0.35778667964041233
