times:
  edit-metadata: 1.4106613928452134
  landing: 0.2228872748091817
  view-data: 0.44225466903299093
