times:
  edit-metadata: 1.4236183296889067
  landing: 0.12829898111522198
  view-data: 0.13704949617385864
