times:
  edit-metadata: 1.4731637919321656
  landing: 0.8977788863703609
  view-data: 3.356816050130874
