times:
  edit-metadata: 1.319998674094677
  landing: 0.02121616341173649
  view-data: 0.41689183469861746
