times:
  edit-metadata: 1.4077436737716198
  landing: 0.8196965083479881
  view-data: 3.312999039888382
