times:
  edit-metadata: 1.4960657991468906
  landing: 0.6874021887779236
  view-data: 3.3855994381010532
