times:
  edit-metadata: 1.5125749446451664
  landing: 0.7991741057485342
  view-data: 3.385063324123621
