times:
  edit-metadata: 1.6487697958946228
  landing: 0.20258623734116554
  view-data: 0.12720774672925472
