times:
  edit-metadata: 1.3172084912657738
  landing: 0.17416251730173826
  view-data: 0.32505000568926334
