times:
  edit-metadata: 1.468853622674942
  landing: 0.1887797750532627
  view-data: 0.025330839678645134
