times:
  edit-metadata: 1.4156899396330118
  landing: 0.02147729881107807
  view-data: 0.027664897963404655
