times:
  edit-metadata: 1.7955811321735382
  landing: 0.9991600010544062
  view-data: 3.3852739315479994
