times:
  edit-metadata: 1.7556823901832104
  landing: 0.02243501879274845
  view-data: 0.3244605716317892
