times:
  edit-metadata: 1.4821783411316574
  landing: 0.7873977031558752
  view-data: 3.3058432759717107
