times:
  edit-metadata: 0.6837681399192661
  landing: 0.04899401206057519
  view-data: 0.20879388402681798
