times:
  edit-metadata: 1.5192854441702366
  landing: 0.9428112208843231
  view-data: 0.6834607310593128
