times:
  edit-metadata: 0.5550112552009523
  landing: 0.04776734113693237
  view-data: 0.21366768586449325
