times:
  edit-metadata: 1.4335079044103622
  landing: 10.08801706135273
  view-data: 3.3352649211883545
