times:
  edit-metadata: 1.4125940650701523
  landing: 0.801806278526783
  view-data: 3.253512140363455
