times:
  edit-metadata: 0.5338942170492373
  landing: 0.050061661982908845
  view-data: 0.20699680497637019
