times:
  edit-metadata: 1.3675763001665473
  landing: 0.2143418900668621
  view-data: 0.23722847551107407
