times:
  edit-metadata: 0.5463782618753612
  landing: 0.06947272596880794
  view-data: 0.20988442096859217
