times:
  edit-metadata: 1.4661700380966067
  landing: 0.845937370788306
  view-data: 3.3854625751264393
