times:
  edit-metadata: 1.340597489848733
  landing: 0.22838708944618702
  view-data: 0.5080044958740473
