times:
  edit-metadata: 1.552462611347437
  landing: 0.9490136988461018
  view-data: 3.332128044217825
