times:
  edit-metadata: 1.557466996833682
  landing: 0.7999643599614501
  view-data: 3.448092407081276
