times:
  edit-metadata: 0.5304237939417362
  landing: 0.0522282428573817
  view-data: 0.2144815200008452
