times:
  edit-metadata: 1.440824169665575
  landing: 0.019541431218385696
  view-data: 0.34745789878070354
