times:
  edit-metadata: 1.2607121970504522
  landing: 0.021596507169306278
  view-data: 0.330179993994534
