times:
  edit-metadata: 1.5353522412478924
  landing: 0.7335909176617861
  view-data: 3.3203704617917538
