times:
  edit-metadata: 1.8983941581100225
  landing: 0.1604794468730688
  view-data: 0.05030417628586292
