times:
  edit-metadata: 1.7770166397094727
  landing: 0.9954105596989393
  view-data: 3.5065348129719496
