times:
  edit-metadata: 0.5312759299995378
  landing: 0.04975151701364666
  view-data: 0.21568818797823042
