times:
  edit-metadata: 1.5433910638093948
  landing: 0.7586863711476326
  view-data: 3.3906652480363846
