times:
  edit-metadata: 1.5675512850284576
  landing: 0.7267742268741131
  view-data: 3.337460896000266
