times:
  edit-metadata: 1.6251411233097315
  landing: 0.8121793372556567
  view-data: 3.335477669723332
