times:
  edit-metadata: 0.5350607922300696
  landing: 0.04781134985387325
  view-data: 0.225266020745039
