times:
  edit-metadata: 1.5458959192037582
  landing: 0.9509886540472507
  view-data: 3.4273882433772087
