times:
  edit-metadata: 1.4035688154399395
  landing: 0.14295504987239838
  view-data: 0.326098695397377
