times:
  edit-metadata: 1.649909796193242
  landing: 0.02084709331393242
  view-data: 0.3527999743819237
