times:
  edit-metadata: 3.492178372107446
  landing: 1.7806486878544092
  view-data: 3.8316770857200027
