times:
  edit-metadata: 1.5710412468761206
  landing: 0.7662691231817007
  view-data: 3.394957311451435
