times:
  edit-metadata: 2.110838856548071
  landing: 1.1707886755466461
  view-data: 3.5354583859443665
