times:
  edit-metadata: 1.5787660889327526
  landing: 0.28604654781520367
  view-data: 0.02927500009536743
