times:
  edit-metadata: 0.5419668440008536
  landing: 0.07171309000113979
  view-data: 0.2102514459984377
