times:
  edit-metadata: 0.5316200639999806
  landing: 0.15406219999931636
  view-data: 0.2250450589999673
