times:
  edit-metadata: 3.196202890947461
  landing: 1.2346655391156673
  view-data: 3.7693296186625957
