times:
  edit-metadata: 1.5934416633099318
  landing: 1.0546292625367641
  view-data: 3.4213086180388927
