times:
  edit-metadata: 2.01687597297132
  landing: 0.9869811329990625
  view-data: 3.3857886996120214
