times:
  edit-metadata: 1.5287500973790884
  landing: 0.7558797858655453
  view-data: 3.374002581462264
