times:
  edit-metadata: 0.52092463709414
  landing: 0.08794797700829804
  view-data: 0.20801486121490598
