times:
  edit-metadata: 1.5609646886587143
  landing: 0.9273002818226814
  view-data: 3.3809897266328335
