times:
  edit-metadata: 1.335679225041531
  landing: 0.9051162969553843
  view-data: 3.3320455229841173
