times:
  edit-metadata: 1.4601894039660692
  landing: 0.2656909376382828
  view-data: 0.20438808761537075
