times:
  edit-metadata: 1.5365308579057455
  landing: 0.9224930983036757
  view-data: 3.5343109723180532
