times:
  edit-metadata: 1.2313262289389968
  landing: 0.019960133358836174
  view-data: 0.02550964429974556
