times:
  edit-metadata: 2.499452594667673
  landing: 1.2221370413899422
  view-data: 3.444281332194805
