times:
  edit-metadata: 1.5672067180275917
  landing: 0.782797560095787
  view-data: 3.372249197214842
