times:
  edit-metadata: 1.541441448032856
  landing: 0.8607279062271118
  view-data: 3.3647544346749783
