times:
  edit-metadata: 1.5523438956588507
  landing: 0.820913003757596
  view-data: 3.397368710488081
