times:
  edit-metadata: 1.4584390688687563
  landing: 0.7916012359783053
  view-data: 3.5328456666320562
