times:
  edit-metadata: 1.513148544356227
  landing: 0.853950148448348
  view-data: 3.3881267234683037
