times:
  edit-metadata: 0.51796532003209
  landing: 0.0806601740187034
  view-data: 0.210186016978696
