times:
  edit-metadata: 2.013245018199086
  landing: 0.2912964578717947
  view-data: 0.40148063004016876
