times:
  edit-metadata: 1.5335656479001045
  landing: 0.7055534794926643
  view-data: 3.4150205198675394
