times:
  edit-metadata: 2.080322565510869
  landing: 0.920309005305171
  view-data: 3.3481744304299355
