times:
  edit-metadata: 1.8152468129992485
  landing: 0.874467896297574
  view-data: 3.314852561801672
