times:
  edit-metadata: 0.5091965729370713
  landing: 0.06608294881880283
  view-data: 0.2142964000813663
