times:
  edit-metadata: 1.3940337263047695
  landing: 0.10126074776053429
  view-data: 0.3307217191904783
