times:
  edit-metadata: 1.5789894070476294
  landing: 0.2780873253941536
  view-data: 0.2646203003823757
