times:
  edit-metadata: 2.233608369715512
  landing: 1.2067003692500293
  view-data: 3.396781852003187
