times:
  edit-metadata: 1.4523848295211792
  landing: 0.020653627812862396
  view-data: 0.14068804401904345
