times:
  edit-metadata: 1.392575329169631
  landing: 0.18751471117138863
  view-data: 0.3054189234972
