times:
  edit-metadata: 1.3669753400608897
  landing: 0.18005804158747196
  view-data: 0.1608729287981987
