times:
  edit-metadata: 1.2966338200494647
  landing: 0.1344202784821391
  view-data: 0.12930339854210615
