times:
  edit-metadata: 1.5164045169949532
  landing: 0.8935113102197647
  view-data: 3.3494184613227844
