times:
  edit-metadata: 1.4143815971910954
  landing: 0.023361407220363617
  view-data: 0.38282585330307484
