times:
  edit-metadata: 1.3701151702553034
  landing: 0.019834991544485092
  view-data: 0.28957098722457886
