times:
  edit-metadata: 2.2163080819882452
  landing: 1.0736635853536427
  view-data: 3.626208785921335
