times:
  edit-metadata: 0.5195398621726781
  landing: 0.04954659193754196
  view-data: 0.20801060809753835
