times:
  edit-metadata: 0.5956716006621718
  landing: 0.06201678980141878
  view-data: 0.22330157924443483
