times:
  edit-metadata: 2.1849554367363453
  landing: 1.1700856573879719
  view-data: 3.4216458797454834
