times:
  edit-metadata: 1.553600300103426
  landing: 0.7913642562925816
  view-data: 3.4352853931486607
