times:
  edit-metadata: 1.517447730526328
  landing: 0.7127000112086535
  view-data: 3.3874833807349205
