times:
  edit-metadata: 1.2179498746991158
  landing: 0.12467708811163902
  view-data: 0.12519442196935415
