times:
  edit-metadata: 0.5188061599619687
  landing: 0.047571762930601835
  view-data: 0.20358627615496516
