times:
  edit-metadata: 1.3471144437789917
  landing: 0.019562382251024246
  view-data: 0.0964237991720438
