times:
  edit-metadata: 0.6382584160019178
  landing: 0.17709050001576543
  view-data: 0.23214101200574078
