times:
  edit-metadata: 1.4445621939375997
  landing: 0.24098748061805964
  view-data: 0.11627894453704357
