times:
  edit-metadata: 1.5006080409511924
  landing: 0.7617602488026023
  view-data: 3.8017952535301447
