times:
  edit-metadata: 1.385886311531067
  landing: 0.9958609864115715
  view-data: 3.300513368099928
