times:
  edit-metadata: 1.3186301263049245
  landing: 0.17790990974754095
  view-data: 0.021812481805682182
