times:
  edit-metadata: 1.5218960382044315
  landing: 0.9001415893435478
  view-data: 3.307752449065447
