times:
  edit-metadata: 0.5181221910170279
  landing: 0.06364231099723838
  view-data: 0.2122376820188947
