times:
  edit-metadata: 1.7420619875192642
  landing: 1.192301832139492
  view-data: 3.332645643502474
