times:
  edit-metadata: 1.6262019760906696
  landing: 0.770779799669981
  view-data: 3.436074234545231
