times:
  edit-metadata: 1.4003437152132392
  landing: 0.8078641192987561
  view-data: 3.3475725864991546
