times:
  edit-metadata: 1.5625447425991297
  landing: 0.7322835996747017
  view-data: 3.417505394667387
