times:
  edit-metadata: 1.4826210238970816
  landing: 0.8248230488970876
  view-data: 3.3791187170427293
