times:
  edit-metadata: 1.28645009547472
  landing: 0.11862936615943909
  view-data: 0.1371058989316225
