times:
  edit-metadata: 1.3805709723383188
  landing: 0.19976416043937206
  view-data: 0.027979515492916107
