times:
  edit-metadata: 1.278018326498568
  landing: 0.13194306567311287
  view-data: 0.4292229590937495
