times:
  edit-metadata: 0.5134299891069531
  landing: 0.045031702145934105
  view-data: 0.2123010903596878
