times:
  edit-metadata: 1.3481323402374983
  landing: 0.13870621472597122
  view-data: 0.29129812121391296
