times:
  edit-metadata: 1.401601292192936
  landing: 0.01960822381079197
  view-data: 0.025808705016970634
