times:
  edit-metadata: 0.5201422292739153
  landing: 0.06689201295375824
  view-data: 0.3160954830236733
