times:
  edit-metadata: 1.4819589406251907
  landing: 0.8954917751252651
  view-data: 3.3128762617707253
