times:
  edit-metadata: 1.5208573378622532
  landing: 0.767767358571291
  view-data: 3.268989324569702
