times:
  edit-metadata: 0.5303243699017912
  landing: 0.04911295813508332
  view-data: 0.20781481079757214
