times:
  edit-metadata: 1.5138534419238567
  landing: 0.7559463120996952
  view-data: 3.3702049404382706
