times:
  edit-metadata: 1.6710064634680748
  landing: 0.8503870517015457
  view-data: 3.3121220357716084
