times:
  edit-metadata: 1.695260627195239
  landing: 0.9340455159544945
  view-data: 3.3265693429857492
