times:
  edit-metadata: 0.5307301399952848
  landing: 0.07115476600301918
  view-data: 0.22103572999913013
