times:
  edit-metadata: 1.4313290975987911
  landing: 0.8977930843830109
  view-data: 3.274282217025757
