times:
  edit-metadata: 1.4775055348873138
  landing: 0.7174671702086926
  view-data: 3.382809828966856
