times:
  edit-metadata: 1.4297245405614376
  landing: 0.9059761725366116
  view-data: 3.3112611956894398
