times:
  edit-metadata: 1.8635080680251122
  landing: 0.3123111315071583
  view-data: 0.14787831716239452
