times:
  edit-metadata: 1.4847412034869194
  landing: 0.8671011812984943
  view-data: 3.3768177703022957
