times:
  edit-metadata: 1.409421349875629
  landing: 0.021039094775915146
  view-data: 0.42635486274957657
