times:
  edit-metadata: 1.5406829547137022
  landing: 0.7467684410512447
  view-data: 3.4459441732615232
