times:
  edit-metadata: 1.4089411981403828
  landing: 0.7652302123606205
  view-data: 3.3456839360296726
