times:
  edit-metadata: 1.2949369167909026
  landing: 0.021678471006453037
  view-data: 0.11711256578564644
