times:
  edit-metadata: 0.5175245681311935
  landing: 0.044793840032070875
  view-data: 0.20687644788995385
