times:
  edit-metadata: 0.548999301972799
  landing: 0.0678009350085631
  view-data: 0.21907017403282225
