times:
  edit-metadata: 0.6177388560026884
  landing: 0.06930988328531384
  view-data: 0.24389622686430812
