times:
  edit-metadata: 1.4563610926270485
  landing: 0.7429878432303667
  view-data: 3.3362328242510557
