times:
  edit-metadata: 1.5715815778821707
  landing: 0.7688804548233747
  view-data: 3.4111040011048317
