times:
  edit-metadata: 2.2781920209527016
  landing: 1.2621251568198204
  view-data: 3.522176332771778
