times:
  edit-metadata: 1.5378588065505028
  landing: 0.8889398872852325
  view-data: 3.3326659239828587
