times:
  edit-metadata: 1.4976024813950062
  landing: 0.19295219518244267
  view-data: 0.026447435840964317
