times:
  edit-metadata: 1.6622568829916418
  landing: 0.8887094670208171
  view-data: 3.324706600047648
