times:
  edit-metadata: 1.917551001533866
  landing: 0.22944802604615688
  view-data: 0.22284212335944176
