times:
  edit-metadata: 1.5753611456602812
  landing: 0.1976714562624693
  view-data: 0.14999685063958168
