times:
  edit-metadata: 1.37415792606771
  landing: 0.6795191485434771
  view-data: 3.347865065559745
