times:
  edit-metadata: 1.4180754944682121
  landing: 0.020275672897696495
  view-data: 0.11949623003602028
