times:
  edit-metadata: 0.5382442149566486
  landing: 0.05488581699319184
  view-data: 0.21542828099336475
