times:
  edit-metadata: 1.5711902435868979
  landing: 0.18918219208717346
  view-data: 0.06378288939595222
