times:
  edit-metadata: 1.5838837400078773
  landing: 0.9560582004487514
  view-data: 3.45499474927783
