times:
  edit-metadata: 1.33187195379287
  landing: 0.021540295332670212
  view-data: 0.026843196712434292
