times:
  edit-metadata: 1.5561002679169178
  landing: 0.8462335541844368
  view-data: 3.4079737924039364
