times:
  edit-metadata: 0.5431744470261037
  landing: 0.053674343042075634
  view-data: 0.30533940391615033
