times:
  edit-metadata: 0.5281853841152042
  landing: 0.0803138050250709
  view-data: 0.21993989299517125
