times:
  edit-metadata: 1.5808265954256058
  landing: 0.7892729938030243
  view-data: 3.457525383681059
