times:
  edit-metadata: 1.5651670657098293
  landing: 0.9535105340182781
  view-data: 3.4313074834644794
