times:
  edit-metadata: 1.4165898375213146
  landing: 1.0394891165196896
  view-data: 3.3330473341047764
