times:
  edit-metadata: 1.5638016341254115
  landing: 0.8217396968975663
  view-data: 3.345034937374294
