times:
  edit-metadata: 1.4799952749162912
  landing: 0.8853895626962185
  view-data: 3.4115853644907475
