times:
  edit-metadata: 1.8749141655862331
  landing: 1.0807216167449951
  view-data: 3.4916911721229553
