times:
  edit-metadata: 1.724427375011146
  landing: 0.8775879321619868
  view-data: 3.4535368913784623
