times:
  edit-metadata: 1.419212881475687
  landing: 1.0441015288233757
  view-data: 3.3389900773763657
