times:
  edit-metadata: 0.5603143170010298
  landing: 0.05187383701559156
  view-data: 0.2185794539982453
