times:
  edit-metadata: 1.6188460439443588
  landing: 0.864526804536581
  view-data: 3.455872042104602
