times:
  edit-metadata: 1.2951767314225435
  landing: 0.12462768889963627
  view-data: 0.40465621277689934
