times:
  edit-metadata: 1.534174672793597
  landing: 0.8514183319639415
  view-data: 3.275907118106261
