times:
  edit-metadata: 1.542188461869955
  landing: 0.7329321205615997
  view-data: 3.3859515339136124
