times:
  edit-metadata: 0.534021497995127
  landing: 0.07341308501781896
  view-data: 0.22585710795829073
