times:
  edit-metadata: 1.5389344822615385
  landing: 0.6919354535639286
  view-data: 3.375720849260688
