times:
  edit-metadata: 1.5731695853173733
  landing: 0.9246203228831291
  view-data: 3.3980397321283817
