times:
  edit-metadata: 1.2890654997900128
  landing: 0.022387389093637466
  view-data: 0.12996148504316807
