times:
  edit-metadata: 0.4981628769892268
  landing: 0.046217999974032864
  view-data: 0.22022230399306864
