times:
  edit-metadata: 1.3951320019550622
  landing: 0.7338368822820485
  view-data: 3.3392929858528078
