times:
  edit-metadata: 1.7386989705264568
  landing: 1.0618146434426308
  view-data: 3.3761993683874607
