times:
  edit-metadata: 1.3223346145823598
  landing: 0.19870780315250158
  view-data: 0.026722864247858524
