times:
  edit-metadata: 1.6075522266328335
  landing: 0.930992784909904
  view-data: 3.3824360156431794
