times:
  edit-metadata: 1.704339288175106
  landing: 1.035920051857829
  view-data: 3.35138594545424
