times:
  edit-metadata: 1.5597326790448278
  landing: 0.8725503999739885
  view-data: 3.393262031953782
