times:
  edit-metadata: 1.6261181086301804
  landing: 0.7677897270768881
  view-data: 3.4112956766039133
