times:
  edit-metadata: 1.2378363655880094
  landing: 0.01991221494972706
  view-data: 0.10567833296954632
