times:
  edit-metadata: 1.2191186780110002
  landing: 0.022835293784737587
  view-data: 0.3991798758506775
