times:
  edit-metadata: 0.5661834860002273
  landing: 0.05760798700066516
  view-data: 0.2993160240002908
