times:
  edit-metadata: 1.504033992998302
  landing: 1.0830070050433278
  view-data: 3.3798588400240988
