times:
  edit-metadata: 0.5425847499864176
  landing: 0.060116315027698874
  view-data: 0.20990583102684468
