times:
  edit-metadata: 0.5286407850217074
  landing: 0.07603608397766948
  view-data: 0.22017638478428125
