times:
  edit-metadata: 1.269366062246263
  landing: 0.16908591613173485
  view-data: 0.1286163628101349
