times:
  edit-metadata: 1.5758363828063011
  landing: 0.881737869232893
  view-data: 3.427578419446945
