times:
  edit-metadata: 1.569088326767087
  landing: 0.7786261569708586
  view-data: 3.411732839420438
