times:
  edit-metadata: 1.4032215531915426
  landing: 0.18053432740271091
  view-data: 0.12416702508926392
