times:
  edit-metadata: 1.7599957599304616
  landing: 0.9714324451051652
  view-data: 3.320514973718673
