times:
  edit-metadata: 1.4318772293627262
  landing: 0.8936286643147469
  view-data: 3.404476646333933
