times:
  edit-metadata: 1.4009393900632858
  landing: 0.09926609881222248
  view-data: 0.024906061589717865
