times:
  edit-metadata: 1.4005639780079946
  landing: 0.7307407340267673
  view-data: 3.2653941140742972
