times:
  edit-metadata: 1.5519142881967127
  landing: 0.8525263760238886
  view-data: 3.3999069810379297
