times:
  edit-metadata: 0.6954437987878919
  landing: 0.07425812212750316
  view-data: 0.21356793213635683
