times:
  edit-metadata: 0.5379870319738984
  landing: 0.07210376800503582
  view-data: 0.22209074400598183
