times:
  edit-metadata: 1.235565522685647
  landing: 0.01963789202272892
  view-data: 0.0249922601506114
