times:
  edit-metadata: 1.3142919270321727
  landing: 0.021301603876054287
  view-data: 0.4171387664973736
