times:
  edit-metadata: 1.8674524500966072
  landing: 0.9367989972233772
  view-data: 3.433495119214058
