times:
  edit-metadata: 1.4602714516222477
  landing: 0.8481354266405106
  view-data: 3.3514575697481632
