times:
  edit-metadata: 1.420211374759674
  landing: 0.8272158354520798
  view-data: 3.3464113399386406
