times:
  edit-metadata: 1.416214145720005
  landing: 0.7527736872434616
  view-data: 3.4341704472899437
