times:
  edit-metadata: 1.4620891138911247
  landing: 0.7447464168071747
  view-data: 3.499065585434437
