times:
  edit-metadata: 1.3763169758021832
  landing: 0.7483635507524014
  view-data: 3.2947580330073833
