times:
  edit-metadata: 1.6900409124791622
  landing: 0.8082174025475979
  view-data: 3.3331835009157658
