times:
  edit-metadata: 1.5594076365232468
  landing: 0.8595982901751995
  view-data: 3.325766921043396
