times:
  edit-metadata: 1.4245765507221222
  landing: 0.6786343902349472
  view-data: 3.5034512877464294
