times:
  edit-metadata: 1.3716204427182674
  landing: 0.6964040696620941
  view-data: 3.357986092567444
