times:
  edit-metadata: 1.4433479085564613
  landing: 0.8295380957424641
  view-data: 3.28169646859169
