times:
  edit-metadata: 1.4145125299692154
  landing: 0.7644020020961761
  view-data: 3.3249105662107468
