times:
  edit-metadata: 1.5288741067051888
  landing: 0.7858245819807053
  view-data: 3.526161752641201
