times:
  edit-metadata: 1.5028619170188904
  landing: 0.7568480670452118
  view-data: 3.4934029430150986
