times:
  edit-metadata: 1.5557372011244297
  landing: 0.8376721553504467
  view-data: 3.3859310671687126
