times:
  edit-metadata: 1.5587815903127193
  landing: 0.7888427451252937
  view-data: 3.3355307281017303
