times:
  edit-metadata: 1.5018757432699203
  landing: 0.7883648350834846
  view-data: 3.3528550788760185
