times:
  edit-metadata: 1.457277998328209
  landing: 0.7256232760846615
  view-data: 3.5106320083141327
