times:
  edit-metadata: 1.3972213193774223
  landing: 0.7413329109549522
  view-data: 3.308626852929592
