times:
  edit-metadata: 1.3947287648916245
  landing: 0.7441811040043831
  view-data: 3.2922910153865814
