times:
  edit-metadata: 1.5745852068066597
  landing: 0.754800833761692
  view-data: 3.3358030766248703
