times:
  edit-metadata: 1.5030749589204788
  landing: 0.7794034592807293
  view-data: 3.384080719202757
