times:
  edit-metadata: 1.518875204026699
  landing: 0.8192657306790352
  view-data: 3.3716673105955124
