times:
  edit-metadata: 1.4256397634744644
  landing: 0.805565781891346
  view-data: 3.5667821541428566
