times:
  edit-metadata: 1.5035061314702034
  landing: 0.7169409245252609
  view-data: 3.4698257371783257
