times:
  edit-metadata: 1.3555665872991085
  landing: 0.799495343118906
  view-data: 3.32330584153533
