times:
  edit-metadata: 1.5216292589902878
  landing: 0.767040453851223
  view-data: 3.503223590552807
