times:
  edit-metadata: 1.4850574433803558
  landing: 0.6755547374486923
  view-data: 3.4214552119374275
