times:
  edit-metadata: 1.5368221327662468
  landing: 0.7617430984973907
  view-data: 3.4857724457979202
