times:
  edit-metadata: 1.3406499475240707
  landing: 0.9333821833133698
  view-data: 3.2775718830525875
