times:
  edit-metadata: 1.575590081512928
  landing: 1.0351457744836807
  view-data: 3.3561715371906757
