times:
  edit-metadata: 1.6224387511610985
  landing: 0.7947183549404144
  view-data: 3.2719666622579098
