times:
  edit-metadata: 1.35884290933609
  landing: 0.7336939200758934
  view-data: 3.455094300210476
