times:
  edit-metadata: 1.4059872478246689
  landing: 0.7955217696726322
  view-data: 3.3884495832026005
