times:
  edit-metadata: 1.4450536593794823
  landing: 0.9307360127568245
  view-data: 3.332200102508068
