times:
  edit-metadata: 1.3961107805371284
  landing: 0.7078298777341843
  view-data: 3.5168712064623833
