times:
  edit-metadata: 1.386137880384922
  landing: 0.6890816763043404
  view-data: 3.4986774921417236
