times:
  edit-metadata: 1.4079551100730896
  landing: 0.7072418481111526
  view-data: 3.2885962277650833
