times:
  edit-metadata: 1.4856502264738083
  landing: 0.719940796494484
  view-data: 3.4925036057829857
