times:
  edit-metadata: 1.6943361386656761
  landing: 0.8166496455669403
  view-data: 3.4021548852324486
