times:
  edit-metadata: 1.5399058386683464
  landing: 1.032355472445488
  view-data: 3.618249163031578
