times:
  edit-metadata: 1.3671687841415405
  landing: 0.7312907129526138
  view-data: 3.4950792863965034
