times:
  edit-metadata: 1.48496825248003
  landing: 0.7681526318192482
  view-data: 3.282572381198406
