times:
  edit-metadata: 1.4126810356974602
  landing: 0.7350258454680443
  view-data: 3.4121425822377205
