times:
  edit-metadata: 2.0650669038295746
  landing: 1.1331276670098305
  view-data: 3.446192905306816
