times:
  edit-metadata: 1.4807251989841461
  landing: 0.8372165709733963
  view-data: 3.4725828617811203
