times:
  edit-metadata: 1.4449728094041348
  landing: 0.7322702705860138
  view-data: 3.307003904134035
