times:
  edit-metadata: 1.8368987031280994
  landing: 0.9840951822698116
  view-data: 3.4273200407624245
