times:
  edit-metadata: 1.570420816540718
  landing: 0.7054753676056862
  view-data: 3.4055988118052483
