times:
  edit-metadata: 1.4031525403261185
  landing: 0.661965437233448
  view-data: 3.3386091366410255
