times:
  edit-metadata: 1.4306939989328384
  landing: 0.7061328440904617
  view-data: 3.4502480179071426
