times:
  edit-metadata: 1.5369772240519524
  landing: 0.7954653650522232
  view-data: 3.293080374598503
