times:
  edit-metadata: 2.7878775224089622
  landing: 1.1842425242066383
  view-data: 3.4561900198459625
