times:
  edit-metadata: 1.4549718424677849
  landing: 0.8931705951690674
  view-data: 3.530292198061943
