times:
  edit-metadata: 1.4227261766791344
  landing: 0.7148389667272568
  view-data: 3.524162083864212
