times:
  edit-metadata: 1.485009305179119
  landing: 0.7343973070383072
  view-data: 3.4690771400928497
