times:
  edit-metadata: 1.6348132006824017
  landing: 0.8442362770438194
  view-data: 3.3124677538871765
