times:
  edit-metadata: 1.4238408952951431
  landing: 0.6898577213287354
  view-data: 3.549800269305706
