times:
  edit-metadata: 1.4215105399489403
  landing: 0.7500405758619308
  view-data: 3.4894850850105286
