times:
  edit-metadata: 1.4097865521907806
  landing: 0.7342109084129333
  view-data: 3.4661332070827484
