times:
  edit-metadata: 1.4239306934177876
  landing: 0.7240121997892857
  view-data: 3.2514326982200146
