times:
  edit-metadata: 1.4419440999627113
  landing: 0.7290659323334694
  view-data: 3.341023772954941
