times:
  edit-metadata: 1.7048629000782967
  landing: 0.8772633671760559
  view-data: 3.298852276057005
