times:
  edit-metadata: 1.4356882609426975
  landing: 0.7142313197255135
  view-data: 3.31795047596097
