times:
  edit-metadata: 2.3600486889481544
  landing: 1.254434995353222
  view-data: 3.814391538500786
