times:
  edit-metadata: 1.5048601888120174
  landing: 0.7855931147933006
  view-data: 3.287416744977236
