times:
  edit-metadata: 1.5165567696094513
  landing: 0.8128935247659683
  view-data: 3.367562972009182
