times:
  edit-metadata: 1.4302433505654335
  landing: 0.8042346984148026
  view-data: 3.4684964418411255
