times:
  edit-metadata: 1.39351474493742
  landing: 0.7486153692007065
  view-data: 3.5071800351142883
