times:
  edit-metadata: 1.3250461667776108
  landing: 0.6712360456585884
  view-data: 3.5263838544487953
