times:
  edit-metadata: 1.6452867463231087
  landing: 0.9435031563043594
  view-data: 3.7240874394774437
