times:
  edit-metadata: 1.5511701852083206
  landing: 0.7643191665410995
  view-data: 3.3989927247166634
