times:
  edit-metadata: 2.5387034192681313
  landing: 1.547090470790863
  view-data: 3.685229428112507
