times:
  edit-metadata: 1.3245183825492859
  landing: 0.6565372571349144
  view-data: 3.442815788090229
