times:
  edit-metadata: 1.4860929399728775
  landing: 1.0019785016775131
  view-data: 3.551324002444744
