times:
  edit-metadata: 1.5151014477014542
  landing: 0.7312282249331474
  view-data: 3.4766486808657646
