times:
  edit-metadata: 1.6381583362817764
  landing: 0.9535344317555428
  view-data: 3.3940736018121243
