times:
  edit-metadata: 1.4504612386226654
  landing: 0.7957765758037567
  view-data: 3.5363195091485977
