times:
  edit-metadata: 1.3738287910819054
  landing: 0.729345440864563
  view-data: 3.4685958549380302
