times:
  edit-metadata: 1.5422469452023506
  landing: 0.7671951055526733
  view-data: 3.8887215480208397
