times:
  edit-metadata: 1.5877587273716927
  landing: 0.7848888970911503
  view-data: 3.346643727272749
