times:
  edit-metadata: 1.4802453145384789
  landing: 0.7449954450130463
  view-data: 3.468351349234581
