times:
  edit-metadata: 1.4484263323247433
  landing: 0.7985594943165779
  view-data: 3.3211227282881737
