times:
  edit-metadata: 1.4502835497260094
  landing: 0.7416304349899292
  view-data: 3.415713056921959
