times:
  edit-metadata: 1.446790486574173
  landing: 0.7311156168580055
  view-data: 3.4412046894431114
