times:
  edit-metadata: 1.595322735607624
  landing: 0.8104280158877373
  view-data: 3.311678174883127
