times:
  edit-metadata: 1.6592754609882832
  landing: 0.8385445140302181
  view-data: 3.3027658946812153
