times:
  edit-metadata: 1.487297173589468
  landing: 0.7861007712781429
  view-data: 3.2779235132038593
