times:
  edit-metadata: 1.5613310784101486
  landing: 0.8513938002288342
  view-data: 3.3981232941150665
