times:
  edit-metadata: 2.6993752270936966
  landing: 1.3097307831048965
  view-data: 3.5099544897675514
