times:
  edit-metadata: 1.0701697617769241
  landing: 0.830148845911026
  view-data: 3.466011568903923
