times:
  edit-metadata: 1.439938724040985
  landing: 0.6593946516513824
  view-data: 3.471165284514427
