times:
  edit-metadata: 1.4307748675346375
  landing: 0.711827777326107
  view-data: 3.3806925490498543
