times:
  edit-metadata: 1.5542017258703709
  landing: 0.8523904792964458
  view-data: 3.4042609557509422
