times:
  edit-metadata: 1.0406634286046028
  landing: 0.7333898767828941
  view-data: 3.4148171171545982
