times:
  edit-metadata: 1.4657830595970154
  landing: 0.8030263856053352
  view-data: 3.3042118549346924
