times:
  edit-metadata: 1.3931026086211205
  landing: 0.7132768929004669
  view-data: 3.3531312942504883
