times:
  edit-metadata: 2.2259094566106796
  landing: 1.162344329059124
  view-data: 3.8456876650452614
