times:
  edit-metadata: 1.3912474066019058
  landing: 0.7570986822247505
  view-data: 3.4310128688812256
