times:
  edit-metadata: 1.4524219147861004
  landing: 1.1258725225925446
  view-data: 3.391756109893322
