times:
  edit-metadata: 1.3775126188993454
  landing: 0.7005595192313194
  view-data: 3.328659348189831
