times:
  edit-metadata: 2.150029245764017
  landing: 1.2700554057955742
  view-data: 3.404897402971983
