times:
  edit-metadata: 1.5696324408054352
  landing: 0.8781757354736328
  view-data: 3.4072026684880257
