times:
  edit-metadata: 1.3738928586244583
  landing: 0.7431939095258713
  view-data: 3.4634454995393753
