times:
  edit-metadata: 1.495754413306713
  landing: 0.7464518398046494
  view-data: 3.449322447180748
