times:
  edit-metadata: 1.8109488636255264
  landing: 0.9366520717740059
  view-data: 3.4125767424702644
