times:
  edit-metadata: 1.3991580717265606
  landing: 0.7353340908885002
  view-data: 3.321173995733261
