times:
  edit-metadata: 1.4164761453866959
  landing: 0.8111556842923164
  view-data: 3.4745304360985756
