times:
  edit-metadata: 1.538205187767744
  landing: 0.7435520477592945
  view-data: 3.402080971747637
