times:
  edit-metadata: 1.4201742112636566
  landing: 0.7245387881994247
  view-data: 3.4808604195713997
