times:
  edit-metadata: 1.4534779451787472
  landing: 0.7396587803959846
  view-data: 3.3725951351225376
