times:
  edit-metadata: 1.4910835437476635
  landing: 1.331131637096405
  view-data: 3.3608742766082287
