times:
  edit-metadata: 1.4517025128006935
  landing: 0.7124787643551826
  view-data: 3.5237822234630585
