times:
  edit-metadata: 1.5578829385340214
  landing: 0.8944220319390297
  view-data: 3.2897679805755615
