times:
  edit-metadata: 1.5967878550291061
  landing: 0.9058202169835567
  view-data: 3.321446932852268
