times:
  edit-metadata: 1.517856977880001
  landing: 0.7015937566757202
  view-data: 3.51830767840147
