times:
  edit-metadata: 1.5702220052480698
  landing: 0.7737170830368996
  view-data: 0.674582663923502
