times:
  edit-metadata: 1.8620457649230957
  landing: 0.9319003149867058
  view-data: 3.3475658893585205
