times:
  edit-metadata: 1.4854252189397812
  landing: 0.7871520444750786
  view-data: 3.3196260556578636
