times:
  edit-metadata: 1.3824102729558945
  landing: 0.771569013595581
  view-data: 3.431477375328541
