times:
  edit-metadata: 1.572211541235447
  landing: 0.7614618353545666
  view-data: 3.3181625977158546
