times:
  edit-metadata: 1.5045508220791817
  landing: 0.7362061366438866
  view-data: 3.4296445474028587
