times:
  edit-metadata: 1.489599585533142
  landing: 0.8617438226938248
  view-data: 3.370748959481716
