times:
  edit-metadata: 1.8582896292209625
  landing: 1.0460105910897255
  view-data: 3.604250930249691
