times:
  edit-metadata: 1.457146193832159
  landing: 0.7471432238817215
  view-data: 3.301412258297205
