times:
  edit-metadata: 2.377160258591175
  landing: 0.841239620000124
  view-data: 3.5316756144165993
