times:
  edit-metadata: 1.3977566286921501
  landing: 0.7117842584848404
  view-data: 3.2921244353055954
