times:
  edit-metadata: 1.4627634286880493
  landing: 0.7969063073396683
  view-data: 3.3099539317190647
