times:
  edit-metadata: 1.4850461892783642
  landing: 0.8234553560614586
  view-data: 3.2658832035958767
