times:
  edit-metadata: 1.4994703382253647
  landing: 0.7389058545231819
  view-data: 3.5101232305169106
