times:
  edit-metadata: 1.4576421715319157
  landing: 0.7146422639489174
  view-data: 3.2949721924960613
