times:
  edit-metadata: 1.6044978648424149
  landing: 0.7752144560217857
  view-data: 3.3449160121381283
