times:
  edit-metadata: 1.4490955024957657
  landing: 0.8328516520559788
  view-data: 3.298528879880905
