times:
  edit-metadata: 1.4629634134471416
  landing: 0.8003140687942505
  view-data: 3.3292664997279644
