times:
  edit-metadata: 1.4788397699594498
  landing: 0.7431150302290916
  view-data: 3.5119791701436043
