times:
  edit-metadata: 1.3565374687314034
  landing: 0.7367215901613235
  view-data: 3.439860202372074
