times:
  edit-metadata: 1.3538531213998795
  landing: 0.7466517090797424
  view-data: 3.3511914759874344
