times:
  edit-metadata: 1.8630250170826912
  landing: 0.9640581421554089
  view-data: 3.3445256538689137
