times:
  edit-metadata: 1.4093772545456886
  landing: 0.7244911566376686
  view-data: 3.3712005876004696
