times:
  edit-metadata: 1.497952252626419
  landing: 0.6935753747820854
  view-data: 3.390386462211609
