times:
  edit-metadata: 1.3492248877882957
  landing: 0.6951165199279785
  view-data: 3.5207316279411316
