times:
  edit-metadata: 1.407505340874195
  landing: 0.7545271590352058
  view-data: 3.4431232661008835
