times:
  edit-metadata: 1.5574071928858757
  landing: 0.8615630082786083
  view-data: 3.2947346940636635
