times:
  edit-metadata: 1.5577903762459755
  landing: 0.7720812186598778
  view-data: 3.5254609882831573
