times:
  edit-metadata: 1.6346261948347092
  landing: 0.8108752742409706
  view-data: 3.4464584290981293
