times:
  edit-metadata: 1.5126783028244972
  landing: 0.7876259461045265
  view-data: 3.2947969660162926
