times:
  edit-metadata: 1.3948096595704556
  landing: 0.7631383463740349
  view-data: 3.365931771695614
