times:
  edit-metadata: 1.391705296933651
  landing: 0.7081616446375847
  view-data: 3.2847772985696793
