times:
  edit-metadata: 1.4871508553624153
  landing: 0.8213450983166695
  view-data: 3.3636705204844475
