times:
  edit-metadata: 1.4062820635735989
  landing: 0.718546986579895
  view-data: 3.365328438580036
