times:
  edit-metadata: 1.4764088094234467
  landing: 0.6835514977574348
  view-data: 3.5265542790293694
