times:
  edit-metadata: 1.5510745346546173
  landing: 0.9427169486880302
  view-data: 3.339774362742901
