times:
  edit-metadata: 1.599208727478981
  landing: 0.9389623180031776
  view-data: 3.3431215435266495
