times:
  edit-metadata: 1.35231963545084
  landing: 0.8478673622012138
  view-data: 3.479618176817894
