times:
  edit-metadata: 1.5181829854846
  landing: 0.6905646473169327
  view-data: 3.3128183111548424
