times:
  edit-metadata: 1.5075296089053154
  landing: 0.748662568628788
  view-data: 3.52241051197052
