times:
  edit-metadata: 1.3653233870863914
  landing: 0.7821551114320755
  view-data: 3.4702397659420967
