times:
  edit-metadata: 1.7815782018005848
  landing: 0.8517178855836391
  view-data: 3.328229870647192
