times:
  edit-metadata: 1.5583337470889091
  landing: 0.7139422446489334
  view-data: 3.3030384220182896
