times:
  edit-metadata: 1.5306735038757324
  landing: 0.7298877835273743
  view-data: 3.461678624153137
