times:
  edit-metadata: 1.383630845695734
  landing: 0.7508711889386177
  view-data: 3.256263367831707
