times:
  edit-metadata: 1.369098398834467
  landing: 0.7837283350527287
  view-data: 3.3769889064133167
