times:
  edit-metadata: 1.5284505933523178
  landing: 0.7352205365896225
  view-data: 3.4869250878691673
