times:
  edit-metadata: 1.584597922861576
  landing: 0.7779985144734383
  view-data: 3.548663519322872
