times:
  edit-metadata: 1.601508267223835
  landing: 0.8867742232978344
  view-data: 3.3148468174040318
