times:
  edit-metadata: 2.236921042203903
  landing: 1.0023796409368515
  view-data: 3.402052581310272
