times:
  edit-metadata: 1.4139980971813202
  landing: 0.8096342384815216
  view-data: 3.436573788523674
