times:
  edit-metadata: 1.5784567818045616
  landing: 0.7118631973862648
  view-data: 3.3922130689024925
