times:
  edit-metadata: 1.4112813621759415
  landing: 0.7352640777826309
  view-data: 3.346281550824642
