times:
  edit-metadata: 1.4341987743973732
  landing: 0.7488128915429115
  view-data: 3.479215554893017
