times:
  edit-metadata: 1.354444295167923
  landing: 0.8094412609934807
  view-data: 3.3185854479670525
