times:
  edit-metadata: 1.4836315289139748
  landing: 0.8770052008330822
  view-data: 3.3460241742432117
