times:
  edit-metadata: 1.514915518462658
  landing: 0.7625938877463341
  view-data: 3.3061981424689293
