times:
  edit-metadata: 1.397796355187893
  landing: 0.7837285920977592
  view-data: 3.488760583102703
