times:
  edit-metadata: 1.475108291953802
  landing: 0.7744747139513493
  view-data: 3.3040821217000484
