times:
  edit-metadata: 1.561190351843834
  landing: 0.7672477290034294
  view-data: 3.487613305449486
