times:
  edit-metadata: 1.4934056885540485
  landing: 0.8029326237738132
  view-data: 3.2860797233879566
