times:
  edit-metadata: 2.7756192907691
  landing: 1.5396618992090225
  view-data: 3.970936968922615
