times:
  edit-metadata: 1.3626717254519463
  landing: 0.7689627930521965
  view-data: 3.5290986225008965
