times:
  edit-metadata: 1.3941963948309422
  landing: 0.7930339425802231
  view-data: 3.346291597932577
