times:
  edit-metadata: 1.4236686527729034
  landing: 0.8119134083390236
  view-data: 3.7704157792031765
