times:
  edit-metadata: 1.5007734298706055
  landing: 0.782236821949482
  view-data: 3.5876284167170525
