times:
  edit-metadata: 1.4431437849998474
  landing: 0.8022109642624855
  view-data: 3.4771592766046524
