times:
  edit-metadata: 1.7973981499671936
  landing: 1.039272628724575
  view-data: 3.297612003982067
