times:
  edit-metadata: 1.6130371019244194
  landing: 0.8274097666144371
  view-data: 3.3051836416125298
