times:
  edit-metadata: 1.4221685156226158
  landing: 0.7801271453499794
  view-data: 3.5026999339461327
