times:
  edit-metadata: 1.4510452300310135
  landing: 0.8622308671474457
  view-data: 3.488326095044613
