times:
  edit-metadata: 1.536903589963913
  landing: 0.7451140657067299
  view-data: 3.5047279596328735
