times:
  edit-metadata: 1.532307542860508
  landing: 0.7582890838384628
  view-data: 3.4415312111377716
