times:
  edit-metadata: 1.4354117065668106
  landing: 0.8140010572969913
  view-data: 3.2686410434544086
