times:
  edit-metadata: 1.427692987024784
  landing: 0.8576803356409073
  view-data: 3.3252320252358913
