times:
  edit-metadata: 1.4818524941802025
  landing: 0.6680293679237366
  view-data: 3.4970669895410538
