times:
  edit-metadata: 1.4831427335739136
  landing: 0.7676146402955055
  view-data: 3.4867658093571663
