times:
  edit-metadata: 1.565418779850006
  landing: 0.7523214183747768
  view-data: 3.308185961097479
