times:
  edit-metadata: 1.6713921949267387
  landing: 0.7005493715405464
  view-data: 3.4844473004341125
