times:
  edit-metadata: 1.402144841849804
  landing: 0.7498294189572334
  view-data: 3.4202126637101173
