times:
  edit-metadata: 1.4093812257051468
  landing: 0.7564150020480156
  view-data: 3.26919012889266
