times:
  edit-metadata: 1.498425580561161
  landing: 0.9474865831434727
  view-data: 3.3009617179632187
