times:
  edit-metadata: 1.5655988901853561
  landing: 0.7976750656962395
  view-data: 3.34470097348094
