times:
  edit-metadata: 1.812557864934206
  landing: 0.7507614344358444
  view-data: 3.294166348874569
