times:
  edit-metadata: 1.4690179750323296
  landing: 0.7425711154937744
  view-data: 3.2766378223896027
