times:
  edit-metadata: 1.4921164140105247
  landing: 0.7675024121999741
  view-data: 3.322749450802803
