times:
  edit-metadata: 2.1547477170825005
  landing: 1.256985954940319
  view-data: 3.5420198515057564
