times:
  edit-metadata: 1.9956716448068619
  landing: 1.1179575771093369
  view-data: 3.868683710694313
