times:
  edit-metadata: 1.4701429978013039
  landing: 0.7528869807720184
  view-data: 3.426815502345562
