times:
  edit-metadata: 1.604992188513279
  landing: 0.8523155078291893
  view-data: 3.4199142307043076
