times:
  edit-metadata: 1.563970908522606
  landing: 0.8558341600000858
  view-data: 3.2770575173199177
