times:
  edit-metadata: 1.5219326987862587
  landing: 0.8414176888763905
  view-data: 3.2834526635706425
