times:
  edit-metadata: 1.4954506382346153
  landing: 0.8824915774166584
  view-data: 3.37915450707078
