times:
  edit-metadata: 1.4616588801145554
  landing: 0.7423212230205536
  view-data: 3.5420732721686363
