times:
  edit-metadata: 1.4460631310939789
  landing: 0.7290540263056755
  view-data: 3.5215544775128365
