times:
  edit-metadata: 1.4979797527194023
  landing: 0.7672309055924416
  view-data: 3.4084644466638565
