times:
  edit-metadata: 1.3461021408438683
  landing: 0.7497554644942284
  view-data: 3.3103840202093124
