times:
  edit-metadata: 1.4352236986160278
  landing: 0.7182963639497757
  view-data: 3.454894319176674
