times:
  edit-metadata: 1.5164985209703445
  landing: 0.7781161814928055
  view-data: 3.2581187039613724
