times:
  edit-metadata: 2.244314529001713
  landing: 1.1248091645538807
  view-data: 3.395940326154232
