times:
  edit-metadata: 1.3697714731097221
  landing: 0.7815771847963333
  view-data: 3.3782289549708366
