times:
  edit-metadata: 1.5313474535942078
  landing: 0.77561105042696
  view-data: 3.590981498360634
