times:
  edit-metadata: 1.413374837487936
  landing: 0.8138505034148693
  view-data: 3.362557251006365
