times:
  edit-metadata: 1.4782080575823784
  landing: 0.7954209968447685
  view-data: 3.49602685123682
