times:
  edit-metadata: 1.51559554412961
  landing: 0.7978842966258526
  view-data: 3.3576687052845955
