times:
  edit-metadata: 1.3736947625875473
  landing: 0.699686523526907
  view-data: 3.337640415877104
