times:
  edit-metadata: 1.4444616958498955
  landing: 0.735922247171402
  view-data: 3.3475691974163055
