times:
  edit-metadata: 1.5246675945818424
  landing: 0.8865003623068333
  view-data: 3.367020010948181
