times:
  edit-metadata: 1.3434725254774094
  landing: 0.7445741668343544
  view-data: 3.490891046822071
