times:
  edit-metadata: 1.5295737981796265
  landing: 0.8374525085091591
  view-data: 3.5006751865148544
