times:
  edit-metadata: 1.4350972846150398
  landing: 0.766409769654274
  view-data: 3.3033699803054333
