times:
  edit-metadata: 1.712818704545498
  landing: 1.031494576483965
  view-data: 3.319406520575285
