times:
  edit-metadata: 1.6045287437736988
  landing: 0.7606659159064293
  view-data: 3.2596218436956406
