times:
  edit-metadata: 1.4116652756929398
  landing: 0.9109064564108849
  view-data: 3.2825327441096306
