times:
  edit-metadata: 1.5327838137745857
  landing: 0.7802212536334991
  view-data: 3.5439553260803223
