times:
  edit-metadata: 1.3813738897442818
  landing: 0.7498520240187645
  view-data: 3.476579874753952
