times:
  edit-metadata: 1.4821630492806435
  landing: 0.6929682791233063
  view-data: 3.449801728129387
