times:
  edit-metadata: 1.4469328820705414
  landing: 0.6816798448562622
  view-data: 3.397841952741146
