times:
  edit-metadata: 1.4362899921834469
  landing: 0.7476873956620693
  view-data: 3.311950881034136
