times:
  edit-metadata: 1.4692553095519543
  landing: 0.7487667836248875
  view-data: 3.3131003566086292
