times:
  edit-metadata: 1.4813244938850403
  landing: 0.773894727230072
  view-data: 3.4343938380479813
