times:
  edit-metadata: 1.524540863931179
  landing: 0.9288580305874348
  view-data: 3.3896812684834003
