times:
  edit-metadata: 1.5431743189692497
  landing: 0.8054934740066528
  view-data: 3.2976374700665474
