times:
  edit-metadata: 1.4901828989386559
  landing: 0.7433090955018997
  view-data: 3.324276179075241
