times:
  edit-metadata: 1.8065922744572163
  landing: 1.0127147138118744
  view-data: 3.4071552120149136
