times:
  edit-metadata: 1.4276859238743782
  landing: 0.7671485021710396
  view-data: 3.2730190120637417
