times:
  edit-metadata: 1.5111249648034573
  landing: 0.8372602052986622
  view-data: 3.294895812869072
