times:
  edit-metadata: 1.576505295932293
  landing: 0.7960048243403435
  view-data: 3.3761278316378593
