times:
  edit-metadata: 1.541670449078083
  landing: 0.7582087591290474
  view-data: 3.3273854553699493
