times:
  edit-metadata: 1.5223896577954292
  landing: 0.9149345234036446
  view-data: 3.533434472978115
