times:
  edit-metadata: 1.467532455921173
  landing: 0.7616614475846291
  view-data: 3.305844210088253
