times:
  edit-metadata: 1.4221467301249504
  landing: 0.7586129531264305
  view-data: 3.471358262002468
