times:
  edit-metadata: 1.420007634907961
  landing: 0.8349331505596638
  view-data: 3.359136000275612
