times:
  edit-metadata: 1.511180467903614
  landing: 0.8433500528335571
  view-data: 3.383352980017662
