times:
  edit-metadata: 1.403499435633421
  landing: 0.848983459174633
  view-data: 3.4680653028190136
