times:
  edit-metadata: 1.6350003965198994
  landing: 0.7880197092890739
  view-data: 3.2774715684354305
