times:
  edit-metadata: 1.5066895000636578
  landing: 0.7838895618915558
  view-data: 3.33330075442791
