times:
  edit-metadata: 2.228032425045967
  landing: 1.2295253314077854
  view-data: 3.44261122867465
