times:
  edit-metadata: 1.5690839514136314
  landing: 0.8849840424954891
  view-data: 3.34652816131711
