times:
  edit-metadata: 1.4290855303406715
  landing: 0.7389714643359184
  view-data: 3.507986605167389
