times:
  edit-metadata: 1.4039711505174637
  landing: 0.7408480420708656
  view-data: 3.508855737745762
