times:
  edit-metadata: 1.4365287199616432
  landing: 0.7873013764619827
  view-data: 3.543734773993492
