times:
  edit-metadata: 1.5450927540659904
  landing: 0.7325440421700478
  view-data: 3.409258112311363
