times:
  edit-metadata: 1.6376430317759514
  landing: 0.9488557800650597
  view-data: 3.4247070252895355
