times:
  edit-metadata: 1.4137821942567825
  landing: 0.9080709293484688
  view-data: 3.513170950114727
