times:
  edit-metadata: 1.6277011781930923
  landing: 0.8543056920170784
  view-data: 3.3422467038035393
