times:
  edit-metadata: 1.513880543410778
  landing: 0.7492527887225151
  view-data: 3.435046061873436
