times:
  edit-metadata: 1.9235946014523506
  landing: 1.1446037217974663
  view-data: 3.554473713040352
