times:
  edit-metadata: 1.4302492439746857
  landing: 0.7814101055264473
  view-data: 3.5283034592866898
