times:
  edit-metadata: 1.452927142381668
  landing: 0.7408497706055641
  view-data: 3.4996281191706657
