times:
  edit-metadata: 1.3563623204827309
  landing: 0.7342458292841911
  view-data: 3.520347498357296
