times:
  edit-metadata: 1.6536361202597618
  landing: 0.8776994496583939
  view-data: 3.7177769020199776
