times:
  edit-metadata: 1.4426035657525063
  landing: 0.7324476316571236
  view-data: 3.5189226046204567
