times:
  edit-metadata: 1.448166348040104
  landing: 0.8204644098877907
  view-data: 3.4729290902614594
