times:
  edit-metadata: 1.3872026354074478
  landing: 0.8575772680342197
  view-data: 3.3802435398101807
