times:
  edit-metadata: 1.5587496161460876
  landing: 0.9123059138655663
  view-data: 3.36394052952528
