times:
  edit-metadata: 1.3696694672107697
  landing: 0.7217955440282822
  view-data: 3.2809470891952515
