times:
  edit-metadata: 1.3578269928693771
  landing: 0.7429297044873238
  view-data: 3.2905186265707016
