times:
  edit-metadata: 1.453225426375866
  landing: 0.8730960115790367
  view-data: 3.283331338316202
