times:
  edit-metadata: 1.4422027878463268
  landing: 0.8120623230934143
  view-data: 3.373935528099537
