times:
  edit-metadata: 1.4269604310393333
  landing: 0.7700308673083782
  view-data: 3.3809265680611134
