times:
  edit-metadata: 1.3906555771827698
  landing: 0.7092501595616341
  view-data: 3.5104309767484665
