times:
  edit-metadata: 1.5720998421311378
  landing: 0.922558605670929
  view-data: 3.391356438398361
