times:
  edit-metadata: 1.3851212114095688
  landing: 0.8000561147928238
  view-data: 3.4772343933582306
