times:
  edit-metadata: 1.6883035376667976
  landing: 0.9938307851552963
  view-data: 3.657400816679001
