times:
  edit-metadata: 1.5524159595370293
  landing: 0.8599874079227448
  view-data: 3.43446247279644
