times:
  edit-metadata: 1.46376571059227
  landing: 0.6820869520306587
  view-data: 3.3969192430377007
