times:
  edit-metadata: 1.6405645906925201
  landing: 0.7366516813635826
  view-data: 3.4078274480998516
