times:
  edit-metadata: 1.5207655802369118
  landing: 0.7065608948469162
  view-data: 3.4229994118213654
