times:
  edit-metadata: 1.394520178437233
  landing: 0.7434283718466759
  view-data: 3.5170434787869453
