times:
  edit-metadata: 1.5287742093205452
  landing: 0.7747165933251381
  view-data: 3.3680827617645264
