times:
  edit-metadata: 1.4655169248580933
  landing: 0.8184788674116135
  view-data: 3.53573427349329
