times:
  edit-metadata: 1.4627606719732285
  landing: 0.7925748489797115
  view-data: 3.3198893517255783
