times:
  edit-metadata: 1.5421429872512817
  landing: 0.925763837993145
  view-data: 3.619622588157654
