times:
  edit-metadata: 1.4340829066932201
  landing: 0.8479778096079826
  view-data: 3.3642334677278996
