times:
  edit-metadata: 1.3828425966203213
  landing: 0.6939856745302677
  view-data: 3.248334053903818
