times:
  edit-metadata: 1.5207088887691498
  landing: 0.7690241858363152
  view-data: 3.5341118946671486
