times:
  edit-metadata: 1.70568023994565
  landing: 0.9229487180709839
  view-data: 3.2854504697024822
