times:
  edit-metadata: 1.3988109529018402
  landing: 0.766501821577549
  view-data: 3.422239065170288
