times:
  edit-metadata: 1.39291113615036
  landing: 0.7252366170287132
  view-data: 3.4489133656024933
