times:
  edit-metadata: 1.4591762199997902
  landing: 0.8540474697947502
  view-data: 3.327547922730446
