times:
  edit-metadata: 1.511614564806223
  landing: 0.8359126672148705
  view-data: 3.3086028397083282
