times:
  edit-metadata: 1.4484826996922493
  landing: 0.6933387964963913
  view-data: 3.4976149052381516
