times:
  edit-metadata: 2.162835471332073
  landing: 1.283719077706337
  view-data: 3.564081609249115
