times:
  edit-metadata: 1.5205301754176617
  landing: 0.7653253152966499
  view-data: 3.311882581561804
