times:
  edit-metadata: 1.53362675011158
  landing: 0.7773230969905853
  view-data: 3.298062101006508
