times:
  landing: 1.633555456995964
  view-data: 0.5571734888944775
