times:
  landing: 2.2606704861391336
  view-data: 0.03228029189631343
