times:
  edit-metadata: 1.7536927657201886
  landing: 0.9298283532261848
  view-data: 3.4089040560647845
