times:
  edit-metadata: 1.6399586144834757
  landing: 0.7390678599476814
  view-data: 3.5759864170104265
