times:
  edit-metadata: 1.3185747936367989
  landing: 0.021750166080892086
  view-data: 0.02552081272006035
