times:
  edit-metadata: 1.3250262923538685
  landing: 0.2095839697867632
  view-data: 0.41416416596621275
