times:
  edit-metadata: 1.5159437289694324
  landing: 0.8118535440880805
  view-data: 3.3912181389750913
