times:
  landing: 1.0966140760000371
  view-data: 0.557503894999968
