times:
  landing: 0.5453089030000058
  view-data: 0.5510820869999975
