times:
  edit-metadata: 0.43642540788277984
  landing: 0.07376027200371027
  view-data: 0.19750278815627098
