times:
  edit-metadata: 1.5964372176676989
  landing: 0.12722499668598175
  view-data: 0.32303132861852646
