times:
  edit-metadata: 0.40870867494959384
  landing: 0.06993261101888493
  view-data: 0.19306931796018034
