times:
  edit-metadata: 1.4196234056726098
  landing: 0.8282262999564409
  view-data: 3.3899202030152082
