times:
  edit-metadata: 0.9713312279782258
  landing: 0.14384914300171658
  view-data: 0.2576469650375657
