times:
  edit-metadata: 1.6419878415763378
  landing: 0.9576425030827522
  view-data: 3.356681026518345
