times:
  landing: 0.5515991480000082
  view-data: 0.04708807800000159
