times:
  edit-metadata: 0.6211912670405582
  landing: 0.07254142290912569
  view-data: 0.19228403293527663
