times:
  landing: 0.5526842279999755
  view-data: 0.5514195099999597
