times:
  edit-metadata: 1.5211410410702229
  landing: 0.7823321046307683
  view-data: 3.3617184460163116
