times:
  edit-metadata: 1.4080753680318594
  landing: 0.15766113251447678
  view-data: 0.025640105828642845
