times:
  edit-metadata: 0.47112105693668127
  landing: 0.06714966427534819
  view-data: 0.32426260504871607
