times:
  edit-metadata: 0.5078321062028408
  landing: 0.06743381544947624
  view-data: 0.19021043181419373
