times:
  edit-metadata: 1.4311633640900254
  landing: 0.01897753681987524
  view-data: 0.12304733321070671
