times:
  edit-metadata: 1.5465883461292833
  landing: 0.7384633480105549
  view-data: 3.3460718009155244
