times:
  edit-metadata: 1.582107177004218
  landing: 0.7513603661209345
  view-data: 3.414885390549898
