times:
  edit-metadata: 1.5770573876798153
  landing: 0.8693231530487537
  view-data: 3.380204062908888
