times:
  edit-metadata: 1.385251784697175
  landing: 0.025143619626760483
  view-data: 0.3286766018718481
