times:
  landing: 1.071547446000011
  view-data: 0.56354002300003
