times:
  edit-metadata: 1.7080488121137023
  landing: 0.019491941668093204
  view-data: 0.11713634245097637
