times:
  edit-metadata: 0.6735359670128673
  landing: 0.09672849299386144
  view-data: 0.18151743803173304
