times:
  edit-metadata: 1.4196885265409946
  landing: 0.7553982026875019
  view-data: 3.382207930088043
