times:
  edit-metadata: 0.522044725716114
  landing: 0.06397856026887894
  view-data: 0.19579333811998367
