times:
  edit-metadata: 1.4213365744799376
  landing: 0.29213717579841614
  view-data: 0.16121409460902214
