times:
  edit-metadata: 1.3600459042936563
  landing: 0.21676321793347597
  view-data: 0.440722624771297
