times:
  edit-metadata: 1.4253366105258465
  landing: 0.8542350567877293
  view-data: 3.357493907213211
