times:
  edit-metadata: 0.4254338089376688
  landing: 0.04893904295749962
  view-data: 0.21623661101330072
