times:
  edit-metadata: 0.5715367589145899
  landing: 0.6978055499494076
  view-data: 0.1973941344767809
