times:
  edit-metadata: 1.8087768414989114
  landing: 0.16308302711695433
  view-data: 0.1946901697665453
