times:
  edit-metadata: 0.6535497778095305
  landing: 0.07032403815537691
  view-data: 0.19342956598848104
