times:
  edit-metadata: 3.3019438376650214
  landing: 0.8089370848610997
  view-data: 3.3994597448036075
