times:
  edit-metadata: 0.5951092061586678
  landing: 0.0692604212090373
  view-data: 0.18670564983040094
