times:
  edit-metadata: 0.43494846299290657
  landing: 0.06830206606537104
  view-data: 0.19924502214416862
