times:
  landing: 0.5678316909999808
  view-data: 0.5643430719999856
