times:
  landing: 0.5781148340000186
  view-data: 0.5613849690000166
