times:
  edit-metadata: 1.2778736175969243
  landing: 0.02042349334806204
  view-data: 0.02974799368530512
