times:
  edit-metadata: 0.585062816971913
  landing: 0.06858782190829515
  view-data: 0.19343248195946217
