times:
  edit-metadata: 0.9539881118107587
  landing: 0.10377266816794872
  view-data: 0.2586589159909636
