times:
  edit-metadata: 1.6563337799161673
  landing: 0.27199125848710537
  view-data: 0.1740116160362959
