times:
  landing: 0.5530099389999918
  view-data: 0.5532147409999766
