times:
  edit-metadata: 1.6020090419333428
  landing: 0.8531773609574884
  view-data: 3.3531863300595433
