times:
  edit-metadata: 1.6075421683490276
  landing: 1.0139361824840307
  view-data: 3.4759963443502784
