times:
  landing: 0.5782012219999615
  view-data: 0.565506164999988
