times:
  landing: 1.073332014000016
  view-data: 0.5574176499999908
