times:
  edit-metadata: 1.5016747117042542
  landing: 0.8970174416899681
  view-data: 3.372466493397951
