times:
  edit-metadata: 0.47376217879354954
  landing: 0.5978392399847507
  view-data: 0.6062674131244421
