times:
  landing: 1.0943860090000044
  view-data: 0.5598735180000176
