times:
  edit-metadata: 0.3970157440053299
  landing: 0.08771642798092216
  view-data: 0.20723752595949918
