times:
  edit-metadata: 1.3619437348097563
  landing: 0.16037868335843086
  view-data: 0.1448188340291381
