times:
  edit-metadata: 0.4894396848976612
  landing: 0.07446017861366272
  view-data: 0.19497862830758095
