times:
  edit-metadata: 2.041268479079008
  landing: 1.1882043341174722
  view-data: 3.4156848969869316
