times:
  edit-metadata: 1.3337140791118145
  landing: 0.020999165251851082
  view-data: 0.0267611900344491
