times:
  edit-metadata: 1.540865607559681
  landing: 0.7353962827473879
  view-data: 3.3472566306591034
