times:
  landing: 0.5886221500001056
  view-data: 0.5625641970000288
