times:
  edit-metadata: 1.4037522561848164
  landing: 0.25816741213202477
  view-data: 0.0251650121062994
