times:
  edit-metadata: 0.48516105441376567
  landing: 0.08366380212828517
  view-data: 0.21424074796959758
