times:
  edit-metadata: 0.4096844778396189
  landing: 0.04393780021928251
  view-data: 0.22043533995747566
