times:
  edit-metadata: 1.252921360079199
  landing: 0.6795891621150076
  view-data: 3.2362454389221966
