times:
  edit-metadata: 0.5103124156594276
  landing: 0.07239940389990807
  view-data: 0.20154821127653122
