times:
  edit-metadata: 1.540459731593728
  landing: 0.7213452998548746
  view-data: 3.401552088558674
