times:
  edit-metadata: 0.42470239382237196
  landing: 0.08107399847358465
  view-data: 0.19776267651468515
