times:
  edit-metadata: 0.5140078328549862
  landing: 0.06882118806242943
  view-data: 0.195183664560318
