times:
  edit-metadata: 0.6213708091527224
  landing: 0.6893679071217775
  view-data: 0.1776133682578802
