times:
  edit-metadata: 1.518556410446763
  landing: 0.7315179519355297
  view-data: 3.357669148594141
