times:
  landing: 1.6018810250000115
  view-data: 0.5603261429999975
