times:
  edit-metadata: 1.451198983937502
  landing: 0.6935183070600033
  view-data: 3.3849087841808796
