times:
  edit-metadata: 0.48602043802384287
  landing: 0.07476614706683904
  view-data: 0.1905518340645358
