times:
  edit-metadata: 0.6458566880319268
  landing: 0.06998817878775299
  view-data: 0.18873714306391776
