times:
  edit-metadata: 0.4380188640207052
  landing: 0.04368648899253458
  view-data: 0.20563647605013102
