times:
  edit-metadata: 1.2843617554754019
  landing: 0.01934374775737524
  view-data: 0.11677775718271732
