times:
  landing: 0.5749682999999663
  view-data: 0.5654874820000373
