times:
  edit-metadata: 1.411793064326048
  landing: 0.020496755838394165
  view-data: 0.3504689931869507
