times:
  landing: 0.557706263
  view-data: 0.05676096799999186
