times:
  edit-metadata: 1.2857392746955156
  landing: 0.15749070048332214
  view-data: 0.022275852039456367
