times:
  edit-metadata: 1.536654008552432
  landing: 0.8879643958061934
  view-data: 3.3767614271491766
