times:
  edit-metadata: 2.0268550300970674
  landing: 1.0706264437176287
  view-data: 0.45466104010120034
