times:
  landing: 1.0720957750000366
  view-data: 0.5547255149999728
