times:
  edit-metadata: 0.4330453588627279
  landing: 0.06789431534707546
  view-data: 0.19444454088807106
