times:
  edit-metadata: 1.34430430829525
  landing: 0.12370893731713295
  view-data: 0.3701752070337534
