times:
  edit-metadata: 1.547589742578566
  landing: 0.8234279453754425
  view-data: 3.3800773257389665
