times:
  edit-metadata: 1.4444802515208721
  landing: 0.823985168710351
  view-data: 3.3865309795364738
