times:
  edit-metadata: 0.5091353133320808
  landing: 0.0713597908616066
  view-data: 0.19503358379006386
