times:
  edit-metadata: 0.44657349959015846
  landing: 0.07175493147224188
  view-data: 0.19646929949522018
