times:
  edit-metadata: 0.4293255730008241
  landing: 0.0629077280027559
  view-data: 0.21300859899201896
