times:
  landing: 0.5445336189999921
  view-data: 0.5588003240000035
