times:
  edit-metadata: 1.3010479221120477
  landing: 0.021002838388085365
  view-data: 0.11948107182979584
