times:
  edit-metadata: 1.8596246801316738
  landing: 1.5145196244120598
  view-data: 3.4673855528235435
