times:
  edit-metadata: 0.4259863269980997
  landing: 0.06152909601223655
  view-data: 0.2074424909951631
