times:
  landing: 1.070308916999977
  view-data: 0.5526929609999911
