times:
  landing: 0.5505057219999969
  view-data: 0.55843170899999
