times:
  landing: 1.0718548090000013
  view-data: 0.552778289999992
