times:
  landing: 1.0603668139999627
  view-data: 0.5506252629999722
