times:
  edit-metadata: 1.4103212747722864
  landing: 0.2648938689380884
  view-data: 0.4701558295637369
