times:
  edit-metadata: 1.3621172308921814
  landing: 0.021685834974050522
  view-data: 0.4493969362229109
