times:
  edit-metadata: 1.5715760048478842
  landing: 0.7936194036155939
  view-data: 3.423185721039772
