times:
  landing: 1.0762113530000192
  view-data: 0.5526530299999877
