times:
  landing: 1.0688230290002139
  view-data: 0.5543825810000271
