times:
  landing: 0.551280480999992
  view-data: 0.5602360449999537
