times:
  edit-metadata: 1.4462847537361085
  landing: 0.8251209217123687
  view-data: 3.3746660351753235
