times:
  edit-metadata: 0.6271382020786405
  landing: 0.06467780703678727
  view-data: 0.19907475099898875
