times:
  edit-metadata: 1.43927538767457
  landing: 0.9253375232219696
  view-data: 3.3520974330604076
