times:
  edit-metadata: 1.5547316055744886
  landing: 0.17039350513368845
  view-data: 0.18582215998321772
