times:
  edit-metadata: 1.5017651375383139
  landing: 0.17770773731172085
  view-data: 0.053885454311966896
