times:
  edit-metadata: 0.6389405770460144
  landing: 0.07018413802143186
  view-data: 0.19702205603243783
