times:
  edit-metadata: 1.5197258405387402
  landing: 8.002999868243933
  view-data: 3.3094572573900223
