times:
  edit-metadata: 2.194891830906272
  landing: 1.1622493211179972
  view-data: 3.574094697833061
