times:
  landing: 0.5591025729999899
  view-data: 0.5469564389999846
