times:
  edit-metadata: 1.5451061613857746
  landing: 0.9390608668327332
  view-data: 3.44035255163908
