times:
  edit-metadata: 1.277141472324729
  landing: 0.020692176185548306
  view-data: 0.4465956026688218
