times:
  edit-metadata: 1.559242844581604
  landing: 0.823511503636837
  view-data: 3.5112519934773445
