times:
  edit-metadata: 1.2869560895487666
  landing: 0.12663708999752998
  view-data: 0.12661531288176775
