times:
  edit-metadata: 0.467829703935422
  landing: 0.11998859804589301
  view-data: 0.22234923497308046
