times:
  edit-metadata: 0.7339269879739732
  landing: 0.08107597520574927
  view-data: 0.31670196494087577
