times:
  edit-metadata: 0.6282377519528382
  landing: 0.07686067797476426
  view-data: 0.19924474699655548
