times:
  edit-metadata: 1.3093657400459051
  landing: 0.023476190865039825
  view-data: 0.02814680803567171
