times:
  edit-metadata: 1.3128421362489462
  landing: 0.04651186801493168
  view-data: 0.11797746922820807
