times:
  landing: 0.5439743130000352
  view-data: 0.5454382329999703
