times:
  edit-metadata: 1.6358014550060034
  landing: 0.4011308513581753
  view-data: 0.17353717796504498
