times:
  edit-metadata: 1.5733366534113884
  landing: 0.8870505020022392
  view-data: 3.363160662353039
