times:
  edit-metadata: 1.4766142684966326
  landing: 0.1620219126343727
  view-data: 0.44405783526599407
