times:
  edit-metadata: 0.4460888060275465
  landing: 0.04400440398603678
  view-data: 0.2120349770411849
