times:
  edit-metadata: 0.49808031879365444
  landing: 1.4838232658803463
  view-data: 0.5200875215232372
