times:
  edit-metadata: 1.5765427388250828
  landing: 0.7905352152884007
  view-data: 3.377874206751585
