times:
  edit-metadata: 0.45965185295790434
  landing: 0.07241605874150991
  view-data: 0.17955954186618328
