times:
  edit-metadata: 0.6289903142023832
  landing: 0.07630265597254038
  view-data: 0.19178915699012578
