times:
  edit-metadata: 0.4856319483369589
  landing: 1.0316205117851496
  view-data: 0.20124914683401585
