times:
  edit-metadata: 0.583230216987431
  landing: 0.06601557898102328
  view-data: 0.19524328201077878
