times:
  landing: 0.5609856380000053
  view-data: 0.5578224559999967
