times:
  edit-metadata: 1.4819535166025162
  landing: 0.20486187003552914
  view-data: 0.4887271821498871
