times:
  edit-metadata: 0.5306758917868137
  landing: 0.6439636498689651
  view-data: 0.3322679717093706
