times:
  edit-metadata: 1.6905986610800028
  landing: 0.8056722227483988
  view-data: 3.330033663660288
