times:
  edit-metadata: 0.5093953460454941
  landing: 0.06611281633377075
  view-data: 0.19459497183561325
