times:
  landing: 1.075513897999997
  view-data: 0.5538982410000131
