times:
  edit-metadata: 2.0411186404526234
  landing: 1.1379775870591402
  view-data: 3.5918568037450314
