times:
  edit-metadata: 0.6069379120017402
  landing: 0.065383245004341
  view-data: 0.19537063600728288
