times:
  landing: 0.566254927999978
  view-data: 0.5555334280000466
