times:
  edit-metadata: 1.5655037090182304
  landing: 0.9099174030125141
  view-data: 3.4371179677546024
