times:
  edit-metadata: 0.5883366642519832
  landing: 0.07620632508769631
  view-data: 0.19558375515043736
