times:
  edit-metadata: 2.7929172664880753
  landing: 1.1282219365239143
  view-data: 3.882247593253851
