times:
  edit-metadata: 1.5762242320924997
  landing: 0.7607474382966757
  view-data: 3.439106944948435
