times:
  landing: 0.5783677729999681
  view-data: 0.5572415059999685
