times:
  edit-metadata: 1.5925544872879982
  landing: 0.7769104242324829
  view-data: 3.464600332081318
