times:
  edit-metadata: 0.5698597063310444
  landing: 0.0580220902338624
  view-data: 0.2493301099166274
