times:
  edit-metadata: 0.4348560278303921
  landing: 0.06356761371716857
  view-data: 0.21012365631759167
