times:
  edit-metadata: 0.6098365939687937
  landing: 0.06945466785691679
  view-data: 0.18482866999693215
