times:
  edit-metadata: 1.5111824967898428
  landing: 0.7617750889621675
  view-data: 3.379919869825244
