times:
  edit-metadata: 1.5794515670277178
  landing: 0.8120594399515539
  view-data: 3.4072028920054436
