times:
  edit-metadata: 1.2774790255352855
  landing: 0.022573215886950493
  view-data: 0.1339993244037032
