times:
  edit-metadata: 1.5483848433941603
  landing: 0.7352028135210276
  view-data: 3.3876318018883467
