times:
  edit-metadata: 1.395124427974224
  landing: 1.1905806548893452
  view-data: 3.4094678424298763
