times:
  landing: 0.5799804819999963
  view-data: 0.5607350699999643
