times:
  edit-metadata: 0.5280535407364368
  landing: 0.06714590638875961
  view-data: 0.19662266597151756
