times:
  landing: 1.6538432035595179
  view-data: 1.0930078364908695
