times:
  edit-metadata: 1.3190191518515348
  landing: 0.021131400018930435
  view-data: 0.027672335505485535
