times:
  edit-metadata: 0.5728791318833828
  landing: 0.9174426719546318
  view-data: 0.2954078707844019
