times:
  edit-metadata: 0.6095567960292101
  landing: 0.7483914997428656
  view-data: 0.1941710077226162
