times:
  edit-metadata: 0.518685432994971
  landing: 0.0998505300085526
  view-data: 0.21203185501508415
