times:
  landing: 0.5514293499999781
  view-data: 0.5653548359999832
