times:
  edit-metadata: 1.31745626591146
  landing: 0.02086379937827587
  view-data: 0.11910765059292316
