times:
  edit-metadata: 1.2696296432986856
  landing: 0.11673332843929529
  view-data: 0.027794412337243557
