times:
  landing: 1.0732772490000002
  view-data: 0.5472413900000106
