times:
  edit-metadata: 1.2856103722006083
  landing: 0.01996705587953329
  view-data: 0.024539546109735966
