times:
  edit-metadata: 0.4132771631702781
  landing: 0.07009150506928563
  view-data: 0.34284626692533493
