times:
  edit-metadata: 0.5237403539940715
  landing: 0.048643279005773365
  view-data: 0.2010353950317949
