times:
  edit-metadata: 0.5147950910031796
  landing: 0.07013802975416183
  view-data: 0.1930243819952011
