times:
  edit-metadata: 1.5022881831973791
  landing: 0.16732346639037132
  view-data: 0.3408065028488636
