times:
  edit-metadata: 0.5328876990824938
  landing: 0.8561361599713564
  view-data: 0.3102214727550745
