times:
  edit-metadata: 0.6131987082771957
  landing: 0.12580984691157937
  view-data: 0.24151063337922096
