times:
  landing: 0.552673550999998
  view-data: 0.5633169139999836
