times:
  edit-metadata: 1.5323952212929726
  landing: 0.02137710526585579
  view-data: 0.31908755749464035
