times:
  edit-metadata: 1.4346180371940136
  landing: 0.14945985563099384
  view-data: 0.23202927596867085
