times:
  edit-metadata: 0.8112380000002304
  landing: 0.07935993300043265
  view-data: 0.2874168799999097
