times:
  edit-metadata: 1.5920123048126698
  landing: 1.0501229166984558
  view-data: 3.497654940932989
