times:
  edit-metadata: 1.7792136408388615
  landing: 1.0644040368497372
  view-data: 3.3230282552540302
