times:
  edit-metadata: 0.4864440318197012
  landing: 0.6844451874494553
  view-data: 0.2969690300524235
