times:
  edit-metadata: 0.430840106215328
  landing: 0.07030266569927335
  view-data: 0.19932034378871322
