times:
  edit-metadata: 1.3195586651563644
  landing: 0.021439017727971077
  view-data: 0.12382162734866142
