times:
  edit-metadata: 1.3863228876143694
  landing: 0.736348444595933
  view-data: 3.3303158655762672
