times:
  edit-metadata: 0.44752906123176217
  landing: 0.06530518922954798
  view-data: 0.19248683098703623
