times:
  edit-metadata: 0.47253858484327793
  landing: 0.6335752438753843
  view-data: 0.5845933444797993
