times:
  edit-metadata: 0.8140801172703505
  landing: 0.5579834841191769
  view-data: 0.19319112785160542
