times:
  edit-metadata: 0.5685963791329414
  landing: 0.12393102305941284
  view-data: 0.2010409738868475
