times:
  edit-metadata: 0.5806701730471104
  landing: 0.062003802973777056
  view-data: 0.1946333630476147
