times:
  landing: 1.0688124569999786
  view-data: 0.552619161999985
