times:
  edit-metadata: 0.42507607699371874
  landing: 0.05446274904534221
  view-data: 0.46132147894240916
