times:
  edit-metadata: 0.573435097001493
  landing: 0.0703400201164186
  view-data: 0.18514908314682543
