times:
  edit-metadata: 0.6021637509111315
  landing: 0.06389895989559591
  view-data: 0.1857350419741124
