times:
  edit-metadata: 0.599577453918755
  landing: 0.07052557030692697
  view-data: 0.19431370589882135
