times:
  edit-metadata: 1.9514507483690977
  landing: 0.02171553298830986
  view-data: 0.3593062963336706
