times:
  edit-metadata: 1.551983792334795
  landing: 0.7720893304795027
  view-data: 3.4110272135585546
