times:
  edit-metadata: 0.6572076175361872
  landing: 1.9660332072526217
  view-data: 0.41095578856766224
