times:
  landing: 0.5596360210000171
  view-data: 0.5660220230000164
