times:
  edit-metadata: 1.5675493143498898
  landing: 0.7983292527496815
  view-data: 3.39230714738369
