times:
  landing: 0.6062780629999907
  view-data: 0.5528356260001601
