times:
  edit-metadata: 0.5224791700020432
  landing: 0.04587291297502816
  view-data: 0.19146044203080237
