times:
  edit-metadata: 1.2902360809966922
  landing: 0.01980539970099926
  view-data: 0.12960432283580303
