times:
  landing: 0.5549668590000465
  view-data: 0.5617174399999953
