times:
  landing: 1.5870938430000479
  view-data: 0.5557145170000126
