times:
  edit-metadata: 1.6137090791016817
  landing: 0.8789411475881934
  view-data: 3.349883566610515
