times:
  edit-metadata: 0.4329176770115737
  landing: 0.04798869899241254
  view-data: 0.33634311199421063
