times:
  edit-metadata: 0.5010931827127934
  landing: 0.07641122862696648
  view-data: 0.18806911259889603
