times:
  edit-metadata: 0.830388926435262
  landing: 0.048542173113673925
  view-data: 0.3269612151198089
