times:
  edit-metadata: 1.319421123014763
  landing: 0.018334212014451623
  view-data: 0.022164530004374683
