times:
  edit-metadata: 0.5024957731366158
  landing: 0.0817691870033741
  view-data: 0.19593749195337296
