times:
  edit-metadata: 0.5881029348820448
  landing: 0.5191712360829115
  view-data: 0.18315922282636166
