times:
  edit-metadata: 1.5835667997598648
  landing: 0.725734069943428
  view-data: 3.3477075397968292
