times:
  edit-metadata: 0.5175043493509293
  landing: 0.6003635972738266
  view-data: 0.5853676199913025
