times:
  edit-metadata: 1.2746508680284023
  landing: 0.021153799258172512
  view-data: 0.19586494378745556
