times:
  edit-metadata: 0.43526012683287263
  landing: 0.06829908909276128
  view-data: 0.19484472833573818
