times:
  edit-metadata: 0.6484403610229492
  landing: 0.07460691686719656
  view-data: 0.1942086098715663
