times:
  landing: 1.062767344000008
  view-data: 0.5488528210000254
