times:
  edit-metadata: 0.505543977022171
  landing: 0.06432946771383286
  view-data: 0.19469334930181503
