times:
  edit-metadata: 1.5169407241046429
  landing: 0.3173646368086338
  view-data: 0.43082043156027794
