times:
  edit-metadata: 1.4168357392773032
  landing: 0.1836712844669819
  view-data: 0.40854839980602264
