times:
  landing: 0.5717361370000162
  view-data: 0.5832491259999983
