times:
  landing: 1.078607455999986
  view-data: 0.5570416269999896
