times:
  edit-metadata: 0.423958531813696
  landing: 0.06138856685720384
  view-data: 0.19951233780011535
