times:
  edit-metadata: 1.3914119862020016
  landing: 0.14035111665725708
  view-data: 0.02493630163371563
