times:
  edit-metadata: 0.5890928840090055
  landing: 0.06223235400102567
  view-data: 0.18602728100086097
