times:
  edit-metadata: 1.5761253647506237
  landing: 0.829311003908515
  view-data: 3.323552183806896
