times:
  edit-metadata: 0.4227202769834548
  landing: 0.04522176197497174
  view-data: 0.20708778500556946
