times:
  edit-metadata: 1.49894649698399
  landing: 0.7104156471323222
  view-data: 3.337176064029336
