times:
  edit-metadata: 0.4151326189748943
  landing: 0.04670143197290599
  view-data: 0.2165831201709807
