times:
  edit-metadata: 0.43650522199459374
  landing: 0.06096553592942655
  view-data: 0.20119505701586604
