times:
  edit-metadata: 0.5119664072990417
  landing: 0.925730399787426
  view-data: 0.33180116303265095
