times:
  edit-metadata: 0.4098410769365728
  landing: 0.06406404916197062
  view-data: 0.21188275492750108
