times:
  landing: 0.5545916299999476
  view-data: 0.5552219770000306
