times:
  edit-metadata: 1.5783061273396015
  landing: 0.7989689856767654
  view-data: 3.4242850616574287
