times:
  edit-metadata: 1.5159340845420957
  landing: 0.8381541697308421
  view-data: 3.319871513172984
