times:
  landing: 0.6123236119999547
  view-data: 0.5471364229999836
