times:
  edit-metadata: 0.5214636930031702
  landing: 0.04693790999590419
  view-data: 0.2147020089905709
