times:
  edit-metadata: 1.4683954139472917
  landing: 0.7580317750107497
  view-data: 3.326376455021091
