times:
  edit-metadata: 0.5105128139257431
  landing: 0.046393096912652254
  view-data: 0.22690785070881248
