times:
  edit-metadata: 0.5616469960659742
  landing: 0.5511140786111355
  view-data: 0.24875903129577637
