times:
  edit-metadata: 0.48116127704270184
  landing: 0.08691331115551293
  view-data: 0.22162533714435995
