times:
  edit-metadata: 1.2746355801355094
  landing: 0.7222802659962326
  view-data: 3.237622393993661
