times:
  edit-metadata: 0.6032778039807454
  landing: 0.06646803102921695
  view-data: 0.1973240920342505
