times:
  edit-metadata: 1.3845186047255993
  landing: 0.6604692339897156
  view-data: 3.2896635588258505
