times:
  edit-metadata: 0.43615353596396744
  landing: 0.06749322707764804
  view-data: 0.21030449401587248
