times:
  edit-metadata: 1.703591126948595
  landing: 0.8556201048195362
  view-data: 3.374037556350231
