times:
  edit-metadata: 0.6065118797123432
  landing: 0.7018803637474775
  view-data: 0.3140080105513334
