times:
  edit-metadata: 0.4584188750013709
  landing: 0.06681633181869984
  view-data: 0.32404453633353114
