times:
  edit-metadata: 0.4878388252109289
  landing: 1.1134262848645449
  view-data: 0.5972052905708551
