times:
  edit-metadata: 1.3900883793830872
  landing: 0.14190630055963993
  view-data: 0.130552027374506
