times:
  landing: 1.0659122189999835
  view-data: 0.5462504889999877
