times:
  edit-metadata: 0.6424631149275228
  landing: 0.06784567493014038
  view-data: 0.2007548859110102
