times:
  landing: 1.0770771489999902
  view-data: 0.5538062159999981
