times:
  landing: 0.5689560160000156
  view-data: 0.5662218960000018
