times:
  edit-metadata: 0.5978312906809151
  landing: 0.07593421312049031
  view-data: 0.1992267039604485
