times:
  edit-metadata: 0.527964387089014
  landing: 1.1114460732787848
  view-data: 0.2965448871254921
