times:
  edit-metadata: 2.092333466745913
  landing: 1.027705006301403
  view-data: 3.4489628383889794
