times:
  edit-metadata: 0.4383666291832924
  landing: 0.07120905071496964
  view-data: 0.19205415016040206
