times:
  edit-metadata: 1.3512445781379938
  landing: 0.86684150993824
  view-data: 3.2524278089404106
