times:
  landing: 1.6183000439998523
  view-data: 0.5640200380000806
