times:
  edit-metadata: 1.7300830632448196
  landing: 0.967191219329834
  view-data: 3.3676825426518917
