times:
  edit-metadata: 0.6315476098097861
  landing: 0.07244579796679318
  view-data: 0.2006375400815159
