times:
  edit-metadata: 1.375709873624146
  landing: 0.01877146027982235
  view-data: 0.12540385127067566
