times:
  edit-metadata: 1.66717429459095
  landing: 1.0393116474151611
  view-data: 3.499497689306736
