times:
  edit-metadata: 1.334289288148284
  landing: 0.11652369424700737
  view-data: 0.026725435629487038
