times:
  edit-metadata: 0.4334169700741768
  landing: 0.07253718189895153
  view-data: 0.2047476409934461
