times:
  landing: 0.5546122079999805
  view-data: 0.5574067250000212
