times:
  edit-metadata: 1.5024256138131022
  landing: 0.7894864520058036
  view-data: 3.336507390253246
