times:
  edit-metadata: 1.3614442236721516
  landing: 0.02036779746413231
  view-data: 0.31497932970523834
