times:
  edit-metadata: 0.5635613463819027
  landing: 0.5476416926831007
  view-data: 0.31359451450407505
