times:
  edit-metadata: 1.538781674578786
  landing: 0.6974444314837456
  view-data: 3.431729666888714
