times:
  edit-metadata: 1.342144438996911
  landing: 0.23816711828112602
  view-data: 0.3228635750710964
