times:
  edit-metadata: 1.438605934381485
  landing: 0.6788110695779324
  view-data: 3.2921593692153692
