times:
  landing: 0.5676343779999797
  view-data: 0.572723243999917
