times:
  edit-metadata: 0.4135805699042976
  landing: 0.05209599295631051
  view-data: 0.200740871950984
