times:
  edit-metadata: 1.3549494976177812
  landing: 0.22234642505645752
  view-data: 0.022499564103782177
