times:
  edit-metadata: 1.4642107896506786
  landing: 0.9234201610088348
  view-data: 3.4552115090191364
