times:
  edit-metadata: 0.4463150007650256
  landing: 0.07453152909874916
  view-data: 0.21305700670927763
