times:
  edit-metadata: 0.4379077940247953
  landing: 0.06545648910105228
  view-data: 0.19646184612065554
