times:
  edit-metadata: 1.5569951422512531
  landing: 1.0984949991106987
  view-data: 3.3736815340816975
