times:
  edit-metadata: 0.4236093070358038
  landing: 0.062386793084442616
  view-data: 0.19923719996586442
