times:
  edit-metadata: 1.5534576959908009
  landing: 0.9088569842278957
  view-data: 3.445656307041645
