times:
  edit-metadata: 0.5988453109748662
  landing: 0.19847476622089744
  view-data: 0.30632972391322255
