times:
  edit-metadata: 2.151575740426779
  landing: 1.4637600891292095
  view-data: 4.022024026140571
