times:
  edit-metadata: 0.5359870903193951
  landing: 0.07470674067735672
  view-data: 0.18725093081593513
