times:
  landing: 1.0606026309999947
  view-data: 0.5452432220000105
