times:
  edit-metadata: 1.3021235140040517
  landing: 0.023059077560901642
  view-data: 0.024058401584625244
