times:
  edit-metadata: 0.44113479601219296
  landing: 0.07927575893700123
  view-data: 0.19086821470409632
