times:
  edit-metadata: 1.7191497460007668
  landing: 0.2009237501770258
  view-data: 0.21457917802035809
