times:
  landing: 0.5690040210000689
  view-data: 0.5517894240000487
