times:
  edit-metadata: 0.5363920498639345
  landing: 0.08902298286557198
  view-data: 0.1977612841874361
