times:
  edit-metadata: 0.6322553180070827
  landing: 0.07155221799621359
  view-data: 0.18804890099272598
