times:
  edit-metadata: 0.4884783420711756
  landing: 0.0684304665774107
  view-data: 0.21032532397657633
