times:
  edit-metadata: 1.459209155291319
  landing: 0.9050411581993103
  view-data: 3.4283665120601654
