times:
  edit-metadata: 1.3223599633201957
  landing: 0.02315298467874527
  view-data: 0.11790974903851748
