times:
  edit-metadata: 1.4687190856784582
  landing: 0.8772788494825363
  view-data: 3.3046754393726587
