times:
  edit-metadata: 0.6775435721501708
  landing: 0.06563778407871723
  view-data: 0.28308621887117624
