times:
  edit-metadata: 1.69039086997509
  landing: 1.0693115629255772
  view-data: 3.3811884708702564
