times:
  edit-metadata: 1.551376586779952
  landing: 0.9093840476125479
  view-data: 3.4127291180193424
