times:
  edit-metadata: 0.4578373609110713
  landing: 0.07703650463372469
  view-data: 0.20400647725909948
