times:
  edit-metadata: 1.5524803586304188
  landing: 0.7078098654747009
  view-data: 3.3351112604141235
