times:
  edit-metadata: 0.44681698828935623
  landing: 0.0691192289814353
  view-data: 0.20517528476193547
