times:
  edit-metadata: 1.3558724308386445
  landing: 0.21904558967798948
  view-data: 0.44609722681343555
