times:
  edit-metadata: 0.5134733580052853
  landing: 0.07457885146141052
  view-data: 0.19206831231713295
