times:
  edit-metadata: 0.49978185072541237
  landing: 0.07165351510047913
  view-data: 0.19641398265957832
