times:
  edit-metadata: 1.282367143779993
  landing: 0.021329712122678757
  view-data: 0.11888679303228855
