times:
  edit-metadata: 2.2701039174571633
  landing: 1.327917980030179
  view-data: 3.3834275202825665
