times:
  edit-metadata: 1.351695068180561
  landing: 0.02115049585700035
  view-data: 0.16720641776919365
