times:
  edit-metadata: 1.3844254747964442
  landing: 0.1403342371340841
  view-data: 0.22923135291785002
