times:
  edit-metadata: 1.6470777409849688
  landing: 0.8047187339980155
  view-data: 3.4543591160327196
