times:
  edit-metadata: 1.7498048320412636
  landing: 0.04385656397789717
  view-data: 0.03238227777183056
