times:
  edit-metadata: 1.5635284329764545
  landing: 0.7968782810494304
  view-data: 3.3384426690172404
