times:
  edit-metadata: 0.6316999346017838
  landing: 0.522858627140522
  view-data: 0.3019246067851782
