times:
  edit-metadata: 1.8476980309933424
  landing: 0.26932549849152565
  view-data: 0.3935632109642029
