times:
  edit-metadata: 0.594773727003485
  landing: 0.0634988509118557
  view-data: 0.30386033933609724
