times:
  edit-metadata: 0.4304296597838402
  landing: 0.0746881552040577
  view-data: 0.2165012378245592
