times:
  edit-metadata: 1.5530314017087221
  landing: 0.7922920640558004
  view-data: 3.455506319180131
