times:
  edit-metadata: 1.3170323139056563
  landing: 0.02183626312762499
  view-data: 0.025222855620086193
