times:
  edit-metadata: 2.052193069830537
  landing: 0.262129008769989
  view-data: 0.424700777977705
