times:
  landing: 0.5740418960000397
  view-data: 0.553377128999955
