times:
  edit-metadata: 3.0584236532449722
  landing: 0.47339639347046614
  view-data: 0.7925253519788384
