times:
  edit-metadata: 1.447988335043192
  landing: 0.2270794901996851
  view-data: 0.31730357371270657
