times:
  edit-metadata: 1.5409168787300587
  landing: 1.0263136327266693
  view-data: 0.6112745702266693
