times:
  edit-metadata: 1.2856829157099128
  landing: 0.024447288364171982
  view-data: 0.44706683699041605
