times:
  edit-metadata: 0.6359693221747875
  landing: 0.0666458010673523
  view-data: 0.20171873806975782
