times:
  edit-metadata: 0.42600690689869225
  landing: 0.0404262850061059
  view-data: 0.2052428110036999
