times:
  landing: 0.5567871389999937
  view-data: 0.5526199859999679
