times:
  edit-metadata: 1.3667280431836843
  landing: 0.22213313449174166
  view-data: 0.31421346962451935
