times:
  edit-metadata: 0.7662802888080478
  landing: 0.1996242506429553
  view-data: 0.2736484259366989
