times:
  edit-metadata: 1.3681657146662474
  landing: 0.17553354054689407
  view-data: 0.022917117923498154
