times:
  landing: 0.546461445999995
  view-data: 0.5560244989999887
