times:
  edit-metadata: 1.8293262962251902
  landing: 0.2246288452297449
  view-data: 0.39576489478349686
