times:
  edit-metadata: 0.5067396685481071
  landing: 1.7654986958950758
  view-data: 0.29288074001669884
