times:
  edit-metadata: 0.5490752849727869
  landing: 0.5412469636648893
  view-data: 0.1843201220035553
