times:
  edit-metadata: 0.5270057110028574
  landing: 0.12096080799528863
  view-data: 0.21001022300333716
