times:
  edit-metadata: 1.5034050000831485
  landing: 0.7436175728216767
  view-data: 3.367736808024347
