times:
  edit-metadata: 0.40937850100453943
  landing: 0.07986641803290695
  view-data: 0.452617687988095
