times:
  edit-metadata: 1.391505841165781
  landing: 0.7652666047215462
  view-data: 3.2868656292557716
