times:
  edit-metadata: 1.3580066841095686
  landing: 0.020225269719958305
  view-data: 0.1260648239403963
