times:
  edit-metadata: 1.4350619353353977
  landing: 0.7213587164878845
  view-data: 3.263441812247038
