times:
  landing: 1.0735021609999649
  view-data: 0.5559130060000257
