times:
  edit-metadata: 1.27567857503891
  landing: 0.021247098222374916
  view-data: 0.22792519070208073
