times:
  edit-metadata: 1.3095830688253045
  landing: 0.020158546045422554
  view-data: 0.025311757810413837
