times:
  edit-metadata: 1.5446314625442028
  landing: 0.7045954093337059
  view-data: 3.4985067434608936
