times:
  edit-metadata: 0.523950532078743
  landing: 0.07285706326365471
  view-data: 0.20470253005623817
