times:
  edit-metadata: 1.426179438829422
  landing: 0.7185688689351082
  view-data: 3.2602592557668686
