times:
  edit-metadata: 1.3860086556524038
  landing: 0.1398292351514101
  view-data: 0.2551903147250414
