times:
  edit-metadata: 1.938577963039279
  landing: 1.0235610250383615
  view-data: 3.383501274511218
