times:
  landing: 0.5555379959999982
  view-data: 0.5460636660000091
