times:
  edit-metadata: 1.415673404932022
  landing: 0.7328580878674984
  view-data: 3.4036292135715485
