times:
  edit-metadata: 1.454639095813036
  landing: 0.019997121766209602
  view-data: 0.12470283173024654
