times:
  edit-metadata: 0.5423266272991896
  landing: 0.9803899843245745
  view-data: 0.2946489676833153
