times:
  edit-metadata: 0.4788142815232277
  landing: 0.7431975267827511
  view-data: 0.1969609074294567
