times:
  landing: 0.5637178090000816
  view-data: 0.5458012420000387
