times:
  edit-metadata: 1.479826350696385
  landing: 0.8133109239861369
  view-data: 3.3435615245252848
