times:
  edit-metadata: 1.290709599852562
  landing: 0.11811166908591986
  view-data: 0.025908730924129486
