times:
  edit-metadata: 0.40869796089828014
  landing: 0.08092908281832933
  view-data: 0.1961657889187336
