times:
  edit-metadata: 0.6159714125096798
  landing: 0.6902754846960306
  view-data: 0.30661716498434544
