times:
  edit-metadata: 3.0127375945448875
  landing: 1.5212019011378288
  view-data: 3.3950180262327194
