times:
  edit-metadata: 0.6196034010499716
  landing: 0.06665304792113602
  view-data: 0.19246979802846909
