times:
  edit-metadata: 1.4199367240071297
  landing: 0.6223035454750061
  view-data: 3.2688232958316803
