times:
  edit-metadata: 0.500523573718965
  landing: 0.07772986590862274
  view-data: 0.19509634282439947
