times:
  edit-metadata: 0.5140238109743223
  landing: 0.05552283796714619
  view-data: 0.20629286899929866
