times:
  edit-metadata: 1.6965931374579668
  landing: 0.02232061419636011
  view-data: 0.6456590006127954
