times:
  landing: 0.5567147759999784
  view-data: 0.5579439030000231
