times:
  edit-metadata: 1.4077304359525442
  landing: 0.14038243144750595
  view-data: 0.025488901883363724
