times:
  edit-metadata: 1.4963197628967464
  landing: 0.7374229677952826
  view-data: 3.367152800783515
