times:
  landing: 0.6254166289999716
  view-data: 0.5615292479999994
