times:
  landing: 1.0880868899999996
  view-data: 0.5653592250000088
