times:
  edit-metadata: 1.5451366491615772
  landing: 0.8278098041191697
  view-data: 3.4773093508556485
