times:
  edit-metadata: 0.5129717793315649
  landing: 1.1964620891958475
  view-data: 0.4122494887560606
