times:
  edit-metadata: 1.5564619190990925
  landing: 0.7757022343575954
  view-data: 3.4270968306809664
