times:
  edit-metadata: 1.7288446612656116
  landing: 0.020519222132861614
  view-data: 0.6548567190766335
