times:
  edit-metadata: 1.420492934063077
  landing: 0.02091727964580059
  view-data: 0.12620273791253567
