times:
  edit-metadata: 1.1038916681427509
  landing: 0.06436946988105774
  view-data: 1.1302206569816917
