times:
  edit-metadata: 1.349635106511414
  landing: 0.1268894225358963
  view-data: 0.10262997355312109
