times:
  edit-metadata: 1.6934910491108894
  landing: 1.0148653648793697
  view-data: 3.494279094040394
