times:
  edit-metadata: 0.5049499496817589
  landing: 0.06740927696228027
  view-data: 0.1988479122519493
