times:
  edit-metadata: 1.3043261040002108
  landing: 0.018022900447249413
  view-data: 0.023166367784142494
