times:
  edit-metadata: 0.4232136979699135
  landing: 0.06555665424093604
  view-data: 0.19447074783965945
