times:
  edit-metadata: 0.4915112052112818
  landing: 0.8022142816334963
  view-data: 0.29785110615193844
