times:
  edit-metadata: 0.6369744240073487
  landing: 0.06421854998916388
  view-data: 0.20167248300276697
