times:
  landing: 0.548811618000002
  view-data: 0.555512411000052
