times:
  edit-metadata: 1.5745539851486683
  landing: 0.7314440310001373
  view-data: 3.4541386421769857
