times:
  edit-metadata: 0.5133064910769463
  landing: 0.0719941034913063
  view-data: 0.19324886053800583
