times:
  edit-metadata: 1.3956649443134665
  landing: 0.021202382631599903
  view-data: 0.11911921575665474
