times:
  edit-metadata: 0.6218013619072735
  landing: 0.07875692006200552
  view-data: 0.1836130227893591
