times:
  edit-metadata: 0.5477452559862286
  landing: 0.12608634197385982
  view-data: 0.23483169404789805
