times:
  edit-metadata: 0.41315798298455775
  landing: 0.0696478170575574
  view-data: 0.22285288502462208
