times:
  edit-metadata: 0.4030055378098041
  landing: 0.0646315817721188
  view-data: 0.19912575092166662
