times:
  edit-metadata: 0.4497041651047766
  landing: 0.06789619801566005
  view-data: 0.19500090274959803
