times:
  edit-metadata: 1.6496404074132442
  landing: 1.0953102856874466
  view-data: 3.379223220050335
