times:
  landing: 0.5872757610000008
  view-data: 0.5567813860000115
