times:
  edit-metadata: 1.5232212990522385
  landing: 0.9063674658536911
  view-data: 3.408380229026079
