times:
  edit-metadata: 0.5185671150684357
  landing: 3.2114555928856134
  view-data: 2.174009596928954
