times:
  edit-metadata: 1.6199479047209024
  landing: 0.8853511363267899
  view-data: 3.4249773006886244
