times:
  edit-metadata: 0.6053671150002629
  landing: 0.06721991399535909
  view-data: 0.1934599339729175
