times:
  edit-metadata: 0.46590488217771053
  landing: 0.07031083991751075
  view-data: 0.19732799381017685
