times:
  edit-metadata: 0.6798995491117239
  landing: 0.07620447385124862
  view-data: 0.20868756505660713
