times:
  landing: 0.5546509019999917
  view-data: 0.5547355020000282
