times:
  edit-metadata: 1.3997492175549269
  landing: 0.23086768202483654
  view-data: 0.14179227128624916
