times:
  edit-metadata: 0.8092359409783967
  landing: 0.09320504503557459
  view-data: 0.25765072501963004
