times:
  edit-metadata: 1.4933606358245015
  landing: 0.7621364500373602
  view-data: 3.357006381265819
