times:
  edit-metadata: 1.94023048132658
  landing: 1.012417808175087
  view-data: 3.572715763002634
