times:
  edit-metadata: 1.4479753859341145
  landing: 0.8639633394777775
  view-data: 3.3412511721253395
