times:
  edit-metadata: 0.42828317102976143
  landing: 0.046392824966460466
  view-data: 0.2050075998995453
