times:
  landing: 1.1032308149999608
  view-data: 0.5505062459999976
