times:
  edit-metadata: 1.5542122442275286
  landing: 0.7317580059170723
  view-data: 3.393986329436302
