times:
  landing: 0.5492010909999863
  view-data: 0.5479250759999559
