times:
  edit-metadata: 0.6131167523562908
  landing: 0.07433614507317543
  view-data: 0.18961911229416728
