times:
  edit-metadata: 0.48603072203695774
  landing: 0.06625668238848448
  view-data: 0.20272642746567726
