times:
  landing: 1.0830373919999943
  view-data: 0.5501863669999807
