times:
  landing: 1.07985047599999
  view-data: 0.5579497020000304
