times:
  edit-metadata: 1.2833983702585101
  landing: 0.02044693846255541
  view-data: 0.09898543916642666
