times:
  landing: 0.5569412170000305
  view-data: 0.5555386159999784
