times:
  edit-metadata: 0.545542024075985
  landing: 0.05892609432339668
  view-data: 0.20783954486250877
