times:
  edit-metadata: 1.4166407361626625
  landing: 0.7486703209578991
  view-data: 3.2816213071346283
