times:
  edit-metadata: 0.5194055028259754
  landing: 0.07176242023706436
  view-data: 0.19957033544778824
