times:
  edit-metadata: 0.45712097408249974
  landing: 0.066213040612638
  view-data: 0.20222655916586518
