times:
  edit-metadata: 1.4147236607968807
  landing: 0.835162416100502
  view-data: 3.3228059969842434
