times:
  edit-metadata: 1.3520249128341675
  landing: 0.2307915138080716
  view-data: 0.025243832729756832
