times:
  landing: 1.08566074700002
  view-data: 0.5604569489999562
