times:
  landing: 1.1121734600000082
  view-data: 0.5622697499999845
