times:
  edit-metadata: 0.43528673565015197
  landing: 0.07419315073639154
  view-data: 0.19423282193019986
