times:
  edit-metadata: 0.44332970795221627
  landing: 0.05806621501687914
  view-data: 0.2010174549650401
