times:
  edit-metadata: 0.642354023992084
  landing: 0.07130479195620865
  view-data: 0.18368429399561137
