times:
  landing: 1.0993824380000206
  view-data: 0.55781003900006
