times:
  landing: 0.5500358159999905
  view-data: 0.03968493200000012
