times:
  edit-metadata: 0.41878776997327805
  landing: 0.07595336902886629
  view-data: 0.2038812660612166
