times:
  landing: 0.5510307139998076
  view-data: 0.5544396550003512
