times:
  edit-metadata: 1.419720010831952
  landing: 0.020374899730086327
  view-data: 0.025923775508999825
