times:
  edit-metadata: 1.3140134019777179
  landing: 0.0183493634685874
  view-data: 0.12579637579619884
