times:
  edit-metadata: 1.2848959704861045
  landing: 0.11828777007758617
  view-data: 0.1953595457598567
