times:
  edit-metadata: 0.5045781545341015
  landing: 0.06863043084740639
  view-data: 0.19781382381916046
