times:
  edit-metadata: 1.6135957278311253
  landing: 0.8709845878183842
  view-data: 3.382875330746174
