times:
  landing: 0.5571667210000157
  view-data: 0.05963163799998483
