times:
  edit-metadata: 0.5254878440173343
  landing: 0.04917675000615418
  view-data: 0.2095228839898482
