times:
  edit-metadata: 1.2955379141494632
  landing: 0.17667387891560793
  view-data: 0.11567921470850706
