times:
  edit-metadata: 0.5983986458741128
  landing: 0.09853357705287635
  view-data: 0.2573108160868287
