times:
  edit-metadata: 1.311548157595098
  landing: 0.021568299271166325
  view-data: 0.12036688346415758
