times:
  edit-metadata: 1.2799019468948245
  landing: 0.02127217222005129
  view-data: 0.02582012675702572
