times:
  edit-metadata: 0.6410019210306928
  landing: 0.06361577997449785
  view-data: 0.189851469011046
