times:
  edit-metadata: 0.6161384265869856
  landing: 0.5701936222612858
  view-data: 0.30395284481346607
