times:
  edit-metadata: 1.3650872744619846
  landing: 0.02218620292842388
  view-data: 0.025357265025377274
