times:
  edit-metadata: 1.7672838531434536
  landing: 0.893748302012682
  view-data: 3.4937667790800333
