times:
  edit-metadata: 1.4044833034276962
  landing: 0.7358309887349606
  view-data: 3.307948563247919
