times:
  edit-metadata: 1.5502121355384588
  landing: 0.7379775810986757
  view-data: 3.3914239276200533
