times:
  edit-metadata: 1.2992794085294008
  landing: 0.02385140396654606
  view-data: 0.025642037391662598
