times:
  edit-metadata: 0.4285606211051345
  landing: 0.0744365006685257
  view-data: 0.2092023268342018
