times:
  edit-metadata: 1.5712506081908941
  landing: 0.8341543599963188
  view-data: 3.4290529638528824
