times:
  edit-metadata: 1.8701424151659012
  landing: 0.021342815831303596
  view-data: 0.19234666228294373
