times:
  landing: 0.5520098599999983
  view-data: 0.5562322870000003
