times:
  edit-metadata: 0.681093735009199
  landing: 0.059438669006340206
  view-data: 0.178526817006059
