times:
  edit-metadata: 0.5792835070169531
  landing: 0.06750875999568962
  view-data: 0.18858333199750632
