times:
  edit-metadata: 1.7914050184190273
  landing: 0.9584226999431849
  view-data: 3.433767557144165
