times:
  edit-metadata: 1.3468991126865149
  landing: 0.018908852711319923
  view-data: 0.2370929829776287
