times:
  edit-metadata: 1.6179600693285465
  landing: 0.7639448810368776
  view-data: 3.2941947486251593
