times:
  edit-metadata: 0.5939675469417125
  landing: 0.07379829604178667
  view-data: 0.18122287606820464
