times:
  edit-metadata: 0.4362539229914546
  landing: 0.06809811387211084
  view-data: 0.20200270786881447
