times:
  landing: 1.117446756999982
  view-data: 0.5582123220000312
