times:
  edit-metadata: 1.3767153322696686
  landing: 0.1454328829422593
  view-data: 0.11677219346165657
