times:
  landing: 1.0828875380000227
  view-data: 0.5492119630000047
