times:
  landing: 0.5606152099999804
  view-data: 0.5594262099999696
