times:
  edit-metadata: 1.2927066022530198
  landing: 0.019623497501015663
  view-data: 0.09944564290344715
