times:
  edit-metadata: 0.6128132259473205
  landing: 0.07427772879600525
  view-data: 0.19492187071591616
