times:
  edit-metadata: 1.4036827888339758
  landing: 0.1918090358376503
  view-data: 0.026264989748597145
