times:
  edit-metadata: 0.5113681331276894
  landing: 0.06501032412052155
  view-data: 0.1983552724123001
