times:
  edit-metadata: 1.3939321171492338
  landing: 0.2262392845004797
  view-data: 0.27954169176518917
