times:
  edit-metadata: 1.5477345287799835
  landing: 0.8370399121195078
  view-data: 3.4499443285167217
