times:
  landing: 0.5881900379999934
  view-data: 0.5784995759998992
