times:
  edit-metadata: 0.5258981995284557
  landing: 0.07369128242135048
  view-data: 0.19477201625704765
