times:
  edit-metadata: 0.4755442524328828
  landing: 0.08040610887110233
  view-data: 0.20176085643470287
