times:
  edit-metadata: 1.4896150170825422
  landing: 0.7250071270391345
  view-data: 3.347975432872772
