times:
  edit-metadata: 0.47620328702032566
  landing: 0.5940047167241573
  view-data: 0.5853609926998615
