times:
  edit-metadata: 0.5077884751372039
  landing: 0.0799573939293623
  view-data: 0.23378353007137775
