times:
  edit-metadata: 1.32070033531636
  landing: 0.021176340989768505
  view-data: 0.026934594847261906
