times:
  edit-metadata: 0.5148729495704174
  landing: 0.6783510092645884
  view-data: 0.31052981317043304
