times:
  edit-metadata: 1.3643815480172634
  landing: 0.02163872867822647
  view-data: 0.3532056659460068
