times:
  landing: 0.578931066999985
  view-data: 0.5683010050000235
