times:
  landing: 0.5510017180000091
  view-data: 0.5571494540000117
