times:
  edit-metadata: 0.4498246852308512
  landing: 0.0758405951783061
  view-data: 0.19857235020026565
