times:
  edit-metadata: 0.40064859902486205
  landing: 0.06716522108763456
  view-data: 0.21156767010688782
