times:
  edit-metadata: 0.6220122817903757
  landing: 0.5920775327831507
  view-data: 0.21510793641209602
