times:
  edit-metadata: 1.3175871539860964
  landing: 0.0223366878926754
  view-data: 0.12621775828301907
