times:
  edit-metadata: 0.6275747900363058
  landing: 0.0648690719390288
  view-data: 0.1978074600920081
