times:
  edit-metadata: 1.486973733175546
  landing: 0.7581203058362007
  view-data: 3.3444671160541475
