times:
  edit-metadata: 0.42368885315954685
  landing: 0.07240013591945171
  view-data: 0.1886223079636693
