times:
  edit-metadata: 1.690029101446271
  landing: 0.21582294441759586
  view-data: 0.3634971771389246
