times:
  edit-metadata: 0.5222614329541102
  landing: 0.10681242099963129
  view-data: 0.2054547590087168
