times:
  edit-metadata: 0.5117266420274973
  landing: 0.5933856274932623
  view-data: 0.19347244873642921
