times:
  edit-metadata: 1.335626371204853
  landing: 0.1762172468006611
  view-data: 0.02400999702513218
