times:
  edit-metadata: 1.537287425249815
  landing: 0.787445142865181
  view-data: 3.377584844827652
