times:
  landing: 1.0628595139999675
  view-data: 0.5510449539999627
