times:
  edit-metadata: 1.4333847369998693
  landing: 0.09348151087760925
  view-data: 0.33580295741558075
