times:
  edit-metadata: 0.4285072172060609
  landing: 0.062125972006469965
  view-data: 0.18958192877471447
