times:
  edit-metadata: 0.6114205090561882
  landing: 0.06369516008999199
  view-data: 0.18551283201668411
