times:
  edit-metadata: 0.4114008469041437
  landing: 0.05983486911281943
  view-data: 0.19833070505410433
