times:
  edit-metadata: 1.2968039670959115
  landing: 0.024887964129447937
  view-data: 0.40490340907126665
