times:
  landing: 0.5414423920000218
  view-data: 0.5450220440000066
