times:
  edit-metadata: 1.4921446461230516
  landing: 0.7670122720301151
  view-data: 3.383377369493246
