times:
  edit-metadata: 1.2927219895645976
  landing: 0.02119509968906641
  view-data: 0.02785179391503334
