times:
  edit-metadata: 1.5228666178882122
  landing: 0.8238706812262535
  view-data: 3.38586188480258
