times:
  edit-metadata: 2.406568511389196
  landing: 1.1166087249293923
  view-data: 3.577586635015905
