times:
  edit-metadata: 0.4111437927931547
  landing: 0.06154796900227666
  view-data: 0.18891334300860763
