times:
  edit-metadata: 0.5925677586346865
  landing: 0.07676338404417038
  view-data: 0.3015261758118868
