times:
  edit-metadata: 1.471502578817308
  landing: 0.7934171697124839
  view-data: 3.3997799772769213
