times:
  edit-metadata: 0.5737112760543823
  landing: 0.5185083132237196
  view-data: 0.18236108496785164
