times:
  edit-metadata: 2.76875870116055
  landing: 1.63357863901183
  view-data: 3.6816629078239202
