times:
  edit-metadata: 0.5790277299820445
  landing: 0.14238773999386467
  view-data: 0.262574157997733
