times:
  landing: 0.5852582699999971
  view-data: 0.5647997419999911
