times:
  landing: 1.0794082549999757
  view-data: 0.5535486740000124
