times:
  edit-metadata: 0.5677940510213375
  landing: 0.07425488904118538
  view-data: 0.1926074237562716
