times:
  edit-metadata: 0.5214894879609346
  landing: 1.5452354606240988
  view-data: 0.30961751751601696
