times:
  edit-metadata: 0.5258714589872397
  landing: 0.09507777896942571
  view-data: 0.24985423998441547
