times:
  edit-metadata: 0.5581482349953149
  landing: 0.10281743700033985
  view-data: 0.2288576680002734
