times:
  edit-metadata: 1.5273806937038898
  landing: 0.1867343969643116
  view-data: 0.337380925193429
