times:
  edit-metadata: 1.2700706319883466
  landing: 0.022994560189545155
  view-data: 0.1193523658439517
