times:
  landing: 0.5596545310000067
  view-data: 0.5459577709999905
