times:
  landing: 0.5537236540000094
  view-data: 0.5554112710000254
