times:
  landing: 0.5705322410000235
  view-data: 0.5496428669999887
