times:
  edit-metadata: 0.44398367311805487
  landing: 0.06676152534782887
  view-data: 0.19095369335263968
