times:
  edit-metadata: 1.4669679515063763
  landing: 0.20643610320985317
  view-data: 0.026756739243865013
