times:
  edit-metadata: 0.4441164522431791
  landing: 0.07095293514430523
  view-data: 0.20463686482980847
