times:
  landing: 1.0751654250000229
  view-data: 0.5528730960000416
