times:
  edit-metadata: 1.4343541003763676
  landing: 0.6743980087339878
  view-data: 3.341841835528612
