times:
  edit-metadata: 1.5498547106981277
  landing: 0.7881217896938324
  view-data: 3.4204425513744354
