times:
  edit-metadata: 0.44196083303540945
  landing: 0.075328528881073
  view-data: 0.19566685426980257
