times:
  edit-metadata: 1.3900549616664648
  landing: 0.13123924285173416
  view-data: 0.13781721517443657
