times:
  landing: 0.551876161999985
  view-data: 0.5604799970000158
