times:
  edit-metadata: 0.7822119640186429
  landing: 0.050960897002369165
  view-data: 0.20827402779832482
