times:
  edit-metadata: 0.42616947495844215
  landing: 0.04503318993374705
  view-data: 0.19996580202132463
