times:
  edit-metadata: 1.8501873658969998
  landing: 1.0496714948676527
  view-data: 3.4984816960059106
