times:
  edit-metadata: 1.3041925793513656
  landing: 0.020966004580259323
  view-data: 0.024869625456631184
