times:
  edit-metadata: 0.5301051437854767
  landing: 0.544809952378273
  view-data: 0.1973250526934862
