times:
  landing: 0.5466155400000048
  view-data: 0.5518651130000194
