times:
  edit-metadata: 0.4630706300958991
  landing: 0.07816174533218145
  view-data: 0.21036461740732193
