times:
  edit-metadata: 1.3413000758737326
  landing: 0.17049743235111237
  view-data: 0.1376433614641428
