times:
  edit-metadata: 0.592304531019181
  landing: 0.06854721601121128
  view-data: 0.19222849200014025
