times:
  edit-metadata: 0.5810605169972405
  landing: 0.06383213700610213
  view-data: 0.18123734099208377
