times:
  edit-metadata: 1.568322192877531
  landing: 0.7114219833165407
  view-data: 3.389885175973177
