times:
  edit-metadata: 0.6880637088324875
  landing: 0.07203502580523491
  view-data: 0.18397851893678308
