times:
  landing: 0.5717049219999808
  view-data: 0.5661616269999854
