times:
  landing: 0.5499035190000541
  view-data: 0.547180686000047
