times:
  edit-metadata: 0.6076208790036617
  landing: 0.06780790101038292
  view-data: 0.19012687700160313
