times:
  edit-metadata: 1.3722679801285267
  landing: 0.023115037009119987
  view-data: 0.2230029832571745
