times:
  landing: 1.0723015809999197
  view-data: 0.5603460859999814
