times:
  edit-metadata: 0.4448319480288774
  landing: 0.0550921440590173
  view-data: 0.2053030899260193
