times:
  edit-metadata: 0.5930348504334688
  landing: 0.7606548499315977
  view-data: 0.2001537960022688
