times:
  edit-metadata: 1.2992704389616847
  landing: 0.11864524241536856
  view-data: 0.09951219614595175
