times:
  edit-metadata: 0.6210741009563208
  landing: 0.06421020580455661
  view-data: 0.19197012204676867
