times:
  edit-metadata: 0.4512936118990183
  landing: 0.06585928099229932
  view-data: 0.20123514393344522
