times:
  edit-metadata: 1.486434742808342
  landing: 0.751931469887495
  view-data: 3.305725373327732
