times:
  edit-metadata: 0.41905967984348536
  landing: 0.07162109296768904
  view-data: 0.20713801076635718
