times:
  landing: 0.5638180640000883
  view-data: 0.5552163329999757
