times:
  edit-metadata: 1.4266510345041752
  landing: 0.7097667865455151
  view-data: 3.3354467041790485
