times:
  landing: 0.55104597899998
  view-data: 0.5562461110000072
