times:
  edit-metadata: 0.4052583610173315
  landing: 0.07391108688898385
  view-data: 0.2069499169010669
