times:
  landing: 0.5547468359999925
  view-data: 0.5625961260000167
