times:
  landing: 0.557661999000004
  view-data: 0.5717558279999935
