times:
  edit-metadata: 0.4844307107850909
  landing: 0.06819629855453968
  view-data: 0.20218469947576523
