times:
  edit-metadata: 1.7310451604425907
  landing: 0.9651086181402206
  view-data: 3.392793148756027
