times:
  landing: 0.5476824409999779
  view-data: 0.554126043999986
