times:
  edit-metadata: 1.3200290277600288
  landing: 0.020839769393205643
  view-data: 0.02673910651355982
