times:
  edit-metadata: 1.5697784926742315
  landing: 0.7438063118606806
  view-data: 3.4469662364572287
