times:
  edit-metadata: 0.4580309856683016
  landing: 0.0679713124409318
  view-data: 0.21157181728631258
