times:
  edit-metadata: 1.9297013264149427
  landing: 0.3332550972700119
  view-data: 0.38970017433166504
