times:
  landing: 1.067885031000003
  view-data: 0.5492109020000271
