times:
  edit-metadata: 1.5905024949461222
  landing: 0.7651209216564894
  view-data: 3.4367558155208826
