times:
  edit-metadata: 2.868859270995017
  landing: 0.3163527519791387
  view-data: 0.4555637660087086
