times:
  edit-metadata: 0.5209355354309082
  landing: 0.0745551772415638
  view-data: 0.1969723105430603
