times:
  edit-metadata: 1.5652502216398716
  landing: 0.7890053130686283
  view-data: 3.3895170502364635
