times:
  edit-metadata: 0.678286979906261
  landing: 0.09958276199176908
  view-data: 0.3230404183268547
