times:
  landing: 0.557244460999982
  view-data: 0.5660617309999907
