times:
  edit-metadata: 1.5696118082851171
  landing: 0.7701541930437088
  view-data: 3.388371977955103
