times:
  edit-metadata: 0.4515906567685306
  landing: 0.07659567287191749
  view-data: 0.19146494520828128
