times:
  edit-metadata: 1.5364789478480816
  landing: 0.8998213112354279
  view-data: 3.3142751827836037
