times:
  edit-metadata: 1.3456401955336332
  landing: 0.01963552087545395
  view-data: 0.02609157469123602
