times:
  edit-metadata: 1.2950930055230856
  landing: 0.022531959228217602
  view-data: 0.12524546682834625
