times:
  edit-metadata: 1.5217428971081972
  landing: 0.2097750548273325
  view-data: 0.42504641972482204
