times:
  edit-metadata: 1.5651050917804241
  landing: 0.7813226655125618
  view-data: 3.401981495320797
