times:
  edit-metadata: 1.5451983069069684
  landing: 0.8882964088115841
  view-data: 3.437522107968107
