times:
  edit-metadata: 1.5669685397297144
  landing: 0.6824728585779667
  view-data: 3.3583146184682846
