times:
  edit-metadata: 0.8156676487997174
  landing: 0.1289618629962206
  view-data: 0.2130764159373939
