times:
  edit-metadata: 0.5536017790436745
  landing: 0.5456382185220718
  view-data: 0.19515617191791534
