times:
  edit-metadata: 1.323031049221754
  landing: 0.01982857659459114
  view-data: 0.11729505937546492
