times:
  edit-metadata: 1.4453033655881882
  landing: 0.8789416961371899
  view-data: 3.358818095177412
