times:
  edit-metadata: 0.45595656195655465
  landing: 0.07749702082946897
  view-data: 0.20778919896110892
