times:
  edit-metadata: 0.513493437319994
  landing: 0.08097438141703606
  view-data: 0.19691362977027893
