times:
  edit-metadata: 0.5455327276140451
  landing: 0.07468925788998604
  view-data: 0.19437053240835667
