times:
  edit-metadata: 0.42523643793538213
  landing: 0.07448750222101808
  view-data: 0.19304045755416155
