times:
  edit-metadata: 0.507568471133709
  landing: 0.5823834408074617
  view-data: 0.18181592784821987
