times:
  edit-metadata: 0.5081759840250015
  landing: 0.07325321808457375
  view-data: 0.1847114861011505
