times:
  landing: 1.0744551210000282
  view-data: 0.5582568639999863
