times:
  edit-metadata: 1.3584352424368262
  landing: 0.025018989108502865
  view-data: 0.4614540599286556
