times:
  edit-metadata: 0.4539354406297207
  landing: 0.06688583176583052
  view-data: 0.3278224980458617
