times:
  landing: 0.5550215129999856
  view-data: 0.5576048170000263
