times:
  edit-metadata: 1.3478066213428974
  landing: 0.15584639459848404
  view-data: 0.12404008209705353
