times:
  edit-metadata: 0.5043219737708569
  landing: 0.5956307053565979
  view-data: 0.5933089386671782
