times:
  edit-metadata: 1.5587366335093975
  landing: 0.758904829621315
  view-data: 3.4630546048283577
