times:
  landing: 1.594283847999975
  view-data: 0.5542440400000146
