times:
  edit-metadata: 1.4296085387468338
  landing: 0.7552168183028698
  view-data: 3.342587446793914
