times:
  edit-metadata: 1.3767874669283628
  landing: 0.712467223405838
  view-data: 3.33617015555501
