times:
  edit-metadata: 1.3694301843643188
  landing: 0.22069757990539074
  view-data: 0.3874168638139963
