times:
  edit-metadata: 2.020043808966875
  landing: 1.1938239075243473
  view-data: 3.5611501149833202
