times:
  edit-metadata: 1.3831632044166327
  landing: 0.16818739287555218
  view-data: 0.1340563576668501
