times:
  edit-metadata: 1.41522610001266
  landing: 0.02070885244756937
  view-data: 0.3095361804589629
