times:
  edit-metadata: 1.4812632501125336
  landing: 0.6923118350096047
  view-data: 3.368587217759341
