times:
  edit-metadata: 1.6721044406294823
  landing: 1.1787833608686924
  view-data: 3.409105360507965
