times:
  edit-metadata: 1.334400137886405
  landing: 0.022872517816722393
  view-data: 0.11704532150179148
