times:
  landing: 1.3603005580000058
  view-data: 0.5565619820000052
