times:
  edit-metadata: 3.017086386680603
  landing: 1.5249108597636223
  view-data: 3.9447451792657375
