times:
  edit-metadata: 2.370382022112608
  landing: 1.239013634622097
  view-data: 3.5920214131474495
