times:
  landing: 0.5592420430000118
  view-data: 0.543859652000009
