times:
  landing: 1.0779728020000334
  view-data: 0.5615506109999728
