times:
  edit-metadata: 0.5021466687321663
  landing: 0.37225338630378246
  view-data: 0.19580957293510437
