times:
  edit-metadata: 1.34403857588768
  landing: 0.12022402510046959
  view-data: 0.025121722370386124
