times:
  landing: 0.5771239769999852
  view-data: 0.5662030010000194
