times:
  edit-metadata: 1.3011641781777143
  landing: 0.1222140435129404
  view-data: 0.026367895305156708
