times:
  edit-metadata: 1.3249986009905115
  landing: 0.8054115140112117
  view-data: 3.3585718770045787
