times:
  edit-metadata: 1.2829104559496045
  landing: 0.026142249815165997
  view-data: 0.385789779946208
