times:
  landing: 1.0931141940000089
  view-data: 0.5576423100000056
