times:
  landing: 0.5477400909999801
  view-data: 0.5539707259999886
