times:
  edit-metadata: 1.5785006284713745
  landing: 0.8168638106435537
  view-data: 3.4494872130453587
