times:
  edit-metadata: 0.5219563029968413
  landing: 0.04833876700286055
  view-data: 0.22526599400589475
