times:
  edit-metadata: 1.4933871664106846
  landing: 0.9007761850953102
  view-data: 3.3012204319238663
