times:
  edit-metadata: 1.5706095825880766
  landing: 0.7873001452535391
  view-data: 3.3997654486447573
