times:
  edit-metadata: 0.43212301284074783
  landing: 0.04015170503407717
  view-data: 0.19812341406941414
