times:
  edit-metadata: 1.3021498881280422
  landing: 0.12119244039058685
  view-data: 0.025370528921484947
