times:
  edit-metadata: 1.4648177344352007
  landing: 0.15582181699573994
  view-data: 0.13721033744513988
