times:
  edit-metadata: 1.3336747884750366
  landing: 0.02175726369023323
  view-data: 0.026578478515148163
