times:
  landing: 0.5781701550000093
  view-data: 0.5553307750000158
