times:
  edit-metadata: 1.5992534523829818
  landing: 0.8638376025483012
  view-data: 3.473711071535945
