times:
  edit-metadata: 1.3778054788708687
  landing: 0.02150706108659506
  view-data: 0.15519813168793917
