times:
  edit-metadata: 1.6611620001494884
  landing: 0.7885022833943367
  view-data: 3.4456577617675066
