times:
  edit-metadata: 0.5447608157992363
  landing: 0.07769787684082985
  view-data: 0.2051268219947815
