times:
  edit-metadata: 1.347145963984076
  landing: 0.2985991590539925
  view-data: 0.3099212280358188
