times:
  edit-metadata: 1.5813465330284089
  landing: 0.9827967740129679
  view-data: 3.3678966420702636
