times:
  edit-metadata: 0.521733608096838
  landing: 0.6750682480633259
  view-data: 0.19457208178937435
