times:
  landing: 1.0670513400000345
  view-data: 0.5554500229999917
