times:
  edit-metadata: 1.6786587722599506
  landing: 1.027641650289297
  view-data: 3.3556068278849125
