times:
  edit-metadata: 1.318052837625146
  landing: 0.01977333426475525
  view-data: 0.09880660846829414
