times:
  landing: 0.5651425879999579
  view-data: 0.5567521809999789
