times:
  edit-metadata: 1.3096255157142878
  landing: 0.019980374723672867
  view-data: 0.09986397624015808
