times:
  edit-metadata: 0.3991063688881695
  landing: 0.05237232707440853
  view-data: 0.20164992799982429
