times:
  edit-metadata: 1.311478553339839
  landing: 0.021403889171779156
  view-data: 0.26553698536008596
