times:
  landing: 0.5563151129999824
  view-data: 0.5582591900000011
