times:
  edit-metadata: 1.4511388391256332
  landing: 0.8342395909130573
  view-data: 3.3900652155280113
