times:
  landing: 0.5510270589999777
  view-data: 0.5628499860000034
