times:
  edit-metadata: 1.7428417718037963
  landing: 0.9592524729669094
  view-data: 3.4121653949841857
