times:
  edit-metadata: 1.5488405264914036
  landing: 0.7558321841061115
  view-data: 3.410785987973213
