times:
  edit-metadata: 1.3797166412696242
  landing: 0.6852503959089518
  view-data: 3.3188603008165956
