times:
  edit-metadata: 1.5644071251153946
  landing: 0.8682931857183576
  view-data: 3.358768473379314
