times:
  landing: 0.5591548160000457
  view-data: 0.5588069049999831
