times:
  edit-metadata: 0.6235808040946722
  landing: 0.6435246951878071
  view-data: 0.21116585657000542
