times:
  edit-metadata: 1.5893025659024715
  landing: 0.8281674943864346
  view-data: 3.3887712992727757
