times:
  edit-metadata: 0.49848657101392746
  landing: 0.0743887834250927
  view-data: 0.1999291218817234
