times:
  landing: 1.0791504509999754
  view-data: 0.5587464170000089
