times:
  edit-metadata: 0.4969647419638932
  landing: 0.08315334981307387
  view-data: 0.21253830008208752
