times:
  landing: 0.5638417060000052
  view-data: 0.5546358739999846
