times:
  edit-metadata: 2.1524012591689825
  landing: 1.1147319562733173
  view-data: 3.454406591132283
