times:
  landing: 1.0712376989999939
  view-data: 0.5653335380000044
