times:
  landing: 1.1016081789999816
  view-data: 0.556225272000006
