times:
  edit-metadata: 1.5068974599707872
  landing: 0.9111236948519945
  view-data: 3.4064150671474636
