times:
  edit-metadata: 0.4044414311647415
  landing: 0.06265028286725283
  view-data: 0.21983423409983516
