times:
  edit-metadata: 0.5410719458013773
  landing: 0.9609055407345295
  view-data: 0.5313615165650845
