times:
  edit-metadata: 1.3297471581026912
  landing: 0.11692292988300323
  view-data: 0.4731654468923807
