times:
  edit-metadata: 0.6383929499424994
  landing: 0.09182122210040689
  view-data: 0.28659136313945055
