times:
  edit-metadata: 0.6048818760318682
  landing: 0.07512228190898895
  view-data: 0.18427229893859476
