times:
  landing: 0.5613022090000186
  view-data: 0.5598774089999665
