times:
  edit-metadata: 0.4313198826275766
  landing: 0.06301791965961456
  view-data: 0.1908066957257688
