times:
  landing: 0.5653898590000495
  view-data: 0.5450191680000103
