times:
  edit-metadata: 0.6611940909642726
  landing: 0.0781554679851979
  view-data: 0.19098972994834185
