times:
  edit-metadata: 1.5911130271852016
  landing: 0.17312432639300823
  view-data: 0.5172632094472647
