times:
  edit-metadata: 0.6105879949172959
  landing: 0.06851107301190495
  view-data: 0.1934048420516774
