times:
  edit-metadata: 1.829625427722931
  landing: 1.0332435220479965
  view-data: 3.3296134248375893
