times:
  edit-metadata: 1.5295982286334038
  landing: 0.8074662499129772
  view-data: 3.3861568765714765
