times:
  edit-metadata: 1.3438656274229288
  landing: 0.19042928889393806
  view-data: 0.026590757071971893
