times:
  landing: 1.0789359309999895
  view-data: 0.5686830440000108
