times:
  edit-metadata: 0.5418822094798088
  landing: 0.06989746540784836
  view-data: 0.19326701387763023
