times:
  edit-metadata: 0.5357112418860197
  landing: 0.6703531909734011
  view-data: 0.42423126846551895
