times:
  edit-metadata: 0.4460952812805772
  landing: 0.06568953860551119
  view-data: 0.19738406501710415
