times:
  landing: 1.0893840119999822
  view-data: 0.5503305949999913
