times:
  edit-metadata: 0.5672709178179502
  landing: 1.660253306850791
  view-data: 0.5858932211995125
