times:
  landing: 0.5615948980000098
  view-data: 0.5606878060000327
