times:
  edit-metadata: 0.654506040038541
  landing: 0.0658165899803862
  view-data: 0.2031664539827034
