times:
  edit-metadata: 1.7050544768571854
  landing: 1.0607395395636559
  view-data: 3.3321869783103466
