times:
  landing: 0.5882005769999523
  view-data: 0.5554301439999563
