times:
  edit-metadata: 1.2923381878063083
  landing: 0.01977249514311552
  view-data: 0.023986978456377983
