times:
  edit-metadata: 1.5265210368670523
  landing: 1.063437249045819
  view-data: 3.4071967168711126
