times:
  edit-metadata: 1.5516398679465055
  landing: 0.7405579332262278
  view-data: 3.391637535765767
