times:
  edit-metadata: 1.6812252514064312
  landing: 0.7923582792282104
  view-data: 3.3946395348757505
