times:
  edit-metadata: 0.4200664237141609
  landing: 0.06497704098001122
  view-data: 0.20814634719863534
