times:
  edit-metadata: 0.4450640860013664
  landing: 0.07421856187283993
  view-data: 0.19343407126143575
