times:
  edit-metadata: 0.5590513572096825
  landing: 0.5796676483005285
  view-data: 0.32213032245635986
