times:
  edit-metadata: 1.4095142781734467
  landing: 0.019147314131259918
  view-data: 0.3605637978762388
