times:
  edit-metadata: 1.2917041573673487
  landing: 0.020268998108804226
  view-data: 0.12431911658495665
