times:
  edit-metadata: 1.4353975839912891
  landing: 0.9465013220906258
  view-data: 3.2893435917794704
