times:
  edit-metadata: 1.5237039607018232
  landing: 0.8839131779968739
  view-data: 3.403330707922578
