times:
  edit-metadata: 1.5418265759944916
  landing: 0.021072521805763245
  view-data: 0.16514921002089977
