times:
  edit-metadata: 0.582670362025965
  landing: 0.06768212199676782
  view-data: 0.18293134501436725
