times:
  landing: 1.0718746119999878
  view-data: 0.5543956870000102
