times:
  edit-metadata: 2.475281845778227
  landing: 1.0964677967131138
  view-data: 3.573307566344738
