times:
  landing: 0.5706859530000656
  view-data: 0.5600924939999459
