times:
  edit-metadata: 1.503139492124319
  landing: 0.778039675205946
  view-data: 3.3557896185666323
