times:
  edit-metadata: 0.6244818570557982
  landing: 0.07801644806750119
  view-data: 0.2024907770100981
