times:
  edit-metadata: 0.4590225461870432
  landing: 0.0767759270966053
  view-data: 0.2037149164825678
