times:
  edit-metadata: 1.6012709997594357
  landing: 0.786160908639431
  view-data: 3.3951697573065758
