times:
  edit-metadata: 1.4145244266837835
  landing: 0.7298578899353743
  view-data: 3.3660662788897753
