times:
  edit-metadata: 0.5513487588614225
  landing: 0.8385361637920141
  view-data: 0.42721028067171574
