times:
  edit-metadata: 0.5191084891557693
  landing: 0.6314647700637579
  view-data: 0.5946828313171864
