times:
  edit-metadata: 0.6691371672786772
  landing: 0.09843598585575819
  view-data: 0.18667574506253004
