times:
  edit-metadata: 1.3651816360652447
  landing: 0.09733224473893642
  view-data: 0.33756282553076744
