times:
  edit-metadata: 0.44688959419727325
  landing: 0.06458079302683473
  view-data: 0.19448187900707126
