times:
  edit-metadata: 0.5003791656345129
  landing: 1.1993118822574615
  view-data: 0.30115068331360817
