times:
  edit-metadata: 1.373483270406723
  landing: 0.02128504402935505
  view-data: 0.4557572742924094
