times:
  edit-metadata: 1.6120643690228462
  landing: 0.8786716908216476
  view-data: 3.333788987249136
