times:
  edit-metadata: 1.9309760127216578
  landing: 1.0202151834964752
  view-data: 3.426405245438218
