times:
  edit-metadata: 1.5002798279747367
  landing: 0.7546276790089905
  view-data: 3.49230084894225
