times:
  edit-metadata: 0.449105320032686
  landing: 0.07190361898392439
  view-data: 0.19986594701185822
