times:
  edit-metadata: 1.5401002690196037
  landing: 0.46472821570932865
  view-data: 0.3684881441295147
