times:
  edit-metadata: 0.5043383091688156
  landing: 0.9809446912258863
  view-data: 0.30749362148344517
