times:
  edit-metadata: 1.3973886221647263
  landing: 0.13942636735737324
  view-data: 0.2779980283230543
