times:
  landing: 0.5483837759999801
  view-data: 0.5509483590000173
