times:
  edit-metadata: 1.2796986158937216
  landing: 0.02262540813535452
  view-data: 0.09955813363194466
