times:
  edit-metadata: 1.4932377990335226
  landing: 0.126893050968647
  view-data: 0.16101904027163982
