times:
  edit-metadata: 0.5095731679998607
  landing: 0.03962650199991913
  view-data: 0.2000976700001047
