times:
  edit-metadata: 0.4826889099786058
  landing: 0.06387004803400487
  view-data: 0.2184891599463299
