times:
  edit-metadata: 0.4659764473326504
  landing: 0.07345186220481992
  view-data: 0.20638025319203734
