times:
  edit-metadata: 0.48703647032380104
  landing: 0.5365758612751961
  view-data: 0.1924607716500759
