times:
  edit-metadata: 0.4166905599995516
  landing: 0.07193837402155623
  view-data: 0.21232406003400683
