times:
  edit-metadata: 1.901875015348196
  landing: 1.1629490181803703
  view-data: 3.4812673404812813
