times:
  edit-metadata: 1.286716789007187
  landing: 0.02059164922684431
  view-data: 0.1231120303273201
