times:
  edit-metadata: 1.3082689298316836
  landing: 0.019398785196244717
  view-data: 0.02609284408390522
