times:
  edit-metadata: 1.609559977427125
  landing: 0.7330435253679752
  view-data: 3.403009543195367
