times:
  edit-metadata: 1.7240661662071943
  landing: 0.020986182615160942
  view-data: 0.44072271324694157
