times:
  edit-metadata: 1.5847060531377792
  landing: 0.8469235599040985
  view-data: 3.4224636629223824
