times:
  edit-metadata: 1.2744258055463433
  landing: 0.02025333233177662
  view-data: 0.12886691372841597
