times:
  edit-metadata: 0.6114990832284093
  landing: 0.07218241924419999
  view-data: 0.1894553666934371
