times:
  edit-metadata: 0.5865068979910575
  landing: 0.06717570195905864
  view-data: 0.19533020700328052
