times:
  edit-metadata: 0.5100218821316957
  landing: 0.4020539801567793
  view-data: 0.321734718978405
