times:
  landing: 1.0895439300000476
  view-data: 0.5594657560000087
