times:
  edit-metadata: 1.2849325109273195
  landing: 0.20292907394468784
  view-data: 0.12192785460501909
