times:
  edit-metadata: 1.5695478841662407
  landing: 0.7199571989476681
  view-data: 3.420212645083666
