times:
  edit-metadata: 0.5022486988455057
  landing: 2.6719150468707085
  view-data: 0.5863318722695112
