times:
  edit-metadata: 0.46387978084385395
  landing: 1.6332811005413532
  view-data: 0.5820308979600668
