times:
  edit-metadata: 1.409595675766468
  landing: 0.21555776707828045
  view-data: 0.0234299274161458
