times:
  edit-metadata: 1.5476921126246452
  landing: 0.7208802178502083
  view-data: 3.402925919741392
