times:
  edit-metadata: 1.5745572336018085
  landing: 0.9950783029198647
  view-data: 3.328366156667471
