times:
  edit-metadata: 0.41218608198687434
  landing: 0.06319214310497046
  view-data: 0.18510275473818183
