times:
  edit-metadata: 1.5461693536490202
  landing: 0.7937734760344028
  view-data: 3.451324926689267
