times:
  edit-metadata: 0.4323892528191209
  landing: 0.0756537951529026
  view-data: 0.1898726522922516
