times:
  edit-metadata: 1.7332309018820524
  landing: 0.803119607269764
  view-data: 3.3775953892618418
