times:
  edit-metadata: 0.5285967490635812
  landing: 0.06193593796342611
  view-data: 0.1884909849613905
