times:
  edit-metadata: 0.4940403373911977
  landing: 0.07218588795512915
  view-data: 0.20830311626195908
