times:
  edit-metadata: 1.5142761771567166
  landing: 0.8451367290690541
  view-data: 3.371500371955335
