times:
  edit-metadata: 2.122480901889503
  landing: 0.5382281085476279
  view-data: 0.6730359690263867
