times:
  edit-metadata: 0.6752125669736415
  landing: 0.07053141109645367
  view-data: 0.1783239170908928
