times:
  edit-metadata: 1.5317645873874426
  landing: 0.8176713921129704
  view-data: 3.380397403612733
