times:
  edit-metadata: 1.6326060704886913
  landing: 0.9260719195008278
  view-data: 3.354448776692152
