times:
  edit-metadata: 0.5094213467091322
  landing: 0.6145194843411446
  view-data: 0.18796171434223652
