times:
  landing: 1.1093309299999987
  view-data: 0.5558776990000069
