times:
  edit-metadata: 0.40099465334787965
  landing: 0.0595971317961812
  view-data: 0.19590270286425948
