times:
  edit-metadata: 0.49409449100494385
  landing: 0.06537994742393494
  view-data: 0.1918051391839981
