times:
  edit-metadata: 1.4516388587653637
  landing: 0.7283968781121075
  view-data: 3.3589531830511987
