times:
  edit-metadata: 0.5517004318535328
  landing: 0.08269503340125084
  view-data: 0.19448493421077728
