times:
  edit-metadata: 0.5094482218846679
  landing: 0.11008220398798585
  view-data: 0.2059124535880983
