times:
  edit-metadata: 1.3512897649779916
  landing: 0.021216195076704025
  view-data: 0.43558206129819155
