times:
  edit-metadata: 1.7524448074400425
  landing: 1.0234317295253277
  view-data: 3.389885202050209
