times:
  edit-metadata: 0.5429271198809147
  landing: 0.0699346587061882
  view-data: 0.19549767300486565
