times:
  edit-metadata: 1.4267337825149298
  landing: 0.9059065021574497
  view-data: 3.3567064814269543
