times:
  edit-metadata: 1.526101829484105
  landing: 0.8328601885586977
  view-data: 3.4494878593832254
