times:
  landing: 1.1007648480000398
  view-data: 0.5642254670000284
