times:
  edit-metadata: 0.5803621909581125
  landing: 0.06681460299296305
  view-data: 0.19757562800077721
