times:
  edit-metadata: 0.5077316500246525
  landing: 1.7709058243781328
  view-data: 0.3002109006047249
