times:
  edit-metadata: 0.4218557010171935
  landing: 0.058049634913913906
  view-data: 0.20705478393938392
