times:
  landing: 1.594345584999985
  view-data: 0.5564766910000003
