times:
  edit-metadata: 1.2578747924417257
  landing: 0.11602040100842714
  view-data: 0.1255209892988205
