times:
  edit-metadata: 1.4920465480536222
  landing: 0.795528419315815
  view-data: 3.2690110784024
