times:
  edit-metadata: 1.5840775147080421
  landing: 0.8082643076777458
  view-data: 3.4332709461450577
