times:
  edit-metadata: 0.4813620109343901
  landing: 0.05741658096667379
  view-data: 0.21031486592255533
