times:
  edit-metadata: 1.5993551089777611
  landing: 0.17814096598885953
  view-data: 0.46961102000204846
