times:
  edit-metadata: 0.47533537598792464
  landing: 0.07093619008082896
  view-data: 0.201788631035015
