times:
  edit-metadata: 1.5594338588416576
  landing: 0.7336777970194817
  view-data: 3.4001643005758524
