times:
  edit-metadata: 0.4542560842819512
  landing: 0.07125513628125191
  view-data: 0.20403418131172657
