times:
  edit-metadata: 0.5075548482127488
  landing: 0.05018530413508415
  view-data: 0.21315242582932115
