times:
  edit-metadata: 1.2718731155619025
  landing: 0.02141568809747696
  view-data: 0.13239156547933817
