times:
  edit-metadata: 1.3104118639603257
  landing: 0.16556810401380062
  view-data: 0.2039623847231269
