times:
  landing: 0.5521687650000047
  view-data: 0.5553583869999841
