times:
  edit-metadata: 0.6028982709976844
  landing: 0.0674167349934578
  view-data: 0.19321232198853977
