times:
  landing: 0.5553168959999653
  view-data: 0.5521727569999939
