times:
  edit-metadata: 2.5905681271106005
  landing: 1.3749199155718088
  view-data: 3.8155742958188057
