times:
  edit-metadata: 1.5407444462180138
  landing: 0.7648785524070263
  view-data: 3.4104269668459892
