times:
  edit-metadata: 0.564883217215538
  landing: 0.07205143943428993
  view-data: 0.20080483332276344
