times:
  edit-metadata: 1.416089165955782
  landing: 0.7048598378896713
  view-data: 3.300230337306857
