times:
  edit-metadata: 0.613190480042249
  landing: 0.06685603270307183
  view-data: 0.19615039182826877
