times:
  edit-metadata: 1.5177433050703257
  landing: 0.7289955988526344
  view-data: 3.329574150033295
