times:
  edit-metadata: 0.8141282079741359
  landing: 0.054590287152677774
  view-data: 0.21178310783579946
