times:
  edit-metadata: 1.3671937584877014
  landing: 0.022590147331357002
  view-data: 0.39564716815948486
