times:
  edit-metadata: 0.6321067218668759
  landing: 0.07185066607780755
  view-data: 0.19419518415816128
