times:
  edit-metadata: 0.4295609458349645
  landing: 0.046779099851846695
  view-data: 0.20888211904093623
