times:
  edit-metadata: 0.6407728618942201
  landing: 0.07369699608534575
  view-data: 0.18025432294234633
