times:
  landing: 0.5667216260000032
  view-data: 0.5538728770000034
