times:
  edit-metadata: 0.5923617254011333
  landing: 0.07422746578231454
  view-data: 0.18835303513333201
