times:
  edit-metadata: 0.6012699420098215
  landing: 0.07093006803188473
  view-data: 0.1899645229568705
