times:
  edit-metadata: 0.605415116995573
  landing: 0.06910429103299975
  view-data: 0.18111167009919882
