times:
  landing: 1.0724145099999873
  view-data: 0.5582935360000079
