times:
  landing: 0.5771102059998157
  view-data: 0.5530624729999545
