times:
  edit-metadata: 1.4720303788781166
  landing: 0.7450121860019863
  view-data: 3.360427326988429
