times:
  edit-metadata: 1.9901355130132288
  landing: 0.9578390889801085
  view-data: 3.3694196208380163
