times:
  edit-metadata: 1.6847829706966877
  landing: 0.4834888279438019
  view-data: 0.453213095664978
