times:
  edit-metadata: 1.2665748903527856
  landing: 0.021396140567958355
  view-data: 0.025298580527305603
