times:
  edit-metadata: 1.5132701341062784
  landing: 0.7348087783902884
  view-data: 3.3627448491752148
