times:
  edit-metadata: 0.432910923846066
  landing: 0.06817054934799671
  view-data: 0.187852019444108
