times:
  landing: 0.5700207289999639
  view-data: 0.562219276999997
