times:
  edit-metadata: 1.3693750258535147
  landing: 0.01978219859302044
  view-data: 0.026755839586257935
