times:
  edit-metadata: 1.3170813173055649
  landing: 0.021258368156850338
  view-data: 0.11993551533669233
