times:
  edit-metadata: 1.491132547147572
  landing: 0.8083135783672333
  view-data: 3.360439032316208
