times:
  edit-metadata: 0.4432379058562219
  landing: 0.06909727631136775
  view-data: 0.19940142473205924
