times:
  landing: 1.099443382000004
  view-data: 0.5599169949999805
