times:
  landing: 0.5660224650000032
  view-data: 0.5585797859999957
