times:
  edit-metadata: 0.5836999828461558
  landing: 0.10861815698444843
  view-data: 0.19803164922632277
