times:
  edit-metadata: 1.2814746154472232
  landing: 0.0235370472073555
  view-data: 0.19041106663644314
