times:
  edit-metadata: 1.3898770408704877
  landing: 0.7515058154240251
  view-data: 4.043247438035905
