times:
  edit-metadata: 1.282929291948676
  landing: 0.2130486210808158
  view-data: 0.02552512288093567
