times:
  edit-metadata: 1.2716164123266935
  landing: 0.09591602813452482
  view-data: 0.12261496018618345
