times:
  landing: 1.0684124130000328
  view-data: 0.5554999970000267
