times:
  edit-metadata: 0.5193604901432991
  landing: 0.06175778806209564
  view-data: 0.1930379793047905
