times:
  edit-metadata: 1.459683682769537
  landing: 0.01954927295446396
  view-data: 0.02681797370314598
