times:
  landing: 0.5549423310000066
  view-data: 0.5564168629999813
