times:
  edit-metadata: 1.2847790392115712
  landing: 0.01929696463048458
  view-data: 0.026018311269581318
