times:
  edit-metadata: 0.4272625660523772
  landing: 0.07394266920164227
  view-data: 0.19633785216137767
