times:
  edit-metadata: 1.5514991283416748
  landing: 0.17324364744126797
  view-data: 0.47351115196943283
