times:
  edit-metadata: 1.584060702007264
  landing: 0.8354949280619621
  view-data: 3.3769063958898187
