times:
  edit-metadata: 1.3218224979937077
  landing: 0.21194819919764996
  view-data: 0.31410517171025276
