times:
  edit-metadata: 0.5497960560023785
  landing: 0.07347402721643448
  view-data: 0.19413406774401665
