times:
  landing: 0.5584939789999908
  view-data: 0.5729450800000109
