times:
  edit-metadata: 1.3638762291520834
  landing: 0.18800884298980236
  view-data: 0.34485840424895287
