times:
  landing: 0.5560422599999697
  view-data: 0.554447069000048
