times:
  edit-metadata: 1.4824020909145474
  landing: 0.7659288737922907
  view-data: 3.417533944826573
