times:
  edit-metadata: 1.651428608223796
  landing: 0.7854027785360813
  view-data: 3.374310052022338
