times:
  edit-metadata: 0.6748202270828187
  landing: 0.08172428095713258
  view-data: 0.2010730740148574
