times:
  edit-metadata: 1.3191350512206554
  landing: 0.023103484883904457
  view-data: 0.10300731658935547
