times:
  landing: 0.5686267930000213
  view-data: 0.5513053070000069
