times:
  edit-metadata: 1.500928957015276
  landing: 0.02403912879526615
  view-data: 0.03199748508632183
