times:
  edit-metadata: 0.4869572799652815
  landing: 1.4136476628482342
  view-data: 0.5477449987083673
