times:
  edit-metadata: 0.6003755129640922
  landing: 0.07318195805419236
  view-data: 0.18941696896217763
