times:
  edit-metadata: 0.5546164885163307
  landing: 0.07935445755720139
  view-data: 0.19274836406111717
