times:
  edit-metadata: 1.6520611438900232
  landing: 0.8645081911236048
  view-data: 3.320362325757742
