times:
  edit-metadata: 0.5266454815864563
  landing: 0.5357608702033758
  view-data: 0.29807175509631634
