times:
  edit-metadata: 0.4973771907389164
  landing: 0.04531069193035364
  view-data: 0.2890052651055157
