times:
  edit-metadata: 0.4711896013468504
  landing: 0.07053129794076085
  view-data: 0.19798609195277095
