times:
  landing: 0.5615454149999834
  view-data: 0.5567290679999815
