times:
  edit-metadata: 0.49534545466303825
  landing: 0.07584652304649353
  view-data: 0.19183047860860825
