times:
  edit-metadata: 0.5499143599881791
  landing: 0.07057185197481886
  view-data: 0.20544656299171038
