times:
  edit-metadata: 1.467454987578094
  landing: 0.8307455340400338
  view-data: 3.360690427944064
