times:
  edit-metadata: 0.427921867929399
  landing: 0.047605219995602965
  view-data: 0.33231870108284056
