times:
  landing: 1.0835891570000058
  view-data: 0.5625480049999965
