times:
  edit-metadata: 0.49424520321190357
  landing: 0.07354172365739942
  view-data: 0.20268797036260366
