times:
  landing: 0.5808545739998863
  view-data: 0.5553588299999319
