times:
  edit-metadata: 1.3243716275319457
  landing: 0.019548162817955017
  view-data: 0.12090825568884611
