times:
  edit-metadata: 0.605383638991043
  landing: 0.062038854928687215
  view-data: 0.17915634997189045
