times:
  landing: 1.0882372590000386
  view-data: 0.5539317970000184
