times:
  edit-metadata: 0.6646779738366604
  landing: 1.212031887844205
  view-data: 0.4339912664145231
