times:
  edit-metadata: 0.5782169923186302
  landing: 0.7389784697443247
  view-data: 0.5912327915430069
