times:
  edit-metadata: 0.6075127449585125
  landing: 0.07394300505984575
  view-data: 0.1945788930170238
