times:
  edit-metadata: 1.532558113336563
  landing: 0.8193789077922702
  view-data: 3.3973021376878023
