times:
  edit-metadata: 1.5605530359316617
  landing: 0.7784591900417581
  view-data: 3.324215329019353
