times:
  edit-metadata: 0.6820408559869975
  landing: 0.0646807299926877
  view-data: 0.19029731396585703
