times:
  edit-metadata: 0.3977083519566804
  landing: 0.05731145793106407
  view-data: 0.32334026193711907
