times:
  edit-metadata: 1.5613377904519439
  landing: 0.7583160931244493
  view-data: 3.3309202855452895
