times:
  edit-metadata: 0.4334982014261186
  landing: 0.07878974499180913
  view-data: 0.21039106789976358
