times:
  edit-metadata: 0.635163052007556
  landing: 0.06373069202527404
  view-data: 0.1933532296679914
