times:
  edit-metadata: 2.1291045807302
  landing: 0.30946628376841545
  view-data: 0.2525673620402813
