times:
  edit-metadata: 0.4911504313349724
  landing: 1.123471835628152
  view-data: 0.6056533362716436
