times:
  edit-metadata: 0.6198375790845603
  landing: 0.06797913298942149
  view-data: 0.21936103701591492
