times:
  edit-metadata: 0.5079225860536098
  landing: 0.06465757638216019
  view-data: 0.19968854263424873
