times:
  edit-metadata: 1.4611313808709383
  landing: 1.0398583998903632
  view-data: 3.425597008317709
