times:
  edit-metadata: 0.6478227507323027
  landing: 0.5542911160737276
  view-data: 0.1815470103174448
