times:
  edit-metadata: 0.518253932999869
  landing: 0.06685299099990516
  view-data: 0.19525364100081788
