times:
  edit-metadata: 1.6432460807263851
  landing: 0.8618470188230276
  view-data: 3.347831703722477
