times:
  edit-metadata: 1.5977061949670315
  landing: 0.24434508197009563
  view-data: 0.3564166836440563
