times:
  edit-metadata: 1.3089928161352873
  landing: 0.15559246484190226
  view-data: 0.02638254128396511
