times:
  edit-metadata: 0.42072116304188967
  landing: 0.0682689119130373
  view-data: 0.20009468588978052
