times:
  landing: 0.551457771999992
  view-data: 0.554332746
