times:
  edit-metadata: 0.4274488012306392
  landing: 0.06723987217992544
  view-data: 0.19388053892180324
