times:
  edit-metadata: 0.5318990238010883
  landing: 0.5389528423547745
  view-data: 0.19541692361235619
