times:
  edit-metadata: 0.4652894171886146
  landing: 0.06325175799429417
  view-data: 0.20336223300546408
