times:
  edit-metadata: 0.5324815455824137
  landing: 0.5479128528386354
  view-data: 0.18969596736133099
