times:
  landing: 0.5544458700000519
  view-data: 0.5675575839999851
