times:
  landing: 1.0777881899999784
  view-data: 0.5417913939999153
