times:
  edit-metadata: 0.5927329580299556
  landing: 0.06701856479048729
  view-data: 0.19280683808028698
