times:
  landing: 0.5607416980000153
  view-data: 0.5584487259999946
