times:
  edit-metadata: 0.42154569923877716
  landing: 0.07462797127664089
  view-data: 0.20367299113422632
