times:
  edit-metadata: 0.5176473036408424
  landing: 0.592158867046237
  view-data: 0.1959225907921791
