times:
  edit-metadata: 0.5164690241217613
  landing: 0.06448479741811752
  view-data: 0.19328001514077187
