times:
  edit-metadata: 1.5781090091913939
  landing: 0.7342620193958282
  view-data: 3.3841166514903307
