times:
  edit-metadata: 2.3348145559430122
  landing: 1.4929933091625571
  view-data: 3.5123047195374966
