times:
  landing: 0.5571643539999513
  view-data: 0.5562841500000104
