times:
  edit-metadata: 1.3096043672412634
  landing: 0.17721434496343136
  view-data: 0.13436382450163364
