times:
  edit-metadata: 1.6566228810697794
  landing: 0.8528465088456869
  view-data: 3.3313699793070555
