times:
  edit-metadata: 1.5735294595360756
  landing: 0.8989675007760525
  view-data: 3.4047864116728306
