times:
  edit-metadata: 1.409672413021326
  landing: 0.7044534683227539
  view-data: 3.2931949719786644
