times:
  edit-metadata: 0.45686331670731306
  landing: 0.06376216281205416
  view-data: 0.21950307860970497
