times:
  landing: 0.554192444000023
  view-data: 0.5518107909999799
