times:
  landing: 0.5537443320000079
  view-data: 0.5523070229999689
