times:
  edit-metadata: 0.4290628950111568
  landing: 0.04395414795726538
  view-data: 0.19844583212397993
