times:
  edit-metadata: 1.5726492684334517
  landing: 0.7603024560958147
  view-data: 3.383511573076248
