times:
  edit-metadata: 0.40397825301624835
  landing: 0.07563737919554114
  view-data: 0.20325176883488894
