times:
  edit-metadata: 0.4155224347487092
  landing: 0.06855235900729895
  view-data: 0.20034191384911537
