times:
  edit-metadata: 0.5431916080415249
  landing: 0.7022630162537098
  view-data: 0.2963900677859783
