times:
  edit-metadata: 1.2882886417210102
  landing: 0.020375877618789673
  view-data: 0.10296335909515619
