times:
  edit-metadata: 0.4749863830002141
  landing: 0.058311300999775995
  view-data: 0.3393807230022503
