times:
  landing: 0.5700109429999429
  view-data: 0.5519653510000353
