times:
  edit-metadata: 1.8598226979374886
  landing: 1.4078794606029987
  view-data: 3.5068209655582905
