times:
  edit-metadata: 0.6115672369487584
  landing: 0.06321840407326818
  view-data: 0.19736820901744068
