times:
  edit-metadata: 0.5341357961297035
  landing: 0.5079706404358149
  view-data: 0.1989081334322691
