times:
  edit-metadata: 0.615701210917905
  landing: 0.06829541106708348
  view-data: 0.19641020987182856
