times:
  edit-metadata: 0.6315632127225399
  landing: 0.0883430503308773
  view-data: 0.20848708786070347
