times:
  edit-metadata: 0.6143045079661533
  landing: 0.07270702696405351
  view-data: 0.1869216359918937
