times:
  edit-metadata: 0.4413411086425185
  landing: 0.08153018448501825
  view-data: 0.19580775778740644
