times:
  edit-metadata: 1.3077462874352932
  landing: 0.021503721363842487
  view-data: 0.025599416345357895
