times:
  edit-metadata: 1.3093074401840568
  landing: 0.6289642574265599
  view-data: 4.4425668297335505
