times:
  edit-metadata: 1.4658673126250505
  landing: 0.023760586977005005
  view-data: 0.09882701747119427
