times:
  edit-metadata: 2.1910657417029142
  landing: 1.2546785660088062
  view-data: 3.5503204874694347
