times:
  edit-metadata: 0.5112378112971783
  landing: 0.7267066277563572
  view-data: 0.5721757747232914
