times:
  edit-metadata: 1.7634612768888474
  landing: 0.9669483825564384
  view-data: 3.3654025718569756
