times:
  edit-metadata: 1.515243445057422
  landing: 0.7864345968700945
  view-data: 3.3591446420177817
