times:
  edit-metadata: 0.5179318636655807
  landing: 0.06983804702758789
  view-data: 0.18260160088539124
