times:
  edit-metadata: 0.5045715235173702
  landing: 1.510167581960559
  view-data: 0.2953725215047598
