times:
  landing: 0.5443197060000102
  view-data: 0.5449862160000123
