times:
  edit-metadata: 0.446790617890656
  landing: 0.0657959352247417
  view-data: 0.20320527628064156
