times:
  edit-metadata: 0.5836735120974481
  landing: 0.14980642404407263
  view-data: 0.2647249661386013
