times:
  edit-metadata: 1.6444411501288414
  landing: 0.7507051955908537
  view-data: 3.4254968483000994
