times:
  edit-metadata: 1.2861207108944654
  landing: 0.02083347551524639
  view-data: 0.3355836570262909
