times:
  edit-metadata: 0.43356552394106984
  landing: 0.06317817699164152
  view-data: 0.19478478282690048
