times:
  edit-metadata: 0.4205212099477649
  landing: 0.04776334296911955
  view-data: 0.20629987819120288
