times:
  edit-metadata: 0.608985697850585
  landing: 0.07115323096513748
  view-data: 0.19039265881292522
