times:
  edit-metadata: 1.286933840252459
  landing: 0.022128839045763016
  view-data: 0.02687249705195427
