times:
  edit-metadata: 0.4983655959367752
  landing: 0.07731926813721657
  view-data: 0.19324957579374313
