times:
  landing: 0.5587944189999803
  view-data: 0.5521719409999832
