times:
  edit-metadata: 1.5604234114289284
  landing: 0.8731781356036663
  view-data: 3.417979948222637
