times:
  landing: 2.170516439000039
  view-data: 0.5607982280000101
