times:
  edit-metadata: 1.5648276563733816
  landing: 0.8339896649122238
  view-data: 3.3931110817939043
