times:
  landing: 2.308719940017909
  view-data: 0.030061586992815137
