times:
  edit-metadata: 1.4278153628110886
  landing: 0.6749846516177058
  view-data: 3.2791721085086465
