times:
  edit-metadata: 1.52251498401165
  landing: 0.885358665138483
  view-data: 3.3661100789904594
