times:
  edit-metadata: 1.536329708993435
  landing: 0.7940816394984722
  view-data: 3.3624105751514435
