times:
  edit-metadata: 0.5223051230423152
  landing: 0.06052256899420172
  view-data: 0.19075490598334
