times:
  edit-metadata: 0.5501657854765654
  landing: 0.8503703773021698
  view-data: 21.266141820698977
