times:
  edit-metadata: 1.5790944434702396
  landing: 0.6921561062335968
  view-data: 3.5905014388263226
