times:
  edit-metadata: 0.48961362428963184
  landing: 0.6533911246806383
  view-data: 0.6032760236412287
