times:
  edit-metadata: 0.4537788303568959
  landing: 0.070003816857934
  view-data: 0.19467787770554423
