times:
  edit-metadata: 1.3938161842525005
  landing: 0.784716185182333
  view-data: 3.3302260749042034
