times:
  edit-metadata: 1.291420690715313
  landing: 0.021932602860033512
  view-data: 0.023850287310779095
