times:
  edit-metadata: 1.5188045054674149
  landing: 0.8733769468963146
  view-data: 3.366897586733103
