times:
  edit-metadata: 0.5095624559326097
  landing: 0.07175189000554383
  view-data: 0.21450889599509537
