times:
  edit-metadata: 1.8539153151214123
  landing: 0.27248869463801384
  view-data: 0.37600361462682486
