times:
  edit-metadata: 1.299998245202005
  landing: 0.022220992483198643
  view-data: 0.025648864917457104
