times:
  edit-metadata: 0.6523776610265486
  landing: 0.07302948000142351
  view-data: 0.19661604601424187
