times:
  edit-metadata: 0.4958815202116966
  landing: 0.5940655786544085
  view-data: 0.5878623519092798
