times:
  edit-metadata: 0.48731286777183414
  landing: 0.06780593004077673
  view-data: 0.21213176334276795
