times:
  edit-metadata: 1.252544387243688
  landing: 0.019260788336396217
  view-data: 0.025597402825951576
