times:
  edit-metadata: 0.5102190934121609
  landing: 0.07982679829001427
  view-data: 0.2066902071237564
