times:
  landing: 1.0847310080000057
  view-data: 0.559571807999987
