times:
  edit-metadata: 0.640306896995753
  landing: 0.07833932200446725
  view-data: 0.1795898610725999
