times:
  edit-metadata: 2.746068366803229
  landing: 1.1495110476389527
  view-data: 3.4353528236970305
