times:
  edit-metadata: 0.4219128049444407
  landing: 0.059751671040430665
  view-data: 0.1986784189939499
