times:
  landing: 1.062215822999974
  view-data: 0.5572225209999715
