times:
  edit-metadata: 1.3251832891255617
  landing: 0.1464453712105751
  view-data: 0.31593857519328594
