times:
  edit-metadata: 0.5874642229173332
  landing: 0.06915563507936895
  view-data: 0.19612292083911598
