times:
  edit-metadata: 1.5275495871901512
  landing: 0.8496916592121124
  view-data: 3.407391954213381
