times:
  edit-metadata: 0.4610930737107992
  landing: 0.06774035282433033
  view-data: 0.20328068267554045
