times:
  edit-metadata: 0.596626554033719
  landing: 0.07168098003603518
  view-data: 0.18970686802640557
