times:
  edit-metadata: 1.3720858162268996
  landing: 0.023218253627419472
  view-data: 0.12566031888127327
