times:
  edit-metadata: 0.5446891952306032
  landing: 0.5975933596491814
  view-data: 0.5969176031649113
