times:
  landing: 0.5530209369999852
  view-data: 0.5520104240000023
