times:
  edit-metadata: 0.44399574492126703
  landing: 0.0665371511131525
  view-data: 0.2075878931209445
