times:
  landing: 0.563674710999976
  view-data: 0.5676414339999951
