times:
  landing: 1.5760335989998566
  view-data: 0.549380967000161
