times:
  edit-metadata: 1.7950167134404182
  landing: 0.023392504081130028
  view-data: 0.025336788967251778
