times:
  edit-metadata: 0.5971328583545983
  landing: 0.06382210133597255
  view-data: 0.1888361219316721
