times:
  edit-metadata: 1.3480856465175748
  landing: 0.01908260118216276
  view-data: 0.4209183230996132
