times:
  edit-metadata: 0.49170489236712456
  landing: 1.8261290192604065
  view-data: 0.3090233579277992
