times:
  edit-metadata: 0.5250099319964647
  landing: 0.4970330037176609
  view-data: 0.18321667611598969
