times:
  edit-metadata: 0.5997168580070138
  landing: 0.07177389017306268
  view-data: 0.1814846540801227
