times:
  edit-metadata: 1.4114176416769624
  landing: 0.11693001817911863
  view-data: 0.19112708512693644
