times:
  edit-metadata: 1.5110043101012707
  landing: 0.8197301290929317
  view-data: 3.308515679091215
