times:
  edit-metadata: 0.6522044799057767
  landing: 0.07275091798510402
  view-data: 0.1873478969791904
