times:
  edit-metadata: 0.5615071915090084
  landing: 0.6527434885501862
  view-data: 0.19011928886175156
