times:
  edit-metadata: 0.6432937940116972
  landing: 0.07408483000472188
  view-data: 0.1951181860640645
