times:
  edit-metadata: 0.416836054995656
  landing: 0.05800260999239981
  view-data: 0.2097437020856887
