times:
  edit-metadata: 0.40994455805048347
  landing: 0.05070523708127439
  view-data: 0.22647409606724977
