times:
  landing: 0.5561924440000325
  view-data: 0.5554923390000113
