times:
  edit-metadata: 1.4310902040451765
  landing: 0.019085463136434555
  view-data: 0.022694263607263565
