times:
  edit-metadata: 1.5819074101746082
  landing: 0.756109856069088
  view-data: 3.4047599621117115
