times:
  edit-metadata: 0.608241074020043
  landing: 0.07087140996009111
  view-data: 0.1864801609190181
