times:
  edit-metadata: 0.5567144490778446
  landing: 0.07268282398581505
  view-data: 0.20127497240900993
