times:
  edit-metadata: 1.484545233193785
  landing: 0.7348275640979409
  view-data: 0.4877229821868241
