times:
  edit-metadata: 1.283539871685207
  landing: 0.12599260453134775
  view-data: 0.10545798018574715
