times:
  landing: 1.088814831000036
  view-data: 0.5535264060000031
