times:
  edit-metadata: 0.639740377664566
  landing: 1.6294077094644308
  view-data: 0.5877133440226316
