times:
  edit-metadata: 1.289220173843205
  landing: 0.020141058601439
  view-data: 0.12696681916713715
