times:
  edit-metadata: 0.4616836807690561
  landing: 0.0676221833564341
  view-data: 0.20050142193213105
