times:
  edit-metadata: 1.9799076899980719
  landing: 0.2931318829978409
  view-data: 0.3020717479994346
