times:
  edit-metadata: 0.4485942372120917
  landing: 0.06620297534391284
  view-data: 0.1990007422864437
