times:
  edit-metadata: 0.48879698298696894
  landing: 0.041749578987946734
  view-data: 0.3395801109872991
