times:
  landing: 0.5517321930000207
  view-data: 0.051218478999999206
