times:
  edit-metadata: 1.4993097090627998
  landing: 0.8306622640229762
  view-data: 3.3136444829870015
