times:
  edit-metadata: 0.45643332600593567
  landing: 0.06549348216503859
  view-data: 0.1951139708980918
