times:
  edit-metadata: 0.4290212490595877
  landing: 0.06535000121220946
  view-data: 0.18957179924473166
