times:
  edit-metadata: 1.4834957728162408
  landing: 0.8861273592337966
  view-data: 3.364804431796074
