times:
  edit-metadata: 1.3237707503139973
  landing: 0.019577644765377045
  view-data: 0.3726871833205223
