times:
  edit-metadata: 0.4414879190735519
  landing: 0.04430376598611474
  view-data: 0.19021921092644334
