times:
  edit-metadata: 1.3741726651787758
  landing: 0.8184501677751541
  view-data: 3.2907066605985165
