times:
  edit-metadata: 1.6000946164131165
  landing: 0.8515536859631538
  view-data: 3.4577020034193993
