times:
  edit-metadata: 1.5462168231606483
  landing: 0.8682921901345253
  view-data: 3.3749741688370705
