times:
  edit-metadata: 1.5313742384314537
  landing: 0.7631430476903915
  view-data: 3.4144748002290726
