times:
  edit-metadata: 1.4150716364383698
  landing: 0.8714788183569908
  view-data: 3.359666168689728
