times:
  edit-metadata: 1.51767323538661
  landing: 0.7414432391524315
  view-data: 3.349414926022291
