times:
  edit-metadata: 1.609142005443573
  landing: 1.0934732034802437
  view-data: 3.3282588869333267
