times:
  edit-metadata: 1.6690793558955193
  landing: 0.8901139348745346
  view-data: 3.5771550685167313
