times:
  edit-metadata: 1.484107293188572
  landing: 0.9287991262972355
  view-data: 3.397164236754179
