times:
  edit-metadata: 1.4242968708276749
  landing: 0.7376720607280731
  view-data: 3.3210950419306755
