times:
  edit-metadata: 1.5924394205212593
  landing: 0.8876047134399414
  view-data: 3.3253835663199425
