times:
  edit-metadata: 1.538872554898262
  landing: 0.9266494810581207
  view-data: 3.522814691066742
