times:
  edit-metadata: 3.4544249959290028
  landing: 1.9224530719220638
  view-data: 3.582167211920023
