times:
  edit-metadata: 1.5609384402632713
  landing: 0.8062546625733376
  view-data: 3.391701303422451
