times:
  edit-metadata: 1.4148545116186142
  landing: 0.9836410880088806
  view-data: 3.4301094487309456
