times:
  edit-metadata: 1.4652151986956596
  landing: 0.7843375578522682
  view-data: 3.513903759419918
