times:
  edit-metadata: 1.6050118282437325
  landing: 0.8092466965317726
  view-data: 3.440375432372093
