times:
  edit-metadata: 1.5999323055148125
  landing: 0.7382247522473335
  view-data: 3.48276374489069
