times:
  edit-metadata: 2.207336202263832
  landing: 1.436998263001442
  view-data: 3.650028057396412
