times:
  edit-metadata: 1.5887162499129772
  landing: 0.8990945108234882
  view-data: 3.4117161445319653
