times:
  edit-metadata: 1.399048887193203
  landing: 0.8883748799562454
  view-data: 3.4846109449863434
