times:
  edit-metadata: 1.4405007399618626
  landing: 0.8661415949463844
  view-data: 3.39469400793314
