times:
  edit-metadata: 1.5506926327943802
  landing: 0.8333549797534943
  view-data: 3.4537808895111084
