times:
  edit-metadata: 1.5040609017014503
  landing: 1.0330487601459026
  view-data: 3.296832613646984
