times:
  edit-metadata: 1.8969613835215569
  landing: 1.1499022841453552
  view-data: 3.5641595646739006
