times:
  edit-metadata: 1.440860815346241
  landing: 0.8076612800359726
  view-data: 3.4336630925536156
