times:
  edit-metadata: 1.4079070091247559
  landing: 0.8427964188158512
  view-data: 3.2771060653030872
