times:
  edit-metadata: 1.4214005544781685
  landing: 0.8271360099315643
  view-data: 3.5086399018764496
