times:
  edit-metadata: 1.551987413316965
  landing: 0.8023756705224514
  view-data: 3.315827175974846
