times:
  edit-metadata: 1.457478515803814
  landing: 0.8317517191171646
  view-data: 3.2816327065229416
