times:
  edit-metadata: 1.9802190735936165
  landing: 1.2932501025497913
  view-data: 3.3642517514526844
