times:
  edit-metadata: 1.380034327507019
  landing: 0.8283295035362244
  view-data: 3.327598102390766
