times:
  edit-metadata: 1.5028491988778114
  landing: 0.8276421502232552
  view-data: 3.4526050090789795
