times:
  edit-metadata: 1.3909029252827168
  landing: 0.8777353875339031
  view-data: 3.3543825149536133
