times:
  edit-metadata: 1.5821365490555763
  landing: 0.8423070386052132
  view-data: 3.535864345729351
