times:
  edit-metadata: 1.4460695460438728
  landing: 0.8402433171868324
  view-data: 3.5710548236966133
