times:
  edit-metadata: 1.4790551997721195
  landing: 0.8497181348502636
  view-data: 3.260700460523367
