times:
  edit-metadata: 1.7455596067011356
  landing: 0.9321232251822948
  view-data: 3.423704244196415
