times:
  edit-metadata: 1.6420909352600574
  landing: 0.9456761851906776
  view-data: 3.386178396642208
