times:
  edit-metadata: 1.532876268029213
  landing: 0.8622750118374825
  view-data: 3.4160362109541893
