times:
  edit-metadata: 1.4052592292428017
  landing: 0.8361437395215034
  view-data: 3.476609319448471
