times:
  edit-metadata: 1.5638427883386612
  landing: 0.8162149041891098
  view-data: 3.4821738079190254
