times:
  edit-metadata: 1.4672232121229172
  landing: 0.8476234525442123
  view-data: 3.4757394269108772
