times:
  edit-metadata: 1.5366048514842987
  landing: 0.8219275921583176
  view-data: 3.4933349043130875
