times:
  edit-metadata: 1.5548440143465996
  landing: 0.8039177507162094
  view-data: 3.3434511572122574
