times:
  edit-metadata: 1.5142910107970238
  landing: 0.9107243567705154
  view-data: 3.5599808394908905
