times:
  edit-metadata: 1.3800085484981537
  landing: 0.8333265073597431
  view-data: 3.3146483302116394
