times:
  edit-metadata: 2.2324434891343117
  landing: 1.1743105426430702
  view-data: 3.521235816180706
