times:
  edit-metadata: 1.5029099732637405
  landing: 0.8488771989941597
  view-data: 3.2948280423879623
