times:
  edit-metadata: 1.4777148589491844
  landing: 0.8642453998327255
  view-data: 3.4696748182177544
