times:
  edit-metadata: 2.070684924721718
  landing: 1.3106623068451881
  view-data: 3.3620831295847893
