times:
  edit-metadata: 1.466421838849783
  landing: 0.8759395107626915
  view-data: 3.3433188684284687
