times:
  edit-metadata: 1.4206073954701424
  landing: 0.872996412217617
  view-data: 3.5335975512862206
