times:
  edit-metadata: 1.574586696922779
  landing: 1.0025399178266525
  view-data: 3.868453361093998
