times:
  edit-metadata: 1.5244656689465046
  landing: 0.8793866597115993
  view-data: 3.3414829336106777
