times:
  edit-metadata: 1.4982997328042984
  landing: 0.8824379220604897
  view-data: 3.3382646441459656
