times:
  edit-metadata: 1.5432886555790901
  landing: 0.7987750396132469
  view-data: 3.448189191520214
