times:
  edit-metadata: 1.5898139514029026
  landing: 0.8903834372758865
  view-data: 3.3064308054745197
