times:
  edit-metadata: 1.5776223614811897
  landing: 0.7549210339784622
  view-data: 3.3724289312958717
