times:
  edit-metadata: 1.4646336808800697
  landing: 0.79572793841362
  view-data: 3.4189567640423775
