times:
  edit-metadata: 1.4793211594223976
  landing: 0.9464830830693245
  view-data: 3.321476738899946
