times:
  edit-metadata: 1.455602504312992
  landing: 0.8068987056612968
  view-data: 3.3621456027030945
