times:
  edit-metadata: 1.4896592572331429
  landing: 0.8645015135407448
  view-data: 3.5220995396375656
