times:
  edit-metadata: 1.4801934659481049
  landing: 0.7909117117524147
  view-data: 3.547936424612999
