times:
  edit-metadata: 1.4567780941724777
  landing: 0.7893146798014641
  view-data: 3.5009430795907974
