times:
  edit-metadata: 1.498308964073658
  landing: 0.8455779291689396
  view-data: 3.375487517565489
