times:
  edit-metadata: 1.5197995752096176
  landing: 0.8381387479603291
  view-data: 3.260758612304926
