times:
  edit-metadata: 2.422164112329483
  landing: 1.683147594332695
  view-data: 3.6163433343172073
