times:
  edit-metadata: 1.4768474027514458
  landing: 0.8678129613399506
  view-data: 3.3323889747262
