times:
  edit-metadata: 1.465147539973259
  landing: 0.8252970576286316
  view-data: 3.428993843495846
