times:
  edit-metadata: 1.375223983079195
  landing: 0.8104854300618172
  view-data: 3.242972455918789
