times:
  edit-metadata: 1.4633927643299103
  landing: 1.0234219655394554
  view-data: 3.3236370608210564
