times:
  edit-metadata: 1.4968153461813927
  landing: 0.9152837619185448
  view-data: 3.565268076956272
