times:
  edit-metadata: 1.405615158379078
  landing: 0.9516675472259521
  view-data: 3.475488103926182
