times:
  edit-metadata: 2.0392235293984413
  landing: 0.9963745325803757
  view-data: 3.6752729564905167
