times:
  edit-metadata: 1.458282232284546
  landing: 0.8687257021665573
  view-data: 3.3652550354599953
