times:
  edit-metadata: 1.467857751995325
  landing: 0.8224852383136749
  view-data: 3.3604784943163395
