times:
  edit-metadata: 1.4686048403382301
  landing: 0.8028279021382332
  view-data: 3.515563279390335
