times:
  edit-metadata: 1.4652525410056114
  landing: 0.7756923958659172
  view-data: 3.514078840613365
