times:
  edit-metadata: 1.4242227673530579
  landing: 0.8831389620900154
  view-data: 3.3280714824795723
