times:
  edit-metadata: 1.6454919315874577
  landing: 1.2402396686375141
  view-data: 3.3215740099549294
