times:
  edit-metadata: 1.4707313403487206
  landing: 0.7733329460024834
  view-data: 3.463207930326462
