times:
  edit-metadata: 1.6139341183006763
  landing: 0.8904602788388729
  view-data: 3.3639501370489597
