times:
  edit-metadata: 1.6468037627637386
  landing: 0.9367884770035744
  view-data: 3.370303090661764
