times:
  edit-metadata: 1.4698228761553764
  landing: 0.9068329632282257
  view-data: 3.236995603889227
