times:
  edit-metadata: 1.576024979352951
  landing: 0.8677551448345184
  view-data: 3.289532408118248
