times:
  edit-metadata: 1.497875101864338
  landing: 0.8314603716135025
  view-data: 3.4429506435990334
