times:
  edit-metadata: 1.590444691479206
  landing: 0.9585054516792297
  view-data: 3.2749517373740673
