times:
  edit-metadata: 1.5545855574309826
  landing: 0.9407035335898399
  view-data: 3.3132053427398205
