times:
  edit-metadata: 1.4346451200544834
  landing: 0.7784757800400257
  view-data: 3.285062100738287
