times:
  edit-metadata: 1.4372717067599297
  landing: 0.7551060169935226
  view-data: 3.5375384613871574
