times:
  edit-metadata: 1.6439742110669613
  landing: 0.8791701421141624
  view-data: 3.301895998418331
