times:
  edit-metadata: 1.4289806485176086
  landing: 0.7704732939600945
  view-data: 3.460204169154167
