times:
  edit-metadata: 2.007404677569866
  landing: 1.0190505683422089
  view-data: 3.5545665211975574
