times:
  edit-metadata: 1.49297758564353
  landing: 0.9011428952217102
  view-data: 3.283053882420063
