times:
  edit-metadata: 1.4367504492402077
  landing: 0.8656421527266502
  view-data: 3.45719450712204
