times:
  edit-metadata: 1.4588588699698448
  landing: 0.7586084082722664
  view-data: 3.3591249212622643
