times:
  edit-metadata: 1.4138565212488174
  landing: 0.8364636823534966
  view-data: 3.3356614857912064
