times:
  edit-metadata: 1.6170290634036064
  landing: 0.9829812943935394
  view-data: 3.451100744307041
