times:
  edit-metadata: 1.5587484687566757
  landing: 0.8081782832741737
  view-data: 3.5146431773900986
