times:
  edit-metadata: 1.6566460356116295
  landing: 1.0511488318443298
  view-data: 3.5762599781155586
