times:
  edit-metadata: 1.5153898298740387
  landing: 0.8479226380586624
  view-data: 3.4115232974290848
