times:
  edit-metadata: 1.4415494948625565
  landing: 0.9502935856580734
  view-data: 3.334733620285988
