times:
  edit-metadata: 1.4553005620837212
  landing: 0.7484264150261879
  view-data: 3.4307486414909363
