times:
  edit-metadata: 1.4309410825371742
  landing: 0.8557635620236397
  view-data: 3.486604429781437
