times:
  edit-metadata: 1.3908645324409008
  landing: 0.9035239852964878
  view-data: 3.275971505790949
