times:
  edit-metadata: 1.5117978528141975
  landing: 0.8961963802576065
  view-data: 3.345583353191614
