times:
  edit-metadata: 1.536156214773655
  landing: 0.8644826859235764
  view-data: 3.360226720571518
