times:
  edit-metadata: 1.5206833109259605
  landing: 0.9108690917491913
  view-data: 3.3402622379362583
