times:
  edit-metadata: 1.4810478761792183
  landing: 0.8194536343216896
  view-data: 3.3303121104836464
