times:
  edit-metadata: 1.4838859364390373
  landing: 0.8926650881767273
  view-data: 3.4727718830108643
