times:
  edit-metadata: 1.4820245429873466
  landing: 0.8183495849370956
  view-data: 3.3416162356734276
