times:
  edit-metadata: 1.4310709163546562
  landing: 0.8059003800153732
  view-data: 3.5184138864278793
