times:
  edit-metadata: 1.4909617751836777
  landing: 1.1020789705216885
  view-data: 3.3349423930048943
