times:
  edit-metadata: 1.5510568842291832
  landing: 0.830753818154335
  view-data: 3.297277122735977
