times:
  edit-metadata: 1.4874727427959442
  landing: 0.7646150514483452
  view-data: 3.3955219089984894
