times:
  edit-metadata: 1.4520372822880745
  landing: 0.837441086769104
  view-data: 3.4757977798581123
