times:
  edit-metadata: 1.877534992992878
  landing: 1.0162860304117203
  view-data: 3.5299941822886467
