times:
  edit-metadata: 1.4411310479044914
  landing: 0.8879298642277718
  view-data: 3.3864825069904327
