times:
  edit-metadata: 1.4659132733941078
  landing: 0.8540675491094589
  view-data: 3.9764324203133583
