times:
  edit-metadata: 1.5055142790079117
  landing: 0.8674098998308182
  view-data: 3.2698169946670532
