times:
  edit-metadata: 2.382960893213749
  landing: 1.2496821731328964
  view-data: 3.600546956062317
