times:
  edit-metadata: 1.4704603739082813
  landing: 0.83585274964571
  view-data: 3.349053792655468
