times:
  edit-metadata: 1.503674741834402
  landing: 0.910226609557867
  view-data: 3.2747102305293083
