times:
  edit-metadata: 1.5492382869124413
  landing: 0.736862301826477
  view-data: 3.484818674623966
