times:
  edit-metadata: 2.443899556994438
  landing: 1.205111175775528
  view-data: 3.876375027000904
