times:
  edit-metadata: 1.493329994380474
  landing: 0.8247841745615005
  view-data: 3.310392878949642
