times:
  edit-metadata: 1.778463825583458
  landing: 0.795295774936676
  view-data: 3.443146377801895
