times:
  edit-metadata: 1.5706790462136269
  landing: 0.8297243714332581
  view-data: 3.5024363845586777
