times:
  edit-metadata: 1.3868907168507576
  landing: 0.8613846078515053
  view-data: 3.4530297070741653
