times:
  edit-metadata: 1.455897644162178
  landing: 0.7857667356729507
  view-data: 3.361000135540962
