times:
  edit-metadata: 1.6711277589201927
  landing: 1.1670400202274323
  view-data: 3.440034531056881
