times:
  edit-metadata: 1.4934548512101173
  landing: 0.834193117916584
  view-data: 3.4631459042429924
