times:
  edit-metadata: 1.380964182317257
  landing: 0.8647730872035027
  view-data: 3.3211296647787094
