times:
  edit-metadata: 1.4683849811553955
  landing: 0.8135376423597336
  view-data: 3.42404156178236
