times:
  edit-metadata: 1.356529876589775
  landing: 0.829726055264473
  view-data: 3.4912684559822083
