times:
  edit-metadata: 1.5660818479955196
  landing: 0.8575608097016811
  view-data: 3.3378793261945248
