times:
  edit-metadata: 1.582777462899685
  landing: 0.8603974729776382
  view-data: 3.4653675258159637
