times:
  edit-metadata: 1.6068857535719872
  landing: 1.0045700743794441
  view-data: 3.3274176940321922
