times:
  edit-metadata: 1.4851597994565964
  landing: 0.7755264565348625
  view-data: 3.3619886189699173
