times:
  edit-metadata: 1.6144400388002396
  landing: 0.8418290168046951
  view-data: 3.3949372321367264
