times:
  edit-metadata: 1.4942996948957443
  landing: 0.787121906876564
  view-data: 3.5412120446562767
