times:
  edit-metadata: 1.373767375946045
  landing: 0.8331371396780014
  view-data: 3.4890895262360573
