times:
  edit-metadata: 1.405733112245798
  landing: 0.8822413310408592
  view-data: 3.2970028407871723
