times:
  edit-metadata: 1.3665705472230911
  landing: 0.8746255785226822
  view-data: 3.4556040689349174
