times:
  edit-metadata: 1.7295836731791496
  landing: 0.8441104181110859
  view-data: 3.3060475438833237
