times:
  edit-metadata: 1.470211960375309
  landing: 0.815947849303484
  view-data: 3.288981504738331
