times:
  edit-metadata: 1.4413402825593948
  landing: 0.8921370021998882
  view-data: 3.334350571036339
