times:
  edit-metadata: 1.527146078646183
  landing: 0.9214895218610764
  view-data: 3.323211148381233
