times:
  edit-metadata: 1.5804251655936241
  landing: 1.0505830645561218
  view-data: 3.540276773273945
