times:
  edit-metadata: 2.0678673833608627
  landing: 1.1555990055203438
  view-data: 3.350594613701105
