times:
  edit-metadata: 1.4324913173913956
  landing: 0.878328762948513
  view-data: 3.4233331605792046
