times:
  edit-metadata: 1.4854626953601837
  landing: 0.9982082694768906
  view-data: 3.4754721745848656
