times:
  edit-metadata: 1.7920772656798363
  landing: 1.0095264464616776
  view-data: 3.315962001681328
