times:
  edit-metadata: 1.515057124197483
  landing: 0.8051995858550072
  view-data: 3.427683487534523
