times:
  edit-metadata: 1.6979074068367481
  landing: 1.1942881643772125
  view-data: 3.451432853937149
