times:
  edit-metadata: 1.4753693714737892
  landing: 0.766502171754837
  view-data: 3.4898451268672943
