times:
  edit-metadata: 1.5658760033547878
  landing: 0.9004762172698975
  view-data: 3.282637670636177
