times:
  edit-metadata: 1.3957439064979553
  landing: 0.7787935771048069
  view-data: 3.28640528768301
