times:
  edit-metadata: 1.5316453203558922
  landing: 0.7618872784078121
  view-data: 3.339780878275633
