times:
  edit-metadata: 1.5210186392068863
  landing: 0.7837245538830757
  view-data: 3.2793244905769825
