times:
  edit-metadata: 1.5046662911772728
  landing: 0.905624695122242
  view-data: 3.3119829148054123
