times:
  edit-metadata: 1.5498184263706207
  landing: 0.8272068873047829
  view-data: 3.4960784688591957
