times:
  edit-metadata: 1.4095890149474144
  landing: 1.052100270986557
  view-data: 3.3776275515556335
