times:
  edit-metadata: 3.0669846534729004
  landing: 1.6285103559494019
  view-data: 4.027993842959404
