times:
  edit-metadata: 1.4531335718929768
  landing: 0.8583638146519661
  view-data: 3.307238657027483
