times:
  edit-metadata: 1.5528586469590664
  landing: 0.8398088403046131
  view-data: 3.312933027744293
