times:
  edit-metadata: 1.429796002805233
  landing: 0.8536614626646042
  view-data: 3.5606966614723206
