times:
  edit-metadata: 1.4014556482434273
  landing: 0.7314739599823952
  view-data: 3.392023302614689
