times:
  edit-metadata: 1.505370780825615
  landing: 0.9557725563645363
  view-data: 3.6586394384503365
