times:
  edit-metadata: 1.5507522970438004
  landing: 0.8438953757286072
  view-data: 3.3106503523886204
