times:
  edit-metadata: 1.3446412980556488
  landing: 0.8018093258142471
  view-data: 3.455849811434746
