times:
  edit-metadata: 1.5359683185815811
  landing: 0.7460338398814201
  view-data: 3.500480741262436
