times:
  edit-metadata: 1.452933520078659
  landing: 0.7917210757732391
  view-data: 3.4252374321222305
