times:
  edit-metadata: 1.4719608500599861
  landing: 0.8552957475185394
  view-data: 3.6700834557414055
