times:
  edit-metadata: 1.677368201315403
  landing: 0.8984123393893242
  view-data: 3.305158883333206
