times:
  edit-metadata: 1.6032905764877796
  landing: 0.8591589368879795
  view-data: 3.3681440502405167
