times:
  edit-metadata: 1.4643731117248535
  landing: 0.7433393523097038
  view-data: 3.5214961916208267
