times:
  edit-metadata: 1.433014139533043
  landing: 0.8583931177854538
  view-data: 3.558857277035713
