times:
  edit-metadata: 1.4116163402795792
  landing: 0.780349001288414
  view-data: 3.4128835275769234
