times:
  edit-metadata: 3.386516310274601
  landing: 1.9446285739541054
  view-data: 3.5477211624383926
