times:
  edit-metadata: 1.3873990140855312
  landing: 0.7975124567747116
  view-data: 3.2815447598695755
