times:
  edit-metadata: 1.4399432241916656
  landing: 1.0184631273150444
  view-data: 3.5890323743224144
