times:
  edit-metadata: 1.4483278319239616
  landing: 0.8049290701746941
  view-data: 3.504896402359009
