times:
  edit-metadata: 1.3925104811787605
  landing: 0.7924439385533333
  view-data: 3.3217387944459915
