times:
  edit-metadata: 1.5440172590315342
  landing: 0.9717237874865532
  view-data: 3.2974201664328575
