times:
  edit-metadata: 1.4532873593270779
  landing: 0.8173806741833687
  view-data: 3.3256160505115986
