times:
  edit-metadata: 1.4922641143202782
  landing: 0.8777870610356331
  view-data: 3.414706014096737
