times:
  edit-metadata: 1.409784235060215
  landing: 0.8258122801780701
  view-data: 3.4952482283115387
