times:
  edit-metadata: 1.385278083384037
  landing: 0.9677590653300285
  view-data: 3.27955162525177
