times:
  edit-metadata: 1.4255640804767609
  landing: 1.0455364137887955
  view-data: 3.5993664041161537
