times:
  edit-metadata: 1.3909923732280731
  landing: 0.8403201848268509
  view-data: 3.3713017851114273
