times:
  edit-metadata: 1.3958942145109177
  landing: 0.8444021046161652
  view-data: 3.4452162832021713
