times:
  edit-metadata: 1.484911896288395
  landing: 0.7671559005975723
  view-data: 3.4632513150572777
