times:
  edit-metadata: 1.494845476001501
  landing: 1.0047797374427319
  view-data: 3.263414304703474
