times:
  edit-metadata: 1.4353432469069958
  landing: 0.8653793707489967
  view-data: 3.3454922884702682
