times:
  edit-metadata: 1.4052442163228989
  landing: 0.8092858418822289
  view-data: 3.3147016018629074
