times:
  edit-metadata: 1.4029897153377533
  landing: 0.8627176135778427
  view-data: 3.3327771797776222
