times:
  edit-metadata: 1.727455034852028
  landing: 0.9579576477408409
  view-data: 3.589241363108158
