times:
  edit-metadata: 1.4775944501161575
  landing: 0.90182014554739
  view-data: 3.319197688251734
