times:
  edit-metadata: 1.5039598569273949
  landing: 0.9596437811851501
  view-data: 3.31724264472723
