times:
  edit-metadata: 1.4925843253731728
  landing: 0.9212513938546181
  view-data: 3.3185792192816734
