times:
  edit-metadata: 1.3821356073021889
  landing: 0.7546131163835526
  view-data: 3.5179080963134766
