times:
  edit-metadata: 1.6425336934626102
  landing: 0.8075088858604431
  view-data: 3.269528854638338
