times:
  edit-metadata: 1.402500607073307
  landing: 0.8149348199367523
  view-data: 3.507808268070221
