times:
  edit-metadata: 1.4681208804249763
  landing: 0.9978103116154671
  view-data: 3.3000438138842583
