times:
  edit-metadata: 1.5416364036500454
  landing: 0.8848132491111755
  view-data: 3.322973817586899
