times:
  edit-metadata: 1.6298857778310776
  landing: 0.9471086114645004
  view-data: 3.4053975641727448
