times:
  edit-metadata: 1.7062453515827656
  landing: 1.2333999499678612
  view-data: 3.4477258808910847
