times:
  edit-metadata: 1.4404274746775627
  landing: 0.8554382845759392
  view-data: 3.450372099876404
