times:
  edit-metadata: 1.4241705015301704
  landing: 0.7957772687077522
  view-data: 3.42373438924551
