times:
  edit-metadata: 1.3812535032629967
  landing: 0.7949410304427147
  view-data: 3.529257245361805
