times:
  edit-metadata: 1.6917800270020962
  landing: 1.0598881356418133
  view-data: 3.410084795206785
