times:
  edit-metadata: 1.334306575357914
  landing: 0.7867030873894691
  view-data: 3.2882465422153473
