times:
  edit-metadata: 1.854260377585888
  landing: 1.0133987441658974
  view-data: 3.2789279147982597
