times:
  edit-metadata: 1.376615233719349
  landing: 0.8480376377701759
  view-data: 3.43373254686594
