times:
  edit-metadata: 1.4443224892020226
  landing: 0.8032625317573547
  view-data: 3.4283871948719025
