times:
  edit-metadata: 1.6015977412462234
  landing: 0.9313993416726589
  view-data: 3.373458933085203
