times:
  edit-metadata: 1.4729583859443665
  landing: 0.7408072799444199
  view-data: 3.45321998745203
