times:
  edit-metadata: 1.4297431632876396
  landing: 0.8230518102645874
  view-data: 3.4806773513555527
