times:
  edit-metadata: 1.5145332962274551
  landing: 0.8770033270120621
  view-data: 3.338860459625721
