times:
  edit-metadata: 1.6442738957703114
  landing: 0.8508479967713356
  view-data: 3.2867470532655716
