times:
  edit-metadata: 1.4585353583097458
  landing: 0.7769216150045395
  view-data: 3.338614411652088
