times:
  edit-metadata: 1.5293964371085167
  landing: 0.7741631641983986
  view-data: 3.5487812608480453
