times:
  edit-metadata: 1.4702953025698662
  landing: 0.7952257692813873
  view-data: 3.4792188107967377
