times:
  edit-metadata: 1.5969013199210167
  landing: 0.9837674126029015
  view-data: 3.307325057685375
