times:
  edit-metadata: 1.3750943541526794
  landing: 1.020521141588688
  view-data: 3.5123472809791565
