times:
  edit-metadata: 1.3475112244486809
  landing: 0.8521080911159515
  view-data: 3.5801101699471474
