times:
  edit-metadata: 1.3774104714393616
  landing: 0.7661642283201218
  view-data: 3.412838600575924
