times:
  edit-metadata: 1.7923809587955475
  landing: 0.8590185567736626
  view-data: 3.512466549873352
