times:
  edit-metadata: 1.3985070958733559
  landing: 0.7785086259245872
  view-data: 3.4026689901947975
