times:
  edit-metadata: 1.5171853825449944
  landing: 0.8306927755475044
  view-data: 3.4814028069376945
