times:
  edit-metadata: 1.4711657539010048
  landing: 0.7507986426353455
  view-data: 3.4577906727790833
