times:
  edit-metadata: 1.4597513042390347
  landing: 0.8734982050955296
  view-data: 3.3599364794790745
