times:
  edit-metadata: 1.481072373688221
  landing: 0.8080002516508102
  view-data: 3.4547062814235687
