times:
  edit-metadata: 1.454440962523222
  landing: 0.7548522129654884
  view-data: 3.284088660031557
