times:
  edit-metadata: 1.4507293403148651
  landing: 0.8706208169460297
  view-data: 3.3526715114712715
