times:
  edit-metadata: 1.7588030472397804
  landing: 0.8687517419457436
  view-data: 3.3151372224092484
