times:
  edit-metadata: 1.3815621435642242
  landing: 0.9605811834335327
  view-data: 3.59038919955492
