times:
  edit-metadata: 1.5300122275948524
  landing: 0.7876084484159946
  view-data: 3.306659184396267
