times:
  edit-metadata: 1.5255988761782646
  landing: 0.9558928906917572
  view-data: 3.5066551566123962
