times:
  edit-metadata: 1.574749082326889
  landing: 0.8286159262061119
  view-data: 3.4658448174595833
