times:
  edit-metadata: 1.4419774860143661
  landing: 0.8580890968441963
  view-data: 3.4576027393341064
