times:
  edit-metadata: 1.4542864933609962
  landing: 0.8685491047799587
  view-data: 3.3149428628385067
