times:
  edit-metadata: 1.447911150753498
  landing: 0.7753246799111366
  view-data: 3.48626846075058
