times:
  edit-metadata: 1.5308466106653214
  landing: 0.7811981588602066
  view-data: 3.4811342507600784
