times:
  edit-metadata: 1.5709801390767097
  landing: 0.8206410929560661
  view-data: 3.455819644033909
