times:
  edit-metadata: 1.4293357394635677
  landing: 0.9282693266868591
  view-data: 3.3337938375771046
