times:
  edit-metadata: 1.4103820845484734
  landing: 0.8653181940317154
  view-data: 3.4747513607144356
