times:
  edit-metadata: 1.379272222518921
  landing: 0.8819739520549774
  view-data: 3.3770381659269333
