times:
  edit-metadata: 1.4616983607411385
  landing: 0.8394949361681938
  view-data: 3.5092265978455544
