times:
  edit-metadata: 1.5099821276962757
  landing: 0.8809758089482784
  view-data: 3.344586305320263
