times:
  edit-metadata: 1.4446436204016209
  landing: 0.8053176589310169
  view-data: 3.333182130008936
