times:
  edit-metadata: 1.499020505696535
  landing: 0.8827432617545128
  view-data: 3.287595644593239
