times:
  edit-metadata: 1.4452586621046066
  landing: 0.760833352804184
  view-data: 3.5158949121832848
