times:
  edit-metadata: 1.4930398128926754
  landing: 0.8526651076972485
  view-data: 3.3350479528307915
