times:
  edit-metadata: 1.5517449229955673
  landing: 0.914039570838213
  view-data: 3.4300215132534504
