times:
  edit-metadata: 1.3146614134311676
  landing: 0.8177998289465904
  view-data: 3.530792772769928
