times:
  edit-metadata: 2.467002682387829
  landing: 1.5741872638463974
  view-data: 4.354360118508339
