times:
  edit-metadata: 1.440713595598936
  landing: 0.8602261766791344
  view-data: 3.3701577372848988
