times:
  edit-metadata: 1.8622824773192406
  landing: 0.8860396966338158
  view-data: 3.845813050866127
