times:
  edit-metadata: 1.4946869015693665
  landing: 0.775536447763443
  view-data: 3.462079629302025
