times:
  edit-metadata: 1.462684080004692
  landing: 0.7991746105253696
  view-data: 3.3077354170382023
