times:
  edit-metadata: 1.3323098048567772
  landing: 0.8317243531346321
  view-data: 3.424394302070141
