times:
  edit-metadata: 1.544807393103838
  landing: 0.8439094200730324
  view-data: 3.2985296882689
