times:
  edit-metadata: 1.4640889689326286
  landing: 0.7819152995944023
  view-data: 3.848593518137932
