times:
  edit-metadata: 1.480412121862173
  landing: 0.8697117045521736
  view-data: 3.2935040071606636
