times:
  edit-metadata: 1.3504613190889359
  landing: 0.7397246286273003
  view-data: 3.4122049137949944
