times:
  edit-metadata: 1.4265073090791702
  landing: 0.7719689980149269
  view-data: 3.445888541638851
