times:
  edit-metadata: 1.523227158933878
  landing: 0.8221459239721298
  view-data: 3.338172387331724
