times:
  edit-metadata: 1.8748184740543365
  landing: 1.038177102804184
  view-data: 3.2689228951931
