times:
  edit-metadata: 1.3994529247283936
  landing: 0.8193893805146217
  view-data: 3.3249400854110718
