times:
  edit-metadata: 1.4707074165344238
  landing: 0.8579440861940384
  view-data: 3.5321267023682594
