times:
  edit-metadata: 2.7162993103265762
  landing: 1.7284948527812958
  view-data: 3.447620503604412
