times:
  edit-metadata: 1.7280847430229187
  landing: 1.1828164383769035
  view-data: 3.3519014604389668
