times:
  edit-metadata: 3.030692420899868
  landing: 1.5457414016127586
  view-data: 3.62251228839159
