times:
  edit-metadata: 1.874753661453724
  landing: 1.5264597982168198
  view-data: 3.3961565643548965
