times:
  edit-metadata: 1.5105316191911697
  landing: 0.8608775585889816
  view-data: 3.594501882791519
