times:
  edit-metadata: 1.375721786171198
  landing: 0.7575112096965313
  view-data: 3.332621969282627
