times:
  edit-metadata: 1.5048373974859715
  landing: 0.903702512383461
  view-data: 3.385322082787752
