times:
  edit-metadata: 1.5603746213018894
  landing: 0.8840671814978123
  view-data: 3.3507441990077496
