times:
  edit-metadata: 1.4681206867098808
  landing: 0.8588706031441689
  view-data: 3.5276663303375244
