times:
  edit-metadata: 1.4901783093810081
  landing: 0.8074972182512283
  view-data: 3.4914192855358124
