times:
  edit-metadata: 1.4212403409183025
  landing: 0.7881824336946011
  view-data: 3.3068825863301754
