times:
  edit-metadata: 1.5889051593840122
  landing: 0.8220917172729969
  view-data: 3.306893680244684
