times:
  edit-metadata: 1.914893887937069
  landing: 0.9375120997428894
  view-data: 3.31027190387249
