times:
  edit-metadata: 1.4564000591635704
  landing: 1.0292872190475464
  view-data: 3.505537897348404
