times:
  edit-metadata: 1.4112628176808357
  landing: 0.8091369494795799
  view-data: 3.4142092168331146
