times:
  edit-metadata: 1.587464302778244
  landing: 0.86298643425107
  view-data: 3.3072386905550957
