times:
  edit-metadata: 1.4312493726611137
  landing: 0.8833554722368717
  view-data: 3.3703977279365063
