times:
  edit-metadata: 1.4161505848169327
  landing: 0.827375952154398
  view-data: 3.324935782700777
