times:
  edit-metadata: 1.7870532236993313
  landing: 0.9977855160832405
  view-data: 3.30780665948987
