times:
  edit-metadata: 1.491684451699257
  landing: 0.8888856619596481
  view-data: 3.330145813524723
