times:
  edit-metadata: 1.3865701109170914
  landing: 0.8328104838728905
  view-data: 3.3110198080539703
