times:
  edit-metadata: 1.5304928347468376
  landing: 0.9112842530012131
  view-data: 3.3019607961177826
