times:
  edit-metadata: 1.4744510650634766
  landing: 0.8583556264638901
  view-data: 3.2860235273838043
