times:
  edit-metadata: 1.3383271545171738
  landing: 0.8375637829303741
  view-data: 3.471730127930641
