times:
  edit-metadata: 1.4559219256043434
  landing: 0.8613432087004185
  view-data: 3.301861148327589
