times:
  edit-metadata: 1.443417176604271
  landing: 0.9016692042350769
  view-data: 3.530207470059395
