times:
  edit-metadata: 1.412212297320366
  landing: 0.8219315409660339
  view-data: 3.5935611948370934
