times:
  edit-metadata: 1.529256097972393
  landing: 1.026383437216282
  view-data: 3.2589074075222015
