times:
  edit-metadata: 1.4819309040904045
  landing: 1.1117480397224426
  view-data: 3.3620561212301254
