times:
  edit-metadata: 1.4331112205982208
  landing: 0.788185216486454
  view-data: 3.5091116055846214
