times:
  edit-metadata: 1.8021839931607246
  landing: 1.1002393513917923
  view-data: 3.398549072444439
