times:
  edit-metadata: 1.4271558672189713
  landing: 0.8248006999492645
  view-data: 3.2735067531466484
