times:
  edit-metadata: 1.4777544289827347
  landing: 0.7820317484438419
  view-data: 3.3307209461927414
