times:
  edit-metadata: 1.385475791990757
  landing: 0.9666956216096878
  view-data: 3.510230131447315
