times:
  edit-metadata: 1.3282428681850433
  landing: 0.8146842792630196
  view-data: 3.4891894683241844
