times:
  edit-metadata: 1.5295850783586502
  landing: 0.9007286690175533
  view-data: 3.598498899489641
