times:
  edit-metadata: 1.8058616667985916
  landing: 1.0949822440743446
  view-data: 3.5892400667071342
