times:
  edit-metadata: 1.429057888686657
  landing: 0.748838908970356
  view-data: 0.48780785501003265
