times:
  edit-metadata: 1.6613256707787514
  landing: 0.9585736244916916
  view-data: 3.382753849029541
