times:
  edit-metadata: 1.4328311532735825
  landing: 0.7643629908561707
  view-data: 3.3251830860972404
