times:
  edit-metadata: 1.4132247939705849
  landing: 0.7791775763034821
  view-data: 3.377260148525238
