times:
  edit-metadata: 1.4797438457608223
  landing: 0.9348322153091431
  view-data: 3.320830587297678
