times:
  edit-metadata: 1.3635270521044731
  landing: 0.7021522149443626
  view-data: 3.4858163967728615
