times:
  edit-metadata: 1.4317694082856178
  landing: 0.7309533730149269
  view-data: 3.4753445982933044
