times:
  edit-metadata: 1.3518371805548668
  landing: 0.7868787124752998
  view-data: 3.393335275352001
