times:
  edit-metadata: 1.447371006011963
  landing: 0.7782482877373695
  view-data: 3.5385941714048386
