times:
  edit-metadata: 1.6721354946494102
  landing: 0.8457272723317146
  view-data: 3.584292620420456
