times:
  edit-metadata: 1.4878492429852486
  landing: 1.1431923061609268
  view-data: 3.650633357465267
