times:
  edit-metadata: 1.5598102062940598
  landing: 0.8942921981215477
  view-data: 3.285918179899454
