times:
  edit-metadata: 1.7899399250745773
  landing: 1.245923362672329
  view-data: 3.337443917989731
