times:
  edit-metadata: 1.341086968779564
  landing: 0.8852596506476402
  view-data: 3.271045446395874
