times:
  edit-metadata: 1.8759705424308777
  landing: 1.1322076730430126
  view-data: 3.3626158349215984
