times:
  edit-metadata: 1.7953425832092762
  landing: 1.1963167078793049
  view-data: 3.8407594561576843
