times:
  edit-metadata: 1.7480827495455742
  landing: 0.9289991036057472
  view-data: 3.343502029776573
