times:
  edit-metadata: 1.459962971508503
  landing: 0.8274168595671654
  view-data: 3.461198590695858
