times:
  edit-metadata: 1.504743330180645
  landing: 0.7909182496368885
  view-data: 3.3433537147939205
