times:
  edit-metadata: 1.3606779649853706
  landing: 0.7896742671728134
  view-data: 3.3385577723383904
