times:
  edit-metadata: 1.397745169699192
  landing: 0.8735736459493637
  view-data: 3.4404554218053818
