times:
  edit-metadata: 1.499522875994444
  landing: 0.9732963815331459
  view-data: 3.3636457473039627
