times:
  edit-metadata: 1.499997317790985
  landing: 0.9108758196234703
  view-data: 3.4451035857200623
