times:
  edit-metadata: 1.4325013905763626
  landing: 0.8062758147716522
  view-data: 3.3594567626714706
