times:
  edit-metadata: 1.397332601249218
  landing: 0.8601295650005341
  view-data: 3.3593489415943623
