times:
  edit-metadata: 1.4394357353448868
  landing: 0.7043988481163979
  view-data: 3.474080763757229
