times:
  edit-metadata: 1.4441859796643257
  landing: 0.6975008398294449
  view-data: 3.3687264025211334
