times:
  edit-metadata: 1.2863730788230896
  landing: 0.8107000291347504
  view-data: 3.3579553700983524
