times:
  edit-metadata: 1.6306413561105728
  landing: 0.8385190963745117
  view-data: 3.4109014123678207
