times:
  edit-metadata: 1.5433416664600372
  landing: 0.8615498766303062
  view-data: 3.303737945854664
