times:
  edit-metadata: 1.4337539076805115
  landing: 0.8125339150428772
  view-data: 3.4884959906339645
