times:
  edit-metadata: 1.469325341284275
  landing: 0.7788605317473412
  view-data: 3.5194764509797096
