times:
  edit-metadata: 1.35410001501441
  landing: 0.7698847651481628
  view-data: 3.3172305673360825
