times:
  edit-metadata: 1.4266577698290348
  landing: 0.8674525246024132
  view-data: 3.304817706346512
