times:
  edit-metadata: 1.4436364322900772
  landing: 0.7836484462022781
  view-data: 3.2865908592939377
