times:
  edit-metadata: 2.374613083899021
  landing: 1.198706679046154
  view-data: 3.7643364667892456
