times:
  edit-metadata: 1.5875588208436966
  landing: 0.8627903237938881
  view-data: 3.558247648179531
