times:
  edit-metadata: 1.664853721857071
  landing: 0.9521955698728561
  view-data: 3.3793787211179733
