times:
  edit-metadata: 1.3716412708163261
  landing: 0.7553787305951118
  view-data: 3.396919719874859
