times:
  edit-metadata: 1.4686059951782227
  landing: 0.7541845664381981
  view-data: 3.4626011475920677
