times:
  edit-metadata: 1.5251586474478245
  landing: 0.7138768695294857
  view-data: 3.332323830574751
