times:
  edit-metadata: 1.3804943040013313
  landing: 1.0549359247088432
  view-data: 3.589104048907757
