times:
  edit-metadata: 1.9994526468217373
  landing: 1.0056963413953781
  view-data: 3.3461239896714687
