times:
  edit-metadata: 1.4970746859908104
  landing: 0.802945826202631
  view-data: 3.359344519674778
