times:
  edit-metadata: 1.447945199906826
  landing: 0.7514855936169624
  view-data: 3.3790268152952194
