times:
  edit-metadata: 2.0852679535746574
  landing: 1.3111584559082985
  view-data: 3.6952391490340233
