times:
  edit-metadata: 1.4444288723170757
  landing: 0.8201516717672348
  view-data: 3.3183532245457172
