times:
  edit-metadata: 1.5800509601831436
  landing: 0.7380682602524757
  view-data: 3.4699151888489723
