times:
  edit-metadata: 1.8037118762731552
  landing: 0.8044926449656487
  view-data: 3.335928548127413
