times:
  edit-metadata: 2.048319235444069
  landing: 1.1067431569099426
  view-data: 3.6905784606933594
