times:
  edit-metadata: 1.3949600905179977
  landing: 1.2784636467695236
  view-data: 3.29686538875103
