times:
  edit-metadata: 1.4539602473378181
  landing: 0.8485284149646759
  view-data: 3.2928277105093002
