times:
  edit-metadata: 1.3805427327752113
  landing: 0.667739100754261
  view-data: 3.52472485601902
