times:
  edit-metadata: 1.7698421105742455
  landing: 1.0100453794002533
  view-data: 3.532169856131077
