times:
  edit-metadata: 1.4151787236332893
  landing: 0.8504108041524887
  view-data: 3.4948266819119453
