times:
  edit-metadata: 1.4703933075070381
  landing: 0.7315840423107147
  view-data: 3.4732081219553947
