times:
  edit-metadata: 1.4930732250213623
  landing: 0.9251451417803764
  view-data: 3.5105310529470444
