times:
  edit-metadata: 1.5629517957568169
  landing: 0.8285591006278992
  view-data: 3.319030027836561
