times:
  edit-metadata: 1.4267787262797356
  landing: 0.7329122945666313
  view-data: 3.4764098152518272
