times:
  edit-metadata: 1.372477900236845
  landing: 0.8643826059997082
  view-data: 3.284514244645834
