times:
  edit-metadata: 1.438617892563343
  landing: 0.7687896341085434
  view-data: 3.5361777916550636
