times:
  edit-metadata: 1.396257407963276
  landing: 0.7254357188940048
  view-data: 3.284687638282776
