times:
  edit-metadata: 1.4722743853926659
  landing: 0.8799453973770142
  view-data: 3.4305674135684967
