times:
  edit-metadata: 1.460070326924324
  landing: 0.8975468538701534
  view-data: 3.302661683410406
