times:
  edit-metadata: 1.3775331526994705
  landing: 0.7100101783871651
  view-data: 3.4719719514250755
