times:
  edit-metadata: 1.435999482870102
  landing: 0.7873524576425552
  view-data: 3.490701586008072
