times:
  edit-metadata: 1.3817907571792603
  landing: 0.7621802613139153
  view-data: 3.454777128994465
