times:
  edit-metadata: 1.4169977009296417
  landing: 0.7632904201745987
  view-data: 3.4181838408112526
