times:
  edit-metadata: 1.5498436391353607
  landing: 0.906434491276741
  view-data: 3.3417658656835556
