times:
  edit-metadata: 1.6886538192629814
  landing: 0.8921264484524727
  view-data: 3.323445774614811
