times:
  edit-metadata: 1.5252790488302708
  landing: 0.8419433236122131
  view-data: 3.3149280697107315
