times:
  edit-metadata: 1.416355900466442
  landing: 0.8273734301328659
  view-data: 3.331652995198965
