times:
  edit-metadata: 1.5536368936300278
  landing: 0.9221893101930618
  view-data: 3.3615097999572754
