times:
  edit-metadata: 1.4006972014904022
  landing: 0.8064875341951847
  view-data: 3.360847283154726
