times:
  edit-metadata: 1.4189357832074165
  landing: 0.7874723523855209
  view-data: 3.328124485909939
