times:
  edit-metadata: 1.3798147439956665
  landing: 0.9090627208352089
  view-data: 3.2799909599125385
