times:
  edit-metadata: 1.4433407746255398
  landing: 0.8246204853057861
  view-data: 3.381681066006422
