times:
  edit-metadata: 1.432623066008091
  landing: 0.832269661128521
  view-data: 3.319755282253027
