times:
  edit-metadata: 2.0651567727327347
  landing: 1.146693266928196
  view-data: 3.59176916629076
