times:
  edit-metadata: 1.2439799830317497
  landing: 0.7502807900309563
  view-data: 3.5335786789655685
