times:
  edit-metadata: 1.4993285834789276
  landing: 0.8111605420708656
  view-data: 3.438684806227684
