times:
  edit-metadata: 1.5086245387792587
  landing: 0.765538863837719
  view-data: 3.478139027953148
