times:
  edit-metadata: 1.7932303622364998
  landing: 0.8546880483627319
  view-data: 3.4671542569994926
