times:
  edit-metadata: 1.4445956461131573
  landing: 0.820774719119072
  view-data: 3.2990999594330788
