times:
  edit-metadata: 1.5939599573612213
  landing: 1.223887175321579
  view-data: 3.6155813336372375
