times:
  edit-metadata: 1.5420828759670258
  landing: 0.9313485100865364
  view-data: 3.480329692363739
