times:
  edit-metadata: 1.5453070104122162
  landing: 0.8524650223553181
  view-data: 3.3249428123235703
