times:
  edit-metadata: 1.9161889553070068
  landing: 1.1913867220282555
  view-data: 3.6656913608312607
