times:
  edit-metadata: 1.44196155667305
  landing: 0.8425225764513016
  view-data: 3.485295757651329
