times:
  edit-metadata: 1.50557641685009
  landing: 0.8040616996586323
  view-data: 3.341285903006792
