times:
  edit-metadata: 1.368203654885292
  landing: 0.7783756628632545
  view-data: 3.2796444818377495
