times:
  edit-metadata: 1.3848784305155277
  landing: 0.7958050705492496
  view-data: 3.2761674411594868
