times:
  edit-metadata: 1.442529983818531
  landing: 1.0090232826769352
  view-data: 3.344551369547844
