times:
  edit-metadata: 1.4746969789266586
  landing: 0.8031414076685905
  view-data: 3.3188054487109184
