times:
  edit-metadata: 1.3372081480920315
  landing: 0.7364643141627312
  view-data: 3.2819431759417057
