times:
  edit-metadata: 1.345745287835598
  landing: 0.7848931923508644
  view-data: 3.4206626638770103
