times:
  edit-metadata: 1.3723856806755066
  landing: 0.7892880886793137
  view-data: 3.5224664732813835
