times:
  edit-metadata: 1.873455721884966
  landing: 1.1860429532825947
  view-data: 3.338269419968128
