times:
  edit-metadata: 1.7212008200585842
  landing: 0.793938685208559
  view-data: 3.2360514998435974
