times:
  edit-metadata: 1.3371872268617153
  landing: 0.7721583172678947
  view-data: 3.3326820209622383
