times:
  edit-metadata: 1.4896891750395298
  landing: 0.9502118788659573
  view-data: 0.6020923368632793
