times:
  edit-metadata: 1.469099074602127
  landing: 0.7786271385848522
  view-data: 3.390722945332527
