times:
  edit-metadata: 1.5891590937972069
  landing: 1.0829680487513542
  view-data: 3.4985264725983143
