times:
  edit-metadata: 1.5180299431085587
  landing: 0.7701963186264038
  view-data: 3.363227978348732
