times:
  edit-metadata: 1.7216086387634277
  landing: 1.0211787559092045
  view-data: 3.3459200896322727
