times:
  edit-metadata: 1.4611682817339897
  landing: 0.8686303794384003
  view-data: 3.490440972149372
