times:
  edit-metadata: 1.4013168290257454
  landing: 0.8660139366984367
  view-data: 3.534066803753376
