times:
  edit-metadata: 1.3957532346248627
  landing: 0.7454269155859947
  view-data: 3.408208228647709
