times:
  edit-metadata: 1.4211944118142128
  landing: 0.8026531711220741
  view-data: 3.554497130215168
