times:
  edit-metadata: 1.3674373477697372
  landing: 0.8100303635001183
  view-data: 3.416375659406185
