times:
  edit-metadata: 1.551885113120079
  landing: 0.7661877349019051
  view-data: 3.4858458340168
