times:
  edit-metadata: 1.4288794323801994
  landing: 0.8741694018244743
  view-data: 3.502438001334667
