times:
  edit-metadata: 1.4513811022043228
  landing: 0.8067269995808601
  view-data: 3.5369420275092125
