times:
  edit-metadata: 1.4117748513817787
  landing: 0.7393168807029724
  view-data: 3.4118870347738266
