times:
  edit-metadata: 1.404506016522646
  landing: 0.8955398835241795
  view-data: 3.30436347424984
