times:
  edit-metadata: 1.5678867250680923
  landing: 0.7648104354739189
  view-data: 3.4203780367970467
