times:
  edit-metadata: 1.5280925035476685
  landing: 0.81301598995924
  view-data: 3.3691945895552635
