times:
  edit-metadata: 1.5085876286029816
  landing: 0.70193912088871
  view-data: 3.4732491970062256
