times:
  edit-metadata: 1.6866694688796997
  landing: 0.8738566040992737
  view-data: 3.3226302340626717
