times:
  edit-metadata: 1.4348493851721287
  landing: 0.7431143298745155
  view-data: 3.251499976962805
