times:
  edit-metadata: 1.713664524257183
  landing: 1.0492345057427883
  view-data: 3.3086688071489334
