times:
  edit-metadata: 1.371103584766388
  landing: 0.8063981719315052
  view-data: 3.3108142241835594
