times:
  edit-metadata: 1.3674454912543297
  landing: 0.8441309630870819
  view-data: 3.3708784878253937
