times:
  edit-metadata: 1.430956020951271
  landing: 0.8002010136842728
  view-data: 3.3708245307207108
