times:
  edit-metadata: 1.3364773467183113
  landing: 0.7180483564734459
  view-data: 3.4839021041989326
