times:
  edit-metadata: 1.415651112794876
  landing: 0.7342115789651871
  view-data: 3.4887760281562805
