times:
  edit-metadata: 2.1825128197669983
  landing: 1.3639923110604286
  view-data: 3.6392482072114944
