times:
  edit-metadata: 1.4537337832152843
  landing: 0.7787924259901047
  view-data: 3.2674576714634895
