times:
  edit-metadata: 1.173554390668869
  landing: 0.7470348700881004
  view-data: 3.490357995033264
