times:
  edit-metadata: 1.4385699778795242
  landing: 0.7849400565028191
  view-data: 3.3056555315852165
