times:
  edit-metadata: 1.3954653516411781
  landing: 0.8120091706514359
  view-data: 3.578373149037361
