times:
  edit-metadata: 1.4289164990186691
  landing: 0.7644753679633141
  view-data: 3.441083751618862
