times:
  edit-metadata: 1.4321848303079605
  landing: 0.7656234726309776
  view-data: 3.5184448957443237
