times:
  edit-metadata: 1.6955803111195564
  landing: 0.9104563444852829
  view-data: 3.3513143956661224
