times:
  edit-metadata: 1.4245828725397587
  landing: 0.8039550259709358
  view-data: 3.3788044191896915
