times:
  edit-metadata: 1.4068994596600533
  landing: 0.8270725458860397
  view-data: 3.354609429836273
