times:
  edit-metadata: 1.4227316603064537
  landing: 0.9422796480357647
  view-data: 3.2967915385961533
