times:
  edit-metadata: 1.4975061677396297
  landing: 0.7618097625672817
  view-data: 3.659811656922102
