times:
  edit-metadata: 1.439456693828106
  landing: 0.7385171800851822
  view-data: 3.4179421961307526
