times:
  edit-metadata: 1.4064451456069946
  landing: 0.7463710829615593
  view-data: 3.523281514644623
