times:
  edit-metadata: 1.447014532983303
  landing: 0.8590756803750992
  view-data: 3.479857586324215
