times:
  edit-metadata: 1.4559747241437435
  landing: 0.8416231982409954
  view-data: 3.305021498352289
