times:
  edit-metadata: 1.4933267869055271
  landing: 0.7983927503228188
  view-data: 3.296249408274889
