times:
  edit-metadata: 1.4273659996688366
  landing: 0.7782437801361084
  view-data: 3.3033279478549957
