times:
  edit-metadata: 1.5868189446628094
  landing: 0.9508154205977917
  view-data: 3.2813432924449444
