times:
  edit-metadata: 1.5721706971526146
  landing: 0.934220977127552
  view-data: 3.3425880037248135
