times:
  edit-metadata: 1.5485244765877724
  landing: 0.7321159467101097
  view-data: 3.4623430967330933
