times:
  edit-metadata: 1.365393664687872
  landing: 0.7808165028691292
  view-data: 3.280273739248514
