times:
  edit-metadata: 1.5384655445814133
  landing: 0.8274302035570145
  view-data: 3.3663259744644165
