times:
  edit-metadata: 1.3938154578208923
  landing: 0.7466271594166756
  view-data: 3.4339618012309074
