times:
  edit-metadata: 1.492890439927578
  landing: 0.8626452907919884
  view-data: 3.4666154235601425
