times:
  edit-metadata: 1.5023211240768433
  landing: 0.975736953318119
  view-data: 3.3693488389253616
