times:
  edit-metadata: 1.4508113414049149
  landing: 0.9180454090237617
  view-data: 3.3214823976159096
