times:
  edit-metadata: 1.4566650092601776
  landing: 0.7648003175854683
  view-data: 3.503820262849331
