times:
  edit-metadata: 1.3603890240192413
  landing: 0.7354762926697731
  view-data: 3.499097317457199
