times:
  edit-metadata: 1.3655821979045868
  landing: 0.8399672359228134
  view-data: 3.52597875893116
