times:
  edit-metadata: 1.654036983847618
  landing: 0.8477636612951756
  view-data: 3.394984744489193
