times:
  edit-metadata: 1.6269141919910908
  landing: 0.8709906153380871
  view-data: 3.529273059219122
