times:
  edit-metadata: 1.5672411359846592
  landing: 0.9230179116129875
  view-data: 3.2988604567945004
