times:
  edit-metadata: 1.5029599517583847
  landing: 0.8265950530767441
  view-data: 3.4335676059126854
