times:
  edit-metadata: 1.4331179447472095
  landing: 0.8301163353025913
  view-data: 3.287673696875572
