times:
  edit-metadata: 1.437919832766056
  landing: 0.7431363314390182
  view-data: 3.5206351205706596
