times:
  edit-metadata: 1.619510155171156
  landing: 1.007156927138567
  view-data: 3.3491877242922783
