times:
  edit-metadata: 1.33146932721138
  landing: 0.8808373808860779
  view-data: 3.3119207806885242
