times:
  edit-metadata: 1.5796192660927773
  landing: 0.9160020351409912
  view-data: 3.5235723108053207
