times:
  edit-metadata: 1.5233938433229923
  landing: 0.9110928140580654
  view-data: 3.400983426719904
