times:
  edit-metadata: 1.4542950242757797
  landing: 0.7487389370799065
  view-data: 3.3174562826752663
