times:
  edit-metadata: 1.4479695931077003
  landing: 0.7521654367446899
  view-data: 3.454733446240425
