times:
  edit-metadata: 1.7126452066004276
  landing: 1.0097602121531963
  view-data: 3.459281235933304
