times:
  edit-metadata: 1.471644189208746
  landing: 0.7575721628963947
  view-data: 3.3012351989746094
