times:
  edit-metadata: 2.0740263387560844
  landing: 1.2765186056494713
  view-data: 3.4924024417996407
