times:
  edit-metadata: 1.444710973650217
  landing: 0.8528872802853584
  view-data: 3.325557790696621
