times:
  edit-metadata: 1.4874363206326962
  landing: 0.7931265123188496
  view-data: 3.303237695246935
