times:
  edit-metadata: 1.4020804315805435
  landing: 0.7977735847234726
  view-data: 3.2744439393281937
