times:
  edit-metadata: 1.4838759638369083
  landing: 0.856613352894783
  view-data: 3.326605122536421
