times:
  edit-metadata: 1.4306444078683853
  landing: 0.9825585298240185
  view-data: 3.308274768292904
