times:
  edit-metadata: 1.513963982462883
  landing: 0.7906896471977234
  view-data: 3.4717730209231377
