times:
  edit-metadata: 1.5133226811885834
  landing: 0.7960714772343636
  view-data: 3.5048438608646393
