times:
  edit-metadata: 1.455631472170353
  landing: 0.8206073939800262
  view-data: 3.474481947720051
