times:
  edit-metadata: 1.3483856432139874
  landing: 0.7676842287182808
  view-data: 3.2978829853236675
