times:
  edit-metadata: 1.48870100826025
  landing: 0.7893688231706619
  view-data: 3.4606621488928795
