times:
  edit-metadata: 1.402168057858944
  landing: 0.7709825187921524
  view-data: 3.3679768554866314
