times:
  edit-metadata: 2.308388367295265
  landing: 1.231605514883995
  view-data: 3.661806970834732
