times:
  edit-metadata: 1.4817076921463013
  landing: 0.753413550555706
  view-data: 3.4238926470279694
