times:
  edit-metadata: 1.4344456866383553
  landing: 0.8367302864789963
  view-data: 3.579650677740574
