times:
  edit-metadata: 1.8106890842318535
  landing: 1.1251016855239868
  view-data: 3.343054946511984
