times:
  edit-metadata: 1.513266183435917
  landing: 0.8166377246379852
  view-data: 3.506862096488476
