times:
  edit-metadata: 1.4518034011125565
  landing: 0.8426776751875877
  view-data: 3.3556458465754986
