times:
  edit-metadata: 1.5647903755307198
  landing: 0.8615737147629261
  view-data: 3.3378819189965725
