times:
  edit-metadata: 2.272740475833416
  landing: 1.449361577630043
  view-data: 3.6729497388005257
