times:
  edit-metadata: 1.5159648805856705
  landing: 0.8730844557285309
  view-data: 3.4312602654099464
