times:
  edit-metadata: 1.3659797385334969
  landing: 0.8281759172677994
  view-data: 3.4946092143654823
