times:
  edit-metadata: 1.3979966714978218
  landing: 0.7968282848596573
  view-data: 3.45622431486845
