times:
  edit-metadata: 1.4438520334661007
  landing: 0.8272147923707962
  view-data: 3.2920214012265205
