times:
  edit-metadata: 1.52778709679842
  landing: 0.7723291888833046
  view-data: 3.4007582515478134
