times:
  edit-metadata: 1.4331859648227692
  landing: 0.8516403436660767
  view-data: 3.3020981959998608
