times:
  edit-metadata: 1.6025258526206017
  landing: 0.9249373450875282
  view-data: 3.5873655155301094
