times:
  edit-metadata: 1.9380435347557068
  landing: 1.29583241045475
  view-data: 3.715697444975376
