times:
  edit-metadata: 1.4574233442544937
  landing: 0.820259340107441
  view-data: 3.457858584821224
