times:
  edit-metadata: 2.045050673186779
  landing: 0.9664029106497765
  view-data: 3.5392924696207047
