times:
  edit-metadata: 1.5314286425709724
  landing: 1.092991590499878
  view-data: 3.478582739830017
