times:
  edit-metadata: 1.587107703089714
  landing: 0.826774325221777
  view-data: 3.381686232984066
