times:
  edit-metadata: 1.455959603190422
  landing: 0.7218337133526802
  view-data: 3.5035243332386017
