times:
  edit-metadata: 1.7346828132867813
  landing: 1.0301306024193764
  view-data: 3.456086963415146
