times:
  edit-metadata: 1.4980187192559242
  landing: 0.8714503943920135
  view-data: 3.305208809673786
