times:
  edit-metadata: 1.7639623247087002
  landing: 1.0142955966293812
  view-data: 3.2942906990647316
