times:
  edit-metadata: 1.4370405673980713
  landing: 0.8032179772853851
  view-data: 3.3125693574547768
