times:
  edit-metadata: 1.4443778917193413
  landing: 0.8264115750789642
  view-data: 3.4756093472242355
