times:
  edit-metadata: 1.4479349181056023
  landing: 0.7313823774456978
  view-data: 3.510546937584877
