times:
  edit-metadata: 1.4338948875665665
  landing: 0.7971615865826607
  view-data: 3.3029602766036987
