times:
  edit-metadata: 1.5181500762701035
  landing: 0.8271928057074547
  view-data: 3.2998838648200035
