times:
  edit-metadata: 1.5339714959263802
  landing: 0.8204392530024052
  view-data: 3.3938619680702686
