times:
  edit-metadata: 2.045303538441658
  landing: 1.6126518212258816
  view-data: 3.418996576219797
