times:
  edit-metadata: 1.490041334182024
  landing: 0.7911689877510071
  view-data: 3.264991756528616
