times:
  edit-metadata: 1.5283106938004494
  landing: 0.7418428063392639
  view-data: 3.482218734920025
