times:
  edit-metadata: 1.4869425892829895
  landing: 0.798242025077343
  view-data: 3.319560594856739
