times:
  edit-metadata: 1.4808010160923004
  landing: 0.8004115223884583
  view-data: 3.534272313117981
