times:
  edit-metadata: 1.3888098113238811
  landing: 0.9647922739386559
  view-data: 3.345785189419985
