times:
  edit-metadata: 1.883859608322382
  landing: 1.0479549057781696
  view-data: 3.3747543320059776
