times:
  edit-metadata: 1.3653564229607582
  landing: 0.8215569108724594
  view-data: 3.2731700725853443
