times:
  edit-metadata: 1.452995978295803
  landing: 0.8752734810113907
  view-data: 3.464805006980896
