times:
  edit-metadata: 1.50723185390234
  landing: 0.7581714317202568
  view-data: 3.2990947365760803
