times:
  edit-metadata: 1.5280273109674454
  landing: 0.9510188698768616
  view-data: 3.4378823786973953
