times:
  edit-metadata: 1.3964613750576973
  landing: 0.7772815153002739
  view-data: 3.3821090385317802
