times:
  edit-metadata: 1.6314572170376778
  landing: 0.7756553515791893
  view-data: 3.615867644548416
