times:
  edit-metadata: 1.5197946280241013
  landing: 0.7594627737998962
  view-data: 3.4208807200193405
