times:
  edit-metadata: 1.4786937981843948
  landing: 0.9043014049530029
  view-data: 3.3339995071291924
