times:
  edit-metadata: 1.552785787731409
  landing: 0.8403079062700272
  view-data: 3.2882284373044968
