times:
  edit-metadata: 1.4991348162293434
  landing: 0.8070313930511475
  view-data: 3.454679526388645
