times:
  edit-metadata: 1.4149722009897232
  landing: 0.9474356956779957
  view-data: 3.3467342890799046
