times:
  edit-metadata: 1.3849862292408943
  landing: 0.8553351014852524
  view-data: 3.483112782239914
