times:
  edit-metadata: 1.5452155955135822
  landing: 0.9689264595508575
  view-data: 3.392211589962244
