times:
  edit-metadata: 1.4398760423064232
  landing: 0.8057218790054321
  view-data: 3.3603095933794975
