times:
  edit-metadata: 1.4648012146353722
  landing: 0.8807997852563858
  view-data: 3.2863801047205925
