times:
  edit-metadata: 1.4050181806087494
  landing: 0.7234292477369308
  view-data: 3.301805131137371
