times:
  edit-metadata: 1.4326402246952057
  landing: 0.8108033388853073
  view-data: 3.534887559711933
