times:
  edit-metadata: 1.3849000707268715
  landing: 0.7937252596020699
  view-data: 3.394905000925064
