times:
  edit-metadata: 1.5124954581260681
  landing: 0.7544559612870216
  view-data: 3.40063214302063
