times:
  edit-metadata: 1.4240873605012894
  landing: 0.7931000739336014
  view-data: 3.286741904914379
