times:
  edit-metadata: 2.37858135253191
  landing: 1.4015454575419426
  view-data: 3.7796672582626343
