times:
  edit-metadata: 1.4802502989768982
  landing: 0.839202955365181
  view-data: 3.507366307079792
