times:
  edit-metadata: 1.4574173018336296
  landing: 0.7706658095121384
  view-data: 3.465882882475853
