times:
  edit-metadata: 1.438087873160839
  landing: 0.7463720515370369
  view-data: 3.4456459283828735
