times:
  edit-metadata: 1.4204676523804665
  landing: 0.7926401793956757
  view-data: 3.550522804260254
