times:
  edit-metadata: 1.5135518126189709
  landing: 0.8418430685997009
  view-data: 3.2938838750123978
