times:
  edit-metadata: 1.5322906523942947
  landing: 0.9091668203473091
  view-data: 3.3698143400251865
