times:
  edit-metadata: 1.461397048085928
  landing: 0.9064530208706856
  view-data: 3.3133220858871937
