times:
  edit-metadata: 1.4458180032670498
  landing: 0.9015894010663033
  view-data: 3.2757870480418205
