times:
  edit-metadata: 1.7661917060613632
  landing: 0.9560406394302845
  view-data: 3.439308639615774
