times:
  edit-metadata: 1.410779431462288
  landing: 0.7603348940610886
  view-data: 3.488082103431225
