times:
  edit-metadata: 1.4843442477285862
  landing: 0.8526462465524673
  view-data: 3.284057203680277
