times:
  edit-metadata: 1.5689301416277885
  landing: 0.8954409211874008
  view-data: 3.3681422993540764
