times:
  edit-metadata: 1.5073399767279625
  landing: 0.8542463034391403
  view-data: 3.485624738037586
