times:
  edit-metadata: 1.4370365738868713
  landing: 0.8549021407961845
  view-data: 3.4844514802098274
