times:
  edit-metadata: 1.4917876943945885
  landing: 0.7907286360859871
  view-data: 3.30582207813859
