times:
  edit-metadata: 1.4671376422047615
  landing: 0.7984597533941269
  view-data: 3.272141933441162
