times:
  edit-metadata: 1.5209622159600258
  landing: 0.9367157593369484
  view-data: 3.498440809547901
