times:
  edit-metadata: 1.5110994279384613
  landing: 0.8018581569194794
  view-data: 3.376822777092457
