times:
  edit-metadata: 1.4145682863891125
  landing: 0.9100836366415024
  view-data: 3.291794303804636
