times:
  edit-metadata: 1.6676119789481163
  landing: 1.1300309747457504
  view-data: 3.335118167102337
