times:
  edit-metadata: 1.3724839687347412
  landing: 0.7465805262327194
  view-data: 3.3747819513082504
