times:
  edit-metadata: 1.5554872825741768
  landing: 1.0418233424425125
  view-data: 3.569815143942833
