times:
  edit-metadata: 1.4786899462342262
  landing: 0.9132391214370728
  view-data: 3.3076090663671494
