times:
  edit-metadata: 1.694311786442995
  landing: 1.0295179150998592
  view-data: 3.3989148810505867
