times:
  edit-metadata: 1.5061089657247066
  landing: 0.7894144728779793
  view-data: 3.3678030408918858
