times:
  edit-metadata: 1.4224305152893066
  landing: 0.8180890679359436
  view-data: 3.4421886056661606
