times:
  edit-metadata: 1.425078697502613
  landing: 0.7744480594992638
  view-data: 3.442743994295597
