times:
  edit-metadata: 1.3803853914141655
  landing: 0.7593615651130676
  view-data: 3.564969889819622
