times:
  edit-metadata: 1.5251415520906448
  landing: 0.8147884905338287
  view-data: 3.481876276433468
