times:
  edit-metadata: 1.348723866045475
  landing: 0.7569811642169952
  view-data: 3.4134643748402596
