times:
  edit-metadata: 1.4876397550106049
  landing: 0.8194130584597588
  view-data: 3.3058646097779274
