times:
  edit-metadata: 1.4871790781617165
  landing: 1.1974010914564133
  view-data: 3.532679207623005
