times:
  edit-metadata: 1.5562843158841133
  landing: 0.898031622171402
  view-data: 3.2914342284202576
