times:
  edit-metadata: 1.595498789101839
  landing: 1.0063765197992325
  view-data: 3.327236231416464
