times:
  edit-metadata: 1.4210334345698357
  landing: 0.7888602837920189
  view-data: 3.560934841632843
