times:
  edit-metadata: 1.3823600932955742
  landing: 0.8195019289851189
  view-data: 3.524853892624378
