times:
  edit-metadata: 1.4292790815234184
  landing: 0.7093229293823242
  view-data: 3.443023681640625
