times:
  edit-metadata: 1.4564310684800148
  landing: 0.7856219708919525
  view-data: 3.350897192955017
