times:
  edit-metadata: 1.4148929491639137
  landing: 0.8791884779930115
  view-data: 3.3877806961536407
