times:
  edit-metadata: 1.9515646435320377
  landing: 1.332054428756237
  view-data: 3.5230483449995518
