times:
  edit-metadata: 1.3853593319654465
  landing: 0.8183443620800972
  view-data: 3.544572040438652
