times:
  edit-metadata: 1.6244779974222183
  landing: 0.9570108875632286
  view-data: 3.5140405148267746
