times:
  edit-metadata: 1.4713451340794563
  landing: 0.7698849104344845
  view-data: 3.343163598328829
