times:
  edit-metadata: 1.5234284810721874
  landing: 0.8704748377203941
  view-data: 3.3453936092555523
