times:
  edit-metadata: 1.4532540328800678
  landing: 0.8162394054234028
  view-data: 3.2583037801086903
