times:
  edit-metadata: 1.400926113128662
  landing: 0.7758126109838486
  view-data: 3.2921178564429283
