times:
  edit-metadata: 1.5124127119779587
  landing: 0.8297402858734131
  view-data: 3.559222288429737
