times:
  edit-metadata: 1.554548092186451
  landing: 0.782332256436348
  view-data: 3.4587252736091614
