times:
  edit-metadata: 1.6321396604180336
  landing: 0.9864028468728065
  view-data: 3.5716012120246887
