times:
  edit-metadata: 1.3769910708069801
  landing: 0.7337133958935738
  view-data: 3.3709629252552986
