times:
  edit-metadata: 1.4629685953259468
  landing: 0.8284843787550926
  view-data: 3.4639215245842934
