times:
  edit-metadata: 1.4847578071057796
  landing: 0.8861074112355709
  view-data: 3.404348373413086
