times:
  edit-metadata: 1.3416783884167671
  landing: 0.7792935371398926
  view-data: 3.4370846524834633
