times:
  edit-metadata: 1.6284876354038715
  landing: 0.910509493201971
  view-data: 3.337492134422064
