times:
  edit-metadata: 1.4326269254088402
  landing: 0.8073167204856873
  view-data: 3.292266398668289
