times:
  edit-metadata: 2.8409484177827835
  landing: 1.7575286105275154
  view-data: 3.778725527226925
