times:
  edit-metadata: 1.394067209213972
  landing: 1.1736633032560349
  view-data: 0.6482319198548794
