times:
  edit-metadata: 1.3550138026475906
  landing: 0.923611469566822
  view-data: 3.2665505036711693
