times:
  edit-metadata: 1.3170573376119137
  landing: 0.8410965353250504
  view-data: 3.34066304564476
