times:
  edit-metadata: 1.3967708870768547
  landing: 0.80190284922719
  view-data: 3.307429540902376
