times:
  edit-metadata: 1.5709115602076054
  landing: 0.9035638608038425
  view-data: 3.334777019917965
