times:
  edit-metadata: 1.389789268374443
  landing: 0.8069878295063972
  view-data: 3.3726696595549583
