times:
  edit-metadata: 1.2504515959881246
  landing: 0.0658745989203453
  view-data: 0.28378104604780674
