times:
  edit-metadata: 1.6120459958910942
  landing: 0.7155868019908667
  view-data: 3.3232424333691597
