times:
  landing: 0.5499040079999986
  view-data: 0.5534245069999884
