times:
  edit-metadata: 2.42573739902582
  landing: 0.04407203401206061
  view-data: 0.2199771839659661
