times:
  edit-metadata: 2.60129192750901
  landing: 0.019016794860363007
  view-data: 0.022159811109304428
