times:
  edit-metadata: 2.5378978890366852
  landing: 0.04285333689767867
  view-data: 0.22449448599945754
