times:
  edit-metadata: 1.1311761923134327
  landing: 0.036928155459463596
  view-data: 0.23940865136682987
