times:
  edit-metadata: 2.4850634849863127
  landing: 0.037969786033499986
  view-data: 0.33589754899730906
