times:
  edit-metadata: 2.6042717401869595
  landing: 0.05741453915834427
  view-data: 0.2168580130673945
