times:
  edit-metadata: 2.628402275033295
  landing: 0.04711361997760832
  view-data: 0.22159466403536499
