times:
  landing: 0.5621681540000054
  view-data: 0.5741528439999684
