times:
  edit-metadata: 1.5469751730561256
  landing: 1.0442140325903893
  view-data: 3.433735338971019
