times:
  edit-metadata: 1.279650948010385
  landing: 0.07237290311604738
  view-data: 0.25280399015173316
