times:
  edit-metadata: 2.3220537388697267
  landing: 0.0237424960359931
  view-data: 0.12046444788575172
