times:
  edit-metadata: 2.1568085514009
  landing: 0.2319215089082718
  view-data: 0.39507930632680655
