times:
  landing: 1.0750230460000125
  view-data: 0.5670993580000072
