times:
  landing: 0.5482375779999984
  view-data: 0.5605402520000098
