times:
  edit-metadata: 2.805317211197689
  landing: 0.0497638660017401
  view-data: 0.23686161590740085
