times:
  edit-metadata: 2.1107830312103033
  landing: 0.02143264189362526
  view-data: 0.12379231210798025
