times:
  landing: 0.5504776319999678
  view-data: 0.5600901860000249
