times:
  landing: 0.5495275959999901
  view-data: 0.5684388030000207
