times:
  edit-metadata: 1.5519159585237503
  landing: 0.867285093292594
  view-data: 3.421381138265133
