times:
  edit-metadata: 1.3237441880628467
  landing: 0.8101879630703479
  view-data: 3.329038738971576
