times:
  edit-metadata: 1.4026497974991798
  landing: 0.9018607623875141
  view-data: 3.315044727176428
