times:
  edit-metadata: 1.260064743924886
  landing: 0.07590614492073655
  view-data: 0.2507594171911478
