times:
  edit-metadata: 2.803720278898254
  landing: 0.04987757094204426
  view-data: 0.2256144320126623
