times:
  edit-metadata: 2.2522407472133636
  landing: 0.018400991335511208
  view-data: 0.3148826863616705
