times:
  edit-metadata: 1.4580562352202833
  landing: 0.10569238290190697
  view-data: 0.3065953478217125
