times:
  edit-metadata: 1.3050671380478889
  landing: 0.048817423870787024
  view-data: 0.24552538199350238
