times:
  edit-metadata: 2.3720388673245907
  landing: 0.05973629653453827
  view-data: 0.24017948657274246
