times:
  landing: 1.0969570519999934
  view-data: 0.5573266330000024
