times:
  edit-metadata: 1.0997640853747725
  landing: 0.04237543046474457
  view-data: 0.23904586303979158
