times:
  edit-metadata: 1.4423624500632286
  landing: 0.966718029230833
  view-data: 3.3912335075438023
