times:
  edit-metadata: 2.5073333363980055
  landing: 0.16000617668032646
  view-data: 0.02368870936334133
