times:
  edit-metadata: 2.365881312638521
  landing: 0.24217076785862446
  view-data: 0.025018513202667236
