times:
  landing: 1.0781314890000147
  view-data: 0.5609237769999993
