times:
  edit-metadata: 2.6577554028481245
  landing: 0.8203429635614157
  view-data: 0.23098190873861313
