times:
  edit-metadata: 2.5877861101180315
  landing: 0.5965996738523245
  view-data: 0.3455462157726288
