times:
  landing: 0.5524801549999836
  view-data: 0.548858306999989
