times:
  edit-metadata: 1.534528210759163
  landing: 0.8859014883637428
  view-data: 3.4557373598217964
