times:
  edit-metadata: 2.481901518011
  landing: 0.046514633984770626
  view-data: 0.23324107902590185
