times:
  edit-metadata: 2.628548833075911
  landing: 0.04818641999736428
  view-data: 0.21234409790486097
