times:
  edit-metadata: 1.1207553455606103
  landing: 0.04064780753105879
  view-data: 0.22802559286355972
