times:
  edit-metadata: 2.593950130045414
  landing: 0.17326459288597107
  view-data: 0.15895411930978298
