times:
  edit-metadata: 2.562617605086416
  landing: 0.058607518672943115
  view-data: 0.2259912770241499
