times:
  edit-metadata: 2.229054031893611
  landing: 0.020764099434018135
  view-data: 0.02410643920302391
