times:
  edit-metadata: 2.2207810701802373
  landing: 0.020744730718433857
  view-data: 0.023610481061041355
