times:
  edit-metadata: 2.1813922561705112
  landing: 0.02065778337419033
  view-data: 0.024742208421230316
