times:
  edit-metadata: 1.519113939255476
  landing: 0.8633688353002071
  view-data: 3.4442557524889708
