times:
  edit-metadata: 1.9848411995917559
  landing: 1.1524117849767208
  view-data: 3.4801636952906847
