times:
  landing: 0.550085172000081
  view-data: 0.5525949020000098
