times:
  edit-metadata: 2.0244405497796834
  landing: 1.1452657571062446
  view-data: 3.274615190923214
