times:
  edit-metadata: 2.2024999326094985
  landing: 0.021690014749765396
  view-data: 0.02628331072628498
