times:
  edit-metadata: 2.4328328128904104
  landing: 0.053417721996083856
  view-data: 0.22187698306515813
