times:
  edit-metadata: 2.494077378883958
  landing: 0.6295676399022341
  view-data: 0.6492104232311249
