times:
  edit-metadata: 1.5679277256131172
  landing: 1.0332285724580288
  view-data: 3.3527612909674644
