times:
  edit-metadata: 1.3312759069958702
  landing: 0.06989988998975605
  view-data: 0.257968393038027
