times:
  landing: 0.5783731379999608
  view-data: 0.5576014160000113
