times:
  edit-metadata: 1.6543898852542043
  landing: 0.9439048394560814
  view-data: 3.3939828760921955
