times:
  edit-metadata: 2.532990336883813
  landing: 0.05340913194231689
  view-data: 0.26749584591016173
