times:
  edit-metadata: 2.4795018136501312
  landing: 0.043285153806209564
  view-data: 0.2349681593477726
