times:
  landing: 0.5515354309999339
  view-data: 0.5517181469999741
