times:
  edit-metadata: 2.6810139566659927
  landing: 0.7126133777201176
  view-data: 0.38412410765886307
