times:
  edit-metadata: 1.2422964964061975
  landing: 0.05231201881542802
  view-data: 0.23072654893621802
