times:
  edit-metadata: 3.39463676296873
  landing: 0.10626968601718545
  view-data: 0.39309786702506244
