times:
  edit-metadata: 1.6426782235503197
  landing: 1.0381648428738117
  view-data: 3.4064302034676075
