times:
  edit-metadata: 1.514090072363615
  landing: 0.7602386474609375
  view-data: 3.364273142069578
