times:
  edit-metadata: 1.4667588975280523
  landing: 0.9464627392590046
  view-data: 3.452173013240099
