times:
  edit-metadata: 2.66088556998875
  landing: 0.05066566800815053
  view-data: 0.22263740401831456
