times:
  edit-metadata: 2.088624275289476
  landing: 0.021740357391536236
  view-data: 0.11816314980387688
