times:
  edit-metadata: 2.2655440848320723
  landing: 0.019806381314992905
  view-data: 0.2139418125152588
