times:
  edit-metadata: 1.4128258526325226
  landing: 0.9428421519696712
  view-data: 3.340075634419918
