times:
  edit-metadata: 1.173306512646377
  landing: 0.04074126994237304
  view-data: 0.21862828684970737
