times:
  edit-metadata: 2.1070033479481936
  landing: 0.02057527657598257
  view-data: 0.40763245709240437
