times:
  edit-metadata: 1.3474608580581844
  landing: 0.07238021097145975
  view-data: 0.2623367980122566
