times:
  edit-metadata: 2.6706947442144156
  landing: 0.020996443927288055
  view-data: 0.2567472718656063
