times:
  edit-metadata: 2.5522731952369213
  landing: 0.040604252368211746
  view-data: 0.2320774793624878
