times:
  edit-metadata: 1.300206138053909
  landing: 0.058500182116404176
  view-data: 0.2527722080703825
