times:
  landing: 0.551044705999999
  view-data: 0.5633939629999816
