times:
  edit-metadata: 2.5591657776385546
  landing: 0.13211679458618164
  view-data: 0.14379788003861904
