times:
  landing: 1.0834210849999977
  view-data: 0.07629715599995279
