times:
  edit-metadata: 1.8265384957194328
  landing: 1.1264472790062428
  view-data: 3.377609718590975
