times:
  edit-metadata: 2.602735821157694
  landing: 0.047359900549054146
  view-data: 0.3520426172763109
