times:
  edit-metadata: 2.5935345179750584
  landing: 0.053481551993172616
  view-data: 0.23714112699963152
