times:
  edit-metadata: 2.7571355886757374
  landing: 2.1031430438160896
  view-data: 0.6857395134866238
