times:
  edit-metadata: 1.2494683410041034
  landing: 0.07042337895836681
  view-data: 0.26444172899937257
