times:
  landing: 0.5610032610001099
  view-data: 0.5575473280000551
