times:
  edit-metadata: 2.2464426420629025
  landing: 0.19652926735579967
  view-data: 0.3111008480191231
