times:
  edit-metadata: 2.420035343617201
  landing: 0.9534768685698509
  view-data: 0.3592113610357046
