times:
  edit-metadata: 2.556032322347164
  landing: 0.021422792226076126
  view-data: 0.043912678956985474
