times:
  edit-metadata: 2.4692452419549227
  landing: 0.036719738971441984
  view-data: 0.22499135602265596
