times:
  edit-metadata: 1.2439560759812593
  landing: 0.048768382985144854
  view-data: 0.23550717113539577
