times:
  landing: 1.0859196579999661
  view-data: 0.5829086319999988
