times:
  edit-metadata: 1.9451889172196388
  landing: 1.2228866256773472
  view-data: 3.4681135565042496
