times:
  edit-metadata: 1.3593785539997043
  landing: 0.045636463997652754
  view-data: 0.288225740994676
