times:
  edit-metadata: 2.533795967930928
  landing: 0.049150282982736826
  view-data: 0.22565479902550578
