times:
  landing: 1.7051512459293008
  view-data: 0.033728427020832896
