times:
  edit-metadata: 1.6115878447890282
  landing: 1.0516802854835987
  view-data: 3.2792460527271032
