times:
  edit-metadata: 1.1689308057539165
  landing: 0.04651138512417674
  view-data: 0.22712771827355027
