times:
  edit-metadata: 1.46009475691244
  landing: 0.8038046271540225
  view-data: 3.3813950570765883
