times:
  edit-metadata: 2.784933488816023
  landing: 0.04822205379605293
  view-data: 0.4927197676151991
