times:
  landing: 1.0691641660000073
  view-data: 0.5586911259999852
