times:
  edit-metadata: 1.200492452364415
  landing: 0.04459204198792577
  view-data: 0.22476659482344985
