times:
  edit-metadata: 1.3212232310324907
  landing: 0.06672999868169427
  view-data: 0.24355607898905873
