times:
  landing: 1.0814881929999842
  view-data: 0.556687710999995
