times:
  edit-metadata: 1.7895456366240978
  landing: 0.8863257355988026
  view-data: 3.3732563629746437
