times:
  edit-metadata: 2.212703723460436
  landing: 0.021212367340922356
  view-data: 0.31571247056126595
