times:
  edit-metadata: 1.4292461443692446
  landing: 0.8999119652435184
  view-data: 3.3751500574871898
