times:
  edit-metadata: 2.647048644721508
  landing: 0.7568912655115128
  view-data: 0.23606337793171406
