times:
  landing: 0.5492177769999955
  view-data: 0.557782885000023
