times:
  edit-metadata: 2.5372274704277515
  landing: 0.8398265428841114
  view-data: 0.47322976402938366
