times:
  edit-metadata: 3.0269795693457127
  landing: 0.06299671903252602
  view-data: 0.23397367633879185
