times:
  edit-metadata: 1.5320802479982376
  landing: 0.8374563194811344
  view-data: 3.359192006289959
