times:
  edit-metadata: 2.594565932988189
  landing: 0.04924595193006098
  view-data: 0.21711296297144145
