times:
  edit-metadata: 2.5640046317130327
  landing: 0.5755143258720636
  view-data: 0.6390882432460785
