times:
  edit-metadata: 1.2696741700638086
  landing: 0.07260289811529219
  view-data: 0.258466575993225
