times:
  edit-metadata: 2.532698345996323
  landing: 0.04663844899914693
  view-data: 0.22143042300012894
