times:
  edit-metadata: 1.2015197719447315
  landing: 0.04210252920165658
  view-data: 0.22738548507913947
