times:
  edit-metadata: 2.351421430706978
  landing: 0.025273261591792107
  view-data: 0.3657350670546293
