times:
  edit-metadata: 1.5359959658235312
  landing: 0.7380770482122898
  view-data: 3.3581493217498064
