times:
  edit-metadata: 2.744489064440131
  landing: 0.665018854662776
  view-data: 0.23647155612707138
