times:
  landing: 0.5606599539999877
  view-data: 0.5596762280000007
