times:
  edit-metadata: 1.4734518006443977
  landing: 0.9341883212327957
  view-data: 3.402059178799391
