times:
  edit-metadata: 1.53676375746727
  landing: 0.7559813503175974
  view-data: 3.3581177797168493
