times:
  edit-metadata: 1.6303120370721444
  landing: 0.9407071620225906
  view-data: 3.375651095993817
