times:
  edit-metadata: 1.39282638579607
  landing: 0.9585903473198414
  view-data: 3.3109045289456844
