times:
  edit-metadata: 2.910838896408677
  landing: 0.6014257203787565
  view-data: 0.206501180306077
