times:
  edit-metadata: 1.3577414848841727
  landing: 0.04749493720009923
  view-data: 0.25827084109187126
