times:
  edit-metadata: 3.2212077248841524
  landing: 0.25187588296830654
  view-data: 0.023218920454382896
