times:
  edit-metadata: 1.2461445261724293
  landing: 0.051110563799738884
  view-data: 0.2318385448306799
