times:
  edit-metadata: 2.19000400416553
  landing: 0.02200931776314974
  view-data: 0.36357416585087776
