times:
  landing: 0.5579064720000133
  view-data: 0.5566385729999865
