times:
  edit-metadata: 2.5528198145329952
  landing: 0.036985840648412704
  view-data: 0.2373720221221447
