times:
  edit-metadata: 1.2839303228538483
  landing: 0.06935053202323616
  view-data: 0.2774448611307889
