times:
  edit-metadata: 2.1859926795586944
  landing: 0.019742370583117008
  view-data: 0.1225010622292757
