times:
  edit-metadata: 2.353486444801092
  landing: 0.023756016045808792
  view-data: 0.15082420408725739
