times:
  edit-metadata: 1.2147111766971648
  landing: 0.043904866091907024
  view-data: 0.22878017369657755
