times:
  edit-metadata: 2.1439834190532565
  landing: 0.01853350829333067
  view-data: 0.12170783709734678
