times:
  edit-metadata: 2.505680455826223
  landing: 0.04274033708497882
  view-data: 0.2173280888237059
