times:
  edit-metadata: 2.518966255709529
  landing: 0.1906890533864498
  view-data: 0.17607952654361725
