times:
  edit-metadata: 1.094603299163282
  landing: 0.043550968170166016
  view-data: 0.22560152877122164
