times:
  edit-metadata: 2.1088304184377193
  landing: 1.1666340567171574
  view-data: 3.491638857871294
