times:
  edit-metadata: 1.629406105261296
  landing: 0.06624543201178312
  view-data: 0.2496049590408802
