times:
  edit-metadata: 2.3177464585751295
  landing: 0.019742226228117943
  view-data: 0.02415064163506031
