times:
  edit-metadata: 2.139930331148207
  landing: 0.11679602041840553
  view-data: 0.02611261047422886
