times:
  landing: 1.1021096170000533
  view-data: 0.5667587319999825
