times:
  edit-metadata: 2.6096271169371903
  landing: 0.04923632415011525
  view-data: 0.22290598414838314
