times:
  edit-metadata: 2.157835182733834
  landing: 0.19765685591846704
  view-data: 0.3969656387344003
