times:
  edit-metadata: 2.7194915376603603
  landing: 1.14360180683434
  view-data: 0.6674595978111029
