times:
  edit-metadata: 2.2150225155055523
  landing: 0.12638916447758675
  view-data: 0.3022200185805559
