times:
  edit-metadata: 1.335203757043928
  landing: 1.0037466330686584
  view-data: 3.3698828099295497
