times:
  edit-metadata: 1.4930611527524889
  landing: 0.10625238623470068
  view-data: 0.39291748916730285
