times:
  edit-metadata: 2.309924239292741
  landing: 0.22696161642670631
  view-data: 0.12317853793501854
