times:
  edit-metadata: 2.5332499891519547
  landing: 0.03906450793147087
  view-data: 0.2475908175110817
