times:
  edit-metadata: 2.6110941380029544
  landing: 0.043557801051065326
  view-data: 0.22613590396940708
