times:
  edit-metadata: 2.4379697386175394
  landing: 0.25019908137619495
  view-data: 0.024123510345816612
