times:
  edit-metadata: 1.4441430494189262
  landing: 0.9098573103547096
  view-data: 3.323496710509062
