times:
  edit-metadata: 2.39857610873878
  landing: 0.021277567371726036
  view-data: 0.026382163166999817
