times:
  edit-metadata: 2.76650264672935
  landing: 0.5899093151092529
  view-data: 0.6407384164631367
