times:
  edit-metadata: 1.5457498375326395
  landing: 0.7972498387098312
  view-data: 3.4007898308336735
