times:
  edit-metadata: 1.3278845474123955
  landing: 0.859819982200861
  view-data: 3.302959978580475
