times:
  edit-metadata: 2.214668364264071
  landing: 0.11475044395774603
  view-data: 0.02617437019944191
