times:
  edit-metadata: 1.5190067701041698
  landing: 0.9847277253866196
  view-data: 3.3820878714323044
