times:
  edit-metadata: 2.5041987001895905
  landing: 1.6198507901281118
  view-data: 3.797656251117587
