times:
  edit-metadata: 1.5921574872918427
  landing: 0.06930273119360209
  view-data: 0.24396357079967856
