times:
  edit-metadata: 1.6279618479311466
  landing: 0.9825928397476673
  view-data: 3.3562229722738266
