times:
  edit-metadata: 2.1699077365919948
  landing: 0.12143077608197927
  view-data: 0.02461115550249815
