times:
  edit-metadata: 2.745442209765315
  landing: 0.025742284953594208
  view-data: 0.4632163271307945
