times:
  landing: 0.5503304469999648
  view-data: 0.5495811360000289
