times:
  edit-metadata: 1.806423395872116
  landing: 0.9558911360800266
  view-data: 3.2686944752931595
