times:
  edit-metadata: 1.1243431102484465
  landing: 0.048117559403181076
  view-data: 0.2384305289015174
