times:
  edit-metadata: 2.143958709202707
  landing: 0.11783118266612291
  view-data: 0.11646759137511253
