times:
  edit-metadata: 2.113169393502176
  landing: 0.2001032419502735
  view-data: 0.025199539959430695
