times:
  edit-metadata: 2.676505796611309
  landing: 1.0942775383591652
  view-data: 0.6392865851521492
