times:
  edit-metadata: 1.264711030991748
  landing: 0.056980612920597196
  view-data: 0.2494431680534035
