times:
  edit-metadata: 1.1414888305589557
  landing: 0.04519413225352764
  view-data: 0.23168364074081182
