times:
  edit-metadata: 2.171391556970775
  landing: 0.02016384806483984
  view-data: 0.02315837237983942
