times:
  edit-metadata: 2.2171998992562294
  landing: 0.04608682170510292
  view-data: 0.23251350596547127
