times:
  edit-metadata: 1.1253484832122922
  landing: 0.045508834067732096
  view-data: 0.22150020999833941
