times:
  edit-metadata: 4.4486522115767
  landing: 1.799436081200838
  view-data: 3.5151056610047817
