times:
  landing: 1.0708571049999875
  view-data: 0.5687886439999943
