times:
  edit-metadata: 1.2881310831289738
  landing: 0.06559246289543808
  view-data: 0.25027742190286517
