times:
  edit-metadata: 1.5731602180749178
  landing: 0.7779407110065222
  view-data: 3.3050224240869284
