times:
  edit-metadata: 1.1034344928339124
  landing: 0.04200543649494648
  view-data: 0.2421238198876381
