times:
  edit-metadata: 1.1217313990928233
  landing: 0.035857344046235085
  view-data: 0.2405260456725955
