times:
  edit-metadata: 1.4663015380501747
  landing: 0.9494370110332966
  view-data: 3.3766832165420055
