times:
  edit-metadata: 1.5691714361310005
  landing: 0.11587511980906129
  view-data: 0.286148629616946
