times:
  edit-metadata: 2.2410142552107573
  landing: 0.019771347753703594
  view-data: 0.126055127941072
