times:
  landing: 0.5461762290000252
  view-data: 0.5569718250000051
