times:
  landing: 1.0854127719999838
  view-data: 0.5689281499999765
