times:
  edit-metadata: 2.535053163766861
  landing: 0.1613383237272501
  view-data: 0.02925656922161579
