times:
  edit-metadata: 2.317755615338683
  landing: 0.2454320602118969
  view-data: 0.3686468843370676
