times:
  edit-metadata: 2.8612087201327085
  landing: 0.4001378435641527
  view-data: 0.24507891573011875
