times:
  edit-metadata: 2.340386876836419
  landing: 0.13372356072068214
  view-data: 0.34941291436553
