times:
  landing: 0.5586917480000011
  view-data: 0.053259023999999044
