times:
  landing: 0.5465005850001035
  view-data: 0.5623082869997234
