times:
  landing: 0.5538010349999922
  view-data: 0.5539678460000346
