times:
  edit-metadata: 1.5435404758900404
  landing: 0.9487460572272539
  view-data: 3.395687995478511
