times:
  edit-metadata: 1.5512613356113434
  landing: 0.7330204769968987
  view-data: 3.3596860263496637
