times:
  landing: 0.5541517160000353
  view-data: 0.5658455859999663
