times:
  edit-metadata: 1.5631170570850372
  landing: 0.7968379333615303
  view-data: 3.3746029883623123
