times:
  landing: 0.549423991000026
  view-data: 0.5553958890000104
