times:
  edit-metadata: 1.6454748208634555
  landing: 0.11299109179526567
  view-data: 0.3346009971573949
