times:
  edit-metadata: 2.1453998358920217
  landing: 0.01904164534062147
  view-data: 0.1230724910274148
