times:
  edit-metadata: 1.2611689139157534
  landing: 0.06232540588825941
  view-data: 0.27678496344015
