times:
  edit-metadata: 2.4792599715292454
  landing: 0.020965072326362133
  view-data: 0.02394065447151661
