times:
  edit-metadata: 2.181201782077551
  landing: 1.130193218588829
  view-data: 3.4794262684881687
