times:
  edit-metadata: 1.438153300434351
  landing: 0.9135549366474152
  view-data: 3.316094148904085
