times:
  edit-metadata: 1.5215722899883986
  landing: 0.8472285829484463
  view-data: 3.419369213283062
