times:
  edit-metadata: 2.1229416662827134
  landing: 0.024441189132630825
  view-data: 0.19722175505012274
