times:
  edit-metadata: 1.1128648379817605
  landing: 0.05716120917350054
  view-data: 0.22389371693134308
