times:
  landing: 0.5644167350001226
  view-data: 0.5537662239994461
