times:
  edit-metadata: 1.2104058358818293
  landing: 0.0441922452300787
  view-data: 0.24636128591373563
