times:
  edit-metadata: 2.189048065803945
  landing: 0.15625601075589657
  view-data: 0.09836182650178671
