times:
  landing: 0.5457576060000235
  view-data: 0.5536508940000147
