times:
  edit-metadata: 2.569107074290514
  landing: 0.6366879288107157
  view-data: 0.32953798212110996
