times:
  landing: 0.5540525269999534
  view-data: 0.5630591729999992
