times:
  edit-metadata: 2.4574612870346755
  landing: 0.04556929203681648
  view-data: 0.22703890595585108
