times:
  edit-metadata: 1.2063360079191625
  landing: 0.043908925261348486
  view-data: 0.2227053572423756
