times:
  edit-metadata: 1.3790653822943568
  landing: 0.7980361683294177
  view-data: 3.288566567003727
