times:
  edit-metadata: 1.5584092233330011
  landing: 0.8187218755483627
  view-data: 3.4195215441286564
