times:
  edit-metadata: 1.3784435410052538
  landing: 0.0750738910282962
  view-data: 0.313077372033149
