times:
  edit-metadata: 2.1197578236460686
  landing: 0.11837086733430624
  view-data: 0.025597508996725082
