times:
  edit-metadata: 2.124785415828228
  landing: 0.15007728058844805
  view-data: 0.02393150795251131
