times:
  edit-metadata: 1.5074203591793776
  landing: 0.9599891770631075
  view-data: 3.4938191901892424
