times:
  edit-metadata: 1.5076338052749634
  landing: 0.7710523158311844
  view-data: 3.3753110878169537
