times:
  edit-metadata: 1.427085834555328
  landing: 0.9196126498281956
  view-data: 3.399153685197234
