times:
  edit-metadata: 1.361986318603158
  landing: 0.7253095284104347
  view-data: 3.341384071856737
