times:
  edit-metadata: 1.7040816992521286
  landing: 1.1062939390540123
  view-data: 3.3592225275933743
