times:
  edit-metadata: 2.7231842037290335
  landing: 1.0979134123772383
  view-data: 0.4693264104425907
