times:
  edit-metadata: 2.307852793019265
  landing: 0.22549307625740767
  view-data: 0.5344409197568893
