times:
  edit-metadata: 2.401527041569352
  landing: 0.22345638647675514
  view-data: 0.02833547629415989
