times:
  edit-metadata: 1.4955754382535815
  landing: 0.9118123045191169
  view-data: 3.4822290390729904
