times:
  edit-metadata: 1.5160728804767132
  landing: 0.8858234621584415
  view-data: 3.3683536127209663
