times:
  edit-metadata: 2.2416417114436626
  landing: 0.056093472987413406
  view-data: 0.24835112690925598
