times:
  edit-metadata: 2.1279750261455774
  landing: 0.02162402030080557
  view-data: 0.027786361053586006
