times:
  edit-metadata: 1.506122721824795
  landing: 0.7922661998309195
  view-data: 3.361020525917411
