times:
  edit-metadata: 1.2041454808786511
  landing: 0.04219146678224206
  view-data: 0.2319488669745624
