times:
  landing: 1.0944879360000073
  view-data: 0.5559395280000103
