times:
  edit-metadata: 1.419585061725229
  landing: 0.8597312429919839
  view-data: 3.37225105939433
