times:
  edit-metadata: 1.7201060382649302
  landing: 0.09974433621391654
  view-data: 0.28141497867181897
