times:
  landing: 1.0720861419999892
  view-data: 0.5623874059999707
