times:
  edit-metadata: 1.089640669990331
  landing: 0.04758019605651498
  view-data: 0.24534124368801713
