times:
  landing: 0.5545002829999817
  view-data: 0.554664793000029
