times:
  edit-metadata: 1.6468913089483976
  landing: 0.8184872753918171
  view-data: 3.385430820286274
