times:
  edit-metadata: 2.6317079910077155
  landing: 0.05393102020025253
  view-data: 0.21954634599387646
