times:
  edit-metadata: 1.4218398369848728
  landing: 0.7879659309983253
  view-data: 3.3161406591534615
