times:
  landing: 0.5435905520000688
  view-data: 0.5440752519999705
