times:
  edit-metadata: 2.2721137469634414
  landing: 0.12633544392883778
  view-data: 0.5018569491803646
