times:
  edit-metadata: 2.171452358365059
  landing: 0.027093762531876564
  view-data: 0.1288603562861681
