times:
  edit-metadata: 2.616350555792451
  landing: 0.6410788334906101
  view-data: 0.33178274892270565
