times:
  landing: 0.5560077709999973
  view-data: 0.0552264239999829
