times:
  edit-metadata: 2.3357344679534435
  landing: 0.23340143635869026
  view-data: 0.13285504095256329
