times:
  edit-metadata: 1.3767572169890627
  landing: 0.07173242594581097
  view-data: 0.2603555489331484
