times:
  landing: 1.0737788019999925
  view-data: 0.5744691859999875
