times:
  edit-metadata: 1.1713889902457595
  landing: 0.0483916369266808
  view-data: 0.2336459830403328
