times:
  edit-metadata: 1.2351191980415024
  landing: 0.07078722200822085
  view-data: 0.24721628898987547
