times:
  edit-metadata: 2.1443697530776262
  landing: 0.01944272220134735
  view-data: 0.024847568944096565
