times:
  edit-metadata: 2.4585308032110333
  landing: 0.021661991253495216
  view-data: 0.02218777872622013
