times:
  edit-metadata: 2.817552226013504
  landing: 0.05663791298866272
  view-data: 0.21232621697708964
