times:
  edit-metadata: 2.5239731789333746
  landing: 0.038106185966171324
  view-data: 0.21672278305049986
