times:
  edit-metadata: 1.2307386328466237
  landing: 0.04441241221502423
  view-data: 0.22692950908094645
