times:
  edit-metadata: 2.1375105222687125
  landing: 0.17809677217155695
  view-data: 0.11858778074383736
