times:
  edit-metadata: 3.39867456513457
  landing: 0.07840390503406525
  view-data: 0.24643657798878849
