times:
  edit-metadata: 3.3576724770246074
  landing: 0.12181967601645738
  view-data: 0.129737715004012
