times:
  edit-metadata: 2.8137254491448402
  landing: 0.6160023473203182
  view-data: 0.2549711763858795
