times:
  edit-metadata: 2.2465234994888306
  landing: 0.043699704110622406
  view-data: 0.22683818265795708
