times:
  edit-metadata: 1.2654617400839925
  landing: 0.06931243697181344
  view-data: 0.24962481996044517
