times:
  edit-metadata: 2.872383214533329
  landing: 0.596885196864605
  view-data: 0.3559227790683508
