times:
  landing: 1.065041215000008
  view-data: 0.5599514150000005
