times:
  edit-metadata: 2.376281049102545
  landing: 1.6430009342730045
  view-data: 3.475063631311059
