times:
  edit-metadata: 2.477181375026703
  landing: 1.1734108626842499
  view-data: 0.6820109654217958
