times:
  edit-metadata: 2.3419884219765663
  landing: 0.9543764032423496
  view-data: 3.4019606597721577
