times:
  edit-metadata: 2.713733956217766
  landing: 1.0963520035147667
  view-data: 0.6362153440713882
