times:
  edit-metadata: 1.1708922302350402
  landing: 0.05153577122837305
  view-data: 0.2405903348699212
