times:
  edit-metadata: 2.300180669873953
  landing: 0.2438750583678484
  view-data: 0.13822063989937305
