times:
  edit-metadata: 2.537848109845072
  landing: 0.04082396999001503
  view-data: 0.21604879992082715
