times:
  edit-metadata: 2.5376487597823143
  landing: 0.04503773897886276
  view-data: 0.2360779382288456
