times:
  edit-metadata: 2.602409331128001
  landing: 0.5003392398357391
  view-data: 0.22744094766676426
