times:
  edit-metadata: 2.7201759269228205
  landing: 0.06288038403727114
  view-data: 0.2257170060183853
