times:
  landing: 0.5480666609999503
  view-data: 0.5594784329999811
