times:
  edit-metadata: 2.876783698797226
  landing: 0.5342586487531662
  view-data: 0.24379847198724747
