times:
  edit-metadata: 2.6110180392861366
  landing: 0.6169885490089655
  view-data: 0.3394114952534437
