times:
  landing: 0.5594437760000233
  view-data: 0.5596000770000273
