times:
  landing: 0.5553719999999771
  view-data: 0.5584039499999847
