times:
  edit-metadata: 2.39386897534132
  landing: 0.2282195733860135
  view-data: 0.23236621357500553
