times:
  edit-metadata: 2.570078508928418
  landing: 0.9001241978257895
  view-data: 3.395843978971243
