times:
  edit-metadata: 2.1132101956754923
  landing: 0.02205937448889017
  view-data: 0.22541815042495728
