times:
  edit-metadata: 2.1703959004953504
  landing: 0.0920077096670866
  view-data: 0.02501900400966406
