times:
  edit-metadata: 3.051196590065956
  landing: 0.055109098087996244
  view-data: 0.2151205949485302
