times:
  edit-metadata: 1.9037995710968971
  landing: 1.027159444987774
  view-data: 3.5129217505455017
