times:
  edit-metadata: 2.526534717530012
  landing: 0.5570444669574499
  view-data: 0.23688932694494724
