times:
  edit-metadata: 1.5291925091296434
  landing: 0.7814000267535448
  view-data: 3.429942497983575
