times:
  edit-metadata: 2.703290592879057
  landing: 0.18222109600901604
  view-data: 0.18934718891978264
