times:
  edit-metadata: 2.598715295083821
  landing: 0.04943968006409705
  view-data: 0.2257901830598712
