times:
  landing: 0.5505632789999879
  view-data: 0.5507156809999856
