times:
  edit-metadata: 4.203414215007797
  landing: 0.3484526200336404
  view-data: 0.2300840489915572
