times:
  edit-metadata: 2.520607303828001
  landing: 0.050861433148384094
  view-data: 0.24053474888205528
