times:
  edit-metadata: 2.19492762722075
  landing: 0.020064212381839752
  view-data: 0.22176646627485752
