times:
  landing: 0.5408267390000105
  view-data: 0.5456891130000088
