times:
  edit-metadata: 2.496604820014909
  landing: 0.04813289502635598
  view-data: 0.21258534700609744
