times:
  edit-metadata: 2.1941625447943807
  landing: 0.022185142152011395
  view-data: 0.4953148812055588
