times:
  edit-metadata: 2.762902384623885
  landing: 0.5890809018164873
  view-data: 0.23940464481711388
