times:
  edit-metadata: 1.208786173723638
  landing: 0.04549573874101043
  view-data: 0.22876220708712935
