times:
  edit-metadata: 2.368123907595873
  landing: 1.3278200048953295
  view-data: 3.398618258535862
