times:
  edit-metadata: 2.498469951999141
  landing: 0.04754660199978389
  view-data: 0.2242032539943466
