times:
  landing: 0.5492315680000956
  view-data: 0.5559003010000652
