times:
  edit-metadata: 1.330513077788055
  landing: 0.04592979699373245
  view-data: 0.3869670871645212
