times:
  edit-metadata: 1.3847567476332188
  landing: 0.7354971840977669
  view-data: 3.3710166327655315
