times:
  edit-metadata: 2.464713193010539
  landing: 0.04696512199006975
  view-data: 0.20821985905058682
