times:
  landing: 0.5448656440000264
  view-data: 0.5504710120000027
