times:
  edit-metadata: 2.5760446935892105
  landing: 0.04702698066830635
  view-data: 0.23654630407691002
