times:
  edit-metadata: 2.491286601871252
  landing: 0.048392973840236664
  view-data: 0.23609763383865356
