times:
  edit-metadata: 1.455901832319796
  landing: 0.8612582329660654
  view-data: 3.396433250978589
