times:
  edit-metadata: 1.4618002960050944
  landing: 0.06258069298928604
  view-data: 0.37559310399228707
