times:
  landing: 0.5427322950000644
  view-data: 0.5545098339999868
