times:
  edit-metadata: 2.5055070109665394
  landing: 0.02314022183418274
  view-data: 0.3363880757242441
