times:
  edit-metadata: 1.8059355821460485
  landing: 1.2405281346291304
  view-data: 3.471821652725339
