times:
  edit-metadata: 2.845168946310878
  landing: 0.5002553649246693
  view-data: 0.27359453588724136
