times:
  edit-metadata: 2.525168724358082
  landing: 0.04531105235219002
  view-data: 0.24127254635095596
