times:
  landing: 1.072242741000025
  view-data: 0.5606954780000137
