times:
  edit-metadata: 2.567155137658119
  landing: 0.055164702236652374
  view-data: 0.23845958709716797
