times:
  edit-metadata: 2.5012346543371677
  landing: 0.055579595267772675
  view-data: 0.24260854348540306
