times:
  edit-metadata: 1.534254763275385
  landing: 0.9111288823187351
  view-data: 3.418249310925603
