times:
  edit-metadata: 1.547221920453012
  landing: 1.297202456742525
  view-data: 3.6415787963196635
