times:
  edit-metadata: 1.0992757650092244
  landing: 0.0521436701528728
  view-data: 0.23136057099327445
