times:
  edit-metadata: 2.5432336789090186
  landing: 0.04244943498633802
  view-data: 0.23065699799917638
