times:
  edit-metadata: 1.4084372632205486
  landing: 0.8537015914916992
  view-data: 3.341073600575328
