times:
  edit-metadata: 2.517439167946577
  landing: 0.04539863020181656
  view-data: 0.2385220006108284
