times:
  edit-metadata: 1.0955671286210418
  landing: 0.04464489035308361
  view-data: 0.23685484565794468
