times:
  edit-metadata: 3.6718812310136855
  landing: 0.08440220914781094
  view-data: 0.29138613818213344
