times:
  landing: 0.5447707710000032
  view-data: 0.5461644029999775
