times:
  landing: 0.5598775249999903
  view-data: 0.5609063100000071
