times:
  edit-metadata: 3.447558119893074
  landing: 1.238402858376503
  view-data: 0.43102989345788956
