times:
  edit-metadata: 2.6913163773715496
  landing: 0.6259614713490009
  view-data: 0.2477803397923708
