times:
  edit-metadata: 1.5432979725301266
  landing: 0.9686016701161861
  view-data: 3.3112927936017513
