times:
  edit-metadata: 2.713662339374423
  landing: 0.5059436466544867
  view-data: 0.2624388914555311
