times:
  landing: 0.5471292930000118
  view-data: 0.5571920510000155
