times:
  landing: 1.5878189129999782
  view-data: 0.5502807380000263
