times:
  edit-metadata: 1.911915635690093
  landing: 1.234674172475934
  view-data: 3.6160801369696856
