times:
  edit-metadata: 1.421129124239087
  landing: 0.7744746394455433
  view-data: 3.3548563541844487
