times:
  edit-metadata: 1.264763875049539
  landing: 0.05568653694353998
  view-data: 0.24433430097997189
