times:
  landing: 0.540910742000051
  view-data: 0.5463498049999771
