times:
  edit-metadata: 1.35674714948982
  landing: 0.8310728585347533
  view-data: 3.3719495134428144
