times:
  edit-metadata: 2.1980226915329695
  landing: 0.02112875133752823
  view-data: 0.024817122146487236
