times:
  edit-metadata: 2.335962139070034
  landing: 0.020452184602618217
  view-data: 0.14216453209519386
