times:
  edit-metadata: 1.4393619219772518
  landing: 0.896559881977737
  view-data: 3.4155556668993086
