times:
  edit-metadata: 1.3704343317076564
  landing: 0.8332155989482999
  view-data: 3.374491802416742
