times:
  edit-metadata: 1.637298219371587
  landing: 0.04297991981729865
  view-data: 0.3582994840107858
