times:
  edit-metadata: 2.152514779008925
  landing: 0.02072794269770384
  view-data: 0.024510763585567474
