times:
  edit-metadata: 1.2964373819995672
  landing: 0.04769033007323742
  view-data: 0.2488778040278703
