times:
  edit-metadata: 1.3084101199638098
  landing: 0.052777384873479605
  view-data: 0.2545571490190923
