times:
  edit-metadata: 2.367620138451457
  landing: 0.02250642515718937
  view-data: 0.3326293807476759
