times:
  edit-metadata: 1.4677998516708612
  landing: 19.638234367594123
  view-data: 3.3699509035795927
