times:
  edit-metadata: 2.4606795124709606
  landing: 0.018948616459965706
  view-data: 0.2449134849011898
