times:
  edit-metadata: 1.2613821340491995
  landing: 0.07657137105707079
  view-data: 0.26170016010291874
