times:
  landing: 0.5540172130000087
  view-data: 0.556970444000001
