times:
  edit-metadata: 1.4604363560210913
  landing: 0.08788452600128949
  view-data: 0.25326343000051565
