times:
  edit-metadata: 1.4316148608922958
  landing: 5.9458762519061565
  view-data: 3.422253370285034
