times:
  edit-metadata: 2.2392667531967163
  landing: 0.04200565442442894
  view-data: 0.2398800402879715
