times:
  edit-metadata: 1.6351761221885681
  landing: 1.0310568138957024
  view-data: 3.31093842163682
