times:
  edit-metadata: 2.510649974923581
  landing: 0.07775303698144853
  view-data: 0.27962593198753893
