times:
  edit-metadata: 1.4573224280029535
  landing: 0.7834716802462935
  view-data: 3.348328876309097
