times:
  landing: 0.5507211689999849
  view-data: 0.5738074230000052
