times:
  landing: 0.558762962000003
  view-data: 0.5639828269999612
