times:
  landing: 0.5588387540000213
  view-data: 0.5561190660000079
