times:
  edit-metadata: 1.5150751564651728
  landing: 0.8042617291212082
  view-data: 3.376653650775552
