times:
  edit-metadata: 2.944874335080385
  landing: 0.17621771432459354
  view-data: 0.3658937681466341
