times:
  edit-metadata: 2.8992272838950157
  landing: 0.019599243998527527
  view-data: 0.3054841700941324
