times:
  edit-metadata: 1.506643146276474
  landing: 0.8181286863982677
  view-data: 3.3590434305369854
