times:
  edit-metadata: 2.3148263432085514
  landing: 0.13277994561940432
  view-data: 0.4528371812775731
