times:
  edit-metadata: 1.5931762550026178
  landing: 0.82097053155303
  view-data: 3.442776598036289
