times:
  edit-metadata: 1.2868549041450024
  landing: 0.057208124082535505
  view-data: 0.24948308104649186
