times:
  edit-metadata: 1.5625729113817215
  landing: 0.9682783521711826
  view-data: 3.3308275304734707
