times:
  edit-metadata: 1.4363807532936335
  landing: 0.724989915266633
  view-data: 3.274649592116475
