times:
  edit-metadata: 2.8957782443612814
  landing: 0.6597167123109102
  view-data: 0.25673910044133663
