times:
  landing: 0.5458011520000241
  view-data: 0.5505120000000261
