times:
  edit-metadata: 1.2691407380625606
  landing: 0.06837591296061873
  view-data: 0.2508982578292489
