times:
  edit-metadata: 2.7362756226211786
  landing: 0.13899001851677895
  view-data: 0.1397605799138546
