times:
  edit-metadata: 2.1081126360222697
  landing: 0.019446766935288906
  view-data: 0.1883495571091771
