times:
  edit-metadata: 2.536107999738306
  landing: 0.04802623717114329
  view-data: 0.22711506998166442
