times:
  edit-metadata: 2.587865765206516
  landing: 0.039613242261111736
  view-data: 0.22122836811468005
