times:
  edit-metadata: 1.3998457249253988
  landing: 0.820749128004536
  view-data: 3.3620447940193117
