times:
  edit-metadata: 2.138540175743401
  landing: 0.02065226435661316
  view-data: 0.02712749969214201
