times:
  landing: 0.5443891680000092
  view-data: 0.5554871909999974
