times:
  edit-metadata: 2.276055241934955
  landing: 1.4922787030227482
  view-data: 3.5216206898912787
