times:
  edit-metadata: 2.5931359509704635
  landing: 0.04230908094905317
  view-data: 0.229802249930799
