times:
  edit-metadata: 2.162173468619585
  landing: 0.019780948758125305
  view-data: 0.024935930036008358
