times:
  edit-metadata: 2.3893880639225245
  landing: 0.1485844049602747
  view-data: 0.02295071817934513
