times:
  edit-metadata: 1.383009091950953
  landing: 0.05202549137175083
  view-data: 0.25167587073519826
