times:
  landing: 0.5621907900000451
  view-data: 0.5667414910000161
