times:
  edit-metadata: 2.4542244970798492
  landing: 0.04418543609790504
  view-data: 0.22193001001141965
