times:
  edit-metadata: 1.4703666623681784
  landing: 0.04521221807226539
  view-data: 0.3958420706912875
