times:
  edit-metadata: 1.2249132320284843
  landing: 0.05092202592641115
  view-data: 0.22826917609199882
