times:
  edit-metadata: 1.2776140510104597
  landing: 0.04647415201179683
  view-data: 0.38486362993717194
