times:
  edit-metadata: 1.247242929879576
  landing: 0.04307092214003205
  view-data: 0.2382736150175333
