times:
  edit-metadata: 2.2651964481920004
  landing: 0.12086757831275463
  view-data: 0.028048522770404816
