times:
  edit-metadata: 1.5188236963003874
  landing: 0.8167747538536787
  view-data: 3.4462376218289137
