times:
  edit-metadata: 1.3761070184409618
  landing: 0.9114476405084133
  view-data: 3.3993753492832184
