times:
  edit-metadata: 2.512720111059025
  landing: 0.04083593608811498
  view-data: 0.22415253799408674
