times:
  landing: 0.5558252350000146
  view-data: 0.05235860900000944
