times:
  landing: 0.5608946689999925
  view-data: 0.5474445680000031
