times:
  edit-metadata: 2.4806708116084337
  landing: 0.7739955186843872
  view-data: 0.5931609869003296
