times:
  edit-metadata: 1.476345594972372
  landing: 0.9079352347180247
  view-data: 3.3120440980419517
