times:
  edit-metadata: 1.5860986802726984
  landing: 1.1004071272909641
  view-data: 3.424358032643795
