times:
  landing: 0.5530873579999707
  view-data: 0.5527796499999909
