times:
  edit-metadata: 2.740335740149021
  landing: 0.5836756471544504
  view-data: 0.2437340747565031
