times:
  edit-metadata: 1.4477299079298973
  landing: 0.9033183567225933
  view-data: 3.3356401287019253
