times:
  edit-metadata: 2.3223576676100492
  landing: 0.1396675892174244
  view-data: 0.12815826013684273
