times:
  edit-metadata: 2.263681512326002
  landing: 0.02017299458384514
  view-data: 0.026242436841130257
