times:
  landing: 0.5506377649999763
  view-data: 0.5539678499999923
