times:
  edit-metadata: 1.5460216626524925
  landing: 0.9945342764258385
  view-data: 3.3973457626998425
