times:
  edit-metadata: 1.5435441327281296
  landing: 1.0204901793040335
  view-data: 3.4545402862131596
