times:
  edit-metadata: 2.239570200443268
  landing: 0.21005628071725368
  view-data: 0.02385263890028
