times:
  edit-metadata: 2.9486798588186502
  landing: 0.2844439372420311
  view-data: 0.4635474681854248
