times:
  landing: 0.5507718730000022
  view-data: 0.5556748069999742
