times:
  edit-metadata: 1.9160427960159723
  landing: 0.13626077401568182
  view-data: 0.28925859299488366
