times:
  edit-metadata: 2.597210804000497
  landing: 0.43395496159791946
  view-data: 0.5468654856085777
