times:
  edit-metadata: 2.5501727610826492
  landing: 0.04662145674228668
  view-data: 0.22952132299542427
