times:
  edit-metadata: 2.1619332395493984
  landing: 0.0224832771345973
  view-data: 0.1967832101508975
