times:
  edit-metadata: 2.8192660622298717
  landing: 0.5287450794130564
  view-data: 0.2316843681037426
