times:
  edit-metadata: 2.2269888035953045
  landing: 0.15508208144456148
  view-data: 0.39990755822509527
