times:
  edit-metadata: 1.2800048161298037
  landing: 0.042337494902312756
  view-data: 0.22498967917636037
