times:
  edit-metadata: 1.406414648052305
  landing: 0.8954813638702035
  view-data: 3.3932342189364135
