times:
  edit-metadata: 2.601238802075386
  landing: 0.048449913039803505
  view-data: 0.2251338022761047
