times:
  landing: 1.0679403440000215
  view-data: 1.070491068000024
