times:
  edit-metadata: 1.529939390718937
  landing: 0.8173303548246622
  view-data: 3.4191999211907387
