times:
  edit-metadata: 2.307427493855357
  landing: 0.022806841880083084
  view-data: 0.3185508195310831
