times:
  edit-metadata: 1.1450481889769435
  landing: 0.048311591148376465
  view-data: 0.2244511879980564
