times:
  edit-metadata: 1.093231638893485
  landing: 0.042538391426205635
  view-data: 0.22683888021856546
