times:
  landing: 0.5403451359999849
  view-data: 0.5496177790000161
