times:
  edit-metadata: 1.4572758860886097
  landing: 0.7333011161535978
  view-data: 3.3504563625901937
