times:
  edit-metadata: 1.5153085365891457
  landing: 0.8273109886795282
  view-data: 3.3800946287810802
