times:
  edit-metadata: 1.5561713576316833
  landing: 1.2022222876548767
  view-data: 3.390267815440893
