times:
  edit-metadata: 2.162040624767542
  landing: 0.12494303938001394
  view-data: 0.14583224151283503
