times:
  edit-metadata: 2.109823454171419
  landing: 0.18057664297521114
  view-data: 0.023302442394196987
