times:
  landing: 1.0963408439999967
  view-data: 0.5630410420000089
