times:
  edit-metadata: 2.4636949487030506
  landing: 0.6038302760571241
  view-data: 0.6384776514023542
