times:
  edit-metadata: 3.063028147444129
  landing: 1.6442300956696272
  view-data: 0.6674555689096451
