times:
  edit-metadata: 1.4845225289463997
  landing: 1.0371388830244541
  view-data: 3.3845973312854767
