times:
  edit-metadata: 2.572346932021901
  landing: 0.044466552091762424
  view-data: 0.22263285121880472
