times:
  edit-metadata: 2.785107542993501
  landing: 0.04024487407878041
  view-data: 0.21454868698492646
