times:
  landing: 0.5401609969999868
  view-data: 0.5451978590000124
