times:
  edit-metadata: 1.1342574702575803
  landing: 0.049341459292918444
  view-data: 0.22355491714552045
