times:
  landing: 1.063001154999995
  view-data: 0.549293184000021
