times:
  edit-metadata: 1.5269696526229382
  landing: 0.8488712161779404
  view-data: 3.470849744975567
