times:
  edit-metadata: 2.538214534521103
  landing: 0.04720212146639824
  view-data: 0.23258361220359802
