times:
  edit-metadata: 2.1682616710022558
  landing: 0.04908040400187019
  view-data: 0.2308519209982478
