times:
  landing: 0.5606258560000015
  view-data: 0.06075186000001054
