times:
  edit-metadata: 2.483709875959903
  landing: 0.04823347897036001
  view-data: 0.21712392702465877
