times:
  edit-metadata: 2.7877313662320375
  landing: 0.3024189677089453
  view-data: 0.25088557600975037
