times:
  edit-metadata: 1.2590688250493258
  landing: 0.05095144920051098
  view-data: 0.24973351485095918
