times:
  edit-metadata: 2.12423562631011
  landing: 0.020591220818459988
  view-data: 0.025893518701195717
