times:
  landing: 0.5496456779999335
  view-data: 0.5518540939999639
