times:
  edit-metadata: 3.459325477015227
  landing: 0.05445605400018394
  view-data: 0.23745204019360244
