times:
  edit-metadata: 2.687315186485648
  landing: 0.9049812220036983
  view-data: 0.2556612640619278
