times:
  edit-metadata: 2.507503379136324
  landing: 0.03979972004890442
  view-data: 0.24012303352355957
