times:
  edit-metadata: 2.1740285204723477
  landing: 0.019407249987125397
  view-data: 0.024336444213986397
