times:
  edit-metadata: 2.6073518246412277
  landing: 0.6330452971160412
  view-data: 0.6589657720178366
