times:
  landing: 0.542614991999983
  view-data: 0.5613954620000072
