times:
  edit-metadata: 1.5609928965568542
  landing: 0.9580812118947506
  view-data: 3.3661059103906155
