times:
  landing: 0.5551748850000422
  view-data: 0.5554929049999373
