times:
  edit-metadata: 1.7053433787077665
  landing: 0.8154594954103231
  view-data: 3.3742315508425236
