times:
  edit-metadata: 1.8401903323829174
  landing: 1.2693739607930183
  view-data: 3.638532195240259
