times:
  landing: 0.5503673179999851
  view-data: 0.5664437389999648
