times:
  edit-metadata: 2.2881442327052355
  landing: 0.02075093612074852
  view-data: 0.12329420261085033
