times:
  landing: 1.0656344679996437
  view-data: 0.5532846440000867
