times:
  edit-metadata: 2.2581730596721172
  landing: 0.22655935026705265
  view-data: 0.3594853412359953
