times:
  edit-metadata: 1.4980235248804092
  landing: 0.8692843876779079
  view-data: 3.423901678994298
