times:
  edit-metadata: 1.7204987220175099
  landing: 0.1636873479874339
  view-data: 0.32380624502548017
