times:
  landing: 1.07307842299997
  view-data: 0.5732351940000058
