times:
  landing: 0.558329515999958
  view-data: 0.5684018890001425
