times:
  edit-metadata: 2.773144030943513
  landing: 1.1543585825711489
  view-data: 0.6883612778037786
