times:
  edit-metadata: 2.796951337950304
  landing: 0.05286432895809412
  view-data: 0.21840590587817132
