times:
  edit-metadata: 2.6525793820619583
  landing: 0.04699199297465384
  view-data: 0.22920143604278564
