times:
  edit-metadata: 1.621253315359354
  landing: 0.9924228172749281
  view-data: 3.3514464795589447
