times:
  landing: 1.615442892536521
  view-data: 0.5778331235051155
