times:
  edit-metadata: 1.3471517680009129
  landing: 0.054699037995305844
  view-data: 0.2562945910030976
