times:
  landing: 0.5525865460000432
  view-data: 0.5553851030000487
