times:
  landing: 1.0990965981036425
  view-data: 0.5548310009762645
