times:
  edit-metadata: 1.1213147048838437
  landing: 0.046462830156087875
  view-data: 0.22076223278418183
