times:
  landing: 0.5567673570000125
  view-data: 0.5513922939999816
