times:
  edit-metadata: 1.482869315019343
  landing: 0.2979789149831049
  view-data: 0.31592540099518374
