times:
  landing: 0.556227548999999
  view-data: 0.04864249299998846
