times:
  landing: 0.5608446739999522
  view-data: 0.5605257720000054
