times:
  edit-metadata: 1.2869267440401018
  landing: 0.04525829618796706
  view-data: 0.24681748799048364
