times:
  edit-metadata: 2.0634577572345734
  landing: 1.4229648672044277
  view-data: 3.4345090202987194
