times:
  edit-metadata: 1.404933680780232
  landing: 0.04590668622404337
  view-data: 0.26056945184245706
