times:
  edit-metadata: 2.1273731300607324
  landing: 0.21937440149486065
  view-data: 0.12811246328055859
