times:
  landing: 1.103215779999971
  view-data: 0.5595772620000048
