times:
  edit-metadata: 2.361018331721425
  landing: 0.019225450232625008
  view-data: 0.3573384154587984
