times:
  edit-metadata: 2.4720126930624247
  landing: 0.14538171514868736
  view-data: 0.3127387687563896
