times:
  edit-metadata: 2.69675026088953
  landing: 1.1206278093159199
  view-data: 0.6434940882027149
