times:
  edit-metadata: 1.528029303997755
  landing: 0.7996305152773857
  view-data: 3.369900891557336
