times:
  edit-metadata: 2.2583753233775496
  landing: 1.341821643523872
  view-data: 3.6128487531095743
