times:
  edit-metadata: 1.256846008822322
  landing: 0.06903764698654413
  view-data: 0.2625280860811472
