times:
  edit-metadata: 2.1894167475402355
  landing: 0.2237690119072795
  view-data: 0.20375831704586744
