times:
  edit-metadata: 2.3392178118228912
  landing: 0.04940405115485191
  view-data: 0.2413383200764656
