times:
  edit-metadata: 1.7929591499269009
  landing: 0.9501959644258022
  view-data: 3.3833515904843807
