times:
  edit-metadata: 2.2396005904302
  landing: 0.0196382449939847
  view-data: 0.023684129118919373
