times:
  edit-metadata: 1.6675102260196581
  landing: 0.06766794295981526
  view-data: 0.2587900320068002
