times:
  edit-metadata: 2.427062791073695
  landing: 0.04635350499302149
  view-data: 0.22205474600195885
