times:
  edit-metadata: 2.2654831828549504
  landing: 0.01997178327292204
  view-data: 0.023470100946724415
