times:
  landing: 0.5429202209999744
  view-data: 0.5621373769999991
