times:
  edit-metadata: 1.6439965600147843
  landing: 0.9629363709827885
  view-data: 3.364936156081967
