times:
  edit-metadata: 2.3475055024027824
  landing: 0.04207007214426994
  view-data: 0.24736812338232994
