times:
  landing: 0.5516930269999989
  view-data: 0.5499151010000105
