times:
  edit-metadata: 2.6118890158832073
  landing: 0.14751576632261276
  view-data: 0.41082528606057167
