times:
  edit-metadata: 1.4148474633693695
  landing: 0.8323262147605419
  view-data: 3.3119949623942375
