times:
  edit-metadata: 2.7217461178079247
  landing: 0.01985116209834814
  view-data: 0.022715463303029537
