times:
  edit-metadata: 1.8180445639882237
  landing: 0.06470536801498383
  view-data: 0.25323311699321494
