times:
  landing: 1.0636298300000249
  view-data: 0.5495538029999807
