times:
  landing: 0.5497225010000193
  view-data: 0.559031234000031
