times:
  edit-metadata: 1.3518640419933945
  landing: 0.0730874709552154
  view-data: 0.25708113703876734
