times:
  landing: 0.5539945350000153
  view-data: 0.5641866790000449
