times:
  edit-metadata: 1.2111658528447151
  landing: 0.044563375413417816
  view-data: 0.23248668666929007
