times:
  edit-metadata: 2.4160971716046333
  landing: 0.5306091122329235
  view-data: 0.3448305409401655
