times:
  edit-metadata: 2.5900181545875967
  landing: 0.045217812061309814
  view-data: 0.21871273778378963
