times:
  edit-metadata: 2.316977135837078
  landing: 0.02214229851961136
  view-data: 0.2453718911856413
