times:
  edit-metadata: 2.265365509316325
  landing: 1.1049529239535332
  view-data: 0.35413711331784725
