times:
  edit-metadata: 2.8160975575447083
  landing: 0.5741519071161747
  view-data: 0.6362760290503502
