times:
  edit-metadata: 1.5345736928284168
  landing: 1.005991354584694
  view-data: 3.4057230427861214
