times:
  edit-metadata: 3.11397373303771
  landing: 1.5827056653797626
  view-data: 3.5325901843607426
