times:
  edit-metadata: 2.2336788652464747
  landing: 0.22277344577014446
  view-data: 0.36395961977541447
