times:
  edit-metadata: 2.2592195915058255
  landing: 0.09698962606489658
  view-data: 0.29207262862473726
