times:
  landing: 0.5625136179999686
  view-data: 0.5637744169999905
