times:
  edit-metadata: 1.2759020359953865
  landing: 0.06330036598956212
  view-data: 0.25564305001171306
