times:
  edit-metadata: 2.8071262184530497
  landing: 1.095347860828042
  view-data: 0.6287530213594437
