times:
  landing: 0.5511662480000155
  view-data: 0.5627148150000494
