times:
  landing: 0.5511290890000282
  view-data: 0.5520602839999924
