times:
  edit-metadata: 1.8260886557400227
  landing: 1.0080772265791893
  view-data: 3.3637230172753334
