times:
  edit-metadata: 2.7639385666698217
  landing: 0.9598083943128586
  view-data: 0.229753190651536
