times:
  edit-metadata: 1.1086868699640036
  landing: 0.043931799940764904
  view-data: 0.22995111998170614
