times:
  edit-metadata: 2.5505988355726004
  landing: 1.9780425634235144
  view-data: 0.7350632306188345
