times:
  landing: 0.5574414869999487
  view-data: 0.5636212169999908
