times:
  edit-metadata: 2.532402754004579
  landing: 0.047735539003042504
  view-data: 0.24214818800101057
