times:
  edit-metadata: 2.6630382984876633
  landing: 1.0944676883518696
  view-data: 0.547618156298995
