times:
  edit-metadata: 2.8610084131360054
  landing: 0.06189161725342274
  view-data: 0.2764975721947849
