times:
  edit-metadata: 2.166334287263453
  landing: 0.11319580860435963
  view-data: 0.023537645116448402
