times:
  edit-metadata: 1.2379696830175817
  landing: 0.06800189008936286
  view-data: 0.2779183448292315
