times:
  edit-metadata: 1.2698283889330924
  landing: 0.0715032781008631
  view-data: 0.24690478690899909
