times:
  edit-metadata: 2.629794005304575
  landing: 1.26891003921628
  view-data: 3.6492329835891724
