times:
  edit-metadata: 2.688067028298974
  landing: 0.5683744568377733
  view-data: 0.22279026545584202
