times:
  edit-metadata: 2.5054386649280787
  landing: 0.8192295469343662
  view-data: 0.33889244869351387
