times:
  edit-metadata: 1.690068488009274
  landing: 0.08623281726613641
  view-data: 0.3703344278037548
