times:
  edit-metadata: 1.2630252270027995
  landing: 0.07161527313292027
  view-data: 0.2602206598967314
