times:
  edit-metadata: 1.2140642958693206
  landing: 0.044379586819559336
  view-data: 0.2281944090500474
