times:
  edit-metadata: 2.6541423834860325
  landing: 1.4056932106614113
  view-data: 3.5799555145204067
