times:
  landing: 1.082029862000013
  view-data: 0.5582905989999745
