times:
  edit-metadata: 2.356453040614724
  landing: 0.021053234115242958
  view-data: 0.02913510985672474
