times:
  edit-metadata: 1.274488891940564
  landing: 0.043486887007020414
  view-data: 0.2415177240036428
