times:
  edit-metadata: 1.7641345020383596
  landing: 1.0390445301309228
  view-data: 3.570997371803969
