times:
  edit-metadata: 2.597109488211572
  landing: 0.019382045604288578
  view-data: 0.04646800458431244
