times:
  edit-metadata: 2.174510500393808
  landing: 0.020036892034113407
  view-data: 0.251995082013309
