times:
  edit-metadata: 1.1293080290779471
  landing: 0.050106488168239594
  view-data: 0.2258206713013351
