times:
  edit-metadata: 2.156635070219636
  landing: 0.019283360801637173
  view-data: 0.023532710038125515
