times:
  edit-metadata: 1.5434377640485764
  landing: 0.9995284974575043
  view-data: 3.447137840092182
