times:
  edit-metadata: 3.1438409304246306
  landing: 0.09384291712194681
  view-data: 0.28230888629332185
