times:
  edit-metadata: 1.2954771490767598
  landing: 0.0483895861543715
  view-data: 0.2448163409717381
