times:
  edit-metadata: 2.157343584112823
  landing: 0.1980008017271757
  view-data: 0.1168009303510189
