times:
  edit-metadata: 1.4634880609810352
  landing: 0.9566913470625877
  view-data: 3.3558082468807697
