times:
  edit-metadata: 2.178016231395304
  landing: 0.019915823824703693
  view-data: 0.025661672465503216
