times:
  edit-metadata: 2.497264356992673
  landing: 0.04116623100708239
  view-data: 0.22632434000843205
