times:
  edit-metadata: 2.1452198484912515
  landing: 0.11109580472111702
  view-data: 0.38885468523949385
