times:
  edit-metadata: 2.326800672337413
  landing: 0.18926821649074554
  view-data: 0.023615961894392967
