times:
  edit-metadata: 2.584643241018057
  landing: 1.311544282361865
  view-data: 0.3383595608174801
