times:
  edit-metadata: 1.5667523369193077
  landing: 0.8736683838069439
  view-data: 3.4141882099211216
