times:
  edit-metadata: 1.3269644528627396
  landing: 0.06412882311269641
  view-data: 0.2612947472371161
