times:
  edit-metadata: 1.396856565028429
  landing: 0.0451083960942924
  view-data: 0.24743755161762238
