times:
  edit-metadata: 1.472313947044313
  landing: 0.8077505445107818
  view-data: 3.4284337647259235
