times:
  edit-metadata: 2.1253661457449198
  landing: 0.020175409503281116
  view-data: 0.02850330527871847
