times:
  edit-metadata: 1.353551241918467
  landing: 0.9312374219298363
  view-data: 3.2930464749224484
