times:
  edit-metadata: 2.7147888969630003
  landing: 0.539914121851325
  view-data: 0.25316183269023895
