times:
  edit-metadata: 2.5731958784163
  landing: 0.04790862277150154
  view-data: 0.2510209456086159
