times:
  edit-metadata: 1.1212980188429356
  landing: 0.04809948615729809
  view-data: 0.22648572828620672
