times:
  edit-metadata: 1.2569854549365118
  landing: 0.0636915999930352
  view-data: 0.2529648389900103
