times:
  edit-metadata: 2.523100281134248
  landing: 0.9744086880236864
  view-data: 0.29035988077521324
