times:
  edit-metadata: 2.631992807611823
  landing: 0.14520118944346905
  view-data: 0.3483487647026777
