times:
  edit-metadata: 1.416366667021066
  landing: 0.7803574360441417
  view-data: 3.3725229389965534
