times:
  edit-metadata: 2.768076652660966
  landing: 0.7509290389716625
  view-data: 0.37938581965863705
