times:
  edit-metadata: 2.505723495967686
  landing: 0.04895493504591286
  view-data: 0.22231764090247452
