times:
  edit-metadata: 1.1276371609419584
  landing: 0.05627572536468506
  view-data: 0.23237039800733328
