times:
  edit-metadata: 1.315125733613968
  landing: 0.051679391879588366
  view-data: 0.22336835181340575
