times:
  edit-metadata: 1.980091992765665
  landing: 1.0378192514181137
  view-data: 3.3725671591237187
