times:
  edit-metadata: 1.3817667290568352
  landing: 0.9968786276876926
  view-data: 3.334777407348156
