times:
  landing: 1.5889436100000012
  view-data: 0.5811362559999793
