times:
  edit-metadata: 1.2750244149938226
  landing: 0.06681388299330138
  view-data: 0.2539474969962612
