times:
  edit-metadata: 2.1269555846229196
  landing: 0.13675777986645699
  view-data: 0.4338014889508486
