times:
  edit-metadata: 2.257064748555422
  landing: 0.16359612718224525
  view-data: 0.22981411218643188
