times:
  edit-metadata: 2.4624389931559563
  landing: 0.04952169395983219
  view-data: 0.21658770134672523
