times:
  edit-metadata: 2.663694379851222
  landing: 0.5468587912619114
  view-data: 0.24485826678574085
