times:
  edit-metadata: 1.1419044099748135
  landing: 0.05349201429635286
  view-data: 0.24075391422957182
