times:
  edit-metadata: 1.6120079820975661
  landing: 0.0921463118866086
  view-data: 0.24619724601507187
