times:
  edit-metadata: 2.501499259029515
  landing: 0.05909270897973329
  view-data: 0.22142898698803037
