times:
  edit-metadata: 1.09149781614542
  landing: 0.053927416913211346
  view-data: 0.23937018727883697
