times:
  edit-metadata: 2.097036674618721
  landing: 0.1591074736788869
  view-data: 0.39752282574772835
