times:
  edit-metadata: 1.543583545833826
  landing: 1.031504649668932
  view-data: 3.394176248461008
