times:
  edit-metadata: 1.534404918551445
  landing: 0.9344644322991371
  view-data: 3.4286027625203133
