times:
  edit-metadata: 1.2413126919418573
  landing: 0.06155809201300144
  view-data: 0.22236633859574795
