times:
  edit-metadata: 2.118646445684135
  landing: 0.0221013268455863
  view-data: 0.12361567933112383
