times:
  edit-metadata: 1.166029078885913
  landing: 0.043189679738134146
  view-data: 0.23329480038955808
