times:
  edit-metadata: 1.146132465917617
  landing: 0.04912252724170685
  view-data: 0.2323317169211805
