times:
  edit-metadata: 2.2013525059446692
  landing: 0.018979274667799473
  view-data: 0.4130067080259323
