times:
  landing: 1.1588194629999862
  view-data: 0.5600880169999982
