times:
  landing: 0.5478210119999858
  view-data: 0.5582030460000169
