times:
  edit-metadata: 1.6030907109379768
  landing: 0.8501789569854736
  view-data: 3.7072047349065542
