times:
  edit-metadata: 1.4475556761026382
  landing: 0.9314078725874424
  view-data: 3.418832801282406
