times:
  edit-metadata: 2.9122158009558916
  landing: 0.0510716550052166
  view-data: 0.25928590819239616
