times:
  edit-metadata: 1.3750089458189905
  landing: 0.9038099301978946
  view-data: 3.400919498875737
