times:
  edit-metadata: 2.418262206017971
  landing: 0.050040315836668015
  view-data: 0.240399319678545
