times:
  edit-metadata: 2.4763873163610697
  landing: 0.24549935944378376
  view-data: 0.33923876471817493
