times:
  edit-metadata: 1.5168624203652143
  landing: 0.7906815074384212
  view-data: 3.375767817720771
