times:
  edit-metadata: 2.5280145299620926
  landing: 0.059179802192375064
  view-data: 0.22806481388397515
