times:
  edit-metadata: 1.198382206261158
  landing: 0.11442372109740973
  view-data: 0.2531441729515791
