times:
  edit-metadata: 2.8994130971841514
  landing: 0.05806095595471561
  view-data: 0.21773183811455965
