times:
  landing: 0.5530167740000138
  view-data: 0.5569528009999942
