times:
  edit-metadata: 2.214313408359885
  landing: 0.01963098719716072
  view-data: 0.14018639549613
