times:
  edit-metadata: 1.2929135379381478
  landing: 0.6948302662931383
  view-data: 3.4847452891990542
