times:
  edit-metadata: 2.2996408455073833
  landing: 0.13380686938762665
  view-data: 0.33996512182056904
