times:
  edit-metadata: 1.1308792838826776
  landing: 0.04388307174667716
  view-data: 0.22232070099562407
