times:
  landing: 0.5599452250000354
  view-data: 0.5575836560000198
