times:
  edit-metadata: 1.4331840872764587
  landing: 0.8117449395358562
  view-data: 3.3748886063694954
