times:
  edit-metadata: 1.282968263141811
  landing: 0.04693438112735748
  view-data: 0.2872615079395473
