times:
  edit-metadata: 2.7745066610514186
  landing: 0.059718781034462154
  view-data: 0.2554292099666782
