times:
  edit-metadata: 1.6390635422430933
  landing: 0.10743350489065051
  view-data: 0.39676998322829604
