times:
  edit-metadata: 1.6325141619890928
  landing: 0.933402881026268
  view-data: 3.407210359349847
