times:
  edit-metadata: 1.5680023282766342
  landing: 0.8086972311139107
  view-data: 3.3928849268704653
