times:
  landing: 1.077806995000003
  view-data: 0.5514543630000048
