times:
  edit-metadata: 3.150655385106802
  landing: 0.6715347599238157
  view-data: 0.22665277682244778
