times:
  edit-metadata: 1.3759323389967903
  landing: 0.03926620807033032
  view-data: 0.2670969720929861
