times:
  edit-metadata: 1.6699959794059396
  landing: 0.7894609603099525
  view-data: 3.3790606590919197
