times:
  edit-metadata: 2.5628476571291685
  landing: 0.6002144441008568
  view-data: 0.6497106105089188
