times:
  edit-metadata: 2.109473302960396
  landing: 0.02007254119962454
  view-data: 0.02372583281248808
