times:
  edit-metadata: 2.5178373120725155
  landing: 0.044493988156318665
  view-data: 0.23487787321209908
