times:
  edit-metadata: 2.7386694690212607
  landing: 0.12796013429760933
  view-data: 0.09869672544300556
