times:
  landing: 0.5676019869999891
  view-data: 0.5601209239999889
