times:
  edit-metadata: 1.081229428295046
  landing: 0.04570029303431511
  view-data: 0.22567193116992712
