times:
  edit-metadata: 2.403227973729372
  landing: 0.02386550046503544
  view-data: 0.12826688028872013
