times:
  edit-metadata: 1.3075813581235707
  landing: 0.07027194276452065
  view-data: 0.2454726342111826
