times:
  edit-metadata: 1.0781704671680927
  landing: 0.048371185548603535
  view-data: 0.23801066540181637
