times:
  edit-metadata: 1.1870514866895974
  landing: 0.04672788269817829
  view-data: 0.23097226629033685
