times:
  edit-metadata: 2.568759771063924
  landing: 10.221315585076809
  view-data: 1.3962278924882412
