times:
  edit-metadata: 2.474461045116186
  landing: 1.1327274646610022
  view-data: 0.353277375921607
