times:
  edit-metadata: 2.201020337641239
  landing: 0.18378357216715813
  view-data: 0.24862756952643394
