times:
  edit-metadata: 2.1199579015374184
  landing: 0.1446457225829363
  view-data: 0.27572578098624945
