times:
  edit-metadata: 2.6594448890537024
  landing: 0.047177569940686226
  view-data: 0.24239245057106018
