times:
  edit-metadata: 2.48916701041162
  landing: 0.02347940392792225
  view-data: 0.027798978611826897
