times:
  edit-metadata: 2.7251901384443045
  landing: 0.5851044803857803
  view-data: 0.25594643503427505
