times:
  edit-metadata: 2.719418492168188
  landing: 0.7423640359193087
  view-data: 0.24776576831936836
