times:
  edit-metadata: 2.568797769024968
  landing: 0.13868948258459568
  view-data: 0.3297853581607342
