times:
  edit-metadata: 2.4484526570886374
  landing: 1.2607341166585684
  view-data: 3.4446417540311813
