times:
  landing: 0.5586605590000318
  view-data: 0.5634656260000384
