times:
  edit-metadata: 2.5036299787461758
  landing: 0.3158704824745655
  view-data: 0.15750160068273544
