times:
  edit-metadata: 2.513677982002264
  landing: 0.049659809010336176
  view-data: 0.21883603298920207
