times:
  edit-metadata: 2.2458984991535544
  landing: 0.022405416704714298
  view-data: 0.11715393979102373
