times:
  edit-metadata: 2.353211672976613
  landing: 0.02276177890598774
  view-data: 0.31822817400097847
