times:
  edit-metadata: 2.360856763087213
  landing: 0.022929275408387184
  view-data: 0.41978311073035
