times:
  edit-metadata: 2.1904314067214727
  landing: 0.018870552070438862
  view-data: 0.023612155579030514
