times:
  edit-metadata: 2.1614585779607296
  landing: 0.022669742815196514
  view-data: 0.022911726497113705
