times:
  edit-metadata: 1.4639826499624178
  landing: 0.7474722859915346
  view-data: 3.2701317359460518
