times:
  edit-metadata: 1.3015197168570012
  landing: 0.04513533599674702
  view-data: 0.24528983002528548
