times:
  edit-metadata: 2.1622099010273814
  landing: 0.021140577271580696
  view-data: 0.4076663702726364
