times:
  edit-metadata: 3.4072037080768496
  landing: 0.10019680298864841
  view-data: 0.2561453200178221
