times:
  edit-metadata: 1.557916588993976
  landing: 0.06119905301602557
  view-data: 0.2605658370011952
