times:
  edit-metadata: 2.541529616340995
  landing: 2.2358579095453024
  view-data: 0.32448282465338707
