times:
  edit-metadata: 1.1037777988240123
  landing: 0.04325548326596618
  view-data: 0.22628047177568078
