times:
  edit-metadata: 1.123587547801435
  landing: 0.042006578762084246
  view-data: 0.22354657016694546
