times:
  edit-metadata: 1.2702945689670742
  landing: 0.06907003896776587
  view-data: 0.25141780194826424
