times:
  edit-metadata: 2.514500104007311
  landing: 0.04386959702242166
  view-data: 0.21499232901260257
