times:
  edit-metadata: 2.159721556119621
  landing: 0.019377967342734337
  view-data: 0.49177518114447594
