times:
  landing: 0.5578430580000031
  view-data: 0.5687074690000031
