times:
  edit-metadata: 1.5380733329802752
  landing: 0.9146412704139948
  view-data: 3.3867730777710676
