times:
  edit-metadata: 2.6115171499550343
  landing: 1.164617843925953
  view-data: 0.6350331325083971
