times:
  edit-metadata: 1.5311104767024517
  landing: 0.8041148502379656
  view-data: 3.4063826017081738
