times:
  edit-metadata: 2.7616811599582434
  landing: 1.4833078645169735
  view-data: 0.448170930147171
