times:
  edit-metadata: 2.7524391692131758
  landing: 0.5942187588661909
  view-data: 0.22777267545461655
