times:
  edit-metadata: 1.614959456026554
  landing: 0.8791776560246944
  view-data: 3.419921573251486
