times:
  edit-metadata: 1.6521537583321333
  landing: 1.0203744396567345
  view-data: 3.358853965997696
