times:
  edit-metadata: 2.059139359742403
  landing: 1.144923347979784
  view-data: 4.108494810760021
