times:
  landing: 1.0732114139999567
  view-data: 0.5570796700000074
