times:
  edit-metadata: 2.448387974873185
  landing: 1.2035615146160126
  view-data: 0.5340897720307112
