times:
  landing: 0.5592171090000022
  view-data: 0.5621088289999818
