times:
  edit-metadata: 2.2573471665382385
  landing: 1.3200914226472378
  view-data: 3.5255434066057205
