times:
  edit-metadata: 2.3881032653152943
  landing: 1.3805554118007421
  view-data: 3.557184345088899
