times:
  edit-metadata: 2.514300620998256
  landing: 0.04425847402308136
  view-data: 0.21921514405403286
