times:
  edit-metadata: 1.4430674249306321
  landing: 0.8730610078200698
  view-data: 3.4093460021540523
