times:
  edit-metadata: 2.590605670120567
  landing: 0.04972602892667055
  view-data: 0.22257327986881137
