times:
  landing: 1.0761759580000216
  view-data: 0.5581627100000333
