times:
  edit-metadata: 1.571121010929346
  landing: 0.8212385307997465
  view-data: 3.4492127299308777
