times:
  edit-metadata: 3.1609266251325607
  landing: 0.38583154045045376
  view-data: 0.29956764355301857
