times:
  edit-metadata: 2.8440853769425303
  landing: 0.058018910931423306
  view-data: 0.23217952786944807
