times:
  edit-metadata: 2.305252114951145
  landing: 0.018260042008478194
  view-data: 0.031171312963124365
