times:
  edit-metadata: 1.4731572172604501
  landing: 0.06436829641461372
  view-data: 0.3987548630684614
