times:
  edit-metadata: 1.2861706509720534
  landing: 0.04712070617824793
  view-data: 0.2525597959756851
