times:
  landing: 0.5812626580000142
  view-data: 0.5714208960000065
