times:
  edit-metadata: 1.494230424053967
  landing: 0.08353787800297141
  view-data: 0.23573569674044847
