times:
  landing: 0.5546709239999927
  view-data: 0.556165429999993
