times:
  landing: 0.5634435440000516
  view-data: 0.5558216890000267
