times:
  edit-metadata: 1.4223298677243292
  landing: 0.8395324628800154
  view-data: 3.306068917736411
