times:
  edit-metadata: 2.7398172349785455
  landing: 0.049047345004510134
  view-data: 0.22583685797872022
