times:
  edit-metadata: 1.303371685964521
  landing: 0.05536320200189948
  view-data: 0.2594303389778361
