times:
  landing: 0.5572451760000376
  view-data: 0.5585509390000425
