times:
  edit-metadata: 1.5429916344583035
  landing: 0.9782664477825165
  view-data: 3.4487579986453056
