times:
  edit-metadata: 2.426988045917824
  landing: 0.05067270901054144
  view-data: 0.2268838209565729
