times:
  landing: 0.549468891999993
  view-data: 0.5637173910000115
