times:
  edit-metadata: 1.4093096090946347
  landing: 0.8420463488437235
  view-data: 3.3503381540067494
