times:
  edit-metadata: 1.2706543100002818
  landing: 0.060838835000140534
  view-data: 0.24819373999980598
