times:
  landing: 1.5924964539999564
  view-data: 0.5576368109999521
