times:
  edit-metadata: 1.2920096348971128
  landing: 0.05473546707071364
  view-data: 0.25920235901139677
