times:
  edit-metadata: 2.7448759339749813
  landing: 0.4494220744818449
  view-data: 0.4420122839510441
