times:
  landing: 0.5496773449999637
  view-data: 0.555688315999987
