times:
  edit-metadata: 2.3572171684354544
  landing: 0.9718460272997618
  view-data: 0.34103628993034363
