times:
  edit-metadata: 2.154067611321807
  landing: 0.18044243101030588
  view-data: 0.2248599911108613
