times:
  edit-metadata: 1.5396320670843124
  landing: 0.8562268279492855
  view-data: 3.4441048316657543
