times:
  edit-metadata: 2.1328494995832443
  landing: 0.021864195354282856
  view-data: 0.12528172507882118
