times:
  edit-metadata: 1.4925433583557606
  landing: 0.7557809762656689
  view-data: 3.2728500217199326
