times:
  edit-metadata: 1.533243726938963
  landing: 0.8921191990375519
  view-data: 3.3666588105261326
