times:
  edit-metadata: 1.274442480003927
  landing: 0.06456588400760666
  view-data: 0.2507426500087604
