times:
  edit-metadata: 1.1535013392567635
  landing: 0.046169338282197714
  view-data: 0.2314996588975191
