times:
  landing: 1.5819871589999934
  view-data: 0.5533775449999894
