times:
  edit-metadata: 1.5328255482017994
  landing: 0.8615856487303972
  view-data: 3.445596693083644
