times:
  edit-metadata: 2.6769621830026153
  landing: 0.042424250015756115
  view-data: 0.22722205499303527
