times:
  edit-metadata: 1.507074287161231
  landing: 0.8169127851724625
  view-data: 3.4032567124813795
