times:
  edit-metadata: 1.2018636078573763
  landing: 0.048884262796491385
  view-data: 0.22942151501774788
