times:
  edit-metadata: 1.4949011914432049
  landing: 0.9137655831873417
  view-data: 3.3776094764471054
