times:
  landing: 0.5562565729999847
  view-data: 0.5643501740000261
