times:
  edit-metadata: 2.3048533592373133
  landing: 0.12165121175348759
  view-data: 0.023889092728495598
