times:
  edit-metadata: 2.335951190441847
  landing: 0.02087082341313362
  view-data: 0.22740184888243675
