times:
  edit-metadata: 2.5690726439934224
  landing: 0.0469045948702842
  view-data: 0.22774995397776365
