times:
  edit-metadata: 2.3137321416288614
  landing: 0.21892690286040306
  view-data: 0.30503665283322334
