times:
  landing: 1.0550857499999893
  view-data: 0.550232931000096
