times:
  edit-metadata: 2.6955771632492542
  landing: 0.7253510747104883
  view-data: 0.23900625482201576
