times:
  landing: 1.5730704049997257
  view-data: 0.5523940459997903
