times:
  edit-metadata: 1.6373437345027924
  landing: 1.2199716735631227
  view-data: 3.2955546639859676
