times:
  edit-metadata: 2.357673406600952
  landing: 0.7475141771137714
  view-data: 0.5567519161850214
