times:
  edit-metadata: 2.777441333979368
  landing: 0.055428704246878624
  view-data: 0.23266083747148514
