times:
  edit-metadata: 1.6843434157781303
  landing: 0.04828609665855765
  view-data: 0.3640694129280746
