times:
  edit-metadata: 2.2420889921486378
  landing: 0.018974028527736664
  view-data: 0.3084588386118412
