times:
  landing: 0.5513455889999932
  view-data: 0.5588241819999951
