times:
  landing: 1.0801109010000118
  view-data: 0.5694816129999936
