times:
  edit-metadata: 2.449799008987611
  landing: 0.04375737298687454
  view-data: 0.2166971230035415
