times:
  edit-metadata: 2.4441724698990583
  landing: 1.8955864701420069
  view-data: 0.48717229813337326
