times:
  edit-metadata: 1.487283380702138
  landing: 0.8595079351216555
  view-data: 3.333252679556608
