times:
  edit-metadata: 2.596572047099471
  landing: 0.5831806734204292
  view-data: 0.2256843727082014
