times:
  edit-metadata: 2.367788312956691
  landing: 1.4302894743159413
  view-data: 3.4664666298776865
