times:
  edit-metadata: 1.3335204711183906
  landing: 0.06293910276144743
  view-data: 0.25242143915966153
