times:
  edit-metadata: 1.282386610750109
  landing: 0.06966824224218726
  view-data: 0.25739176385104656
