times:
  edit-metadata: 1.5679458305239677
  landing: 0.8142142817378044
  view-data: 3.382354849949479
