times:
  edit-metadata: 1.4143561189994216
  landing: 0.04934730799868703
  view-data: 0.31100627800333314
