times:
  edit-metadata: 2.139215453527868
  landing: 0.13074362091720104
  view-data: 0.024033915251493454
