times:
  edit-metadata: 1.2372971968725324
  landing: 0.03914213692769408
  view-data: 0.23299072496592999
