times:
  edit-metadata: 2.8314186111092567
  landing: 0.18602074310183525
  view-data: 0.44553479738533497
