times:
  edit-metadata: 2.4282222613692284
  landing: 1.1219637803733349
  view-data: 3.5963664166629314
