times:
  edit-metadata: 2.504036847501993
  landing: 0.03821384161710739
  view-data: 0.23037534579634666
