times:
  edit-metadata: 1.330283290706575
  landing: 0.8746698219329119
  view-data: 3.2636889703571796
