times:
  edit-metadata: 1.523539200425148
  landing: 0.9856421519070864
  view-data: 3.3528774585574865
