times:
  edit-metadata: 1.1203179974108934
  landing: 0.043875775299966335
  view-data: 0.6063076537102461
