times:
  edit-metadata: 2.1516399355605245
  landing: 0.024208571761846542
  view-data: 0.02314430009573698
