times:
  edit-metadata: 2.5845489581115544
  landing: 0.04909370304085314
  view-data: 0.22040628199465573
