times:
  edit-metadata: 1.5325133111327887
  landing: 0.8085814788937569
  view-data: 3.423657512292266
