times:
  edit-metadata: 1.4222749173641205
  landing: 0.9629511758685112
  view-data: 3.3570767790079117
