times:
  edit-metadata: 1.2661876290221699
  landing: 0.06951155699789524
  view-data: 0.2616541360039264
