times:
  landing: 1.079772446999982
  view-data: 0.5562266029999705
