times:
  edit-metadata: 2.1980422120541334
  landing: 0.1841711001470685
  view-data: 0.12358709890395403
