times:
  landing: 0.5530661170000144
  view-data: 0.5586354339999957
