times:
  edit-metadata: 2.4556925147771835
  landing: 0.5720935724675655
  view-data: 0.6350797545164824
