times:
  edit-metadata: 2.330390563234687
  landing: 0.022280892357230186
  view-data: 0.1470609661191702
