times:
  edit-metadata: 1.4007700129877776
  landing: 1.831734481966123
  view-data: 3.377601199084893
