times:
  edit-metadata: 2.295119186863303
  landing: 0.021507102996110916
  view-data: 0.12512934766709805
