times:
  landing: 0.5508051939999632
  view-data: 0.5568704279999679
