times:
  edit-metadata: 1.2264142208732665
  landing: 0.044655704870820045
  view-data: 0.2382484134286642
