times:
  edit-metadata: 1.6571729709394276
  landing: 0.15784643916413188
  view-data: 0.2549810758791864
