times:
  edit-metadata: 2.5284577244892716
  landing: 1.4185324050486088
  view-data: 3.7394819045439363
