times:
  edit-metadata: 1.0956664439290762
  landing: 0.04668268607929349
  view-data: 0.2230118801817298
