times:
  edit-metadata: 1.074093480128795
  landing: 0.047054621390998363
  view-data: 0.23536710906773806
