times:
  edit-metadata: 1.5645848512649536
  landing: 0.9124820455908775
  view-data: 3.3523248061537743
