times:
  landing: 0.5477313799999592
  view-data: 0.5584041469999192
