times:
  edit-metadata: 2.1876652976498008
  landing: 0.20264937449246645
  view-data: 0.2592835985124111
