times:
  landing: 1.0727701350000416
  view-data: 0.5536292589999903
