times:
  edit-metadata: 1.5146374851465225
  landing: 0.8186044432222843
  view-data: 3.2741576433181763
