times:
  edit-metadata: 1.460552666336298
  landing: 0.8134978599846363
  view-data: 3.3252632841467857
