times:
  edit-metadata: 2.554621957242489
  landing: 0.04199221730232239
  view-data: 0.23235401511192322
