times:
  landing: 0.5567707999999811
  view-data: 0.612231769999994
