times:
  edit-metadata: 2.6737879239954054
  landing: 0.052397475112229586
  view-data: 0.2214162740856409
