times:
  edit-metadata: 1.2705071329983184
  landing: 0.07774915800109738
  view-data: 0.24796634799713502
