times:
  edit-metadata: 2.5503645911812782
  landing: 0.7910441849380732
  view-data: 0.2513770628720522
