times:
  edit-metadata: 1.4233649633824825
  landing: 2.7585258074104786
  view-data: 3.3426705859601498
