times:
  landing: 0.550674354000023
  view-data: 0.5577733979999948
