times:
  edit-metadata: 2.197598660364747
  landing: 0.02005897555500269
  view-data: 0.11787119414657354
