times:
  edit-metadata: 2.365995107218623
  landing: 0.020014218986034393
  view-data: 0.325787715613842
