times:
  edit-metadata: 1.1440717857331038
  landing: 0.04224578896537423
  view-data: 0.2322900709696114
