times:
  edit-metadata: 2.1706128884106874
  landing: 0.21195686236023903
  view-data: 0.39164165779948235
