times:
  landing: 1.0696371829999975
  view-data: 0.5630901819999963
