times:
  edit-metadata: 2.755699912086129
  landing: 0.5953117646276951
  view-data: 0.2333349958062172
