times:
  edit-metadata: 1.2722879420034587
  landing: 0.10840989463031292
  view-data: 0.27579456428065896
