times:
  landing: 0.5516768599999864
  view-data: 0.562662725999985
