times:
  edit-metadata: 1.9051319919526577
  landing: 1.5504346936941147
  view-data: 3.555894210934639
