times:
  edit-metadata: 2.647960251197219
  landing: 0.15435071662068367
  view-data: 0.02359810285270214
