times:
  edit-metadata: 2.1360301515087485
  landing: 1.3982973704114556
  view-data: 3.4195296419784427
