times:
  edit-metadata: 1.3709975583478808
  landing: 0.9144314974546432
  view-data: 3.3993430100381374
