times:
  edit-metadata: 1.2977937841787934
  landing: 0.05616761604323983
  view-data: 0.22794541297480464
