times:
  landing: 0.5526729810000006
  view-data: 0.5670088640000586
