times:
  edit-metadata: 2.2900675339624286
  landing: 0.022996348328888416
  view-data: 0.2097124233841896
