times:
  edit-metadata: 2.427445689216256
  landing: 1.4997396804392338
  view-data: 3.3779122047126293
