times:
  edit-metadata: 1.3073744180146605
  landing: 0.07082925795111805
  view-data: 0.2463828589534387
