times:
  edit-metadata: 1.2901267767883837
  landing: 0.06139762885868549
  view-data: 0.2612762472126633
