times:
  edit-metadata: 1.43031882122159
  landing: 0.9175867140293121
  view-data: 3.4237318634986877
