times:
  edit-metadata: 2.7727482710033655
  landing: 0.7209190838038921
  view-data: 0.35479049757122993
