times:
  edit-metadata: 1.4940500110387802
  landing: 0.8101862296462059
  view-data: 3.329974804073572
