times:
  landing: 0.5987861049999879
  view-data: 0.5642605079999612
