times:
  landing: 1.1446299219999787
  view-data: 0.5494705870000018
