times:
  edit-metadata: 1.5188899240456522
  landing: 0.8421035569626838
  view-data: 3.3879448040388525
