times:
  edit-metadata: 2.591872725635767
  landing: 0.050347939133644104
  view-data: 0.24151112511754036
