times:
  edit-metadata: 2.52858579903841
  landing: 0.049286920577287674
  view-data: 0.24099688231945038
