times:
  edit-metadata: 1.4699003919959068
  landing: 0.9408722445368767
  view-data: 3.3266041055321693
