times:
  edit-metadata: 2.5691181626170874
  landing: 1.1494368743151426
  view-data: 0.3412476684898138
