times:
  edit-metadata: 1.3513732560095377
  landing: 0.05288385000312701
  view-data: 0.2590221830178052
