times:
  edit-metadata: 3.3077896498143673
  landing: 0.2447858303785324
  view-data: 0.22993016242980957
