times:
  landing: 0.5460134059999859
  view-data: 0.5485443389999887
