times:
  landing: 1.081401876999962
  view-data: 0.5548569239999779
