times:
  edit-metadata: 2.2613305542618036
  landing: 0.24098910111933947
  view-data: 0.47631422616541386
