times:
  edit-metadata: 2.2066603852435946
  landing: 0.13399465754628181
  view-data: 0.22144833952188492
