times:
  landing: 1.067625626999984
  view-data: 0.5574250060000168
