times:
  edit-metadata: 1.3945937110111117
  landing: 1.113926863996312
  view-data: 3.524176013073884
