times:
  edit-metadata: 2.2052253233268857
  landing: 0.019165314733982086
  view-data: 0.02233670186251402
