times:
  edit-metadata: 1.5406543668359518
  landing: 0.8808336108922958
  view-data: 3.440021587535739
