times:
  edit-metadata: 1.5307949874550104
  landing: 0.8206962645053864
  view-data: 3.431526718661189
