times:
  landing: 1.1140697359999763
  view-data: 0.5790948640000124
