times:
  landing: 0.5472036639999942
  view-data: 0.5571686650000061
