times:
  edit-metadata: 1.4861588263884187
  landing: 0.9098946051672101
  view-data: 3.4564196225255728
