times:
  edit-metadata: 1.6305144187062979
  landing: 0.06156020099297166
  view-data: 0.3602295168675482
