times:
  edit-metadata: 1.2798400630708784
  landing: 0.07310247502755374
  view-data: 0.25080433092080057
