times:
  edit-metadata: 2.813516242429614
  landing: 0.5120658054947853
  view-data: 0.34046240895986557
