times:
  landing: 1.0780676260000064
  view-data: 0.5590259440000125
