times:
  edit-metadata: 2.5401230619754642
  landing: 0.039384952979162335
  view-data: 0.22210651205386966
