times:
  edit-metadata: 2.5495402300730348
  landing: 0.06185766588896513
  view-data: 0.22600887902081013
