times:
  edit-metadata: 1.2594126859912649
  landing: 0.05982250301167369
  view-data: 0.2583365919999778
