times:
  edit-metadata: 1.153299621772021
  landing: 0.04686931800097227
  view-data: 0.22581384284421802
