times:
  landing: 0.5492420069999753
  view-data: 0.5544259419999946
