times:
  edit-metadata: 1.5099470783025026
  landing: 0.7706979587674141
  view-data: 3.3406748566776514
