times:
  landing: 1.072572111999989
  view-data: 0.5574556710000138
