times:
  landing: 0.5542684109999527
  view-data: 0.5656394750000118
