times:
  edit-metadata: 1.3217366820317693
  landing: 0.07315049297176301
  view-data: 0.2550094409962185
