times:
  edit-metadata: 2.2343436600640416
  landing: 0.021024633198976517
  view-data: 0.4241380784660578
