times:
  edit-metadata: 1.5423599444329739
  landing: 0.8325114212930202
  view-data: 3.334054108709097
