times:
  landing: 0.559182915000008
  view-data: 0.5603565229999958
