times:
  landing: 0.5487764119999952
  view-data: 0.5572796200000312
