times:
  landing: 0.5519368259999737
  view-data: 0.5578989560000309
