times:
  edit-metadata: 1.5429454147815704
  landing: 0.9714550040662289
  view-data: 3.435899905860424
