times:
  edit-metadata: 2.5779397524893284
  landing: 0.04829519987106323
  view-data: 0.2375487945973873
