times:
  edit-metadata: 2.291057040914893
  landing: 0.20243574306368828
  view-data: 0.3035983871668577
