times:
  edit-metadata: 2.1324979243800044
  landing: 0.02053781785070896
  view-data: 0.11772690527141094
