times:
  edit-metadata: 1.2881246589822695
  landing: 0.052993061020970345
  view-data: 0.24743295402731746
