times:
  landing: 0.5689882199999943
  view-data: 0.5516330209999865
