times:
  edit-metadata: 2.0901593435555696
  landing: 0.019561232067644596
  view-data: 0.02605614624917507
