times:
  landing: 0.5470961510000052
  view-data: 0.5630338429999711
