times:
  edit-metadata: 1.5257557295262814
  landing: 0.9325294941663742
  view-data: 3.3473812974989414
