times:
  edit-metadata: 1.5080447383224964
  landing: 0.75951337069273
  view-data: 3.3093391098082066
