times:
  landing: 0.5521601979999957
  view-data: 0.5511759409999968
