times:
  edit-metadata: 2.223645764403045
  landing: 0.019445061683654785
  view-data: 0.024505351670086384
