times:
  edit-metadata: 2.610591480974108
  landing: 0.05332932621240616
  view-data: 0.20781253604218364
