times:
  edit-metadata: 2.7789489179849625
  landing: 0.04760006070137024
  view-data: 0.23384035984054208
