times:
  edit-metadata: 2.6525017637759447
  landing: 0.6109999362379313
  view-data: 0.6226748544722795
