times:
  edit-metadata: 1.324109399691224
  landing: 0.9143252950161695
  view-data: 3.2978997491300106
