times:
  landing: 0.5520933159999686
  view-data: 0.5524369350000029
