times:
  edit-metadata: 2.0381946712732315
  landing: 1.0205262824892998
  view-data: 3.3281701505184174
