times:
  edit-metadata: 2.165120830759406
  landing: 0.018732463009655476
  view-data: 0.18534071370959282
