times:
  edit-metadata: 1.8937141800001882
  landing: 0.10758587000009356
  view-data: 0.25895963800030586
