times:
  edit-metadata: 2.791861715959385
  landing: 0.04503822512924671
  view-data: 0.24237428209744394
