times:
  edit-metadata: 2.1300074411556125
  landing: 0.02153960056602955
  view-data: 0.4099099077284336
