times:
  edit-metadata: 1.2974235541187227
  landing: 0.04834490595385432
  view-data: 0.2448103092610836
