times:
  edit-metadata: 1.536168523132801
  landing: 0.8800404630601406
  view-data: 3.3684193082153797
