times:
  edit-metadata: 1.1045232908800244
  landing: 0.0410734498873353
  view-data: 0.23112751357257366
