times:
  edit-metadata: 2.757040435448289
  landing: 1.6070789527148008
  view-data: 0.3385443929582834
