times:
  edit-metadata: 2.1862532095983624
  landing: 0.021390462294220924
  view-data: 0.027078863233327866
