times:
  edit-metadata: 2.1627205330878496
  landing: 0.021169431507587433
  view-data: 0.026607925072312355
