times:
  edit-metadata: 2.51189086958766
  landing: 0.05161414295434952
  view-data: 0.23909840732812881
