times:
  edit-metadata: 1.4208174757659435
  landing: 0.9296476542949677
  view-data: 3.2952776327729225
