times:
  edit-metadata: 1.5824595093727112
  landing: 0.805228540673852
  view-data: 3.3836807310581207
