times:
  edit-metadata: 1.2554871899774298
  landing: 0.0667996059928555
  view-data: 0.25095036000129767
