times:
  edit-metadata: 1.391397022176534
  landing: 0.7858568667434156
  view-data: 3.3886303203180432
