times:
  edit-metadata: 1.2646992619993398
  landing: 0.0733105380058987
  view-data: 0.25690674800716806
