times:
  edit-metadata: 1.9993413910269737
  landing: 1.4626266062259674
  view-data: 3.406040780246258
