times:
  edit-metadata: 2.2608568258583546
  landing: 0.019460627809166908
  view-data: 0.026170717552304268
