times:
  edit-metadata: 1.4828672483563423
  landing: 1.0005194917321205
  view-data: 3.3725051693618298
