times:
  edit-metadata: 1.4964078217744827
  landing: 0.9494044054299593
  view-data: 3.37761895544827
