times:
  edit-metadata: 2.7315327785909176
  landing: 0.7932846881449223
  view-data: 0.3425578195601702
