times:
  edit-metadata: 1.116582398302853
  landing: 0.052466313354671
  view-data: 0.233126787468791
