times:
  landing: 1.069681651000053
  view-data: 0.5581898149999915
