times:
  edit-metadata: 1.4802444763481617
  landing: 0.7967069409787655
  view-data: 3.3858239017426968
