times:
  edit-metadata: 1.2798422659980133
  landing: 0.050184035004349425
  view-data: 0.3882774130033795
