times:
  edit-metadata: 4.228941332999966
  landing: 0.18826848699973198
  view-data: 0.052432740998483496
