times:
  edit-metadata: 1.1271629063412547
  landing: 0.04901077039539814
  view-data: 0.2370271561667323
