times:
  edit-metadata: 1.488586456514895
  landing: 0.8265587687492371
  view-data: 3.3771103359758854
