times:
  edit-metadata: 1.1947297700680792
  landing: 0.03673482406884432
  view-data: 0.23563758889213204
