times:
  edit-metadata: 2.68766319938004
  landing: 1.178843790665269
  view-data: 0.6389671452343464
