times:
  edit-metadata: 2.7928804866969585
  landing: 0.7675783168524504
  view-data: 0.3101524356752634
