times:
  edit-metadata: 1.9361162090208381
  landing: 1.0809154380112886
  view-data: 3.2863208609633148
