times:
  edit-metadata: 1.2935285621788353
  landing: 0.07124282908625901
  view-data: 0.25068270810879767
