times:
  edit-metadata: 2.457902813795954
  landing: 0.051427744096145034
  view-data: 0.22475880105048418
