times:
  landing: 0.5565477060000035
  view-data: 0.5596957479999958
