times:
  edit-metadata: 3.519420010969043
  landing: 1.8301531774923205
  view-data: 3.796787020750344
