times:
  edit-metadata: 2.3318210747092962
  landing: 0.5851322188973427
  view-data: 0.6431838609278202
