times:
  edit-metadata: 2.168616583570838
  landing: 0.02102127019315958
  view-data: 0.026477234438061714
