times:
  edit-metadata: 2.391405373811722
  landing: 0.0459427684545517
  view-data: 0.23754429072141647
