times:
  edit-metadata: 2.151396067813039
  landing: 0.024774941615760326
  view-data: 0.2296328591182828
