times:
  edit-metadata: 2.1607081796973944
  landing: 0.018601907417178154
  view-data: 0.022275767289102077
