times:
  edit-metadata: 1.5421932842582464
  landing: 0.884487172588706
  view-data: 3.4163022078573704
