times:
  landing: 1.080137723000007
  view-data: 0.5617928479999819
