times:
  edit-metadata: 2.21420968323946
  landing: 0.9100218289531767
  view-data: 3.5600248291157186
