times:
  edit-metadata: 2.204115245000139
  landing: 0.04118934699727106
  view-data: 0.23237355300079798
