times:
  edit-metadata: 1.4615370370447636
  landing: 0.9927491135895252
  view-data: 3.3477937541902065
