times:
  edit-metadata: 2.545143485069275
  landing: 1.9163455627858639
  view-data: 3.4624017514288425
