times:
  edit-metadata: 2.6215065820142627
  landing: 0.04796651424840093
  view-data: 0.22084788186475635
