times:
  edit-metadata: 3.063789887353778
  landing: 0.13514760322868824
  view-data: 0.3589843027293682
