times:
  edit-metadata: 2.384204151108861
  landing: 0.022956635802984238
  view-data: 0.02528441697359085
