times:
  edit-metadata: 2.665928393602371
  landing: 1.6456151194870472
  view-data: 3.350665368139744
