times:
  edit-metadata: 1.5540024153888226
  landing: 0.8453249521553516
  view-data: 3.366794914007187
