times:
  edit-metadata: 1.426538608968258
  landing: 0.9885027222335339
  view-data: 3.790628846734762
