times:
  edit-metadata: 1.3782593556679785
  landing: 0.8988706120289862
  view-data: 3.3108474668115377
