times:
  edit-metadata: 2.785586250014603
  landing: 0.1344235185533762
  view-data: 0.4268064880743623
