times:
  landing: 1.5965253030000213
  view-data: 0.5640058159999626
