times:
  edit-metadata: 2.498578142374754
  landing: 0.04584989696741104
  view-data: 0.23944595456123352
