times:
  landing: 0.549151904999917
  view-data: 0.5560881769999924
