times:
  edit-metadata: 4.221431097947061
  landing: 0.8621090948581696
  view-data: 0.6588241960853338
