times:
  edit-metadata: 1.108380869962275
  landing: 0.038938120007514954
  view-data: 0.23567111371085048
