times:
  edit-metadata: 2.5292370058596134
  landing: 0.046265773475170135
  view-data: 0.23650595173239708
