times:
  edit-metadata: 2.493542982265353
  landing: 0.2419214565306902
  view-data: 0.3656784649938345
