times:
  edit-metadata: 1.107149028684944
  landing: 0.0399316200055182
  view-data: 0.23092213133350015
