times:
  landing: 0.5493952470000067
  view-data: 0.5562361910000391
