times:
  edit-metadata: 2.1124408999457955
  landing: 0.021825043484568596
  view-data: 0.02547981310635805
