times:
  edit-metadata: 2.3288778476417065
  landing: 0.04766836017370224
  view-data: 0.23627080768346786
