times:
  edit-metadata: 1.6072817277163267
  landing: 0.8625668082386255
  view-data: 3.3752355128526688
