times:
  edit-metadata: 1.2785386960022151
  landing: 0.06924651702865958
  view-data: 0.3950316309928894
