times:
  edit-metadata: 1.3822465352714062
  landing: 0.9165726853534579
  view-data: 3.3500089710578322
