times:
  edit-metadata: 1.2955800739582628
  landing: 0.06541607202962041
  view-data: 0.25196802895516157
