times:
  edit-metadata: 2.528579914011061
  landing: 0.04637003596872091
  view-data: 0.22908686799928546
