times:
  edit-metadata: 1.4901195652782917
  landing: 0.871543325483799
  view-data: 3.4117841608822346
