times:
  edit-metadata: 1.296066824812442
  landing: 0.0441892659291625
  view-data: 0.2571049598045647
