times:
  edit-metadata: 2.401358548551798
  landing: 0.021417981013655663
  view-data: 0.14495932310819626
