times:
  edit-metadata: 1.13611317332834
  landing: 0.04672664776444435
  view-data: 0.2419908018782735
