times:
  edit-metadata: 2.5706243640743196
  landing: 0.05205976590514183
  view-data: 0.22206231718882918
