times:
  landing: 0.556654022999993
  view-data: 0.04962904399999957
