times:
  edit-metadata: 1.190157938748598
  landing: 0.054791759699583054
  view-data: 0.23596161603927612
