times:
  edit-metadata: 2.7208152506500483
  landing: 0.5828976649791002
  view-data: 0.6663366742432117
