times:
  edit-metadata: 2.5589118376374245
  landing: 0.04283742606639862
  view-data: 0.23182376474142075
