times:
  edit-metadata: 2.590559591073543
  landing: 0.056053822161629796
  view-data: 0.21832343586720526
