times:
  landing: 0.595322034999981
  view-data: 0.5633845610000208
