times:
  edit-metadata: 2.1303790491074324
  landing: 0.1975276591256261
  view-data: 0.3959938483312726
