times:
  landing: 1.0796657530000289
  view-data: 0.5571609840000065
