times:
  landing: 1.0745465759999888
  view-data: 0.5536729519999994
