times:
  edit-metadata: 1.651255302131176
  landing: 0.8551427349448204
  view-data: 3.3486315235495567
