times:
  edit-metadata: 2.209727426059544
  landing: 0.021143010817468166
  view-data: 0.24011314660310745
