times:
  edit-metadata: 1.2716199071146548
  landing: 0.04119353694841266
  view-data: 0.22507760906592011
