times:
  edit-metadata: 1.3920490546151996
  landing: 0.9129067435860634
  view-data: 3.440435877069831
