times:
  edit-metadata: 2.5540421195328236
  landing: 0.5266476180404425
  view-data: 0.23542721383273602
