times:
  landing: 1.0848079419999976
  view-data: 0.563048139999978
