times:
  edit-metadata: 1.2850801669992507
  landing: 0.06894865306094289
  view-data: 0.2539972299709916
