times:
  edit-metadata: 1.487760167568922
  landing: 0.9186256192624569
  view-data: 3.3109875321388245
