times:
  edit-metadata: 2.508200467971619
  landing: 0.04902493697591126
  view-data: 0.23518960399087518
