times:
  edit-metadata: 2.354651525616646
  landing: 1.750220824033022
  view-data: 3.5744392834603786
