times:
  edit-metadata: 2.563074368983507
  landing: 0.07786943088285625
  view-data: 0.20983162801712751
