times:
  edit-metadata: 2.1784146754071116
  landing: 0.0230955695733428
  view-data: 0.23257438279688358
