times:
  edit-metadata: 2.508846717013512
  landing: 0.04943979199742898
  view-data: 0.2142888160306029
