times:
  landing: 1.1194135200000233
  view-data: 0.5616820220000136
