times:
  edit-metadata: 2.539970748126507
  landing: 0.04158230870962143
  view-data: 0.23435210064053535
