times:
  edit-metadata: 2.5030193887650967
  landing: 0.04829408973455429
  view-data: 0.23150697723031044
