times:
  edit-metadata: 1.3307001239154488
  landing: 0.06601501093246043
  view-data: 0.2541299849981442
