times:
  edit-metadata: 2.332294825464487
  landing: 0.021236998960375786
  view-data: 0.024102551862597466
