times:
  edit-metadata: 1.174285096116364
  landing: 0.04050057893618941
  view-data: 0.22446907218545675
