times:
  edit-metadata: 2.821055831387639
  landing: 0.16256728023290634
  view-data: 0.4510282725095749
