times:
  edit-metadata: 2.336692161858082
  landing: 0.04733049124479294
  view-data: 0.24104629829525948
