times:
  edit-metadata: 1.510542269796133
  landing: 0.9502574279904366
  view-data: 3.438967075198889
