times:
  edit-metadata: 1.4002573303878307
  landing: 0.9249087646603584
  view-data: 3.3220638409256935
