times:
  edit-metadata: 1.5347922835499048
  landing: 0.8521581757813692
  view-data: 3.439661718904972
