times:
  landing: 1.1226470029999973
  view-data: 0.5611636510000153
