times:
  edit-metadata: 1.6535843275487423
  landing: 0.9805572852492332
  view-data: 3.430854957550764
