times:
  edit-metadata: 2.788284884765744
  landing: 1.5936216302216053
  view-data: 3.5436328556388617
