times:
  edit-metadata: 2.5946006178855896
  landing: 0.04962853295728564
  view-data: 0.22521010809578001
