times:
  edit-metadata: 2.0846735574305058
  landing: 0.20352625846862793
  view-data: 0.023514099419116974
