times:
  edit-metadata: 2.5259561985731125
  landing: 0.03833252936601639
  view-data: 0.23860033228993416
