times:
  edit-metadata: 2.791072303429246
  landing: 0.6503752283751965
  view-data: 0.35242101177573204
