times:
  landing: 0.5688187779999794
  view-data: 0.5567502200000263
