times:
  edit-metadata: 1.4550166446715593
  landing: 0.8846978843212128
  view-data: 3.3420317778363824
