times:
  edit-metadata: 2.5914164669811726
  landing: 0.04055878892540932
  view-data: 0.2481319084763527
