times:
  landing: 0.5566500680000104
  view-data: 0.5649330229999805
