times:
  edit-metadata: 1.5722009353339672
  landing: 0.7949535883963108
  view-data: 3.4081474877893925
