times:
  edit-metadata: 1.071763840969652
  landing: 0.04914008732885122
  view-data: 0.23307378171011806
