times:
  edit-metadata: 1.3592818821780384
  landing: 0.805234151892364
  view-data: 3.3289060280658305
