times:
  edit-metadata: 1.5990327671170235
  landing: 0.828004440292716
  view-data: 3.4214918483048677
