times:
  edit-metadata: 2.198150744661689
  landing: 0.0195919256657362
  view-data: 0.025946144945919514
