times:
  edit-metadata: 2.2714913431555033
  landing: 0.12229222431778908
  view-data: 0.3299595471471548
