times:
  edit-metadata: 1.5749471932649612
  landing: 0.8137188255786896
  view-data: 3.416909718886018
