times:
  edit-metadata: 1.6360901668667793
  landing: 0.9418805744498968
  view-data: 3.436781307682395
