times:
  landing: 0.5498040370000581
  view-data: 0.5480246480000233
