times:
  edit-metadata: 1.352657845709473
  landing: 0.7009160127490759
  view-data: 3.278580970596522
