times:
  edit-metadata: 1.1289438074454665
  landing: 0.04431252367794514
  view-data: 0.23387357499450445
