times:
  landing: 0.5561187159999861
  view-data: 0.5594767750000074
