times:
  edit-metadata: 1.4094779081642628
  landing: 0.8822382111102343
  view-data: 3.3702980866655707
