times:
  edit-metadata: 1.45300667360425
  landing: 1.0658840015530586
  view-data: 3.324968095868826
