times:
  edit-metadata: 2.5270304400473833
  landing: 0.26616802997887135
  view-data: 0.35429015941917896
