times:
  landing: 1.0941307869999832
  view-data: 0.5518080670000245
