times:
  edit-metadata: 1.4667974100011634
  landing: 0.05194806199870072
  view-data: 0.38661885000328766
