times:
  edit-metadata: 1.5843685157597065
  landing: 0.8585709631443024
  view-data: 0.7569316551089287
