times:
  edit-metadata: 0.7806077440036461
  landing: 0.06620362598914653
  view-data: 0.3525081549305469
