times:
  edit-metadata: 0.7106909090653062
  landing: 0.07970837084576488
  view-data: 0.743011680431664
