times:
  edit-metadata: 1.5334282536059618
  landing: 0.9854459464550018
  view-data: 0.6325050387531519
