times:
  edit-metadata: 0.7249573270091787
  landing: 0.08603144297376275
  view-data: 0.3620282160118222
