times:
  edit-metadata: 1.452150983735919
  landing: 0.9737944174557924
  view-data: 0.7790686320513487
