times:
  edit-metadata: 0.7340470869094133
  landing: 0.07385010307189077
  view-data: 0.3424134780652821
