times:
  edit-metadata: 0.7342573250643909
  landing: 0.04900096100755036
  view-data: 0.3584526830818504
