times:
  edit-metadata: 1.5389100797474384
  landing: 0.9442016594111919
  view-data: 0.7997362278401852
