times:
  edit-metadata: 1.529124766588211
  landing: 0.9080791138112545
  view-data: 0.693792806006968
