times:
  edit-metadata: 1.6598736643791199
  landing: 1.1359094735234976
  view-data: 0.8889185208827257
