times:
  edit-metadata: 1.5506899245083332
  landing: 0.8834549076855183
  view-data: 0.9376833513379097
