times:
  edit-metadata: 1.5501504209823906
  landing: 1.0146614499390125
  view-data: 0.8639349879231304
