times:
  edit-metadata: 1.644770435988903
  landing: 1.055903859436512
  view-data: 3.3606065548956394
