times:
  edit-metadata: 1.7154123596847057
  landing: 1.1328803487122059
  view-data: 0.8138844445347786
