times:
  edit-metadata: 1.5407884158194065
  landing: 0.8477626647800207
  view-data: 0.6861064583063126
