times:
  edit-metadata: 0.7160396701656282
  landing: 0.0613766610622406
  view-data: 0.3619338369462639
