times:
  edit-metadata: 1.5370720848441124
  landing: 1.0506968796253204
  view-data: 3.4692432023584843
