times:
  edit-metadata: 0.8018274979840498
  landing: 0.06441838599857874
  view-data: 0.2732025120058097
