times:
  edit-metadata: 1.7483153683133423
  landing: 1.0797337517142296
  view-data: 0.7831486486829817
