times:
  edit-metadata: 2.6995968725532293
  landing: 1.283774591051042
  view-data: 3.3631808357313275
