times:
  edit-metadata: 0.7025808468461037
  landing: 0.06375822424888611
  view-data: 0.35065636318176985
