times:
  edit-metadata: 1.4061370119452477
  landing: 0.8431604029610753
  view-data: 0.9351929062977433
