times:
  edit-metadata: 1.4053107399959117
  landing: 0.8955804808065295
  view-data: 0.6364635180216283
