times:
  edit-metadata: 1.5331469178199768
  landing: 0.8499043397605419
  view-data: 0.7885318826884031
