times:
  edit-metadata: 1.5869333166629076
  landing: 0.972031231969595
  view-data: 0.8957344368100166
