times:
  edit-metadata: 1.8394346106797457
  landing: 0.94386853184551
  view-data: 0.7413687314838171
