times:
  edit-metadata: 1.57179881259799
  landing: 0.8950448278337717
  view-data: 0.7808787897229195
