times:
  edit-metadata: 2.302684941329062
  landing: 1.6953689707443118
  view-data: 3.6559461718425155
