times:
  edit-metadata: 1.5011074235662818
  landing: 0.9030715012922883
  view-data: 0.7749805403873324
