times:
  edit-metadata: 1.8232158794999123
  landing: 1.5029463358223438
  view-data: 3.4142124243080616
