times:
  edit-metadata: 1.6203385149128735
  landing: 0.9761866860790178
  view-data: 0.6637947970302776
