times:
  edit-metadata: 1.729652402922511
  landing: 0.9010341581888497
  view-data: 0.7518950370140374
