times:
  edit-metadata: 1.902761459350586
  landing: 1.3426303528249264
  view-data: 0.9416310824453831
