times:
  edit-metadata: 1.4476424045860767
  landing: 0.9078458668664098
  view-data: 3.4098596116527915
