times:
  edit-metadata: 0.7081174901686609
  landing: 0.06922105117700994
  view-data: 0.349175204988569
