times:
  edit-metadata: 1.3860563952475786
  landing: 0.7623784970492125
  view-data: 0.6855212915688753
