times:
  edit-metadata: 1.5900068134069443
  landing: 0.9426614232361317
  view-data: 3.4225128144025803
