times:
  edit-metadata: 0.7825445029884577
  landing: 0.1294630999909714
  view-data: 0.26462565298425034
