times:
  edit-metadata: 0.7801365369814448
  landing: 0.05709957901854068
  view-data: 0.400446642015595
