times:
  edit-metadata: 0.8147527459077537
  landing: 0.16709629900287837
  view-data: 0.5162840470438823
