times:
  edit-metadata: 1.7113698981702328
  landing: 1.25691781565547
  view-data: 3.3513814844191074
