times:
  edit-metadata: 1.6388826160691679
  landing: 1.0371422030730173
  view-data: 1.0149667439982295
