times:
  edit-metadata: 0.8001833700109273
  landing: 0.04704575496725738
  view-data: 0.36630376102402806
