times:
  edit-metadata: 1.5454406552016735
  landing: 0.9908170700073242
  view-data: 3.400236200541258
