times:
  edit-metadata: 1.4995939582586288
  landing: 0.8880583494901657
  view-data: 0.8344707889482379
