times:
  edit-metadata: 1.64524992601946
  landing: 0.9456266770139337
  view-data: 0.7715887227095664
