times:
  edit-metadata: 1.4146877946332097
  landing: 0.8876155223697424
  view-data: 0.7698389841243625
