times:
  edit-metadata: 1.4356509849894792
  landing: 1.109554524999112
  view-data: 1.1036595619516447
