times:
  edit-metadata: 0.7042933469638228
  landing: 0.06521574314683676
  view-data: 0.746647517895326
