times:
  edit-metadata: 1.445562634151429
  landing: 0.9714636532589793
  view-data: 0.6969641200266778
