times:
  edit-metadata: 1.8851199336349964
  landing: 0.901401799172163
  view-data: 0.7365093007683754
