times:
  edit-metadata: 1.5271195266395807
  landing: 0.9313510917127132
  view-data: 0.7445838041603565
