times:
  edit-metadata: 0.7882136330008507
  landing: 0.07957069005351514
  view-data: 0.3702917279442772
