times:
  edit-metadata: 1.5121244341135025
  landing: 0.9903932474553585
  view-data: 3.3856080882251263
