times:
  edit-metadata: 1.7277362383902073
  landing: 1.144646294414997
  view-data: 3.331428859382868
