times:
  edit-metadata: 0.7801435749861412
  landing: 0.06685684894910082
  view-data: 0.4963812209898606
