times:
  edit-metadata: 1.5666279159486294
  landing: 0.9438952077180147
  view-data: 0.8298598323017359
