times:
  edit-metadata: 1.719214078038931
  landing: 0.8220830112695694
  view-data: 0.6826896294951439
