times:
  edit-metadata: 1.6929302923381329
  landing: 1.0783677101135254
  view-data: 3.372232735157013
