times:
  edit-metadata: 1.3979789428412914
  landing: 0.8492714166641235
  view-data: 3.332029163837433
