times:
  edit-metadata: 1.850754726678133
  landing: 1.1298239044845104
  view-data: 3.333221361041069
