times:
  edit-metadata: 2.4612118285149336
  landing: 1.4613678213208914
  view-data: 3.704136660322547
