times:
  edit-metadata: 0.7211024559801444
  landing: 0.07712859701132402
  view-data: 0.4687475970131345
