times:
  edit-metadata: 1.5373541377484798
  landing: 0.8283585570752621
  view-data: 0.7309788279235363
