times:
  edit-metadata: 0.719235842814669
  landing: 0.07579315896146
  view-data: 0.33725215890444815
