times:
  edit-metadata: 0.7171319910003149
  landing: 0.05678400400029204
  view-data: 0.5013327699998626
