times:
  edit-metadata: 1.4354461058974266
  landing: 0.849891509860754
  view-data: 3.307853102684021
