times:
  edit-metadata: 1.5458105131983757
  landing: 0.9312061481177807
  view-data: 0.7239921232685447
