times:
  edit-metadata: 1.5513830687850714
  landing: 0.8720418121665716
  view-data: 0.7470471113920212
