times:
  edit-metadata: 1.5162223502993584
  landing: 1.0663222521543503
  view-data: 0.6729050148278475
