times:
  edit-metadata: 1.7615247759968042
  landing: 1.2401233650743961
  view-data: 0.7496979888528585
