times:
  edit-metadata: 1.51083180680871
  landing: 1.218639973551035
  view-data: 3.344218023121357
