times:
  edit-metadata: 0.7063713140087202
  landing: 0.07706872205017135
  view-data: 0.4760066159651615
