times:
  edit-metadata: 0.737450580985751
  landing: 0.05463895096909255
  view-data: 0.459641148976516
