times:
  edit-metadata: 1.412536185234785
  landing: 1.0573310106992722
  view-data: 3.3417045436799526
