times:
  edit-metadata: 1.6184462755918503
  landing: 1.0828798189759254
  view-data: 3.385547414422035
