times:
  edit-metadata: 1.3995416825637221
  landing: 0.8845156002789736
  view-data: 0.6675966940820217
