times:
  edit-metadata: 1.6474513486027718
  landing: 1.0104827508330345
  view-data: 3.4912635572254658
