times:
  edit-metadata: 2.007318302989006
  landing: 1.232907491736114
  view-data: 0.6794856274500489
