times:
  edit-metadata: 1.808942699804902
  landing: 0.9007012788206339
  view-data: 0.6642029508948326
