times:
  edit-metadata: 1.3773691691458225
  landing: 0.9584167376160622
  view-data: 3.2841478772461414
