times:
  edit-metadata: 0.7192889950238168
  landing: 0.06381082301959395
  view-data: 0.40015642484650016
