times:
  edit-metadata: 1.6196742355823517
  landing: 0.9001830648630857
  view-data: 0.7592682484537363
