times:
  edit-metadata: 1.9187470115721226
  landing: 1.4366416223347187
  view-data: 3.439452685415745
