times:
  edit-metadata: 1.5829233825206757
  landing: 1.060342624783516
  view-data: 3.3520008325576782
