times:
  edit-metadata: 1.5324686439707875
  landing: 0.9728997700149193
  view-data: 0.6956658830167726
