times:
  edit-metadata: 0.7087171082384884
  landing: 0.06860987702384591
  view-data: 0.3997297319583595
