times:
  edit-metadata: 1.5692813210189342
  landing: 0.7938726507127285
  view-data: 0.7208702135831118
