times:
  edit-metadata: 1.425760264042765
  landing: 0.8861466539092362
  view-data: 0.8405031273141503
