times:
  edit-metadata: 1.4623246490955353
  landing: 0.9600905030965805
  view-data: 3.3572564981877804
