times:
  edit-metadata: 1.5074473358690739
  landing: 0.8433498777449131
  view-data: 0.7088223472237587
