times:
  edit-metadata: 0.7665935270197224
  landing: 0.07353848000639118
  view-data: 0.3592852450092323
