times:
  edit-metadata: 1.5333887357264757
  landing: 0.8714582026004791
  view-data: 0.7395756915211678
