times:
  edit-metadata: 2.3840585565194488
  landing: 1.387159552425146
  view-data: 0.6767373755574226
