times:
  edit-metadata: 1.4836458191275597
  landing: 0.8807223848998547
  view-data: 3.2664052583277225
