times:
  edit-metadata: 0.7063820990733802
  landing: 0.07071823393926024
  view-data: 0.35508586233481765
