times:
  edit-metadata: 0.712094723014161
  landing: 0.079891700996086
  view-data: 0.35356817091815174
