times:
  edit-metadata: 0.7185903331264853
  landing: 0.0795177340041846
  view-data: 0.353174566058442
