times:
  edit-metadata: 1.436310502991546
  landing: 0.20730616804212332
  view-data: 0.22153415298089385
