times:
  edit-metadata: 0.7248282879590988
  landing: 0.1287748069735244
  view-data: 0.6131632929900661
