times:
  edit-metadata: 1.5484985131770372
  landing: 0.8941826615482569
  view-data: 3.4388329535722733
