times:
  edit-metadata: 1.463889081031084
  landing: 0.873837074264884
  view-data: 0.7027611266821623
