times:
  edit-metadata: 0.7418770119547844
  landing: 0.04601791687309742
  view-data: 0.3578308639116585
