times:
  edit-metadata: 1.452906858175993
  landing: 0.9027671217918396
  view-data: 3.3474785797297955
