times:
  edit-metadata: 1.5631798580288887
  landing: 1.067204561084509
  view-data: 3.37242167070508
