times:
  edit-metadata: 0.7874849790241569
  landing: 0.047663706995081156
  view-data: 0.5302961800480261
