times:
  edit-metadata: 0.7681830470000932
  landing: 0.07940048799991928
  view-data: 0.35216742800002976
