times:
  edit-metadata: 1.816360737895593
  landing: 1.058040491072461
  view-data: 0.7286665549036115
