times:
  edit-metadata: 2.1158795319497585
  landing: 1.2789224535226822
  view-data: 3.8951976597309113
