times:
  edit-metadata: 1.5291402526199818
  landing: 1.0288251638412476
  view-data: 3.3833651915192604
