times:
  edit-metadata: 1.500910259783268
  landing: 1.0232861004769802
  view-data: 3.3975811935961246
