times:
  edit-metadata: 1.6347334459424019
  landing: 1.1582136116921902
  view-data: 3.329652886837721
