times:
  edit-metadata: 1.6107002012431622
  landing: 1.0736227370798588
  view-data: 3.3641739785671234
