times:
  edit-metadata: 4.382269162684679
  landing: 2.201664015650749
  view-data: 3.6742710284888744
