times:
  edit-metadata: 1.4459640607237816
  landing: 0.9246735572814941
  view-data: 0.6331837214529514
