times:
  edit-metadata: 1.514460802078247
  landing: 0.8543448261916637
  view-data: 3.289569117128849
