times:
  edit-metadata: 0.7289154287427664
  landing: 0.07489159191027284
  view-data: 0.5229456089437008
