times:
  edit-metadata: 0.7352251671254635
  landing: 0.0601421189494431
  view-data: 0.34469152987003326
