times:
  edit-metadata: 1.521569887176156
  landing: 1.0644923718646169
  view-data: 0.7434860458597541
