times:
  edit-metadata: 1.4561477564275265
  landing: 1.0514213293790817
  view-data: 3.363827306777239
