times:
  edit-metadata: 2.126230364665389
  landing: 1.388790288940072
  view-data: 0.7529236050322652
