times:
  edit-metadata: 1.553244948387146
  landing: 1.0601850859820843
  view-data: 3.4362338073551655
