times:
  edit-metadata: 1.9192774801049381
  landing: 1.007075137924403
  view-data: 0.9133316350635141
