times:
  edit-metadata: 1.5662802271544933
  landing: 1.0271772667765617
  view-data: 3.441023290157318
