times:
  edit-metadata: 1.5277936346828938
  landing: 0.9514246731996536
  view-data: 3.336929928511381
