times:
  edit-metadata: 1.658330101519823
  landing: 1.0743706673383713
  view-data: 3.7024855501949787
