times:
  edit-metadata: 0.8434220470953733
  landing: 0.10644392995163798
  view-data: 0.5756083910819143
