times:
  edit-metadata: 1.5529489517211914
  landing: 0.957358829677105
  view-data: 0.8302059210836887
