times:
  edit-metadata: 1.4693990722298622
  landing: 1.0048273596912622
  view-data: 0.7133801747113466
