times:
  edit-metadata: 1.4770829752087593
  landing: 1.5543025620281696
  view-data: 1.0730450549162924
