times:
  edit-metadata: 2.7441640831530094
  landing: 0.8273740420117974
  view-data: 0.7823994266800582
