times:
  edit-metadata: 1.7501258105039597
  landing: 0.9150216709822416
  view-data: 0.697316637262702
