times:
  edit-metadata: 1.5069322176277637
  landing: 0.8360026720911264
  view-data: 0.7552921138703823
