times:
  edit-metadata: 0.7401562742888927
  landing: 0.05528516601771116
  view-data: 0.3467259299941361
