times:
  edit-metadata: 1.4669398069381714
  landing: 1.0307879075407982
  view-data: 3.375324882566929
