times:
  edit-metadata: 1.5674302894622087
  landing: 0.9083543587476015
  view-data: 0.7762017492204905
