times:
  edit-metadata: 1.5101143382489681
  landing: 1.0191489830613136
  view-data: 3.3535581938922405
