times:
  edit-metadata: 1.5390769597142935
  landing: 0.9079479034990072
  view-data: 3.266347775235772
