times:
  edit-metadata: 2.0772714875638485
  landing: 1.2760176733136177
  view-data: 3.364469014108181
