times:
  edit-metadata: 0.7126539209857583
  landing: 0.0748643521219492
  view-data: 0.3976185678038746
