times:
  edit-metadata: 1.5191856287419796
  landing: 0.9944248162209988
  view-data: 3.2984351739287376
