times:
  edit-metadata: 1.8021863219328225
  landing: 0.9170360660646111
  view-data: 0.800927308970131
