times:
  edit-metadata: 1.5333163496106863
  landing: 0.8934961576014757
  view-data: 0.7456839438527822
