times:
  edit-metadata: 1.4241576083004475
  landing: 1.0124005936086178
  view-data: 3.331295430660248
