times:
  edit-metadata: 1.5161172470543534
  landing: 0.8937874340917915
  view-data: 0.597986239939928
