times:
  edit-metadata: 1.4097770117223263
  landing: 0.9722356647253036
  view-data: 3.2993309013545513
