times:
  edit-metadata: 1.5367115121334791
  landing: 1.0027379095554352
  view-data: 0.6843954361975193
