times:
  edit-metadata: 1.6300031244754791
  landing: 1.136162381619215
  view-data: 3.3429316952824593
