times:
  edit-metadata: 1.8091072738170624
  landing: 0.9790500216186047
  view-data: 0.6431420231238008
