times:
  edit-metadata: 1.4888544171117246
  landing: 0.9362260308116674
  view-data: 0.7577087208628654
