times:
  edit-metadata: 1.6456814333796501
  landing: 1.102920550853014
  view-data: 3.3591783232986927
