times:
  edit-metadata: 1.4595816638320684
  landing: 0.9342353735119104
  view-data: 0.7397685796022415
