times:
  edit-metadata: 1.587063243612647
  landing: 0.8388523850589991
  view-data: 0.8837245646864176
