times:
  edit-metadata: 1.4349680542945862
  landing: 0.9002238027751446
  view-data: 3.3892623856663704
