times:
  edit-metadata: 1.545794805046171
  landing: 1.0877318950369954
  view-data: 0.7602491113357246
