times:
  edit-metadata: 1.538733670488
  landing: 0.8773489780724049
  view-data: 0.8002628535032272
