times:
  edit-metadata: 1.6036762595176697
  landing: 0.9849479012191296
  view-data: 3.4057366773486137
