times:
  edit-metadata: 1.6158563811331987
  landing: 0.9300400633364916
  view-data: 0.6887447237968445
