times:
  edit-metadata: 1.4580699987709522
  landing: 1.0413936786353588
  view-data: 3.4552036598324776
