times:
  edit-metadata: 1.4132561963051558
  landing: 0.9806982325389981
  view-data: 0.7554949568584561
