times:
  edit-metadata: 1.476715587079525
  landing: 0.9890527427196503
  view-data: 3.3166073486208916
