times:
  edit-metadata: 0.7326782769523561
  landing: 0.05901064584031701
  view-data: 0.49365922808647156
