times:
  edit-metadata: 1.5521023161709309
  landing: 1.0064229741692543
  view-data: 3.419785000383854
