times:
  edit-metadata: 1.4645254388451576
  landing: 0.9888384491205215
  view-data: 3.37417796254158
