times:
  edit-metadata: 1.591466648504138
  landing: 1.0037312246859074
  view-data: 0.7534051220864058
