times:
  edit-metadata: 1.5650732088834047
  landing: 0.8738553654402494
  view-data: 0.75235834158957
