times:
  edit-metadata: 0.7123412840010133
  landing: 0.07872638100525364
  view-data: 0.35576873598620296
