times:
  edit-metadata: 1.6575209386646748
  landing: 1.016677863895893
  view-data: 3.3970913253724575
