times:
  edit-metadata: 1.5506776925176382
  landing: 0.9001186806708574
  view-data: 0.7115751896053553
