times:
  edit-metadata: 1.3412889270111918
  landing: 0.8798434929922223
  view-data: 1.2183936089277267
