times:
  edit-metadata: 1.5395785234868526
  landing: 0.9044794049113989
  view-data: 0.7538947314023972
