times:
  edit-metadata: 0.7006346519337967
  landing: 0.06360464997123927
  view-data: 0.4093063570326194
