times:
  edit-metadata: 0.789995317987632
  landing: 0.07047878997400403
  view-data: 0.40276960498886183
