times:
  edit-metadata: 0.712264965986833
  landing: 0.06820690492168069
  view-data: 0.3540646249894053
