times:
  edit-metadata: 1.5357901849783957
  landing: 1.0509516261518002
  view-data: 0.7615115991793573
