times:
  edit-metadata: 0.817263089993503
  landing: 0.061022489971946925
  view-data: 0.3510779660427943
