times:
  edit-metadata: 1.6638830062001944
  landing: 0.8954257909208536
  view-data: 0.7891273116692901
