times:
  edit-metadata: 1.6485363133251667
  landing: 0.9301931522786617
  view-data: 3.402295410633087
