times:
  edit-metadata: 1.5341234803199768
  landing: 1.0181922540068626
  view-data: 3.3975303657352924
