times:
  edit-metadata: 0.7783143520064186
  landing: 0.07604471699596616
  view-data: 0.39308123100636294
