times:
  edit-metadata: 2.1086202077567577
  landing: 1.6541986539959908
  view-data: 3.4185775332152843
