times:
  edit-metadata: 0.7234093840233982
  landing: 0.0650961990468204
  view-data: 0.46641793299932033
