times:
  edit-metadata: 0.7679288920480758
  landing: 0.06805890193209052
  view-data: 0.4919898670632392
