times:
  edit-metadata: 1.6068700104951859
  landing: 0.8738800752907991
  view-data: 0.8528273925185204
