times:
  edit-metadata: 0.735718283103779
  landing: 0.052464494947344065
  view-data: 0.3506962910760194
