times:
  edit-metadata: 1.4366838093847036
  landing: 1.0004258006811142
  view-data: 0.7968803755939007
