times:
  edit-metadata: 1.6033130213618279
  landing: 0.9335450995713472
  view-data: 0.7568534817546606
