times:
  edit-metadata: 0.7052584289340302
  landing: 0.0754812560044229
  view-data: 0.3067988610127941
