times:
  edit-metadata: 1.4632037375122309
  landing: 0.8675310667604208
  view-data: 0.6454596165567636
