times:
  edit-metadata: 1.439973697066307
  landing: 1.0289443209767342
  view-data: 3.5334565676748753
