times:
  edit-metadata: 1.4433054570108652
  landing: 0.9610425066202879
  view-data: 0.8615898191928864
