times:
  edit-metadata: 1.48426784388721
  landing: 0.8561651008203626
  view-data: 0.7379551120102406
