times:
  edit-metadata: 1.5074779510032386
  landing: 0.9342995691113174
  view-data: 0.6790149088483304
