times:
  edit-metadata: 1.473471026867628
  landing: 0.9571959748864174
  view-data: 0.6324120312929153
