times:
  edit-metadata: 1.4424565695226192
  landing: 1.0051376353949308
  view-data: 0.7742097191512585
