times:
  edit-metadata: 1.6518636792898178
  landing: 1.023219719529152
  view-data: 0.7264173328876495
