times:
  edit-metadata: 1.5156248416751623
  landing: 0.8284587822854519
  view-data: 0.7116059195250273
