times:
  edit-metadata: 1.4678806848824024
  landing: 0.9403828261420131
  view-data: 0.7024453701451421
