times:
  edit-metadata: 1.2915191461797804
  landing: 0.9345922111533582
  view-data: 0.7914446829818189
