times:
  edit-metadata: 2.4018664564937353
  landing: 1.5447898488491774
  view-data: 1.0387158133089542
