times:
  edit-metadata: 1.552086502313614
  landing: 0.8940687607973814
  view-data: 0.8429760225117207
