times:
  edit-metadata: 1.49823581520468
  landing: 0.9803215265274048
  view-data: 1.0326271140947938
