times:
  edit-metadata: 1.4466810040175915
  landing: 0.9670354686677456
  view-data: 3.374063178896904
