times:
  edit-metadata: 1.7583439275622368
  landing: 1.0896358117461205
  view-data: 3.339626546949148
