times:
  edit-metadata: 1.6422580014914274
  landing: 1.0266492757946253
  view-data: 0.8085731063038111
