times:
  edit-metadata: 2.09901737049222
  landing: 1.484267182648182
  view-data: 3.546264670789242
