times:
  edit-metadata: 1.4590948848053813
  landing: 0.9181219432502985
  view-data: 0.7263174811378121
