times:
  edit-metadata: 1.6412945329211652
  landing: 1.1094329040497541
  view-data: 3.333451712038368
