times:
  edit-metadata: 1.4223203286528587
  landing: 0.8928411295637488
  view-data: 0.8357055298984051
