times:
  edit-metadata: 1.3954062811098993
  landing: 0.9742891588248312
  view-data: 0.7401425042189658
