times:
  edit-metadata: 2.9315230771899223
  landing: 1.9536454007029533
  view-data: 3.5303404107689857
