times:
  edit-metadata: 1.5277545787394047
  landing: 0.8386207986623049
  view-data: 0.7308344021439552
