times:
  edit-metadata: 1.3989045373164117
  landing: 0.8241873979568481
  view-data: 0.635729752946645
