times:
  edit-metadata: 1.5602498725056648
  landing: 0.9239777736365795
  view-data: 3.351705238223076
