times:
  edit-metadata: 1.5653834901750088
  landing: 0.9344908967614174
  view-data: 3.4458885490894318
