times:
  edit-metadata: 1.566452145576477
  landing: 0.8506351746618748
  view-data: 0.7326740585267544
