times:
  edit-metadata: 1.5239846892654896
  landing: 0.9299034886062145
  view-data: 3.417425237596035
