times:
  edit-metadata: 0.724313530838117
  landing: 0.07809363398700953
  view-data: 0.6264939110260457
