times:
  edit-metadata: 0.6985795489745215
  landing: 0.07100442005321383
  view-data: 0.7694968159776181
