times:
  edit-metadata: 0.7064697509631515
  landing: 0.06565358699299395
  view-data: 0.3600661780219525
