times:
  edit-metadata: 1.7230021692812443
  landing: 1.0307721085846424
  view-data: 3.3451779261231422
