times:
  edit-metadata: 1.451700646430254
  landing: 1.1165063865482807
  view-data: 3.663013394922018
