times:
  edit-metadata: 1.717617180198431
  landing: 0.8928745836019516
  view-data: 0.732183750718832
