times:
  edit-metadata: 1.5276219919323921
  landing: 0.9293696880340576
  view-data: 3.3537018187344074
