times:
  edit-metadata: 1.7064653327688575
  landing: 1.138067259453237
  view-data: 0.705181198194623
