times:
  edit-metadata: 1.9494640212506056
  landing: 1.2411676738411188
  view-data: 0.7551951240748167
