times:
  edit-metadata: 0.7028063670732081
  landing: 0.06623168685473502
  view-data: 0.5365530720446259
