times:
  edit-metadata: 1.4669634830206633
  landing: 0.9887282638810575
  view-data: 0.8880394641309977
