times:
  edit-metadata: 1.6231214553117752
  landing: 1.321139968931675
  view-data: 3.3975420631468296
