times:
  edit-metadata: 1.6241659186780453
  landing: 0.9792648963630199
  view-data: 3.3025397174060345
