times:
  edit-metadata: 0.7173436421435326
  landing: 0.05582894501276314
  view-data: 0.38710501603782177
