times:
  edit-metadata: 1.5003049485385418
  landing: 1.0017010234296322
  view-data: 3.442779090255499
