times:
  edit-metadata: 1.5207584239542484
  landing: 0.8531922604888678
  view-data: 0.8872069660574198
