times:
  edit-metadata: 1.7349878754466772
  landing: 1.2670356445014477
  view-data: 3.6736282501369715
