times:
  edit-metadata: 1.416095331311226
  landing: 0.8526521995663643
  view-data: 0.6362367635592818
