times:
  edit-metadata: 1.692698322236538
  landing: 1.0537966564297676
  view-data: 0.7171178236603737
