times:
  edit-metadata: 1.6751162596046925
  landing: 0.9808705002069473
  view-data: 0.8914579004049301
