times:
  edit-metadata: 0.7724886310024885
  landing: 0.07491329699405469
  view-data: 0.5316378599964082
