times:
  edit-metadata: 3.824773907661438
  landing: 1.4667953085154295
  view-data: 0.8751637060195208
