times:
  edit-metadata: 1.4539349530823529
  landing: 1.0785651612095535
  view-data: 0.7292754799127579
