times:
  edit-metadata: 1.4408382885158062
  landing: 1.0119758881628513
  view-data: 3.3452040515840054
