times:
  edit-metadata: 1.5277760550379753
  landing: 0.878919055685401
  view-data: 0.7403618339449167
