times:
  edit-metadata: 1.53152434527874
  landing: 1.217535538598895
  view-data: 0.6789073711261153
