times:
  edit-metadata: 1.368826251477003
  landing: 0.9215820357203484
  view-data: 3.326341677457094
