times:
  edit-metadata: 1.6386830806732178
  landing: 1.0259899199008942
  view-data: 3.386528331786394
