times:
  edit-metadata: 1.6540813390165567
  landing: 1.003257466480136
  view-data: 0.8186928052455187
