times:
  edit-metadata: 0.6892945389263332
  landing: 0.0803302749991417
  view-data: 0.46247449377551675
