times:
  edit-metadata: 1.499564066529274
  landing: 1.0515234656631947
  view-data: 3.3740445859730244
