times:
  edit-metadata: 1.6605174569413066
  landing: 0.9293697811663151
  view-data: 0.7192454403266311
