times:
  edit-metadata: 1.5458033755421638
  landing: 0.9705138467252254
  view-data: 3.4268185421824455
