times:
  edit-metadata: 1.4296528548002243
  landing: 1.050027560442686
  view-data: 3.304620772600174
