times:
  edit-metadata: 1.9444481199607253
  landing: 1.1218377212062478
  view-data: 0.8164031822234392
