times:
  edit-metadata: 1.4607147816568613
  landing: 0.8157981522381306
  view-data: 0.7780571654438972
