times:
  edit-metadata: 1.5498326905071735
  landing: 0.8797734417021275
  view-data: 0.8596737571060658
