times:
  edit-metadata: 1.394891381263733
  landing: 1.0126427598297596
  view-data: 3.3926180824637413
