times:
  edit-metadata: 1.4401926808059216
  landing: 0.9579370431602001
  view-data: 0.7714784070849419
