times:
  edit-metadata: 0.7201893419987755
  landing: 0.07687659800285473
  view-data: 0.39929503500752617
