times:
  edit-metadata: 1.6331390123814344
  landing: 0.9775614608079195
  view-data: 0.810192534700036
