times:
  edit-metadata: 1.6121171731501818
  landing: 1.1715711373835802
  view-data: 0.7692454531788826
