times:
  edit-metadata: 1.959230880253017
  landing: 1.1867832811549306
  view-data: 0.7879784409888089
