times:
  edit-metadata: 0.7187095128465444
  landing: 0.06937748822383583
  view-data: 0.3567852480337024
