times:
  edit-metadata: 1.418873897055164
  landing: 0.8950110150035471
  view-data: 0.8144263030262664
