times:
  edit-metadata: 1.5254182368516922
  landing: 0.9795762561261654
  view-data: 3.3530018217861652
