times:
  edit-metadata: 0.9442999589955434
  landing: 0.11840107099851593
  view-data: 0.334943893016316
