times:
  edit-metadata: 0.7866386692039669
  landing: 0.15139837004244328
  view-data: 0.40561459586024284
