times:
  edit-metadata: 1.5532352067530155
  landing: 0.9421046692878008
  view-data: 3.4657985642552376
