times:
  edit-metadata: 1.6147336047142744
  landing: 0.9768900722265244
  view-data: 0.703071553260088
