times:
  edit-metadata: 1.754466399550438
  landing: 0.9498236645013094
  view-data: 0.6393475644290447
