times:
  edit-metadata: 0.7041894958820194
  landing: 0.08176467893645167
  view-data: 0.3613926579710096
