times:
  edit-metadata: 1.6140927840024233
  landing: 0.9352020528167486
  view-data: 0.8001591451466084
