times:
  edit-metadata: 1.5322871282696724
  landing: 1.0864590629935265
  view-data: 3.446387242525816
