times:
  edit-metadata: 2.207119665108621
  landing: 1.2134480103850365
  view-data: 3.506526665762067
