times:
  edit-metadata: 2.197427209466696
  landing: 1.1180384904146194
  view-data: 3.3761510998010635
