times:
  edit-metadata: 0.9403413349937182
  landing: 0.0460262369888369
  view-data: 0.3434695809846744
