times:
  edit-metadata: 1.4712883159518242
  landing: 0.7882588114589453
  view-data: 0.6223870348185301
