times:
  edit-metadata: 1.7958728224039078
  landing: 1.1200260538607836
  view-data: 0.6559907011687756
