times:
  edit-metadata: 1.9249523133039474
  landing: 1.0731035955250263
  view-data: 0.7438309993594885
