times:
  edit-metadata: 0.7227697838097811
  landing: 0.07882287399843335
  view-data: 0.34988340828567743
