times:
  edit-metadata: 1.5452831834554672
  landing: 0.912029817700386
  view-data: 3.3792923986911774
