times:
  edit-metadata: 0.8096306329825893
  landing: 0.19469247298547998
  view-data: 0.3828987260349095
