times:
  edit-metadata: 0.7198557208757848
  landing: 0.06239829584956169
  view-data: 0.35508911684155464
