times:
  edit-metadata: 0.8541667440003948
  landing: 0.04444175300159259
  view-data: 0.3569339180030511
