times:
  edit-metadata: 1.565083272755146
  landing: 1.003815658390522
  view-data: 3.4159544073045254
