times:
  edit-metadata: 2.1946259941905737
  landing: 1.177888891659677
  view-data: 0.7358389524742961
