times:
  edit-metadata: 1.6055407710373402
  landing: 0.8758469596505165
  view-data: 0.7588564585894346
