times:
  edit-metadata: 1.5334497354924679
  landing: 0.8229387868195772
  view-data: 0.7381426561623812
