times:
  edit-metadata: 1.428915724158287
  landing: 0.9756578728556633
  view-data: 3.3399321250617504
