times:
  edit-metadata: 1.4838316030800343
  landing: 1.025425300002098
  view-data: 3.347232159227133
