times:
  edit-metadata: 0.8207883639988722
  landing: 0.06351298600202426
  view-data: 0.3588876690046163
