times:
  edit-metadata: 0.7877619459759444
  landing: 0.05486320797353983
  view-data: 0.4153546040179208
