times:
  edit-metadata: 1.4978977665305138
  landing: 1.0870495922863483
  view-data: 0.7483750320971012
