times:
  edit-metadata: 0.719687573146075
  landing: 0.06924322107806802
  view-data: 0.6109113260172307
