times:
  edit-metadata: 1.5058069042861462
  landing: 1.035526491701603
  view-data: 3.430686566978693
