times:
  edit-metadata: 1.4830636279657483
  landing: 0.9903530031442642
  view-data: 0.8431877847760916
