times:
  edit-metadata: 0.7093299871776253
  landing: 0.07566767907701433
  view-data: 0.3437338029034436
