times:
  edit-metadata: 0.691952986002434
  landing: 0.06242795899743214
  view-data: 1.518247808009619
