times:
  edit-metadata: 1.5604833848774433
  landing: 1.0414609126746655
  view-data: 3.4095197450369596
