times:
  edit-metadata: 0.7169466480845585
  landing: 0.06574038101825863
  view-data: 0.40580686298199
