times:
  edit-metadata: 1.585867915302515
  landing: 0.8890295401215553
  view-data: 0.7733985353261232
