times:
  edit-metadata: 1.435356568545103
  landing: 0.8055846504867077
  view-data: 0.6561369597911835
