times:
  edit-metadata: 0.7922076459508389
  landing: 0.05041661998257041
  view-data: 0.48952968302182853
