times:
  edit-metadata: 0.7110306899994612
  landing: 0.07230938412249088
  view-data: 0.8965538679622114
