times:
  edit-metadata: 0.8151489540468901
  landing: 0.04659406503196806
  view-data: 0.4072143839439377
