times:
  edit-metadata: 0.7065784628503025
  landing: 0.07301856204867363
  view-data: 0.48054309096187353
