times:
  edit-metadata: 1.5354293808341026
  landing: 1.0421197637915611
  view-data: 3.2994570434093475
