times:
  edit-metadata: 1.6257268115878105
  landing: 0.9687125757336617
  view-data: 0.7436778508126736
