times:
  edit-metadata: 1.5510546676814556
  landing: 0.868479048833251
  view-data: 0.7612837329506874
