times:
  edit-metadata: 1.473823914770037
  landing: 0.9767069290392101
  view-data: 0.7035053060390055
