times:
  edit-metadata: 1.4546041190624237
  landing: 0.8921972997486591
  view-data: 0.777049046009779
