times:
  edit-metadata: 1.4169046431779861
  landing: 1.0926001444458961
  view-data: 0.7181841228157282
