times:
  edit-metadata: 1.54457401111722
  landing: 1.0972760654985905
  view-data: 3.37718965113163
