times:
  edit-metadata: 1.5941610634326935
  landing: 0.9419643003493547
  view-data: 1.7416085600852966
