times:
  edit-metadata: 0.7918050779999248
  landing: 0.11754866399951425
  view-data: 0.47272149400032504
