times:
  edit-metadata: 1.5442772777751088
  landing: 0.8661366580054164
  view-data: 3.356102637015283
