times:
  edit-metadata: 0.6879975739866495
  landing: 0.07587951398454607
  view-data: 0.359633369022049
