times:
  edit-metadata: 0.780971462954767
  landing: 0.07821653899736702
  view-data: 0.4904709119582549
