times:
  edit-metadata: 1.5173189621418715
  landing: 1.126209868118167
  view-data: 0.7987973596900702
