times:
  edit-metadata: 1.6368154659867287
  landing: 0.788952823728323
  view-data: 3.3290781415998936
