times:
  edit-metadata: 1.3876189216971397
  landing: 0.8053698763251305
  view-data: 3.4863946363329887
