times:
  edit-metadata: 1.7495611608028412
  landing: 1.1929138451814651
  view-data: 3.750283509492874
