times:
  edit-metadata: 1.3668730556964874
  landing: 0.8062395937740803
  view-data: 3.3183516412973404
