times:
  edit-metadata: 1.2264512330293655
  landing: 0.865157350897789
  view-data: 3.4555541053414345
