times:
  edit-metadata: 1.6695201247930527
  landing: 0.9353015273809433
  view-data: 3.541808657348156
