times:
  edit-metadata: 1.430876538157463
  landing: 0.8993257060647011
  view-data: 3.512349486351013
