times:
  edit-metadata: 1.732829563319683
  landing: 0.8549564927816391
  view-data: 3.5168255269527435
