times:
  edit-metadata: 1.4125297963619232
  landing: 0.7315054163336754
  view-data: 3.3004796653985977
