times:
  edit-metadata: 1.5262667685747147
  landing: 0.7899375483393669
  view-data: 3.5023811236023903
