times:
  edit-metadata: 1.905938260257244
  landing: 1.2129379697144032
  view-data: 3.3589945286512375
