times:
  edit-metadata: 1.2445379421114922
  landing: 0.8499000892043114
  view-data: 3.531465232372284
