times:
  edit-metadata: 1.4609114155173302
  landing: 0.7812075093388557
  view-data: 3.473775699734688
