times:
  edit-metadata: 2.0435527749359608
  landing: 0.9924317821860313
  view-data: 3.3014663867652416
