times:
  edit-metadata: 1.5007529109716415
  landing: 0.6980755031108856
  view-data: 3.3408529832959175
