times:
  edit-metadata: 1.4443246982991695
  landing: 0.9506353326141834
  view-data: 3.3336304388940334
