times:
  edit-metadata: 1.370392795652151
  landing: 0.7742292359471321
  view-data: 3.301997095346451
