times:
  edit-metadata: 1.458549540489912
  landing: 0.8930857591331005
  view-data: 3.2869511246681213
