times:
  edit-metadata: 1.6303775943815708
  landing: 0.8271195814013481
  view-data: 3.5177576057612896
