times:
  edit-metadata: 1.427459616214037
  landing: 0.8233296386897564
  view-data: 3.293766614049673
