times:
  edit-metadata: 1.5155223086476326
  landing: 0.8152875564992428
  view-data: 3.313984077423811
