times:
  edit-metadata: 1.4151849299669266
  landing: 0.907290019094944
  view-data: 3.5358837321400642
