times:
  edit-metadata: 2.228702113032341
  landing: 1.0712386518716812
  view-data: 3.8138660192489624
