times:
  edit-metadata: 2.2232954874634743
  landing: 1.4648825526237488
  view-data: 3.4863093718886375
