times:
  edit-metadata: 1.3781094886362553
  landing: 0.7432674653828144
  view-data: 3.292007379233837
