times:
  edit-metadata: 1.461490549147129
  landing: 0.8428041227161884
  view-data: 3.393969565629959
