times:
  edit-metadata: 1.5691805183887482
  landing: 0.9526296928524971
  view-data: 3.3228258788585663
