times:
  edit-metadata: 1.9911112301051617
  landing: 0.8666700646281242
  view-data: 3.451809737831354
