times:
  edit-metadata: 1.465696133673191
  landing: 0.7775331661105156
  view-data: 3.5225691720843315
