times:
  edit-metadata: 1.4601114466786385
  landing: 0.801820270717144
  view-data: 3.3328490406274796
