times:
  edit-metadata: 1.4309275671839714
  landing: 0.8657075874507427
  view-data: 3.3117662891745567
