times:
  edit-metadata: 1.5498884171247482
  landing: 0.9388204365968704
  view-data: 3.325325343757868
