times:
  edit-metadata: 1.4050634987652302
  landing: 0.8369512557983398
  view-data: 3.299551397562027
