times:
  edit-metadata: 1.4658491909503937
  landing: 0.7312488704919815
  view-data: 3.720906764268875
