times:
  edit-metadata: 1.5024060979485512
  landing: 0.9656026139855385
  view-data: 3.5006982535123825
