times:
  edit-metadata: 1.3765851557254791
  landing: 0.776058241724968
  view-data: 3.490225963294506
