times:
  edit-metadata: 1.385292962193489
  landing: 0.8337469473481178
  view-data: 3.522372603416443
