times:
  edit-metadata: 1.4958556666970253
  landing: 1.0120957046747208
  view-data: 3.335016295313835
