times:
  edit-metadata: 2.2006604745984077
  landing: 1.2823306545615196
  view-data: 3.8276074901223183
