times:
  edit-metadata: 1.6089636534452438
  landing: 0.9553558453917503
  view-data: 3.300048030912876
