times:
  edit-metadata: 1.4629005119204521
  landing: 0.7728337869048119
  view-data: 3.352003790438175
