times:
  edit-metadata: 1.5165291875600815
  landing: 0.7763611152768135
  view-data: 3.437081165611744
