times:
  edit-metadata: 1.4432430863380432
  landing: 0.7747225314378738
  view-data: 3.4912430197000504
