times:
  edit-metadata: 1.5921501517295837
  landing: 0.852115161716938
  view-data: 3.4541094228625298
