times:
  edit-metadata: 1.489013709127903
  landing: 0.8771155476570129
  view-data: 3.49267016351223
