times:
  edit-metadata: 2.3551892042160034
  landing: 1.2997736260294914
  view-data: 3.811553567647934
