times:
  edit-metadata: 1.5254492908716202
  landing: 0.7798563167452812
  view-data: 3.427876688539982
