times:
  edit-metadata: 1.363073319196701
  landing: 0.8079247921705246
  view-data: 3.3306336812675
