times:
  edit-metadata: 1.622636754065752
  landing: 0.8291318602859974
  view-data: 3.270969197154045
