times:
  edit-metadata: 1.8576924800872803
  landing: 1.2712647318840027
  view-data: 3.3596108816564083
