times:
  edit-metadata: 1.4208101332187653
  landing: 0.9301157221198082
  view-data: 3.4543388411402702
