times:
  edit-metadata: 1.5099152848124504
  landing: 0.8108712807297707
  view-data: 3.332179643213749
