times:
  edit-metadata: 1.4123637899756432
  landing: 0.9501736834645271
  view-data: 3.3647384494543076
