times:
  edit-metadata: 1.4443037062883377
  landing: 0.8377754166722298
  view-data: 3.471054121851921
