times:
  edit-metadata: 1.3687187545001507
  landing: 0.7255800738930702
  view-data: 3.3539611101150513
