times:
  edit-metadata: 1.5408732742071152
  landing: 0.8851925879716873
  view-data: 3.337551236152649
