times:
  edit-metadata: 1.4215500503778458
  landing: 0.724896214902401
  view-data: 3.4991452172398567
