times:
  edit-metadata: 1.5497537180781364
  landing: 0.7780039310455322
  view-data: 3.5284001603722572
