times:
  edit-metadata: 1.921016849577427
  landing: 1.1914186030626297
  view-data: 3.7437142059206963
