times:
  edit-metadata: 1.6379562392830849
  landing: 1.0155060663819313
  view-data: 3.50165506452322
