times:
  edit-metadata: 1.5022501200437546
  landing: 0.8171336278319359
  view-data: 3.450699143111706
