times:
  edit-metadata: 1.3891844153404236
  landing: 0.8280887678265572
  view-data: 3.5204079374670982
