times:
  edit-metadata: 1.4561240300536156
  landing: 1.1315115913748741
  view-data: 3.4564651027321815
