times:
  edit-metadata: 1.4833134450018406
  landing: 0.8457504138350487
  view-data: 3.503677736967802
