times:
  edit-metadata: 1.4372212439775467
  landing: 0.8090902492403984
  view-data: 3.292756997048855
