times:
  edit-metadata: 1.6428144611418247
  landing: 0.936118870973587
  view-data: 3.3518784381449223
