times:
  edit-metadata: 1.596069235354662
  landing: 0.9116911664605141
  view-data: 3.460288666188717
