times:
  edit-metadata: 2.6166903637349606
  landing: 1.2605562955141068
  view-data: 3.7499370872974396
