times:
  edit-metadata: 1.496623583137989
  landing: 0.7437057942152023
  view-data: 3.4162814766168594
