times:
  edit-metadata: 1.5053449347615242
  landing: 0.6907467842102051
  view-data: 3.411973737180233
