times:
  edit-metadata: 1.5092945024371147
  landing: 0.7628289684653282
  view-data: 3.541813664138317
