times:
  edit-metadata: 1.8094971179962158
  landing: 1.0693162307143211
  view-data: 3.411913365125656
