times:
  edit-metadata: 1.3863531425595284
  landing: 0.9579181484878063
  view-data: 3.287601102143526
