times:
  edit-metadata: 1.4312724843621254
  landing: 0.7705980986356735
  view-data: 3.290065884590149
