times:
  edit-metadata: 1.5003386810421944
  landing: 0.7269927486777306
  view-data: 0.6123518869280815
