times:
  edit-metadata: 1.3533493056893349
  landing: 0.7331795990467072
  view-data: 3.356857530772686
