times:
  edit-metadata: 1.5018964409828186
  landing: 0.8103474751114845
  view-data: 3.4290173277258873
