times:
  edit-metadata: 1.7415961101651192
  landing: 1.0191185623407364
  view-data: 3.598084345459938
