times:
  edit-metadata: 1.348160445690155
  landing: 0.7808079347014427
  view-data: 3.2573624551296234
