times:
  edit-metadata: 1.4410789459943771
  landing: 0.7501712813973427
  view-data: 3.4852408915758133
