times:
  edit-metadata: 1.4471067376434803
  landing: 0.9598224312067032
  view-data: 3.3004665300250053
