times:
  edit-metadata: 1.3458864986896515
  landing: 0.7334477230906487
  view-data: 3.487246550619602
