times:
  edit-metadata: 2.739676173776388
  landing: 1.0656361654400826
  view-data: 3.4390443302690983
