times:
  edit-metadata: 1.4692660197615623
  landing: 0.7219408079981804
  view-data: 3.4307326152920723
