times:
  edit-metadata: 1.4966451153159142
  landing: 0.6992635205388069
  view-data: 3.404841333627701
