times:
  edit-metadata: 1.3432289883494377
  landing: 0.7530712634325027
  view-data: 3.326675456017256
