times:
  edit-metadata: 1.401254579424858
  landing: 0.7576829940080643
  view-data: 3.5175697430968285
