times:
  edit-metadata: 1.2885353118181229
  landing: 0.7440056130290031
  view-data: 3.2970534414052963
