times:
  edit-metadata: 1.4415566883981228
  landing: 0.8183967918157578
  view-data: 3.3181756362318993
