times:
  edit-metadata: 1.4961121156811714
  landing: 0.7847450152039528
  view-data: 3.438822880387306
