times:
  edit-metadata: 1.4792767837643623
  landing: 0.7744148150086403
  view-data: 3.346211478114128
