times:
  edit-metadata: 1.6563538610935211
  landing: 0.8034123778343201
  view-data: 3.5947404950857162
