times:
  edit-metadata: 1.559480756521225
  landing: 0.9454796090722084
  view-data: 3.2805842012166977
