times:
  edit-metadata: 1.3052351027727127
  landing: 0.7963388711214066
  view-data: 3.395037181675434
