times:
  edit-metadata: 1.4214135259389877
  landing: 0.8353966698050499
  view-data: 3.5032408982515335
