times:
  edit-metadata: 1.5342565216124058
  landing: 0.7603950016200542
  view-data: 3.3656219877302647
