times:
  edit-metadata: 1.5438861958682537
  landing: 0.8415454812347889
  view-data: 3.2960174717009068
