times:
  edit-metadata: 1.374964527785778
  landing: 0.7163093909621239
  view-data: 3.5609096735715866
