times:
  edit-metadata: 1.3554129749536514
  landing: 0.7640249729156494
  view-data: 3.4993767216801643
