times:
  edit-metadata: 1.4834050983190536
  landing: 1.0364642590284348
  view-data: 3.491885393857956
