times:
  edit-metadata: 1.3435203433036804
  landing: 0.8702807873487473
  view-data: 3.353173941373825
