times:
  edit-metadata: 1.3876392617821693
  landing: 0.7874878570437431
  view-data: 3.355782128870487
