times:
  edit-metadata: 1.3081244491040707
  landing: 0.7812038958072662
  view-data: 3.284563060849905
