times:
  edit-metadata: 1.3851875439286232
  landing: 0.7527991756796837
  view-data: 3.47299575060606
