times:
  edit-metadata: 1.4573300294578075
  landing: 0.8417166098952293
  view-data: 3.317550502717495
