times:
  edit-metadata: 1.8200475797057152
  landing: 0.952121302485466
  view-data: 3.464699052274227
