times:
  edit-metadata: 1.7887422926723957
  landing: 0.8584958612918854
  view-data: 3.3576086796820164
