times:
  edit-metadata: 1.9846401438117027
  landing: 0.8642589151859283
  view-data: 3.3498987555503845
