times:
  edit-metadata: 1.456876054406166
  landing: 0.9791208878159523
  view-data: 3.46584040671587
