times:
  edit-metadata: 1.4292410761117935
  landing: 0.7666021138429642
  view-data: 3.435339607298374
