times:
  edit-metadata: 1.5339738875627518
  landing: 0.8359518051147461
  view-data: 3.440165914595127
