times:
  edit-metadata: 1.4236976280808449
  landing: 0.7533706203103065
  view-data: 3.4602681398391724
