times:
  edit-metadata: 1.4068885296583176
  landing: 0.9070584326982498
  view-data: 3.42673222720623
