times:
  edit-metadata: 1.3561841174960136
  landing: 0.7815942242741585
  view-data: 3.5039363354444504
