times:
  edit-metadata: 1.7450350672006607
  landing: 0.8568832166492939
  view-data: 3.297674521803856
