times:
  edit-metadata: 1.372244268655777
  landing: 0.7648334354162216
  view-data: 3.5245735943317413
