times:
  edit-metadata: 1.58103197067976
  landing: 0.910637978464365
  view-data: 3.3320791125297546
