times:
  edit-metadata: 1.4551898762583733
  landing: 0.7972170449793339
  view-data: 3.3061601370573044
