times:
  edit-metadata: 1.4242754504084587
  landing: 0.8280934393405914
  view-data: 3.453746274113655
