times:
  edit-metadata: 1.400823686271906
  landing: 0.8691487982869148
  view-data: 3.368050381541252
