times:
  edit-metadata: 1.375158965587616
  landing: 0.8161061257123947
  view-data: 3.4729283303022385
