times:
  edit-metadata: 1.9580786749720573
  landing: 0.786731630563736
  view-data: 3.3347605243325233
