times:
  edit-metadata: 1.4381224513053894
  landing: 1.0375226624310017
  view-data: 3.292320318520069
