times:
  edit-metadata: 1.4985606409609318
  landing: 0.9314160123467445
  view-data: 3.3097392581403255
