times:
  edit-metadata: 1.4113179668784142
  landing: 0.73586206138134
  view-data: 3.409676469862461
