times:
  edit-metadata: 1.4466028660535812
  landing: 0.7281011641025543
  view-data: 3.514702118933201
