times:
  edit-metadata: 1.398147627711296
  landing: 0.8133812993764877
  view-data: 3.4848525673151016
