times:
  edit-metadata: 1.3259952254593372
  landing: 0.7865612469613552
  view-data: 3.3330610431730747
