times:
  edit-metadata: 1.5293201096355915
  landing: 0.995124775916338
  view-data: 3.4292823001742363
