times:
  edit-metadata: 2.446714736521244
  landing: 1.6632995083928108
  view-data: 3.8868636712431908
