times:
  edit-metadata: 2.3264866322278976
  landing: 0.9963387921452522
  view-data: 3.51812507212162
