times:
  edit-metadata: 1.500376958400011
  landing: 1.1251586750149727
  view-data: 3.3360357098281384
