times:
  edit-metadata: 1.3396265730261803
  landing: 0.6913491934537888
  view-data: 3.6245125010609627
