times:
  edit-metadata: 1.9990313313901424
  landing: 0.8454620018601418
  view-data: 3.6499576084315777
