times:
  edit-metadata: 2.015527106821537
  landing: 1.0657686963677406
  view-data: 3.538823213428259
