times:
  edit-metadata: 2.180988572537899
  landing: 1.377467054873705
  view-data: 3.583165131509304
