times:
  edit-metadata: 1.565936841070652
  landing: 1.0593949556350708
  view-data: 3.3200268000364304
