times:
  edit-metadata: 1.387667115777731
  landing: 0.8085525631904602
  view-data: 3.405211303383112
