times:
  edit-metadata: 1.3933482617139816
  landing: 0.7985015362501144
  view-data: 3.491477482020855
