times:
  edit-metadata: 1.5052175968885422
  landing: 0.8578754737973213
  view-data: 3.5383342280983925
