times:
  edit-metadata: 1.4703259617090225
  landing: 0.818056233227253
  view-data: 3.3167065382003784
