times:
  edit-metadata: 1.5967152006924152
  landing: 0.9835205934941769
  view-data: 3.3746128045022488
