times:
  edit-metadata: 1.4735887199640274
  landing: 0.8598501123487949
  view-data: 3.276878099888563
