times:
  edit-metadata: 1.5484556593000889
  landing: 0.8449774160981178
  view-data: 3.299239255487919
