times:
  edit-metadata: 1.3810997307300568
  landing: 0.8382354080677032
  view-data: 3.323141645640135
