times:
  edit-metadata: 1.8814579471945763
  landing: 0.947753332555294
  view-data: 3.5792862698435783
