times:
  edit-metadata: 1.4014412984251976
  landing: 0.7976666130125523
  view-data: 3.265474382787943
