times:
  edit-metadata: 1.504419170320034
  landing: 0.8166417703032494
  view-data: 3.4723052978515625
