times:
  edit-metadata: 1.4110111370682716
  landing: 0.8232858628034592
  view-data: 3.423072449862957
