times:
  edit-metadata: 1.682880088686943
  landing: 0.7503091543912888
  view-data: 3.291640654206276
