times:
  edit-metadata: 1.4971320554614067
  landing: 0.8496621027588844
  view-data: 3.297436259686947
