times:
  edit-metadata: 2.0781909599900246
  landing: 1.2279140949249268
  view-data: 3.3806296288967133
