times:
  edit-metadata: 1.5205279737710953
  landing: 0.9044039025902748
  view-data: 3.542682394385338
