times:
  edit-metadata: 1.4127843901515007
  landing: 0.7393091022968292
  view-data: 3.4714248701930046
