times:
  edit-metadata: 1.517916887998581
  landing: 0.8830402866005898
  view-data: 3.498238019645214
