times:
  edit-metadata: 1.55109553784132
  landing: 0.9407220333814621
  view-data: 3.496134102344513
