times:
  edit-metadata: 1.3520465046167374
  landing: 0.7035327106714249
  view-data: 3.64726073294878
