times:
  edit-metadata: 1.430816426873207
  landing: 0.7580040842294693
  view-data: 3.372538201510906
