times:
  edit-metadata: 1.5056051313877106
  landing: 0.7282824441790581
  view-data: 3.4082788974046707
