times:
  edit-metadata: 1.5484477803111076
  landing: 0.9671294391155243
  view-data: 3.84749723225832
