times:
  edit-metadata: 2.2321009784936905
  landing: 1.0128749683499336
  view-data: 3.73706728965044
