times:
  edit-metadata: 1.4864207655191422
  landing: 0.8040817975997925
  view-data: 3.5917742028832436
