times:
  edit-metadata: 1.365555316209793
  landing: 0.7426208630204201
  view-data: 3.55598720908165
