times:
  edit-metadata: 1.909719131886959
  landing: 0.6978554651141167
  view-data: 3.5446679294109344
