times:
  edit-metadata: 1.5005827397108078
  landing: 0.741880975663662
  view-data: 3.485492542386055
