times:
  edit-metadata: 1.3670601397752762
  landing: 0.8031120747327805
  view-data: 3.474490538239479
