times:
  edit-metadata: 1.3546025231480598
  landing: 0.7763374745845795
  view-data: 3.496977798640728
