times:
  edit-metadata: 1.3960087299346924
  landing: 0.9103699699044228
  view-data: 3.683359205722809
