times:
  edit-metadata: 1.3687567934393883
  landing: 0.7700375095009804
  view-data: 3.5041456818580627
