times:
  edit-metadata: 1.409637413918972
  landing: 0.8162153288722038
  view-data: 3.444685012102127
