times:
  edit-metadata: 1.3591301143169403
  landing: 0.6907412707805634
  view-data: 3.375726580619812
