times:
  edit-metadata: 1.4152327850461006
  landing: 0.9363424703478813
  view-data: 0.6012146398425102
