times:
  edit-metadata: 1.3832573965191841
  landing: 0.7359589785337448
  view-data: 3.3918490931391716
