times:
  edit-metadata: 1.3760506138205528
  landing: 0.7609920278191566
  view-data: 3.4193748086690903
