times:
  edit-metadata: 1.4542513713240623
  landing: 0.8831014335155487
  view-data: 3.487070642411709
