times:
  edit-metadata: 1.689569041132927
  landing: 0.8709308430552483
  view-data: 3.477179743349552
