times:
  edit-metadata: 1.3267603367567062
  landing: 0.8713490664958954
  view-data: 3.473193682730198
