times:
  edit-metadata: 1.4265073016285896
  landing: 0.726816900074482
  view-data: 3.3753887712955475
