times:
  edit-metadata: 1.4125456511974335
  landing: 0.807489886879921
  view-data: 3.540397994220257
