times:
  edit-metadata: 1.417126551270485
  landing: 0.8207394778728485
  view-data: 3.490460492670536
