times:
  edit-metadata: 1.495835654437542
  landing: 0.8431160598993301
  view-data: 3.4783901274204254
