times:
  edit-metadata: 1.4658490717411041
  landing: 0.7539047375321388
  view-data: 3.5267423391342163
