times:
  edit-metadata: 1.7339821681380272
  landing: 0.9597098082304001
  view-data: 3.807897388935089
