times:
  edit-metadata: 1.455162264406681
  landing: 0.9501444101333618
  view-data: 3.4791939109563828
