times:
  edit-metadata: 1.5152879282832146
  landing: 0.8048666045069695
  view-data: 3.5069684609770775
