times:
  edit-metadata: 1.3019830211997032
  landing: 0.7661115154623985
  view-data: 3.460892379283905
