times:
  edit-metadata: 1.3943054229021072
  landing: 0.7468607574701309
  view-data: 3.4599285945296288
