times:
  edit-metadata: 1.406968668103218
  landing: 0.7175288647413254
  view-data: 3.3416372761130333
