times:
  edit-metadata: 2.381534904241562
  landing: 1.4140232130885124
  view-data: 4.172120451927185
