times:
  edit-metadata: 1.3714951053261757
  landing: 0.7912759631872177
  view-data: 3.434082679450512
