times:
  edit-metadata: 1.4412735775113106
  landing: 0.7420058846473694
  view-data: 3.4666830375790596
