times:
  edit-metadata: 1.3888924047350883
  landing: 0.8360523954033852
  view-data: 3.5288713946938515
