times:
  edit-metadata: 1.3231330811977386
  landing: 0.7055923715233803
  view-data: 3.4482757672667503
