times:
  edit-metadata: 1.483318716287613
  landing: 0.8364640176296234
  view-data: 3.4728478118777275
