times:
  edit-metadata: 1.3844466730952263
  landing: 0.9472948461771011
  view-data: 3.5465468913316727
