times:
  edit-metadata: 1.3131610378623009
  landing: 0.805252306163311
  view-data: 3.435377538204193
