times:
  edit-metadata: 1.384795866906643
  landing: 0.7418200820684433
  view-data: 3.481579177081585
