times:
  edit-metadata: 1.4536969065666199
  landing: 0.6993235424160957
  view-data: 3.459734298288822
