times:
  edit-metadata: 1.36561618745327
  landing: 0.77048060297966
  view-data: 3.4497913494706154
