times:
  edit-metadata: 1.4458583742380142
  landing: 0.7854065224528313
  view-data: 3.5867246985435486
