times:
  edit-metadata: 1.4204411059617996
  landing: 0.7055883780121803
  view-data: 3.4958841800689697
