times:
  edit-metadata: 1.3904361501336098
  landing: 0.7417734935879707
  view-data: 3.548707440495491
