times:
  edit-metadata: 1.45104119181633
  landing: 0.892429992556572
  view-data: 3.6673544049263
