times:
  edit-metadata: 1.4562198147177696
  landing: 0.7920042276382446
  view-data: 3.4958604648709297
