times:
  edit-metadata: 1.394169107079506
  landing: 0.7630024328827858
  view-data: 3.4728963673114777
