times:
  edit-metadata: 1.461571641266346
  landing: 0.7343601807951927
  view-data: 3.5572841465473175
