times:
  edit-metadata: 1.335834763944149
  landing: 0.7594257816672325
  view-data: 3.4790665730834007
