times:
  edit-metadata: 1.4820500165224075
  landing: 0.9024386033415794
  view-data: 3.5640368312597275
