times:
  edit-metadata: 1.5070673152804375
  landing: 0.7830655798316002
  view-data: 3.569597825407982
