times:
  edit-metadata: 1.4941744953393936
  landing: 0.8411082401871681
  view-data: 3.570776544511318
