times:
  edit-metadata: 1.2771926149725914
  landing: 0.7966427803039551
  view-data: 3.5478875041007996
