times:
  edit-metadata: 1.3538403809070587
  landing: 0.7185960933566093
  view-data: 3.33193027228117
