times:
  edit-metadata: 1.482582613825798
  landing: 0.8792184516787529
  view-data: 3.416297286748886
