times:
  edit-metadata: 1.2913739010691643
  landing: 0.7208421751856804
  view-data: 3.4944122284650803
