times:
  edit-metadata: 1.5141640082001686
  landing: 0.774942934513092
  view-data: 3.4569102376699448
