times:
  edit-metadata: 1.3836885690689087
  landing: 0.7054211348295212
  view-data: 3.4853481724858284
