times:
  edit-metadata: 1.43331728130579
  landing: 0.7263328582048416
  view-data: 3.4032158851623535
