times:
  edit-metadata: 1.3744881227612495
  landing: 0.8255201801657677
  view-data: 3.562485359609127
