times:
  edit-metadata: 1.4946646988391876
  landing: 0.7978998571634293
  view-data: 3.541557654738426
