times:
  edit-metadata: 0.5525104124099016
  landing: 0.6227858122438192
  view-data: 0.19131753221154213
