times:
  edit-metadata: 0.4190733879804611
  landing: 0.0643874688539654
  view-data: 0.21618849481455982
