times:
  edit-metadata: 0.5366692580282688
  landing: 0.05431210622191429
  view-data: 0.19330749288201332
