times:
  edit-metadata: 0.6128265400184318
  landing: 0.04454091505613178
  view-data: 0.19446788495406508
