times:
  edit-metadata: 1.6616682205349207
  landing: 0.8019456584006548
  view-data: 3.3717971611768007
