times:
  landing: 0.5527108670000302
  view-data: 0.5601524999999583
