times:
  landing: 1.0600465799998346
  view-data: 0.5454919100002371
