times:
  edit-metadata: 0.4574339189566672
  landing: 0.04887575330212712
  view-data: 0.2051278972066939
