times:
  landing: 2.7169319819658995
  view-data: 0.5932481549680233
