times:
  edit-metadata: 0.4404164879961172
  landing: 0.04677223300677724
  view-data: 0.20507972199993674
