times:
  edit-metadata: 1.643341839313507
  landing: 0.8464495204389095
  view-data: 3.4308191910386086
