times:
  edit-metadata: 1.6115158731117845
  landing: 0.8165104109793901
  view-data: 3.3407436348497868
