times:
  edit-metadata: 0.5362444184720516
  landing: 0.05496004596352577
  view-data: 0.20096369460225105
