times:
  edit-metadata: 1.3740938631817698
  landing: 0.022125507704913616
  view-data: 0.4731717221438885
