times:
  edit-metadata: 0.6091824173927307
  landing: 0.48728823103010654
  view-data: 0.19634060375392437
