times:
  edit-metadata: 0.6904057208448648
  landing: 0.04467651015147567
  view-data: 0.19428203394636512
