times:
  edit-metadata: 1.3436496872454882
  landing: 0.02278575487434864
  view-data: 0.2972826659679413
