times:
  edit-metadata: 1.5039634704589844
  landing: 0.1927192285656929
  view-data: 0.4107274916023016
