times:
  edit-metadata: 0.42812149808742106
  landing: 0.06212559202685952
  view-data: 0.20939304097555578
