times:
  edit-metadata: 0.49653634428977966
  landing: 0.049581232480704784
  view-data: 0.20213933754712343
