times:
  edit-metadata: 0.5256726349980454
  landing: 0.04294186900006025
  view-data: 0.19497146299909218
