times:
  edit-metadata: 1.5583459176123142
  landing: 0.9201210401952267
  view-data: 3.3966008089482784
