times:
  edit-metadata: 1.3708527712151408
  landing: 0.20168780907988548
  view-data: 0.42008148692548275
