times:
  edit-metadata: 0.6091866979841143
  landing: 0.05570068513043225
  view-data: 0.20616205502301455
