times:
  edit-metadata: 0.6171442307531834
  landing: 0.04312275117263198
  view-data: 0.18863285100087523
