times:
  edit-metadata: 0.5139098386280239
  landing: 0.11277539888396859
  view-data: 0.2016863371245563
