times:
  edit-metadata: 1.4187988378107548
  landing: 0.02010463923215866
  view-data: 0.3478352688252926
