times:
  edit-metadata: 1.4976629614830017
  landing: 0.8490935638546944
  view-data: 3.3699048161506653
