times:
  edit-metadata: 0.5453741773962975
  landing: 2.5568931587040424
  view-data: 1.479253526777029
