times:
  edit-metadata: 2.230039222165942
  landing: 1.2039607409387827
  view-data: 3.5064232852309942
