times:
  edit-metadata: 0.6615826543420553
  landing: 0.5183541029691696
  view-data: 0.31401164270937443
