times:
  edit-metadata: 0.594491008669138
  landing: 0.5638347044587135
  view-data: 0.20892433635890484
