times:
  edit-metadata: 0.6746328270091908
  landing: 0.0478322209964972
  view-data: 0.19254415600153152
