times:
  edit-metadata: 1.521221475675702
  landing: 0.1693473719060421
  view-data: 0.3682116065174341
