times:
  landing: 0.5430191230000219
  view-data: 0.5458115609999936
