times:
  edit-metadata: 0.5028321519494057
  landing: 0.6929353885352612
  view-data: 0.1972461100667715
