times:
  edit-metadata: 1.4505214467644691
  landing: 0.8186769559979439
  view-data: 3.460699141025543
