times:
  edit-metadata: 1.3931305594742298
  landing: 0.1316072680056095
  view-data: 0.29535332694649696
