times:
  edit-metadata: 0.5891594900167547
  landing: 0.046284504991490394
  view-data: 0.191089466039557
