times:
  edit-metadata: 0.5260738851502538
  landing: 0.05792904831469059
  view-data: 0.21132746152579784
