times:
  edit-metadata: 1.5788345988839865
  landing: 0.7962169488891959
  view-data: 3.4238723684102297
