times:
  edit-metadata: 1.3354585375636816
  landing: 0.019475084729492664
  view-data: 0.13463562075048685
