times:
  edit-metadata: 1.3253930089995265
  landing: 0.021085047163069248
  view-data: 0.12099907081574202
