times:
  edit-metadata: 0.6457956433296204
  landing: 0.5342252049595118
  view-data: 0.18182792887091637
