times:
  edit-metadata: 1.9753195568919182
  landing: 1.2733360566198826
  view-data: 3.39221453666687
