times:
  edit-metadata: 1.5658603399060667
  landing: 0.7973436512984335
  view-data: 3.3581252600997686
