times:
  edit-metadata: 1.4863827973604202
  landing: 0.18168739788234234
  view-data: 0.14106774888932705
