times:
  edit-metadata: 1.3280079308897257
  landing: 0.020337706431746483
  view-data: 0.33396801725029945
