times:
  edit-metadata: 0.4883781319949776
  landing: 0.0594899250427261
  view-data: 0.19901545299217105
