times:
  edit-metadata: 1.5434681922197342
  landing: 0.7593585327267647
  view-data: 3.409566305577755
