times:
  landing: 0.550276225999994
  view-data: 0.5532682499999737
