times:
  edit-metadata: 1.3688825611025095
  landing: 0.02260483242571354
  view-data: 0.43127329368144274
