times:
  edit-metadata: 0.5438393224030733
  landing: 0.8832176867872477
  view-data: 0.2984315138310194
