times:
  edit-metadata: 0.43249719589948654
  landing: 0.04732776805758476
  view-data: 0.1990349879488349
