times:
  edit-metadata: 0.5038209200138226
  landing: 0.07740376703441143
  view-data: 0.2037192610441707
