times:
  edit-metadata: 1.330904321745038
  landing: 0.1363981943577528
  view-data: 0.4275975991040468
