times:
  edit-metadata: 0.43961517489515245
  landing: 0.047489064978435636
  view-data: 0.2073647400829941
