times:
  edit-metadata: 1.598521489650011
  landing: 0.7974145002663136
  view-data: 3.417383126914501
