times:
  edit-metadata: 0.5791544560343027
  landing: 0.37900722585618496
  view-data: 0.22330983355641365
