times:
  edit-metadata: 1.3795349355787039
  landing: 0.7966118650510907
  view-data: 3.410867421887815
