times:
  landing: 0.5554368429999954
  view-data: 0.0430816080000227
