times:
  edit-metadata: 1.450360905379057
  landing: 0.8171944878995419
  view-data: 3.4059044122695923
