times:
  landing: 0.549537349000019
  view-data: 0.5554038170000126
