times:
  edit-metadata: 1.3459129901602864
  landing: 0.21187431924045086
  view-data: 0.37130319233983755
