times:
  edit-metadata: 0.5299442778341472
  landing: 0.04246583813801408
  view-data: 0.19590030191466212
