times:
  landing: 0.5599007819999997
  view-data: 0.05178881500000898
