times:
  edit-metadata: 0.437669800943695
  landing: 0.053537121042609215
  view-data: 0.20076974190305918
