times:
  edit-metadata: 1.4473067000508308
  landing: 0.12030890583992004
  view-data: 0.02772732637822628
