times:
  edit-metadata: 0.5024812067858875
  landing: 0.05393947195261717
  view-data: 0.19866804871708155
