times:
  edit-metadata: 0.4131711539812386
  landing: 0.06427573901601136
  view-data: 0.20278461300767958
