times:
  landing: 0.5550704299999438
  view-data: 0.5575472500000274
