times:
  edit-metadata: 1.3194360146299005
  landing: 6.990236489102244
  view-data: 3.3661657627671957
