times:
  landing: 1.0656683029999954
  view-data: 0.5506929740000146
