times:
  edit-metadata: 1.4076655507087708
  landing: 0.7812523730099201
  view-data: 3.272227503359318
