times:
  edit-metadata: 0.5133556197397411
  landing: 0.0502239060588181
  view-data: 0.18881679605692625
