times:
  edit-metadata: 1.5509447026997805
  landing: 0.822119427844882
  view-data: 3.3828500993549824
