times:
  landing: 0.5481876399999805
  view-data: 0.5520400720000112
