times:
  edit-metadata: 1.407673455774784
  landing: 0.7272366750985384
  view-data: 3.3051805272698402
