times:
  edit-metadata: 1.6066019851714373
  landing: 0.2578951567411423
  view-data: 0.3868988882750273
