times:
  edit-metadata: 0.4415632472373545
  landing: 0.0759868142195046
  view-data: 0.2088143820874393
