times:
  edit-metadata: 1.3235326688736677
  landing: 0.22488366812467575
  view-data: 0.023932073265314102
