times:
  edit-metadata: 2.993162374943495
  landing: 2.3413884416222572
  view-data: 4.092463616281748
