times:
  edit-metadata: 1.5545955263078213
  landing: 0.914730966091156
  view-data: 3.3636581748723984
