times:
  edit-metadata: 1.5560164395719767
  landing: 0.23449327796697617
  view-data: 0.47139869444072247
