times:
  edit-metadata: 1.4222988411784172
  landing: 0.9161222912371159
  view-data: 3.326230399310589
