times:
  edit-metadata: 1.42192002851516
  landing: 0.11302854679524899
  view-data: 0.12046619970351458
