times:
  edit-metadata: 1.4305969374254346
  landing: 0.11782532371580601
  view-data: 0.263655262067914
