times:
  edit-metadata: 0.6558287106454372
  landing: 0.7980496305972338
  view-data: 0.304964454844594
