times:
  edit-metadata: 0.5734686460345984
  landing: 0.07087715901434422
  view-data: 0.20967736101010814
