times:
  edit-metadata: 1.3640637211501598
  landing: 0.020849603228271008
  view-data: 0.3427835712209344
