times:
  edit-metadata: 1.5486340019851923
  landing: 0.7261809092015028
  view-data: 3.365637384355068
