times:
  edit-metadata: 1.4867752988357097
  landing: 0.8066717020701617
  view-data: 3.3522668869700283
