times:
  edit-metadata: 1.5447552502155304
  landing: 0.9481342509388924
  view-data: 3.3596748523414135
