times:
  landing: 1.0769345490000433
  view-data: 0.5592406580000215
