times:
  edit-metadata: 1.3416310604661703
  landing: 0.20988007728010416
  view-data: 0.14470566622912884
