times:
  edit-metadata: 0.507187407463789
  landing: 2.1337486859411
  view-data: 1.111828800290823
