times:
  edit-metadata: 0.5295405089855194
  landing: 0.6697093080729246
  view-data: 0.2433193400502205
