times:
  edit-metadata: 0.5972617600054946
  landing: 0.05120561399962753
  view-data: 0.19624773002578877
