times:
  landing: 0.5511678340000117
  view-data: 0.5553698850000046
