times:
  landing: 0.5513872029999902
  view-data: 0.5558383169999956
