times:
  edit-metadata: 0.5259539350008708
  landing: 0.0586324030009564
  view-data: 0.28077850999397924
