times:
  edit-metadata: 1.5387839246541262
  landing: 0.3607017956674099
  view-data: 0.32070826552808285
