times:
  edit-metadata: 2.0095993261784315
  landing: 0.3431102065369487
  view-data: 0.4980924753472209
