times:
  edit-metadata: 1.5601538754999638
  landing: 0.8103568851947784
  view-data: 3.3213490936905146
