times:
  edit-metadata: 1.4032272305339575
  landing: 0.7829252034425735
  view-data: 3.311743773519993
