times:
  edit-metadata: 1.3368510138243437
  landing: 0.13918867893517017
  view-data: 0.3353448770940304
