times:
  edit-metadata: 1.3282752316445112
  landing: 0.02002641372382641
  view-data: 0.12063070945441723
