times:
  edit-metadata: 0.5111757880076766
  landing: 0.05228961957618594
  view-data: 0.19446385884657502
