times:
  edit-metadata: 1.3406123472377658
  landing: 0.12837271764874458
  view-data: 0.028530718758702278
