times:
  edit-metadata: 1.3888290002942085
  landing: 0.01899702288210392
  view-data: 0.11837189830839634
