times:
  edit-metadata: 1.4597713090479374
  landing: 1.1346815936267376
  view-data: 3.311370424926281
