times:
  edit-metadata: 0.6742373360320926
  landing: 0.0512581889051944
  view-data: 0.18212066101841629
