times:
  edit-metadata: 0.5208886051550508
  landing: 0.04333528596907854
  view-data: 0.19240708509460092
