times:
  edit-metadata: 0.4952729865908623
  landing: 0.052532464265823364
  view-data: 0.19940506294369698
