times:
  edit-metadata: 1.3996375687420368
  landing: 0.8486633002758026
  view-data: 3.3277455121278763
