times:
  edit-metadata: 0.6064690141938627
  landing: 0.04469436686486006
  view-data: 0.18824051320552826
