times:
  edit-metadata: 1.5572748072445393
  landing: 3.313790485262871
  view-data: 3.386697258800268
