times:
  edit-metadata: 0.5024089431390166
  landing: 0.052632326260209084
  view-data: 0.18997437600046396
