times:
  landing: 0.554255736000016
  view-data: 0.5463262490000034
