times:
  edit-metadata: 1.394957031821832
  landing: 0.8361343629658222
  view-data: 3.3918630729895085
