times:
  edit-metadata: 0.6539038550108671
  landing: 0.7414320651441813
  view-data: 0.21677467226982117
