times:
  edit-metadata: 0.6377914850600064
  landing: 0.04926523705944419
  view-data: 0.1835896191187203
