times:
  edit-metadata: 0.559976963326335
  landing: 0.8788178153336048
  view-data: 0.3075664360076189
