times:
  edit-metadata: 1.5686248131096363
  landing: 0.850764237344265
  view-data: 3.337080165743828
