times:
  edit-metadata: 0.49881676211953163
  landing: 0.04167075827717781
  view-data: 0.19713051617145538
