times:
  landing: 0.548938937999992
  view-data: 0.5521765330000221
