times:
  edit-metadata: 1.6670703366398811
  landing: 0.9541019313037395
  view-data: 3.3877221774309874
