times:
  edit-metadata: 0.4607816368807107
  landing: 0.050940528977662325
  view-data: 0.20293852710165083
