times:
  edit-metadata: 1.328063645400107
  landing: 0.020954135805368423
  view-data: 0.026729472912847996
