times:
  edit-metadata: 0.5392044167965651
  landing: 0.7585436999797821
  view-data: 0.3101273477077484
