times:
  edit-metadata: 1.3094405848532915
  landing: 0.12633526418358088
  view-data: 0.09952069446444511
