times:
  edit-metadata: 1.5459458343684673
  landing: 0.9599556028842926
  view-data: 3.4283623434603214
