times:
  edit-metadata: 0.4223380060866475
  landing: 0.07243559509515762
  view-data: 0.2137001887895167
