times:
  landing: 0.5571341969999821
  view-data: 0.5685129350000011
