times:
  edit-metadata: 1.428939078003168
  landing: 0.821879580616951
  view-data: 3.375948041677475
