times:
  edit-metadata: 0.4650463811121881
  landing: 0.044107246212661266
  view-data: 0.19617180805653334
