times:
  edit-metadata: 0.43911945004947484
  landing: 0.05125461402349174
  view-data: 0.203429153887555
