times:
  edit-metadata: 0.6015622913837433
  landing: 0.5838418044149876
  view-data: 0.6129979323595762
