times:
  edit-metadata: 1.4635025206953287
  landing: 0.02029478643089533
  view-data: 0.09326534252613783
