times:
  edit-metadata: 0.6505592429311946
  landing: 0.050442678038962185
  view-data: 0.18885823502205312
