times:
  edit-metadata: 0.6169470809400082
  landing: 0.09273270005360246
  view-data: 0.22667522402480245
