times:
  edit-metadata: 1.477691924199462
  landing: 0.8380889734253287
  view-data: 3.371621673926711
