times:
  edit-metadata: 1.4612755756825209
  landing: 0.17413805052638054
  view-data: 0.30129580944776535
