times:
  edit-metadata: 0.6449061569874175
  landing: 0.05380097700981423
  view-data: 0.2249622109811753
