times:
  landing: 1.0802628789999744
  view-data: 0.5608659200000261
