times:
  edit-metadata: 1.5858727730810642
  landing: 1.0570045970380306
  view-data: 3.4335004733875394
