times:
  edit-metadata: 1.2701047568116337
  landing: 0.7729303049854934
  view-data: 3.3078732260037214
