times:
  edit-metadata: 0.6169330321718007
  landing: 0.0633040159009397
  view-data: 0.2219539531506598
