times:
  edit-metadata: 1.3626034148037434
  landing: 0.2286702562123537
  view-data: 0.323612492531538
