times:
  edit-metadata: 1.542482577264309
  landing: 0.8065039478242397
  view-data: 3.459607256576419
