times:
  edit-metadata: 0.4777652029879391
  landing: 0.04916989989578724
  view-data: 0.19319010898470879
