times:
  landing: 0.5554749959999867
  view-data: 0.063207699000003
