times:
  edit-metadata: 0.6566214519552886
  landing: 0.046032611979171634
  view-data: 0.20595784881152213
