times:
  edit-metadata: 1.3973894445225596
  landing: 0.022660966031253338
  view-data: 0.0266644936054945
