times:
  edit-metadata: 0.4321663260052446
  landing: 0.06106674199691042
  view-data: 0.46470059201237746
