times:
  landing: 0.5714136259999805
  view-data: 0.5620708580000269
