times:
  landing: 0.5476032560000021
  view-data: 0.5537939410000376
