times:
  edit-metadata: 0.4258831780171022
  landing: 0.04580278700450435
  view-data: 0.19578422099584714
