times:
  edit-metadata: 0.4863782785832882
  landing: 0.8283739853650331
  view-data: 0.3168477211147547
