times:
  edit-metadata: 2.149407222867012
  landing: 1.2027371414005756
  view-data: 3.403325457125902
