times:
  landing: 0.5622092299999508
  view-data: 0.5585828079999828
