times:
  edit-metadata: 0.4460622379556298
  landing: 0.04906398896127939
  view-data: 0.20434937020763755
