times:
  edit-metadata: 1.544932035729289
  landing: 0.7631809525191784
  view-data: 3.3521277587860823
