times:
  edit-metadata: 0.5398876145482063
  landing: 0.38016480952501297
  view-data: 0.18076187931001186
