times:
  edit-metadata: 0.65307059395127
  landing: 0.04755280585959554
  view-data: 0.17676381999626756
