times:
  edit-metadata: 0.47314978670328856
  landing: 0.051261240150779486
  view-data: 0.1917458320967853
