times:
  edit-metadata: 0.6363874301314354
  landing: 0.055770843755453825
  view-data: 0.19119565794244409
