times:
  edit-metadata: 1.3568987138569355
  landing: 0.0196402994915843
  view-data: 0.2165605342015624
