times:
  edit-metadata: 0.7428577682003379
  landing: 0.1558196349069476
  view-data: 0.2991939061321318
