times:
  landing: 0.5540723770000113
  view-data: 0.04748582100000931
