times:
  edit-metadata: 0.4876012179884128
  landing: 0.07753246300853789
  view-data: 0.2102414140244946
