times:
  edit-metadata: 0.49241261603310704
  landing: 0.04643513774499297
  view-data: 0.196160479914397
