times:
  edit-metadata: 0.49329862400190905
  landing: 0.062131295999279246
  view-data: 0.20660550199681893
