times:
  edit-metadata: 1.6026463340967894
  landing: 0.8412542175501585
  view-data: 3.4073986746370792
