times:
  edit-metadata: 0.5319649996235967
  landing: 0.04609956592321396
  view-data: 0.20780957583338022
