times:
  edit-metadata: 0.5162177346646786
  landing: 0.044388607144355774
  view-data: 0.1937757022678852
