times:
  landing: 1.072687927000004
  view-data: 0.5573465349999651
