times:
  edit-metadata: 0.5900270026177168
  landing: 0.5845446158200502
  view-data: 0.18532725051045418
