times:
  edit-metadata: 0.5369176156818867
  landing: 0.05151227908208966
  view-data: 0.20148444594815373
