times:
  edit-metadata: 1.608450094703585
  landing: 1.0280483230017126
  view-data: 3.450015943031758
