times:
  edit-metadata: 0.5216992571949959
  landing: 0.05162900686264038
  view-data: 0.19878900051116943
