times:
  edit-metadata: 1.3982312958687544
  landing: 0.7937239669263363
  view-data: 3.30411933735013
