times:
  edit-metadata: 0.5890354551374912
  landing: 2.557720785960555
  view-data: 0.75988001935184
