times:
  edit-metadata: 0.8496289809700102
  landing: 0.058165932074189186
  view-data: 0.20071236393414438
