times:
  edit-metadata: 0.5600693076848984
  landing: 0.7037783451378345
  view-data: 0.1987745352089405
