times:
  edit-metadata: 1.3543816478922963
  landing: 0.021414337679743767
  view-data: 0.22709031961858273
