times:
  edit-metadata: 1.6144559103995562
  landing: 0.9191262368112803
  view-data: 3.3396322950720787
