times:
  edit-metadata: 1.3947708429768682
  landing: 0.019984821788966656
  view-data: 0.09833000227808952
