times:
  edit-metadata: 0.6435498693026602
  landing: 0.04354015877470374
  view-data: 0.18539131479337811
