times:
  edit-metadata: 1.365936677902937
  landing: 0.20464158989489079
  view-data: 0.32853428833186626
