times:
  edit-metadata: 0.42007751716300845
  landing: 0.06480905273929238
  view-data: 0.22484757518395782
