times:
  edit-metadata: 0.5863967053592205
  landing: 0.47572388499975204
  view-data: 0.2058326881378889
