times:
  edit-metadata: 0.5233941730111837
  landing: 1.960372056812048
  view-data: 0.3252754509449005
