times:
  edit-metadata: 0.44579449493903667
  landing: 0.05952805501874536
  view-data: 0.2079834119649604
