times:
  edit-metadata: 0.605046441021841
  landing: 0.04406694299541414
  view-data: 0.21712714398745447
