times:
  edit-metadata: 1.5308273695409298
  landing: 0.7733913436532021
  view-data: 3.44597146473825
