times:
  edit-metadata: 1.5977670904248953
  landing: 0.23269493877887726
  view-data: 0.14784876070916653
