times:
  edit-metadata: 1.3414660897105932
  landing: 0.021960049867630005
  view-data: 0.024088864214718342
