times:
  edit-metadata: 0.5368046276271343
  landing: 0.051834166049957275
  view-data: 0.18836112320423126
