times:
  edit-metadata: 2.0346760395914316
  landing: 1.3327062148600817
  view-data: 3.6836689533665776
