times:
  landing: 1.072061470000051
  view-data: 0.5593774999999823
