times:
  edit-metadata: 0.4720150362700224
  landing: 0.05061004124581814
  view-data: 0.2051052013412118
