times:
  edit-metadata: 0.5068812160170637
  landing: 0.06647268900997005
  view-data: 0.21171458601020277
