times:
  edit-metadata: 0.5130720259621739
  landing: 0.06458750599995255
  view-data: 0.21994446695316583
