times:
  edit-metadata: 0.5604988355189562
  landing: 0.3978417608886957
  view-data: 0.2935662977397442
