times:
  edit-metadata: 0.5446115676313639
  landing: 0.045105401426553726
  view-data: 0.1818259321153164
