times:
  edit-metadata: 1.5413864143192768
  landing: 0.7456236742436886
  view-data: 3.4054384119808674
