times:
  edit-metadata: 1.3420288693159819
  landing: 0.11838867701590061
  view-data: 0.41671033576130867
