times:
  edit-metadata: 0.5757755152881145
  landing: 0.5584078505635262
  view-data: 0.1801973655819893
