times:
  edit-metadata: 1.7246647141873837
  landing: 0.9962306208908558
  view-data: 3.4141414649784565
