times:
  edit-metadata: 1.3695532716810703
  landing: 0.020450313575565815
  view-data: 0.19956380501389503
