times:
  landing: 0.5920066200000065
  view-data: 0.09455105900002536
