times:
  edit-metadata: 1.377198145724833
  landing: 0.09307461231946945
  view-data: 0.4582600649446249
