times:
  edit-metadata: 1.3639633925631642
  landing: 0.020321701653301716
  view-data: 0.023856300860643387
