times:
  edit-metadata: 1.3516835644841194
  landing: 0.13095679599791765
  view-data: 0.4006695318967104
