times:
  edit-metadata: 0.5117335803806782
  landing: 0.9510253425687551
  view-data: 0.30703309550881386
