times:
  edit-metadata: 0.746315916068852
  landing: 0.09799522394314408
  view-data: 0.2939933738671243
