times:
  landing: 1.0678800590000037
  view-data: 0.551426728000024
