times:
  edit-metadata: 0.5146041065454483
  landing: 0.045976974070072174
  view-data: 0.18962421640753746
