times:
  edit-metadata: 0.42052368307486176
  landing: 0.04249025881290436
  view-data: 0.19816083507612348
