times:
  edit-metadata: 1.4485952276736498
  landing: 0.14061882346868515
  view-data: 0.3115824107080698
