times:
  edit-metadata: 1.447437608614564
  landing: 0.15809617657214403
  view-data: 0.22217256668955088
