times:
  landing: 0.5498125809999692
  view-data: 0.5609214549999706
