times:
  edit-metadata: 0.5036217235028744
  landing: 0.057827409356832504
  view-data: 0.19261624664068222
