times:
  landing: 0.5533568860000173
  view-data: 0.5558121560000018
