times:
  edit-metadata: 1.7158856764435768
  landing: 1.0751187913119793
  view-data: 3.3910919204354286
