times:
  landing: 0.5574342330000377
  view-data: 0.5646303469999907
