times:
  landing: 0.5556414899999709
  view-data: 0.5518900949999761
