times:
  edit-metadata: 0.5486749038100243
  landing: 0.052881695330142975
  view-data: 0.19325879961252213
