times:
  edit-metadata: 1.5825156420469284
  landing: 0.9247814016416669
  view-data: 3.4056419814005494
