times:
  edit-metadata: 1.5697131101042032
  landing: 0.7645267006009817
  view-data: 3.435425776988268
