times:
  edit-metadata: 0.6338370889425278
  landing: 0.11040280712768435
  view-data: 0.24924949603155255
