times:
  edit-metadata: 1.4993108753114939
  landing: 0.7501771971583366
  view-data: 3.399514926597476
