times:
  edit-metadata: 0.6080257849534974
  landing: 0.05315994599368423
  view-data: 0.20182307402137667
