times:
  edit-metadata: 1.6205859519541264
  landing: 0.8296515196561813
  view-data: 3.3374722823500633
