times:
  edit-metadata: 0.5124646723270416
  landing: 0.05595044791698456
  view-data: 0.19270751625299454
