times:
  edit-metadata: 0.9117994150146842
  landing: 0.13195343798724934
  view-data: 0.2690392729709856
