times:
  edit-metadata: 0.5584978759288788
  landing: 0.04476987570524216
  view-data: 0.1974567472934723
