times:
  edit-metadata: 1.5456535927951336
  landing: 0.8046680428087711
  view-data: 3.361847635358572
