times:
  edit-metadata: 1.3023304473608732
  landing: 0.16901722364127636
  view-data: 0.3331945240497589
