times:
  edit-metadata: 0.5663662608712912
  landing: 0.051487985998392105
  view-data: 0.19762533903121948
