times:
  edit-metadata: 1.5374912917613983
  landing: 0.23981101252138615
  view-data: 0.026112869381904602
