times:
  edit-metadata: 0.5846223309636116
  landing: 0.5713564772158861
  view-data: 0.6004468947649002
