times:
  edit-metadata: 1.7825448121875525
  landing: 0.25986523926258087
  view-data: 0.4044814947992563
