times:
  edit-metadata: 0.6629049479961395
  landing: 0.050322165712714195
  view-data: 0.18803173070773482
