times:
  edit-metadata: 1.5709945522248745
  landing: 0.8253779485821724
  view-data: 3.3777533918619156
