times:
  edit-metadata: 0.6157790779834613
  landing: 0.05112207494676113
  view-data: 0.19451356201898307
