times:
  landing: 0.5515769719999639
  view-data: 0.5540370880000296
