times:
  edit-metadata: 0.5873973183333874
  landing: 0.060833850875496864
  view-data: 0.2049369253218174
