times:
  edit-metadata: 0.5065064374357462
  landing: 0.07568883989006281
  view-data: 0.20176521828398108
