times:
  landing: 0.5487142030000314
  view-data: 0.5472351770000046
