times:
  edit-metadata: 0.7288146759965457
  landing: 0.06640318897552788
  view-data: 0.2262272189836949
