times:
  landing: 0.5575656229999595
  view-data: 0.564475438000045
