times:
  landing: 0.5568389509999747
  view-data: 0.556399019999958
