times:
  edit-metadata: 1.4344492740929127
  landing: 0.020839134231209755
  view-data: 0.02443637140095234
