times:
  edit-metadata: 0.42019258299842477
  landing: 0.061539068818092346
  view-data: 0.217970026191324
