times:
  edit-metadata: 0.6181159969419241
  landing: 0.9399709161370993
  view-data: 0.4174882136285305
