times:
  edit-metadata: 1.3221596702933311
  landing: 0.2022733986377716
  view-data: 0.024157709442079067
