times:
  landing: 1.0723888539999962
  view-data: 0.5524301499999638
