times:
  edit-metadata: 0.5359890647232533
  landing: 0.051338162273168564
  view-data: 0.1916191317141056
