times:
  landing: 0.5491806310001266
  view-data: 0.5593109889996413
