times:
  edit-metadata: 1.6919823046773672
  landing: 0.36462985537946224
  view-data: 0.19427650794386864
