times:
  edit-metadata: 1.304037006571889
  landing: 0.019560137763619423
  view-data: 0.3767676781862974
