times:
  edit-metadata: 0.515524254005868
  landing: 0.0530921999597922
  view-data: 0.20526177500141785
