times:
  edit-metadata: 0.5917857680469751
  landing: 0.5932868160307407
  view-data: 0.18980392813682556
