times:
  edit-metadata: 1.4609650559723377
  landing: 1.1612203940749168
  view-data: 3.296341873705387
