times:
  landing: 0.552023824999992
  view-data: 0.5557151149999981
