times:
  edit-metadata: 1.6163070350885391
  landing: 0.8279891200363636
  view-data: 3.2984875375404954
