times:
  edit-metadata: 1.6725771483033895
  landing: 0.01938401348888874
  view-data: 0.5242641866207123
