times:
  edit-metadata: 0.5091774724423885
  landing: 0.04828809201717377
  view-data: 0.20338702946901321
