times:
  edit-metadata: 1.4751242492347956
  landing: 0.7127018980681896
  view-data: 3.415463024750352
