times:
  edit-metadata: 1.382089028134942
  landing: 0.13764400407671928
  view-data: 0.025943065993487835
