times:
  edit-metadata: 1.3004303304478526
  landing: 0.021942151710391045
  view-data: 0.12356648966670036
