times:
  edit-metadata: 1.4607327654957771
  landing: 0.8800573758780956
  view-data: 3.31189588829875
