times:
  edit-metadata: 0.5737673044204712
  landing: 0.07233227416872978
  view-data: 0.18220744282007217
