times:
  edit-metadata: 1.7361170332878828
  landing: 0.019519121386110783
  view-data: 0.4345110720023513
