times:
  edit-metadata: 1.4775208258070052
  landing: 0.806124908849597
  view-data: 3.3405907382257283
