times:
  edit-metadata: 0.5567855630069971
  landing: 0.5396871920675039
  view-data: 0.19078809209167957
