times:
  landing: 0.5493461080000088
  view-data: 0.5555253879999782
