times:
  edit-metadata: 0.5500217340886593
  landing: 1.0872185099869967
  view-data: 0.57668187469244
