times:
  edit-metadata: 0.5423476547002792
  landing: 0.05355204455554485
  view-data: 0.1976351598277688
