times:
  edit-metadata: 1.3352271998301148
  landing: 0.15153517667204142
  view-data: 0.02777034416794777
