times:
  edit-metadata: 0.5881885590497404
  landing: 0.044288085075095296
  view-data: 0.19125369796529412
