times:
  edit-metadata: 0.5117021189071238
  landing: 0.12184319505468011
  view-data: 0.2947953501716256
