times:
  landing: 0.5554521700000237
  view-data: 0.5733904740000071
