times:
  edit-metadata: 2.1711166561581194
  landing: 1.190142477862537
  view-data: 3.529403232038021
