times:
  edit-metadata: 0.45942375203594565
  landing: 0.04556133411824703
  view-data: 0.18943155091255903
