times:
  edit-metadata: 1.3113591652363539
  landing: 0.021032661199569702
  view-data: 0.2984402943402529
