times:
  landing: 1.0846780460000218
  view-data: 0.5728120750000016
