times:
  edit-metadata: 1.4247779082506895
  landing: 0.1332919355481863
  view-data: 0.3261743951588869
