times:
  edit-metadata: 1.5570373237133026
  landing: 0.8385075107216835
  view-data: 3.449567837640643
