times:
  edit-metadata: 1.4557715374976397
  landing: 0.11963538825511932
  view-data: 0.3298014812171459
