times:
  edit-metadata: 1.357320910319686
  landing: 0.24430649541318417
  view-data: 0.02375425025820732
