times:
  edit-metadata: 1.2760246377438307
  landing: 0.9572872333228588
  view-data: 3.426050117239356
