times:
  landing: 1.0958716449999883
  view-data: 0.5575542560000031
