times:
  edit-metadata: 0.4333057729527354
  landing: 0.05733758909627795
  view-data: 0.1950534349307418
