times:
  edit-metadata: 1.4004283836111426
  landing: 0.8251125351525843
  view-data: 3.3242246760055423
