times:
  edit-metadata: 0.610789105296135
  landing: 0.563164608553052
  view-data: 0.19387653470039368
