times:
  edit-metadata: 0.6517802060116082
  landing: 0.04856858801213093
  view-data: 0.19350777799263597
