times:
  edit-metadata: 0.6162203438580036
  landing: 0.07364748092368245
  view-data: 0.2722520329989493
