times:
  edit-metadata: 0.6431046760408208
  landing: 0.05198190396185964
  view-data: 0.18649990891572088
