times:
  edit-metadata: 0.5953389275819063
  landing: 0.5486580766737461
  view-data: 0.18933109752833843
