times:
  edit-metadata: 0.5711037293076515
  landing: 1.094444988295436
  view-data: 0.5968776773661375
