times:
  edit-metadata: 0.43232798110693693
  landing: 0.06429878901690245
  view-data: 0.20401294576004148
