times:
  landing: 0.5611016550000159
  view-data: 0.04795887000000221
