times:
  edit-metadata: 1.4579744888469577
  landing: 0.7312107407487929
  view-data: 3.3563693799078465
