times:
  landing: 0.5567937110000116
  view-data: 0.5666270359999999
