times:
  edit-metadata: 1.3801155127584934
  landing: 0.14755675103515387
  view-data: 0.12258904613554478
