times:
  edit-metadata: 1.4365619029849768
  landing: 0.7658416386693716
  view-data: 3.3576359041035175
