times:
  edit-metadata: 1.5639095343649387
  landing: 0.8826101832091808
  view-data: 3.3775890953838825
