times:
  landing: 1.5877888060000487
  view-data: 0.5581804529999772
