times:
  edit-metadata: 1.5348309576511383
  landing: 0.7961015067994595
  view-data: 3.3599850051105022
