times:
  edit-metadata: 1.3684438122436404
  landing: 0.020583216100931168
  view-data: 0.025779603980481625
