times:
  edit-metadata: 0.4567101299762726
  landing: 0.047716699074953794
  view-data: 0.1873422460630536
