times:
  edit-metadata: 1.3347358107566833
  landing: 0.7954471744596958
  view-data: 3.3305785320699215
