times:
  landing: 0.5512141070000212
  view-data: 0.559952906000035
