times:
  landing: 1.6065897959999802
  view-data: 0.5548634920000381
