times:
  edit-metadata: 1.4688032940030098
  landing: 0.8061683429405093
  view-data: 3.3217205461114645
