times:
  edit-metadata: 1.549913838505745
  landing: 0.7405125685036182
  view-data: 3.3965383116155863
