times:
  edit-metadata: 0.56380270794034
  landing: 1.1839759722352028
  view-data: 0.534992067143321
