times:
  edit-metadata: 2.214454070199281
  landing: 1.1458352319896221
  view-data: 3.3114304398186505
