times:
  landing: 0.5535847099999955
  view-data: 0.5580212380000376
