times:
  edit-metadata: 1.6546516381204128
  landing: 0.8527047783136368
  view-data: 3.4450083691626787
