times:
  edit-metadata: 0.6435571829788387
  landing: 0.05238745897077024
  view-data: 0.18425734410993755
