times:
  edit-metadata: 0.4942280468530953
  landing: 0.04969141213223338
  view-data: 0.18922378215938807
