times:
  edit-metadata: 0.5978615470230579
  landing: 0.05243023598450236
  view-data: 0.18824978300835937
