times:
  landing: 0.5596321419999981
  view-data: 0.5465397510000116
