times:
  edit-metadata: 0.43472632399061695
  landing: 0.0646909500064794
  view-data: 0.3382644630037248
