times:
  edit-metadata: 0.4335438359994441
  landing: 0.07197141501819715
  view-data: 0.2038545089890249
