times:
  edit-metadata: 1.4189969766885042
  landing: 0.023753872141242027
  view-data: 0.418286832049489
