times:
  edit-metadata: 0.5359802450984716
  landing: 0.6019501518458128
  view-data: 0.17154250480234623
