times:
  edit-metadata: 0.5385131947696209
  landing: 0.6973962914198637
  view-data: 0.20624797232449055
