times:
  edit-metadata: 1.7245169281959534
  landing: 1.303481012582779
  view-data: 3.716862704604864
