times:
  edit-metadata: 0.5200619921088219
  landing: 0.057742077857255936
  view-data: 0.19632694497704506
