times:
  edit-metadata: 0.436830366961658
  landing: 0.04738608095794916
  view-data: 0.20456469804048538
