times:
  landing: 1.071571734000031
  view-data: 0.5573297990000015
