times:
  edit-metadata: 0.43438700679689646
  landing: 0.0512493597343564
  view-data: 0.21490076510235667
