times:
  edit-metadata: 0.444635272026062
  landing: 0.04822501400485635
  view-data: 0.33454264607280493
