times:
  edit-metadata: 0.45106877596117556
  landing: 0.050268832012079656
  view-data: 0.20212057698518038
