times:
  edit-metadata: 1.3844222612679005
  landing: 0.8496109172701836
  view-data: 3.320390060544014
