times:
  landing: 0.5508621309999739
  view-data: 0.5572317969999858
