times:
  edit-metadata: 0.4678761102259159
  landing: 0.04563477775081992
  view-data: 0.19026030879467726
