times:
  edit-metadata: 1.3810881460085511
  landing: 0.020542745478451252
  view-data: 0.026069688610732555
