times:
  edit-metadata: 1.48608591966331
  landing: 0.16037998534739017
  view-data: 0.2741486132144928
