times:
  edit-metadata: 1.366285054013133
  landing: 0.13709987234324217
  view-data: 0.023990249261260033
