times:
  landing: 0.5560008849999463
  view-data: 0.5602039770000147
