times:
  edit-metadata: 1.6374749392271042
  landing: 0.9316258244216442
  view-data: 3.446010649204254
