times:
  edit-metadata: 1.9320415798574686
  landing: 0.8415866792201996
  view-data: 3.4560055173933506
