times:
  edit-metadata: 1.473371759057045
  landing: 0.9196948483586311
  view-data: 3.3411959931254387
