times:
  edit-metadata: 0.48563500959426165
  landing: 0.045569973066449165
  view-data: 0.3205057899467647
