times:
  edit-metadata: 2.2126801777631044
  landing: 3.07951932027936
  view-data: 3.5105146914720535
