times:
  edit-metadata: 1.3780400874093175
  landing: 0.0188008239492774
  view-data: 0.023623717948794365
