times:
  landing: 0.5606383949999554
  view-data: 0.5551066579999997
