times:
  edit-metadata: 0.6011833380907774
  landing: 0.5684742815792561
  view-data: 0.5910074058920145
