times:
  edit-metadata: 0.6687551881186664
  landing: 0.0536821058485657
  view-data: 0.18530007894150913
