times:
  edit-metadata: 0.48141620215028524
  landing: 0.05057842191308737
  view-data: 0.20596025232225657
