times:
  edit-metadata: 1.5020837150514126
  landing: 0.2664156872779131
  view-data: 0.45809489861130714
