times:
  landing: 1.0793969659999902
  view-data: 0.560176518999981
