times:
  edit-metadata: 3.1411353051662445
  landing: 1.0104184374213219
  view-data: 3.906930346041918
