times:
  edit-metadata: 1.5170089630410075
  landing: 0.7734102259855717
  view-data: 3.3564048050902784
