times:
  edit-metadata: 0.5868031159043312
  landing: 0.7545094098895788
  view-data: 0.18848783522844315
