times:
  edit-metadata: 0.5057959482073784
  landing: 0.04435364902019501
  view-data: 0.3240825831890106
