times:
  landing: 0.5511502460000202
  view-data: 0.5497210080000059
