times:
  edit-metadata: 2.2334803752601147
  landing: 1.0893253833055496
  view-data: 3.4896447136998177
