times:
  edit-metadata: 1.7620299886912107
  landing: 0.017925826832652092
  view-data: 0.02341948915272951
