times:
  edit-metadata: 1.5690661270637065
  landing: 0.8253817991353571
  view-data: 3.273759230040014
