times:
  edit-metadata: 1.4943059962242842
  landing: 0.7623516279272735
  view-data: 3.342068840749562
