times:
  landing: 0.545557701000007
  view-data: 0.5482286440000053
