times:
  edit-metadata: 1.3580496245995164
  landing: 0.02095294464379549
  view-data: 0.02448894828557968
