times:
  edit-metadata: 1.3911879286170006
  landing: 0.12658284418284893
  view-data: 0.3344532884657383
