times:
  edit-metadata: 1.244705436984077
  landing: 0.7861569100059569
  view-data: 3.425621642032638
