times:
  landing: 1.0726286589997471
  view-data: 0.5621991350008102
