times:
  edit-metadata: 0.576385511085391
  landing: 0.5385914351791143
  view-data: 0.19205950014293194
