times:
  edit-metadata: 1.9146800749003887
  landing: 1.1475467598065734
  view-data: 3.6044161338359118
