times:
  edit-metadata: 1.5873342417180538
  landing: 0.7911392413079739
  view-data: 3.4180965162813663
