times:
  edit-metadata: 1.435122100636363
  landing: 0.17622647061944008
  view-data: 0.030458813533186913
