times:
  edit-metadata: 1.5435836799442768
  landing: 0.7463503200560808
  view-data: 3.428685687482357
