times:
  edit-metadata: 0.6591569222509861
  landing: 0.09923275094479322
  view-data: 0.23329661693423986
