times:
  edit-metadata: 0.5142019311897457
  landing: 0.045210108160972595
  view-data: 0.44761292077600956
