times:
  landing: 0.5488114959999848
  view-data: 0.5568961019999961
