times:
  edit-metadata: 1.3208702811971307
  landing: 0.020833897404372692
  view-data: 0.02454173844307661
