times:
  edit-metadata: 1.707946501672268
  landing: 1.1670441515743732
  view-data: 3.6374833285808563
