times:
  edit-metadata: 1.602710778824985
  landing: 0.8498710040003061
  view-data: 3.35155167337507
