times:
  edit-metadata: 1.7153050247579813
  landing: 0.9006264843046665
  view-data: 3.397505145519972
