times:
  edit-metadata: 1.4315769653767347
  landing: 0.7039168924093246
  view-data: 3.293340777978301
