times:
  edit-metadata: 0.6204691410530359
  landing: 0.050201026955619454
  view-data: 0.17776966700330377
