times:
  edit-metadata: 0.46675188560038805
  landing: 0.0433080131188035
  view-data: 0.21297676302492619
