times:
  edit-metadata: 0.43478246685117483
  landing: 0.04791528917849064
  view-data: 0.20064741373062134
