times:
  edit-metadata: 1.6596682574599981
  landing: 0.15572312474250793
  view-data: 0.30508358776569366
