times:
  landing: 0.5576515449999988
  view-data: 0.5563504460000104
