times:
  landing: 0.5719461440000373
  view-data: 0.553601336999975
