times:
  edit-metadata: 1.3208424197509885
  landing: 0.1361811552196741
  view-data: 0.023226279765367508
