times:
  edit-metadata: 1.9532172717154026
  landing: 0.35804879292845726
  view-data: 0.02941153198480606
