times:
  landing: 0.5480526280000504
  view-data: 0.5500019539999812
