times:
  landing: 0.5657930179999084
  view-data: 0.5569211669999277
