times:
  edit-metadata: 0.6071879150113091
  landing: 0.04310093499952927
  view-data: 0.1936167529784143
