times:
  edit-metadata: 0.7104460000991821
  landing: 0.06248102895915508
  view-data: 0.2003766419366002
