times:
  edit-metadata: 1.3670597337186337
  landing: 0.2001035436987877
  view-data: 0.024110184982419014
