times:
  edit-metadata: 0.6744034220464528
  landing: 0.04971628007479012
  view-data: 0.18756252503953874
