times:
  edit-metadata: 1.3485357724130154
  landing: 0.021623432636260986
  view-data: 0.09784544445574284
