times:
  edit-metadata: 1.4322962695732713
  landing: 0.7814726764336228
  view-data: 3.331824816763401
