times:
  edit-metadata: 1.5294357389211655
  landing: 0.8967505637556314
  view-data: 3.377175437286496
