times:
  edit-metadata: 0.5888063255697489
  landing: 0.5653875060379505
  view-data: 0.3240906745195389
