times:
  edit-metadata: 1.524431811645627
  landing: 0.7347227036952972
  view-data: 3.427105240523815
