times:
  edit-metadata: 1.3784748502075672
  landing: 0.020142347551882267
  view-data: 0.1003948524594307
