times:
  edit-metadata: 1.5438021870795637
  landing: 0.8859101100824773
  view-data: 3.398654834832996
