times:
  edit-metadata: 1.7171111907809973
  landing: 0.021512662060558796
  view-data: 0.5556014142930508
