times:
  edit-metadata: 1.4818365536630154
  landing: 0.02450646087527275
  view-data: 0.2910406328737736
