times:
  edit-metadata: 0.5020114071667194
  landing: 0.04219768010079861
  view-data: 0.19923644000664353
