times:
  edit-metadata: 0.5613182461820543
  landing: 0.05606410396285355
  view-data: 0.1861183480359614
