times:
  edit-metadata: 1.5495865028351545
  landing: 0.7509048115462065
  view-data: 3.333145377226174
