times:
  edit-metadata: 0.7154059610329568
  landing: 0.07092596916481853
  view-data: 0.3291488182730973
