times:
  edit-metadata: 0.5456792395561934
  landing: 1.2732681576162577
  view-data: 0.3270708192139864
