times:
  edit-metadata: 1.4344237460754812
  landing: 4.1431952877901495
  view-data: 3.319367073941976
