times:
  edit-metadata: 0.5236316458322108
  landing: 0.04840783169493079
  view-data: 0.20016267942264676
