times:
  edit-metadata: 0.5640990547835827
  landing: 0.5795857682824135
  view-data: 0.5982226058840752
