times:
  edit-metadata: 0.5745072350000555
  landing: 0.16142881599989778
  view-data: 0.27454143200020553
