times:
  edit-metadata: 1.308555849827826
  landing: 0.02424842305481434
  view-data: 0.02289904560893774
