times:
  edit-metadata: 1.5513721220195293
  landing: 0.2555461749434471
  view-data: 0.34757100045681
