times:
  edit-metadata: 1.3861085399985313
  landing: 0.028177348896861076
  view-data: 0.02910679578781128
