times:
  edit-metadata: 1.3851656392216682
  landing: 0.7629966288805008
  view-data: 3.3129027225077152
