times:
  edit-metadata: 0.43892767326906323
  landing: 0.05534838419407606
  view-data: 0.2181444549933076
