times:
  edit-metadata: 2.0931235421448946
  landing: 1.4976804200559855
  view-data: 3.502644583582878
