times:
  edit-metadata: 0.5088497930000813
  landing: 0.06426887699990402
  view-data: 0.21067330799996853
