times:
  edit-metadata: 1.313829361461103
  landing: 0.12754186987876892
  view-data: 0.2296032067388296
