times:
  landing: 0.5551728909999838
  view-data: 0.5588376950000224
