times:
  edit-metadata: 1.864399041980505
  landing: 1.0834794789552689
  view-data: 3.4598444402217865
