times:
  edit-metadata: 1.360527666285634
  landing: 0.021552592515945435
  view-data: 0.39484775718301535
