times:
  edit-metadata: 0.51051269704476
  landing: 0.06466562626883388
  view-data: 0.23092435766011477
