times:
  edit-metadata: 0.5653462335467339
  landing: 0.7453718204051256
  view-data: 0.30763798765838146
