times:
  landing: 0.542718108000031
  view-data: 0.5440530239999362
