times:
  landing: 1.5952518029999965
  view-data: 0.5690193119999662
