times:
  edit-metadata: 1.3239632230252028
  landing: 0.1913351733237505
  view-data: 0.025220699608325958
