times:
  edit-metadata: 0.5284543242305517
  landing: 0.8322059288620949
  view-data: 0.2860307302325964
