times:
  edit-metadata: 1.5155757497996092
  landing: 0.7401774660684168
  view-data: 3.3669205121695995
