times:
  edit-metadata: 1.363065142184496
  landing: 0.019875280559062958
  view-data: 0.3346951510757208
