times:
  landing: 1.0819394519999719
  view-data: 0.5609861519999981
