times:
  landing: 1.0615398340000866
  view-data: 1.064038420000088
