times:
  edit-metadata: 0.6234002280980349
  landing: 0.9329063929617405
  view-data: 0.29680163227021694
