times:
  edit-metadata: 0.6586058768443763
  landing: 0.05252560996450484
  view-data: 0.19102612091228366
