times:
  edit-metadata: 2.1122626438736916
  landing: 1.0624005571007729
  view-data: 3.4856499768793583
