times:
  edit-metadata: 1.4983502924442291
  landing: 0.40444998629391193
  view-data: 0.2550392206758261
