times:
  edit-metadata: 1.4999552443623543
  landing: 0.8777249678969383
  view-data: 3.3503119722008705
