times:
  edit-metadata: 1.3943932419642806
  landing: 0.1233340771868825
  view-data: 0.09953329619020224
