times:
  edit-metadata: 0.6049107294529676
  landing: 0.054454680532217026
  view-data: 0.18537484109401703
