times:
  edit-metadata: 0.6425028280355036
  landing: 0.05137240793555975
  view-data: 0.19275102787651122
