times:
  edit-metadata: 1.373210672289133
  landing: 0.8107335232198238
  view-data: 3.3053266145288944
