times:
  edit-metadata: 0.5231499560177326
  landing: 0.0529976561665535
  view-data: 0.1884688176214695
