times:
  landing: 0.5489980000000401
  view-data: 0.5509797290000051
