times:
  edit-metadata: 0.6267797667533159
  landing: 0.49326940812170506
  view-data: 0.19331172481179237
