times:
  edit-metadata: 0.6516292640008032
  landing: 0.05016591399908066
  view-data: 0.18740067211911082
