times:
  edit-metadata: 1.5592196453362703
  landing: 0.7434596475213766
  view-data: 3.45243701338768
