times:
  edit-metadata: 0.5106791891157627
  landing: 0.04660419002175331
  view-data: 0.19022035226225853
