times:
  edit-metadata: 1.638087134808302
  landing: 0.8901281803846359
  view-data: 3.4093968477100134
