times:
  landing: 0.5548786600000994
  view-data: 0.5512773589999824
