times:
  edit-metadata: 1.4913026336580515
  landing: 0.21528904512524605
  view-data: 0.02554289810359478
