times:
  edit-metadata: 1.858747448772192
  landing: 0.7240125443786383
  view-data: 3.37253494374454
