times:
  edit-metadata: 1.5349284801632166
  landing: 0.8636773843318224
  view-data: 3.265564564615488
