times:
  edit-metadata: 2.078431859612465
  landing: 1.4315790198743343
  view-data: 3.635783191770315
