times:
  landing: 0.5537336389999723
  view-data: 0.5561866230000305
