times:
  edit-metadata: 1.5784539617598057
  landing: 0.7174840709194541
  view-data: 3.29976917989552
