times:
  landing: 0.5633594060000178
  view-data: 0.5617708319999792
