times:
  landing: 1.590798642999971
  view-data: 0.5682507729999884
