times:
  edit-metadata: 1.4822935350239277
  landing: 0.01944131124764681
  view-data: 0.043518044985830784
