times:
  edit-metadata: 1.3640225157141685
  landing: 0.021967201493680477
  view-data: 0.49054962676018476
