times:
  edit-metadata: 0.6333328988403082
  landing: 0.05373325478285551
  view-data: 0.19719180092215538
