times:
  edit-metadata: 1.5347691923379898
  landing: 0.9434254132211208
  view-data: 3.4432297125458717
