times:
  edit-metadata: 0.6381310420110822
  landing: 0.044029203010722995
  view-data: 0.18233427801169455
