times:
  landing: 0.5477872820000016
  view-data: 0.5522031019999645
