times:
  edit-metadata: 1.4678290616720915
  landing: 0.12008464708924294
  view-data: 0.15545057505369186
