times:
  edit-metadata: 0.5473749712109566
  landing: 0.4794839844107628
  view-data: 0.18639123067259789
