times:
  edit-metadata: 1.3480206383392215
  landing: 0.019512152299284935
  view-data: 0.09799822140485048
