times:
  edit-metadata: 1.5467397589236498
  landing: 0.019649991765618324
  view-data: 0.2624806333333254
