times:
  edit-metadata: 1.5513993510976434
  landing: 1.5502613973803818
  view-data: 3.4654700770042837
