times:
  edit-metadata: 0.506303587986622
  landing: 0.0714069870300591
  view-data: 0.20578524901065975
