times:
  edit-metadata: 0.4459517365321517
  landing: 0.06128666177392006
  view-data: 0.19424436707049608
