times:
  edit-metadata: 1.5853330790996552
  landing: 0.6818595454096794
  view-data: 3.4132624454796314
