times:
  edit-metadata: 0.602439315058291
  landing: 0.07556741265580058
  view-data: 0.23860666900873184
