times:
  edit-metadata: 1.3974479734897614
  landing: 0.7591457292437553
  view-data: 3.270745500922203
