times:
  edit-metadata: 0.48378591472283006
  landing: 0.05052192695438862
  view-data: 0.20314016100019217
