times:
  edit-metadata: 0.6405955897644162
  landing: 0.06017055083066225
  view-data: 0.17802571412175894
