times:
  landing: 1.0818764969999393
  view-data: 0.562959024999941
