times:
  edit-metadata: 0.49946072697639465
  landing: 0.04991626739501953
  view-data: 0.262103115208447
