times:
  edit-metadata: 1.5280228722840548
  landing: 0.7728577647358179
  view-data: 3.417237054556608
