times:
  edit-metadata: 1.4829650139436126
  landing: 0.8663913691416383
  view-data: 3.423393070232123
