times:
  edit-metadata: 0.6063340399414301
  landing: 1.1980249546468258
  view-data: 0.35986105166375637
