times:
  edit-metadata: 0.4395782849751413
  landing: 0.0465942258015275
  view-data: 0.20056755188852549
