times:
  edit-metadata: 1.3210573829710484
  landing: 0.022449098527431488
  view-data: 0.31925756111741066
