times:
  landing: 0.5549293560000024
  view-data: 0.5540719999999624
