times:
  landing: 0.5657743600000344
  view-data: 0.06637062700002616
