times:
  edit-metadata: 1.359200157225132
  landing: 0.0199056975543499
  view-data: 0.02361510880291462
