times:
  edit-metadata: 0.48475163243710995
  landing: 0.05147862620651722
  view-data: 0.20330325048416853
