times:
  edit-metadata: 0.490713644772768
  landing: 0.04246427305042744
  view-data: 0.1895130230113864
