times:
  edit-metadata: 0.5734143108129501
  landing: 0.6190133318305016
  view-data: 0.1969217862933874
