times:
  edit-metadata: 1.3548702439293265
  landing: 0.024283909238874912
  view-data: 0.026709875091910362
