times:
  edit-metadata: 1.464137114584446
  landing: 0.8330579958856106
  view-data: 3.338524002581835
