times:
  edit-metadata: 0.4281369599630125
  landing: 0.06467984599294141
  view-data: 0.20501546800369397
