times:
  edit-metadata: 0.569423834909685
  landing: 0.04467145504895598
  view-data: 0.22990997799206525
