times:
  edit-metadata: 1.4727447852492332
  landing: 0.9268252104520798
  view-data: 3.3265602365136147
