times:
  edit-metadata: 1.9925430538132787
  landing: 1.0253173988312483
  view-data: 3.7438686238601804
