times:
  edit-metadata: 1.3714837599545717
  landing: 0.021352212876081467
  view-data: 0.025729089975357056
