times:
  edit-metadata: 0.5016922056674957
  landing: 0.9140013623982668
  view-data: 0.29191549122333527
