times:
  landing: 0.5512737090000428
  view-data: 0.549703720000025
