times:
  edit-metadata: 1.7866723500192165
  landing: 1.2038199305534363
  view-data: 3.7024131640791893
