times:
  edit-metadata: 1.3558097295463085
  landing: 0.020044168457388878
  view-data: 0.12378807738423347
