times:
  edit-metadata: 1.5290547311306
  landing: 0.7851838693022728
  view-data: 3.4493279084563255
