times:
  edit-metadata: 0.6166188970673829
  landing: 0.06737176585011184
  view-data: 0.18028743099421263
