times:
  edit-metadata: 1.5787128936499357
  landing: 0.02324528433382511
  view-data: 0.024215281009674072
