times:
  edit-metadata: 1.345168398693204
  landing: 0.024749575182795525
  view-data: 0.026167308911681175
