times:
  edit-metadata: 0.49070575600489974
  landing: 0.07782632298767567
  view-data: 0.2008954839548096
