times:
  edit-metadata: 1.371528696268797
  landing: 0.02049062494188547
  view-data: 0.46212649438530207
