times:
  edit-metadata: 0.439876721939072
  landing: 0.04775184905156493
  view-data: 0.20087390788830817
