times:
  edit-metadata: 1.3876435654237866
  landing: 0.11188086494803429
  view-data: 0.450476685538888
