times:
  edit-metadata: 1.6854830477386713
  landing: 0.899868743494153
  view-data: 3.3999685905873775
