times:
  edit-metadata: 1.4827808402478695
  landing: 1.0614375695586205
  view-data: 3.3175204768776894
