times:
  edit-metadata: 1.4965961370617151
  landing: 0.8394673839211464
  view-data: 3.439886052161455
