times:
  edit-metadata: 0.5035196738317609
  landing: 0.04892960004508495
  view-data: 0.20651823747903109
