times:
  landing: 0.5498730550000346
  view-data: 0.5581554249999954
