times:
  landing: 1.0865901031065732
  view-data: 0.557077047880739
