times:
  edit-metadata: 0.47197172697633505
  landing: 0.04603451490402222
  view-data: 0.19439298612996936
