times:
  edit-metadata: 0.4552586529753171
  landing: 0.046979574020951986
  view-data: 0.20762082003057003
