times:
  landing: 0.5595490520000226
  view-data: 0.5550046150000298
