times:
  edit-metadata: 0.509085439145565
  landing: 0.04572943225502968
  view-data: 0.1951196976006031
