times:
  edit-metadata: 0.5506899412721395
  landing: 0.04218457778915763
  view-data: 0.20647195912897587
