times:
  edit-metadata: 1.3623137306421995
  landing: 0.01966417394578457
  view-data: 0.12419530749320984
