times:
  edit-metadata: 0.4594894179608673
  landing: 0.05060454295016825
  view-data: 0.24820027383975685
