times:
  landing: 0.5546127869999964
  view-data: 0.5549856920000593
