times:
  edit-metadata: 1.4557420751079917
  landing: 0.7640217673033476
  view-data: 3.2744714254513383
