times:
  landing: 0.5478931230000228
  view-data: 0.5448128849999989
