times:
  edit-metadata: 0.4549734815955162
  landing: 0.0526253916323185
  view-data: 0.2012246185913682
