times:
  edit-metadata: 0.6127649191766977
  landing: 0.5750138964504004
  view-data: 0.5904241073876619
