times:
  edit-metadata: 0.6724227908998728
  landing: 0.04748036991804838
  view-data: 0.1874485439620912
