times:
  landing: 0.5578878460000283
  view-data: 0.5600812330000053
