times:
  edit-metadata: 1.5327223557978868
  landing: 0.7862716838717461
  view-data: 3.4416636992245913
