times:
  edit-metadata: 0.6145681720227003
  landing: 0.5700848400592804
  view-data: 0.5860267989337444
