times:
  edit-metadata: 1.3170039700344205
  landing: 0.02217154111713171
  view-data: 0.09859033580869436
