times:
  edit-metadata: 1.4251613169908524
  landing: 0.8770195432007313
  view-data: 3.4737253189086914
