times:
  edit-metadata: 0.5410277061164379
  landing: 0.05583871528506279
  view-data: 0.19062036275863647
