times:
  edit-metadata: 1.543430620804429
  landing: 0.7682844195514917
  view-data: 3.4362653493881226
