times:
  edit-metadata: 0.4510786263272166
  landing: 0.044657702557742596
  view-data: 0.20111969392746687
