times:
  landing: 0.549902574000015
  view-data: 0.5543408039999917
