times:
  edit-metadata: 1.3947233902290463
  landing: 0.19105401821434498
  view-data: 0.1239737942814827
