times:
  edit-metadata: 0.6341279729967937
  landing: 0.05167982808779925
  view-data: 0.1895177629776299
