times:
  edit-metadata: 0.536051832139492
  landing: 0.050299886614084244
  view-data: 0.2043863907456398
