times:
  edit-metadata: 1.3130675200372934
  landing: 0.1349401045590639
  view-data: 0.14625484682619572
