times:
  edit-metadata: 0.5891293957829475
  landing: 0.5128036346286535
  view-data: 0.19556952454149723
