times:
  landing: 0.5519352329999947
  view-data: 0.5543473520000362
