times:
  edit-metadata: 1.7507909694686532
  landing: 0.021759675815701485
  view-data: 0.031110091134905815
