times:
  edit-metadata: 0.6679682919057086
  landing: 0.043385519995354116
  view-data: 0.18707053700927645
