times:
  edit-metadata: 1.5597327128052711
  landing: 0.7704337015748024
  view-data: 3.3746399842202663
