times:
  edit-metadata: 0.5169167499989271
  landing: 0.09776826199959032
  view-data: 0.22841257802792825
