times:
  landing: 0.5602505420000057
  view-data: 0.5582092749999674
