times:
  edit-metadata: 0.6416964980307966
  landing: 0.04441548208706081
  view-data: 0.1934038212057203
