times:
  landing: 0.5553600009999968
  view-data: 0.5578482099999746
