times:
  edit-metadata: 0.6006089374423027
  landing: 0.44563279300928116
  view-data: 0.18040032871067524
