times:
  edit-metadata: 1.7552142329514027
  landing: 0.2852981872856617
  view-data: 0.1433323509991169
