times:
  edit-metadata: 1.3587968572974205
  landing: 0.124422543682158
  view-data: 0.4114474803209305
