times:
  edit-metadata: 0.4993633348494768
  landing: 0.1049555609934032
  view-data: 0.2334509640932083
