times:
  edit-metadata: 1.2857400588691235
  landing: 0.1518018115311861
  view-data: 0.02289091795682907
