times:
  edit-metadata: 1.8469044584780931
  landing: 0.1435620952397585
  view-data: 0.4079455863684416
