times:
  edit-metadata: 1.3248191475868225
  landing: 0.14609590359032154
  view-data: 0.0236215740442276
