times:
  edit-metadata: 1.5905879847705364
  landing: 0.9091121964156628
  view-data: 3.3861629460006952
