times:
  edit-metadata: 1.6122718323022127
  landing: 0.020146971568465233
  view-data: 0.18741706013679504
