times:
  edit-metadata: 0.5343481149757281
  landing: 0.05414046498481184
  view-data: 0.22028466605115682
