times:
  edit-metadata: 0.6247988189570606
  landing: 0.04990604496560991
  view-data: 0.2179738999111578
