times:
  edit-metadata: 0.44053990487009287
  landing: 0.04606542643159628
  view-data: 0.20392158720642328
