times:
  landing: 1.0639021099999582
  view-data: 0.553816420999965
