times:
  edit-metadata: 0.5740765560040018
  landing: 0.04837773399776779
  view-data: 0.17912418200285174
