times:
  landing: 1.0707192480000458
  view-data: 0.5497420899999952
