times:
  landing: 0.6001379179999731
  view-data: 0.5603331469999944
