times:
  edit-metadata: 0.604133257875219
  landing: 0.04572865879163146
  view-data: 0.1821060529910028
