times:
  edit-metadata: 1.3588319439440966
  landing: 0.12592956237494946
  view-data: 0.24842062033712864
