times:
  edit-metadata: 1.3830425031483173
  landing: 0.8677822984755039
  view-data: 3.331851437687874
