times:
  edit-metadata: 1.4227820001542568
  landing: 0.866272434592247
  view-data: 3.366823311895132
