times:
  edit-metadata: 0.651552916970104
  landing: 0.044382698368281126
  view-data: 0.19006384257227182
