times:
  edit-metadata: 2.167249223217368
  landing: 1.551042909733951
  view-data: 3.5537130581215024
