times:
  edit-metadata: 1.3557817554101348
  landing: 0.1696005892008543
  view-data: 0.022402231581509113
