times:
  landing: 0.5516139349999776
  view-data: 0.5547024979999833
