times:
  edit-metadata: 1.5461142770946026
  landing: 0.7637419290840626
  view-data: 3.4265979006886482
