times:
  landing: 0.5655366770000114
  view-data: 0.5600188760000151
