times:
  edit-metadata: 1.4693655632436275
  landing: 0.9380491636693478
  view-data: 3.333256311714649
