times:
  edit-metadata: 2.9039983367547393
  landing: 0.4719667537137866
  view-data: 0.8485498633235693
