times:
  edit-metadata: 0.5652874859515578
  landing: 0.07817418698687106
  view-data: 0.20295945199904963
