times:
  landing: 1.0641911359999767
  view-data: 0.5492892759999677
