times:
  edit-metadata: 0.5082067092880607
  landing: 0.05167862679809332
  view-data: 0.21328366082161665
