times:
  edit-metadata: 1.2976641086861491
  landing: 0.16351874824613333
  view-data: 0.418979705311358
