times:
  edit-metadata: 1.3619256783276796
  landing: 0.18979625217616558
  view-data: 0.12217317335307598
