times:
  edit-metadata: 0.4915431495755911
  landing: 0.05486529693007469
  view-data: 0.20302325021475554
