times:
  edit-metadata: 1.5576668195426464
  landing: 0.7915987111628056
  view-data: 3.414585504680872
