times:
  edit-metadata: 0.4377174531109631
  landing: 0.059839747147634625
  view-data: 0.21511313691735268
