times:
  edit-metadata: 0.43649704894050956
  landing: 0.04893597075715661
  view-data: 0.1917429268360138
