times:
  edit-metadata: 0.6497667948715389
  landing: 0.05899794725701213
  view-data: 0.19433755986392498
