times:
  edit-metadata: 0.5235690390691161
  landing: 0.10302268480882049
  view-data: 0.24075330281630158
