times:
  edit-metadata: 1.4995810706168413
  landing: 0.7210397403687239
  view-data: 3.3850335590541363
