times:
  edit-metadata: 0.5217397063970566
  landing: 0.050029851496219635
  view-data: 0.19309259206056595
