times:
  edit-metadata: 0.41952945478260517
  landing: 0.06140366895124316
  view-data: 0.33616688195616007
