times:
  landing: 0.5434083950000002
  view-data: 0.5457151189999934
