times:
  landing: 0.5495886699999915
  view-data: 0.5566581619999909
