times:
  edit-metadata: 1.375928116030991
  landing: 0.02337021753191948
  view-data: 0.40346193220466375
