times:
  edit-metadata: 1.3619863456115127
  landing: 0.02213357575237751
  view-data: 0.12051134090870619
