times:
  edit-metadata: 0.640754861291498
  landing: 0.04943416407331824
  view-data: 0.190948236733675
