times:
  edit-metadata: 1.5592649262398481
  landing: 0.8081278782337904
  view-data: 3.448230840265751
