times:
  edit-metadata: 1.3466276535764337
  landing: 0.022360142320394516
  view-data: 0.0221715671941638
