times:
  edit-metadata: 0.5373783968389034
  landing: 0.04590258002281189
  view-data: 0.19681407138705254
