times:
  edit-metadata: 0.5302555542439222
  landing: 0.043380926828831434
  view-data: 0.18868231307715178
