times:
  edit-metadata: 2.2091549020260572
  landing: 1.1168057918548584
  view-data: 3.719316193833947
