times:
  edit-metadata: 1.373538843356073
  landing: 0.1880732886493206
  view-data: 0.025690886192023754
