times:
  edit-metadata: 1.3567367475479841
  landing: 0.024201655760407448
  view-data: 0.3136947266757488
