times:
  edit-metadata: 0.6294562679249793
  landing: 0.04971027898136526
  view-data: 0.18718314403668046
