times:
  edit-metadata: 1.5226334556937218
  landing: 0.8606067895889282
  view-data: 3.3729557767510414
