times:
  landing: 1.0764140429999998
  view-data: 0.5819739670000672
