times:
  landing: 0.546256824000011
  view-data: 0.5497018670000102
