times:
  edit-metadata: 1.4919031839817762
  landing: 0.7253863271325827
  view-data: 3.381763529032469
