times:
  edit-metadata: 0.5843952614814043
  landing: 0.6808433793485165
  view-data: 0.188156396150589
