times:
  edit-metadata: 1.584241446107626
  landing: 0.8378184046596289
  view-data: 3.4062295742332935
