times:
  edit-metadata: 1.4724248740822077
  landing: 0.7499365732073784
  view-data: 3.4188044611364603
