times:
  edit-metadata: 0.5774839380173944
  landing: 0.12296797300223261
  view-data: 0.24745773599715903
