times:
  edit-metadata: 1.7915972974151373
  landing: 1.1638947278261185
  view-data: 3.4823635667562485
