times:
  edit-metadata: 0.6273143291473389
  landing: 0.602463360875845
  view-data: 0.17971096746623516
