times:
  edit-metadata: 2.1274972343817353
  landing: 0.3178514624014497
  view-data: 0.5087758209556341
