times:
  edit-metadata: 0.5258289519697428
  landing: 2.001049319282174
  view-data: 0.3205920811742544
