times:
  edit-metadata: 0.6198930968530476
  landing: 0.05082758003845811
  view-data: 0.21045521087944508
