times:
  landing: 1.0703891939999721
  view-data: 0.5555634929999655
