times:
  edit-metadata: 2.1245869174599648
  landing: 1.0048064570873976
  view-data: 3.4459481202065945
