times:
  edit-metadata: 0.4222227372229099
  landing: 0.05216920422390103
  view-data: 0.19111017184332013
