times:
  landing: 1.0719244080000294
  view-data: 0.5531112890000145
