times:
  edit-metadata: 0.426646415842697
  landing: 0.07345111202448606
  view-data: 0.20683963503688574
