times:
  edit-metadata: 1.827193632721901
  landing: 1.0264143981039524
  view-data: 3.48458781093359
