times:
  edit-metadata: 0.5285333786159754
  landing: 0.053258550353348255
  view-data: 0.21784938126802444
