times:
  edit-metadata: 0.5224845008924603
  landing: 0.046377213671803474
  view-data: 0.20554897096008062
