times:
  edit-metadata: 0.6381723089143634
  landing: 0.04140847269445658
  view-data: 0.18227186892181635
