times:
  edit-metadata: 0.5080677382647991
  landing: 0.045950837433338165
  view-data: 0.20379167795181274
