times:
  edit-metadata: 1.3170178243890405
  landing: 0.021311243996024132
  view-data: 0.023889237083494663
