times:
  edit-metadata: 0.554817222058773
  landing: 0.4717690087854862
  view-data: 0.18624957837164402
