times:
  edit-metadata: 0.5889835730195045
  landing: 0.05098375701345503
  view-data: 0.1884064560290426
