times:
  edit-metadata: 0.6065492230700329
  landing: 0.05273313296493143
  view-data: 0.17680495395325124
