times:
  edit-metadata: 0.5071424255147576
  landing: 0.04386137239634991
  view-data: 0.20242980867624283
