times:
  edit-metadata: 1.4063049163669348
  landing: 0.02301451563835144
  view-data: 0.36362771317362785
