times:
  edit-metadata: 1.6480906419456005
  landing: 1.1036978662014008
  view-data: 3.735674027353525
