times:
  edit-metadata: 1.4790287492796779
  landing: 0.019953015260398388
  view-data: 0.024654296226799488
