times:
  edit-metadata: 0.5460208490258083
  landing: 0.08336055796826258
  view-data: 0.2832034889725037
