times:
  landing: 0.5422980980000034
  view-data: 0.5435148560000016
