times:
  edit-metadata: 0.4901764006353915
  landing: 0.043933326844125986
  view-data: 0.19948585983365774
