times:
  edit-metadata: 0.5417289156466722
  landing: 1.1517103109508753
  view-data: 0.5800167825073004
