times:
  edit-metadata: 0.572908379137516
  landing: 0.5559177696704865
  view-data: 0.1897826362401247
