times:
  edit-metadata: 1.586593703366816
  landing: 0.021601221524178982
  view-data: 0.42634223494678736
