times:
  edit-metadata: 1.3447761768475175
  landing: 0.020741738379001617
  view-data: 0.2053612619638443
