times:
  edit-metadata: 0.4417515080422163
  landing: 0.04829893680289388
  view-data: 0.2286127540282905
