times:
  edit-metadata: 1.8599087190814316
  landing: 0.9331006880383939
  view-data: 3.6376498008612543
