times:
  edit-metadata: 1.4105484522879124
  landing: 0.7077446319162846
  view-data: 3.332143161445856
