times:
  edit-metadata: 0.7902822198811918
  landing: 0.05902046198025346
  view-data: 0.18794834590516984
