times:
  edit-metadata: 1.3656454123556614
  landing: 1.1223743557929993
  view-data: 3.529143050312996
