times:
  edit-metadata: 1.4784767366945744
  landing: 0.240614278241992
  view-data: 0.3239112878218293
