times:
  edit-metadata: 0.4181315947789699
  landing: 0.07706465781666338
  view-data: 0.20341585506685078
