times:
  edit-metadata: 0.6533303498290479
  landing: 0.0496419919654727
  view-data: 0.2405006317421794
