times:
  edit-metadata: 0.6682475559937302
  landing: 0.055597839993424714
  view-data: 0.188283940020483
