times:
  landing: 1.068306233000044
  view-data: 0.5572777059999794
