times:
  edit-metadata: 1.5190395545214415
  landing: 0.8062643110752106
  view-data: 3.404157793149352
