times:
  edit-metadata: 0.42440307402284816
  landing: 0.04731201601680368
  view-data: 0.20175076002487913
