times:
  edit-metadata: 1.3493456467986107
  landing: 0.13669846020638943
  view-data: 0.15115592628717422
