times:
  landing: 0.5516592910000213
  view-data: 0.5535470189999501
