times:
  edit-metadata: 1.338179387152195
  landing: 0.12267833109945059
  view-data: 0.02730195876210928
