times:
  edit-metadata: 0.5462538003921509
  landing: 0.04626307263970375
  view-data: 0.19943071156740189
