times:
  landing: 1.090707985999984
  view-data: 0.5578721499999801
