times:
  edit-metadata: 0.40994877100456506
  landing: 0.07692707108799368
  view-data: 0.1980192019836977
