times:
  edit-metadata: 1.5364704839885235
  landing: 0.8509329110383987
  view-data: 3.310119044035673
