times:
  edit-metadata: 1.4371620612218976
  landing: 0.7549780765548348
  view-data: 3.544330327771604
