times:
  edit-metadata: 0.5741133731789887
  landing: 0.06474737916141748
  view-data: 0.25890975212678313
