times:
  edit-metadata: 1.3179707285016775
  landing: 0.12890498712658882
  view-data: 0.35469479486346245
