times:
  landing: 0.5659656369999766
  view-data: 0.560170104000008
