times:
  edit-metadata: 1.4585357774049044
  landing: 0.020455140620470047
  view-data: 0.028298117220401764
