times:
  edit-metadata: 1.4319578595459461
  landing: 0.7876390852034092
  view-data: 3.2601693123579025
