times:
  edit-metadata: 0.4818338556215167
  landing: 0.05343851074576378
  view-data: 0.1986744413152337
