times:
  edit-metadata: 1.2886912319809198
  landing: 0.1388593167066574
  view-data: 0.3038941454142332
