times:
  edit-metadata: 0.4490070161409676
  landing: 0.0440018679946661
  view-data: 0.19932260923087597
