times:
  edit-metadata: 0.5248483624309301
  landing: 0.6902805250138044
  view-data: 0.2162373624742031
