times:
  edit-metadata: 0.4997935532592237
  landing: 0.07192299189046025
  view-data: 0.215387559030205
