times:
  edit-metadata: 0.5373620130121708
  landing: 0.047955360263586044
  view-data: 0.19992627203464508
