times:
  edit-metadata: 0.43033442203886807
  landing: 0.05302993499208242
  view-data: 0.20637346501462162
