times:
  edit-metadata: 0.5385318584740162
  landing: 0.04273352399468422
  view-data: 0.1951093152165413
