times:
  landing: 1.0791639439999585
  view-data: 0.5596260600000278
