times:
  edit-metadata: 0.5895676800282672
  landing: 0.045679330942220986
  view-data: 0.20700105000287294
