times:
  edit-metadata: 0.5421722494065762
  landing: 0.054649509489536285
  view-data: 0.18692311272025108
