times:
  landing: 1.0749903450000033
  view-data: 0.5568375609999521
