times:
  edit-metadata: 0.6197760370268952
  landing: 0.040697017015190795
  view-data: 0.2077561400074046
