times:
  landing: 0.5578483009999786
  view-data: 0.5528616419999821
