times:
  edit-metadata: 1.4809010764583945
  landing: 0.8070528358221054
  view-data: 3.375448483042419
