times:
  landing: 0.5661947929999656
  view-data: 0.5607354620000251
