times:
  edit-metadata: 1.4957767818123102
  landing: 0.8445039633661509
  view-data: 3.4761455338448286
