times:
  edit-metadata: 1.5180121064186096
  landing: 0.907839510589838
  view-data: 3.3567678797990084
