times:
  edit-metadata: 0.4110064283013344
  landing: 0.056073629297316074
  view-data: 0.22715490777045488
