times:
  edit-metadata: 1.4817880038172007
  landing: 0.8377070841379464
  view-data: 3.2752197538502514
