times:
  edit-metadata: 1.458493946120143
  landing: 0.8391337711364031
  view-data: 3.403470689430833
