times:
  edit-metadata: 1.3956949803978205
  landing: 0.13134974241256714
  view-data: 0.48549067694693804
