times:
  edit-metadata: 1.4465768756344914
  landing: 0.1166095919907093
  view-data: 0.18094853777438402
