times:
  landing: 0.5546468599999912
  view-data: 0.5546430599999894
