times:
  edit-metadata: 0.65529556106776
  landing: 0.04251965507864952
  view-data: 0.19532121997326612
