times:
  edit-metadata: 1.6520696505904198
  landing: 1.2044176505878568
  view-data: 3.2888011019676924
