times:
  edit-metadata: 1.5434862952679396
  landing: 0.7167938929051161
  view-data: 0.6717378757894039
