times:
  edit-metadata: 1.7565407566726208
  landing: 1.0864083096385002
  view-data: 0.8489599674940109
