times:
  edit-metadata: 1.4937226846814156
  landing: 0.9139585755765438
  view-data: 3.321961212903261
