times:
  edit-metadata: 0.4787613688968122
  landing: 0.04812145093455911
  view-data: 0.20160691486671567
