times:
  edit-metadata: 1.5239624734967947
  landing: 0.7252036705613136
  view-data: 3.4184937197715044
