times:
  edit-metadata: 1.3678970225155354
  landing: 0.8317990489304066
  view-data: 3.321289859712124
