times:
  edit-metadata: 0.8359095889609307
  landing: 0.09122255397960544
  view-data: 0.20109474915079772
