times:
  edit-metadata: 0.5519654229283333
  landing: 0.055817749351263046
  view-data: 0.19606561586260796
