times:
  edit-metadata: 1.5649354262277484
  landing: 0.019142826087772846
  view-data: 0.20276165194809437
