times:
  edit-metadata: 0.4841918150050333
  landing: 0.07217896899965126
  view-data: 0.21708378099719994
