times:
  landing: 0.5599313960000245
  view-data: 0.5438398779999716
