times:
  landing: 0.5512778949999984
  view-data: 0.5556318529999658
