times:
  edit-metadata: 1.4742152588441968
  landing: 0.8274461925029755
  view-data: 3.374392810277641
