times:
  edit-metadata: 1.4169273534789681
  landing: 0.7696930142119527
  view-data: 3.388422215357423
