times:
  edit-metadata: 0.5649924809113145
  landing: 0.049080319702625275
  view-data: 0.1922878329642117
