times:
  edit-metadata: 1.6293509788811207
  landing: 4.194927275180817
  view-data: 3.408638123422861
