times:
  landing: 1.084112426000047
  view-data: 0.5765985470000032
