times:
  edit-metadata: 1.317472591996193
  landing: 0.29096065199701115
  view-data: 0.30470058700302616
