times:
  edit-metadata: 0.48444436211138964
  landing: 0.042212003376334906
  view-data: 0.19849391467869282
