times:
  edit-metadata: 1.587781134992838
  landing: 0.7764506936073303
  view-data: 3.3192812465131283
