times:
  edit-metadata: 1.54365049675107
  landing: 0.7287408336997032
  view-data: 3.3762958124279976
