times:
  landing: 1.074917629999959
  view-data: 0.5647148759999254
