times:
  edit-metadata: 0.6497758841142058
  landing: 0.05264631612226367
  view-data: 0.18697766307741404
