times:
  edit-metadata: 1.4337304010987282
  landing: 0.9194516949355602
  view-data: 3.3214703500270844
