times:
  landing: 1.0664560889999848
  view-data: 0.552630989000022
