times:
  landing: 0.5535215990000211
  view-data: 0.5625185800000168
