times:
  edit-metadata: 1.554021380841732
  landing: 0.8059462234377861
  view-data: 3.3286984227597713
