times:
  edit-metadata: 0.4938592705875635
  landing: 0.5687014199793339
  view-data: 0.1829244438558817
