times:
  edit-metadata: 1.3632691819220781
  landing: 0.22659125179052353
  view-data: 0.3177972324192524
