times:
  edit-metadata: 1.3014626717194915
  landing: 0.17115071322768927
  view-data: 0.09733060840517282
