times:
  edit-metadata: 0.634573117014952
  landing: 0.05128509900532663
  view-data: 0.19375348999164999
