times:
  edit-metadata: 0.6049772590631619
  landing: 0.05272967100609094
  view-data: 0.20460853702388704
