times:
  edit-metadata: 0.41356752114370465
  landing: 0.06767119001597166
  view-data: 0.20467656501568854
