times:
  edit-metadata: 0.43170178000036685
  landing: 0.05533178099994984
  view-data: 0.2027099619999717
