times:
  edit-metadata: 1.7959325190167874
  landing: 0.921166472020559
  view-data: 3.3045758850639686
