times:
  edit-metadata: 0.6046660440042615
  landing: 0.1564631280489266
  view-data: 0.2571099950000644
