times:
  edit-metadata: 1.6322655603289604
  landing: 0.7811430618166924
  view-data: 3.665658477693796
