times:
  landing: 1.067815257999996
  view-data: 0.5497644250000349
