times:
  edit-metadata: 0.435006181942299
  landing: 0.0639332658611238
  view-data: 0.1983414140995592
