times:
  edit-metadata: 1.575300781056285
  landing: 0.9804489789530635
  view-data: 3.2973194839432836
