times:
  edit-metadata: 1.7231281623244286
  landing: 1.272788904607296
  view-data: 3.525686599314213
