times:
  edit-metadata: 0.6503346899989992
  landing: 0.13190271001076326
  view-data: 0.2305410350090824
