times:
  edit-metadata: 0.5690240636467934
  landing: 0.043886955827474594
  view-data: 0.19449032098054886
