times:
  edit-metadata: 1.4117461685091257
  landing: 0.16607581451535225
  view-data: 0.18267518654465675
