times:
  edit-metadata: 0.6146553494036198
  landing: 0.586852727457881
  view-data: 0.5989993158727884
