times:
  edit-metadata: 0.9396140410099179
  landing: 0.1264159029815346
  view-data: 0.2291883430443704
