times:
  edit-metadata: 1.609488433226943
  landing: 0.8239060882478952
  view-data: 3.4534614011645317
