times:
  edit-metadata: 1.3428533682599664
  landing: 0.024915077723562717
  view-data: 0.4103789199143648
