times:
  landing: 0.56190595999999
  view-data: 0.5591860200000269
