times:
  edit-metadata: 1.3016872787848115
  landing: 0.020971291698515415
  view-data: 0.224240786395967
