times:
  edit-metadata: 1.7494299560785294
  landing: 1.0683691147714853
  view-data: 3.50158934853971
