times:
  edit-metadata: 2.052304185926914
  landing: 3.4774560928344727
  view-data: 3.428568746894598
