times:
  edit-metadata: 1.4935510056093335
  landing: 0.9850152130238712
  view-data: 3.436233594082296
