times:
  edit-metadata: 0.4938972587697208
  landing: 0.051159892696887255
  view-data: 0.19399001309648156
