times:
  edit-metadata: 0.6069603989599273
  landing: 0.04618818289600313
  view-data: 0.21589020802639425
