times:
  edit-metadata: 0.5218184422701597
  landing: 0.5352686680853367
  view-data: 0.2971121780574322
