times:
  edit-metadata: 0.4350915290415287
  landing: 0.06625666609033942
  view-data: 0.20510112307965755
