times:
  landing: 0.5532461399999988
  view-data: 0.5541854400000261
