times:
  edit-metadata: 1.5145778299774975
  landing: 0.8719295309856534
  view-data: 3.402547531062737
