times:
  edit-metadata: 0.6340129969175905
  landing: 0.04476760502438992
  view-data: 0.1910445229150355
