times:
  edit-metadata: 1.357762822881341
  landing: 0.031132038682699203
  view-data: 0.24542250484228134
