times:
  edit-metadata: 0.6367376421112567
  landing: 0.053530430886894464
  view-data: 0.18897335999645293
