times:
  edit-metadata: 1.4496098682284355
  landing: 0.2653858717530966
  view-data: 0.3526837546378374
