times:
  edit-metadata: 1.5806755078956485
  landing: 1.3120556818321347
  view-data: 3.3437228417024016
