times:
  edit-metadata: 0.5475451126694679
  landing: 1.0724067836999893
  view-data: 0.18121647834777832
