times:
  edit-metadata: 1.428434144705534
  landing: 0.9134271405637264
  view-data: 3.3592824824154377
