times:
  edit-metadata: 0.44854203006252646
  landing: 0.046993046067655087
  view-data: 0.1908658379688859
