times:
  edit-metadata: 0.5198397799395025
  landing: 0.043865337036550045
  view-data: 0.19819322507828474
