times:
  edit-metadata: 0.49395672930404544
  landing: 0.09147087065503001
  view-data: 0.19278236059471965
