times:
  edit-metadata: 1.4217259641736746
  landing: 0.183364387601614
  view-data: 0.14099223352968693
