times:
  edit-metadata: 0.5029743164777756
  landing: 0.04965374805033207
  view-data: 0.21332620829343796
