times:
  edit-metadata: 1.3966617258265615
  landing: 0.1849197307601571
  view-data: 0.40225341450423
