times:
  edit-metadata: 1.604351095855236
  landing: 0.11629084683954716
  view-data: 0.34158441238105297
