times:
  edit-metadata: 1.3193247714079916
  landing: 0.7634478616528213
  view-data: 3.3690533991903067
