times:
  edit-metadata: 0.6116373911499977
  landing: 0.5864379331469536
  view-data: 0.6350175030529499
