times:
  edit-metadata: 1.6402103267610073
  landing: 0.94200808275491
  view-data: 3.5734369792044163
