times:
  edit-metadata: 1.2223579499404877
  landing: 0.6910425231326371
  view-data: 3.297887888038531
