times:
  edit-metadata: 0.5005508250033017
  landing: 0.04749484598869458
  view-data: 0.20461709599476308
