times:
  edit-metadata: 0.5356015674769878
  landing: 0.05242577940225601
  view-data: 0.18881670758128166
