times:
  edit-metadata: 1.5573061760514975
  landing: 0.8711116928607225
  view-data: 3.369054378941655
