times:
  edit-metadata: 0.5169042139314115
  landing: 0.1444532796740532
  view-data: 0.2717023827135563
