times:
  edit-metadata: 1.7059030458331108
  landing: 0.021294663660228252
  view-data: 0.1309954347088933
