times:
  edit-metadata: 0.5855584964156151
  landing: 0.4709463603794575
  view-data: 0.1804722100496292
