times:
  edit-metadata: 2.0504317861050367
  landing: 0.3904247358441353
  view-data: 0.45890706963837147
