times:
  edit-metadata: 1.0697472570464015
  landing: 0.06333659985102713
  view-data: 0.25630799192003906
