times:
  edit-metadata: 1.566149152815342
  landing: 0.7918839752674103
  view-data: 3.3762821797281504
