times:
  edit-metadata: 1.3227979242801666
  landing: 0.1340029388666153
  view-data: 0.02315445803105831
