times:
  edit-metadata: 1.3521464625373483
  landing: 0.01840613316744566
  view-data: 0.3908116575330496
