times:
  edit-metadata: 1.8381559047847986
  landing: 0.25701926928013563
  view-data: 0.14935804530978203
