times:
  edit-metadata: 0.49375200899976335
  landing: 0.04845873400063283
  view-data: 0.19115079100083676
