times:
  landing: 1.070188397000038
  view-data: 0.5524921960000029
