times:
  edit-metadata: 1.7652837140485644
  landing: 1.4631987195461988
  view-data: 3.4682643562555313
