times:
  edit-metadata: 1.5264895129948854
  landing: 0.027594491839408875
  view-data: 0.025666717439889908
