times:
  edit-metadata: 1.3651661612093449
  landing: 0.7626552544534206
  view-data: 3.316941313445568
