times:
  edit-metadata: 1.5213853158056736
  landing: 0.8108490910381079
  view-data: 3.424381662160158
