times:
  landing: 1.0573386920000303
  view-data: 0.5487415469999632
