times:
  landing: 0.5572966670000596
  view-data: 0.5543464680000625
