times:
  edit-metadata: 0.6635505789890885
  landing: 0.052200961858034134
  view-data: 0.1808861510362476
