times:
  edit-metadata: 0.657221392961219
  landing: 0.04888069606386125
  view-data: 0.20424310397356749
