times:
  edit-metadata: 1.3591725900769234
  landing: 0.9533831179141998
  view-data: 3.3197606801986694
