times:
  edit-metadata: 1.5060405991971493
  landing: 0.6839239448308945
  view-data: 3.310753256082535
