times:
  edit-metadata: 1.3113462124019861
  landing: 0.16154191456735134
  view-data: 0.023851513862609863
