times:
  landing: 0.5447755310000275
  view-data: 0.5464154510000299
