times:
  edit-metadata: 0.5163185931742191
  landing: 0.6587516479194164
  view-data: 0.190846748650074
