times:
  edit-metadata: 1.5759090445935726
  landing: 0.7941482104361057
  view-data: 3.3651260137557983
