times:
  edit-metadata: 1.6389313265681267
  landing: 0.8484606724232435
  view-data: 3.4987100549042225
