times:
  edit-metadata: 1.3474103566259146
  landing: 0.01930590160191059
  view-data: 0.12030814494937658
