times:
  landing: 2.59503378206864
  view-data: 0.031064534094184637
