times:
  edit-metadata: 0.5441352501511574
  landing: 0.04461218789219856
  view-data: 0.18015268445014954
