times:
  edit-metadata: 0.4924845448695123
  landing: 0.0529939909465611
  view-data: 0.19130908511579037
