times:
  landing: 0.5487963189999618
  view-data: 0.5500460769999336
