times:
  edit-metadata: 0.47522483626380563
  landing: 0.04872552398592234
  view-data: 0.23554467596113682
