times:
  landing: 1.0685121840000136
  view-data: 0.545795523999999
