times:
  landing: 0.5520202079999308
  view-data: 0.5541571489999342
