times:
  landing: 0.5478755739999883
  view-data: 0.5571605330000011
