times:
  edit-metadata: 1.5384357050061226
  landing: 0.8506492935121059
  view-data: 3.269811399281025
