times:
  edit-metadata: 1.3809721497818828
  landing: 0.12235435843467712
  view-data: 0.4261768748983741
