times:
  landing: 1.0663533190000294
  view-data: 0.5578767939999807
