times:
  landing: 0.5504016070000262
  view-data: 0.5539095130000078
