times:
  edit-metadata: 0.909439789946191
  landing: 0.10818828095216304
  view-data: 0.1987511570332572
