times:
  landing: 1.0654882970000017
  view-data: 0.554805464000026
