times:
  edit-metadata: 1.5083256233483553
  landing: 0.14787723124027252
  view-data: 0.32555405609309673
