times:
  edit-metadata: 0.5489929877221584
  landing: 0.04873503278940916
  view-data: 0.2029806189239025
