times:
  edit-metadata: 1.4705146830528975
  landing: 0.7368439733982086
  view-data: 3.3501600604504347
