times:
  edit-metadata: 0.5292673893272877
  landing: 0.0513664148747921
  view-data: 0.19908258691430092
