times:
  edit-metadata: 0.5917624410067219
  landing: 0.04739807700389065
  view-data: 0.2053700359974755
