times:
  edit-metadata: 0.6256343190034386
  landing: 0.049303286999929696
  view-data: 0.2165821279922966
