times:
  landing: 0.5578631509999923
  view-data: 0.5673544060000495
