times:
  edit-metadata: 1.2953014178201556
  landing: 0.09525218140333891
  view-data: 0.1228154543787241
