times:
  edit-metadata: 1.4719305643811822
  landing: 0.2064031045883894
  view-data: 0.3015994094312191
