times:
  edit-metadata: 1.593401889083907
  landing: 0.8953760878648609
  view-data: 3.424658202100545
