times:
  edit-metadata: 0.6166804969543591
  landing: 0.05286335200071335
  view-data: 0.21827695902902633
