times:
  edit-metadata: 0.5224880697205663
  landing: 0.06146140210330486
  view-data: 0.2377456990070641
