times:
  landing: 0.5538149040000349
  view-data: 0.5599910560000012
