times:
  edit-metadata: 0.4284715329995379
  landing: 0.06452139595057815
  view-data: 0.2213222529971972
