times:
  edit-metadata: 0.6240453538484871
  landing: 0.046040235087275505
  view-data: 0.19028686732053757
