times:
  edit-metadata: 0.4841455230489373
  landing: 0.04963790299370885
  view-data: 0.19163372088223696
