times:
  edit-metadata: 1.3882928350940347
  landing: 0.01896910835057497
  view-data: 0.02632768452167511
