times:
  edit-metadata: 0.504773570690304
  landing: 0.07694468088448048
  view-data: 0.21415974013507366
