times:
  edit-metadata: 0.6135203040321358
  landing: 0.04177293600514531
  view-data: 0.19726513599744067
