times:
  edit-metadata: 1.410250099375844
  landing: 0.8062518648803234
  view-data: 3.3341222163289785
