times:
  edit-metadata: 1.8227432807907462
  landing: 0.020909744314849377
  view-data: 0.028552589006721973
