times:
  edit-metadata: 1.4161198614165187
  landing: 0.20759775768965483
  view-data: 0.15856337826699018
