times:
  edit-metadata: 0.42105346405878663
  landing: 0.06038637412711978
  view-data: 0.2216558449435979
