times:
  edit-metadata: 1.3958040326833725
  landing: 0.9321522414684296
  view-data: 3.3173021487891674
