times:
  edit-metadata: 0.5164080710383132
  landing: 0.06309550406876951
  view-data: 0.2063523600809276
