times:
  edit-metadata: 0.5899211969226599
  landing: 0.5314764082431793
  view-data: 0.21092950366437435
