times:
  edit-metadata: 0.5739480769989314
  landing: 0.04666118800378172
  view-data: 0.1940441929982626
