times:
  edit-metadata: 1.3865961290430278
  landing: 0.9842522679828107
  view-data: 3.4247262929566205
