times:
  edit-metadata: 0.45194811606779695
  landing: 0.04262340604327619
  view-data: 0.20206029689870775
