times:
  edit-metadata: 0.5412205448374152
  landing: 0.05353531381115317
  view-data: 0.20222435286268592
