times:
  edit-metadata: 1.4023490846157074
  landing: 0.019594565965235233
  view-data: 0.09900190029293299
