times:
  edit-metadata: 0.5294862668961287
  landing: 0.5700430478900671
  view-data: 0.588513920083642
