times:
  landing: 0.5519246619999763
  view-data: 0.5592410549999727
