times:
  edit-metadata: 1.3622711189091206
  landing: 0.813012570142746
  view-data: 3.3577132783830166
