times:
  edit-metadata: 0.6275487509556115
  landing: 0.04887849488295615
  view-data: 0.19475497282110155
