times:
  landing: 1.064242935999971
  view-data: 0.5525579330000028
