times:
  edit-metadata: 1.5884297043085098
  landing: 0.7937153987586498
  view-data: 3.4655106253921986
