times:
  edit-metadata: 0.4180281610460952
  landing: 0.06696525402367115
  view-data: 0.22124691295903176
