times:
  edit-metadata: 1.6448565237224102
  landing: 0.9480361752212048
  view-data: 3.43634095788002
