times:
  landing: 0.5602674969999271
  view-data: 0.5545493260000285
