times:
  edit-metadata: 1.6886190972290933
  landing: 1.2525718361139297
  view-data: 3.579652647022158
