times:
  edit-metadata: 0.4315910559380427
  landing: 0.05808297509793192
  view-data: 0.3365065560210496
