times:
  landing: 1.059789502000001
  view-data: 0.547270377000018
