times:
  edit-metadata: 0.5627794750034809
  landing: 0.048419952392578125
  view-data: 0.1825433410704136
