times:
  edit-metadata: 0.5283563286066055
  landing: 0.053416311740875244
  view-data: 0.20402740687131882
