times:
  edit-metadata: 0.5607414441183209
  landing: 0.07421379396691918
  view-data: 0.30604430893436074
