times:
  edit-metadata: 1.6039085760712624
  landing: 0.7429375443607569
  view-data: 3.289275161921978
