times:
  edit-metadata: 1.5699412487447262
  landing: 0.8468361515551805
  view-data: 3.4931763261556625
