times:
  landing: 0.5646472050000284
  view-data: 0.557751569000061
