times:
  edit-metadata: 1.5542148482054472
  landing: 0.14781430549919605
  view-data: 0.02588520385324955
