times:
  edit-metadata: 2.9776506517082453
  landing: 0.19698257371783257
  view-data: 0.3320348933339119
