times:
  edit-metadata: 0.42143623589072376
  landing: 0.0481085330247879
  view-data: 0.21740663691889495
