times:
  edit-metadata: 0.5011103589786217
  landing: 0.06389692501397803
  view-data: 0.21130245199310593
