times:
  edit-metadata: 0.5117112342268229
  landing: 0.05268017388880253
  view-data: 0.2023680079728365
