times:
  edit-metadata: 0.6484395330771804
  landing: 0.05259630875661969
  view-data: 0.18878936022520065
