times:
  edit-metadata: 1.5017234086990356
  landing: 0.8336186911910772
  view-data: 3.3814182318747044
