times:
  edit-metadata: 0.6139952189987525
  landing: 0.053739602997666225
  view-data: 0.18365044900565408
