times:
  edit-metadata: 1.3853020370006561
  landing: 0.019708750769495964
  view-data: 0.02515082899481058
