times:
  edit-metadata: 0.6517996500479057
  landing: 0.05645030096638948
  view-data: 0.19584627996664494
