times:
  landing: 1.0814733100000353
  view-data: 0.5623909810000214
