times:
  edit-metadata: 2.8396847024559975
  landing: 1.5580487586557865
  view-data: 3.419707953929901
