times:
  landing: 0.5486117259999901
  view-data: 0.5497710969999616
