times:
  edit-metadata: 0.5189508949406445
  landing: 0.08525816071778536
  view-data: 0.20790029503405094
