times:
  edit-metadata: 1.4247367642819881
  landing: 0.9013073034584522
  view-data: 3.357730884104967
