times:
  edit-metadata: 1.5433742552995682
  landing: 0.8977639563381672
  view-data: 3.361943069845438
