times:
  edit-metadata: 0.534365963190794
  landing: 1.0402220152318478
  view-data: 0.30077251978218555
