times:
  edit-metadata: 1.4655885889660567
  landing: 0.7603754149749875
  view-data: 3.261682873009704
