times:
  edit-metadata: 1.4803554378449917
  landing: 0.9262240938842297
  view-data: 3.374366667121649
