times:
  edit-metadata: 0.6587107141967863
  landing: 0.050983557011932135
  view-data: 0.17767179105430841
