times:
  edit-metadata: 0.541440399363637
  landing: 1.4545204509049654
  view-data: 0.2891899347305298
