times:
  edit-metadata: 2.115968773025088
  landing: 0.9179606150137261
  view-data: 3.4293170559685677
