times:
  edit-metadata: 1.4481894858181477
  landing: 0.2151094088330865
  view-data: 0.40578156616538763
