times:
  edit-metadata: 0.41423002001829445
  landing: 0.07486128498567268
  view-data: 0.21652032097335905
