times:
  edit-metadata: 0.46606295369565487
  landing: 0.043222786858677864
  view-data: 0.1919686309993267
