times:
  edit-metadata: 0.6663356460630894
  landing: 0.1102433716878295
  view-data: 0.3260183511301875
