times:
  edit-metadata: 0.5667237155139446
  landing: 0.055033810436725616
  view-data: 0.19687357917428017
