times:
  edit-metadata: 1.3328701620921493
  landing: 0.12672624830156565
  view-data: 0.3955901628360152
