times:
  edit-metadata: 0.6868119109421968
  landing: 0.4293731600046158
  view-data: 0.31472629494965076
