times:
  edit-metadata: 0.42905041202902794
  landing: 0.07641147170215845
  view-data: 0.19664901215583086
