times:
  landing: 1.0719902090000346
  view-data: 0.5588028810000196
