times:
  edit-metadata: 1.3700804626569152
  landing: 0.018437029793858528
  view-data: 0.09939297288656235
