times:
  edit-metadata: 0.5540544055402279
  landing: 0.048882994800806046
  view-data: 0.18516142293810844
