times:
  edit-metadata: 1.3879213938489556
  landing: 0.16234438214451075
  view-data: 0.44412211794406176
