times:
  landing: 0.5474927879999996
  view-data: 0.5456014609999329
