times:
  edit-metadata: 1.5067494437098503
  landing: 0.9149121902883053
  view-data: 3.337085824459791
