times:
  edit-metadata: 1.4897679649293423
  landing: 0.8764549344778061
  view-data: 0.6147851273417473
