times:
  edit-metadata: 1.3710471913218498
  landing: 0.1913975551724434
  view-data: 0.13583045080304146
