times:
  edit-metadata: 0.48328136187046766
  landing: 0.046803389210253954
  view-data: 0.1993592418730259
