times:
  edit-metadata: 0.6074444744735956
  landing: 0.5780375674366951
  view-data: 0.30419117771089077
