times:
  edit-metadata: 1.366880307905376
  landing: 0.02270850446075201
  view-data: 0.09807177819311619
