times:
  edit-metadata: 1.5340126492083073
  landing: 0.887879129499197
  view-data: 0.5697915218770504
