times:
  edit-metadata: 0.6532976110465825
  landing: 0.05069666006602347
  view-data: 0.20017267600633204
