times:
  edit-metadata: 0.8709571459330618
  landing: 0.05089231696911156
  view-data: 0.19773154193535447
