times:
  edit-metadata: 1.4935212153941393
  landing: 0.020888760685920715
  view-data: 0.026345880702137947
