times:
  edit-metadata: 1.3523999629542232
  landing: 0.11074295546859503
  view-data: 0.11792588047683239
