times:
  landing: 0.5547738989999971
  view-data: 0.5735739039999999
