times:
  edit-metadata: 0.4620607625693083
  landing: 0.056708759628236294
  view-data: 0.22321258205920458
