times:
  edit-metadata: 1.3079598564654589
  landing: 0.8137991204857826
  view-data: 3.3120457837358117
