times:
  edit-metadata: 0.4369209960568696
  landing: 0.04851527186110616
  view-data: 0.23330935812555254
