times:
  edit-metadata: 0.6253783646970987
  landing: 0.5080001447349787
  view-data: 0.18026747927069664
