times:
  edit-metadata: 0.6276747435331345
  landing: 0.060241423547267914
  view-data: 0.19740589894354343
