times:
  edit-metadata: 1.5008942850399762
  landing: 0.7895178250037134
  view-data: 3.3157770599937066
