times:
  edit-metadata: 2.020649015903473
  landing: 1.3450493924319744
  view-data: 3.579157739877701
