times:
  landing: 0.5472051879999924
  view-data: 0.544979976999997
