times:
  edit-metadata: 1.3812088258564472
  landing: 0.19972785376012325
  view-data: 0.12202571891248226
