times:
  edit-metadata: 0.4192005340009928
  landing: 0.04354641120880842
  view-data: 0.1880748812109232
