times:
  edit-metadata: 1.965589351952076
  landing: 0.9935800116509199
  view-data: 3.450665531679988
