times:
  landing: 0.5509973250000257
  view-data: 0.555266741999958
