times:
  landing: 0.5476301719999697
  view-data: 0.5606337199999984
