times:
  edit-metadata: 1.3585841543972492
  landing: 0.12905725091695786
  view-data: 0.3270600773394108
