times:
  edit-metadata: 0.5416678246110678
  landing: 1.1131381802260876
  view-data: 0.5884246286004782
