times:
  edit-metadata: 0.4782872647047043
  landing: 0.04585567908361554
  view-data: 0.19129066308960319
