times:
  edit-metadata: 1.5615412518382072
  landing: 0.7811403591185808
  view-data: 3.4143344182521105
