times:
  landing: 0.5507892140000195
  view-data: 0.553800213000045
