times:
  landing: 0.5546770319999723
  view-data: 0.555774131000021
