times:
  edit-metadata: 1.3383126743137836
  landing: 0.7856625188142061
  view-data: 3.3133403789252043
