times:
  edit-metadata: 1.365232951939106
  landing: 0.019189991056919098
  view-data: 0.31110322289168835
