times:
  edit-metadata: 0.41338492394424975
  landing: 0.07144114491529763
  view-data: 0.21999689005315304
