times:
  edit-metadata: 1.582031812518835
  landing: 0.292076651006937
  view-data: 0.3513064496219158
