times:
  edit-metadata: 0.6774504529312253
  landing: 0.051943798083812
  view-data: 0.1807735818438232
