times:
  landing: 0.5508687559999998
  view-data: 0.5592830310000068
