times:
  edit-metadata: 1.371067046187818
  landing: 0.13449979573488235
  view-data: 0.11799004208296537
