times:
  edit-metadata: 1.5683186911046505
  landing: 0.7096138317137957
  view-data: 0.6617318075150251
