times:
  edit-metadata: 0.4875727389007807
  landing: 0.052905718330293894
  view-data: 0.19237122358754277
