times:
  edit-metadata: 0.49522449588403106
  landing: 0.06820469396188855
  view-data: 0.24116270476952195
