times:
  landing: 1.0710048449999476
  view-data: 0.5578332899999623
