times:
  edit-metadata: 1.6877403780817986
  landing: 0.2589658685028553
  view-data: 0.43226382322609425
