times:
  edit-metadata: 1.52802599593997
  landing: 0.7694693617522717
  view-data: 3.4310725033283234
