times:
  edit-metadata: 0.5168584175407887
  landing: 0.04463941231369972
  view-data: 0.19611207395792007
