times:
  edit-metadata: 0.5529874060302973
  landing: 0.3833098914474249
  view-data: 0.1915158350020647
