times:
  landing: 0.5634381549999716
  view-data: 0.569999302000042
