times:
  edit-metadata: 0.7363922010408714
  landing: 0.05030229198746383
  view-data: 0.20015727099962533
