times:
  edit-metadata: 0.46012613363564014
  landing: 1.0174059215933084
  view-data: 0.3011703733354807
