times:
  edit-metadata: 1.3982763197273016
  landing: 0.19531970471143723
  view-data: 0.32924301736056805
