times:
  edit-metadata: 1.4596129721030593
  landing: 0.805144330020994
  view-data: 3.3953325850889087
