times:
  edit-metadata: 0.490459434047807
  landing: 0.07137230597436428
  view-data: 0.25930941198021173
