times:
  edit-metadata: 1.5617361199110746
  landing: 0.8688594158738852
  view-data: 3.4562523681670427
