times:
  edit-metadata: 1.459111119620502
  landing: 0.23265662975609303
  view-data: 0.022047890350222588
