times:
  edit-metadata: 0.6608909060014412
  landing: 0.04580936604179442
  view-data: 0.18362468294799328
