times:
  edit-metadata: 0.5972639108076692
  landing: 0.14861570810899138
  view-data: 0.20115000102669
