times:
  edit-metadata: 2.1916852854192257
  landing: 1.0413233637809753
  view-data: 3.729468382894993
