times:
  landing: 0.5564164909999931
  view-data: 0.5580840939999803
