times:
  edit-metadata: 1.4545034654438496
  landing: 0.8994070738554001
  view-data: 3.3467517644166946
