times:
  edit-metadata: 1.4003346227109432
  landing: 0.02026253193616867
  view-data: 0.022800570353865623
