times:
  edit-metadata: 1.7375935222953558
  landing: 1.0091555565595627
  view-data: 3.391145795583725
