times:
  edit-metadata: 2.014847993850708
  landing: 1.2736240439116955
  view-data: 3.4922317378222942
