times:
  landing: 0.5536362999999938
  view-data: 0.561369118000016
