times:
  edit-metadata: 0.5194721887819469
  landing: 0.05012069595977664
  view-data: 0.20612736558541656
