times:
  edit-metadata: 1.3553195735439658
  landing: 0.14040688145905733
  view-data: 0.11935271136462688
