times:
  landing: 0.5584270629999537
  view-data: 0.5583896620000814
