times:
  edit-metadata: 2.320327442139387
  landing: 1.104793954640627
  view-data: 3.52700250223279
