times:
  edit-metadata: 0.4933104068040848
  landing: 0.05712500959634781
  view-data: 0.18569941446185112
