times:
  landing: 1.0698722790000375
  view-data: 0.5542749370000024
