times:
  edit-metadata: 1.3790734354406595
  landing: 0.2498359465971589
  view-data: 0.1311530563980341
