times:
  edit-metadata: 0.6668381679337472
  landing: 0.04562330595217645
  view-data: 0.19798473408445716
