times:
  edit-metadata: 0.5711708962917328
  landing: 0.05510677397251129
  view-data: 0.18807582557201385
