times:
  edit-metadata: 0.5251484736800194
  landing: 0.044885315001010895
  view-data: 0.19392624869942665
