times:
  edit-metadata: 1.336130391806364
  landing: 0.12007529009133577
  view-data: 0.1269986815750599
