times:
  edit-metadata: 1.5531977657228708
  landing: 0.7745800651609898
  view-data: 3.6367222126573324
