times:
  edit-metadata: 0.4230057040695101
  landing: 0.08512861095368862
  view-data: 0.20049598393961787
