times:
  landing: 0.553129934000026
  view-data: 0.5565314259999923
