times:
  landing: 0.5657824030000711
  view-data: 0.5547696009999754
