times:
  edit-metadata: 1.3503879234194756
  landing: 0.19159564562141895
  view-data: 0.17341796308755875
