times:
  edit-metadata: 0.4903854778967798
  landing: 0.07010740088298917
  view-data: 0.22277808468788862
