times:
  edit-metadata: 1.4103647414594889
  landing: 0.17739839479327202
  view-data: 0.12694039475172758
