times:
  edit-metadata: 0.6533148167654872
  landing: 0.04613106790930033
  view-data: 0.19171936064958572
