times:
  edit-metadata: 1.9152591209858656
  landing: 0.198394563049078
  view-data: 0.48849607445299625
