times:
  edit-metadata: 0.5220438688993454
  landing: 0.5343612134456635
  view-data: 0.18533407524228096
