times:
  edit-metadata: 1.7810540087521076
  landing: 0.9584755413234234
  view-data: 3.52859403192997
