times:
  edit-metadata: 0.5521318055689335
  landing: 0.577127518132329
  view-data: 0.595213221386075
