times:
  edit-metadata: 0.6524731279350817
  landing: 0.04818471800535917
  view-data: 0.19125280203297734
