times:
  edit-metadata: 0.6671476119663566
  landing: 0.04690784006379545
  view-data: 0.20806656614877284
