times:
  edit-metadata: 1.4619401125237346
  landing: 0.7651529628783464
  view-data: 3.2869908194988966
