times:
  edit-metadata: 0.510672140866518
  landing: 0.04770632088184357
  view-data: 0.1892872489988804
