times:
  edit-metadata: 0.47190817492082715
  landing: 0.05428694700822234
  view-data: 0.18939956603571773
