times:
  edit-metadata: 0.598885266110301
  landing: 0.04988600127398968
  view-data: 0.19134716130793095
