times:
  edit-metadata: 1.3246049182489514
  landing: 0.02187229134142399
  view-data: 0.02924224454909563
