times:
  edit-metadata: 0.5338599532842636
  landing: 0.058259617537260056
  view-data: 0.18847084045410156
