times:
  edit-metadata: 1.4481765367090702
  landing: 0.8761943727731705
  view-data: 3.40470178052783
