times:
  edit-metadata: 1.59348626434803
  landing: 0.8678398206830025
  view-data: 3.430339552462101
