times:
  edit-metadata: 1.494346521794796
  landing: 0.7595796138048172
  view-data: 3.4492641538381577
