times:
  edit-metadata: 1.3520875945687294
  landing: 0.8647426664829254
  view-data: 3.4479333385825157
