times:
  edit-metadata: 1.3848119005560875
  landing: 0.7789795622229576
  view-data: 3.2596778832376003
