times:
  edit-metadata: 1.3778911009430885
  landing: 0.7830266132950783
  view-data: 3.5386110469698906
