times:
  edit-metadata: 1.4402970559895039
  landing: 0.690260287374258
  view-data: 3.2843259274959564
