times:
  edit-metadata: 1.3755266964435577
  landing: 0.8138255253434181
  view-data: 3.2859173715114594
