times:
  edit-metadata: 1.6670338213443756
  landing: 1.10377636551857
  view-data: 3.3379425033926964
