times:
  edit-metadata: 1.5187077447772026
  landing: 0.7545039728283882
  view-data: 3.5388522669672966
