times:
  edit-metadata: 1.5973894596099854
  landing: 0.7353845313191414
  view-data: 3.415636494755745
