times:
  edit-metadata: 1.409620761871338
  landing: 0.7892278172075748
  view-data: 3.352043777704239
