times:
  edit-metadata: 1.4084226377308369
  landing: 0.7278497293591499
  view-data: 3.408229060471058
