times:
  edit-metadata: 1.5400606580078602
  landing: 0.818930983543396
  view-data: 3.499967087060213
