times:
  edit-metadata: 1.3725655600428581
  landing: 0.7729801759123802
  view-data: 3.4366780444979668
