times:
  edit-metadata: 1.4125172421336174
  landing: 0.6984889581799507
  view-data: 3.5026120468974113
