times:
  edit-metadata: 1.373864408582449
  landing: 0.7240710631012917
  view-data: 3.319063752889633
