times:
  edit-metadata: 2.344446286559105
  landing: 1.5084232836961746
  view-data: 3.6542479544878006
