times:
  edit-metadata: 1.5526633001863956
  landing: 0.9571868926286697
  view-data: 3.3384771794080734
