times:
  edit-metadata: 1.3355028852820396
  landing: 0.7378980293869972
  view-data: 3.5420493483543396
