times:
  edit-metadata: 1.9278961792588234
  landing: 1.5422881916165352
  view-data: 3.364689774811268
