times:
  edit-metadata: 1.6082150265574455
  landing: 0.7548579573631287
  view-data: 3.3801612704992294
