times:
  edit-metadata: 1.4333376623690128
  landing: 0.832433670759201
  view-data: 3.264416042715311
