times:
  edit-metadata: 1.393130637705326
  landing: 0.7201416566967964
  view-data: 3.4524435102939606
