times:
  edit-metadata: 1.5038997009396553
  landing: 0.72486911714077
  view-data: 3.5062458589673042
