times:
  edit-metadata: 1.9455180168151855
  landing: 1.078498214483261
  view-data: 3.5095952413976192
