times:
  edit-metadata: 1.3829754889011383
  landing: 0.7392620369791985
  view-data: 3.3238480500876904
