times:
  edit-metadata: 2.906020276248455
  landing: 1.233278851956129
  view-data: 3.4671206027269363
