times:
  edit-metadata: 1.4029492437839508
  landing: 0.7603972181677818
  view-data: 3.355732426047325
