times:
  edit-metadata: 1.4552421979606152
  landing: 0.7897044532001019
  view-data: 3.2698113061487675
