times:
  edit-metadata: 2.5900117941200733
  landing: 0.8365002125501633
  view-data: 3.317436307668686
