times:
  edit-metadata: 1.5387182906270027
  landing: 0.8542703315615654
  view-data: 3.3894517086446285
