times:
  edit-metadata: 1.4565394595265388
  landing: 0.8223691247403622
  view-data: 3.3690090365707874
