times:
  edit-metadata: 1.5696035325527191
  landing: 0.8231844305992126
  view-data: 3.3232141882181168
