times:
  edit-metadata: 1.3796189241111279
  landing: 0.8461154326796532
  view-data: 3.3028855323791504
