times:
  edit-metadata: 1.4256709888577461
  landing: 0.7858332172036171
  view-data: 3.355528637766838
