times:
  edit-metadata: 1.5229723639786243
  landing: 0.8104937076568604
  view-data: 3.393050204962492
