times:
  edit-metadata: 1.4311624467372894
  landing: 0.7745755612850189
  view-data: 3.27891793102026
