times:
  edit-metadata: 1.4548596367239952
  landing: 0.7834714874625206
  view-data: 3.398582525551319
