times:
  edit-metadata: 1.44784065335989
  landing: 0.751064695417881
  view-data: 3.4337217956781387
