times:
  edit-metadata: 1.424192450940609
  landing: 0.7857562527060509
  view-data: 3.4604898914694786
