times:
  edit-metadata: 1.4525300711393356
  landing: 0.7530054301023483
  view-data: 3.4824448451399803
