times:
  edit-metadata: 1.5104056149721146
  landing: 1.0792241618037224
  view-data: 3.314511962234974
