times:
  edit-metadata: 1.5189252309501171
  landing: 0.8487463667988777
  view-data: 3.372386369854212
