times:
  edit-metadata: 1.4998032376170158
  landing: 0.7120762392878532
  view-data: 3.465523414313793
