times:
  edit-metadata: 1.9522671326994896
  landing: 1.2124078273773193
  view-data: 3.4317108504474163
