times:
  edit-metadata: 1.4376068487763405
  landing: 0.802216399461031
  view-data: 3.436711449176073
