times:
  edit-metadata: 1.3878489658236504
  landing: 0.7965293079614639
  view-data: 3.28308567404747
