times:
  edit-metadata: 1.4641637802124023
  landing: 0.7822500467300415
  view-data: 3.428178772330284
