times:
  edit-metadata: 1.5652676932513714
  landing: 0.8451332859694958
  view-data: 3.3958094865083694
