times:
  edit-metadata: 1.298697054386139
  landing: 0.7843447253108025
  view-data: 0.4698187783360481
