times:
  edit-metadata: 1.5359881781041622
  landing: 0.8379239030182362
  view-data: 3.3047110065817833
