times:
  edit-metadata: 1.7567256465554237
  landing: 0.9716065973043442
  view-data: 3.3492829129099846
