times:
  edit-metadata: 1.7454286217689514
  landing: 1.0737116262316704
  view-data: 3.514215163886547
