times:
  edit-metadata: 1.5159286558628082
  landing: 0.8199946582317352
  view-data: 3.3073117807507515
