times:
  edit-metadata: 1.463612139225006
  landing: 0.8278430327773094
  view-data: 3.3852720372378826
