times:
  edit-metadata: 1.5208282768726349
  landing: 0.7789518311619759
  view-data: 3.5174934566020966
