times:
  edit-metadata: 2.236226886510849
  landing: 1.1563523709774017
  view-data: 3.5262898579239845
