times:
  edit-metadata: 1.448271170258522
  landing: 0.7440574467182159
  view-data: 3.4834315702319145
