times:
  edit-metadata: 1.37018121778965
  landing: 0.8107614815235138
  view-data: 3.3641652315855026
