times:
  edit-metadata: 1.4952121935784817
  landing: 0.7794777639210224
  view-data: 3.2910292744636536
