times:
  edit-metadata: 1.423822071403265
  landing: 0.7202861271798611
  view-data: 3.298309128731489
