times:
  edit-metadata: 1.4711236506700516
  landing: 0.7117853760719299
  view-data: 3.4538752511143684
