times:
  edit-metadata: 1.9156327173113823
  landing: 1.0719074122607708
  view-data: 3.366226978600025
