times:
  edit-metadata: 1.5711464881896973
  landing: 1.1082110181450844
  view-data: 3.510445937514305
