times:
  edit-metadata: 1.4157107919454575
  landing: 0.9320771098136902
  view-data: 3.408260501921177
