times:
  edit-metadata: 1.4064172990620136
  landing: 0.8278282918035984
  view-data: 3.347367912530899
