times:
  edit-metadata: 1.5201785787940025
  landing: 0.7934482917189598
  view-data: 3.5306912064552307
