times:
  edit-metadata: 1.3753369525074959
  landing: 0.7255508564412594
  view-data: 3.259446080774069
