times:
  edit-metadata: 1.5649049431085587
  landing: 0.745674267411232
  view-data: 3.3995009809732437
