times:
  edit-metadata: 1.31683000177145
  landing: 0.795227400958538
  view-data: 3.402277372777462
