times:
  edit-metadata: 1.508012868463993
  landing: 0.8632964640855789
  view-data: 3.316980257630348
