times:
  edit-metadata: 1.5458232648670673
  landing: 0.9121713675558567
  view-data: 3.335709933191538
