times:
  edit-metadata: 1.4283120036125183
  landing: 0.8037378937005997
  view-data: 3.324613284319639
