times:
  edit-metadata: 1.4253964833915234
  landing: 0.7476488798856735
  view-data: 3.2579853013157845
