times:
  edit-metadata: 1.4499253705143929
  landing: 0.7717665806412697
  view-data: 3.481130965054035
