times:
  edit-metadata: 1.380663938820362
  landing: 0.8551569133996964
  view-data: 3.4770565405488014
