times:
  edit-metadata: 1.4462441727519035
  landing: 0.8264733552932739
  view-data: 3.3246827572584152
