times:
  edit-metadata: 1.326026052236557
  landing: 0.7787736877799034
  view-data: 3.445072181522846
