times:
  edit-metadata: 1.871760994195938
  landing: 1.0336644425988197
  view-data: 3.356398519128561
