times:
  edit-metadata: 1.4486591443419456
  landing: 0.7940404638648033
  view-data: 3.5563016310334206
