times:
  edit-metadata: 1.4352765679359436
  landing: 0.7664670497179031
  view-data: 3.3385185450315475
