times:
  edit-metadata: 1.5741766095161438
  landing: 0.8797239437699318
  view-data: 3.3197064995765686
