times:
  edit-metadata: 1.42580746114254
  landing: 0.767070222645998
  view-data: 3.3324076868593693
