times:
  edit-metadata: 1.5190474614501
  landing: 0.7728272974491119
  view-data: 3.2915661446750164
