times:
  edit-metadata: 1.46870057284832
  landing: 0.8831988424062729
  view-data: 3.5227715745568275
