times:
  edit-metadata: 1.4807371273636818
  landing: 0.7937825173139572
  view-data: 3.315140224993229
