times:
  edit-metadata: 1.4408541098237038
  landing: 0.8014574646949768
  view-data: 3.497747376561165
