times:
  edit-metadata: 1.5707980319857597
  landing: 0.9605714306235313
  view-data: 3.5988627076148987
