times:
  edit-metadata: 1.5286773294210434
  landing: 0.7175993919372559
  view-data: 3.497176930308342
