times:
  edit-metadata: 1.4359353370964527
  landing: 0.7100544385612011
  view-data: 3.3206921815872192
