times:
  edit-metadata: 1.601272139698267
  landing: 0.8643945790827274
  view-data: 3.312138546258211
