times:
  edit-metadata: 1.4229604676365852
  landing: 0.7854124680161476
  view-data: 3.4583331793546677
