times:
  edit-metadata: 1.545994982123375
  landing: 0.7931295856833458
  view-data: 3.448483482003212
