times:
  edit-metadata: 1.358795888721943
  landing: 0.7500331029295921
  view-data: 3.445075035095215
