times:
  edit-metadata: 1.7227630838751793
  landing: 0.853698343038559
  view-data: 3.3364344984292984
