times:
  edit-metadata: 1.4068952575325966
  landing: 0.7211652249097824
  view-data: 3.506108693778515
