times:
  edit-metadata: 1.3462732918560505
  landing: 0.7102768495678902
  view-data: 3.272799078375101
