times:
  edit-metadata: 1.8632695078849792
  landing: 1.3821434527635574
  view-data: 3.818347066640854
