times:
  edit-metadata: 1.3707699924707413
  landing: 0.7653956562280655
  view-data: 3.429880902171135
