times:
  edit-metadata: 1.7032614722847939
  landing: 1.0086983367800713
  view-data: 3.356409426778555
