times:
  edit-metadata: 1.4519645497202873
  landing: 0.7405341491103172
  view-data: 3.404101714491844
