times:
  edit-metadata: 1.6166730783879757
  landing: 0.7538081109523773
  view-data: 3.328637022525072
