times:
  edit-metadata: 1.501829020678997
  landing: 0.8368436768651009
  view-data: 3.4640073627233505
