times:
  edit-metadata: 1.4243778064846992
  landing: 0.7650609761476517
  view-data: 3.4366714134812355
