times:
  edit-metadata: 1.543138973414898
  landing: 0.7881743237376213
  view-data: 3.315973736345768
