times:
  edit-metadata: 1.8368574529886246
  landing: 0.96577487885952
  view-data: 3.4648951962590218
