times:
  edit-metadata: 1.3593705371022224
  landing: 0.7772553041577339
  view-data: 3.501479536294937
