times:
  edit-metadata: 1.4810329899191856
  landing: 1.0574808865785599
  view-data: 3.5369901284575462
