times:
  edit-metadata: 1.480870857834816
  landing: 0.7318766042590141
  view-data: 3.4546439573168755
