times:
  edit-metadata: 1.4171780049800873
  landing: 0.710577093064785
  view-data: 3.4988174811005592
