times:
  edit-metadata: 1.4354284182190895
  landing: 0.6669525057077408
  view-data: 3.4583459347486496
