times:
  edit-metadata: 1.408991053700447
  landing: 0.7873992472887039
  view-data: 3.5186661034822464
