times:
  edit-metadata: 1.4981743693351746
  landing: 0.8780017197132111
  view-data: 3.352932170033455
