times:
  edit-metadata: 1.4071031734347343
  landing: 0.8671070411801338
  view-data: 3.3345453441143036
