times:
  edit-metadata: 1.423229642212391
  landing: 0.7561020851135254
  view-data: 3.510312721133232
