times:
  edit-metadata: 1.5367621444165707
  landing: 0.8762671314179897
  view-data: 3.3305895179510117
