times:
  edit-metadata: 1.4373065456748009
  landing: 0.7730348408222198
  view-data: 3.4274165257811546
