times:
  edit-metadata: 1.7183361314237118
  landing: 0.9000480435788631
  view-data: 3.393946472555399
