times:
  edit-metadata: 1.4837279915809631
  landing: 0.8427294194698334
  view-data: 3.476890802383423
