times:
  edit-metadata: 1.499606978148222
  landing: 0.8169159106910229
  view-data: 3.349029053002596
