times:
  edit-metadata: 1.5211957842111588
  landing: 0.800509475171566
  view-data: 3.5697009935975075
