times:
  edit-metadata: 1.5024553835391998
  landing: 0.8561058938503265
  view-data: 3.302201025187969
