times:
  edit-metadata: 1.472096011042595
  landing: 0.8219635114073753
  view-data: 3.555040881037712
