times:
  edit-metadata: 1.401477500796318
  landing: 0.7526585757732391
  view-data: 3.2801477275788784
