times:
  edit-metadata: 1.474049173295498
  landing: 0.7793339975178242
  view-data: 3.363988481462002
