times:
  edit-metadata: 1.3999718949198723
  landing: 0.7195108979940414
  view-data: 3.515262596309185
