times:
  edit-metadata: 1.5135319642722607
  landing: 0.9144821316003799
  view-data: 3.306858602911234
