times:
  edit-metadata: 1.4931524470448494
  landing: 0.928715281188488
  view-data: 3.5562919080257416
