times:
  edit-metadata: 1.4564646556973457
  landing: 0.703835554420948
  view-data: 3.4964295253157616
