times:
  edit-metadata: 1.45838975161314
  landing: 0.771649457514286
  view-data: 3.3279484882950783
