times:
  edit-metadata: 1.4510481879115105
  landing: 0.7358909919857979
  view-data: 3.4946160465478897
