times:
  edit-metadata: 1.3799131289124489
  landing: 0.7480901405215263
  view-data: 3.3969546034932137
