times:
  edit-metadata: 2.072060901671648
  landing: 0.8361474834382534
  view-data: 3.7564419135451317
