times:
  edit-metadata: 1.4832614436745644
  landing: 0.6652345210313797
  view-data: 3.407402090728283
