times:
  edit-metadata: 1.3819068409502506
  landing: 0.7420099154114723
  view-data: 3.3000085204839706
