times:
  edit-metadata: 1.4144136533141136
  landing: 0.7618858255445957
  view-data: 3.42760893329978
