times:
  edit-metadata: 1.4253499582409859
  landing: 1.0151704475283623
  view-data: 3.435376152396202
