times:
  edit-metadata: 1.500729314982891
  landing: 0.7997770756483078
  view-data: 3.508538104593754
