times:
  edit-metadata: 1.510575495660305
  landing: 0.9638130590319633
  view-data: 3.5210458040237427
