times:
  edit-metadata: 1.4835853949189186
  landing: 0.734187688678503
  view-data: 3.411743938922882
