times:
  edit-metadata: 1.5104074776172638
  landing: 0.7480867058038712
  view-data: 3.5220902860164642
