times:
  edit-metadata: 1.4847841262817383
  landing: 0.9086962305009365
  view-data: 3.2869566790759563
