times:
  edit-metadata: 1.4771373942494392
  landing: 0.8458943590521812
  view-data: 3.2749051973223686
