times:
  edit-metadata: 1.4108213037252426
  landing: 0.6928754150867462
  view-data: 3.507080540060997
