times:
  edit-metadata: 1.4750625044107437
  landing: 0.7340782955288887
  view-data: 3.5105553567409515
