times:
  edit-metadata: 1.644225850701332
  landing: 0.8065372481942177
  view-data: 3.879300996661186
