times:
  edit-metadata: 1.9371408820152283
  landing: 1.016075350344181
  view-data: 3.3373359106481075
