times:
  edit-metadata: 1.4852406568825245
  landing: 0.8196034394204617
  view-data: 3.327056162059307
