times:
  edit-metadata: 1.37734767049551
  landing: 0.703045979142189
  view-data: 3.376505523920059
