times:
  edit-metadata: 2.649421983398497
  landing: 1.670424080453813
  view-data: 1.5729973632842302
