times:
  edit-metadata: 0.6445193879771978
  landing: 0.047495219856500626
  view-data: 0.19571020686998963
