times:
  edit-metadata: 0.4146325755864382
  landing: 0.5945231467485428
  view-data: 0.18986527249217033
