times:
  edit-metadata: 1.7011031247675419
  landing: 0.15945394709706306
  view-data: 0.45014808513224125
