times:
  edit-metadata: 0.3925114832818508
  landing: 0.05159752443432808
  view-data: 0.18944822624325752
