times:
  edit-metadata: 1.4995630560442805
  landing: 0.15052251145243645
  view-data: 0.23946006689220667
