times:
  edit-metadata: 0.740408343001036
  landing: 0.05220130001544021
  view-data: 0.8071952910104301
