times:
  edit-metadata: 0.6341979170683771
  landing: 0.041464013047516346
  view-data: 0.18569841305725276
