times:
  edit-metadata: 0.5263072050001938
  landing: 0.0806588169944007
  view-data: 2.5649325379927177
