times:
  edit-metadata: 0.5464082690887153
  landing: 0.09273829078301787
  view-data: 0.20468084514141083
