times:
  edit-metadata: 0.6191405310528353
  landing: 0.04824050102615729
  view-data: 0.18679852999048308
