times:
  edit-metadata: 0.7124371120007709
  landing: 0.07298765500308946
  view-data: 0.19025165197672322
