times:
  edit-metadata: 2.4657652005553246
  landing: 1.625864777714014
  view-data: 3.3116539008915424
