times:
  edit-metadata: 1.480282417498529
  landing: 0.13595171552151442
  view-data: 0.023002343252301216
