times:
  edit-metadata: 3.7368859089910984
  landing: 1.9919036254286766
  view-data: 4.04377480968833
