times:
  edit-metadata: 0.6077721053734422
  landing: 0.043528838083148
  view-data: 0.33763741329312325
