times:
  edit-metadata: 1.5064678406342864
  landing: 0.021861369721591473
  view-data: 0.029087545350193977
