times:
  edit-metadata: 2.3434854336082935
  landing: 0.01893567107617855
  view-data: 0.14125219359993935
