times:
  edit-metadata: 0.8232323881238699
  landing: 0.16102143097668886
  view-data: 0.31438568513840437
