times:
  edit-metadata: 0.5611063158139586
  landing: 0.041427792981266975
  view-data: 0.465499859303236
