times:
  edit-metadata: 0.4978519519791007
  landing: 0.04713232209905982
  view-data: 0.33426511101424694
