times:
  edit-metadata: 1.864586042240262
  landing: 1.6636618170887232
  view-data: 1.4354264289140701
