times:
  edit-metadata: 0.6069392070057802
  landing: 0.04724355897633359
  view-data: 0.19160978597938083
