times:
  edit-metadata: 0.507629862986505
  landing: 0.04027317417785525
  view-data: 0.22568789683282375
