times:
  edit-metadata: 2.8212046287953854
  landing: 1.7515951320528984
  view-data: 3.3649368919432163
