times:
  edit-metadata: 1.925869133323431
  landing: 1.5329596493393183
  view-data: 1.4044620599597692
