times:
  edit-metadata: 1.8310316018760204
  landing: 1.5732897818088531
  view-data: 3.306936416774988
