times:
  edit-metadata: 1.9129973761737347
  landing: 1.386354910209775
  view-data: 1.4781140889972448
