times:
  edit-metadata: 0.39535394310951233
  landing: 0.05223681777715683
  view-data: 0.19883662462234497
