times:
  edit-metadata: 0.6242031939909793
  landing: 0.040624660992762074
  view-data: 0.1914281060162466
