times:
  edit-metadata: 1.6834200769662857
  landing: 0.26850067637860775
  view-data: 0.15216770209372044
