times:
  edit-metadata: 0.6100178491324186
  landing: 0.04930945998057723
  view-data: 0.8268267051316798
