times:
  edit-metadata: 0.5976860504597425
  landing: 0.041396114975214005
  view-data: 0.3451033355668187
