times:
  edit-metadata: 2.767399167176336
  landing: 3.438563885167241
  view-data: 1.6320317867211998
