times:
  edit-metadata: 0.5182927030255087
  landing: 0.06928269698983058
  view-data: 0.9040433689951897
