times:
  edit-metadata: 0.4129798822104931
  landing: 0.04766516759991646
  view-data: 0.18994753435254097
