times:
  edit-metadata: 2.5142013039439917
  landing: 1.450955044478178
  view-data: 1.9933882001787424
