times:
  edit-metadata: 0.4749178779311478
  landing: 0.04977264907211065
  view-data: 0.19341799919493496
