times:
  edit-metadata: 0.5499634030275047
  landing: 0.04950959840789437
  view-data: 0.864901018794626
