times:
  edit-metadata: 0.6098924009129405
  landing: 0.052301155868917704
  view-data: 0.8749188608489931
