times:
  edit-metadata: 1.9992335475981236
  landing: 1.3449516631662846
  view-data: 3.3357953019440174
