times:
  edit-metadata: 2.309991169720888
  landing: 1.47148272767663
  view-data: 3.4109892584383488
