times:
  edit-metadata: 0.5329931149026379
  landing: 0.06913263001479208
  view-data: 0.8507296990137547
