times:
  edit-metadata: 0.6076784069882706
  landing: 0.043615845032036304
  view-data: 0.18174594803713262
