times:
  edit-metadata: 0.6210445679025725
  landing: 0.06300274608656764
  view-data: 0.842041176976636
