times:
  edit-metadata: 0.5587183982133865
  landing: 0.03970613330602646
  view-data: 0.1911030113697052
