times:
  edit-metadata: 0.3980808239430189
  landing: 0.8989607468247414
  view-data: 1.1853995192795992
