times:
  edit-metadata: 1.9856014214456081
  landing: 7.630359698086977
  view-data: 3.3656191751360893
