times:
  edit-metadata: 1.8011541422456503
  landing: 1.4545337092131376
  view-data: 1.6547020953148603
