times:
  edit-metadata: 1.8838207684457302
  landing: 0.32776371762156487
  view-data: 0.16128413379192352
