times:
  edit-metadata: 0.5175184002146125
  landing: 0.05082490388303995
  view-data: 0.3362275268882513
