times:
  edit-metadata: 1.8563585598021746
  landing: 1.488426934927702
  view-data: 1.933594275265932
