times:
  edit-metadata: 2.102382469922304
  landing: 1.4581334926187992
  view-data: 3.427905820310116
