times:
  edit-metadata: 0.37651701271533966
  landing: 0.04583628848195076
  view-data: 0.18880629166960716
