times:
  edit-metadata: 0.6261886090505868
  landing: 0.053228998091071844
  view-data: 0.1879568020813167
