times:
  edit-metadata: 1.9291453957557678
  landing: 1.583667878061533
  view-data: 3.2673861645162106
