times:
  edit-metadata: 0.5280491127632558
  landing: 0.04406713508069515
  view-data: 0.2435353919863701
