times:
  edit-metadata: 1.9450252279639244
  landing: 1.3129848428070545
  view-data: 3.338637586683035
