times:
  edit-metadata: 0.4040270447731018
  landing: 0.04468120262026787
  view-data: 0.1866462454199791
