times:
  edit-metadata: 0.507807785179466
  landing: 0.04948939895257354
  view-data: 0.3532493938691914
