times:
  edit-metadata: 0.39300650730729103
  landing: 0.05675751343369484
  view-data: 0.32406939938664436
