times:
  edit-metadata: 0.41077884659171104
  landing: 0.041885171085596085
  view-data: 0.1882314495742321
