times:
  edit-metadata: 0.632395161956083
  landing: 0.048485140956472605
  view-data: 0.1949756889953278
