times:
  edit-metadata: 1.546202733181417
  landing: 0.14406835287809372
  view-data: 0.024535019882023335
