times:
  edit-metadata: 1.4918427160009742
  landing: 0.021195469424128532
  view-data: 0.1303743338212371
