times:
  edit-metadata: 0.5403059280943125
  landing: 0.050790999084711075
  view-data: 0.8900386351160705
