times:
  edit-metadata: 0.5290791429579258
  landing: 0.05530155077576637
  view-data: 0.20014207437634468
