times:
  edit-metadata: 1.482813841663301
  landing: 0.23009368497878313
  view-data: 0.02331361547112465
