times:
  edit-metadata: 2.6174997240304947
  landing: 2.246408810839057
  view-data: 1.7873486103489995
