times:
  edit-metadata: 0.5666214283555746
  landing: 0.052398668602108955
  view-data: 0.3477485179901123
