times:
  edit-metadata: 1.969150971621275
  landing: 1.8503150418400764
  view-data: 3.383983440697193
