times:
  edit-metadata: 2.1677767615765333
  landing: 1.4888178696855903
  view-data: 1.74325907882303
