times:
  edit-metadata: 2.584332983009517
  landing: 1.9226348092779517
  view-data: 1.5166084673255682
