times:
  edit-metadata: 1.503714338876307
  landing: 0.021001211367547512
  view-data: 0.11924031004309654
