times:
  edit-metadata: 0.5255698664113879
  landing: 0.04538000654429197
  view-data: 0.3597493823617697
