times:
  edit-metadata: 2.1384253760334104
  landing: 1.9970244030700997
  view-data: 2.513253993005492
