times:
  edit-metadata: 2.812579189427197
  landing: 1.727734513580799
  view-data: 1.749857367016375
