times:
  edit-metadata: 1.4778543645516038
  landing: 0.021914178505539894
  view-data: 0.028062790632247925
