times:
  edit-metadata: 1.4716902459040284
  landing: 0.023372572846710682
  view-data: 0.024131283164024353
