times:
  edit-metadata: 1.7884120307862759
  landing: 0.018833396025002003
  view-data: 0.02595478855073452
