times:
  edit-metadata: 1.8223670981824398
  landing: 0.02140902169048786
  view-data: 0.11790584586560726
