times:
  edit-metadata: 0.5179472051095217
  landing: 0.07647833996452391
  view-data: 0.9932037668768317
