times:
  edit-metadata: 1.499242919497192
  landing: 0.01928246021270752
  view-data: 0.5407412089407444
