times:
  edit-metadata: 0.5649667240213603
  landing: 0.053308206144720316
  view-data: 0.21579575911164284
