times:
  edit-metadata: 2.0381679572165012
  landing: 10.361957591027021
  view-data: 1.532763907685876
