times:
  edit-metadata: 1.4640325158834457
  landing: 0.022181570529937744
  view-data: 0.02430061623454094
