times:
  edit-metadata: 2.1965462528169155
  landing: 1.401347067207098
  view-data: 1.709925226867199
