times:
  edit-metadata: 0.6412235370371491
  landing: 0.04515940701821819
  view-data: 0.18832510797074065
