times:
  edit-metadata: 7.116261163726449
  landing: 3.1098279673606157
  view-data: 2.532027240842581
