times:
  edit-metadata: 0.5321991527453065
  landing: 0.05172298476099968
  view-data: 0.20268124109134078
