times:
  edit-metadata: 0.7286605999688618
  landing: 0.0588869969942607
  view-data: 0.9372495069983415
