times:
  edit-metadata: 0.5176298138685524
  landing: 0.07451898278668523
  view-data: 0.855704375077039
