times:
  edit-metadata: 2.0047630686312914
  landing: 1.3798956964164972
  view-data: 1.5421318486332893
