times:
  edit-metadata: 2.175765951164067
  landing: 1.5724961962550879
  view-data: 1.4503832357004285
