times:
  edit-metadata: 0.5976519859977998
  landing: 0.04895658296300098
  view-data: 1.1445485019939952
