times:
  edit-metadata: 2.23587454482913
  landing: 1.8784357383847237
  view-data: 3.457930188626051
