times:
  edit-metadata: 0.583607723005116
  landing: 0.04458925127983093
  view-data: 0.2138216528110206
