times:
  edit-metadata: 1.4638124871999025
  landing: 0.14269627630710602
  view-data: 0.1206178180873394
