times:
  edit-metadata: 2.211068905889988
  landing: 1.501536712050438
  view-data: 3.3161243572831154
