times:
  edit-metadata: 0.5732777821831405
  landing: 0.04099581064656377
  view-data: 0.2103562611155212
