times:
  edit-metadata: 0.5142323020845652
  landing: 0.04536557709798217
  view-data: 0.21732792910188437
