times:
  edit-metadata: 1.542726682499051
  landing: 0.01896835584193468
  view-data: 0.658524552360177
