times:
  edit-metadata: 0.5675393058918417
  landing: 0.043544202111661434
  view-data: 0.3392484402284026
