times:
  edit-metadata: 0.4056810066103935
  landing: 0.04683384671807289
  view-data: 0.19332065805792809
