times:
  edit-metadata: 0.5183297600597143
  landing: 0.06348080094903708
  view-data: 0.8781298859976232
