times:
  edit-metadata: 0.5309071869123727
  landing: 0.05655730003491044
  view-data: 0.8462879380676895
