times:
  edit-metadata: 2.99341146601364
  landing: 2.100111802108586
  view-data: 1.840504101011902
