times:
  edit-metadata: 0.5173474460025318
  landing: 0.07330537703819573
  view-data: 0.9912979929940775
