times:
  edit-metadata: 1.497802322730422
  landing: 0.22742903046309948
  view-data: 0.6131162811070681
