times:
  edit-metadata: 1.8442090563476086
  landing: 1.2850705347955227
  view-data: 3.369730982929468
