times:
  edit-metadata: 0.44127411115914583
  landing: 0.05078357900492847
  view-data: 0.27035391703248024
