times:
  edit-metadata: 0.6559231539722532
  landing: 0.042436711955815554
  view-data: 0.19038519100286067
