times:
  edit-metadata: 0.532027340028435
  landing: 0.04433632013387978
  view-data: 0.2009907141327858
