times:
  edit-metadata: 1.5695136170834303
  landing: 0.02040359564125538
  view-data: 0.026851098984479904
