times:
  edit-metadata: 2.0387774650007486
  landing: 1.418522197753191
  view-data: 1.4959443639963865
