times:
  edit-metadata: 2.0617028549313545
  landing: 0.1862394567579031
  view-data: 0.14645170234143734
