times:
  edit-metadata: 7.627545960247517
  landing: 4.486139368265867
  view-data: 4.3334913812577724
