times:
  edit-metadata: 2.360496548935771
  landing: 2.3575093327090144
  view-data: 2.0694410540163517
