times:
  edit-metadata: 1.621660191565752
  landing: 0.024439945816993713
  view-data: 0.02620701491832733
