times:
  edit-metadata: 0.5246687079779804
  landing: 0.038755133748054504
  view-data: 0.33363008592277765
