times:
  edit-metadata: 1.5563481636345387
  landing: 0.12196649052202702
  view-data: 0.122139573097229
