times:
  edit-metadata: 0.39719612151384354
  landing: 0.04615785926580429
  view-data: 0.18867965415120125
