times:
  edit-metadata: 1.8048745263367891
  landing: 0.1348030399531126
  view-data: 0.027189265936613083
