times:
  edit-metadata: 2.77932514809072
  landing: 1.5516244303435087
  view-data: 1.5170642025768757
