times:
  edit-metadata: 0.623715249937959
  landing: 0.05107207200489938
  view-data: 0.18818565108813345
