times:
  edit-metadata: 1.5527596902102232
  landing: 0.020922571420669556
  view-data: 0.11936637200415134
