times:
  edit-metadata: 0.5206894441507757
  landing: 0.04306266689673066
  view-data: 0.3336293692700565
