times:
  edit-metadata: 0.5039264000952244
  landing: 0.041351200081408024
  view-data: 0.22346964105963707
