times:
  edit-metadata: 0.5467080150265247
  landing: 0.04941957304254174
  view-data: 1.0054872648324817
