times:
  edit-metadata: 0.5477393218316138
  landing: 0.04231652803719044
  view-data: 0.33671834226697683
