times:
  edit-metadata: 1.47493099514395
  landing: 0.021303588524460793
  view-data: 0.6023585889488459
