times:
  edit-metadata: 0.48928760294802487
  landing: 0.04563446994870901
  view-data: 0.1941540150437504
