times:
  edit-metadata: 3.3956813886761665
  landing: 2.3181206844747066
  view-data: 2.253439523279667
