times:
  edit-metadata: 1.5722134411334991
  landing: 0.13004240952432156
  view-data: 0.1330817397683859
