times:
  edit-metadata: 0.7291647670790553
  landing: 0.0517468600301072
  view-data: 0.18231771292630583
