times:
  edit-metadata: 1.5379888582974672
  landing: 0.12298861611634493
  view-data: 0.022909434512257576
