times:
  edit-metadata: 1.5659777708351612
  landing: 0.020060064271092415
  view-data: 0.6469905842095613
