times:
  edit-metadata: 2.0670089833438396
  landing: 1.5588882565498352
  view-data: 3.308366373181343
