times:
  edit-metadata: 1.476319482550025
  landing: 0.02040892280638218
  view-data: 0.02665279433131218
