times:
  edit-metadata: 2.421178624033928
  landing: 1.363315837457776
  view-data: 1.6854859739542007
