times:
  edit-metadata: 1.8127587754279375
  landing: 0.02199910767376423
  view-data: 0.024287586100399494
