times:
  edit-metadata: 1.6064035277813673
  landing: 0.02270210161805153
  view-data: 0.6716296337544918
