times:
  edit-metadata: 2.1052839756011963
  landing: 1.424774806946516
  view-data: 1.0918157435953617
