times:
  edit-metadata: 0.5536415544338524
  landing: 0.050200317054986954
  view-data: 0.21478815376758575
