times:
  edit-metadata: 2.154613174498081
  landing: 1.5192974284291267
  view-data: 3.3477662429213524
