times:
  edit-metadata: 2.4374869652092457
  landing: 1.545389547944069
  view-data: 3.336713634431362
