times:
  edit-metadata: 1.7996451947838068
  landing: 0.24969901703298092
  view-data: 0.17461702972650528
