times:
  edit-metadata: 1.5116378385573626
  landing: 0.11758215446025133
  view-data: 0.1222213739529252
