times:
  edit-metadata: 0.49452787498012185
  landing: 0.04476319719105959
  view-data: 0.2320928038097918
