times:
  edit-metadata: 1.5415253480896354
  landing: 0.2577406410127878
  view-data: 0.511745142750442
