times:
  edit-metadata: 4.454109515994787
  landing: 2.377205451950431
  view-data: 2.2489957083016634
