times:
  edit-metadata: 1.5383334681391716
  landing: 0.13139525428414345
  view-data: 0.7057768292725086
