times:
  edit-metadata: 2.0137913543730974
  landing: 1.6185552347451448
  view-data: 1.9792699255049229
