times:
  edit-metadata: 2.665590964257717
  landing: 1.6559468545019627
  view-data: 3.3689079396426678
