times:
  edit-metadata: 0.5460650951135904
  landing: 0.04280777205713093
  view-data: 0.9701136068906635
