times:
  edit-metadata: 1.6247003320604563
  landing: 0.018885516561567783
  view-data: 0.19046954717487097
