times:
  edit-metadata: 1.4523487379774451
  landing: 0.022325635887682438
  view-data: 0.12349001411348581
