times:
  edit-metadata: 1.9826653860509396
  landing: 1.52014185115695
  view-data: 3.4541209675371647
