times:
  edit-metadata: 0.3989095911383629
  landing: 0.05055578798055649
  view-data: 0.1902937926352024
