times:
  edit-metadata: 1.6436366653069854
  landing: 0.022319854237139225
  view-data: 0.11842658836394548
