times:
  edit-metadata: 2.040287420153618
  landing: 1.4813176691532135
  view-data: 1.580035362392664
