times:
  edit-metadata: 0.5312581700272858
  landing: 0.0434134597890079
  view-data: 0.3456478356383741
