times:
  edit-metadata: 1.578256482258439
  landing: 0.21075670793652534
  view-data: 0.023743275552988052
