times:
  edit-metadata: 1.9986796285957098
  landing: 1.556504787877202
  view-data: 1.7192120961844921
