times:
  edit-metadata: 1.4706281935796142
  landing: 0.023732855916023254
  view-data: 0.1199095593765378
