times:
  edit-metadata: 1.7368191266432405
  landing: 0.051488444209098816
  view-data: 0.24822976253926754
