times:
  edit-metadata: 0.3829759508371353
  landing: 0.0420503132045269
  view-data: 0.19016479700803757
