times:
  edit-metadata: 2.2264907844364643
  landing: 0.3345313910394907
  view-data: 0.20934266038239002
