times:
  edit-metadata: 0.6124259792268276
  landing: 0.05392852798104286
  view-data: 0.6915801879949868
