times:
  edit-metadata: 1.8798005282878876
  landing: 1.3588356412947178
  view-data: 1.6661340966820717
