times:
  edit-metadata: 0.5241512809880078
  landing: 0.06524625909514725
  view-data: 1.0116973359836265
