times:
  edit-metadata: 0.5100767880212516
  landing: 0.07591889891773462
  view-data: 1.1536901800427586
