times:
  edit-metadata: 2.4865461848676205
  landing: 1.6848304122686386
  view-data: 1.389808189123869
