times:
  edit-metadata: 2.449195006978698
  landing: 1.992238720995374
  view-data: 1.4213807119522244
