times:
  edit-metadata: 0.5092847431078553
  landing: 0.07426501112058759
  view-data: 0.9817677810788155
