times:
  edit-metadata: 0.5415370720438659
  landing: 0.04289331007748842
  view-data: 0.34982251515612006
