times:
  edit-metadata: 2.3554050310049206
  landing: 1.8050476009957492
  view-data: 1.9058592290384695
