times:
  edit-metadata: 0.6196335358545184
  landing: 0.047581154853105545
  view-data: 0.754823044873774
