times:
  edit-metadata: 2.2604150120168924
  landing: 0.2606996912509203
  view-data: 0.023967863991856575
