times:
  edit-metadata: 0.5015379679389298
  landing: 0.04350455431267619
  view-data: 0.33700332790613174
