times:
  edit-metadata: 2.341877654194832
  landing: 2.221324455924332
  view-data: 1.382194286212325
