times:
  edit-metadata: 0.40863547660410404
  landing: 0.048500536009669304
  view-data: 0.3141499310731888
