times:
  edit-metadata: 0.549193152692169
  landing: 0.04264725185930729
  view-data: 0.34133761702105403
