times:
  edit-metadata: 0.6612408380024135
  landing: 0.04409246309660375
  view-data: 0.18585173808969557
