times:
  edit-metadata: 4.034258215688169
  landing: 1.8460079906508327
  view-data: 1.7544713001698256
