times:
  edit-metadata: 1.500883238390088
  landing: 0.01833917759358883
  view-data: 0.12053971271961927
