times:
  edit-metadata: 2.8052979829953983
  landing: 2.075944702955894
  view-data: 1.7947705159895122
