times:
  edit-metadata: 1.5309192752465606
  landing: 0.021661213599145412
  view-data: 0.02597903460264206
