times:
  edit-metadata: 2.383972169831395
  landing: 0.19350657239556313
  view-data: 0.8431023489683867
