times:
  edit-metadata: 0.5290717950556427
  landing: 0.05516454507596791
  view-data: 1.103201073827222
