times:
  edit-metadata: 0.5156884210300632
  landing: 0.04979843500768766
  view-data: 0.887791722023394
