times:
  edit-metadata: 1.5636927615851164
  landing: 0.02181003801524639
  view-data: 0.5227632094174623
