times:
  edit-metadata: 2.110042697750032
  landing: 1.516255084425211
  view-data: 1.7191799087449908
