times:
  edit-metadata: 1.6740548992529511
  landing: 0.021110277622938156
  view-data: 0.02782311011105776
