times:
  edit-metadata: 2.0145306643098593
  landing: 1.6705637015402317
  view-data: 1.4252383932471275
