times:
  edit-metadata: 2.088191334158182
  landing: 1.533970206975937
  view-data: 1.4183397442102432
