times:
  edit-metadata: 0.5234039339702576
  landing: 0.0470813779393211
  view-data: 0.9900440099881962
