times:
  edit-metadata: 1.8988939113914967
  landing: 1.3437201417982578
  view-data: 3.586336374282837
