times:
  edit-metadata: 1.5182442031800747
  landing: 0.2248268686234951
  view-data: 0.23217301908880472
