times:
  edit-metadata: 3.3641031980514526
  landing: 1.7901368252933025
  view-data: 3.5057328641414642
