times:
  edit-metadata: 0.6067788829095662
  landing: 0.0461489730514586
  view-data: 0.8627695799805224
