times:
  edit-metadata: 1.4435965958982706
  landing: 0.019285816699266434
  view-data: 0.02789647039026022
