times:
  edit-metadata: 1.8869970552623272
  landing: 1.6929663494229317
  view-data: 1.7507178336381912
