times:
  edit-metadata: 0.5250466789875645
  landing: 0.06910540198441595
  view-data: 1.9982433209952433
