times:
  edit-metadata: 0.678291629999876
  landing: 0.05221476999577135
  view-data: 0.17951529599667992
