times:
  edit-metadata: 1.4921453027054667
  landing: 0.11289994977414608
  view-data: 0.024113434366881847
