times:
  edit-metadata: 0.5613412139937282
  landing: 0.04000599775463343
  view-data: 0.33600299386307597
