times:
  edit-metadata: 0.509090694016777
  landing: 0.06465033401036635
  view-data: 1.001555877039209
