times:
  edit-metadata: 1.5372153036296368
  landing: 0.12406718172132969
  view-data: 0.5762736219912767
