times:
  edit-metadata: 1.5297808684408665
  landing: 0.22236264124512672
  view-data: 0.022671816870570183
