times:
  edit-metadata: 2.615774981677532
  landing: 1.7204458117485046
  view-data: 3.392992202192545
