times:
  edit-metadata: 0.6392579259118065
  landing: 0.05072281090542674
  view-data: 0.86695036792662
