times:
  edit-metadata: 1.4915090762078762
  landing: 0.019150815904140472
  view-data: 0.02300985064357519
