times:
  edit-metadata: 1.5761666409671307
  landing: 0.13882424868643284
  view-data: 0.128839373588562
