times:
  edit-metadata: 1.4983340594917536
  landing: 0.019731447100639343
  view-data: 0.026479645632207394
