times:
  edit-metadata: 0.4027996100485325
  landing: 0.045322977006435394
  view-data: 0.19688044115900993
