times:
  edit-metadata: 1.9020648747682571
  landing: 1.560385711491108
  view-data: 3.3029982335865498
