times:
  edit-metadata: 1.4842027062550187
  landing: 0.02051824238151312
  view-data: 0.02705146186053753
