times:
  edit-metadata: 2.059603582136333
  landing: 1.6006674710661173
  view-data: 1.7954844608902931
