times:
  edit-metadata: 1.602437931112945
  landing: 0.11932212766259909
  view-data: 0.45975628588348627
