times:
  edit-metadata: 1.9971339516341686
  landing: 1.458944745361805
  view-data: 1.5419491305947304
