times:
  edit-metadata: 0.3984232470393181
  landing: 0.04531451687216759
  view-data: 0.185230303555727
