times:
  edit-metadata: 1.4749951092526317
  landing: 0.1996547793969512
  view-data: 0.5916622877120972
