times:
  edit-metadata: 0.5776899661868811
  landing: 0.04438667371869087
  view-data: 0.334239583928138
