times:
  edit-metadata: 2.2573960134759545
  landing: 2.059871786274016
  view-data: 1.7147840969264507
