times:
  edit-metadata: 0.550511394161731
  landing: 0.04110713815316558
  view-data: 0.21882786322385073
