times:
  edit-metadata: 0.6069747109431773
  landing: 0.04742183117195964
  view-data: 0.20718502602539957
