times:
  edit-metadata: 2.6764266749378294
  landing: 1.6089495269116014
  view-data: 1.313224741956219
