times:
  edit-metadata: 0.5364556568674743
  landing: 0.03867750475183129
  view-data: 0.20944018987938762
