times:
  edit-metadata: 2.291654858738184
  landing: 1.5249157547950745
  view-data: 3.335111279040575
