times:
  edit-metadata: 0.5317197389667854
  landing: 0.04292435897514224
  view-data: 2.02541065600235
