times:
  edit-metadata: 2.975032886490226
  landing: 2.1109137311577797
  view-data: 1.507363760843873
