times:
  edit-metadata: 2.2878805864602327
  landing: 1.8915695631876588
  view-data: 1.5416443748399615
