times:
  edit-metadata: 0.5033820681273937
  landing: 0.0446256916038692
  view-data: 0.2379027120769024
