times:
  edit-metadata: 0.5784854730591178
  landing: 0.051256511360406876
  view-data: 0.33911575935781
