times:
  edit-metadata: 1.4869168205186725
  landing: 0.019922674633562565
  view-data: 0.12158694490790367
