times:
  edit-metadata: 1.5159019846469164
  landing: 0.020317837595939636
  view-data: 0.4804307213053107
