times:
  edit-metadata: 2.3645983999595046
  landing: 1.7083409000188112
  view-data: 1.3623295628931373
