times:
  edit-metadata: 0.47122139064595103
  landing: 0.04504469921812415
  view-data: 0.21684782207012177
