times:
  edit-metadata: 1.5805139727890491
  landing: 0.019399069249629974
  view-data: 0.09712431393563747
