times:
  edit-metadata: 0.5287020459945779
  landing: 0.052443168009631336
  view-data: 1.0868613909988198
