times:
  edit-metadata: 1.5619521662592888
  landing: 0.13598842546343803
  view-data: 0.12425511237233877
