times:
  edit-metadata: 3.1172813959419727
  landing: 1.908470407128334
  view-data: 3.981377325952053
