times:
  edit-metadata: 1.9203724227845669
  landing: 1.3696903120726347
  view-data: 1.9284334145486355
