times:
  edit-metadata: 2.0478578619658947
  landing: 1.5560741499066353
  view-data: 3.321837689727545
