times:
  edit-metadata: 1.5434582270681858
  landing: 0.019963687285780907
  view-data: 0.1284622624516487
