times:
  edit-metadata: 0.48696797783486545
  landing: 0.05093349586240947
  view-data: 0.20305168605409563
