times:
  edit-metadata: 1.486550667323172
  landing: 0.01890929602086544
  view-data: 0.4359501264989376
