times:
  edit-metadata: 1.5859908275306225
  landing: 0.20193874649703503
  view-data: 0.748378561809659
