times:
  edit-metadata: 0.4050801806151867
  landing: 0.04637522995471954
  view-data: 0.1843416579067707
