times:
  edit-metadata: 1.4227969562634826
  landing: 0.02426785510033369
  view-data: 0.025821168906986713
