times:
  edit-metadata: 2.868727721273899
  landing: 2.2482399828732014
  view-data: 3.605513710528612
