times:
  edit-metadata: 2.406958910636604
  landing: 1.4552136808633804
  view-data: 1.4721158519387245
