times:
  edit-metadata: 2.2481072656810284
  landing: 1.378915088251233
  view-data: 1.6189989484846592
