times:
  edit-metadata: 1.5161973275244236
  landing: 0.028709713369607925
  view-data: 0.12270872760564089
