times:
  edit-metadata: 0.6267687790095806
  landing: 0.039473071999964304
  view-data: 0.19590424200578127
