times:
  edit-metadata: 1.617022561840713
  landing: 0.02105680573731661
  view-data: 0.026447848416864872
