times:
  edit-metadata: 0.6609869850799441
  landing: 0.09667420410551131
  view-data: 0.2171724729705602
