times:
  edit-metadata: 0.5006048316136003
  landing: 0.046300527174025774
  view-data: 0.23345021484419703
