times:
  edit-metadata: 2.0675445068627596
  landing: 1.7195230182260275
  view-data: 1.5136111229658127
