times:
  edit-metadata: 1.9330083634704351
  landing: 0.32162521965801716
  view-data: 0.18996726348996162
