times:
  edit-metadata: 0.4245658218860626
  landing: 0.05216874182224274
  view-data: 0.1935710795223713
