times:
  edit-metadata: 0.5147343496792018
  landing: 0.058910483960062265
  view-data: 1.1151670417748392
