times:
  edit-metadata: 1.4556542159989476
  landing: 0.2174497302621603
  view-data: 0.6654534935951233
