times:
  edit-metadata: 2.0562414191663265
  landing: 1.6891730315983295
  view-data: 1.5534851215779781
