times:
  edit-metadata: 2.3803811045363545
  landing: 1.5750071378424764
  view-data: 1.492472480982542
