times:
  edit-metadata: 0.5546988141722977
  landing: 0.03942193603143096
  view-data: 0.2141900141723454
