times:
  edit-metadata: 2.3564974069595337
  landing: 2.09591543674469
  view-data: 3.3857580721378326
