times:
  edit-metadata: 0.5099020649213344
  landing: 0.059799707029014826
  view-data: 0.8544465888990089
