times:
  edit-metadata: 1.4748741229996085
  landing: 0.02168103214353323
  view-data: 0.23180824983865023
