times:
  edit-metadata: 0.5114100477658212
  landing: 0.042357439175248146
  view-data: 0.33865352906286716
