times:
  edit-metadata: 1.8969604540616274
  landing: 1.4264437109231949
  view-data: 1.6057053916156292
