times:
  edit-metadata: 0.6953492313623428
  landing: 0.05219786986708641
  view-data: 0.20165194803848863
