times:
  edit-metadata: 0.6234001009725034
  landing: 0.03961699397768825
  view-data: 0.18937063496559858
