times:
  edit-metadata: 0.5371934139402583
  landing: 0.048933621030300856
  view-data: 0.8499629360157996
