times:
  edit-metadata: 0.511143266223371
  landing: 0.06804459914565086
  view-data: 0.875432618893683
