times:
  edit-metadata: 0.5161113238427788
  landing: 0.05056912498548627
  view-data: 0.9835284508299083
