times:
  edit-metadata: 1.7756444960832596
  landing: 0.15573097206652164
  view-data: 0.1489352509379387
