times:
  edit-metadata: 0.7210853560827672
  landing: 0.06302551412954926
  view-data: 0.7429001829586923
