times:
  edit-metadata: 1.7049876917153597
  landing: 0.020809585228562355
  view-data: 0.02760721556842327
