times:
  edit-metadata: 0.630552654969506
  landing: 0.04222765995655209
  view-data: 0.18667753203772008
