times:
  edit-metadata: 2.0477557443082333
  landing: 1.2715558912605047
  view-data: 1.5796911288052797
