times:
  edit-metadata: 1.465629329904914
  landing: 0.0205807788297534
  view-data: 0.6035607950761914
