times:
  edit-metadata: 1.4742838107049465
  landing: 0.017885444685816765
  view-data: 4.293579686433077
