times:
  edit-metadata: 0.6723691960796714
  landing: 0.15153469797223806
  view-data: 0.9786170930601656
