times:
  edit-metadata: 2.778588873334229
  landing: 1.7319292267784476
  view-data: 1.58353400696069
