times:
  edit-metadata: 2.59835606534034
  landing: 1.7107759770005941
  view-data: 1.6671138685196638
