times:
  edit-metadata: 0.5381295559927821
  landing: 0.03986700717359781
  view-data: 0.22513348096981645
