times:
  edit-metadata: 0.6220966630062321
  landing: 0.0381177560047945
  view-data: 0.18316164599673357
