times:
  edit-metadata: 1.6361571326851845
  landing: 0.01907993108034134
  view-data: 0.12663161754608154
