times:
  edit-metadata: 3.7979828948155046
  landing: 2.120046017691493
  view-data: 3.3305424228310585
