times:
  edit-metadata: 2.0026996210217476
  landing: 1.3818787429481745
  view-data: 1.4889017380774021
