times:
  edit-metadata: 0.6248819469474256
  landing: 0.04722280381247401
  view-data: 0.6420574691146612
