times:
  edit-metadata: 0.5448353019892238
  landing: 0.05184788798214868
  view-data: 0.9734383290051483
