times:
  edit-metadata: 1.519719616509974
  landing: 0.020793503150343895
  view-data: 0.11903987918049097
