times:
  edit-metadata: 1.4757206849753857
  landing: 0.02074703946709633
  view-data: 0.13327227719128132
