times:
  edit-metadata: 0.5108741750009358
  landing: 0.04093208210542798
  view-data: 0.3311349982395768
