times:
  edit-metadata: 1.54603554867208
  landing: 0.022684963420033455
  view-data: 0.0265889223664999
