times:
  edit-metadata: 0.5761687799822539
  landing: 0.042954866075888276
  view-data: 0.26992910797707736
