times:
  edit-metadata: 0.5030662280041724
  landing: 0.05998093285597861
  view-data: 1.36306107416749
