times:
  edit-metadata: 0.871716869994998
  landing: 0.17086876893881708
  view-data: 0.9587780500296503
