times:
  edit-metadata: 0.5803871136158705
  landing: 0.04390577133744955
  view-data: 0.3594216229394078
