times:
  edit-metadata: 1.9475732613354921
  landing: 1.5367805156856775
  view-data: 1.7016474176198244
