times:
  edit-metadata: 1.7653360962867737
  landing: 0.25167080014944077
  view-data: 0.18473881110548973
