times:
  edit-metadata: 2.9148944169282913
  landing: 1.621410071849823
  view-data: 3.668636165559292
