times:
  edit-metadata: 0.5500658717937768
  landing: 0.0861553680151701
  view-data: 0.20153203001245856
