times:
  edit-metadata: 2.5374983670189977
  landing: 1.9301646860549226
  view-data: 1.6432905609253794
