times:
  edit-metadata: 1.962379079312086
  landing: 1.644687820225954
  view-data: 1.44374118745327
