times:
  edit-metadata: 1.592444185167551
  landing: 0.13898802734911442
  view-data: 0.7018357682973146
