times:
  edit-metadata: 1.9468780010938644
  landing: 1.4291252084076405
  view-data: 1.481299925595522
