times:
  edit-metadata: 0.6197868569870479
  landing: 0.047257761005312204
  view-data: 0.9008588319993578
