times:
  edit-metadata: 1.523799605667591
  landing: 0.021359771490097046
  view-data: 0.5800784956663847
