times:
  edit-metadata: 1.5061486344784498
  landing: 0.02912988606840372
  view-data: 0.030441411770880222
