times:
  edit-metadata: 1.826408046996221
  landing: 0.021548057033214718
  view-data: 0.03193273104261607
