times:
  edit-metadata: 0.7855393462814391
  landing: 0.15589876333251595
  view-data: 0.7970682163722813
