times:
  edit-metadata: 3.7578083192929626
  landing: 2.3714299565181136
  view-data: 2.0132015626877546
