times:
  edit-metadata: 0.570818517357111
  landing: 0.05401596147567034
  view-data: 0.3465460492298007
