times:
  edit-metadata: 6.9021217823028564
  landing: 5.0329049825668335
  view-data: 4.139449674636126
