times:
  edit-metadata: 2.0355490129441023
  landing: 1.4846182614564896
  view-data: 1.936930013820529
