times:
  edit-metadata: 1.4807177055627108
  landing: 0.01910151820629835
  view-data: 0.09969350136816502
