times:
  edit-metadata: 0.6067647296003997
  landing: 0.05175120197236538
  view-data: 0.8075548950582743
