times:
  edit-metadata: 2.0438421070575714
  landing: 1.541970830410719
  view-data: 3.3082066662609577
