times:
  edit-metadata: 0.6281946860253811
  landing: 0.09397435700520873
  view-data: 0.7413084618747234
