times:
  edit-metadata: 1.9430314619094133
  landing: 1.3395364377647638
  view-data: 1.4711065646260977
