times:
  edit-metadata: 2.644027918111533
  landing: 2.07131335278973
  view-data: 1.7402391317300498
