times:
  edit-metadata: 1.5273164547979832
  landing: 0.025281071662902832
  view-data: 0.791266793385148
