times:
  edit-metadata: 1.9011568948626518
  landing: 1.3894507568329573
  view-data: 1.6724315658211708
