times:
  edit-metadata: 0.54333675513044
  landing: 0.046109292889013886
  view-data: 0.8569592549465597
