times:
  edit-metadata: 0.48522634198889136
  landing: 0.04757952317595482
  view-data: 0.33430411806330085
