times:
  edit-metadata: 0.5033757518976927
  landing: 0.05236458778381348
  view-data: 0.3332415223121643
