times:
  edit-metadata: 1.892050789669156
  landing: 1.3471642881631851
  view-data: 1.3261430747807026
