times:
  edit-metadata: 0.6577245439402759
  landing: 0.04264038009569049
  view-data: 0.1854209320154041
