times:
  edit-metadata: 0.39881791174411774
  landing: 0.05790318548679352
  view-data: 0.1897997297346592
