times:
  edit-metadata: 1.6322516202926636
  landing: 0.17602330073714256
  view-data: 0.8168106805533171
