times:
  edit-metadata: 1.591426414437592
  landing: 0.019484126940369606
  view-data: 0.022446373477578163
