times:
  edit-metadata: 1.4737784825265408
  landing: 0.12870165519416332
  view-data: 0.024501923471689224
