times:
  edit-metadata: 2.7894001581007615
  landing: 1.7943703540368006
  view-data: 1.703393882024102
