times:
  edit-metadata: 2.0592436995357275
  landing: 1.4341594520956278
  view-data: 1.5241980943828821
