times:
  edit-metadata: 2.0750193670392036
  landing: 1.447539396584034
  view-data: 3.367512211203575
