times:
  edit-metadata: 2.5458140559494495
  landing: 1.609409112483263
  view-data: 3.5650516897439957
