times:
  edit-metadata: 0.6237701589998323
  landing: 0.047965613000087615
  view-data: 1.1015173470000263
