times:
  edit-metadata: 2.198087585158646
  landing: 1.387583827599883
  view-data: 1.7887488566339016
