times:
  edit-metadata: 0.8255314957350492
  landing: 0.07031732378527522
  view-data: 0.7608390240930021
