times:
  edit-metadata: 0.5530627439729869
  landing: 0.046036032028496265
  view-data: 1.4864118210971355
