times:
  edit-metadata: 0.5564691578038037
  landing: 0.04341743793338537
  view-data: 0.21474435180425644
