times:
  edit-metadata: 1.9509063381701708
  landing: 1.3491288721561432
  view-data: 1.7072716671973467
