times:
  edit-metadata: 0.6071708280069288
  landing: 0.07408490998204798
  view-data: 1.7423684509994928
