times:
  edit-metadata: 1.4921896969899535
  landing: 0.024483446963131428
  view-data: 0.5990679245442152
