times:
  edit-metadata: 2.222871959209442
  landing: 0.2993227206170559
  view-data: 0.8287532245740294
