times:
  edit-metadata: 2.2517806496471167
  landing: 1.6393560199066997
  view-data: 1.3607738576829433
