times:
  edit-metadata: 1.514576494693756
  landing: 0.020423762500286102
  view-data: 0.024290207773447037
