times:
  edit-metadata: 1.952383827418089
  landing: 1.2033366188406944
  view-data: 1.0468588434159756
