times:
  edit-metadata: 5.318211313337088
  landing: 2.4110006615519524
  view-data: 1.8244340885430574
