times:
  edit-metadata: 2.3431422198191285
  landing: 1.9819838283583522
  view-data: 1.6892259754240513
