times:
  edit-metadata: 2.435675509274006
  landing: 1.2260166183114052
  view-data: 3.352919779717922
