times:
  edit-metadata: 0.6065787120023742
  landing: 0.04531407996546477
  view-data: 0.9715950249810703
