times:
  edit-metadata: 2.497617839835584
  landing: 1.549850623589009
  view-data: 1.4826961420476437
