times:
  edit-metadata: 0.4383262728806585
  landing: 0.04116952698677778
  view-data: 0.18881293502636254
