times:
  edit-metadata: 0.5162036879919469
  landing: 0.04705169517546892
  view-data: 0.3391835233196616
