times:
  edit-metadata: 0.5207416990306228
  landing: 0.04721504612825811
  view-data: 0.9715056270360947
