times:
  edit-metadata: 0.6346202000277117
  landing: 0.053354365983977914
  view-data: 0.3115416749496944
