times:
  edit-metadata: 0.3995518684387207
  landing: 0.04662967845797539
  view-data: 0.19370855391025543
