times:
  edit-metadata: 1.8176757236942649
  landing: 0.020644495263695717
  view-data: 0.027835436165332794
