times:
  edit-metadata: 0.5096717299893498
  landing: 0.07238174299709499
  view-data: 0.8446695900056511
