times:
  edit-metadata: 2.3227915838360786
  landing: 1.7272972837090492
  view-data: 3.5154939107596874
