times:
  edit-metadata: 1.829273970797658
  landing: 0.18891189619898796
  view-data: 0.14943928644061089
