times:
  edit-metadata: 0.8541549267247319
  landing: 0.06134957680478692
  view-data: 0.7980714198201895
