times:
  edit-metadata: 0.6657638740725815
  landing: 0.09356791386380792
  view-data: 0.3508267148863524
