times:
  edit-metadata: 1.9947412498295307
  landing: 1.3194448724389076
  view-data: 1.3694475293159485
