times:
  edit-metadata: 2.221367232501507
  landing: 1.7832775097340345
  view-data: 1.5701963901519775
