times:
  edit-metadata: 0.530816423939541
  landing: 0.04676309693604708
  view-data: 2.3870984150562435
