times:
  edit-metadata: 1.9547501653432846
  landing: 1.3950279764831066
  view-data: 1.5536998640745878
