times:
  edit-metadata: 0.6269156519992976
  landing: 0.04892498700064607
  view-data: 0.8696318849979434
