times:
  edit-metadata: 2.002650983631611
  landing: 1.4147349279373884
  view-data: 1.3545617274940014
