times:
  edit-metadata: 1.5712449811398983
  landing: 0.01934017799794674
  view-data: 0.33621118403971195
