times:
  edit-metadata: 1.935852887108922
  landing: 1.3697710800915956
  view-data: 1.6080331597477198
