times:
  edit-metadata: 1.504756299778819
  landing: 0.124684888869524
  view-data: 0.6880778390914202
