times:
  edit-metadata: 0.5172064062207937
  landing: 0.04663896095007658
  view-data: 0.4822592521086335
