times:
  edit-metadata: 0.5321305710822344
  landing: 0.06961891381070018
  view-data: 1.0857300930656493
