times:
  edit-metadata: 0.5845033563673496
  landing: 0.04133212985470891
  view-data: 0.33011360792443156
