times:
  edit-metadata: 1.9050644263625145
  landing: 1.488442413508892
  view-data: 3.4096701070666313
