times:
  edit-metadata: 4.302658390253782
  landing: 1.9471693560481071
  view-data: 3.73569505661726
