times:
  edit-metadata: 1.5134766697883606
  landing: 0.20310622826218605
  view-data: 0.02901673223823309
