times:
  edit-metadata: 1.475149697624147
  landing: 0.11956072226166725
  view-data: 0.7097759479656816
