times:
  edit-metadata: 0.5430481368675828
  landing: 0.05258582183159888
  view-data: 0.9702372120227665
