times:
  edit-metadata: 2.9842966981232166
  landing: 1.7088951617479324
  view-data: 3.3283626809716225
