times:
  edit-metadata: 2.4733492424711585
  landing: 1.6207549702376127
  view-data: 1.920495968312025
