times:
  edit-metadata: 0.5028170496225357
  landing: 0.05586058646440506
  view-data: 0.18474655970931053
