times:
  edit-metadata: 3.052388676907867
  landing: 2.669084213208407
  view-data: 1.693961966317147
