times:
  edit-metadata: 0.6398663478903472
  landing: 0.11144827120006084
  view-data: 0.9782849219627678
