times:
  edit-metadata: 2.2163893841207027
  landing: 1.4459761492908
  view-data: 3.3837284557521343
