times:
  edit-metadata: 1.8404188677668571
  landing: 0.020690560340881348
  view-data: 0.15514311660081148
