times:
  edit-metadata: 0.5127192735671997
  landing: 0.044331747107207775
  view-data: 0.3422161350026727
