times:
  edit-metadata: 2.185349551960826
  landing: 1.5359678231179714
  view-data: 1.3198303263634443
