times:
  edit-metadata: 0.40670742467045784
  landing: 0.04593402519822121
  view-data: 0.1879003718495369
