times:
  edit-metadata: 1.6173630058765411
  landing: 0.2255425527691841
  view-data: 0.7486138567328453
