times:
  edit-metadata: 1.5343266995623708
  landing: 0.11239525489509106
  view-data: 0.25594340078532696
