times:
  edit-metadata: 1.9553273282945156
  landing: 1.3681165613234043
  view-data: 1.6205188669264317
