times:
  edit-metadata: 0.6139493840746582
  landing: 0.049410250037908554
  view-data: 0.2047486628871411
