times:
  edit-metadata: 0.4015328139066696
  landing: 0.04612747207283974
  view-data: 0.18589098751544952
