times:
  edit-metadata: 0.5212381770033971
  landing: 0.041973842002335005
  view-data: 0.19810470499942312
