times:
  edit-metadata: 0.5007824969943613
  landing: 0.046002843882888556
  view-data: 0.19287499389611185
