times:
  edit-metadata: 2.0796865969896317
  landing: 1.3125781528651714
  view-data: 3.421699456870556
