times:
  edit-metadata: 0.49430087208747864
  landing: 0.0507009644061327
  view-data: 0.20585355069488287
