times:
  edit-metadata: 2.6103628426790237
  landing: 1.7312164716422558
  view-data: 1.555086807347834
