times:
  edit-metadata: 1.5068023726344109
  landing: 0.019088707864284515
  view-data: 0.12878337129950523
