times:
  edit-metadata: 0.38818082213401794
  landing: 0.0447629913687706
  view-data: 0.18575424700975418
