times:
  edit-metadata: 1.4688219418749213
  landing: 0.1431021634489298
  view-data: 0.02526493463665247
