times:
  edit-metadata: 2.4412710671313107
  landing: 2.0725312111899257
  view-data: 1.5565929878503084
