times:
  edit-metadata: 1.5012163892388344
  landing: 0.14780623465776443
  view-data: 0.026575783267617226
