times:
  edit-metadata: 2.529066700488329
  landing: 1.5710326749831438
  view-data: 1.4364679511636496
