times:
  edit-metadata: 2.067228987812996
  landing: 1.6551516205072403
  view-data: 3.380790662020445
