times:
  edit-metadata: 0.5656594370957464
  landing: 0.05039858887903392
  view-data: 0.976413806900382
