times:
  edit-metadata: 0.6494503080029972
  landing: 0.03876330202911049
  view-data: 0.18272224301472306
