times:
  edit-metadata: 1.5561289582401514
  landing: 0.020875975489616394
  view-data: 0.027097005397081375
