times:
  edit-metadata: 0.5904141375795007
  landing: 0.038723863661289215
  view-data: 0.3569676848128438
