times:
  edit-metadata: 2.613312709145248
  landing: 1.8043031808920205
  view-data: 1.6174499299377203
