times:
  edit-metadata: 1.4440971296280622
  landing: 0.020338645204901695
  view-data: 0.026302659884095192
