times:
  edit-metadata: 0.4161098562180996
  landing: 0.04893020540475845
  view-data: 0.19264430925250053
