times:
  edit-metadata: 1.804307460784912
  landing: 0.29109988920390606
  view-data: 0.603446040302515
