times:
  edit-metadata: 1.5829012263566256
  landing: 0.02301887236535549
  view-data: 0.10416490025818348
