times:
  edit-metadata: 2.4108574632555246
  landing: 1.5756337335333228
  view-data: 1.5358650321140885
