times:
  edit-metadata: 2.066799970343709
  landing: 0.3508906867355108
  view-data: 0.8355178032070398
