times:
  edit-metadata: 1.6983121111989021
  landing: 0.13791708461940289
  view-data: 0.7130295801907778
