times:
  edit-metadata: 4.197893469594419
  landing: 2.4668706711381674
  view-data: 2.2560315681621432
