times:
  edit-metadata: 0.6283260630443692
  landing: 0.041357841924764216
  view-data: 0.1854210279416293
