times:
  edit-metadata: 1.4518737709149718
  landing: 0.1717630811035633
  view-data: 0.5915345186367631
