times:
  edit-metadata: 1.8026887252926826
  landing: 0.2103574899956584
  view-data: 0.6580134211108088
