times:
  edit-metadata: 2.706913524772972
  landing: 2.0736705819144845
  view-data: 1.5366622530855238
