times:
  edit-metadata: 0.544105094159022
  landing: 0.0525446489918977
  view-data: 0.21864566602744162
