times:
  edit-metadata: 0.8188795717433095
  landing: 0.0867265029810369
  view-data: 0.8730230666697025
