times:
  edit-metadata: 1.8804800137877464
  landing: 1.584107469767332
  view-data: 3.3260888904333115
