times:
  edit-metadata: 1.1003926182165742
  landing: 0.10441440623253584
  view-data: 0.7730196099728346
