times:
  edit-metadata: 0.5597897218540311
  landing: 0.07195736584253609
  view-data: 0.2827055249363184
