times:
  edit-metadata: 1.5599381467327476
  landing: 0.019525700248777866
  view-data: 0.6017712000757456
