times:
  edit-metadata: 0.4980038460344076
  landing: 0.03948784410022199
  view-data: 0.3283503020647913
