times:
  edit-metadata: 1.5310449209064245
  landing: 0.20622632466256618
  view-data: 0.7163628432899714
