times:
  edit-metadata: 0.39710647985339165
  landing: 0.8183015678077936
  view-data: 0.8195562362670898
