times:
  edit-metadata: 0.5786541649140418
  landing: 0.045680487994104624
  view-data: 0.351186107378453
