times:
  edit-metadata: 2.434073694050312
  landing: 2.6420978172682226
  view-data: 1.4590412201359868
