times:
  edit-metadata: 0.572706407867372
  landing: 0.11719718063250184
  view-data: 0.7352958046831191
