times:
  edit-metadata: 2.0303158070892096
  landing: 0.25708807818591595
  view-data: 0.7312548775225878
