times:
  edit-metadata: 0.43491042288951576
  landing: 0.07708303583785892
  view-data: 0.261297786841169
