times:
  edit-metadata: 1.472875852137804
  landing: 0.13970652222633362
  view-data: 0.02680355403572321
