times:
  edit-metadata: 0.44363884814083576
  landing: 0.0648888701107353
  view-data: 0.20276414998807013
