times:
  edit-metadata: 0.5241546761244535
  landing: 0.047475476283580065
  view-data: 1.23623704072088
