times:
  edit-metadata: 1.5934969782829285
  landing: 1.5832207277417183
  view-data: 1.4362097959965467
