times:
  edit-metadata: 0.4080795422196388
  landing: 0.03962111473083496
  view-data: 0.1967318020761013
