times:
  edit-metadata: 2.7582933185622096
  landing: 2.8005317407660186
  view-data: 1.6154888980090618
