times:
  edit-metadata: 1.4694408187642694
  landing: 0.020667754113674164
  view-data: 0.541861210949719
