times:
  edit-metadata: 1.9509681314229965
  landing: 1.4332511350512505
  view-data: 1.617085326462984
