times:
  edit-metadata: 1.9783221781253815
  landing: 1.5373790450394154
  view-data: 3.3095215260982513
