times:
  edit-metadata: 2.0065021123737097
  landing: 1.3906423039734364
  view-data: 1.7912266869097948
