times:
  edit-metadata: 0.40858745016157627
  landing: 0.05954352393746376
  view-data: 0.8830763678997755
