times:
  edit-metadata: 0.6014182223007083
  landing: 0.046209538355469704
  view-data: 0.33867305889725685
