times:
  edit-metadata: 2.578751891851425
  landing: 1.7897948659956455
  view-data: 1.4821991957724094
