times:
  edit-metadata: 1.4982355535030365
  landing: 1.3305259943008423
  view-data: 3.336708139628172
