times:
  edit-metadata: 0.6233908149879426
  landing: 0.04240718903020024
  view-data: 0.1898256759159267
