times:
  edit-metadata: 2.292031648568809
  landing: 1.8336287653073668
  view-data: 1.3626152854412794
