times:
  edit-metadata: 0.39917315542697906
  landing: 0.038564663380384445
  view-data: 0.19154931977391243
