times:
  edit-metadata: 1.9402249492704868
  landing: 1.5304178446531296
  view-data: 1.4383059777319431
