times:
  edit-metadata: 0.6194113589590415
  landing: 0.049807404982857406
  view-data: 1.2125039550010115
