times:
  edit-metadata: 2.0728647839277983
  landing: 1.78523600846529
  view-data: 2.031864756718278
