times:
  edit-metadata: 0.5511964312754571
  landing: 0.05356387607753277
  view-data: 0.8493658332154155
