times:
  edit-metadata: 1.9241176657378674
  landing: 0.1397920912131667
  view-data: 0.7532720845192671
