times:
  edit-metadata: 0.6755757149949204
  landing: 0.12441169601515867
  view-data: 0.8538934419921134
