times:
  edit-metadata: 2.0046918746083975
  landing: 1.2977870292961597
  view-data: 1.4569826014339924
