times:
  edit-metadata: 1.4586044801399112
  landing: 0.02181894052773714
  view-data: 0.02695535495877266
