times:
  edit-metadata: 0.6142501728609204
  landing: 0.04620105493813753
  view-data: 0.7150147329084575
