times:
  edit-metadata: 0.6010666109941667
  landing: 0.04714318200421985
  view-data: 1.1136686980025843
