times:
  edit-metadata: 0.8243451840003218
  landing: 0.08151852699984374
  view-data: 0.905707454000094
