times:
  edit-metadata: 2.0009155981242657
  landing: 1.5846335999667645
  view-data: 3.311482448130846
