times:
  edit-metadata: 2.1268397383391857
  landing: 0.021011628210544586
  view-data: 0.4393384959548712
