times:
  edit-metadata: 1.4331576935946941
  landing: 0.2089125318452716
  view-data: 0.11658670473843813
