times:
  edit-metadata: 5.1215402372181416
  landing: 2.609574519097805
  view-data: 4.018940087407827
