times:
  edit-metadata: 0.48753949883393943
  landing: 0.04596563894301653
  view-data: 0.19095801701769233
