times:
  edit-metadata: 0.5754533689469099
  landing: 0.04821361834183335
  view-data: 0.23119781399145722
