times:
  edit-metadata: 1.9669273756444454
  landing: 1.6484926231205463
  view-data: 3.3533764742314816
