times:
  edit-metadata: 0.535915486048907
  landing: 0.04880753206089139
  view-data: 0.20206074230372906
