times:
  edit-metadata: 4.505879022181034
  landing: 3.706006810069084
  view-data: 4.663378819823265
