times:
  edit-metadata: 0.5936105619184673
  landing: 0.052737477235496044
  view-data: 0.24354360811412334
