times:
  edit-metadata: 0.6142587140202522
  landing: 0.041247805929742754
  view-data: 0.1864589899778366
