times:
  edit-metadata: 0.6350132509833202
  landing: 0.045282962964847684
  view-data: 0.18483832094352692
