times:
  edit-metadata: 0.5710347015410662
  landing: 0.0402195667847991
  view-data: 0.33613352570682764
