times:
  edit-metadata: 2.03953361697495
  landing: 1.3991373423486948
  view-data: 1.4277586117386818
