times:
  edit-metadata: 0.989307499025017
  landing: 0.05186935514211655
  view-data: 0.9948016069829464
