times:
  edit-metadata: 1.9777154568582773
  landing: 1.3851315770298243
  view-data: 1.5988294072449207
