times:
  edit-metadata: 0.5182282379828393
  landing: 0.04448421602137387
  view-data: 0.22690925607457757
