times:
  edit-metadata: 0.4036564230918884
  landing: 0.046017035841941833
  view-data: 0.19406050816178322
