times:
  edit-metadata: 2.0911345668137074
  landing: 1.5711638405919075
  view-data: 1.5731038432568312
