times:
  edit-metadata: 0.7723357579670846
  landing: 0.11835401225835085
  view-data: 0.7819209401495755
