times:
  edit-metadata: 1.6307970210909843
  landing: 0.018029460683465004
  view-data: 0.6991234682500362
