times:
  edit-metadata: 0.5372968319998108
  landing: 0.05158676300015941
  view-data: 0.8435031700000764
