times:
  edit-metadata: 1.5224748654291034
  landing: 0.18995345290750265
  view-data: 0.023973443545401096
