times:
  edit-metadata: 1.502606081776321
  landing: 0.021223073825240135
  view-data: 0.025088808499276638
