times:
  edit-metadata: 0.5601562932133675
  landing: 0.04814284574240446
  view-data: 0.21759140864014626
