times:
  edit-metadata: 1.6060698684304953
  landing: 0.19670200161635876
  view-data: 0.025488587096333504
