times:
  edit-metadata: 0.6255354579770938
  landing: 0.05341245699673891
  view-data: 0.1786746290163137
