times:
  edit-metadata: 1.932094033807516
  landing: 1.3403442185372114
  view-data: 1.3627263903617859
