times:
  edit-metadata: 2.839784760028124
  landing: 1.9405834348872304
  view-data: 1.5425542006269097
