times:
  edit-metadata: 0.5596718490123749
  landing: 0.05021978169679642
  view-data: 0.2161070411093533
