times:
  edit-metadata: 1.7521430663764477
  landing: 0.23386644385755062
  view-data: 0.024508563801646233
