times:
  edit-metadata: 0.6814913777634501
  landing: 0.0684720566496253
  view-data: 0.3677942049689591
