times:
  edit-metadata: 3.983041498810053
  landing: 2.324585935100913
  view-data: 1.8304606452584267
