times:
  edit-metadata: 0.5388227049261332
  landing: 0.042865365743637085
  view-data: 0.22414981201291084
