times:
  edit-metadata: 0.5066808997653425
  landing: 0.05251972610130906
  view-data: 0.23143046908080578
