times:
  edit-metadata: 1.9401534534990788
  landing: 1.5084684304893017
  view-data: 3.406037874519825
