times:
  edit-metadata: 0.7007318651303649
  landing: 0.07777737779542804
  view-data: 0.2264600619673729
