times:
  edit-metadata: 0.9370711990632117
  landing: 0.060138705652207136
  view-data: 0.7484955578111112
