times:
  edit-metadata: 2.3323581928852946
  landing: 2.148514236090705
  view-data: 1.4242258770391345
