times:
  edit-metadata: 2.5363518446683884
  landing: 1.9008555710315704
  view-data: 1.9318253137171268
