times:
  edit-metadata: 1.6399763654917479
  landing: 0.19456233456730843
  view-data: 0.023640401661396027
