times:
  edit-metadata: 0.5246441749986843
  landing: 0.0423046850009996
  view-data: 0.18651230000250507
