times:
  edit-metadata: 2.752125572413206
  landing: 1.860819447785616
  view-data: 1.1738641299307346
