times:
  edit-metadata: 1.5139166079461575
  landing: 0.020555175840854645
  view-data: 0.14594712853431702
