times:
  edit-metadata: 1.4939182009547949
  landing: 0.019260849803686142
  view-data: 0.022280536592006683
