times:
  edit-metadata: 0.5530721046961844
  landing: 0.04302144004032016
  view-data: 0.21898584999144077
