times:
  edit-metadata: 1.9658988788723946
  landing: 1.3959282655268908
  view-data: 1.5384784694761038
