times:
  edit-metadata: 1.931316513568163
  landing: 1.5496288258582354
  view-data: 1.5337042771279812
