times:
  edit-metadata: 0.5040368647314608
  landing: 0.0516068241558969
  view-data: 0.46377810230478644
