times:
  edit-metadata: 2.0237552393227816
  landing: 1.3454772736877203
  view-data: 1.2773723639547825
