times:
  edit-metadata: 1.4326618229970336
  landing: 0.2262520669028163
  view-data: 0.25378486700356007
