times:
  edit-metadata: 2.9028189620003104
  landing: 2.7103301999159157
  view-data: 1.8318888829089701
