times:
  edit-metadata: 7.721262127161026
  landing: 5.70467846468091
  view-data: 4.279465187340975
