times:
  edit-metadata: 5.00766921043396
  landing: 2.2098471261560917
  view-data: 4.531694784760475
