times:
  edit-metadata: 0.5289224581792951
  landing: 0.04542336380109191
  view-data: 0.24517609924077988
