times:
  edit-metadata: 3.685488655231893
  landing: 2.1131055038422346
  view-data: 1.672801861539483
