times:
  edit-metadata: 1.718471433967352
  landing: 0.184959776699543
  view-data: 0.05264514870941639
