times:
  edit-metadata: 2.0530476607382298
  landing: 1.3773198425769806
  view-data: 1.6070988066494465
