times:
  edit-metadata: 0.6195588869741186
  landing: 0.058625951991416514
  view-data: 0.922584887011908
