times:
  edit-metadata: 1.9834481049329042
  landing: 1.566646970808506
  view-data: 1.4733048919588327
