times:
  edit-metadata: 1.5381252896040678
  landing: 0.02225896529853344
  view-data: 0.5882515944540501
