times:
  edit-metadata: 0.5487171299755573
  landing: 0.04498161654919386
  view-data: 0.3719931123778224
