times:
  edit-metadata: 0.46058856695890427
  landing: 0.041038974886760116
  view-data: 0.18955764500424266
