times:
  edit-metadata: 1.6474117115139961
  landing: 0.11725153215229511
  view-data: 0.026436353102326393
