times:
  edit-metadata: 2.791621705517173
  landing: 1.6146706212311983
  view-data: 1.6990642119199038
