times:
  edit-metadata: 2.1820061868056655
  landing: 1.6213513603433967
  view-data: 1.5253031756728888
