times:
  edit-metadata: 1.487621950916946
  landing: 0.02268594317138195
  view-data: 0.12223862949758768
