times:
  edit-metadata: 0.6469220989383757
  landing: 0.040446813916787505
  view-data: 0.1880639859009534
