times:
  edit-metadata: 5.4493147023022175
  landing: 2.536985859274864
  view-data: 2.323669483885169
