times:
  edit-metadata: 4.376574665307999
  landing: 2.5436441116034985
  view-data: 3.437518108636141
