times:
  edit-metadata: 0.5356037467718124
  landing: 0.050098618026822805
  view-data: 1.3887839643284678
