times:
  edit-metadata: 0.4022411797195673
  landing: 0.046172915026545525
  view-data: 0.7711425349116325
