times:
  edit-metadata: 1.949223730713129
  landing: 1.275347027927637
  view-data: 3.3042925633490086
