times:
  edit-metadata: 1.4945167619735003
  landing: 0.20308520831167698
  view-data: 0.7105850875377655
