times:
  edit-metadata: 2.0287322737276554
  landing: 1.5107975751161575
  view-data: 3.389958683401346
