times:
  edit-metadata: 1.6256827041506767
  landing: 0.15256034769117832
  view-data: 0.024829328060150146
