times:
  edit-metadata: 2.5196380731649697
  landing: 1.6503272000700235
  view-data: 1.7900617117993534
