times:
  edit-metadata: 0.5533958449959755
  landing: 0.05353779788129032
  view-data: 0.8421442529652268
