times:
  edit-metadata: 0.47538424120284617
  landing: 0.04453426296822727
  view-data: 0.29701645812019706
