times:
  edit-metadata: 0.541897754650563
  landing: 0.04591515986248851
  view-data: 0.3404626636765897
