times:
  edit-metadata: 1.9712874218821526
  landing: 1.4635703936219215
  view-data: 1.4413156881928444
