times:
  edit-metadata: 0.6057657510100398
  landing: 0.05741812798078172
  view-data: 0.8640234920021612
