times:
  edit-metadata: 1.5430586580187082
  landing: 0.022290321066975594
  view-data: 0.12490836903452873
