times:
  edit-metadata: 0.5643669008277357
  landing: 0.045776712242513895
  view-data: 0.3442725050263107
