times:
  edit-metadata: 0.6215654279803857
  landing: 0.04164950700942427
  view-data: 0.1910187560133636
