times:
  edit-metadata: 0.5520749671850353
  landing: 0.03946229093708098
  view-data: 0.21347273886203766
