times:
  edit-metadata: 0.5606445809826255
  landing: 0.04509604722261429
  view-data: 0.34198416210711
