times:
  edit-metadata: 1.5020953537896276
  landing: 0.131075375713408
  view-data: 0.5860768891870975
