times:
  edit-metadata: 2.272273886948824
  landing: 1.6826361790299416
  view-data: 1.4308829689398408
