times:
  edit-metadata: 1.9870979450643063
  landing: 1.8137651532888412
  view-data: 1.6461061760783195
