times:
  edit-metadata: 1.508231308311224
  landing: 0.16272387001663446
  view-data: 0.09421850275248289
