times:
  edit-metadata: 1.694010829553008
  landing: 0.22782263346016407
  view-data: 0.027120810002088547
