times:
  edit-metadata: 1.501128874719143
  landing: 0.021243592724204063
  view-data: 0.02485540136694908
