times:
  edit-metadata: 0.39658917114138603
  landing: 0.0453578382730484
  view-data: 0.4125065729022026
