times:
  edit-metadata: 0.7617031284607947
  landing: 0.055340029299259186
  view-data: 1.991247485857457
