times:
  edit-metadata: 0.5578281553462148
  landing: 0.04810087289661169
  view-data: 0.33554222993552685
