times:
  edit-metadata: 0.38731109723448753
  landing: 0.05222243443131447
  view-data: 0.19566823169589043
