times:
  edit-metadata: 1.91468645632267
  landing: 1.4646350182592869
  view-data: 1.4810108579695225
