times:
  edit-metadata: 1.4893026798963547
  landing: 0.01811491698026657
  view-data: 0.12306640669703484
