times:
  edit-metadata: 0.5623546240385622
  landing: 0.05309001496061683
  view-data: 1.241797256981954
