times:
  edit-metadata: 0.5331212528981268
  landing: 0.04842023691162467
  view-data: 0.33258890686556697
