times:
  edit-metadata: 2.1419563442468643
  landing: 1.7604924011975527
  view-data: 1.9496969319880009
