times:
  edit-metadata: 0.6321713560028002
  landing: 0.08306599798379466
  view-data: 0.8357181689934805
