times:
  edit-metadata: 0.5251116040162742
  landing: 0.04768205480650067
  view-data: 0.21452502626925707
