times:
  edit-metadata: 1.9902403093874454
  landing: 1.5384754799306393
  view-data: 3.3968937508761883
