times:
  edit-metadata: 1.436625398695469
  landing: 0.01955441478639841
  view-data: 0.025150380097329617
