times:
  edit-metadata: 0.4407943389378488
  landing: 0.04932044702582061
  view-data: 0.1923258190508932
