times:
  edit-metadata: 2.338514623232186
  landing: 1.6902295537292957
  view-data: 1.7153954049572349
