times:
  edit-metadata: 2.4482694268226624
  landing: 1.8553717210888863
  view-data: 3.530603092163801
