times:
  edit-metadata: 1.5379413301125169
  landing: 0.020146453753113747
  view-data: 0.12059353943914175
