times:
  edit-metadata: 0.3906160816550255
  landing: 0.04107053950428963
  view-data: 0.1918669492006302
