times:
  edit-metadata: 1.5164633952081203
  landing: 0.0196946756914258
  view-data: 0.02739656623452902
