times:
  edit-metadata: 1.4799734214320779
  landing: 0.21742361225187778
  view-data: 0.0256837522611022
