times:
  edit-metadata: 1.4905386604368687
  landing: 0.11905400548130274
  view-data: 0.023696760646998882
