times:
  edit-metadata: 0.6349176592193544
  landing: 0.07926411926746368
  view-data: 0.23259675409644842
