times:
  edit-metadata: 2.5043357680551708
  landing: 2.140601683408022
  view-data: 1.5633912300691009
