times:
  edit-metadata: 1.6996481195092201
  landing: 0.02489604242146015
  view-data: 0.12334505282342434
