times:
  edit-metadata: 0.7473074491135776
  landing: 0.07766384212300181
  view-data: 0.9464772311039269
