times:
  edit-metadata: 1.9154338836669922
  landing: 1.7303796634078026
  view-data: 3.5450706593692303
