times:
  edit-metadata: 1.568376189097762
  landing: 0.026173710823059082
  view-data: 0.02840743586421013
