times:
  edit-metadata: 1.479597870260477
  landing: 0.022809384390711784
  view-data: 0.11855207290500402
