times:
  edit-metadata: 1.513450250029564
  landing: 0.022858726792037487
  view-data: 0.12080755922943354
