times:
  edit-metadata: 1.524328171275556
  landing: 0.18682177923619747
  view-data: 0.12200128939002752
