times:
  edit-metadata: 0.6177400830201805
  landing: 0.03802770603215322
  view-data: 0.18740708898985758
