times:
  edit-metadata: 0.4430020221043378
  landing: 0.04655351513065398
  view-data: 0.19854564196430147
