times:
  edit-metadata: 0.5696589727886021
  landing: 0.043960616923868656
  view-data: 0.2330757910385728
