times:
  edit-metadata: 3.2111045997589827
  landing: 1.7748170401901007
  view-data: 1.8369962554425001
