times:
  edit-metadata: 1.8893278073519468
  landing: 0.1361626572906971
  view-data: 0.3540463726967573
