times:
  edit-metadata: 2.501756990328431
  landing: 2.151773216202855
  view-data: 1.8772057881578803
