times:
  edit-metadata: 0.5456152781844139
  landing: 0.05004622275009751
  view-data: 0.32779997074976563
