times:
  edit-metadata: 0.6131259480025619
  landing: 0.041163732996210456
  view-data: 0.19468674599193037
