times:
  edit-metadata: 1.464848225004971
  landing: 0.09767006430774927
  view-data: 0.12385911960154772
