times:
  edit-metadata: 1.517384059727192
  landing: 0.02157708164304495
  view-data: 0.12475631479173899
