times:
  edit-metadata: 0.6072501620510593
  landing: 0.05629270407371223
  view-data: 1.1839278290281072
