times:
  edit-metadata: 1.402206131722778
  landing: 0.15513941319659352
  view-data: 0.35151619045063853
