times:
  edit-metadata: 0.6199282690649852
  landing: 0.04287144890986383
  view-data: 0.1896669319830835
