times:
  edit-metadata: 2.7815295606851578
  landing: 1.9400533996522427
  view-data: 1.755768527276814
