times:
  edit-metadata: 0.6031992129283026
  landing: 0.04831059300340712
  view-data: 0.18710249103605747
