times:
  edit-metadata: 0.411856047809124
  landing: 0.04603644087910652
  view-data: 0.1912734918296337
