times:
  edit-metadata: 2.726330442354083
  landing: 1.8285928759723902
  view-data: 1.8016399098560214
