times:
  edit-metadata: 0.6986489250557497
  landing: 0.08023166697239503
  view-data: 0.8281118560116738
