times:
  edit-metadata: 1.4775504069402814
  landing: 0.02099337987601757
  view-data: 0.13458179403096437
