times:
  edit-metadata: 0.5835625752806664
  landing: 0.046585739590227604
  view-data: 0.3349525788798928
