times:
  edit-metadata: 0.5063206539489329
  landing: 0.03884521499276161
  view-data: 0.2121258000843227
