times:
  edit-metadata: 0.5143334129998038
  landing: 0.04860234300031152
  view-data: 0.19594584399965242
