times:
  edit-metadata: 1.9887967854738235
  landing: 0.34121185913681984
  view-data: 0.024240195751190186
