times:
  edit-metadata: 0.5269155018031597
  landing: 0.06171789113432169
  view-data: 0.9879184649325907
