times:
  edit-metadata: 0.4021894410252571
  landing: 0.04933619126677513
  view-data: 0.20359491184353828
