times:
  edit-metadata: 1.490381633862853
  landing: 0.02120222058147192
  view-data: 0.02732846699655056
