times:
  edit-metadata: 2.4768247678875923
  landing: 2.0616231500171125
  view-data: 1.7262482861988246
