times:
  edit-metadata: 0.5110432660003426
  landing: 0.07720958700519986
  view-data: 0.9615935329929926
