times:
  edit-metadata: 7.6118566654622555
  landing: 2.9578217826783657
  view-data: 4.08237536996603
