times:
  edit-metadata: 0.4777297950349748
  landing: 0.05554833612404764
  view-data: 0.19544176198542118
