times:
  edit-metadata: 2.4109253943897784
  landing: 2.115251236129552
  view-data: 1.3503946447744966
