times:
  edit-metadata: 1.5925161708146334
  landing: 0.17641473934054375
  view-data: 0.751036249101162
