times:
  edit-metadata: 0.5033950987271965
  landing: 0.05212322296574712
  view-data: 0.22969865100458264
