times:
  edit-metadata: 0.557906566071324
  landing: 0.05250186997000128
  view-data: 1.1106938930461183
