times:
  edit-metadata: 4.310786411166191
  landing: 2.5618668273091316
  view-data: 3.6233510076999664
