times:
  edit-metadata: 1.4976327884942293
  landing: 0.13720587641000748
  view-data: 0.5713957631960511
