times:
  edit-metadata: 2.022932095453143
  landing: 1.3967954814434052
  view-data: 1.6499375216662884
