times:
  edit-metadata: 0.4231271557509899
  landing: 0.04410124942660332
  view-data: 0.1961366832256317
