times:
  edit-metadata: 1.4826808040961623
  landing: 0.12519502267241478
  view-data: 0.4554628264158964
