times:
  edit-metadata: 2.320935313589871
  landing: 1.658213585615158
  view-data: 1.4170575542375445
