times:
  edit-metadata: 0.3858847189694643
  landing: 0.903362026438117
  view-data: 0.7536540776491165
