times:
  edit-metadata: 0.5696901399642229
  landing: 0.04747087974101305
  view-data: 0.2209924729540944
