times:
  edit-metadata: 1.9845347590744495
  landing: 1.342968599870801
  view-data: 1.7400257661938667
