times:
  edit-metadata: 0.565928113181144
  landing: 0.055378406308591366
  view-data: 0.21131337014958262
