times:
  edit-metadata: 0.5292479665949941
  landing: 0.05414791312068701
  view-data: 0.34242444299161434
