times:
  edit-metadata: 1.5411539748311043
  landing: 0.022151034325361252
  view-data: 0.2968243807554245
