times:
  edit-metadata: 1.832714892923832
  landing: 1.365636933594942
  view-data: 3.3276474364101887
