times:
  edit-metadata: 2.1380423232913017
  landing: 1.3794113025069237
  view-data: 3.3628445379436016
