times:
  edit-metadata: 0.5266967019997537
  landing: 0.05036672903224826
  view-data: 0.32743901014328003
