times:
  edit-metadata: 0.39399880170822144
  landing: 0.04773648455739021
  view-data: 0.18903469294309616
