times:
  edit-metadata: 1.9600254073739052
  landing: 1.6645889319479465
  view-data: 3.3805257752537727
