times:
  edit-metadata: 2.026497995480895
  landing: 1.4574088882654905
  view-data: 1.5446369629353285
