times:
  edit-metadata: 2.5133101250976324
  landing: 2.4386097760871053
  view-data: 2.315518702380359
