times:
  edit-metadata: 0.40324823185801506
  landing: 0.04810277745127678
  view-data: 0.1884445883333683
