times:
  edit-metadata: 2.739072985947132
  landing: 0.2634628675878048
  view-data: 0.761963302269578
