times:
  edit-metadata: 1.85207861661911
  landing: 1.165892105549574
  view-data: 3.4429666586220264
