times:
  edit-metadata: 1.5572385713458061
  landing: 0.17503496631979942
  view-data: 0.6850973013788462
