times:
  edit-metadata: 0.49318050290457904
  landing: 0.04671250400133431
  view-data: 0.3353089620359242
