times:
  edit-metadata: 3.392714951187372
  landing: 1.8014315105974674
  view-data: 3.8751400969922543
