times:
  edit-metadata: 0.529230035841465
  landing: 0.04522714763879776
  view-data: 0.19841839373111725
