times:
  edit-metadata: 2.70890981098637
  landing: 1.7684624632820487
  view-data: 1.481316548306495
