times:
  edit-metadata: 0.5659597408957779
  landing: 0.05367259681224823
  view-data: 0.3295434326864779
