times:
  edit-metadata: 0.5360198058187962
  landing: 0.04790995689108968
  view-data: 0.21650126576423645
