times:
  edit-metadata: 1.4821644742041826
  landing: 0.02505368646234274
  view-data: 0.5437622768804431
