times:
  edit-metadata: 1.9672513157129288
  landing: 1.495135873556137
  view-data: 3.324543073773384
