times:
  edit-metadata: 0.509960729861632
  landing: 0.04676847695372999
  view-data: 0.22787152486853302
