times:
  edit-metadata: 0.5390729061327875
  landing: 0.0649386199656874
  view-data: 0.8588688801974058
