times:
  edit-metadata: 0.6064697459805757
  landing: 0.042193143046461046
  view-data: 0.18494149000616744
