times:
  edit-metadata: 0.6250661489320919
  landing: 0.035662877024151385
  view-data: 0.18973818002268672
