times:
  edit-metadata: 1.9721400924026966
  landing: 1.4303246550261974
  view-data: 3.2763758674263954
