times:
  edit-metadata: 2.3982849763706326
  landing: 1.6526665473356843
  view-data: 1.7009389558807015
