times:
  edit-metadata: 1.932188866659999
  landing: 1.6275899074971676
  view-data: 1.8184418864548206
