times:
  edit-metadata: 4.960003402084112
  landing: 2.392642267048359
  view-data: 4.341794040054083
