times:
  edit-metadata: 0.5492529938928783
  landing: 0.04837534623220563
  view-data: 0.21065561613067985
