times:
  edit-metadata: 1.6139622796326876
  landing: 0.018495673313736916
  view-data: 0.14195322804152966
