times:
  edit-metadata: 1.5952689442783594
  landing: 0.13481358624994755
  view-data: 0.12616522423923016
