times:
  edit-metadata: 1.483262650668621
  landing: 0.1241014376282692
  view-data: 0.5016105230897665
