times:
  edit-metadata: 0.38547977060079575
  landing: 0.047720372676849365
  view-data: 0.1867247112095356
