times:
  edit-metadata: 0.5857215449213982
  landing: 0.047923860140144825
  view-data: 0.34406408481299877
