times:
  edit-metadata: 0.534491193946451
  landing: 0.04128254996612668
  view-data: 0.2136731087230146
