times:
  edit-metadata: 4.018518924713135
  landing: 2.8920943308621645
  view-data: 2.030299508944154
