times:
  edit-metadata: 1.5727977128699422
  landing: 0.21503651794046164
  view-data: 0.12540560215711594
