times:
  edit-metadata: 2.0315748527646065
  landing: 1.2668256312608719
  view-data: 1.359851161018014
