times:
  edit-metadata: 1.831964936107397
  landing: 1.6079175285995007
  view-data: 3.402965869754553
