times:
  edit-metadata: 0.4025678411126137
  landing: 0.0482693687081337
  view-data: 0.18975071981549263
