times:
  edit-metadata: 2.030931681394577
  landing: 0.35345383640378714
  view-data: 0.5990058649331331
