times:
  edit-metadata: 0.4098350256681442
  landing: 0.052502408623695374
  view-data: 0.18535205349326134
