times:
  edit-metadata: 1.5371232945472002
  landing: 0.018752317875623703
  view-data: 0.02540210820734501
