times:
  edit-metadata: 0.6302278199873399
  landing: 0.045744717004708946
  view-data: 0.1971336739952676
