times:
  edit-metadata: 0.6219065700424835
  landing: 0.04024203703738749
  view-data: 0.18399015499744564
