times:
  edit-metadata: 0.5507854432798922
  landing: 0.042820719070732594
  view-data: 0.22162785474210978
