times:
  edit-metadata: 0.5390092520974576
  landing: 0.04922833316959441
  view-data: 0.982432845979929
