times:
  edit-metadata: 0.5559659693390131
  landing: 0.06788174016401172
  view-data: 0.31833359505981207
