times:
  edit-metadata: 2.3614272049162537
  landing: 2.225349858868867
  view-data: 1.5029706980567425
