times:
  edit-metadata: 2.3459539022296667
  landing: 2.0365074537694454
  view-data: 1.424130016937852
