times:
  edit-metadata: 1.951054172590375
  landing: 1.3473991695791483
  view-data: 2.344713445752859
