times:
  edit-metadata: 0.5366200740681961
  landing: 0.047003087936900556
  view-data: 0.8516231480753049
