times:
  edit-metadata: 1.6242747399955988
  landing: 0.12945231050252914
  view-data: 0.6979319434612989
