times:
  edit-metadata: 1.486856633797288
  landing: 0.020942182280123234
  view-data: 0.11906673666089773
