times:
  edit-metadata: 0.4006800502538681
  landing: 0.051992062479257584
  view-data: 0.18613293021917343
