times:
  edit-metadata: 1.4959086198359728
  landing: 0.021161915734410286
  view-data: 0.12131647486239672
