times:
  edit-metadata: 2.280469909310341
  landing: 1.683095321059227
  view-data: 3.357295162975788
