times:
  edit-metadata: 0.6249717629980296
  landing: 0.05515856601414271
  view-data: 0.9883087299822364
