times:
  edit-metadata: 1.9108336083590984
  landing: 1.388023640960455
  view-data: 3.275788374245167
