times:
  edit-metadata: 0.4138457700610161
  landing: 0.04668903723359108
  view-data: 0.18552366644144058
