times:
  edit-metadata: 0.5281730790156871
  landing: 0.05673654400743544
  view-data: 0.3746941399294883
