times:
  edit-metadata: 1.4884078316390514
  landing: 0.19996956177055836
  view-data: 0.7293699756264687
