times:
  edit-metadata: 2.5832891869940795
  landing: 0.1400086479843594
  view-data: 0.9270006850128993
