times:
  edit-metadata: 1.4460162855684757
  landing: 0.024431816302239895
  view-data: 0.5608458621427417
