times:
  edit-metadata: 0.5499310987070203
  landing: 0.042410653084516525
  view-data: 0.21415763394907117
