times:
  edit-metadata: 0.6031475049967412
  landing: 0.05461291499523213
  view-data: 1.0024793259945
