times:
  edit-metadata: 1.7543008271604776
  landing: 0.019400296732783318
  view-data: 0.15909157879650593
