times:
  edit-metadata: 1.6130290944129229
  landing: 0.022339120507240295
  view-data: 0.12934178672730923
