times:
  edit-metadata: 1.5408101081848145
  landing: 0.18667060509324074
  view-data: 0.8948644567281008
