times:
  edit-metadata: 0.5159989860840142
  landing: 0.045438739005476236
  view-data: 0.8515264870366082
