times:
  edit-metadata: 0.6038311320007779
  landing: 0.06225380800606217
  view-data: 1.0784779349924065
