times:
  edit-metadata: 1.497139222919941
  landing: 0.12557388376444578
  view-data: 0.025102158077061176
