times:
  edit-metadata: 0.5006465190090239
  landing: 0.052697218023240566
  view-data: 0.19692691881209612
