times:
  edit-metadata: 2.153393218992278
  landing: 2.133541562128812
  view-data: 1.431897726142779
