times:
  edit-metadata: 0.5389919518493116
  landing: 0.05272641824558377
  view-data: 1.014335370156914
