times:
  edit-metadata: 0.5339926881715655
  landing: 0.046629436779767275
  view-data: 0.8662940710783005
