times:
  edit-metadata: 0.5219488958828151
  landing: 0.04227499617263675
  view-data: 1.240373816108331
