times:
  edit-metadata: 0.5343717141076922
  landing: 0.05438431818038225
  view-data: 1.1262633353471756
