times:
  edit-metadata: 2.516954725026153
  landing: 0.4044233250315301
  view-data: 0.30556001799413934
