times:
  edit-metadata: 2.001131895929575
  landing: 1.4681370574980974
  view-data: 1.4743628688156605
