times:
  edit-metadata: 2.4373172549530864
  landing: 2.138614885043353
  view-data: 1.4990474269725382
