times:
  edit-metadata: 0.5698312446475029
  landing: 0.045958724804222584
  view-data: 0.3386426568031311
