times:
  edit-metadata: 0.6422330770292319
  landing: 0.042256517976056784
  view-data: 0.18552976701175794
