times:
  edit-metadata: 1.8719930313527584
  landing: 1.4822847731411457
  view-data: 3.2532005086541176
