times:
  edit-metadata: 2.0016684643924236
  landing: 1.6583521999418736
  view-data: 3.340034682303667
