times:
  edit-metadata: 0.4097383916378021
  landing: 0.044641461223363876
  view-data: 0.19206362590193748
