times:
  edit-metadata: 1.8161468170583248
  landing: 0.02349110320210457
  view-data: 0.6641417853534222
