times:
  edit-metadata: 0.5002436325885355
  landing: 0.04603596497327089
  view-data: 0.2051616827957332
