times:
  edit-metadata: 0.5597484158352017
  landing: 0.051500420551747084
  view-data: 0.3565162653103471
