times:
  edit-metadata: 0.5011993800289929
  landing: 0.045153744984418154
  view-data: 0.2101253280416131
