times:
  edit-metadata: 3.186902590095997
  landing: 1.7273601740598679
  view-data: 1.9008497428148985
