times:
  edit-metadata: 0.6410686650197022
  landing: 0.04092903295531869
  view-data: 0.18305609503295273
