times:
  edit-metadata: 0.5061047645285726
  landing: 0.04587305150926113
  view-data: 0.33451530896127224
