times:
  edit-metadata: 3.4570670211687684
  landing: 1.638143315911293
  view-data: 1.6452805493026972
