times:
  edit-metadata: 1.5672160144895315
  landing: 0.14875136129558086
  view-data: 0.02334728091955185
