times:
  edit-metadata: 1.9706729836761951
  landing: 1.682276252657175
  view-data: 1.5276918318122625
