times:
  edit-metadata: 0.5787851340137422
  landing: 0.04268421232700348
  view-data: 0.3303522262722254
