times:
  edit-metadata: 0.5790499589638785
  landing: 0.06215309101389721
  view-data: 1.1044939139974304
