times:
  edit-metadata: 1.4562437096610665
  landing: 0.02489445824176073
  view-data: 0.026011680252850056
