times:
  edit-metadata: 1.5349619835615158
  landing: 0.019858699291944504
  view-data: 0.6688168607652187
