times:
  edit-metadata: 3.8642364144325256
  landing: 3.351677441969514
  view-data: 2.3561720084398985
