times:
  edit-metadata: 1.4616233119741082
  landing: 0.022830131463706493
  view-data: 0.12438007723540068
