times:
  edit-metadata: 0.4220326840877533
  landing: 0.0487762987613678
  view-data: 0.19931964576244354
