times:
  edit-metadata: 2.129675133153796
  landing: 1.3571832180023193
  view-data: 1.3732458166778088
