times:
  edit-metadata: 0.6747092679142952
  landing: 0.0490692388266325
  view-data: 0.18648944003507495
