times:
  edit-metadata: 0.48901764675974846
  landing: 0.046729028690606356
  view-data: 0.20965470606461167
