times:
  edit-metadata: 2.11775073595345
  landing: 1.8663763031363487
  view-data: 1.5834773071110249
