times:
  edit-metadata: 2.6520112028811127
  landing: 2.2367056768853217
  view-data: 2.0917195728980005
