times:
  edit-metadata: 2.474383195862174
  landing: 0.32162453792989254
  view-data: 0.2023197039961815
