times:
  edit-metadata: 0.5354817723855376
  landing: 0.036397167947143316
  view-data: 0.2173713082447648
