times:
  edit-metadata: 0.40381696820259094
  landing: 0.10499778762459755
  view-data: 0.43018289282917976
