times:
  edit-metadata: 1.4171987371519208
  landing: 0.2170229572802782
  view-data: 0.524623466655612
