times:
  edit-metadata: 1.8495751284062862
  landing: 1.700131606310606
  view-data: 3.4460012391209602
