times:
  edit-metadata: 2.0747309550642967
  landing: 0.33534059673547745
  view-data: 0.6560487486422062
