times:
  edit-metadata: 2.0054985098540783
  landing: 1.4077297896146774
  view-data: 3.3937944658100605
