times:
  edit-metadata: 2.541151024401188
  landing: 1.77816011197865
  view-data: 1.910821484401822
