times:
  edit-metadata: 1.9395968653261662
  landing: 1.2873508147895336
  view-data: 1.8121689409017563
