times:
  edit-metadata: 2.7573553901165724
  landing: 1.883489313069731
  view-data: 1.580030356068164
