times:
  edit-metadata: 1.5420979466289282
  landing: 0.13739833608269691
  view-data: 0.8403061702847481
