times:
  edit-metadata: 0.5900169941596687
  landing: 0.05003470415249467
  view-data: 0.3370594708248973
