times:
  edit-metadata: 2.5579588830005378
  landing: 2.2881853489670902
  view-data: 1.8454207270406187
