times:
  edit-metadata: 5.0839095041155815
  landing: 3.505700472742319
  view-data: 4.642695918679237
