times:
  edit-metadata: 1.468365796841681
  landing: 0.024121293798089027
  view-data: 0.11838271841406822
