times:
  edit-metadata: 0.534529052907601
  landing: 0.0482414459111169
  view-data: 1.0023087880108505
