times:
  edit-metadata: 0.6311736229690723
  landing: 0.042134688002988696
  view-data: 0.18807584198657423
