times:
  edit-metadata: 1.4640340134501457
  landing: 0.11674324423074722
  view-data: 0.12243946455419064
