times:
  edit-metadata: 0.5583774568513036
  landing: 0.04492155369371176
  view-data: 0.3343847971409559
