times:
  edit-metadata: 1.4649664498865604
  landing: 0.21502076089382172
  view-data: 0.232350948266685
