times:
  edit-metadata: 0.6123576200334355
  landing: 0.04270062199793756
  view-data: 0.19036337302532047
