times:
  edit-metadata: 1.5809054151177406
  landing: 1.2944469302892685
  view-data: 3.485782340168953
