times:
  edit-metadata: 1.517046019434929
  landing: 1.159915566444397
  view-data: 3.453556925058365
