times:
  edit-metadata: 1.518490232527256
  landing: 0.8956423699855804
  view-data: 0.5860562175512314
