times:
  edit-metadata: 1.5191010162234306
  landing: 0.9081364646553993
  view-data: 3.4906792864203453
