times:
  edit-metadata: 1.9932885058224201
  landing: 1.3246742822229862
  view-data: 3.307757418602705
