times:
  edit-metadata: 2.4024337641894817
  landing: 1.3290582075715065
  view-data: 3.306357763707638
