times:
  edit-metadata: 1.41696547716856
  landing: 0.9602066725492477
  view-data: 3.3279321044683456
