times:
  edit-metadata: 1.340669184923172
  landing: 0.9754376709461212
  view-data: 3.4771469309926033
