times:
  edit-metadata: 1.4131006374955177
  landing: 1.0182740464806557
  view-data: 3.4135021194815636
