times:
  edit-metadata: 1.9360117241740227
  landing: 1.4763331040740013
  view-data: 3.305097296833992
