times:
  edit-metadata: 1.9119925945997238
  landing: 1.3588933683931828
  view-data: 3.367332875728607
