times:
  edit-metadata: 1.9133892208337784
  landing: 1.8192353956401348
  view-data: 3.3359330855309963
