times:
  edit-metadata: 1.9358990974724293
  landing: 1.336750466376543
  view-data: 3.3428915925323963
