times:
  edit-metadata: 1.9014599099755287
  landing: 1.6760726571083069
  view-data: 1.2640636414289474
