times:
  edit-metadata: 1.3584583923220634
  landing: 0.9312335625290871
  view-data: 3.4411914199590683
