times:
  edit-metadata: 1.3935456797480583
  landing: 0.9426629319787025
  view-data: 3.5638847649097443
