times:
  edit-metadata: 1.488887868821621
  landing: 0.9516027867794037
  view-data: 3.4744552075862885
