times:
  edit-metadata: 1.534591794013977
  landing: 1.1157270818948746
  view-data: 3.42667980492115
