times:
  edit-metadata: 1.4046505764126778
  landing: 0.955798789858818
  view-data: 3.4801566004753113
