times:
  edit-metadata: 1.4085354208946228
  landing: 0.9228609316051006
  view-data: 3.344504091888666
