times:
  edit-metadata: 1.3427527248859406
  landing: 0.9601537734270096
  view-data: 3.4951852187514305
