times:
  edit-metadata: 1.473750315606594
  landing: 0.9099427983164787
  view-data: 3.4240760281682014
