times:
  edit-metadata: 1.9934092462062836
  landing: 1.3686272539198399
  view-data: 3.3075964488089085
