times:
  edit-metadata: 1.4101365879178047
  landing: 0.883197158575058
  view-data: 3.316462956368923
