times:
  edit-metadata: 2.120003040879965
  landing: 1.3919198215007782
  view-data: 3.3432716466486454
