times:
  edit-metadata: 1.5224484652280807
  landing: 1.0178420469164848
  view-data: 3.490599073469639
