times:
  edit-metadata: 1.3991182148456573
  landing: 1.0628232061862946
  view-data: 3.4465193822979927
