times:
  edit-metadata: 1.444651037454605
  landing: 0.959256187081337
  view-data: 3.2777184322476387
