times:
  edit-metadata: 1.7287305518984795
  landing: 0.9689538180828094
  view-data: 3.5496970415115356
