times:
  edit-metadata: 1.396319679915905
  landing: 1.1125440075993538
  view-data: 3.5059540793299675
