times:
  edit-metadata: 1.3846810832619667
  landing: 1.0246175527572632
  view-data: 3.5270171239972115
