times:
  edit-metadata: 1.7276438549160957
  landing: 1.122689537703991
  view-data: 3.445972003042698
