times:
  edit-metadata: 1.320468433201313
  landing: 0.8355893269181252
  view-data: 3.4714601561427116
