times:
  edit-metadata: 1.5021882057189941
  landing: 0.908622033894062
  view-data: 0.5732508599758148
