times:
  edit-metadata: 1.662561185657978
  landing: 0.9008306786417961
  view-data: 3.349432185292244
