times:
  edit-metadata: 1.484628088772297
  landing: 0.8913982734084129
  view-data: 3.2910820692777634
