times:
  edit-metadata: 1.402604602277279
  landing: 1.0117651373147964
  view-data: 3.43337681889534
