times:
  edit-metadata: 2.096331510692835
  landing: 1.315723828971386
  view-data: 3.3768534883856773
