times:
  edit-metadata: 1.909511886537075
  landing: 1.2770177572965622
  view-data: 3.378036618232727
