times:
  edit-metadata: 1.4372488036751747
  landing: 0.8629097789525986
  view-data: 3.682402513921261
