times:
  edit-metadata: 1.647948332130909
  landing: 1.0528923347592354
  view-data: 3.3250695541501045
