times:
  edit-metadata: 2.005654763430357
  landing: 1.3430344387888908
  view-data: 3.338973715901375
