times:
  edit-metadata: 1.4347928687930107
  landing: 0.9143997356295586
  view-data: 3.4583126232028008
