times:
  edit-metadata: 1.8083116635680199
  landing: 1.1259683296084404
  view-data: 4.105643704533577
