times:
  edit-metadata: 2.0243962220847607
  landing: 1.4409293085336685
  view-data: 3.3444850482046604
