times:
  edit-metadata: 1.9453025348484516
  landing: 1.2588722333312035
  view-data: 3.3457336463034153
