times:
  edit-metadata: 1.8274836093187332
  landing: 1.2059541568160057
  view-data: 3.385620430111885
