times:
  edit-metadata: 1.636181864887476
  landing: 0.960348829627037
  view-data: 3.2987010702490807
