times:
  edit-metadata: 1.4445569925010204
  landing: 0.9798856563866138
  view-data: 3.316070780158043
