times:
  edit-metadata: 2.5388253815472126
  landing: 1.5183526240289211
  view-data: 3.3671567663550377
