times:
  edit-metadata: 1.728234939277172
  landing: 1.128107711672783
  view-data: 3.421974830329418
