times:
  edit-metadata: 1.4560420885682106
  landing: 1.039856605231762
  view-data: 3.503430262207985
