times:
  edit-metadata: 1.4880453869700432
  landing: 1.0206018909811974
  view-data: 3.4952419996261597
