times:
  edit-metadata: 2.368858691304922
  landing: 1.747782401740551
  view-data: 3.689118731766939
