times:
  edit-metadata: 1.4640111178159714
  landing: 1.0268337950110435
  view-data: 3.4752441495656967
