times:
  edit-metadata: 1.3989616110920906
  landing: 0.9154002107679844
  view-data: 3.334722828119993
