times:
  edit-metadata: 1.3444746285676956
  landing: 0.9368652477860451
  view-data: 3.449660114943981
