times:
  edit-metadata: 2.041145108640194
  landing: 1.5335555523633957
  view-data: 3.3258812204003334
