times:
  edit-metadata: 1.5343395471572876
  landing: 1.1193457692861557
  view-data: 3.5363962575793266
