times:
  edit-metadata: 1.9638282731175423
  landing: 1.3424881733953953
  view-data: 3.336413476616144
