times:
  edit-metadata: 1.6144599616527557
  landing: 1.029487244784832
  view-data: 3.3299456238746643
