times:
  edit-metadata: 2.1339262686669827
  landing: 2.197208471596241
  view-data: 3.329255487769842
