times:
  edit-metadata: 1.7162664532661438
  landing: 1.4510769546031952
  view-data: 3.3336120694875717
