times:
  edit-metadata: 1.558850273489952
  landing: 1.1511506587266922
  view-data: 3.4924323186278343
