times:
  edit-metadata: 1.3479649052023888
  landing: 0.8656089305877686
  view-data: 3.4149586260318756
