times:
  edit-metadata: 1.9019826650619507
  landing: 1.6569731198251247
  view-data: 3.2806894555687904
