times:
  edit-metadata: 1.4502050951123238
  landing: 0.856509730219841
  view-data: 3.346424452960491
