times:
  edit-metadata: 1.410144403576851
  landing: 0.9670144468545914
  view-data: 3.451754815876484
