times:
  edit-metadata: 1.9900550730526447
  landing: 1.4241938330233097
  view-data: 3.39335722848773
