times:
  edit-metadata: 1.446174155920744
  landing: 0.8992237411439419
  view-data: 3.339446149766445
