times:
  edit-metadata: 1.4232535138726234
  landing: 0.8818401545286179
  view-data: 3.351597063243389
