times:
  edit-metadata: 1.4637416750192642
  landing: 0.879207082092762
  view-data: 3.36251537501812
