times:
  edit-metadata: 2.277702573686838
  landing: 1.5501510426402092
  view-data: 3.4816853292286396
