times:
  edit-metadata: 1.39178666472435
  landing: 0.9397910460829735
  view-data: 3.307933621108532
