times:
  edit-metadata: 2.393796645104885
  landing: 1.668539121747017
  view-data: 3.676273912191391
