times:
  edit-metadata: 1.4965195208787918
  landing: 0.9631941914558411
  view-data: 3.3135945051908493
