times:
  edit-metadata: 1.4393837042152882
  landing: 0.9010410942137241
  view-data: 3.384645614773035
