times:
  edit-metadata: 1.4414458274841309
  landing: 0.9264412224292755
  view-data: 3.495213694870472
