times:
  edit-metadata: 1.3203787580132484
  landing: 0.8578265234827995
  view-data: 3.4541087821125984
