times:
  edit-metadata: 1.3475425392389297
  landing: 0.9109000861644745
  view-data: 3.4232511669397354
