times:
  edit-metadata: 1.398404709994793
  landing: 0.929331086575985
  view-data: 0.6055774465203285
