times:
  edit-metadata: 1.4741774573922157
  landing: 1.248986229300499
  view-data: 3.440334312617779
