times:
  edit-metadata: 3.022783547639847
  landing: 2.0480768978595734
  view-data: 4.153929777443409
