times:
  edit-metadata: 1.8881183713674545
  landing: 1.4634619317948818
  view-data: 3.295840986073017
