times:
  edit-metadata: 1.4669552147388458
  landing: 0.958256371319294
  view-data: 3.2705450877547264
