times:
  edit-metadata: 1.5717331692576408
  landing: 1.0039524137973785
  view-data: 3.4623797461390495
