times:
  edit-metadata: 1.8834112025797367
  landing: 1.3717258758842945
  view-data: 3.299061890691519
