times:
  edit-metadata: 1.4798678308725357
  landing: 1.0364452376961708
  view-data: 3.469737835228443
