times:
  edit-metadata: 1.4719343185424805
  landing: 0.992287389934063
  view-data: 3.4756259843707085
