times:
  edit-metadata: 1.5845714882016182
  landing: 0.9848693385720253
  view-data: 3.3068954423069954
