times:
  edit-metadata: 1.4241018295288086
  landing: 0.9040529131889343
  view-data: 3.5174021124839783
