times:
  edit-metadata: 1.5055516064167023
  landing: 0.8200919702649117
  view-data: 3.4431385323405266
