times:
  edit-metadata: 1.900244202464819
  landing: 1.3067153058946133
  view-data: 3.3275542855262756
