times:
  edit-metadata: 1.4116974249482155
  landing: 0.8605143129825592
  view-data: 3.3647385612130165
