times:
  edit-metadata: 1.4226041063666344
  landing: 0.8825371749699116
  view-data: 3.298381019383669
