times:
  edit-metadata: 1.607384741306305
  landing: 0.9870743863284588
  view-data: 3.308071807026863
