times:
  edit-metadata: 1.8995817229151726
  landing: 1.3591305948793888
  view-data: 0.9614691995084286
