times:
  edit-metadata: 1.4168297573924065
  landing: 0.9101103022694588
  view-data: 3.2688365429639816
