times:
  edit-metadata: 2.0482384264469147
  landing: 1.3232040330767632
  view-data: 3.476372115314007
