times:
  edit-metadata: 1.4305336102843285
  landing: 0.8813483044505119
  view-data: 0.7101615741848946
