times:
  edit-metadata: 1.4167210906744003
  landing: 0.9447447657585144
  view-data: 3.493627391755581
