times:
  edit-metadata: 1.7414987124502659
  landing: 1.2925703153014183
  view-data: 3.3446923419833183
