times:
  edit-metadata: 1.9974977001547813
  landing: 1.4005264528095722
  view-data: 0.9242986291646957
