times:
  edit-metadata: 1.4820641577243805
  landing: 0.9285523667931557
  view-data: 3.5433863401412964
