times:
  edit-metadata: 1.5852539017796516
  landing: 1.0495221987366676
  view-data: 3.367825426161289
