times:
  edit-metadata: 1.4123832434415817
  landing: 0.912403054535389
  view-data: 3.315657712519169
