times:
  edit-metadata: 1.3734347186982632
  landing: 0.8183727078139782
  view-data: 3.2659708485007286
