times:
  edit-metadata: 1.4668633416295052
  landing: 1.0650607347488403
  view-data: 3.3416056036949158
