times:
  edit-metadata: 1.3753445483744144
  landing: 0.8762131221592426
  view-data: 3.3618413992226124
