times:
  edit-metadata: 1.480532743036747
  landing: 1.010731790214777
  view-data: 3.32486405223608
