times:
  edit-metadata: 1.5743261128664017
  landing: 0.9088836386799812
  view-data: 3.2924657948315144
