times:
  edit-metadata: 1.4986924305558205
  landing: 0.9405779838562012
  view-data: 3.3020923659205437
