times:
  edit-metadata: 1.365802276879549
  landing: 0.8221852034330368
  view-data: 3.2948924340307713
