times:
  edit-metadata: 1.9922757968306541
  landing: 1.3716838844120502
  view-data: 3.3470628075301647
