times:
  edit-metadata: 1.4608036503195763
  landing: 0.938027024269104
  view-data: 3.3947926685214043
