times:
  edit-metadata: 1.4000888764858246
  landing: 0.987908735871315
  view-data: 3.4837444350123405
