times:
  edit-metadata: 1.8259471207857132
  landing: 0.9814365729689598
  view-data: 3.5798310041427612
