times:
  edit-metadata: 1.4587376490235329
  landing: 1.0512084364891052
  view-data: 3.4778800681233406
