times:
  edit-metadata: 1.9383618459105492
  landing: 1.5839921906590462
  view-data: 1.0006066299974918
