times:
  edit-metadata: 1.4589720889925957
  landing: 0.9440972357988358
  view-data: 3.418453924357891
