times:
  edit-metadata: 1.4768577963113785
  landing: 1.2556684389710426
  view-data: 3.2489625699818134
