times:
  edit-metadata: 1.3714103177189827
  landing: 0.9134135618805885
  view-data: 3.436622306704521
