times:
  edit-metadata: 2.5537099726498127
  landing: 1.4567749164998531
  view-data: 3.37942111864686
