times:
  edit-metadata: 2.0487563088536263
  landing: 1.7414335049688816
  view-data: 3.359808523207903
