times:
  edit-metadata: 1.409269966185093
  landing: 0.8529955819249153
  view-data: 3.4619918540120125
