times:
  edit-metadata: 1.4425643235445023
  landing: 0.9202762544155121
  view-data: 3.414080210030079
