times:
  edit-metadata: 2.0151263289153576
  landing: 1.309222899377346
  view-data: 3.4072663076221943
