times:
  edit-metadata: 1.895477369427681
  landing: 1.4223772697150707
  view-data: 1.0366742201149464
