times:
  edit-metadata: 1.3691827170550823
  landing: 0.8488963730633259
  view-data: 3.332941796630621
