times:
  edit-metadata: 1.4465060383081436
  landing: 0.8899899944663048
  view-data: 3.477230064570904
