times:
  edit-metadata: 1.4734562188386917
  landing: 1.52699601277709
  view-data: 3.3315498642623425
