times:
  edit-metadata: 1.4158255234360695
  landing: 0.9311676770448685
  view-data: 3.4549305140972137
