times:
  edit-metadata: 2.000302653759718
  landing: 1.3490203879773617
  view-data: 3.3253106884658337
