times:
  edit-metadata: 2.307742800563574
  landing: 1.5914649777114391
  view-data: 3.445511043071747
