times:
  edit-metadata: 1.9656577222049236
  landing: 1.3730348087847233
  view-data: 3.2575603388249874
