times:
  edit-metadata: 1.4807016104459763
  landing: 1.1779770776629448
  view-data: 3.5304933190345764
