times:
  edit-metadata: 1.3674401566386223
  landing: 0.9462332203984261
  view-data: 3.4547370821237564
