times:
  edit-metadata: 1.4127890318632126
  landing: 0.8615218997001648
  view-data: 3.4973120614886284
