times:
  edit-metadata: 2.0281124636530876
  landing: 1.4744867831468582
  view-data: 3.2649890147149563
