times:
  edit-metadata: 1.3962890729308128
  landing: 0.8936014324426651
  view-data: 3.390812873840332
