times:
  edit-metadata: 1.8874360918998718
  landing: 1.2768977843225002
  view-data: 3.3195470571517944
