times:
  edit-metadata: 1.8576399497687817
  landing: 1.3656547032296658
  view-data: 3.288417875766754
