times:
  edit-metadata: 1.4325447082519531
  landing: 1.258792668581009
  view-data: 3.423315681517124
