times:
  edit-metadata: 1.3706196546554565
  landing: 0.9794214367866516
  view-data: 3.4495819211006165
