times:
  edit-metadata: 1.4975261129438877
  landing: 1.00906178727746
  view-data: 3.278096701949835
