times:
  edit-metadata: 1.3959408327937126
  landing: 0.8696883618831635
  view-data: 3.476862207055092
