times:
  edit-metadata: 1.5784630700945854
  landing: 1.0390530973672867
  view-data: 3.3638073801994324
