times:
  edit-metadata: 1.6030608639121056
  landing: 0.9002010822296143
  view-data: 3.4016874618828297
