times:
  edit-metadata: 1.9052286930382252
  landing: 1.0300134308636189
  view-data: 3.3645940646529198
