times:
  edit-metadata: 1.6612350717186928
  landing: 0.9933130778372288
  view-data: 3.438571136444807
