times:
  edit-metadata: 1.5991543717682362
  landing: 1.0101703740656376
  view-data: 3.3715884052217007
