times:
  edit-metadata: 1.3826844543218613
  landing: 0.7392745241522789
  view-data: 3.410280603915453
