times:
  edit-metadata: 1.6840806044638157
  landing: 1.1768432296812534
  view-data: 3.5549942441284657
