times:
  edit-metadata: 1.472427375614643
  landing: 0.9267886728048325
  view-data: 3.417060162872076
