times:
  edit-metadata: 1.7637231945991516
  landing: 0.9891551844775677
  view-data: 3.2919322103261948
