times:
  edit-metadata: 1.7990388832986355
  landing: 1.0951269790530205
  view-data: 3.305550940334797
