times:
  edit-metadata: 1.5072956271469593
  landing: 1.012590430676937
  view-data: 3.366115730255842
