times:
  edit-metadata: 2.3643750809133053
  landing: 1.404372699558735
  view-data: 3.6294885650277138
