times:
  edit-metadata: 2.418572224676609
  landing: 1.4849302843213081
  view-data: 3.7656597159802914
