times:
  edit-metadata: 3.9165708273649216
  landing: 1.6191709823906422
  view-data: 3.581716813147068
