times:
  edit-metadata: 1.7036098577082157
  landing: 1.1047765128314495
  view-data: 3.3519253358244896
