times:
  edit-metadata: 1.7897040583193302
  landing: 1.0996348150074482
  view-data: 3.3608147613704205
