times:
  edit-metadata: 1.589131511747837
  landing: 0.9079945310950279
  view-data: 3.2909051217138767
