times:
  edit-metadata: 1.5454387292265892
  landing: 0.9923271015286446
  view-data: 3.407220631837845
