times:
  edit-metadata: 1.6619500666856766
  landing: 1.0145747922360897
  view-data: 3.3682451732456684
