times:
  edit-metadata: 1.7633468769490719
  landing: 1.0385307967662811
  view-data: 3.3678949400782585
