times:
  edit-metadata: 1.5540967136621475
  landing: 0.916278176009655
  view-data: 3.932401280850172
