times:
  edit-metadata: 1.5936942473053932
  landing: 0.9012216553092003
  view-data: 3.4059914611279964
