times:
  edit-metadata: 1.5566556341946125
  landing: 0.9814105778932571
  view-data: 3.383745428174734
