times:
  edit-metadata: 1.461900271475315
  landing: 0.851587139070034
  view-data: 3.2940169125795364
