times:
  edit-metadata: 1.4378950484097004
  landing: 0.929861769080162
  view-data: 3.3230564817786217
