times:
  edit-metadata: 1.6040418446063995
  landing: 0.844499509781599
  view-data: 3.381080076098442
