times:
  edit-metadata: 1.6948251314461231
  landing: 1.1780675016343594
  view-data: 3.455227218568325
