times:
  edit-metadata: 1.736025795340538
  landing: 1.0391135029494762
  view-data: 3.3820696137845516
