times:
  edit-metadata: 1.3988160714507103
  landing: 0.8142302259802818
  view-data: 3.3293516412377357
