times:
  edit-metadata: 1.614818997681141
  landing: 1.0253020860254765
  view-data: 3.4260023832321167
