times:
  edit-metadata: 1.6235688887536526
  landing: 0.857923649251461
  view-data: 3.397691074758768
