times:
  edit-metadata: 1.5320170372724533
  landing: 1.0198994614183903
  view-data: 3.4235235527157784
