times:
  edit-metadata: 1.6118151135742664
  landing: 0.9021247923374176
  view-data: 3.322242684662342
