times:
  edit-metadata: 1.4335005320608616
  landing: 0.8840533494949341
  view-data: 3.4468736574053764
