times:
  edit-metadata: 1.8592396974563599
  landing: 1.2784392945468426
  view-data: 3.5534213557839394
