times:
  edit-metadata: 1.5270799323916435
  landing: 0.9430195242166519
  view-data: 3.4122295677661896
