times:
  edit-metadata: 1.6007103137671947
  landing: 0.9809338077902794
  view-data: 3.2971595227718353
