times:
  edit-metadata: 1.4851519837975502
  landing: 0.9045767411589622
  view-data: 3.2948994114995003
