times:
  edit-metadata: 1.4661671444773674
  landing: 0.7820505648851395
  view-data: 3.3689979165792465
