times:
  edit-metadata: 1.6735414005815983
  landing: 0.9034711979329586
  view-data: 3.435683488845825
