times:
  edit-metadata: 1.6569670662283897
  landing: 0.9840535782277584
  view-data: 3.34677417203784
