times:
  edit-metadata: 1.8557831272482872
  landing: 1.008571483194828
  view-data: 3.3748659901320934
