times:
  edit-metadata: 1.6729998365044594
  landing: 1.1272088326513767
  view-data: 3.3679812401533127
