times:
  edit-metadata: 1.6644923947751522
  landing: 0.9950233921408653
  view-data: 3.3696215637028217
