times:
  edit-metadata: 1.536226063966751
  landing: 0.9543567486107349
  view-data: 3.362744890153408
