times:
  edit-metadata: 1.5621676407754421
  landing: 1.0938402265310287
  view-data: 3.306486703455448
