times:
  edit-metadata: 2.1319576241075993
  landing: 1.2127734012901783
  view-data: 3.417585927993059
