times:
  edit-metadata: 1.4158325009047985
  landing: 0.9563207030296326
  view-data: 3.2750352658331394
