times:
  edit-metadata: 1.7168403714895248
  landing: 1.019921861588955
  view-data: 3.3316531740128994
