times:
  edit-metadata: 2.368476789444685
  landing: 1.2524965219199657
  view-data: 3.40628245472908
