times:
  edit-metadata: 1.7928901948034763
  landing: 1.029684852808714
  view-data: 3.3351208567619324
