times:
  edit-metadata: 1.4328888393938541
  landing: 0.9787271395325661
  view-data: 3.3686337396502495
