times:
  edit-metadata: 1.5527039021253586
  landing: 0.9305648542940617
  view-data: 3.3285824693739414
