times:
  edit-metadata: 1.610012199729681
  landing: 4.496829051524401
  view-data: 3.3598106391727924
