times:
  edit-metadata: 1.593587301671505
  landing: 1.0283905752003193
  view-data: 3.3418825045228004
