times:
  edit-metadata: 1.3970366902649403
  landing: 0.8021058365702629
  view-data: 3.3066705986857414
