times:
  edit-metadata: 1.4338012225925922
  landing: 0.9569725953042507
  view-data: 3.3439267054200172
