times:
  edit-metadata: 1.511174026876688
  landing: 0.9347666651010513
  view-data: 3.324308168143034
