times:
  edit-metadata: 1.8207927495241165
  landing: 1.1396422199904919
  view-data: 3.4966104179620743
