times:
  edit-metadata: 1.6627744920551777
  landing: 3.5101969242095947
  view-data: 3.425327029079199
