times:
  edit-metadata: 1.4706781841814518
  landing: 0.7968898415565491
  view-data: 3.2738691829144955
