times:
  edit-metadata: 2.161720123142004
  landing: 1.4856391958892345
  view-data: 3.5450129695236683
