times:
  edit-metadata: 1.981905486434698
  landing: 1.4213251993060112
  view-data: 3.423303008079529
