times:
  edit-metadata: 1.6913643404841423
  landing: 1.1122551821172237
  view-data: 3.5214370638132095
