times:
  edit-metadata: 1.5190553739666939
  landing: 0.9409358762204647
  view-data: 3.316537134349346
