times:
  edit-metadata: 1.6099814400076866
  landing: 0.848792988806963
  view-data: 3.3552035577595234
