times:
  edit-metadata: 1.91786665096879
  landing: 1.3674007691442966
  view-data: 3.4841268360614777
