times:
  edit-metadata: 1.4017843678593636
  landing: 0.8424150943756104
  view-data: 3.2663842886686325
