times:
  edit-metadata: 1.380964256823063
  landing: 0.9093066826462746
  view-data: 0.7463161423802376
