times:
  edit-metadata: 1.3970972374081612
  landing: 0.916022390127182
  view-data: 0.6446742862462997
