times:
  edit-metadata: 1.4267112612724304
  landing: 0.8648517355322838
  view-data: 3.476914867758751
