times:
  edit-metadata: 1.417047068476677
  landing: 1.0069880113005638
  view-data: 3.4620756655931473
