times:
  edit-metadata: 1.5004764050245285
  landing: 1.0414113774895668
  view-data: 3.4618713408708572
