times:
  edit-metadata: 1.3621173650026321
  landing: 0.9398956969380379
  view-data: 0.783494308590889
