times:
  edit-metadata: 1.36278635263443
  landing: 0.9425101056694984
  view-data: 3.3286035135388374
