times:
  edit-metadata: 1.4747842624783516
  landing: 1.1731953024864197
  view-data: 0.7504418790340424
