times:
  edit-metadata: 1.553433746099472
  landing: 0.8464708104729652
  view-data: 3.329515188932419
