times:
  edit-metadata: 1.3683607876300812
  landing: 1.2920010685920715
  view-data: 3.4946256056427956
