times:
  edit-metadata: 1.3842094466090202
  landing: 1.0083464905619621
  view-data: 3.4525556042790413
