times:
  edit-metadata: 1.4894279539585114
  landing: 0.9353496059775352
  view-data: 3.4548146948218346
