times:
  edit-metadata: 1.4466090723872185
  landing: 0.8942329734563828
  view-data: 0.6114466339349747
