times:
  edit-metadata: 1.358661912381649
  landing: 0.953053206205368
  view-data: 0.7304537147283554
