times:
  edit-metadata: 1.504749946296215
  landing: 1.0339780896902084
  view-data: 0.960692934691906
