times:
  edit-metadata: 1.5392954051494598
  landing: 1.0617641881108284
  view-data: 3.324001930654049
