times:
  edit-metadata: 1.5110687091946602
  landing: 0.835458368062973
  view-data: 3.3106910288333893
