times:
  edit-metadata: 1.5104342848062515
  landing: 1.0412755608558655
  view-data: 3.482096493244171
