times:
  edit-metadata: 1.4642755389213562
  landing: 0.8896677121520042
  view-data: 0.7086398229002953
