times:
  edit-metadata: 1.606137827038765
  landing: 0.9914303123950958
  view-data: 3.396320626139641
