times:
  edit-metadata: 1.8221308141946793
  landing: 0.9616787359118462
  view-data: 0.76699498295784
