times:
  edit-metadata: 1.4589405953884125
  landing: 1.0584291145205498
  view-data: 3.521425522863865
