times:
  edit-metadata: 1.3803525269031525
  landing: 0.9209023416042328
  view-data: 0.7359958663582802
