times:
  edit-metadata: 1.5150538384914398
  landing: 1.1359354853630066
  view-data: 0.9198930040001869
