times:
  edit-metadata: 2.4973174035549164
  landing: 1.504519097507
  view-data: 3.6241829469799995
