times:
  edit-metadata: 1.5275043919682503
  landing: 1.0334519073367119
  view-data: 3.355360820889473
