times:
  edit-metadata: 1.497804544866085
  landing: 1.0551683381199837
  view-data: 3.356622874736786
