times:
  edit-metadata: 1.3305179998278618
  landing: 0.8761227577924728
  view-data: 3.4790979102253914
