times:
  edit-metadata: 1.3589446172118187
  landing: 0.9310864061117172
  view-data: 3.3857936784625053
