times:
  edit-metadata: 1.5163945406675339
  landing: 1.1336420625448227
  view-data: 3.521688036620617
