times:
  edit-metadata: 1.4506829157471657
  landing: 1.0386982336640358
  view-data: 0.7546646073460579
