times:
  edit-metadata: 1.994030386209488
  landing: 1.391234926879406
  view-data: 3.392880044877529
