times:
  edit-metadata: 1.5305485874414444
  landing: 0.896749697625637
  view-data: 3.4819874316453934
