times:
  edit-metadata: 1.830267108976841
  landing: 1.2057316601276398
  view-data: 3.379413105547428
