times:
  edit-metadata: 1.408112920820713
  landing: 0.9098511040210724
  view-data: 3.4266860336065292
