times:
  edit-metadata: 1.5028845146298409
  landing: 0.9947344958782196
  view-data: 3.4108284264802933
