times:
  edit-metadata: 1.5926491394639015
  landing: 1.1200598254799843
  view-data: 0.9000865072011948
