times:
  edit-metadata: 1.3939300701022148
  landing: 0.9055083841085434
  view-data: 3.3786652386188507
