times:
  edit-metadata: 1.3664740771055222
  landing: 1.0371566787362099
  view-data: 0.7052058279514313
