times:
  edit-metadata: 1.4751033186912537
  landing: 0.8772727102041245
  view-data: 0.7725759521126747
