times:
  edit-metadata: 1.426948107779026
  landing: 1.0189630761742592
  view-data: 3.5387725830078125
