times:
  edit-metadata: 1.7347186282277107
  landing: 1.0330622270703316
  view-data: 0.8383185043931007
