times:
  edit-metadata: 1.445551685988903
  landing: 0.8712209984660149
  view-data: 0.7541652396321297
