times:
  edit-metadata: 1.4210987836122513
  landing: 0.9191732555627823
  view-data: 3.292417347431183
