times:
  edit-metadata: 1.419563189148903
  landing: 0.9374011605978012
  view-data: 1.1749992296099663
