times:
  edit-metadata: 1.4529476165771484
  landing: 0.9441835358738899
  view-data: 3.481085777282715
