times:
  edit-metadata: 2.3827754110097885
  landing: 1.2713276892900467
  view-data: 3.6813706904649734
