times:
  edit-metadata: 1.5134983360767365
  landing: 0.9675487130880356
  view-data: 3.4287066757678986
