times:
  edit-metadata: 1.3557954505085945
  landing: 1.0343775674700737
  view-data: 0.5929508358240128
