times:
  edit-metadata: 1.3688468262553215
  landing: 0.888822466135025
  view-data: 0.754330076277256
