times:
  edit-metadata: 1.4086753204464912
  landing: 1.0769528523087502
  view-data: 0.811368465423584
