times:
  edit-metadata: 1.396780587732792
  landing: 1.0481738522648811
  view-data: 3.498095527291298
