times:
  edit-metadata: 1.8621428906917572
  landing: 1.0428382381796837
  view-data: 3.419091895222664
