times:
  edit-metadata: 1.383039928972721
  landing: 0.9843229129910469
  view-data: 0.6569160670042038
