times:
  edit-metadata: 1.3838294595479965
  landing: 0.9401939809322357
  view-data: 0.7106385231018066
