times:
  edit-metadata: 2.3144954815506935
  landing: 1.4402043595910072
  view-data: 3.386823706328869
