times:
  edit-metadata: 1.3789620697498322
  landing: 0.9824406579136848
  view-data: 3.524756446480751
