times:
  edit-metadata: 1.6348987221717834
  landing: 1.1712993457913399
  view-data: 3.564569093286991
