times:
  edit-metadata: 1.4328497648239136
  landing: 0.9961245208978653
  view-data: 0.7948666736483574
