times:
  edit-metadata: 1.4155411645770073
  landing: 1.0900456756353378
  view-data: 3.531647376716137
