times:
  edit-metadata: 1.4376427978277206
  landing: 0.9797807186841965
  view-data: 3.514664813876152
