times:
  edit-metadata: 1.5129518583416939
  landing: 0.8819500580430031
  view-data: 0.7776653617620468
