times:
  edit-metadata: 1.478960782289505
  landing: 0.9539665579795837
  view-data: 0.7724689692258835
