times:
  edit-metadata: 1.5252861678600311
  landing: 0.9499752521514893
  view-data: 3.5195510536432266
