times:
  edit-metadata: 1.404621735215187
  landing: 0.8630122467875481
  view-data: 3.4535891339182854
