times:
  edit-metadata: 1.3863221779465675
  landing: 0.9553877785801888
  view-data: 3.369270719587803
