times:
  edit-metadata: 1.435605138540268
  landing: 0.9430391192436218
  view-data: 0.7035618126392365
