times:
  edit-metadata: 1.4990584179759026
  landing: 0.9639014527201653
  view-data: 3.5544131994247437
