times:
  edit-metadata: 1.7282564118504524
  landing: 0.8722481727600098
  view-data: 3.366571955382824
