times:
  edit-metadata: 1.5126146599650383
  landing: 0.9931110590696335
  view-data: 3.490591861307621
