times:
  edit-metadata: 1.4942980408668518
  landing: 1.0119423568248749
  view-data: 3.3760640993714333
