times:
  edit-metadata: 1.5116311758756638
  landing: 0.9534674435853958
  view-data: 3.4421240463852882
