times:
  edit-metadata: 1.4089061319828033
  landing: 1.1131568998098373
  view-data: 3.475258581340313
