times:
  edit-metadata: 1.3902200162410736
  landing: 1.0580894276499748
  view-data: 3.5231771543622017
