times:
  edit-metadata: 1.8377080410718918
  landing: 1.249196320772171
  view-data: 3.5182157531380653
