times:
  edit-metadata: 1.8053684830665588
  landing: 1.177894964814186
  view-data: 3.7244113236665726
