times:
  edit-metadata: 1.3653671890497208
  landing: 0.9413610696792603
  view-data: 3.393233247101307
