times:
  edit-metadata: 1.640510231256485
  landing: 0.8993997424840927
  view-data: 3.3157174810767174
