times:
  edit-metadata: 1.3732560724020004
  landing: 1.166177749633789
  view-data: 3.3414371460676193
