times:
  edit-metadata: 1.326418623328209
  landing: 0.9341378957033157
  view-data: 3.3991643711924553
