times:
  edit-metadata: 1.4277419671416283
  landing: 0.9762393981218338
  view-data: 3.441184774041176
