times:
  edit-metadata: 1.362817794084549
  landing: 0.9587382450699806
  view-data: 3.58441299200058
