times:
  edit-metadata: 1.3904143124818802
  landing: 0.8527917265892029
  view-data: 0.7474726513028145
