times:
  edit-metadata: 1.3910816237330437
  landing: 0.8960924968123436
  view-data: 3.288485288619995
