times:
  edit-metadata: 1.4673410803079605
  landing: 0.9960839673876762
  view-data: 0.6420569121837616
