times:
  edit-metadata: 1.4109495431184769
  landing: 1.0266562104225159
  view-data: 0.7152899950742722
