times:
  edit-metadata: 1.4349149763584137
  landing: 1.177983082830906
  view-data: 0.7454336360096931
