times:
  edit-metadata: 1.8607248291373253
  landing: 1.1441437602043152
  view-data: 3.2963827028870583
