times:
  edit-metadata: 1.5946804583072662
  landing: 1.016171619296074
  view-data: 3.360643394291401
