times:
  edit-metadata: 1.5186700746417046
  landing: 0.900917649269104
  view-data: 0.6710610091686249
