times:
  edit-metadata: 1.6881038621068
  landing: 1.0377587154507637
  view-data: 0.822151742875576
