times:
  edit-metadata: 1.4359642341732979
  landing: 0.9592996165156364
  view-data: 3.2810604572296143
