times:
  edit-metadata: 2.766282044351101
  landing: 1.6391016021370888
  view-data: 3.7699464187026024
