times:
  edit-metadata: 1.4235226958990097
  landing: 1.09578937292099
  view-data: 3.4666390419006348
