times:
  edit-metadata: 1.4275930002331734
  landing: 0.9484263435006142
  view-data: 3.4694712460041046
