times:
  edit-metadata: 1.6072176024317741
  landing: 0.897709846496582
  view-data: 3.330070622265339
