times:
  edit-metadata: 1.3752870559692383
  landing: 0.9615650847554207
  view-data: 0.8759186640381813
