times:
  edit-metadata: 1.712543785572052
  landing: 1.3076859563589096
  view-data: 3.5311894342303276
