times:
  landing: 0.5557811109999875
  view-data: 0.04921828999999889
