times:
  landing: 0.5585766099999887
  view-data: 0.5583505070000001
