times:
  landing: 0.5574666849999517
  view-data: 0.5580678809999995
