times:
  landing: 0.559552554999982
  view-data: 0.07819352699999627
