times:
  landing: 0.5467170900000156
  view-data: 0.5500331929999902
