times:
  landing: 0.548197000000016
  view-data: 0.04547081200001912
