times:
  landing: 1.0837679239999716
  view-data: 0.5577978929999858
