times:
  landing: 0.5507707149999987
  view-data: 0.04999412899996969
