times:
  landing: 1.0905504350000115
  view-data: 0.5624354089999883
