times:
  landing: 1.0993478590000336
  view-data: 0.5532304249999811
