times:
  landing: 0.5487785040000404
  view-data: 0.5539116639999975
