times:
  landing: 0.5498846439999738
  view-data: 0.5585539699999913
