times:
  landing: 0.5477805320000471
  view-data: 0.5485183270000107
