times:
  landing: 0.5506119960000433
  view-data: 0.5598989310000206
