times:
  landing: 0.5545222540000054
  view-data: 0.05172550399998954
