times:
  landing: 0.5745605149999733
  view-data: 0.049187910000000556
