times:
  landing: 0.5525869150000062
  view-data: 0.0631421790000104
