times:
  edit-metadata: 1.336264356970787
  landing: 0.7313392013311386
  view-data: 3.28996367380023
