times:
  edit-metadata: 2.065067585557699
  landing: 0.9169407188892365
  view-data: 3.290764920413494
