times:
  edit-metadata: 1.5421928018331528
  landing: 0.8218681178987026
  view-data: 3.291596196591854
