times:
  edit-metadata: 1.574932523071766
  landing: 0.7904731631278992
  view-data: 3.3186142668128014
