times:
  edit-metadata: 1.5645965114235878
  landing: 0.7490028366446495
  view-data: 3.312916375696659
