times:
  edit-metadata: 1.4892938062548637
  landing: 0.7683860138058662
  view-data: 3.5656897872686386
