times:
  edit-metadata: 1.507127434015274
  landing: 0.7402781099081039
  view-data: 3.491277515888214
