times:
  edit-metadata: 1.4754225686192513
  landing: 0.7350233271718025
  view-data: 3.4933905452489853
