times:
  edit-metadata: 1.6863441616296768
  landing: 1.046840712428093
  view-data: 3.31329508125782
