times:
  edit-metadata: 1.352258250117302
  landing: 0.8104230165481567
  view-data: 3.3042950592935085
