times:
  edit-metadata: 1.4402897581458092
  landing: 0.77804034948349
  view-data: 3.4407701268792152
