times:
  edit-metadata: 1.4910256639122963
  landing: 0.7439030334353447
  view-data: 3.4345051050186157
