times:
  edit-metadata: 1.4196061119437218
  landing: 0.7658410370349884
  view-data: 3.3312993720173836
