times:
  edit-metadata: 1.648644793778658
  landing: 0.8846060559153557
  view-data: 3.2846581004559994
