times:
  edit-metadata: 2.025178946554661
  landing: 0.9254959970712662
  view-data: 3.5741590186953545
