times:
  edit-metadata: 1.4669460505247116
  landing: 0.6727019771933556
  view-data: 3.4778074249625206
