times:
  edit-metadata: 1.4529967978596687
  landing: 0.7795052900910378
  view-data: 3.3515809699892998
