times:
  edit-metadata: 1.431122086942196
  landing: 0.8062461130321026
  view-data: 3.316507961601019
