times:
  edit-metadata: 1.4764061346650124
  landing: 0.8592065796256065
  view-data: 3.3106303215026855
