times:
  edit-metadata: 1.4939589723944664
  landing: 0.7659428045153618
  view-data: 3.5749337673187256
