times:
  edit-metadata: 1.420936033129692
  landing: 0.7850483618676662
  view-data: 3.2780135683715343
