times:
  edit-metadata: 1.4268449358642101
  landing: 0.7598635256290436
  view-data: 3.321271985769272
