times:
  edit-metadata: 2.637085996568203
  landing: 1.414067529141903
  view-data: 3.571612909436226
