times:
  edit-metadata: 1.5471060052514076
  landing: 0.7867078259587288
  view-data: 3.391449421644211
