times:
  edit-metadata: 1.4192422032356262
  landing: 0.7300263568758965
  view-data: 3.531267173588276
