times:
  edit-metadata: 1.4582733511924744
  landing: 0.784472368657589
  view-data: 3.4970167204737663
