times:
  edit-metadata: 1.7161856517195702
  landing: 0.8579421937465668
  view-data: 3.316963776946068
