times:
  edit-metadata: 1.409848503768444
  landing: 0.8015975505113602
  view-data: 3.309499107301235
