times:
  edit-metadata: 1.422103837132454
  landing: 0.742788091301918
  view-data: 3.2896031215786934
