times:
  edit-metadata: 1.5422039404511452
  landing: 0.690629854798317
  view-data: 3.3549849614501
