times:
  edit-metadata: 1.5301170647144318
  landing: 0.7202942669391632
  view-data: 3.4363079965114594
