times:
  edit-metadata: 2.124465398490429
  landing: 1.1942759230732918
  view-data: 3.8713428527116776
