times:
  edit-metadata: 1.433981478214264
  landing: 0.7461978793144226
  view-data: 3.435088038444519
