times:
  edit-metadata: 1.4618805721402168
  landing: 0.652211144566536
  view-data: 3.5072234496474266
