times:
  edit-metadata: 1.5176232606172562
  landing: 0.7766398265957832
  view-data: 3.4786864891648293
