times:
  edit-metadata: 1.5043028071522713
  landing: 0.7629149593412876
  view-data: 3.323640014976263
