times:
  edit-metadata: 1.432666964828968
  landing: 0.7900492623448372
  view-data: 3.4576156064867973
