times:
  edit-metadata: 1.898867428302765
  landing: 1.0370293818414211
  view-data: 3.3403653874993324
