times:
  edit-metadata: 1.489462472498417
  landing: 0.7822311446070671
  view-data: 3.4726380556821823
