times:
  edit-metadata: 1.509037233889103
  landing: 0.7213846668601036
  view-data: 3.3565502613782883
