times:
  edit-metadata: 1.4185665845870972
  landing: 0.9049693942070007
  view-data: 3.5672977343201637
