times:
  edit-metadata: 1.4538223817944527
  landing: 0.7400512844324112
  view-data: 3.2907858043909073
