times:
  edit-metadata: 1.4457492008805275
  landing: 0.7222474217414856
  view-data: 3.6793872267007828
