times:
  edit-metadata: 1.3842881694436073
  landing: 0.7686287984251976
  view-data: 3.378576084971428
