times:
  edit-metadata: 1.452327400445938
  landing: 0.7620143443346024
  view-data: 3.4817540645599365
