times:
  edit-metadata: 1.4245689734816551
  landing: 0.7704557478427887
  view-data: 3.4297830760478973
