times:
  edit-metadata: 2.2480293810367584
  landing: 1.3056377582252026
  view-data: 3.401048853993416
