times:
  edit-metadata: 1.5127331763505936
  landing: 0.7885267212986946
  view-data: 3.328836277127266
