times:
  edit-metadata: 1.3760853558778763
  landing: 0.8371794670820236
  view-data: 3.316716395318508
