times:
  edit-metadata: 2.093436013907194
  landing: 1.1463155671954155
  view-data: 3.4076623767614365
