times:
  edit-metadata: 1.503992348909378
  landing: 0.9972606226801872
  view-data: 3.5835107266902924
