times:
  edit-metadata: 1.4519518688321114
  landing: 0.7170543670654297
  view-data: 3.434041880071163
