times:
  edit-metadata: 1.48176871240139
  landing: 0.7367841899394989
  view-data: 3.445414274930954
