times:
  edit-metadata: 1.3929419070482254
  landing: 0.7032293006777763
  view-data: 3.5111340433359146
