times:
  edit-metadata: 1.5397884845733643
  landing: 0.9212432540953159
  view-data: 3.3036500960588455
