times:
  edit-metadata: 1.5238170623779297
  landing: 0.746350035071373
  view-data: 3.3462278470396996
