times:
  edit-metadata: 1.574485905468464
  landing: 0.7860892452299595
  view-data: 3.403817553073168
