times:
  edit-metadata: 1.4524993300437927
  landing: 0.8485797271132469
  view-data: 3.2942374534904957
