times:
  edit-metadata: 2.105605274438858
  landing: 1.1019240394234657
  view-data: 3.3836093321442604
