times:
  edit-metadata: 1.465001441538334
  landing: 0.7385472282767296
  view-data: 3.469131901860237
