times:
  edit-metadata: 1.50060311332345
  landing: 0.8430623933672905
  view-data: 3.339386112987995
