times:
  edit-metadata: 1.4396596476435661
  landing: 0.7805515080690384
  view-data: 3.5245690122246742
