times:
  edit-metadata: 1.5831949040293694
  landing: 0.8004662096500397
  view-data: 3.4633904546499252
