times:
  edit-metadata: 1.5672622844576836
  landing: 1.0177018642425537
  view-data: 3.335910841822624
