times:
  edit-metadata: 1.4698247238993645
  landing: 0.7818133607506752
  view-data: 3.447745271027088
