times:
  edit-metadata: 1.4482610411942005
  landing: 0.8856622502207756
  view-data: 3.4181797839701176
