times:
  edit-metadata: 1.4275552108883858
  landing: 0.7515346184372902
  view-data: 3.340578556060791
