times:
  edit-metadata: 1.475264698266983
  landing: 0.71095871925354
  view-data: 3.367756672203541
