times:
  edit-metadata: 1.5005665719509125
  landing: 0.7541273757815361
  view-data: 3.318099409341812
