times:
  edit-metadata: 1.4353054463863373
  landing: 0.7310889512300491
  view-data: 3.3490805998444557
