times:
  edit-metadata: 1.4895069003105164
  landing: 0.8135001435875893
  view-data: 3.394626919180155
