times:
  edit-metadata: 1.3588416874408722
  landing: 0.7212207689881325
  view-data: 3.4563058763742447
