times:
  edit-metadata: 1.4035139307379723
  landing: 0.8191637173295021
  view-data: 3.3268080055713654
