times:
  edit-metadata: 1.5965333878993988
  landing: 0.9188511520624161
  view-data: 3.3466021046042442
