times:
  edit-metadata: 1.4462565258145332
  landing: 1.0036601051688194
  view-data: 3.4048072174191475
