times:
  edit-metadata: 1.4058553725481033
  landing: 0.6988453716039658
  view-data: 3.56254380941391
