times:
  edit-metadata: 1.4482898563146591
  landing: 0.7336721494793892
  view-data: 3.3939638026058674
