times:
  edit-metadata: 1.6184184476733208
  landing: 0.758726216852665
  view-data: 3.321233130991459
