times:
  edit-metadata: 1.467994824051857
  landing: 0.764340303838253
  view-data: 3.3352837786078453
