times:
  edit-metadata: 1.4709681794047356
  landing: 0.7369919046759605
  view-data: 3.474050886929035
