times:
  edit-metadata: 3.393999807536602
  landing: 1.9226938113570213
  view-data: 3.662568226456642
