times:
  edit-metadata: 1.5557939037680626
  landing: 0.6835487857460976
  view-data: 3.394052367657423
