times:
  edit-metadata: 1.4207558520138264
  landing: 0.7017539627850056
  view-data: 3.2875006049871445
