times:
  edit-metadata: 1.3717752024531364
  landing: 0.7442964389920235
  view-data: 3.3344221264123917
