times:
  edit-metadata: 1.5750937275588512
  landing: 0.8638698756694794
  view-data: 3.299906402826309
