times:
  edit-metadata: 1.379216056317091
  landing: 0.8998228088021278
  view-data: 3.3165131099522114
