times:
  edit-metadata: 1.5474583692848682
  landing: 0.7738287076354027
  view-data: 3.3405726738274097
