times:
  edit-metadata: 1.4814867191016674
  landing: 0.9009842127561569
  view-data: 0.5992643758654594
