times:
  edit-metadata: 1.4163872227072716
  landing: 0.7878008559346199
  view-data: 3.330919537693262
