times:
  edit-metadata: 1.4170871526002884
  landing: 0.7871281653642654
  view-data: 3.321360718458891
