times:
  edit-metadata: 1.4250604249536991
  landing: 0.7272751405835152
  view-data: 3.336691703647375
