times:
  edit-metadata: 1.5455453433096409
  landing: 0.7644470520317554
  view-data: 3.3007173277437687
