times:
  edit-metadata: 1.4276125207543373
  landing: 0.7563841417431831
  view-data: 3.3134061098098755
