times:
  edit-metadata: 1.4695984795689583
  landing: 0.7308698371052742
  view-data: 3.376893810927868
