times:
  edit-metadata: 1.2322492897510529
  landing: 0.8571093827486038
  view-data: 3.5630007162690163
