times:
  edit-metadata: 1.4138510897755623
  landing: 0.7152925804257393
  view-data: 3.4526683762669563
