times:
  edit-metadata: 1.4709787145256996
  landing: 0.8161491677165031
  view-data: 3.3424668945372105
