times:
  edit-metadata: 1.5879878252744675
  landing: 0.7915810123085976
  view-data: 3.531441740691662
