times:
  edit-metadata: 1.3992791697382927
  landing: 0.7850672155618668
  view-data: 3.3939529061317444
