times:
  edit-metadata: 1.4922670908272266
  landing: 0.784161239862442
  view-data: 3.3373541831970215
