times:
  edit-metadata: 1.5133699923753738
  landing: 0.7402945980429649
  view-data: 3.501415953040123
