times:
  edit-metadata: 1.5011560395359993
  landing: 0.7279940620064735
  view-data: 3.442354902625084
