times:
  edit-metadata: 1.4284341484308243
  landing: 0.7034007608890533
  view-data: 3.424887031316757
