times:
  edit-metadata: 1.4059762582182884
  landing: 0.7207597680389881
  view-data: 3.3696501217782497
