times:
  edit-metadata: 1.4244205728173256
  landing: 0.7335327714681625
  view-data: 3.344844028353691
