times:
  edit-metadata: 1.4237704500555992
  landing: 0.8423996530473232
  view-data: 3.371954556554556
