times:
  edit-metadata: 1.6929613128304482
  landing: 0.9414313845336437
  view-data: 3.367288399487734
