times:
  edit-metadata: 1.5294156298041344
  landing: 0.8210669234395027
  view-data: 3.419261671602726
