times:
  edit-metadata: 1.537999376654625
  landing: 0.9287766963243484
  view-data: 3.6068188548088074
