times:
  edit-metadata: 1.5286575481295586
  landing: 0.8064994290471077
  view-data: 3.3812280893325806
