times:
  edit-metadata: 1.4204059019684792
  landing: 0.7487431839108467
  view-data: 3.4225774854421616
