times:
  edit-metadata: 1.5154118686914444
  landing: 0.7041544914245605
  view-data: 3.5625736862421036
