times:
  edit-metadata: 1.5311307534575462
  landing: 0.829349085688591
  view-data: 3.4731038734316826
