times:
  edit-metadata: 1.4209025129675865
  landing: 0.7940779738128185
  view-data: 3.3064485378563404
