times:
  edit-metadata: 1.4456054121255875
  landing: 0.7423681989312172
  view-data: 3.3965540379285812
