times:
  edit-metadata: 1.4233283139765263
  landing: 0.7379091717302799
  view-data: 3.291179046034813
