times:
  edit-metadata: 1.3508267849683762
  landing: 0.7929733246564865
  view-data: 3.3038196712732315
