times:
  edit-metadata: 1.4425489753484726
  landing: 0.8011099696159363
  view-data: 3.4050215892493725
