times:
  edit-metadata: 1.536757953464985
  landing: 0.8365154936909676
  view-data: 3.377170279622078
