times:
  edit-metadata: 1.42149468511343
  landing: 0.7273100391030312
  view-data: 3.3762103244662285
