times:
  edit-metadata: 1.4753823280334473
  landing: 0.690062552690506
  view-data: 3.4320078641176224
