times:
  edit-metadata: 1.4389622882008553
  landing: 0.7701524496078491
  view-data: 3.4314290285110474
