times:
  edit-metadata: 1.697091344743967
  landing: 0.9965715073049068
  view-data: 3.2726891860365868
