times:
  edit-metadata: 2.26743720844388
  landing: 1.0213489830493927
  view-data: 3.363780464977026
