times:
  edit-metadata: 1.5552847348153591
  landing: 0.8024209253489971
  view-data: 3.3056128174066544
