times:
  edit-metadata: 1.486693311482668
  landing: 0.8354233875870705
  view-data: 3.3794373273849487
