times:
  edit-metadata: 1.401668008416891
  landing: 0.798617772758007
  view-data: 3.3000692315399647
