times:
  edit-metadata: 2.4470400884747505
  landing: 1.28131353110075
  view-data: 3.399534083902836
