times:
  edit-metadata: 1.533853955566883
  landing: 0.834451749920845
  view-data: 3.364126730710268
