times:
  edit-metadata: 1.520692490041256
  landing: 0.7605506032705307
  view-data: 3.542677141726017
