times:
  edit-metadata: 1.4495400935411453
  landing: 0.785147100687027
  view-data: 3.337609976530075
