times:
  edit-metadata: 1.5787320509552956
  landing: 0.7184641137719154
  view-data: 3.3635499589145184
