times:
  edit-metadata: 1.4820697531104088
  landing: 0.8185965195298195
  view-data: 3.3738248124718666
