times:
  edit-metadata: 1.424647517502308
  landing: 0.7207828238606453
  view-data: 3.29273471981287
