times:
  edit-metadata: 1.475228738039732
  landing: 0.7574990764260292
  view-data: 3.3246731646358967
