times:
  edit-metadata: 1.766578920185566
  landing: 0.9542164206504822
  view-data: 3.5649584904313087
