times:
  edit-metadata: 1.4831795990467072
  landing: 0.8535594269633293
  view-data: 3.375082600861788
