times:
  edit-metadata: 1.6267390474677086
  landing: 0.8775960803031921
  view-data: 3.369135018438101
