times:
  edit-metadata: 1.5435694754123688
  landing: 0.7537046298384666
  view-data: 3.3034159913659096
