times:
  edit-metadata: 1.5103792622685432
  landing: 0.7958257272839546
  view-data: 3.4417859986424446
