times:
  edit-metadata: 1.5090153440833092
  landing: 0.7431680038571358
  view-data: 3.4988598227500916
