times:
  edit-metadata: 1.4054665118455887
  landing: 0.7051874548196793
  view-data: 3.3715267702937126
