times:
  edit-metadata: 1.8033559545874596
  landing: 1.3832110166549683
  view-data: 3.3423108644783497
