times:
  edit-metadata: 1.5183953195810318
  landing: 0.9491823315620422
  view-data: 3.3437845334410667
