times:
  edit-metadata: 1.8141415044665337
  landing: 0.8708654195070267
  view-data: 3.3246373757719994
