times:
  edit-metadata: 1.8230550214648247
  landing: 0.9063812345266342
  view-data: 3.371709145605564
