times:
  edit-metadata: 1.4447743967175484
  landing: 0.7477513402700424
  view-data: 3.3255966380238533
