times:
  edit-metadata: 1.466200701892376
  landing: 0.7596190199255943
  view-data: 3.312532637268305
