times:
  edit-metadata: 1.3949091136455536
  landing: 0.7432756200432777
  view-data: 3.512727752327919
