times:
  edit-metadata: 1.3915325924754143
  landing: 0.7349492162466049
  view-data: 3.455016039311886
