times:
  edit-metadata: 1.2897759303450584
  landing: 0.7252122387290001
  view-data: 3.5954281017184258
