times:
  edit-metadata: 1.5529192388057709
  landing: 0.7486481815576553
  view-data: 3.4599401131272316
