times:
  edit-metadata: 2.608034648001194
  landing: 1.4022361524403095
  view-data: 3.435995578765869
