times:
  edit-metadata: 1.4631682187318802
  landing: 0.7761602886021137
  view-data: 3.3339063823223114
