times:
  edit-metadata: 1.417302593588829
  landing: 0.8608423620462418
  view-data: 3.4403661638498306
