times:
  edit-metadata: 1.396983727812767
  landing: 0.803911067545414
  view-data: 3.537012055516243
