times:
  edit-metadata: 1.5463531166315079
  landing: 0.7401228919625282
  view-data: 3.3275615498423576
