times:
  edit-metadata: 1.381619654595852
  landing: 0.8278465569019318
  view-data: 3.504055395722389
