times:
  edit-metadata: 1.3565062880516052
  landing: 1.2115461379289627
  view-data: 3.638126201927662
