times:
  edit-metadata: 1.3924703374505043
  landing: 1.0865004882216454
  view-data: 3.4142713844776154
