times:
  edit-metadata: 1.3891916126012802
  landing: 0.9505871087312698
  view-data: 3.501504696905613
