times:
  edit-metadata: 1.4748467430472374
  landing: 0.8314143791794777
  view-data: 3.396634265780449
