times:
  edit-metadata: 1.4968620389699936
  landing: 0.892560675740242
  view-data: 3.518091931939125
