times:
  edit-metadata: 1.2993390560150146
  landing: 0.8178654238581657
  view-data: 3.5330810248851776
