times:
  edit-metadata: 1.3739747181534767
  landing: 0.854931652545929
  view-data: 3.517761066555977
