times:
  edit-metadata: 2.92862232029438
  landing: 2.109378442168236
  view-data: 4.287477970123291
