times:
  edit-metadata: 1.4671215265989304
  landing: 0.7924476340413094
  view-data: 3.5170188173651695
