times:
  edit-metadata: 1.4384713768959045
  landing: 0.9998800978064537
  view-data: 3.4430088624358177
