times:
  edit-metadata: 1.3892571106553078
  landing: 1.2334251925349236
  view-data: 3.6870601400732994
