times:
  edit-metadata: 1.485951155424118
  landing: 0.8240476995706558
  view-data: 3.404886409640312
