times:
  edit-metadata: 1.524749331176281
  landing: 1.1523206606507301
  view-data: 3.5334439799189568
