times:
  edit-metadata: 1.477097064256668
  landing: 0.8210000321269035
  view-data: 3.4381381273269653
