times:
  edit-metadata: 1.4615591242909431
  landing: 0.904423363506794
  view-data: 3.379438728094101
