times:
  edit-metadata: 1.3987893760204315
  landing: 0.7834149301052094
  view-data: 3.3797921910881996
