times:
  edit-metadata: 1.4333838075399399
  landing: 0.7873359993100166
  view-data: 3.449189677834511
