times:
  edit-metadata: 1.4809040203690529
  landing: 0.8524094372987747
  view-data: 3.8280089870095253
