times:
  edit-metadata: 1.5296890810132027
  landing: 0.9404648765921593
  view-data: 3.584677927196026
