times:
  edit-metadata: 1.4212277978658676
  landing: 0.7804799303412437
  view-data: 3.4702207669615746
