times:
  edit-metadata: 2.0521284714341164
  landing: 1.3602402955293655
  view-data: 3.425575241446495
