times:
  edit-metadata: 1.3721321299672127
  landing: 0.8238150849938393
  view-data: 3.5467303097248077
