times:
  edit-metadata: 1.5552915930747986
  landing: 0.824281819164753
  view-data: 3.4987019151449203
