times:
  edit-metadata: 1.7166930884122849
  landing: 1.1417421996593475
  view-data: 3.681935079395771
