times:
  edit-metadata: 1.9932251870632172
  landing: 1.3263234198093414
  view-data: 3.7928325310349464
