times:
  edit-metadata: 1.5338796600699425
  landing: 0.8362966403365135
  view-data: 3.4803180396556854
