times:
  edit-metadata: 1.5106720849871635
  landing: 0.8495702296495438
  view-data: 3.510901153087616
