times:
  edit-metadata: 1.3454020321369171
  landing: 0.8761767074465752
  view-data: 3.4155391454696655
