times:
  edit-metadata: 1.5041359663009644
  landing: 0.8645677268505096
  view-data: 3.504872903227806
