times:
  edit-metadata: 1.4532012641429901
  landing: 0.8351579904556274
  view-data: 3.4325563982129097
