times:
  edit-metadata: 1.4599133878946304
  landing: 0.8477009534835815
  view-data: 3.428964115679264
