times:
  edit-metadata: 1.4034315198659897
  landing: 0.8505257144570351
  view-data: 3.361937776207924
