times:
  edit-metadata: 1.7220021709799767
  landing: 1.0401389077305794
  view-data: 3.617869086563587
