times:
  edit-metadata: 2.726579323410988
  landing: 2.323656417429447
  view-data: 4.514510907232761
