times:
  edit-metadata: 2.267217978835106
  landing: 1.4431098103523254
  view-data: 3.523588851094246
