times:
  edit-metadata: 1.3769038692116737
  landing: 0.7234282940626144
  view-data: 3.5457372814416885
