times:
  edit-metadata: 1.4437954276800156
  landing: 0.8497289270162582
  view-data: 3.4769147485494614
