times:
  edit-metadata: 1.897352408617735
  landing: 1.08506416156888
  view-data: 3.3737788647413254
