times:
  edit-metadata: 1.377509944140911
  landing: 0.7710015848278999
  view-data: 3.425746329128742
