times:
  edit-metadata: 1.5540409460663795
  landing: 0.9606282413005829
  view-data: 3.3365441262722015
