times:
  edit-metadata: 1.3714584410190582
  landing: 0.8472161963582039
  view-data: 3.2635041922330856
