times:
  edit-metadata: 1.4111649692058563
  landing: 0.9541180059313774
  view-data: 3.4398898109793663
