times:
  edit-metadata: 1.5580310001969337
  landing: 1.0221021547913551
  view-data: 3.4869492948055267
