times:
  edit-metadata: 1.4710030406713486
  landing: 0.7235867977142334
  view-data: 3.4688151106238365
