times:
  edit-metadata: 1.3409314379096031
  landing: 0.9358049109578133
  view-data: 3.462206207215786
