times:
  edit-metadata: 1.373277872800827
  landing: 0.7374232560396194
  view-data: 3.464433118700981
