times:
  edit-metadata: 1.3837312459945679
  landing: 0.7628325298428535
  view-data: 3.460219942033291
