times:
  edit-metadata: 1.3351970165967941
  landing: 0.7574433833360672
  view-data: 3.4848205000162125
