times:
  edit-metadata: 1.4223885387182236
  landing: 0.7760775312781334
  view-data: 3.5267359912395477
