times:
  edit-metadata: 2.024809315800667
  landing: 1.4347466602921486
  view-data: 3.765149749815464
