times:
  edit-metadata: 1.3820851892232895
  landing: 0.7265975326299667
  view-data: 3.5540913194417953
