times:
  edit-metadata: 1.3687694072723389
  landing: 0.7239492684602737
  view-data: 3.4477782398462296
