times:
  edit-metadata: 1.4070295915007591
  landing: 0.8084826692938805
  view-data: 3.544299341738224
