times:
  edit-metadata: 1.4179888740181923
  landing: 0.7741199508309364
  view-data: 3.579106166958809
