times:
  edit-metadata: 1.4243613332509995
  landing: 3.1516583934426308
  view-data: 3.4329105988144875
