times:
  edit-metadata: 1.1377502083778381
  landing: 0.6870635524392128
  view-data: 3.3360186517238617
