times:
  edit-metadata: 2.8934953212738037
  landing: 1.5029432475566864
  view-data: 3.805735059082508
