times:
  edit-metadata: 1.3182240352034569
  landing: 0.9313148036599159
  view-data: 3.5143745616078377
