times:
  edit-metadata: 1.357101745903492
  landing: 0.7774312719702721
  view-data: 3.305011361837387
