times:
  edit-metadata: 1.414953026920557
  landing: 0.8200994916260242
  view-data: 3.2674511782824993
