times:
  edit-metadata: 1.3976684287190437
  landing: 0.7444900497794151
  view-data: 3.3425257951021194
