times:
  edit-metadata: 1.6434162631630898
  landing: 0.856955423951149
  view-data: 3.358530893921852
