times:
  edit-metadata: 1.3004711270332336
  landing: 0.7958399057388306
  view-data: 3.4817510172724724
