times:
  edit-metadata: 1.5880289524793625
  landing: 0.8851833753287792
  view-data: 3.3688208386301994
