times:
  edit-metadata: 1.4867059960961342
  landing: 0.8023828007280827
  view-data: 3.306699261069298
