times:
  edit-metadata: 1.4136881083250046
  landing: 0.7713235467672348
  view-data: 3.4794808626174927
