times:
  edit-metadata: 1.4948441311717033
  landing: 0.8667607232928276
  view-data: 3.2906454727053642
