times:
  edit-metadata: 1.469426229596138
  landing: 0.7437260523438454
  view-data: 3.289338558912277
