times:
  edit-metadata: 1.4617002978920937
  landing: 0.7565048933029175
  view-data: 3.433568239212036
