times:
  edit-metadata: 1.4414666183292866
  landing: 0.8657010532915592
  view-data: 3.34584092348814
