times:
  edit-metadata: 1.3306018859148026
  landing: 0.7480012401938438
  view-data: 3.360552415251732
