times:
  edit-metadata: 1.40512914955616
  landing: 0.7437068000435829
  view-data: 3.4773626178503036
