times:
  edit-metadata: 1.5121396109461784
  landing: 0.9663580060005188
  view-data: 3.526506170630455
