times:
  edit-metadata: 1.3720191717147827
  landing: 0.7734415531158447
  view-data: 3.5036529824137688
