times:
  edit-metadata: 1.3666398376226425
  landing: 0.7812894657254219
  view-data: 3.4786846935749054
