times:
  edit-metadata: 1.5364172533154488
  landing: 0.952720433473587
  view-data: 3.3527815118432045
