times:
  edit-metadata: 1.4283428564667702
  landing: 0.8111528903245926
  view-data: 3.7510976754128933
