times:
  edit-metadata: 1.5109728425741196
  landing: 0.79726143181324
  view-data: 3.330452114343643
