times:
  edit-metadata: 1.3572244495153427
  landing: 0.8182263597846031
  view-data: 3.484865739941597
