times:
  edit-metadata: 1.3465475216507912
  landing: 0.7893780395388603
  view-data: 3.336329497396946
