times:
  edit-metadata: 1.402940109372139
  landing: 0.807168997824192
  view-data: 3.4483522176742554
