times:
  edit-metadata: 1.3511303439736366
  landing: 0.8553674221038818
  view-data: 3.3392973095178604
