times:
  edit-metadata: 1.3886644467711449
  landing: 1.07033359259367
  view-data: 3.633490726351738
