times:
  edit-metadata: 1.4893314316868782
  landing: 0.8659217730164528
  view-data: 3.4179601818323135
