times:
  edit-metadata: 1.608251966536045
  landing: 0.9904572442173958
  view-data: 3.35658460855484
