times:
  edit-metadata: 1.4619996473193169
  landing: 0.9503584615886211
  view-data: 3.3093078806996346
