times:
  edit-metadata: 1.3725818246603012
  landing: 1.1062579452991486
  view-data: 3.486208036541939
