times:
  edit-metadata: 2.0321168676018715
  landing: 1.467940665781498
  view-data: 3.4769128784537315
