times:
  edit-metadata: 1.5915589407086372
  landing: 0.9516567215323448
  view-data: 3.3601485937833786
