times:
  edit-metadata: 1.1544494107365608
  landing: 0.7289396077394485
  view-data: 3.4888548105955124
