times:
  edit-metadata: 1.4519859850406647
  landing: 0.911689467728138
  view-data: 3.5205476135015488
