times:
  edit-metadata: 1.3360311388969421
  landing: 0.8605313524603844
  view-data: 3.525650255382061
