times:
  edit-metadata: 1.4947769492864609
  landing: 0.8279768452048302
  view-data: 3.5361625254154205
