times:
  edit-metadata: 1.572509452700615
  landing: 0.899818442761898
  view-data: 3.6168970838189125
