times:
  edit-metadata: 1.4434847459197044
  landing: 0.8156868144869804
  view-data: 3.5388545989990234
