times:
  edit-metadata: 1.4901419654488564
  landing: 0.9609493017196655
  view-data: 3.415155552327633
