times:
  edit-metadata: 1.5240561291575432
  landing: 0.7977412939071655
  view-data: 3.3052839934825897
