times:
  edit-metadata: 1.435881569981575
  landing: 0.7829425930976868
  view-data: 3.5800507590174675
