times:
  edit-metadata: 1.3675084486603737
  landing: 0.8952550143003464
  view-data: 3.513110436499119
