times:
  edit-metadata: 1.3843745738267899
  landing: 0.8084066957235336
  view-data: 3.3071625158190727
