times:
  edit-metadata: 1.3251026757061481
  landing: 0.8086233288049698
  view-data: 3.2590420357882977
