times:
  edit-metadata: 1.3611844256520271
  landing: 0.8336097151041031
  view-data: 3.5428942888975143
