times:
  edit-metadata: 1.4456562027335167
  landing: 0.7229785025119781
  view-data: 3.488454222679138
