times:
  edit-metadata: 1.8968349695205688
  landing: 1.1957823857665062
  view-data: 3.6606506556272507
