times:
  edit-metadata: 1.404981181025505
  landing: 0.8309374377131462
  view-data: 3.5717265903949738
