times:
  edit-metadata: 1.4299324378371239
  landing: 0.7191758677363396
  view-data: 3.5085828453302383
