times:
  edit-metadata: 1.4466812685132027
  landing: 0.8050961717963219
  view-data: 3.481369264423847
