times:
  edit-metadata: 2.066244624555111
  landing: 1.1810527816414833
  view-data: 3.4102391749620438
