times:
  edit-metadata: 1.0848704129457474
  landing: 0.7637915089726448
  view-data: 3.4836212769150734
