times:
  edit-metadata: 1.4153750911355019
  landing: 0.7955214865505695
  view-data: 3.278176974505186
