times:
  edit-metadata: 1.4679769799113274
  landing: 0.693095326423645
  view-data: 3.5191418901085854
