times:
  edit-metadata: 1.3570149093866348
  landing: 0.8262643814086914
  view-data: 3.5073286443948746
