times:
  edit-metadata: 1.3992832526564598
  landing: 0.7808479592204094
  view-data: 3.536266803741455
