times:
  edit-metadata: 1.8394058346748352
  landing: 1.3756479620933533
  view-data: 3.5496221855282784
