times:
  edit-metadata: 1.6045370399951935
  landing: 0.9649762064218521
  view-data: 3.497061215341091
