times:
  edit-metadata: 1.3704721257090569
  landing: 0.8020122870802879
  view-data: 3.432112969458103
