times:
  edit-metadata: 1.4643979594111443
  landing: 0.7235076427459717
  view-data: 3.534329190850258
