times:
  edit-metadata: 1.4838642999529839
  landing: 0.9231511652469635
  view-data: 3.385619096457958
