times:
  edit-metadata: 1.4077861085534096
  landing: 1.18292535841465
  view-data: 3.4670610800385475
