times:
  edit-metadata: 1.7401728928089142
  landing: 0.9264433234930038
  view-data: 3.3691517412662506
