times:
  edit-metadata: 1.3783335089683533
  landing: 0.6886831820011139
  view-data: 3.6151897460222244
