times:
  edit-metadata: 1.5300079584121704
  landing: 0.8438193127512932
  view-data: 3.3854057118296623
