times:
  edit-metadata: 1.3923157379031181
  landing: 0.8121940791606903
  view-data: 3.6009945273399353
