times:
  edit-metadata: 1.3534257113933563
  landing: 0.7867026552557945
  view-data: 3.5536908879876137
