times:
  edit-metadata: 1.8575692549347878
  landing: 1.100449949502945
  view-data: 3.3185821026563644
