times:
  edit-metadata: 1.6075351759791374
  landing: 0.7496022954583168
  view-data: 3.4923286512494087
