times:
  edit-metadata: 1.5942231863737106
  landing: 0.965028390288353
  view-data: 3.7208510786294937
