times:
  edit-metadata: 1.428661286830902
  landing: 0.7822838947176933
  view-data: 3.49917421489954
