times:
  edit-metadata: 1.3334637805819511
  landing: 0.8536238297820091
  view-data: 3.464982330799103
