times:
  edit-metadata: 1.553653247654438
  landing: 0.908637210726738
  view-data: 3.3283796533942223
