times:
  edit-metadata: 1.3034473732113838
  landing: 0.861644797027111
  view-data: 3.5119235068559647
