times:
  edit-metadata: 1.4067722260951996
  landing: 0.7444132342934608
  view-data: 3.519777551293373
