times:
  edit-metadata: 1.3533058166503906
  landing: 0.7673074677586555
  view-data: 3.333611436188221
