times:
  edit-metadata: 1.7945054695010185
  landing: 0.8225592225790024
  view-data: 3.4678434878587723
