times:
  edit-metadata: 1.7578015550971031
  landing: 1.2012882456183434
  view-data: 3.3881789334118366
