times:
  edit-metadata: 1.3819559812545776
  landing: 0.7689815014600754
  view-data: 3.456442028284073
