times:
  edit-metadata: 1.4485988542437553
  landing: 0.7462029382586479
  view-data: 3.377906508743763
