times:
  edit-metadata: 1.696116380393505
  landing: 1.0089984200894833
  view-data: 3.2986203022301197
