times:
  edit-metadata: 1.8390007615089417
  landing: 0.8123438209295273
  view-data: 3.3464585542678833
