times:
  edit-metadata: 1.6935046762228012
  landing: 1.0720311105251312
  view-data: 3.3287323117256165
