times:
  edit-metadata: 1.7640052251517773
  landing: 1.0307110324501991
  view-data: 3.411215953528881
