times:
  edit-metadata: 1.4791409969329834
  landing: 0.756883442401886
  view-data: 3.4448877200484276
