times:
  edit-metadata: 1.4093110412359238
  landing: 0.7433790639042854
  view-data: 3.4883370772004128
