times:
  edit-metadata: 0.4094256979878992
  landing: 0.0482703591696918
  view-data: 0.2322478899732232
