times:
  edit-metadata: 1.8018772518262267
  landing: 0.9211467914283276
  view-data: 3.3309572963044047
