times:
  edit-metadata: 1.233907817862928
  landing: 0.022235502488911152
  view-data: 0.4624799843877554
