times:
  edit-metadata: 1.3084423150867224
  landing: 0.395563255995512
  view-data: 0.027365531772375107
