times:
  edit-metadata: 0.38057873398065567
  landing: 0.04814222012646496
  view-data: 0.18405120796523988
