times:
  edit-metadata: 1.4939954420551658
  landing: 0.8151071853935719
  view-data: 3.367338927462697
