times:
  edit-metadata: 1.3916246928274632
  landing: 0.8709921985864639
  view-data: 3.3459621965885162
