times:
  edit-metadata: 1.6601889356970787
  landing: 0.9929226450622082
  view-data: 3.466608788818121
