times:
  edit-metadata: 0.32587982155382633
  landing: 0.5290985722094774
  view-data: 0.18197635002434254
