times:
  edit-metadata: 1.247062531299889
  landing: 0.019852646626532078
  view-data: 0.12456183601170778
