times:
  edit-metadata: 1.4797200127504766
  landing: 0.8780801580287516
  view-data: 3.497193010058254
