times:
  edit-metadata: 1.4204037128947675
  landing: 0.8285615989007056
  view-data: 3.3917308286763728
