times:
  edit-metadata: 1.5011784713715315
  landing: 0.830427915789187
  view-data: 3.3895809650421143
