times:
  edit-metadata: 0.36557473009452224
  landing: 0.052629637997597456
  view-data: 0.18838673317804933
