times:
  edit-metadata: 0.3277796395123005
  landing: 1.585121700540185
  view-data: 0.5406634360551834
