times:
  edit-metadata: 1.4643504824489355
  landing: 0.7611870318651199
  view-data: 3.349083563312888
