times:
  landing: 0.5562596929999017
  view-data: 0.5511155030000054
