times:
  edit-metadata: 0.3481263399589807
  landing: 0.043021435965783894
  view-data: 0.19661268597701564
