times:
  edit-metadata: 1.91703587397933
  landing: 1.1425932818092406
  view-data: 3.366686746943742
