times:
  edit-metadata: 0.4169485659804195
  landing: 0.04722556995693594
  view-data: 0.20536792499478906
