times:
  edit-metadata: 1.4157090410590172
  landing: 0.9297716282308102
  view-data: 3.3914534263312817
