times:
  edit-metadata: 0.36464714584872127
  landing: 0.04044484440237284
  view-data: 0.18756999913603067
