times:
  edit-metadata: 1.5850413218140602
  landing: 0.8829945381730795
  view-data: 3.387998040765524
