times:
  edit-metadata: 1.4993223138153553
  landing: 0.743599608540535
  view-data: 3.283337887376547
