times:
  edit-metadata: 1.4155575670301914
  landing: 0.8320814110338688
  view-data: 3.450956715270877
