times:
  edit-metadata: 1.3139591068029404
  landing: 0.13956650346517563
  view-data: 0.024258872494101524
