times:
  edit-metadata: 0.41013480816036463
  landing: 0.05369729897938669
  view-data: 0.23750865901820362
