times:
  landing: 0.5520924779999632
  view-data: 0.5577752450000162
