times:
  edit-metadata: 1.586298692971468
  landing: 0.8345285467803478
  view-data: 3.400154121220112
