times:
  edit-metadata: 0.4588176370016299
  landing: 0.08288512600120157
  view-data: 0.2080925469927024
