times:
  landing: 0.5507616179999104
  view-data: 0.5585393720000411
