times:
  edit-metadata: 1.373221943853423
  landing: 0.6870512550231069
  view-data: 3.296515461988747
