times:
  edit-metadata: 0.44718058593571186
  landing: 0.09575473517179489
  view-data: 0.23790234490297735
