times:
  edit-metadata: 0.43252466901321895
  landing: 0.05146366800181568
  view-data: 0.24270599297597073
