times:
  edit-metadata: 0.4212752431631088
  landing: 0.6047534961253405
  view-data: 0.197121761739254
