times:
  edit-metadata: 0.39486897364258766
  landing: 0.0626259334385395
  view-data: 0.18415775150060654
