times:
  edit-metadata: 1.7287312131375074
  landing: 0.3426948059350252
  view-data: 0.3356444928795099
