times:
  edit-metadata: 0.4114317909698002
  landing: 0.04568387498147786
  view-data: 0.20381320995511487
