times:
  edit-metadata: 0.4269940198864788
  landing: 0.049506746931001544
  view-data: 0.20199317205697298
