times:
  edit-metadata: 1.2912050746381283
  landing: 0.02037344966083765
  view-data: 0.02280258759856224
