times:
  edit-metadata: 1.409939520061016
  landing: 0.022910546511411667
  view-data: 0.31260410137474537
