times:
  edit-metadata: 0.3734777090139687
  landing: 0.0468945549800992
  view-data: 0.19148856401443481
