times:
  edit-metadata: 1.2408219259232283
  landing: 0.20220990106463432
  view-data: 0.12462920695543289
