times:
  edit-metadata: 1.425838304683566
  landing: 0.02482443116605282
  view-data: 0.29354589246213436
