times:
  edit-metadata: 1.3777143387123942
  landing: 0.24534240923821926
  view-data: 0.5419806260615587
