times:
  edit-metadata: 1.2533449605107307
  landing: 0.021654117852449417
  view-data: 0.02468924969434738
