times:
  edit-metadata: 1.2469907253980637
  landing: 0.021848670206964016
  view-data: 0.23627385403960943
