times:
  edit-metadata: 0.4103761687874794
  landing: 0.05220503732562065
  view-data: 0.18781352788209915
