times:
  edit-metadata: 1.3224080335348845
  landing: 0.20845365896821022
  view-data: 0.3551355581730604
