times:
  edit-metadata: 1.2678157286718488
  landing: 0.021989845670759678
  view-data: 0.024827629327774048
