times:
  edit-metadata: 1.7992832623422146
  landing: 1.4397303350269794
  view-data: 3.3805712424218655
