times:
  edit-metadata: 0.3821747419424355
  landing: 0.048091525910422206
  view-data: 0.19481479900423437
