times:
  edit-metadata: 0.40047118277288973
  landing: 0.06088539492338896
  view-data: 0.23010761104524136
