times:
  edit-metadata: 0.38489619083702564
  landing: 0.48709834180772305
  view-data: 0.19156701862812042
