times:
  edit-metadata: 1.2986887115985155
  landing: 0.11673230305314064
  view-data: 0.024885669350624084
