times:
  edit-metadata: 0.4117760210065171
  landing: 0.041698900997289456
  view-data: 0.18556580199219752
