times:
  edit-metadata: 1.4242128701880574
  landing: 0.838061586022377
  view-data: 3.365218196064234
