times:
  edit-metadata: 1.5410418342798948
  landing: 0.27236767672002316
  view-data: 0.15662889927625656
