times:
  edit-metadata: 1.5042118048295379
  landing: 0.7980069294571877
  view-data: 3.365776687860489
