times:
  edit-metadata: 1.6036508474498987
  landing: 0.7807762287557125
  view-data: 3.416224703192711
