times:
  edit-metadata: 0.38604662381112576
  landing: 0.044936709105968475
  view-data: 0.18599641788750887
