times:
  edit-metadata: 1.771825447678566
  landing: 0.41167918406426907
  view-data: 0.7602560799568892
