times:
  edit-metadata: 0.3809560080990195
  landing: 0.04646466486155987
  view-data: 0.19283771701157093
