times:
  edit-metadata: 1.424940211698413
  landing: 0.25998844392597675
  view-data: 0.027657411992549896
