times:
  edit-metadata: 0.42890110053122044
  landing: 0.040295141749083996
  view-data: 0.1925690546631813
