times:
  landing: 0.540767996999989
  view-data: 0.5416877089999161
