times:
  edit-metadata: 0.4334004819393158
  landing: 1.3501300048083067
  view-data: 0.4156256318092346
