times:
  edit-metadata: 0.40519173396751285
  landing: 0.04431574896443635
  view-data: 0.23964883689768612
