times:
  edit-metadata: 0.38469575089402497
  landing: 0.045277119148522615
  view-data: 0.18838191218674183
