times:
  edit-metadata: 1.4442275799810886
  landing: 0.6706735119223595
  view-data: 3.2915506064891815
