times:
  edit-metadata: 0.40182176418602467
  landing: 0.04376653954386711
  view-data: 0.28906286507844925
