times:
  edit-metadata: 0.34515342907980084
  landing: 0.04654294531792402
  view-data: 0.18672904931008816
