times:
  edit-metadata: 0.42707061604596674
  landing: 0.04151682194788009
  view-data: 0.2175784360151738
