times:
  edit-metadata: 0.35198209100053646
  landing: 0.047273446994950064
  view-data: 0.19188400699931663
