times:
  edit-metadata: 1.4912738185375929
  landing: 0.7453798744827509
  view-data: 3.385690912604332
