times:
  edit-metadata: 1.5357742458581924
  landing: 0.93320756778121
  view-data: 3.3464094661176205
