times:
  edit-metadata: 0.3765573464334011
  landing: 0.510894849896431
  view-data: 0.18819333985447884
