times:
  edit-metadata: 1.4256681334227324
  landing: 0.729314386844635
  view-data: 3.3926824498921633
