times:
  edit-metadata: 4.105314034968615
  landing: 1.8856057422235608
  view-data: 4.096017442643642
