times:
  edit-metadata: 0.3910345369949937
  landing: 0.04972497094422579
  view-data: 0.19448275957256556
