times:
  edit-metadata: 0.38631722307763994
  landing: 0.04060428310185671
  view-data: 0.31033482402563095
