times:
  edit-metadata: 1.337858209386468
  landing: 0.22476638294756413
  view-data: 0.24347003176808357
