times:
  edit-metadata: 0.37915606377646327
  landing: 0.045435681007802486
  view-data: 0.18975032726302743
