times:
  edit-metadata: 0.35369616793468595
  landing: 0.042693020310252905
  view-data: 0.2046979940496385
