times:
  edit-metadata: 0.4142144308425486
  landing: 0.04442715598270297
  view-data: 0.1918934639543295
