times:
  edit-metadata: 1.5892625041306019
  landing: 0.8029609359800816
  view-data: 3.4599069133400917
