times:
  edit-metadata: 0.3964663930237293
  landing: 0.058793594129383564
  view-data: 0.19007993210107088
