times:
  edit-metadata: 1.2097608223557472
  landing: 0.01961314957588911
  view-data: 0.026786514557898045
