times:
  edit-metadata: 0.40244826255366206
  landing: 0.05554582038894296
  view-data: 0.1897181593813002
