times:
  edit-metadata: 1.4825148144736886
  landing: 0.8283684523776174
  view-data: 3.400237479247153
