times:
  edit-metadata: 1.39014345780015
  landing: 0.221040366217494
  view-data: 0.023917069658637047
