times:
  edit-metadata: 0.41130315605551004
  landing: 0.05340765602886677
  view-data: 0.20480599394068122
