times:
  edit-metadata: 0.40587757574394345
  landing: 0.04241100000217557
  view-data: 0.19530908856540918
