times:
  edit-metadata: 0.35287859477102757
  landing: 0.03994760103523731
  view-data: 0.1913060382939875
