times:
  edit-metadata: 0.41688073007389903
  landing: 0.05913087888620794
  view-data: 0.2225807390641421
