times:
  edit-metadata: 1.4218460989941377
  landing: 0.0266439690021798
  view-data: 0.403835306999099
