times:
  landing: 0.5722325589999855
  view-data: 0.5625447470000609
