times:
  edit-metadata: 0.4140593889169395
  landing: 0.04988894215784967
  view-data: 0.20406275196000934
