times:
  edit-metadata: 1.2508537452667952
  landing: 0.7599375210702419
  view-data: 3.3459782153367996
