times:
  edit-metadata: 0.5110302640241571
  landing: 0.06445380998775363
  view-data: 0.215436314989347
