times:
  edit-metadata: 1.5998998619616032
  landing: 0.8278515562415123
  view-data: 3.4323744028806686
