times:
  edit-metadata: 1.5414590165019035
  landing: 0.8549439217895269
  view-data: 3.3896918091923
