times:
  edit-metadata: 0.4322649729438126
  landing: 0.04904349334537983
  view-data: 0.19476353283971548
