times:
  edit-metadata: 0.41949592891614884
  landing: 0.043805512017570436
  view-data: 0.21385314606595784
