times:
  edit-metadata: 1.2535218792036176
  landing: 0.2499558012932539
  view-data: 0.4514252934604883
