times:
  edit-metadata: 1.7980276849120855
  landing: 0.9382007662206888
  view-data: 3.468498980626464
