times:
  edit-metadata: 1.354307135567069
  landing: 0.15746081806719303
  view-data: 0.3418802432715893
