times:
  edit-metadata: 1.4700797386467457
  landing: 0.9094187170267105
  view-data: 3.418750450015068
