times:
  edit-metadata: 0.3897409890778363
  landing: 0.045281131751835346
  view-data: 0.18791029881685972
