times:
  edit-metadata: 1.3018454276025295
  landing: 0.1190171018242836
  view-data: 0.022464577108621597
