times:
  edit-metadata: 0.37225729192141443
  landing: 0.04183428501710296
  view-data: 0.1879782370524481
