times:
  edit-metadata: 1.5959940664470196
  landing: 0.7733126804232597
  view-data: 3.5519285425543785
