times:
  landing: 1.0641186870000183
  view-data: 0.5504057040000134
