times:
  edit-metadata: 1.4870563112199306
  landing: 0.9670790322124958
  view-data: 3.4126235246658325
