times:
  edit-metadata: 0.4136765149887651
  landing: 0.04224530601641163
  view-data: 0.22162664699135348
