times:
  edit-metadata: 1.3956586300046183
  landing: 0.026488063973374665
  view-data: 0.02477528201416135
