times:
  edit-metadata: 1.3778438325971365
  landing: 0.26233407855033875
  view-data: 0.34507596120238304
