times:
  edit-metadata: 1.5883777439594269
  landing: 0.8436057362705469
  view-data: 3.4493787959218025
