times:
  edit-metadata: 1.241888778284192
  landing: 0.023030749522149563
  view-data: 0.10512284748256207
