times:
  edit-metadata: 1.3823462650179863
  landing: 0.22715803049504757
  view-data: 0.1302921064198017
