times:
  edit-metadata: 0.40840379521250725
  landing: 0.045137640088796616
  view-data: 0.18842867761850357
