times:
  edit-metadata: 1.57450841832906
  landing: 0.7775597940199077
  view-data: 3.3669484979473054
