times:
  edit-metadata: 0.3857867866754532
  landing: 0.04910466820001602
  view-data: 0.18591248989105225
