times:
  edit-metadata: 0.3749906299635768
  landing: 0.04998718318529427
  view-data: 0.18743416294455528
