times:
  edit-metadata: 1.9844022803008556
  landing: 1.0405424386262894
  view-data: 3.4017263427376747
