times:
  edit-metadata: 0.43510223645716906
  landing: 0.04175897315144539
  view-data: 0.20410994719713926
