times:
  edit-metadata: 0.3710830323398113
  landing: 0.04530199524015188
  view-data: 0.19539914466440678
