times:
  edit-metadata: 0.41419886611402035
  landing: 0.5542065110057592
  view-data: 0.23307343944907188
