times:
  edit-metadata: 0.41937268525362015
  landing: 0.05634916899725795
  view-data: 0.19058988615870476
