times:
  edit-metadata: 0.34960871492512524
  landing: 0.04443588689900935
  view-data: 0.19019326602574438
