times:
  edit-metadata: 0.4229278825223446
  landing: 0.04360267147421837
  view-data: 0.19271378219127655
