times:
  edit-metadata: 1.23233731277287
  landing: 0.020204627886414528
  view-data: 0.13631382584571838
