times:
  edit-metadata: 0.3730724211782217
  landing: 1.6322720870375633
  view-data: 0.42240219563245773
