times:
  edit-metadata: 1.4525715596973896
  landing: 0.7079012952744961
  view-data: 3.295371800661087
