times:
  edit-metadata: 3.8547345735132694
  landing: 1.997782126069069
  view-data: 4.017216730862856
