times:
  edit-metadata: 0.37515241652727127
  landing: 0.04196766670793295
  view-data: 0.18881503958255053
