times:
  edit-metadata: 0.38689908385276794
  landing: 0.04548947885632515
  view-data: 0.18807505443692207
