times:
  edit-metadata: 0.38752639666199684
  landing: 0.05072164908051491
  view-data: 0.18652581050992012
