times:
  edit-metadata: 0.36812163703143597
  landing: 1.7302082106471062
  view-data: 0.2904091402888298
