times:
  landing: 0.5438069689999736
  view-data: 0.5471119970000018
