times:
  edit-metadata: 0.3992443308234215
  landing: 1.2847260478883982
  view-data: 0.4098038412630558
