times:
  edit-metadata: 0.38528379797935486
  landing: 0.05418711155653
  view-data: 0.18359755352139473
