times:
  edit-metadata: 1.3069972153753042
  landing: 0.13551931083202362
  view-data: 0.3561677895486355
