times:
  edit-metadata: 0.6856967527419329
  landing: 0.07495786529034376
  view-data: 0.2682340545579791
