times:
  edit-metadata: 0.37358780670911074
  landing: 0.052471754141151905
  view-data: 0.188281980343163
