times:
  edit-metadata: 0.43180952104739845
  landing: 0.04084317805245519
  view-data: 0.2051559960236773
