times:
  edit-metadata: 0.4148808539612219
  landing: 0.05095313297351822
  view-data: 0.21813754102913663
