times:
  edit-metadata: 2.6221966268494725
  landing: 1.1502554710023105
  view-data: 3.6691409456543624
