times:
  landing: 0.5671087629999647
  view-data: 0.5535226440000542
