times:
  edit-metadata: 0.3863758690422401
  landing: 0.042915196041576564
  view-data: 0.191472897073254
