times:
  edit-metadata: 0.4688960276544094
  landing: 0.04765167087316513
  view-data: 0.18012939020991325
