times:
  edit-metadata: 1.4289322616532445
  landing: 0.021049531176686287
  view-data: 0.21896096132695675
