times:
  edit-metadata: 0.38397216191515326
  landing: 0.0498487229924649
  view-data: 0.18080712389200926
