times:
  edit-metadata: 0.4055638420104515
  landing: 0.057354854012373835
  view-data: 0.3238021529978141
