times:
  edit-metadata: 0.4263906739652157
  landing: 0.040880924090743065
  view-data: 0.20787604385986924
