times:
  edit-metadata: 1.493699822574854
  landing: 0.8350296393036842
  view-data: 3.361340455710888
