times:
  edit-metadata: 1.316446715965867
  landing: 0.021962417289614677
  view-data: 0.02404938917607069
