times:
  edit-metadata: 0.39305346412584186
  landing: 0.04684320278465748
  view-data: 0.18687546672299504
