times:
  edit-metadata: 0.42699932400137186
  landing: 0.06060485099442303
  view-data: 0.2316617830656469
