times:
  edit-metadata: 0.44618087681010365
  landing: 0.049576808931306005
  view-data: 0.19810816110111773
