times:
  edit-metadata: 0.37258003279566765
  landing: 0.05059968680143356
  view-data: 0.18499662727117538
