times:
  edit-metadata: 1.56139175593853
  landing: 0.7906004786491394
  view-data: 3.3584398962557316
