times:
  edit-metadata: 0.41565718688070774
  landing: 0.5774683561176062
  view-data: 0.5809790138155222
