times:
  edit-metadata: 1.6231340486556292
  landing: 0.7853316403925419
  view-data: 3.340037093963474
