times:
  edit-metadata: 0.42257860908284783
  landing: 0.05228946078568697
  view-data: 0.19374327082186937
