times:
  edit-metadata: 1.5692961998283863
  landing: 0.8685877807438374
  view-data: 3.3830445893108845
