times:
  edit-metadata: 0.4049755334854126
  landing: 0.6870855204761028
  view-data: 0.17542733065783978
