times:
  edit-metadata: 1.475434672087431
  landing: 0.7763776057399809
  view-data: 3.3343497160822153
