times:
  edit-metadata: 0.3607922191731632
  landing: 0.04078524326905608
  view-data: 0.188267326913774
