times:
  edit-metadata: 1.2068029306828976
  landing: 0.02132408320903778
  view-data: 0.025133030489087105
