times:
  edit-metadata: 1.4732113182544708
  landing: 0.8757641837000847
  view-data: 3.379263326525688
