times:
  edit-metadata: 0.35719746397808194
  landing: 0.03745221300050616
  view-data: 0.16854256205260754
