times:
  edit-metadata: 1.3296258002519608
  landing: 0.02047763392329216
  view-data: 0.024496223777532578
