times:
  edit-metadata: 0.42443504091352224
  landing: 0.04409707337617874
  view-data: 0.21074278000742197
