times:
  edit-metadata: 1.2675838926807046
  landing: 0.20066046342253685
  view-data: 0.024287451058626175
