times:
  edit-metadata: 0.3833857170538977
  landing: 0.04360230709426105
  view-data: 0.18981598503887653
