times:
  edit-metadata: 1.322115397080779
  landing: 0.09589194878935814
  view-data: 0.34462467208504677
