times:
  edit-metadata: 1.5607811082154512
  landing: 0.7501704078167677
  view-data: 3.409900886937976
