times:
  edit-metadata: 0.5617494809848722
  landing: 0.16851744000450708
  view-data: 0.24283667001873255
