times:
  edit-metadata: 1.3164659263566136
  landing: 0.13486806396394968
  view-data: 0.21400150656700134
