times:
  edit-metadata: 0.40801189467310905
  landing: 0.04224231094121933
  view-data: 0.1890384405851364
