times:
  edit-metadata: 2.754868535324931
  landing: 1.2023280300199986
  view-data: 3.75639957934618
