times:
  edit-metadata: 1.3031835164874792
  landing: 0.12727773282676935
  view-data: 0.026451257057487965
