times:
  edit-metadata: 1.4134742245078087
  landing: 0.9208970926702023
  view-data: 3.340286284685135
