times:
  edit-metadata: 0.4201367199420929
  landing: 0.04592636600136757
  view-data: 0.19226692244410515
