times:
  edit-metadata: 1.5029175858944654
  landing: 0.2624050881713629
  view-data: 0.19098204746842384
