times:
  edit-metadata: 0.3973170009558089
  landing: 0.04794915800448507
  view-data: 0.23541056999238208
