times:
  edit-metadata: 0.4015508140437305
  landing: 0.05368371307849884
  view-data: 0.22319648694247007
