times:
  edit-metadata: 0.29133671149611473
  landing: 0.5680885501205921
  view-data: 0.1934622135013342
