times:
  edit-metadata: 0.3944426691159606
  landing: 0.04622489493340254
  view-data: 0.207191726192832
