times:
  edit-metadata: 1.4405226148664951
  landing: 0.022800831124186516
  view-data: 0.04847007244825363
