times:
  edit-metadata: 1.264892540872097
  landing: 0.17462916113436222
  view-data: 0.2961197141557932
