times:
  edit-metadata: 0.3981875979807228
  landing: 0.043786773923784494
  view-data: 0.18670521606691182
