times:
  edit-metadata: 1.9632069952785969
  landing: 0.31800623051822186
  view-data: 0.505071310326457
