times:
  edit-metadata: 1.7890349216759205
  landing: 1.2636105865240097
  view-data: 3.3790813125669956
