times:
  edit-metadata: 0.398844201117754
  landing: 0.04306579753756523
  view-data: 0.19073496386408806
