times:
  edit-metadata: 1.4138409681618214
  landing: 0.8733316548168659
  view-data: 3.34604799002409
