times:
  edit-metadata: 1.2605677731335163
  landing: 0.01962643675506115
  view-data: 0.33042234368622303
