times:
  edit-metadata: 0.42579322308301926
  landing: 0.044516634196043015
  view-data: 0.183699581772089
