times:
  edit-metadata: 0.37361002400029975
  landing: 0.040646389000357885
  view-data: 0.18769172599968442
