times:
  edit-metadata: 1.4882138445973396
  landing: 0.8537694662809372
  view-data: 3.3456805143505335
