times:
  edit-metadata: 0.37562601803801954
  landing: 0.049769935896620154
  view-data: 0.19383623613975942
