times:
  edit-metadata: 1.3992953523993492
  landing: 0.7169950110837817
  view-data: 3.2854909785091877
