times:
  edit-metadata: 1.8359879665076733
  landing: 1.3080342896282673
  view-data: 3.4973950050771236
