times:
  edit-metadata: 1.2662034509703517
  landing: 0.021928509697318077
  view-data: 0.026180267333984375
