times:
  edit-metadata: 1.3918115012347698
  landing: 0.21590998396277428
  view-data: 0.1786209288984537
