times:
  edit-metadata: 0.36120859580114484
  landing: 0.05316030001267791
  view-data: 0.19526891689747572
