times:
  edit-metadata: 0.39713351614773273
  landing: 0.04228566586971283
  view-data: 0.20574692636728287
