times:
  edit-metadata: 0.4115516133606434
  landing: 0.5740811880677938
  view-data: 0.2141505479812622
