times:
  edit-metadata: 1.5547549463808537
  landing: 0.9182051308453083
  view-data: 3.331534568220377
