times:
  edit-metadata: 1.285909772850573
  landing: 0.021995398215949535
  view-data: 0.022911764681339264
