times:
  edit-metadata: 1.2429897906258702
  landing: 0.23284616228193045
  view-data: 0.19459590408951044
