times:
  edit-metadata: 1.5084816925227642
  landing: 0.8874099226668477
  view-data: 3.367329561151564
