times:
  edit-metadata: 0.3876363467425108
  landing: 1.2915858421474695
  view-data: 0.3926860075443983
