times:
  edit-metadata: 0.5026558954268694
  landing: 0.4896251354366541
  view-data: 0.19169393554329872
