times:
  edit-metadata: 0.4045504180248827
  landing: 0.053843325935304165
  view-data: 0.1908268870320171
