times:
  edit-metadata: 1.6090316409245133
  landing: 0.8041878128424287
  view-data: 3.362565267831087
