times:
  edit-metadata: 0.37210199795663357
  landing: 0.04549542581662536
  view-data: 0.19003510102629662
