times:
  edit-metadata: 1.2249747728928924
  landing: 0.021477404981851578
  view-data: 0.11964123137295246
