times:
  edit-metadata: 1.444998549297452
  landing: 3.200389686971903
  view-data: 3.2596572190523148
