times:
  edit-metadata: 1.2636939696967602
  landing: 0.1907591912895441
  view-data: 0.024226706475019455
