times:
  edit-metadata: 0.3904419420287013
  landing: 0.04096586909145117
  view-data: 0.19030127208679914
