times:
  edit-metadata: 1.4627744555473328
  landing: 0.8502369858324528
  view-data: 3.316519148647785
