times:
  edit-metadata: 1.4744000509381294
  landing: 1.2800217382609844
  view-data: 3.370251342654228
