times:
  edit-metadata: 1.2607482559978962
  landing: 0.19474490359425545
  view-data: 0.026982007548213005
