times:
  edit-metadata: 1.7407535165548325
  landing: 0.7090603467077017
  view-data: 3.324096729978919
