times:
  edit-metadata: 0.4208562611602247
  landing: 0.048618103843182325
  view-data: 0.20022511202841997
