times:
  edit-metadata: 0.40754136303439736
  landing: 0.04975033504888415
  view-data: 0.2058529439382255
