times:
  edit-metadata: 1.7420574752613902
  landing: 1.0663310419768095
  view-data: 3.4349400447681546
