times:
  edit-metadata: 0.37133872701087967
  landing: 0.04700030799722299
  view-data: 0.18741974100703374
