times:
  edit-metadata: 1.3171675559133291
  landing: 0.2548783253878355
  view-data: 0.02424456924200058
