times:
  edit-metadata: 1.3726367056369781
  landing: 0.8877361454069614
  view-data: 3.3316954113543034
