times:
  edit-metadata: 1.2518271822482347
  landing: 0.022772382013499737
  view-data: 0.023711735382676125
