times:
  edit-metadata: 0.41241840785369277
  landing: 0.08754712995141745
  view-data: 0.19663593638688326
