times:
  edit-metadata: 1.4337366707623005
  landing: 0.8700431026518345
  view-data: 3.4109890908002853
