times:
  edit-metadata: 1.329819006845355
  landing: 0.7041765579488128
  view-data: 3.2955070198513567
