times:
  edit-metadata: 1.2085432894527912
  landing: 0.14552282355725765
  view-data: 0.12185068987309933
