times:
  edit-metadata: 1.6320853270590305
  landing: 0.8561682086437941
  view-data: 3.396300435066223
