times:
  edit-metadata: 1.8130955398082733
  landing: 1.1180973500013351
  view-data: 3.4564588330686092
