times:
  edit-metadata: 0.42857849500433076
  landing: 0.04448837800009642
  view-data: 0.2043166170042241
