times:
  edit-metadata: 1.63559640198946
  landing: 1.3290794789791107
  view-data: 3.4179896973073483
