times:
  edit-metadata: 0.34283239394426346
  landing: 0.04627194022759795
  view-data: 0.18704441795125604
