times:
  edit-metadata: 1.6700988346710801
  landing: 0.05097469035536051
  view-data: 0.02645954303443432
