times:
  edit-metadata: 0.379830802034121
  landing: 0.051468080026097596
  view-data: 0.18694832100300118
