times:
  edit-metadata: 0.4079566188156605
  landing: 0.567479345947504
  view-data: 0.28624603524804115
