times:
  edit-metadata: 0.3508522901684046
  landing: 0.5717588774859905
  view-data: 0.6052302625030279
