times:
  edit-metadata: 1.2721910197287798
  landing: 0.02440376579761505
  view-data: 0.09897839091718197
