times:
  edit-metadata: 0.36648967303335667
  landing: 0.052107320982031524
  view-data: 0.1891531189903617
