times:
  edit-metadata: 1.260352206416428
  landing: 0.01912742480635643
  view-data: 0.22191879525780678
