times:
  edit-metadata: 1.3017725171521306
  landing: 0.11272994242608547
  view-data: 0.11844995617866516
