times:
  edit-metadata: 0.435506084933877
  landing: 0.856099234893918
  view-data: 0.19346044957637787
