times:
  edit-metadata: 1.301105173304677
  landing: 0.02108119986951351
  view-data: 0.3311861380934715
