times:
  edit-metadata: 1.3931064987555146
  landing: 0.7955899788066745
  view-data: 3.375341508537531
