times:
  edit-metadata: 0.37098019989207387
  landing: 0.0451111679431051
  view-data: 0.18506363406777382
