times:
  edit-metadata: 0.3966123377904296
  landing: 0.048406547866761684
  view-data: 0.1920495512895286
