times:
  edit-metadata: 0.6489304001443088
  landing: 0.0713776140473783
  view-data: 0.23447299795225263
