times:
  edit-metadata: 1.4702250845730305
  landing: 0.6849369741976261
  view-data: 3.2947292774915695
