times:
  edit-metadata: 0.4491326678544283
  landing: 0.045449198223650455
  view-data: 0.19252012204378843
