times:
  edit-metadata: 1.5293462458066642
  landing: 0.8124414286576211
  view-data: 3.4249929911457
