times:
  edit-metadata: 1.5386313125491142
  landing: 0.7399014048278332
  view-data: 3.3391611613333225
