times:
  edit-metadata: 1.350465876981616
  landing: 0.15861349925398827
  view-data: 0.13663705438375473
