times:
  edit-metadata: 1.6534910164773464
  landing: 0.8295388072729111
  view-data: 3.356441769748926
