times:
  edit-metadata: 1.2431260738521814
  landing: 0.020215710625052452
  view-data: 0.3719369936734438
