times:
  edit-metadata: 0.3550282788928598
  landing: 0.04460270190611482
  view-data: 0.18912380398251116
