times:
  edit-metadata: 1.5010323263704777
  landing: 0.8658614531159401
  view-data: 3.3341801203787327
