times:
  edit-metadata: 0.3735581673681736
  landing: 0.04505452141165733
  view-data: 0.1876000128686428
