times:
  edit-metadata: 0.4285593833774328
  landing: 0.5275052357465029
  view-data: 0.20794614404439926
