times:
  edit-metadata: 0.38748495280742645
  landing: 0.04658445995301008
  view-data: 0.20302552543580532
