times:
  edit-metadata: 1.3378997007384896
  landing: 0.019866693764925003
  view-data: 0.1155500840395689
