times:
  edit-metadata: 0.3866515699774027
  landing: 0.043377457186579704
  view-data: 0.1843117931857705
