times:
  edit-metadata: 0.36865038200630806
  landing: 0.039042118994984776
  view-data: 0.18762584298383445
