times:
  edit-metadata: 1.3950604535639286
  landing: 0.8198709674179554
  view-data: 3.4152455497533083
