times:
  edit-metadata: 1.5025954088196158
  landing: 0.7716288808733225
  view-data: 3.3596692541614175
