times:
  edit-metadata: 0.36751698900479823
  landing: 0.043976132990792394
  view-data: 0.18906987801892683
