times:
  edit-metadata: 1.2243534587323666
  landing: 0.1922152740880847
  view-data: 0.02338302042335272
