times:
  edit-metadata: 1.2896606232970953
  landing: 0.020980097353458405
  view-data: 0.34859180450439453
