times:
  edit-metadata: 1.454629123210907
  landing: 0.7648844979703426
  view-data: 3.379634365439415
