times:
  edit-metadata: 1.2553868275135756
  landing: 0.022759921848773956
  view-data: 0.12003713194280863
