times:
  edit-metadata: 1.585216898471117
  landing: 0.8422027323395014
  view-data: 3.4650164619088173
