times:
  edit-metadata: 1.4164760746061802
  landing: 0.8701516110450029
  view-data: 3.3956309724599123
