times:
  edit-metadata: 0.37708937597926706
  landing: 0.04826528194826096
  view-data: 0.18575257901102304
