times:
  edit-metadata: 3.9035709518939257
  landing: 1.5656626550480723
  view-data: 3.643094544298947
