times:
  edit-metadata: 0.411332992836833
  landing: 0.04999600164592266
  view-data: 0.19532276690006256
