times:
  edit-metadata: 1.2542485119774938
  landing: 0.024525039829313755
  view-data: 0.11981919035315514
