times:
  edit-metadata: 1.3562223771587014
  landing: 0.7833638992160559
  view-data: 3.326858492102474
