times:
  edit-metadata: 2.560162238776684
  landing: 1.0023559033870697
  view-data: 3.5268085040152073
