times:
  landing: 0.546843717999991
  view-data: 0.5545983590000105
