times:
  edit-metadata: 0.3994845061097294
  landing: 0.048769818153232336
  view-data: 0.18506086594425142
