times:
  edit-metadata: 0.4088920990470797
  landing: 0.04218594799749553
  view-data: 0.23487157397903502
