times:
  edit-metadata: 0.3795824102126062
  landing: 0.04653166886419058
  view-data: 0.20217895787209272
