times:
  edit-metadata: 0.4013860020786524
  landing: 0.03860161919146776
  view-data: 0.20236282516270876
