times:
  edit-metadata: 1.27302828989923
  landing: 0.02193313091993332
  view-data: 0.48443348426371813
