times:
  edit-metadata: 1.6675362419337034
  landing: 0.838915515691042
  view-data: 3.362709562294185
