times:
  edit-metadata: 0.49014417128637433
  landing: 0.07135855313390493
  view-data: 0.20268045086413622
