times:
  edit-metadata: 1.5138945411890745
  landing: 0.8500779420137405
  view-data: 3.3627152778208256
