times:
  edit-metadata: 0.41920966282486916
  landing: 0.5869221519678831
  view-data: 0.5766241159290075
