times:
  edit-metadata: 1.2533491319045424
  landing: 0.020091360434889793
  view-data: 0.22371626179665327
