times:
  edit-metadata: 1.8127801842056215
  landing: 1.328782764263451
  view-data: 3.48290251288563
