times:
  edit-metadata: 0.39741479605436325
  landing: 2.660434916615486
  view-data: 0.5773211810737848
