times:
  edit-metadata: 0.49618692114017904
  landing: 0.12817987310700119
  view-data: 0.200036380905658
