times:
  edit-metadata: 0.4185186671093106
  landing: 0.058083650190383196
  view-data: 0.22157485410571098
