times:
  edit-metadata: 1.2739457441493869
  landing: 0.020731310360133648
  view-data: 0.0223369263112545
