times:
  edit-metadata: 0.3626209367066622
  landing: 0.0780988335609436
  view-data: 0.19417555071413517
