times:
  edit-metadata: 0.6180136022157967
  landing: 0.10152851231396198
  view-data: 0.27382717467844486
