times:
  edit-metadata: 1.2225070325657725
  landing: 0.020680027082562447
  view-data: 0.13205206021666527
