times:
  edit-metadata: 1.373734466964379
  landing: 0.7785499449819326
  view-data: 3.2767783640883863
