times:
  edit-metadata: 1.254562759771943
  landing: 0.1600884571671486
  view-data: 0.02406861912459135
