times:
  edit-metadata: 1.534503424540162
  landing: 0.7335411701351404
  view-data: 3.3673923518508673
