times:
  edit-metadata: 1.220022713765502
  landing: 0.020214004442095757
  view-data: 0.12603171821683645
