times:
  edit-metadata: 1.7341529577970505
  landing: 0.9569364972412586
  view-data: 3.4593242295086384
