times:
  edit-metadata: 0.3888508990057744
  landing: 0.046398748992942274
  view-data: 0.1960878319805488
