times:
  edit-metadata: 0.38688503205776215
  landing: 0.04426316171884537
  view-data: 0.1859804131090641
