times:
  landing: 1.0794480400000452
  view-data: 0.5634523589999958
