times:
  edit-metadata: 0.49900728510692716
  landing: 0.06067408109083772
  view-data: 0.19050939520820975
