times:
  edit-metadata: 1.295933973044157
  landing: 0.020052678883075714
  view-data: 0.32440484315156937
