times:
  edit-metadata: 1.3069597203284502
  landing: 0.14984437823295593
  view-data: 0.025046871975064278
