times:
  edit-metadata: 0.42135113198310137
  landing: 0.04764886200428009
  view-data: 0.19904570700600743
