times:
  edit-metadata: 0.3845416917465627
  landing: 0.04481853824108839
  view-data: 0.188117781188339
