times:
  edit-metadata: 0.37304214807227254
  landing: 0.04185133194550872
  view-data: 0.1831312607973814
