times:
  edit-metadata: 0.40422661416232586
  landing: 0.04509468795731664
  view-data: 0.18868397222831845
