times:
  edit-metadata: 1.5334376264363527
  landing: 0.9848111197352409
  view-data: 3.4207001086324453
