times:
  edit-metadata: 0.4359916727989912
  landing: 0.08666111109778285
  view-data: 0.2564574643038213
