times:
  edit-metadata: 0.4151547811925411
  landing: 1.616474049165845
  view-data: 0.5742365438491106
