times:
  landing: 0.5525671139999986
  view-data: 0.5787772620000169
