times:
  edit-metadata: 0.42438921390566975
  landing: 0.06338101509027183
  view-data: 0.24962349398992956
