times:
  edit-metadata: 1.2422677790746093
  landing: 0.11580954026430845
  view-data: 0.41657227370887995
