times:
  edit-metadata: 1.5418874453753233
  landing: 0.7628317624330521
  view-data: 3.409917362034321
