times:
  landing: 0.5505515199999991
  view-data: 0.5636631129999614
