times:
  edit-metadata: 0.35869563883170485
  landing: 0.05527095077559352
  view-data: 0.184695266187191
