times:
  edit-metadata: 1.5714888591319323
  landing: 0.203951396048069
  view-data: 0.295654121786356
