times:
  edit-metadata: 0.3990143667906523
  landing: 0.05116336280480027
  view-data: 0.18616074370220304
