times:
  edit-metadata: 0.40534946182742715
  landing: 0.044448754750192165
  view-data: 0.1834028591401875
