times:
  edit-metadata: 1.3832955695688725
  landing: 0.7801326476037502
  view-data: 3.3015983551740646
