times:
  edit-metadata: 0.3984784099739045
  landing: 0.057806230965070426
  view-data: 0.19327840500045568
