times:
  edit-metadata: 1.2156621161848307
  landing: 0.019878579303622246
  view-data: 0.02381722256541252
