times:
  edit-metadata: 1.2744466420263052
  landing: 0.022077059373259544
  view-data: 0.02449966035783291
