times:
  edit-metadata: 0.4034605589695275
  landing: 0.04981888923794031
  view-data: 0.20893664984032512
