times:
  edit-metadata: 0.42121002823114395
  landing: 0.041626233607530594
  view-data: 0.19182909280061722
