times:
  edit-metadata: 0.37333744019269943
  landing: 0.04550301283597946
  view-data: 0.19060901552438736
