times:
  edit-metadata: 1.6056355126202106
  landing: 0.8120611645281315
  view-data: 3.3855971209704876
