times:
  edit-metadata: 0.42483804002404213
  landing: 0.05693480290938169
  view-data: 0.2098886229796335
