times:
  edit-metadata: 2.0664807874709368
  landing: 0.3072681110352278
  view-data: 0.4518849700689316
