times:
  edit-metadata: 0.41051820665597916
  landing: 0.04961819853633642
  view-data: 0.19671117421239614
