times:
  edit-metadata: 0.3707000822760165
  landing: 0.03886272991076112
  view-data: 0.19648611219599843
