times:
  edit-metadata: 0.40103160217404366
  landing: 0.04696027934551239
  view-data: 0.19399288669228554
