times:
  edit-metadata: 1.4838107973337173
  landing: 1.0909877121448517
  view-data: 3.307298671454191
