times:
  edit-metadata: 1.5743615683168173
  landing: 0.7402522806078196
  view-data: 3.4537185467779636
