times:
  landing: 0.556466367999974
  view-data: 0.5518967059999795
