times:
  edit-metadata: 1.2193269999697804
  landing: 0.15074208192527294
  view-data: 0.024829907342791557
