times:
  edit-metadata: 0.341099486220628
  landing: 0.04533284204080701
  view-data: 0.18930785357952118
