times:
  edit-metadata: 1.56677152402699
  landing: 0.3313819356262684
  view-data: 0.16805854439735413
