times:
  edit-metadata: 0.40673535969108343
  landing: 0.04324406199157238
  view-data: 0.20006774924695492
