times:
  edit-metadata: 1.5901803374290466
  landing: 0.8515221700072289
  view-data: 3.384835921227932
