times:
  edit-metadata: 1.5778249241411686
  landing: 0.9371404200792313
  view-data: 3.376086685806513
