times:
  landing: 0.5525971399999889
  view-data: 0.5566514879999431
