times:
  edit-metadata: 1.930146437138319
  landing: 1.078764971345663
  view-data: 3.3738169483840466
