times:
  edit-metadata: 0.41474395990371704
  landing: 0.04757002741098404
  view-data: 0.19604014977812767
