times:
  edit-metadata: 0.5581809347495437
  landing: 0.052722851280122995
  view-data: 0.2703252607025206
