times:
  edit-metadata: 1.2444321103394032
  landing: 0.18575531244277954
  view-data: 0.11709968838840723
