times:
  edit-metadata: 0.4158986979164183
  landing: 0.0487811048515141
  view-data: 0.3429287299513817
