times:
  edit-metadata: 6.859161047264934
  landing: 2.303493244573474
  view-data: 3.731717322021723
