times:
  edit-metadata: 1.2862792974337935
  landing: 0.21598222199827433
  view-data: 0.39396174997091293
