times:
  edit-metadata: 1.6538939150050282
  landing: 0.8674755870597437
  view-data: 3.3757256360258907
