times:
  edit-metadata: 0.4134862385690212
  landing: 0.052021805197000504
  view-data: 0.1860981248319149
