times:
  edit-metadata: 1.5204975567758083
  landing: 0.7256350629031658
  view-data: 3.360449716448784
