times:
  edit-metadata: 0.4131510930019431
  landing: 0.04691509099211544
  view-data: 0.19763312203576788
