times:
  edit-metadata: 0.48616954195313156
  landing: 0.09173418814316392
  view-data: 0.19402121100574732
