times:
  edit-metadata: 0.3554717842489481
  landing: 0.7001560255885124
  view-data: 0.2951901685446501
