times:
  edit-metadata: 1.4960441067814827
  landing: 0.8240965511649847
  view-data: 3.413443093188107
