times:
  edit-metadata: 1.2567346189171076
  landing: 0.12901606503874063
  view-data: 0.13564726058393717
