times:
  edit-metadata: 0.3561177607625723
  landing: 0.043986991979181767
  view-data: 0.19890929944813251
