times:
  edit-metadata: 1.2640533139929175
  landing: 0.025626310147345066
  view-data: 0.093534248881042
