times:
  edit-metadata: 0.39335581799969077
  landing: 0.0509052611887455
  view-data: 0.18613490322604775
