times:
  edit-metadata: 1.2420136705040932
  landing: 0.11970472428947687
  view-data: 0.026538140140473843
