times:
  edit-metadata: 1.2405989486724138
  landing: 0.020188859663903713
  view-data: 0.1281453175470233
