times:
  edit-metadata: 1.4264917708933353
  landing: 0.8993174284696579
  view-data: 3.3090174794197083
