times:
  edit-metadata: 1.2162493448704481
  landing: 0.023867802694439888
  view-data: 0.026737656444311142
