times:
  edit-metadata: 1.559909150004387
  landing: 0.7656904552131891
  view-data: 3.4112581443041563
