times:
  edit-metadata: 1.4722152911126614
  landing: 0.7641724832355976
  view-data: 3.3334707096219063
