times:
  edit-metadata: 1.6086243633180857
  landing: 0.8438340835273266
  view-data: 3.4062627218663692
