times:
  edit-metadata: 1.5639129094779491
  landing: 0.8222511149942875
  view-data: 3.4288531616330147
