times:
  edit-metadata: 0.40798267209902406
  landing: 0.0407632770948112
  view-data: 0.18922377610579133
