times:
  edit-metadata: 0.3479516366496682
  landing: 0.04914674116298556
  view-data: 0.18384210113435984
