times:
  edit-metadata: 0.4335384969599545
  landing: 0.058808832021895796
  view-data: 0.20908064197283238
