times:
  edit-metadata: 1.335349746979773
  landing: 0.22107726335525513
  view-data: 0.3838970847427845
