times:
  edit-metadata: 1.5716489711776376
  landing: 0.9565084595233202
  view-data: 3.377617059275508
