times:
  edit-metadata: 0.3953298553824425
  landing: 0.05238756164908409
  view-data: 0.18523234501481056
