times:
  edit-metadata: 1.5647686664015055
  landing: 0.7508099563419819
  view-data: 3.390882497653365
