times:
  edit-metadata: 0.3246467486023903
  landing: 0.36932891607284546
  view-data: 0.20293989591300488
