times:
  edit-metadata: 1.325216455385089
  landing: 0.7643196601420641
  view-data: 3.278696460649371
