times:
  edit-metadata: 1.2265404155477881
  landing: 0.17298761382699013
  view-data: 0.025801879353821278
