times:
  edit-metadata: 0.41282219905406237
  landing: 0.0656351619400084
  view-data: 0.20783211523666978
