times:
  edit-metadata: 1.302245732396841
  landing: 0.13862735033035278
  view-data: 0.2216169275343418
