times:
  edit-metadata: 1.5137038920074701
  landing: 0.7256176304072142
  view-data: 3.3511271066963673
