times:
  edit-metadata: 0.42935716500505805
  landing: 0.05382339796051383
  view-data: 0.2007794687524438
