times:
  edit-metadata: 0.4446050450205803
  landing: 0.04308150988072157
  view-data: 0.1972568561322987
