times:
  edit-metadata: 0.41367533477023244
  landing: 0.04860042920336127
  view-data: 0.18367119319736958
