times:
  edit-metadata: 1.5828311890363693
  landing: 0.8662704490125179
  view-data: 3.3529663905501366
