times:
  edit-metadata: 1.2306350087746978
  landing: 0.020079421810805798
  view-data: 0.025217206217348576
