times:
  edit-metadata: 0.42296042665839195
  landing: 0.04147367551922798
  view-data: 0.18815560266375542
