times:
  edit-metadata: 1.9908629357814789
  landing: 8.543158564716578
  view-data: 3.5038389712572098
