times:
  landing: 0.5526177839999491
  view-data: 0.5555597500000431
