times:
  edit-metadata: 0.3472363470355049
  landing: 0.051115132053382695
  view-data: 0.18590647296514362
