times:
  edit-metadata: 1.5135061852633953
  landing: 0.9624242037534714
  view-data: 3.351275511085987
