times:
  edit-metadata: 1.7503773793578148
  landing: 0.34247150644659996
  view-data: 0.31630453653633595
