times:
  edit-metadata: 1.4095405731350183
  landing: 0.72377641312778
  view-data: 3.329133120831102
