times:
  edit-metadata: 0.3630709918215871
  landing: 0.06144640175625682
  view-data: 0.190624772105366
