times:
  edit-metadata: 1.472637616097927
  landing: 0.9646616950631142
  view-data: 3.457486554980278
