times:
  edit-metadata: 0.36125553539022803
  landing: 0.04417930915951729
  view-data: 0.18733950424939394
