times:
  edit-metadata: 1.5652367332950234
  landing: 0.8972178418189287
  view-data: 3.411334516480565
