times:
  edit-metadata: 1.3578835409134626
  landing: 0.01904720813035965
  view-data: 0.1524796076118946
