times:
  edit-metadata: 0.4235780988819897
  landing: 0.04741514613851905
  view-data: 0.19809694914147258
