times:
  edit-metadata: 0.3929957430809736
  landing: 0.6279173381626606
  view-data: 0.2078148741275072
