times:
  edit-metadata: 1.2701212791725993
  landing: 0.021892459131777287
  view-data: 0.10425015445798635
