times:
  edit-metadata: 0.38893941417336464
  landing: 0.048712332267314196
  view-data: 0.19031022302806377
