times:
  edit-metadata: 0.40945007745176554
  landing: 0.043003506027162075
  view-data: 0.20687888469547033
