times:
  edit-metadata: 1.6327493656426668
  landing: 0.7252152487635612
  view-data: 3.3583407811820507
