times:
  edit-metadata: 0.4333761699963361
  landing: 0.05668217900529271
  view-data: 0.2138840940024238
