times:
  edit-metadata: 1.2258285973221064
  landing: 0.03274601884186268
  view-data: 0.29481922276318073
