times:
  edit-metadata: 1.5409346371889114
  landing: 0.7804199121892452
  view-data: 3.425619276240468
