times:
  landing: 0.5413031680000131
  view-data: 0.5438720989999979
