times:
  edit-metadata: 0.41744219698011875
  landing: 0.09027813281863928
  view-data: 0.24466411396861076
