times:
  landing: 0.5649618350000196
  view-data: 0.551978097000017
