times:
  edit-metadata: 0.41747983219102025
  landing: 0.04226362286135554
  view-data: 0.20695561403408647
