times:
  edit-metadata: 0.40552486293017864
  landing: 0.04613741394132376
  view-data: 0.2058272841386497
