times:
  edit-metadata: 0.43692091666162014
  landing: 0.5691448263823986
  view-data: 0.5796099212020636
