times:
  edit-metadata: 1.6682604756206274
  landing: 0.8792905621230602
  view-data: 3.4168956596404314
