times:
  edit-metadata: 0.4159069189336151
  landing: 0.05087850405834615
  view-data: 0.22740377392619848
