times:
  edit-metadata: 0.511216988787055
  landing: 0.825719004496932
  view-data: 0.4202850144356489
