times:
  edit-metadata: 1.573941197246313
  landing: 0.9088760800659657
  view-data: 3.4185383915901184
