times:
  edit-metadata: 0.3653360493481159
  landing: 0.05142488330602646
  view-data: 0.1881595067679882
