times:
  edit-metadata: 0.3667152817361057
  landing: 0.048970296047627926
  view-data: 0.19999403599649668
