times:
  edit-metadata: 1.595549114048481
  landing: 0.8015568479895592
  view-data: 3.4142927192151546
