times:
  edit-metadata: 0.5156515929847956
  landing: 0.04278435604646802
  view-data: 0.2908238619565964
