times:
  edit-metadata: 1.4741577841341496
  landing: 0.7214853670448065
  view-data: 3.3020900767296553
