times:
  edit-metadata: 0.39280288107693195
  landing: 0.050789349945262074
  view-data: 0.18332469300366938
