times:
  edit-metadata: 0.4109469191171229
  landing: 0.0421062579844147
  view-data: 0.19885961199179292
