times:
  edit-metadata: 0.37181461974978447
  landing: 0.04383217543363571
  view-data: 0.31236157938838005
