times:
  edit-metadata: 1.2601062282919884
  landing: 0.02079187799245119
  view-data: 0.023870859295129776
