times:
  edit-metadata: 1.5573931876569986
  landing: 0.7835188917815685
  view-data: 3.4173068460077047
