times:
  edit-metadata: 0.4363965720112901
  landing: 0.045897547010099515
  view-data: 0.2192838060000213
