times:
  edit-metadata: 1.4234713558107615
  landing: 0.717279925942421
  view-data: 3.316565826535225
