times:
  edit-metadata: 0.44746601954102516
  landing: 0.7924977485090494
  view-data: 0.18264682590961456
