times:
  edit-metadata: 0.41449178103357553
  landing: 0.049256918020546436
  view-data: 0.23052781797014177
