times:
  edit-metadata: 1.259569637477398
  landing: 0.02319028414785862
  view-data: 0.10672803781926632
