times:
  edit-metadata: 1.612685825675726
  landing: 0.8895029835402966
  view-data: 3.3669657297432423
