times:
  edit-metadata: 1.531441317871213
  landing: 0.7988493423908949
  view-data: 3.4395722933113575
