times:
  edit-metadata: 1.559806928038597
  landing: 0.7192161791026592
  view-data: 0.5407768040895462
