times:
  edit-metadata: 0.3875804371200502
  landing: 0.03991083661094308
  view-data: 0.1917375079356134
