times:
  edit-metadata: 2.2635017782449722
  landing: 1.752301350235939
  view-data: 3.391682554036379
