times:
  edit-metadata: 0.37229163106530905
  landing: 0.050703044049441814
  view-data: 0.19198459712788463
