times:
  edit-metadata: 1.5881346873939037
  landing: 0.8347647041082382
  view-data: 3.3547843769192696
