times:
  edit-metadata: 0.387436349876225
  landing: 0.05376827600412071
  view-data: 0.22940157912671566
