times:
  edit-metadata: 1.308126281015575
  landing: 0.22408583853393793
  view-data: 0.3379755113273859
