times:
  edit-metadata: 1.5067711044102907
  landing: 0.7294606659561396
  view-data: 3.3709601387381554
