times:
  edit-metadata: 1.2410455457866192
  landing: 0.14408765267580748
  view-data: 0.02414664812386036
