times:
  landing: 0.5522377219999726
  view-data: 0.562304987999994
