times:
  edit-metadata: 1.4089451804757118
  landing: 0.6594514548778534
  view-data: 3.299954306334257
