times:
  edit-metadata: 0.4191449349746108
  landing: 0.04160106275230646
  view-data: 0.19840571144595742
