times:
  landing: 1.6018995750000045
  view-data: 0.5610345670000356
