times:
  edit-metadata: 0.3895374587737024
  landing: 0.04034542106091976
  view-data: 0.18901484971866012
