times:
  edit-metadata: 1.5368778239935637
  landing: 0.8925546184182167
  view-data: 3.4126524422317743
