times:
  edit-metadata: 1.1931073917075992
  landing: 0.23050584271550179
  view-data: 0.3960030907765031
