times:
  edit-metadata: 1.6173199377954006
  landing: 0.7509039733558893
  view-data: 3.3687253668904305
