times:
  edit-metadata: 1.6164376363158226
  landing: 0.8972181174904108
  view-data: 3.3908301796764135
