times:
  edit-metadata: 0.3805366170126945
  landing: 0.052498143864795566
  view-data: 0.18713418603874743
