times:
  edit-metadata: 1.3916970454156399
  landing: 0.14728369563817978
  view-data: 0.3621530421078205
