times:
  edit-metadata: 1.4846074571833014
  landing: 0.9920629393309355
  view-data: 3.3096836199983954
