times:
  edit-metadata: 1.7915094513446093
  landing: 0.9870729334652424
  view-data: 3.3852906823158264
