times:
  edit-metadata: 0.4227323839440942
  landing: 0.04787049302831292
  view-data: 0.1812210448551923
