times:
  edit-metadata: 1.5332459062337875
  landing: 0.8920820094645023
  view-data: 3.347511440515518
