times:
  edit-metadata: 1.2874336959794164
  landing: 0.2644675709307194
  view-data: 0.02488979510962963
