times:
  edit-metadata: 1.5830346904695034
  landing: 1.0217101648449898
  view-data: 3.3455354645848274
