times:
  edit-metadata: 0.38871733378618956
  landing: 0.05380217311903834
  view-data: 0.1913321679458022
