times:
  edit-metadata: 0.4168107290752232
  landing: 0.05207708477973938
  view-data: 0.19550299597904086
