times:
  edit-metadata: 0.3621991756372154
  landing: 0.04196238797158003
  view-data: 0.18599617714062333
