times:
  edit-metadata: 1.6740257441997528
  landing: 0.8555860109627247
  view-data: 3.3374502323567867
