times:
  edit-metadata: 1.5548653565347195
  landing: 0.9205046482384205
  view-data: 3.3789318837225437
