times:
  edit-metadata: 1.6735069993883371
  landing: 0.3246265407651663
  view-data: 0.38925956562161446
