times:
  edit-metadata: 0.41490167286247015
  landing: 0.053707441315054893
  view-data: 0.19675453193485737
