times:
  landing: 0.5555370749999611
  view-data: 0.5574131019999413
