times:
  edit-metadata: 1.2159253992140293
  landing: 0.09414710476994514
  view-data: 0.12697091419249773
