times:
  edit-metadata: 1.5137323774397373
  landing: 0.8187955413013697
  view-data: 3.4111271016299725
