times:
  edit-metadata: 0.3632013479946181
  landing: 0.05309548700461164
  view-data: 0.18782704799377825
