times:
  edit-metadata: 0.3811175860464573
  landing: 0.5766178630292416
  view-data: 0.5957621112465858
