times:
  edit-metadata: 0.40700793685391545
  landing: 0.1046604469884187
  view-data: 0.189535868819803
