times:
  edit-metadata: 1.5741771794855595
  landing: 0.7942469641566277
  view-data: 3.458456940948963
