times:
  edit-metadata: 1.254842913709581
  landing: 0.019252666272222996
  view-data: 0.10284815542399883
