times:
  edit-metadata: 1.5930229015648365
  landing: 1.0747939459979534
  view-data: 3.3467623628675938
