times:
  edit-metadata: 0.29940762743353844
  landing: 1.6191546190530062
  view-data: 0.5626761335879564
