times:
  edit-metadata: 0.3798393430188298
  landing: 0.04457134602125734
  view-data: 0.19476308801677078
