times:
  edit-metadata: 0.40369896218180656
  landing: 0.05120336636900902
  view-data: 0.1867099553346634
