times:
  edit-metadata: 1.3070654552429914
  landing: 0.020148005336523056
  view-data: 0.12659482564777136
