times:
  edit-metadata: 0.3500399239710532
  landing: 0.04996305197710171
  view-data: 0.18413023900939152
