times:
  edit-metadata: 1.3141206353902817
  landing: 0.1302417851984501
  view-data: 0.32013709284365177
