times:
  edit-metadata: 1.5573726445436478
  landing: 0.7505895216017962
  view-data: 3.382651248946786
