times:
  edit-metadata: 0.3949134089052677
  landing: 0.05072677135467529
  view-data: 0.18928060680627823
