times:
  edit-metadata: 1.3957999888807535
  landing: 0.2613250631839037
  view-data: 0.13736645132303238
