times:
  edit-metadata: 0.43141313399974024
  landing: 0.04370667499824776
  view-data: 0.18642252800054848
