times:
  edit-metadata: 1.582743437960744
  landing: 0.7432944409083575
  view-data: 3.434004650916904
