times:
  edit-metadata: 1.2576525220647454
  landing: 0.01876026764512062
  view-data: 0.4055695980787277
