times:
  edit-metadata: 1.3289671018719673
  landing: 0.14642726443707943
  view-data: 0.25488721393048763
