times:
  edit-metadata: 0.42480386793613434
  landing: 0.05269285663962364
  view-data: 0.19014285132288933
