times:
  edit-metadata: 0.37443958315998316
  landing: 0.03819224517792463
  view-data: 0.19378733821213245
