times:
  edit-metadata: 0.41216508101206273
  landing: 0.054317850968800485
  view-data: 0.2345035779871978
