times:
  edit-metadata: 0.42701678606681526
  landing: 0.0458980668336153
  view-data: 0.3217841861769557
