times:
  edit-metadata: 1.5671773944050074
  landing: 0.19374626502394676
  view-data: 0.16916299983859062
