times:
  edit-metadata: 0.40569353802129626
  landing: 0.04762169509194791
  view-data: 0.2384572650771588
