times:
  edit-metadata: 0.3834316497668624
  landing: 0.04550418583676219
  view-data: 0.1890747221186757
