times:
  edit-metadata: 1.5921565238386393
  landing: 0.876778214238584
  view-data: 3.390918386168778
