times:
  edit-metadata: 1.5203186399303377
  landing: 8.239600128028542
  view-data: 3.3643590630963445
