times:
  edit-metadata: 0.3819585181772709
  landing: 0.052417825907468796
  view-data: 0.18353530764579773
