times:
  edit-metadata: 1.2327696289867163
  landing: 0.021555118262767792
  view-data: 0.09984362777322531
