times:
  edit-metadata: 1.2572917314246297
  landing: 0.018474843353033066
  view-data: 0.38894715160131454
