times:
  edit-metadata: 1.2631397107616067
  landing: 0.1541400169953704
  view-data: 0.023496054112911224
