times:
  edit-metadata: 1.2647454915568233
  landing: 0.02150578610599041
  view-data: 0.3300152411684394
