times:
  edit-metadata: 1.5273273270577192
  landing: 0.761883769184351
  view-data: 3.4161952435970306
