times:
  edit-metadata: 1.482095681130886
  landing: 0.8129717325791717
  view-data: 3.3585693519562483
