times:
  edit-metadata: 0.40018205321393907
  landing: 0.06026356411166489
  view-data: 0.17755534290336072
