times:
  edit-metadata: 0.380295331007801
  landing: 0.04297298099845648
  view-data: 0.18949739099480212
