times:
  edit-metadata: 0.4977283328771591
  landing: 0.07806486496701837
  view-data: 0.2088677231222391
