times:
  edit-metadata: 0.545854801312089
  landing: 0.04454128444194794
  view-data: 0.3254096917808056
