times:
  edit-metadata: 0.393653641018318
  landing: 0.04413581799599342
  view-data: 0.22246796399122104
