times:
  edit-metadata: 0.3488264810293913
  landing: 0.6646798215806484
  view-data: 0.2928575873374939
