times:
  edit-metadata: 1.6364762149751186
  landing: 0.9002153407782316
  view-data: 3.398675501346588
