times:
  edit-metadata: 0.4380344972014427
  landing: 0.5403536092489958
  view-data: 0.19035787507891655
