times:
  edit-metadata: 1.2319782674312592
  landing: 0.023119536228477955
  view-data: 0.116823460906744
