times:
  edit-metadata: 0.38559836335480213
  landing: 1.2990134004503489
  view-data: 0.30409202724695206
