times:
  edit-metadata: 1.2221759157255292
  landing: 0.019220668822526932
  view-data: 0.11981478706002235
