times:
  edit-metadata: 1.3558173011988401
  landing: 0.021876260638237
  view-data: 0.1333204098045826
