times:
  landing: 0.5472593700000061
  view-data: 0.5486962450000306
