times:
  edit-metadata: 1.4794404562562704
  landing: 0.7520530596375465
  view-data: 3.3772324062883854
