times:
  edit-metadata: 1.386481998488307
  landing: 0.8274972308427095
  view-data: 3.2977115903049707
