times:
  edit-metadata: 0.35774035402573645
  landing: 0.04429233097471297
  view-data: 0.19052960601402447
