times:
  edit-metadata: 1.557377714663744
  landing: 0.827610295265913
  view-data: 3.425074215978384
