times:
  landing: 1.6113288048654795
  view-data: 0.5805760119110346
