times:
  edit-metadata: 0.420361767988652
  landing: 0.04910678800661117
  view-data: 0.1920382160024019
