times:
  edit-metadata: 1.8854486048221588
  landing: 1.0286580845713615
  view-data: 3.3510137125849724
