times:
  edit-metadata: 1.211168353445828
  landing: 0.19715656526386738
  view-data: 0.023729479871690273
