times:
  edit-metadata: 0.3634577188640833
  landing: 0.05426087975502014
  view-data: 0.18929700599983335
