times:
  edit-metadata: 0.40255656908266246
  landing: 0.04960775910876691
  view-data: 0.18069648509845138
