times:
  edit-metadata: 0.5394492642953992
  landing: 0.052330625243484974
  view-data: 0.27793725207448006
