times:
  edit-metadata: 0.3503327760845423
  landing: 0.7778310421854258
  view-data: 0.6766171976923943
