times:
  edit-metadata: 4.354168098419905
  landing: 2.1348914057016373
  view-data: 3.9973826836794615
