times:
  edit-metadata: 1.4877965110354125
  landing: 0.7951525431126356
  view-data: 3.327593841822818
