times:
  edit-metadata: 1.5234673582017422
  landing: 0.801081420853734
  view-data: 3.3633714839816093
