times:
  edit-metadata: 0.4185961037874222
  landing: 0.04216530732810497
  view-data: 0.3350277692079544
