times:
  landing: 0.5478400969999484
  view-data: 0.5485179309999921
