times:
  edit-metadata: 1.428685212507844
  landing: 0.1304115168750286
  view-data: 0.02550620771944523
