times:
  edit-metadata: 1.3043554900214076
  landing: 0.019659606739878654
  view-data: 0.024220985360443592
