times:
  edit-metadata: 1.2601087410002947
  landing: 0.02205628529191017
  view-data: 0.1973937163129449
