times:
  edit-metadata: 0.42480030306614935
  landing: 0.04432242503389716
  view-data: 0.2579205479705706
