times:
  edit-metadata: 1.6689033564180136
  landing: 0.02201157622039318
  view-data: 0.16434279270470142
