times:
  edit-metadata: 0.3745280399452895
  landing: 0.039021858014166355
  view-data: 0.19276029895991087
