times:
  edit-metadata: 0.43718782579526305
  landing: 0.10928389988839626
  view-data: 0.20639751385897398
