times:
  edit-metadata: 1.5432927310466766
  landing: 0.9677222240716219
  view-data: 3.40395980887115
