times:
  edit-metadata: 1.2068598801270127
  landing: 0.207714413292706
  view-data: 0.11763704475015402
