times:
  edit-metadata: 1.6657416401430964
  landing: 1.0291177835315466
  view-data: 3.339653949253261
