times:
  edit-metadata: 0.41119970194995403
  landing: 0.049315571086481214
  view-data: 0.20716840191744268
