times:
  edit-metadata: 1.83950886875391
  landing: 1.0832450352609158
  view-data: 3.4347089752554893
