times:
  edit-metadata: 0.40287858061492443
  landing: 0.9021520167589188
  view-data: 0.2828395124524832
