times:
  edit-metadata: 0.38282576110213995
  landing: 0.042828877456486225
  view-data: 0.20226618461310863
