times:
  edit-metadata: 1.4765388490632176
  landing: 0.7541302107274532
  view-data: 3.382493803743273
