times:
  edit-metadata: 0.39207011088728905
  landing: 1.0883421190083027
  view-data: 0.5779131036251783
