times:
  edit-metadata: 0.37531067605596036
  landing: 0.05317639000713825
  view-data: 0.18065140000544488
