times:
  edit-metadata: 0.417032680939883
  landing: 0.051128895953297615
  view-data: 0.2058288319967687
