times:
  edit-metadata: 0.4080447559244931
  landing: 0.04855717811733484
  view-data: 0.2015880080871284
