times:
  edit-metadata: 1.5595973283052444
  landing: 0.9560143612325191
  view-data: 3.3601332753896713
