times:
  edit-metadata: 1.5678615886718035
  landing: 0.8994865398854017
  view-data: 3.3530020266771317
