times:
  edit-metadata: 1.2023002738133073
  landing: 0.02095490600913763
  view-data: 0.13666879571974277
