times:
  edit-metadata: 0.40761760994791985
  landing: 0.042286187410354614
  view-data: 0.18805906176567078
