times:
  edit-metadata: 1.432610337040387
  landing: 0.7650851539801806
  view-data: 3.2989450059831142
