times:
  edit-metadata: 1.550677813589573
  landing: 0.7649193666875362
  view-data: 3.433862080797553
