times:
  edit-metadata: 0.3706908239983022
  landing: 0.04245912982150912
  view-data: 0.18875540792942047
