times:
  edit-metadata: 0.41861849278211594
  landing: 0.7870643883943558
  view-data: 0.2935030944645405
