times:
  edit-metadata: 0.380111841019243
  landing: 0.05057955486699939
  view-data: 0.1885393252596259
