times:
  edit-metadata: 0.47076923586428165
  landing: 0.05723789520561695
  view-data: 0.20043768547475338
