times:
  edit-metadata: 1.3367522787302732
  landing: 0.019814832136034966
  view-data: 0.025035401806235313
