times:
  edit-metadata: 1.5902924451511353
  landing: 0.8597721250262111
  view-data: 3.4610511451028287
