times:
  edit-metadata: 0.4097166331484914
  landing: 0.047482180409133434
  view-data: 0.23642044607549906
