times:
  edit-metadata: 1.247790014371276
  landing: 0.022520173341035843
  view-data: 0.36464696004986763
