times:
  edit-metadata: 1.4848186448216438
  landing: 0.7777618784457445
  view-data: 3.318542055785656
