times:
  edit-metadata: 1.5569941382855177
  landing: 0.7637616023421288
  view-data: 3.392102060839534
