times:
  edit-metadata: 1.2697343286126852
  landing: 0.021527109667658806
  view-data: 0.02427595853805542
