times:
  edit-metadata: 2.125752653926611
  landing: 1.482673417776823
  view-data: 3.5107467267662287
