times:
  edit-metadata: 0.3749218499287963
  landing: 0.04390327725559473
  view-data: 0.19514803495258093
