times:
  edit-metadata: 1.2661605309695005
  landing: 0.12605888675898314
  view-data: 0.2397937998175621
