times:
  edit-metadata: 1.218063578940928
  landing: 0.09922258276492357
  view-data: 0.0960933156311512
