times:
  edit-metadata: 0.35296113789081573
  landing: 0.05447323084808886
  view-data: 0.185939327115193
