times:
  edit-metadata: 0.3846572010079399
  landing: 0.046019190922379494
  view-data: 0.19099742104299366
