times:
  edit-metadata: 0.4236795548349619
  landing: 0.6033049132674932
  view-data: 0.2968657296150923
