times:
  edit-metadata: 1.3004714008420706
  landing: 0.019533940590918064
  view-data: 0.024457985535264015
