times:
  edit-metadata: 1.2862664414569736
  landing: 0.12854740023612976
  view-data: 0.11674206517636776
