times:
  edit-metadata: 1.5009035356342793
  landing: 0.9409765228629112
  view-data: 3.333396542817354
