times:
  edit-metadata: 1.3073045816272497
  landing: 0.23829024098813534
  view-data: 0.3372749425470829
