times:
  landing: 0.5523834770000349
  view-data: 0.5533374819999608
