times:
  edit-metadata: 0.34134507086127996
  landing: 0.046982786152511835
  view-data: 0.18738052109256387
