times:
  edit-metadata: 0.3773269932717085
  landing: 0.914591720327735
  view-data: 0.4129145722836256
