times:
  edit-metadata: 0.3786601689935196
  landing: 0.04031671999837272
  view-data: 0.18400592601392418
