times:
  edit-metadata: 1.2309089414775372
  landing: 0.20184064842760563
  view-data: 0.1239237766712904
