times:
  edit-metadata: 0.3473702099872753
  landing: 0.045804550987668335
  view-data: 0.1924948520027101
