times:
  edit-metadata: 1.2545397821813822
  landing: 0.020719975233078003
  view-data: 0.13969891145825386
