times:
  edit-metadata: 0.37721196562051773
  landing: 0.439943453297019
  view-data: 0.19728118740022182
