times:
  edit-metadata: 2.035497911274433
  landing: 0.7514664046466351
  view-data: 3.3839007057249546
