times:
  landing: 0.5572176279999894
  view-data: 0.5572249280000392
