times:
  edit-metadata: 0.42783851100011816
  landing: 0.042952818000230764
  view-data: 0.21770623200018235
