times:
  edit-metadata: 1.2430938631296158
  landing: 0.020725740119814873
  view-data: 0.3438036646693945
