times:
  edit-metadata: 2.3090420365333557
  landing: 1.2541249878704548
  view-data: 3.4197466894984245
