times:
  edit-metadata: 1.2932955771684647
  landing: 0.020885945297777653
  view-data: 0.02532585710287094
