times:
  edit-metadata: 1.249289233237505
  landing: 0.19003357272595167
  view-data: 0.11745291016995907
