times:
  edit-metadata: 1.7796110296621919
  landing: 1.226240641437471
  view-data: 3.327003895305097
