times:
  edit-metadata: 0.43784960778430104
  landing: 0.044735881965607405
  view-data: 0.3741171080619097
