times:
  edit-metadata: 1.5684053087607026
  landing: 0.8462395062670112
  view-data: 3.2588342651724815
