times:
  edit-metadata: 0.3883749870583415
  landing: 0.04274423001334071
  view-data: 0.19387709209695458
