times:
  edit-metadata: 1.2509947195649147
  landing: 0.12338379677385092
  view-data: 0.024472972378134727
