times:
  edit-metadata: 0.3655685423873365
  landing: 0.04284690832719207
  view-data: 0.18064784910529852
