times:
  edit-metadata: 0.39997417386621237
  landing: 0.046648422721773386
  view-data: 0.18915021093562245
