times:
  edit-metadata: 1.2683890629559755
  landing: 0.019810433499515057
  view-data: 0.02541683427989483
