times:
  edit-metadata: 0.3254595175385475
  landing: 1.1294837836176157
  view-data: 0.32610369101166725
