times:
  edit-metadata: 1.2661509988829494
  landing: 0.022927362471818924
  view-data: 0.11747878696769476
