times:
  landing: 0.549122405000162
  view-data: 0.5537322430000131
