times:
  edit-metadata: 1.2243984006345272
  landing: 0.019504306837916374
  view-data: 0.24578682705760002
