times:
  edit-metadata: 0.4315301822498441
  landing: 0.05284852907061577
  view-data: 0.23515964578837156
