times:
  edit-metadata: 0.4182425958570093
  landing: 0.06219509290531278
  view-data: 0.24438058398663998
