times:
  edit-metadata: 1.3694718955084682
  landing: 1.1806857865303755
  view-data: 3.29393616784364
