times:
  edit-metadata: 0.4436819320108043
  landing: 0.043992030012304895
  view-data: 0.2028932520042872
