times:
  edit-metadata: 0.4051680974662304
  landing: 0.053784146904945374
  view-data: 0.19779111072421074
