times:
  edit-metadata: 0.37026521377265453
  landing: 1.0096153914928436
  view-data: 0.17041517794132233
