times:
  edit-metadata: 2.4539059698581696
  landing: 1.110071761533618
  view-data: 3.561742424964905
