times:
  landing: 0.5445650920000844
  view-data: 0.5570593869999811
