times:
  edit-metadata: 0.4787864170502871
  landing: 0.062014921801164746
  view-data: 0.20759459282271564
