times:
  edit-metadata: 1.4165556002408266
  landing: 0.855168292298913
  view-data: 3.7421343363821507
