times:
  edit-metadata: 0.4187869601882994
  landing: 0.0438724709674716
  view-data: 0.1969538051635027
