times:
  edit-metadata: 0.49605846032500267
  landing: 0.5106835979968309
  view-data: 0.22644780203700066
