times:
  edit-metadata: 1.2809807322919369
  landing: 0.15802893228828907
  view-data: 0.3264675959944725
