times:
  edit-metadata: 1.3046018248423934
  landing: 0.23179613333195448
  view-data: 0.2950296653434634
