times:
  edit-metadata: 0.3663835278712213
  landing: 0.05337041709572077
  view-data: 0.18327767006121576
