times:
  edit-metadata: 0.41601183637976646
  landing: 0.04483474465087056
  view-data: 0.19607250718399882
