times:
  edit-metadata: 1.2349347742274404
  landing: 0.0199366370216012
  view-data: 0.12424699123948812
