times:
  edit-metadata: 1.3257255367934704
  landing: 0.12977477349340916
  view-data: 0.023736799135804176
