times:
  edit-metadata: 1.2471340335905552
  landing: 0.021188907325267792
  view-data: 0.02385401353240013
