times:
  edit-metadata: 0.4026741087436676
  landing: 0.04323482885956764
  view-data: 0.19012880325317383
