times:
  edit-metadata: 2.3442204408347607
  landing: 1.4814143516123295
  view-data: 3.4162613302469254
