times:
  edit-metadata: 1.2650860901921988
  landing: 0.022078952752053738
  view-data: 0.0975520946085453
