times:
  edit-metadata: 0.38840429903939366
  landing: 0.04417939018458128
  view-data: 0.1945304162800312
