times:
  landing: 0.5618001379999669
  view-data: 0.5612245340000186
