times:
  edit-metadata: 1.1663441061973572
  landing: 0.020375189371407032
  view-data: 0.43874523881822824
