times:
  edit-metadata: 0.37892104289494455
  landing: 0.04829858709126711
  view-data: 0.17897265311330557
