times:
  edit-metadata: 0.4305330680217594
  landing: 0.05201412597671151
  view-data: 0.1908830141182989
