times:
  edit-metadata: 1.8332140473648906
  landing: 0.9896439630538225
  view-data: 3.3345986483618617
