times:
  edit-metadata: 1.3523444272577763
  landing: 0.02432518918067217
  view-data: 0.12270663026720285
