times:
  edit-metadata: 0.6263927379623055
  landing: 0.04975647805258632
  view-data: 0.20344931911677122
