times:
  edit-metadata: 0.3705885699018836
  landing: 0.052464277017861605
  view-data: 0.18884271592833102
