times:
  edit-metadata: 1.5225034151226282
  landing: 0.7821133583784103
  view-data: 3.378000760450959
