times:
  edit-metadata: 0.43803534284234047
  landing: 0.3613610677421093
  view-data: 0.19031029753386974
