times:
  edit-metadata: 0.3885883055627346
  landing: 1.0922154989093542
  view-data: 0.5862775649875402
