times:
  edit-metadata: 0.37628533132374287
  landing: 0.04319975897669792
  view-data: 0.17829696275293827
