times:
  edit-metadata: 1.3575818445533514
  landing: 0.020058777183294296
  view-data: 0.3746180422604084
