times:
  edit-metadata: 1.5851758513599634
  landing: 0.02923160046339035
  view-data: 0.3942684270441532
