times:
  edit-metadata: 0.39412971679121256
  landing: 0.052454495104029775
  view-data: 0.18776294984854758
