times:
  edit-metadata: 0.41827743500471115
  landing: 0.04717256873846054
  view-data: 0.22729574143886566
