times:
  edit-metadata: 0.43421872600447387
  landing: 0.057698037941008806
  view-data: 0.2146598930703476
