times:
  edit-metadata: 0.3920404934324324
  landing: 0.04250941192731261
  view-data: 0.18840378802269697
