times:
  edit-metadata: 1.2753739119507372
  landing: 1.0153481860179454
  view-data: 3.4690700459759682
