times:
  edit-metadata: 1.6614244617521763
  landing: 1.1305952295660973
  view-data: 3.4047728441655636
