times:
  edit-metadata: 0.407149625942111
  landing: 0.04160395031794906
  view-data: 0.1893860436975956
