times:
  edit-metadata: 1.6244025938212872
  landing: 0.874750591814518
  view-data: 3.4710556715726852
