times:
  edit-metadata: 0.42530130920931697
  landing: 0.04350587632507086
  view-data: 0.20222178986296058
