times:
  edit-metadata: 0.37551919696852565
  landing: 0.042920212959870696
  view-data: 0.309238339017611
