times:
  edit-metadata: 1.2747654058039188
  landing: 0.0221673883497715
  view-data: 0.02947841864079237
