times:
  edit-metadata: 0.4202214330434799
  landing: 0.0444813035428524
  view-data: 0.19116521626710892
