times:
  edit-metadata: 1.4926171908155084
  landing: 0.8612666567787528
  view-data: 3.4189645312726498
