times:
  edit-metadata: 0.39850269816815853
  landing: 0.042305790819227695
  view-data: 0.19640007615089417
