times:
  edit-metadata: 1.5917385816574097
  landing: 0.8637603111565113
  view-data: 3.343130175024271
