times:
  landing: 0.5457533789999616
  view-data: 0.5505814089999603
