times:
  edit-metadata: 0.3860131409019232
  landing: 0.052220764104276896
  view-data: 0.18664074037224054
