times:
  edit-metadata: 1.5545825362205505
  landing: 1.4677450582385063
  view-data: 3.393574897199869
