times:
  edit-metadata: 0.42030664905905724
  landing: 0.04656118154525757
  view-data: 0.18690209090709686
