times:
  edit-metadata: 1.5958656314760447
  landing: 0.7325670793652534
  view-data: 3.4176472947001457
