times:
  edit-metadata: 0.37575255590490997
  landing: 0.04714279412291944
  view-data: 0.2999091281089932
