times:
  edit-metadata: 1.7616450432687998
  landing: 0.2405262840911746
  view-data: 0.023947613313794136
