times:
  edit-metadata: 1.524963952600956
  landing: 0.7451044358313084
  view-data: 3.4083750564604998
