times:
  edit-metadata: 1.2735315337777138
  landing: 0.018069665879011154
  view-data: 0.02276332676410675
