times:
  edit-metadata: 1.3056744448840618
  landing: 0.021996809169650078
  view-data: 0.41311676800251007
