times:
  edit-metadata: 1.2748051825910807
  landing: 0.019049108028411865
  view-data: 0.3198315594345331
