times:
  edit-metadata: 1.2198663530871272
  landing: 0.16273394599556923
  view-data: 0.025612182915210724
