times:
  edit-metadata: 1.3560727462172508
  landing: 0.02346372976899147
  view-data: 0.10480550676584244
