times:
  edit-metadata: 1.4102202467620373
  landing: 0.901730589568615
  view-data: 3.440740205347538
