times:
  edit-metadata: 0.4176882489118725
  landing: 0.04663469805382192
  view-data: 0.20939340512268245
