times:
  edit-metadata: 0.4153715840075165
  landing: 0.04789892700500786
  view-data: 0.19699500303249806
