times:
  edit-metadata: 0.45411412976682186
  landing: 0.9360377956181765
  view-data: 0.29089528508484364
