times:
  edit-metadata: 1.672327792039141
  landing: 0.7492174039361998
  view-data: 3.295874731033109
