times:
  edit-metadata: 0.396771851927042
  landing: 0.0517811868339777
  view-data: 0.18399561010301113
