times:
  edit-metadata: 0.4137302730232477
  landing: 0.05026951804757118
  view-data: 0.21443603304214776
