times:
  edit-metadata: 0.4083118084818125
  landing: 0.8152858354151249
  view-data: 0.20469530299305916
