times:
  edit-metadata: 1.2775854552164674
  landing: 0.021311474964022636
  view-data: 0.027238466776907444
