times:
  edit-metadata: 1.2924201367422938
  landing: 0.125584464520216
  view-data: 0.12394958548247814
