times:
  edit-metadata: 0.37848206236958504
  landing: 0.04673000052571297
  view-data: 0.18867509067058563
