times:
  edit-metadata: 0.47434995975345373
  landing: 0.17228736309334636
  view-data: 0.22988547896966338
