times:
  edit-metadata: 0.36540349503047764
  landing: 0.04448750312440097
  view-data: 0.17536004493013024
