times:
  edit-metadata: 0.3095994181931019
  landing: 0.5174856334924698
  view-data: 0.18887974508106709
