times:
  edit-metadata: 0.3212142325937748
  landing: 1.990681042894721
  view-data: 0.8918205462396145
