times:
  landing: 0.5608723349998854
  view-data: 0.0671247109999058
