times:
  edit-metadata: 0.4053383292630315
  landing: 0.05305992579087615
  view-data: 0.22099403385072947
