times:
  edit-metadata: 1.6007427144795656
  landing: 0.818225085735321
  view-data: 3.334858153015375
