times:
  edit-metadata: 1.2670127162709832
  landing: 0.025497411377727985
  view-data: 0.025386452674865723
