times:
  edit-metadata: 2.0771962702274323
  landing: 1.1122900359332561
  view-data: 3.33094834163785
