times:
  edit-metadata: 1.3194661792367697
  landing: 0.020591530948877335
  view-data: 0.13973191007971764
