times:
  edit-metadata: 1.4809601777233183
  landing: 0.9541331720538437
  view-data: 3.3957712058909237
