times:
  edit-metadata: 0.419585432857275
  landing: 1.5024135950952768
  view-data: 0.426196176558733
