times:
  edit-metadata: 0.41771631105802953
  landing: 0.04849948897026479
  view-data: 0.2115484399255365
