times:
  edit-metadata: 0.3702153079211712
  landing: 0.048163883038796484
  view-data: 0.19144695589784533
