times:
  edit-metadata: 0.4450272750109434
  landing: 0.04652665299363434
  view-data: 0.24738816206809133
