times:
  edit-metadata: 1.9017358254641294
  landing: 1.1815000046044588
  view-data: 3.3428483810275793
