times:
  edit-metadata: 0.425755494274199
  landing: 0.051036322955042124
  view-data: 0.199133540969342
