times:
  edit-metadata: 0.3540167990140617
  landing: 0.04343974404036999
  view-data: 0.18939933797810227
