times:
  edit-metadata: 1.463376697152853
  landing: 0.9325433969497681
  view-data: 3.356489587575197
