times:
  edit-metadata: 0.35786912962794304
  landing: 0.6844657473266125
  view-data: 0.31652294285595417
