times:
  edit-metadata: 0.46136370301246643
  landing: 0.6011284608393908
  view-data: 0.29703255742788315
