times:
  edit-metadata: 1.478039689362049
  landing: 1.0005600303411484
  view-data: 3.3469528034329414
