times:
  edit-metadata: 1.423627819865942
  landing: 0.7780667990446091
  view-data: 3.3466592021286488
