times:
  edit-metadata: 1.5748499613255262
  landing: 0.7753991540521383
  view-data: 3.4146679509431124
