times:
  edit-metadata: 1.559612698853016
  landing: 0.8929812498390675
  view-data: 3.403358845040202
