times:
  edit-metadata: 1.7003770470619202
  landing: 0.9113895408809185
  view-data: 3.4158490113914013
