times:
  edit-metadata: 1.4354926189407706
  landing: 0.9083242029882967
  view-data: 3.3526509748771787
