times:
  edit-metadata: 0.38835975201800466
  landing: 0.044948071939870715
  view-data: 0.23182580200955272
