times:
  edit-metadata: 0.3770128129981458
  landing: 0.0437685321085155
  view-data: 0.18637220282107592
