times:
  edit-metadata: 1.2028492176905274
  landing: 0.020034640096127987
  view-data: 0.13118077628314495
