times:
  landing: 0.5488177469999869
  view-data: 0.5547281109999744
