times:
  edit-metadata: 0.3889565709978342
  landing: 3.023573037236929
  view-data: 0.9851431231945753
