times:
  edit-metadata: 0.37025935389101505
  landing: 0.05779149103909731
  view-data: 0.18708794517442584
