times:
  edit-metadata: 1.4603146314620972
  landing: 0.7862127646803856
  view-data: 3.3370882868766785
