times:
  landing: 1.0839720980000038
  view-data: 0.5560425610000266
