times:
  edit-metadata: 0.40307828690856695
  landing: 0.044022283516824245
  view-data: 0.18955180887132883
