times:
  edit-metadata: 0.4177180118858814
  landing: 0.6113080363720655
  view-data: 0.1944274865090847
