times:
  edit-metadata: 0.40755821399216074
  landing: 0.053589679999276996
  view-data: 0.20137160499871243
