times:
  edit-metadata: 1.2391749722883105
  landing: 0.024114158004522324
  view-data: 0.44284788332879543
