times:
  edit-metadata: 1.307967790402472
  landing: 0.021690499037504196
  view-data: 0.12251289375126362
