times:
  edit-metadata: 0.36635970463976264
  landing: 0.04032721370458603
  view-data: 0.1942393216304481
