times:
  edit-metadata: 1.2648480413481593
  landing: 0.021552901715040207
  view-data: 0.02598920278251171
