times:
  edit-metadata: 0.391655046492815
  landing: 0.04973024129867554
  view-data: 0.18986783176660538
