times:
  edit-metadata: 1.5627356488257647
  landing: 0.7945652529597282
  view-data: 3.3807329926639795
