times:
  edit-metadata: 1.2265660557895899
  landing: 0.020275883376598358
  view-data: 0.12382719665765762
