times:
  edit-metadata: 2.0467796102166176
  landing: 1.1787118762731552
  view-data: 3.5306080505251884
