times:
  edit-metadata: 0.3904011769918725
  landing: 0.043532580020837486
  view-data: 0.180666972999461
