times:
  edit-metadata: 1.5602893251925707
  landing: 0.8410331141203642
  view-data: 3.3011498916894197
