times:
  edit-metadata: 1.7292777448892593
  landing: 0.7357588419690728
  view-data: 3.446830438449979
