times:
  edit-metadata: 1.4888904001563787
  landing: 0.15985693037509918
  view-data: 0.4549232441931963
