times:
  edit-metadata: 0.44253534357994795
  landing: 0.05130327120423317
  view-data: 0.2034120997413993
