times:
  edit-metadata: 1.543925542384386
  landing: 0.7605088129639626
  view-data: 3.328215703368187
