times:
  edit-metadata: 1.2260527238249779
  landing: 0.1272912509739399
  view-data: 0.14112828113138676
