times:
  edit-metadata: 1.5780635550618172
  landing: 0.7838330995291471
  view-data: 3.363154811784625
