times:
  landing: 0.5434743710000021
  view-data: 0.5487727429999723
