times:
  edit-metadata: 0.4196528438478708
  landing: 0.05445822305046022
  view-data: 0.24498875788412988
