times:
  edit-metadata: 0.33918381482362747
  landing: 0.901167806237936
  view-data: 0.3134584277868271
