times:
  edit-metadata: 0.4125874750316143
  landing: 0.04340306622907519
  view-data: 0.1995694418437779
