times:
  edit-metadata: 0.3690318539738655
  landing: 0.6981510873883963
  view-data: 0.19021356478333473
