times:
  edit-metadata: 1.5631727576255798
  landing: 0.852720819413662
  view-data: 3.334149796515703
