times:
  edit-metadata: 0.4459429532289505
  landing: 0.045727312564849854
  view-data: 0.1876613311469555
