times:
  edit-metadata: 0.35172933153808117
  landing: 0.6067227423191071
  view-data: 0.18867480382323265
