times:
  edit-metadata: 0.42689917981624603
  landing: 0.041251493617892265
  view-data: 0.19413643516600132
