times:
  edit-metadata: 0.4267784096300602
  landing: 0.04518379829823971
  view-data: 0.19419596623629332
