times:
  edit-metadata: 1.7573324646800756
  landing: 0.9450594410300255
  view-data: 3.3795900847762823
