times:
  edit-metadata: 0.35986668002442457
  landing: 0.045603800972457975
  view-data: 0.18942201201571152
