times:
  edit-metadata: 2.34651630371809
  landing: 1.1594094336032867
  view-data: 3.524037182331085
