times:
  edit-metadata: 0.4466021154075861
  landing: 0.8376121651381254
  view-data: 0.4107034634798765
