times:
  edit-metadata: 0.3485729303210974
  landing: 1.0877084415405989
  view-data: 0.5773267112672329
