times:
  edit-metadata: 1.5334339328110218
  landing: 0.7438494954258204
  view-data: 3.404633440077305
