times:
  edit-metadata: 0.4150131344795227
  landing: 0.053659845143556595
  view-data: 0.189787358045578
