times:
  edit-metadata: 0.39903058705385774
  landing: 0.04891364404466003
  view-data: 0.19736243796069175
