times:
  edit-metadata: 0.41998065588995814
  landing: 0.04483680287376046
  view-data: 0.19861159473657608
