times:
  edit-metadata: 0.4214257618878037
  landing: 0.04695779108442366
  view-data: 0.1932448570150882
