times:
  edit-metadata: 0.5204099360853434
  landing: 0.5226700752973557
  view-data: 0.17716416157782078
