times:
  edit-metadata: 1.26104040350765
  landing: 0.13726294972002506
  view-data: 0.42292783968150616
