times:
  edit-metadata: 1.3331792280077934
  landing: 0.019868746399879456
  view-data: 0.02920912392437458
