times:
  edit-metadata: 1.7508153254166245
  landing: 0.021091044880449772
  view-data: 0.030392219312489033
