times:
  edit-metadata: 1.5602583605796099
  landing: 0.7488241698592901
  view-data: 3.414902925491333
