times:
  edit-metadata: 1.4378097308799624
  landing: 0.9855046179145575
  view-data: 3.4551830608397722
