times:
  edit-metadata: 1.2691056095063686
  landing: 0.024084623903036118
  view-data: 0.02291067037731409
