times:
  edit-metadata: 1.2907375759677961
  landing: 0.8112328869756311
  view-data: 3.329439463093877
