times:
  edit-metadata: 1.5322211533784866
  landing: 0.769238144159317
  view-data: 3.4159633722156286
