times:
  edit-metadata: 2.4383992683142424
  landing: 1.2971915286034346
  view-data: 3.8355075772851706
