times:
  edit-metadata: 0.45074037462472916
  landing: 0.5913783274590969
  view-data: 0.20528671145439148
