times:
  edit-metadata: 1.2659864434972405
  landing: 0.22841763589531183
  view-data: 0.026220746338367462
