times:
  edit-metadata: 1.248877277597785
  landing: 0.02045292779803276
  view-data: 0.02400652877986431
