times:
  edit-metadata: 1.2040700856596231
  landing: 0.16367891803383827
  view-data: 0.3064600173383951
