times:
  edit-metadata: 0.43828604370355606
  landing: 0.7799528352916241
  view-data: 0.3089860640466213
