times:
  edit-metadata: 1.5055362097918987
  landing: 0.800549978390336
  view-data: 3.3156294897198677
