times:
  edit-metadata: 0.41686954349279404
  landing: 0.04180103912949562
  view-data: 0.19693059474229813
