times:
  edit-metadata: 0.39260761393234134
  landing: 0.05343489209190011
  view-data: 0.19000336807221174
