times:
  edit-metadata: 1.2506661415100098
  landing: 0.024998735636472702
  view-data: 0.12755170464515686
