times:
  edit-metadata: 0.33358414471149445
  landing: 0.4833830129355192
  view-data: 0.17258429154753685
