times:
  edit-metadata: 1.3718431442975998
  landing: 0.33729273453354836
  view-data: 0.315323319286108
