times:
  landing: 0.5518205109999599
  view-data: 0.5660956990000159
