times:
  edit-metadata: 1.3999242479912937
  landing: 0.8372254678979516
  view-data: 3.3931566309183836
