times:
  edit-metadata: 1.5569551661610603
  landing: 0.8072146661579609
  view-data: 3.431233275681734
