times:
  edit-metadata: 2.0553325675427914
  landing: 1.0383697338402271
  view-data: 3.3822537139058113
