times:
  edit-metadata: 1.552820023149252
  landing: 0.3240446075797081
  view-data: 0.16655954346060753
