times:
  edit-metadata: 1.3893273869762197
  landing: 0.3045718579669483
  view-data: 0.7022346849553287
