times:
  edit-metadata: 1.537340808659792
  landing: 0.9623342268168926
  view-data: 3.396502483636141
