times:
  edit-metadata: 0.40493629314005375
  landing: 0.9889672249555588
  view-data: 0.41104500368237495
