times:
  edit-metadata: 0.4219997529871762
  landing: 0.09006191603839397
  view-data: 0.24903263105079532
