times:
  edit-metadata: 0.40503688156604767
  landing: 0.6775518022477627
  view-data: 0.19167523458600044
