times:
  edit-metadata: 1.7952706925570965
  landing: 0.8502117581665516
  view-data: 3.4581368137151003
