times:
  edit-metadata: 1.646539242938161
  landing: 0.17178140580654144
  view-data: 0.11689601559191942
