times:
  edit-metadata: 0.4995518885552883
  landing: 0.5946050006896257
  view-data: 0.2951903771609068
