times:
  edit-metadata: 1.5652817897498608
  landing: 0.7640603315085173
  view-data: 3.374112391844392
