times:
  edit-metadata: 0.4453297257423401
  landing: 0.7584059815853834
  view-data: 0.2229030318558216
