times:
  edit-metadata: 1.5056427605450153
  landing: 0.8576656170189381
  view-data: 3.343859378248453
