times:
  edit-metadata: 1.2613471299409866
  landing: 0.19391822256147861
  view-data: 0.10140664968639612
