times:
  edit-metadata: 1.9050209959968925
  landing: 0.8942815996706486
  view-data: 3.4392705652862787
