times:
  edit-metadata: 1.524368504062295
  landing: 0.7344212364405394
  view-data: 3.4000036772340536
