times:
  landing: 0.5530016950000345
  view-data: 0.5694840999999542
