times:
  edit-metadata: 1.515393034555018
  landing: 0.8080743132159114
  view-data: 3.346977544017136
