times:
  edit-metadata: 0.381131670990726
  landing: 0.04212679999182001
  view-data: 0.197883853019448
