times:
  edit-metadata: 0.466200381051749
  landing: 0.07283187902066857
  view-data: 0.22966989502310753
