times:
  edit-metadata: 1.2753997165709734
  landing: 0.019820515997707844
  view-data: 0.45199211966246367
