times:
  edit-metadata: 0.40221254900097847
  landing: 0.5764581970870495
  view-data: 0.6050175670534372
