times:
  edit-metadata: 1.550587847828865
  landing: 0.6786482576280832
  view-data: 3.357142450287938
