times:
  edit-metadata: 1.3924964554607868
  landing: 0.19787915237247944
  view-data: 0.33067583851516247
