times:
  edit-metadata: 0.40744481422007084
  landing: 0.044509375002235174
  view-data: 0.19373456900939345
