times:
  edit-metadata: 0.320240143686533
  landing: 0.5895014274865389
  view-data: 0.5795869845896959
