times:
  edit-metadata: 0.41561549494508654
  landing: 0.040996982948854566
  view-data: 0.2492475409526378
