times:
  edit-metadata: 0.4468676680116914
  landing: 0.05099936801707372
  view-data: 0.20307387603679672
