times:
  edit-metadata: 0.3440445363521576
  landing: 0.8427963480353355
  view-data: 0.21339219994843006
