times:
  edit-metadata: 1.3994046729058027
  landing: 0.40526709146797657
  view-data: 0.2087192740291357
