times:
  edit-metadata: 1.548273453488946
  landing: 0.8441267097368836
  view-data: 3.505512404255569
