times:
  edit-metadata: 1.645001094788313
  landing: 0.25181284733116627
  view-data: 0.4235757999122143
