times:
  edit-metadata: 0.4420027149608359
  landing: 0.04025859897956252
  view-data: 0.24442129908129573
