times:
  edit-metadata: 0.35766977502498776
  landing: 0.04773276497144252
  view-data: 0.19017045298824087
