times:
  edit-metadata: 1.6679454632103443
  landing: 0.026377429254353046
  view-data: 0.32820975314825773
