times:
  edit-metadata: 0.4380460996180773
  landing: 0.5739343762397766
  view-data: 0.17856756784021854
