times:
  edit-metadata: 0.42471300798933953
  landing: 0.05460906500229612
  view-data: 0.20639586198376492
