times:
  edit-metadata: 1.3171693719923496
  landing: 0.21262627094984055
  view-data: 0.13192708604037762
