times:
  landing: 1.0781239409999444
  view-data: 0.5566948599999932
