times:
  edit-metadata: 0.4538981397636235
  landing: 0.04503521462902427
  view-data: 0.3024575957097113
