times:
  edit-metadata: 0.591631127987057
  landing: 0.04503282206133008
  view-data: 0.20610747300088406
