times:
  edit-metadata: 1.2861917214468122
  landing: 0.02047885674983263
  view-data: 0.11786535754799843
