times:
  edit-metadata: 1.774397112429142
  landing: 1.2095033563673496
  view-data: 3.332366295158863
