times:
  edit-metadata: 1.6005836981348693
  landing: 0.7743272632360458
  view-data: 3.4073184351436794
