times:
  edit-metadata: 0.49100832361727953
  landing: 0.0770908328704536
  view-data: 0.18549342500045896
