times:
  edit-metadata: 1.2639727899804711
  landing: 0.02025536075234413
  view-data: 0.02612723782658577
