times:
  edit-metadata: 0.447533723898232
  landing: 0.04514429811388254
  view-data: 0.20447990018874407
