times:
  edit-metadata: 1.5753631838597357
  landing: 0.8493287321180105
  view-data: 3.38549291389063
