times:
  edit-metadata: 1.307904565706849
  landing: 0.020175322890281677
  view-data: 0.0269573163241148
