times:
  edit-metadata: 1.5860518459230661
  landing: 0.8145792819559574
  view-data: 3.4659834317862988
