times:
  edit-metadata: 1.3871604381129146
  landing: 0.022409982047975063
  view-data: 0.023912119679152966
