times:
  edit-metadata: 1.4877234101295471
  landing: 0.8983452841639519
  view-data: 3.3086119070649147
