times:
  edit-metadata: 0.3576975120231509
  landing: 0.048300669994205236
  view-data: 0.18440773291513324
