times:
  edit-metadata: 0.3912688149139285
  landing: 0.046352766919881105
  view-data: 0.195676373783499
