times:
  edit-metadata: 3.40827190130949
  landing: 2.2619457840919495
  view-data: 3.9376441165804863
