times:
  edit-metadata: 1.5238792821764946
  landing: 0.8684964179992676
  view-data: 3.4768357276916504
