times:
  edit-metadata: 1.52094466984272
  landing: 0.8727606236934662
  view-data: 3.3436761870980263
