times:
  edit-metadata: 1.5177975818514824
  landing: 0.8139607459306717
  view-data: 3.4821992740035057
