times:
  edit-metadata: 1.5122437626123428
  landing: 0.8546309098601341
  view-data: 3.354091078042984
