times:
  edit-metadata: 1.5040487721562386
  landing: 0.8177122175693512
  view-data: 3.5038160905241966
