times:
  edit-metadata: 1.3624813258647919
  landing: 0.7342390716075897
  view-data: 3.585589826107025
