times:
  edit-metadata: 1.3711144924163818
  landing: 0.80719443410635
  view-data: 3.4743766337633133
