times:
  edit-metadata: 1.8646570518612862
  landing: 0.9617547541856766
  view-data: 3.350395545363426
