times:
  edit-metadata: 1.4135629162192345
  landing: 0.7799159586429596
  view-data: 3.535921633243561
