times:
  edit-metadata: 1.3763724491000175
  landing: 0.747467041015625
  view-data: 3.2555801421403885
