times:
  edit-metadata: 1.3405838906764984
  landing: 0.760801836848259
  view-data: 3.4993415102362633
