times:
  edit-metadata: 1.5862958282232285
  landing: 0.9030966609716415
  view-data: 3.5441895574331284
