times:
  edit-metadata: 1.4831561371684074
  landing: 0.7251110598444939
  view-data: 3.586976870894432
