times:
  edit-metadata: 1.330108791589737
  landing: 0.808841846883297
  view-data: 3.526941828429699
