times:
  edit-metadata: 1.6466412618756294
  landing: 1.0092216730117798
  view-data: 3.525076799094677
