times:
  edit-metadata: 2.2382445260882378
  landing: 1.0749787613749504
  view-data: 3.5580003038048744
