times:
  edit-metadata: 1.4614088088274002
  landing: 0.7154510021209717
  view-data: 3.3230897411704063
