times:
  edit-metadata: 1.526084378361702
  landing: 0.7683248370885849
  view-data: 3.500928156077862
