times:
  edit-metadata: 1.47585991024971
  landing: 0.7930533066391945
  view-data: 3.4737498983740807
