times:
  edit-metadata: 1.4736292958259583
  landing: 0.7709097564220428
  view-data: 3.504695177078247
