times:
  edit-metadata: 1.26675483584404
  landing: 0.8583268746733665
  view-data: 3.3154051676392555
