times:
  edit-metadata: 1.3789168298244476
  landing: 0.701103538274765
  view-data: 3.4900442361831665
