times:
  edit-metadata: 1.4051216095685959
  landing: 0.7836193963885307
  view-data: 3.3334223479032516
