times:
  edit-metadata: 1.4227835908532143
  landing: 0.8340135589241982
  view-data: 3.3828626051545143
