times:
  edit-metadata: 1.3521173000335693
  landing: 0.6768271774053574
  view-data: 3.3965138867497444
