times:
  edit-metadata: 1.4937546849250793
  landing: 0.8591438755393028
  view-data: 3.3062711656093597
