times:
  edit-metadata: 1.3574029952287674
  landing: 0.7479628846049309
  view-data: 3.478241413831711
