times:
  edit-metadata: 1.3808437511324883
  landing: 0.7546894550323486
  view-data: 3.479584649205208
