times:
  edit-metadata: 1.3387154266238213
  landing: 0.7842642366886139
  view-data: 3.5111884027719498
