times:
  edit-metadata: 1.4015520438551903
  landing: 0.69566760212183
  view-data: 3.499662198126316
