times:
  edit-metadata: 1.4074963182210922
  landing: 0.7123720943927765
  view-data: 3.5122858956456184
