times:
  edit-metadata: 1.4627746939659119
  landing: 0.9580102413892746
  view-data: 3.5238429233431816
