times:
  edit-metadata: 1.3421311303973198
  landing: 0.7098282873630524
  view-data: 3.4265155270695686
