times:
  edit-metadata: 1.4015085473656654
  landing: 0.7537626028060913
  view-data: 3.4986364394426346
