times:
  edit-metadata: 1.3340599536895752
  landing: 0.6983160302042961
  view-data: 3.4035899862647057
