times:
  edit-metadata: 1.3420053645968437
  landing: 0.8138047829270363
  view-data: 3.468708112835884
