times:
  edit-metadata: 1.4669683799147606
  landing: 0.9185015633702278
  view-data: 3.5589802116155624
