times:
  edit-metadata: 1.4541824460029602
  landing: 0.7651700302958488
  view-data: 3.5073043406009674
