times:
  edit-metadata: 1.4913322106003761
  landing: 0.7471971735358238
  view-data: 3.4338484928011894
