times:
  edit-metadata: 1.4633755013346672
  landing: 0.7476329505443573
  view-data: 3.505714476108551
