times:
  edit-metadata: 1.3655857518315315
  landing: 0.7186794653534889
  view-data: 3.4279916882514954
