times:
  edit-metadata: 1.383952222764492
  landing: 0.7778602540493011
  view-data: 3.4711852818727493
