times:
  edit-metadata: 1.4881395921111107
  landing: 0.8209277242422104
  view-data: 3.396304450929165
