times:
  edit-metadata: 1.5233128517866135
  landing: 0.9783239960670471
  view-data: 3.345738910138607
