times:
  edit-metadata: 1.4337107315659523
  landing: 0.7546573504805565
  view-data: 3.4096824526786804
