times:
  edit-metadata: 1.3750882521271706
  landing: 0.7879590541124344
  view-data: 3.592523731291294
