times:
  edit-metadata: 1.355388268828392
  landing: 1.0256626605987549
  view-data: 3.373098812997341
