times:
  edit-metadata: 1.3977157101035118
  landing: 0.7353096678853035
  view-data: 3.487888678908348
