times:
  edit-metadata: 1.3904363811016083
  landing: 0.7495642974972725
  view-data: 3.531158722937107
