times:
  edit-metadata: 1.330321654677391
  landing: 0.7474308535456657
  view-data: 3.4859637394547462
