times:
  edit-metadata: 1.5187361985445023
  landing: 0.7387164011597633
  view-data: 3.3703148514032364
