times:
  edit-metadata: 1.313049167394638
  landing: 0.7177574038505554
  view-data: 3.4634435921907425
