times:
  edit-metadata: 1.5843991339206696
  landing: 0.7989263013005257
  view-data: 3.3224573731422424
