times:
  edit-metadata: 1.4907738640904427
  landing: 0.8227886483073235
  view-data: 3.2571845203638077
