times:
  edit-metadata: 1.421861171722412
  landing: 0.8465497270226479
  view-data: 3.5028691962361336
