times:
  edit-metadata: 1.5006778165698051
  landing: 0.7511845529079437
  view-data: 3.5060534104704857
