times:
  edit-metadata: 1.413116216659546
  landing: 0.8298393189907074
  view-data: 3.526297852396965
