times:
  edit-metadata: 1.4120338186621666
  landing: 0.8086270689964294
  view-data: 3.3358315154910088
