times:
  edit-metadata: 1.5092160999774933
  landing: 1.158547580242157
  view-data: 3.262829966843128
