times:
  edit-metadata: 1.393992692232132
  landing: 0.7874712720513344
  view-data: 3.4521632567048073
