times:
  edit-metadata: 1.3286667317152023
  landing: 0.7880750000476837
  view-data: 3.5168231204152107
