times:
  edit-metadata: 1.462431475520134
  landing: 0.8102966845035553
  view-data: 3.3207809180021286
