times:
  edit-metadata: 1.4815455302596092
  landing: 0.8780737817287445
  view-data: 3.4445348381996155
