times:
  edit-metadata: 1.463560812175274
  landing: 0.8174958825111389
  view-data: 3.5083943977952003
