times:
  edit-metadata: 1.4190412983298302
  landing: 0.7939023450016975
  view-data: 3.4243921265006065
