times:
  edit-metadata: 1.4693529158830643
  landing: 1.1182706728577614
  view-data: 3.52912800014019
