times:
  edit-metadata: 1.3926690071821213
  landing: 0.7358016297221184
  view-data: 3.5349655523896217
