times:
  edit-metadata: 1.4438676685094833
  landing: 0.7146720215678215
  view-data: 3.36818278580904
