times:
  edit-metadata: 1.4818113520741463
  landing: 0.766167975962162
  view-data: 3.4693235903978348
