times:
  edit-metadata: 1.3010269775986671
  landing: 0.8809520229697227
  view-data: 3.3679132163524628
