times:
  edit-metadata: 1.5160606279969215
  landing: 0.8843752443790436
  view-data: 3.308471493422985
