times:
  edit-metadata: 1.502199038863182
  landing: 0.6929958760738373
  view-data: 3.447791263461113
