times:
  edit-metadata: 1.5779326558113098
  landing: 0.9374357014894485
  view-data: 3.3648532405495644
