times:
  edit-metadata: 1.8617185950279236
  landing: 1.0098456665873528
  view-data: 3.6505289375782013
