times:
  edit-metadata: 1.3924938663840294
  landing: 0.8035621792078018
  view-data: 3.4972208365797997
