times:
  edit-metadata: 1.4678827747702599
  landing: 0.8263554275035858
  view-data: 3.4752277731895447
