times:
  edit-metadata: 1.3351831436157227
  landing: 0.7072948291897774
  view-data: 3.3458393216133118
