times:
  edit-metadata: 1.486265517771244
  landing: 0.7758458405733109
  view-data: 3.557399444282055
