times:
  edit-metadata: 1.3831097185611725
  landing: 0.7670442461967468
  view-data: 3.4856639206409454
