times:
  edit-metadata: 1.4991853311657906
  landing: 0.783816747367382
  view-data: 3.486183561384678
