times:
  edit-metadata: 1.431719534099102
  landing: 0.8069198504090309
  view-data: 3.4786703065037727
