times:
  edit-metadata: 1.9906270280480385
  landing: 1.4229631051421165
  view-data: 3.651967406272888
