times:
  edit-metadata: 1.3462786749005318
  landing: 0.6781778559088707
  view-data: 3.371207222342491
