times:
  edit-metadata: 1.516197107732296
  landing: 0.7595785111188889
  view-data: 3.412057861685753
