times:
  edit-metadata: 1.4760535135865211
  landing: 0.8063615635037422
  view-data: 3.5390793830156326
