times:
  edit-metadata: 1.535374216735363
  landing: 0.7852538973093033
  view-data: 3.323022872209549
