times:
  edit-metadata: 1.3489970415830612
  landing: 0.8240157961845398
  view-data: 3.5359659045934677
