times:
  edit-metadata: 1.5013671591877937
  landing: 1.026742234826088
  view-data: 3.6454595178365707
