times:
  edit-metadata: 1.5010193884372711
  landing: 0.7477469742298126
  view-data: 3.5016414374113083
