times:
  edit-metadata: 1.4710273370146751
  landing: 0.8037444800138474
  view-data: 3.347613602876663
