times:
  edit-metadata: 1.4254736378788948
  landing: 0.6992386728525162
  view-data: 3.479156330227852
