times:
  edit-metadata: 1.4969517514109612
  landing: 0.88511673361063
  view-data: 3.4496334344148636
