times:
  edit-metadata: 1.346631832420826
  landing: 0.7739096134901047
  view-data: 3.5406023040413857
