times:
  edit-metadata: 1.4720772877335548
  landing: 0.7890458106994629
  view-data: 3.4481859654188156
