times:
  edit-metadata: 1.3934461325407028
  landing: 0.723827175796032
  view-data: 3.4966288059949875
