times:
  edit-metadata: 0.8799262450775132
  landing: 0.05091631005052477
  view-data: 0.23010335594881326
