times:
  edit-metadata: 1.1092061550589278
  landing: 0.047113094944506884
  view-data: 0.24460124503821135
