times:
  landing: 0.5543972710000276
  view-data: 0.5671836129999974
