times:
  edit-metadata: 1.7993369344621897
  landing: 0.019155343063175678
  view-data: 0.02508010808378458
