times:
  landing: 1.6449590309999849
  view-data: 0.5575010290000364
