times:
  edit-metadata: 1.549804724752903
  landing: 1.000348836183548
  view-data: 3.382227297872305
