times:
  edit-metadata: 0.7825518902391195
  landing: 0.04370911093428731
  view-data: 0.22030033497139812
