times:
  edit-metadata: 1.694535086862743
  landing: 0.022851630114018917
  view-data: 0.1231993567198515
