times:
  edit-metadata: 1.7303522806614637
  landing: 0.5682104174047709
  view-data: 0.45178656093776226
