times:
  edit-metadata: 1.4592902138829231
  landing: 0.7660744190216064
  view-data: 3.3818663815036416
