times:
  edit-metadata: 0.8666626699268818
  landing: 0.05168173974379897
  view-data: 0.20679032802581787
