times:
  edit-metadata: 1.5885918457061052
  landing: 0.9715589545667171
  view-data: 0.2104624267667532
