times:
  edit-metadata: 1.5320042222738266
  landing: 1.0274911299347878
  view-data: 3.368592321872711
