times:
  landing: 0.5502681250000023
  view-data: 0.5505479430000264
