times:
  edit-metadata: 1.4181671990081668
  landing: 0.808458473533392
  view-data: 3.2666286947205663
