times:
  edit-metadata: 0.9084938308224082
  landing: 0.048671768978238106
  view-data: 0.20040593016892672
