times:
  edit-metadata: 0.8845451211091131
  landing: 0.04794950084760785
  view-data: 0.2123273250181228
