times:
  edit-metadata: 1.499243650585413
  landing: 0.9267137087881565
  view-data: 3.3703675866127014
