times:
  edit-metadata: 1.4558530766516924
  landing: 0.9361534304916859
  view-data: 3.327249087393284
