times:
  edit-metadata: 1.5822818651795387
  landing: 1.9311752561479807
  view-data: 0.6861447300761938
