times:
  edit-metadata: 1.765459168702364
  landing: 0.14475401118397713
  view-data: 0.023765187710523605
