times:
  edit-metadata: 0.9441394987516105
  landing: 0.08531441213563085
  view-data: 0.22157181287184358
