times:
  edit-metadata: 2.08246966637671
  landing: 0.1656941268593073
  view-data: 0.37930290400981903
