times:
  edit-metadata: 0.9481637943536043
  landing: 0.6880140490829945
  view-data: 0.2334222812205553
