times:
  edit-metadata: 1.5381347984075546
  landing: 0.8189511206001043
  view-data: 3.3876340184360743
