times:
  landing: 1.0766698279999787
  view-data: 0.5519299649999994
