times:
  landing: 1.1072031029034406
  view-data: 1.6577286410611123
