times:
  landing: 1.0702169489999847
  view-data: 0.554875036999988
