times:
  edit-metadata: 1.4671783659996436
  landing: 0.04640738499983854
  view-data: 0.20981032500003494
