times:
  landing: 0.5467153289999942
  view-data: 0.5462146219999795
