times:
  edit-metadata: 1.8570636957883835
  landing: 0.019341152161359787
  view-data: 0.0287507064640522
