times:
  edit-metadata: 1.9769187085330486
  landing: 0.020841343328356743
  view-data: 0.024954432621598244
