times:
  edit-metadata: 0.7585831242613494
  landing: 0.05139385908842087
  view-data: 0.2162593356333673
