times:
  edit-metadata: 1.4405339192599058
  landing: 0.9289629766717553
  view-data: 3.480177971534431
