times:
  edit-metadata: 1.1109127472154796
  landing: 0.046198754105716944
  view-data: 0.31444743601605296
