times:
  landing: 0.5556354149999834
  view-data: 0.558021943999961
