times:
  edit-metadata: 1.8522169459611177
  landing: 0.13870739564299583
  view-data: 0.35722075030207634
