times:
  edit-metadata: 1.5018660724163055
  landing: 0.05986374616622925
  view-data: 0.22265734896063805
