times:
  edit-metadata: 1.4398783184587955
  landing: 0.0470963753759861
  view-data: 0.215477854013443
