times:
  landing: 0.5482120559999544
  view-data: 0.5532215200000223
