times:
  landing: 1.0891217800000277
  view-data: 0.5591668210000194
