times:
  edit-metadata: 0.8807058389065787
  landing: 0.044514043955132365
  view-data: 0.20964004704728723
