times:
  edit-metadata: 1.8656002823263407
  landing: 0.24627747852355242
  view-data: 0.2697452548891306
