times:
  edit-metadata: 1.5513543672859669
  landing: 0.9657725691795349
  view-data: 3.377313688863069
