times:
  edit-metadata: 1.846285717561841
  landing: 0.13814148493111134
  view-data: 0.027653636410832405
