times:
  edit-metadata: 2.0783489160239697
  landing: 0.23512916825711727
  view-data: 0.49917866848409176
