times:
  edit-metadata: 0.7782189848367125
  landing: 0.04304813710041344
  view-data: 0.22619974589906633
