times:
  landing: 1.0867136150000078
  view-data: 0.5623522280000088
