times:
  edit-metadata: 0.8133935858495533
  landing: 0.04537358973175287
  view-data: 0.20528181875124574
