times:
  edit-metadata: 1.4661947973072529
  landing: 0.043618008494377136
  view-data: 0.21376670897006989
