times:
  edit-metadata: 1.6007004473358393
  landing: 0.8233731556683779
  view-data: 3.3764181043952703
