times:
  edit-metadata: 1.6957039833068848
  landing: 1.0880435146391392
  view-data: 3.3731874525547028
