times:
  edit-metadata: 1.6032482013106346
  landing: 0.8796277195215225
  view-data: 3.6239278241991997
