times:
  edit-metadata: 1.7091994062066078
  landing: 0.05453016422688961
  view-data: 0.23589937016367912
