times:
  edit-metadata: 0.8265631948597729
  landing: 0.04386783763766289
  view-data: 0.21221019001677632
