times:
  edit-metadata: 1.761100184172392
  landing: 0.12831387016922235
  view-data: 0.1375294579192996
