times:
  landing: 0.5536964980000221
  view-data: 0.5562464790000377
