times:
  edit-metadata: 0.7547408607788384
  landing: 0.04425840824842453
  view-data: 0.22646058071404696
