times:
  landing: 0.5499378480000132
  view-data: 0.5600191320000363
