times:
  edit-metadata: 1.17815236793831
  landing: 0.10321723995730281
  view-data: 0.3924256172031164
