times:
  edit-metadata: 2.153003674931824
  landing: 0.01925529632717371
  view-data: 0.029931483790278435
