times:
  edit-metadata: 1.7966226413846016
  landing: 0.19033492263406515
  view-data: 0.45690715964883566
