times:
  landing: 0.5512561900000037
  view-data: 0.5559132760000125
