times:
  edit-metadata: 1.5095625966787338
  landing: 0.778553169220686
  view-data: 3.322613686323166
