times:
  edit-metadata: 0.811102993786335
  landing: 0.05456833727657795
  view-data: 0.21847751131281257
