times:
  landing: 0.5782342819999826
  view-data: 0.5583404199999791
