times:
  edit-metadata: 0.8361435001716018
  landing: 0.05034584808163345
  view-data: 0.2102735920343548
