times:
  edit-metadata: 1.3696029260754585
  landing: 0.7859523859806359
  view-data: 3.380632425658405
