times:
  edit-metadata: 2.2826522812247276
  landing: 0.021113636903464794
  view-data: 0.024066812358796597
