times:
  edit-metadata: 1.851871868595481
  landing: 0.16946675442159176
  view-data: 0.34474057890474796
