times:
  edit-metadata: 1.6407668013125658
  landing: 0.9695007428526878
  view-data: 3.417198581621051
