times:
  landing: 0.5516238019999946
  view-data: 0.5761417670000242
