times:
  edit-metadata: 0.886113002197817
  landing: 0.05522929993458092
  view-data: 0.20685200509615242
