times:
  edit-metadata: 2.868133227340877
  landing: 0.36017235834151506
  view-data: 0.9543206812813878
