times:
  landing: 1.0802529389999904
  view-data: 0.5584135880000076
