times:
  edit-metadata: 1.4593269117176533
  landing: 0.0545089952647686
  view-data: 0.21278560906648636
