times:
  edit-metadata: 0.9060149285942316
  landing: 0.40455016680061817
  view-data: 0.2382583413273096
