times:
  edit-metadata: 0.8622137890197337
  landing: 0.04818351496942341
  view-data: 0.240524033899419
