times:
  edit-metadata: 0.8791812160052359
  landing: 0.049620141042396426
  view-data: 0.21132411109283566
