times:
  edit-metadata: 1.5717353373765945
  landing: 0.6528916284441948
  view-data: 0.24913154169917107
