times:
  edit-metadata: 1.618229204788804
  landing: 0.775161886587739
  view-data: 0.4473637882620096
