times:
  edit-metadata: 1.7404470210894942
  landing: 0.018686323426663876
  view-data: 0.02509443089365959
