times:
  edit-metadata: 0.8725081807933748
  landing: 0.04529598727822304
  view-data: 0.2157057742588222
