times:
  edit-metadata: 1.726958573795855
  landing: 0.022320814430713654
  view-data: 0.12758621014654636
