times:
  edit-metadata: 1.7521095667034388
  landing: 0.11506962217390537
  view-data: 0.24512582272291183
