times:
  edit-metadata: 1.39665431343019
  landing: 0.7283627931028605
  view-data: 3.3402875307947397
