times:
  edit-metadata: 1.433894157409668
  landing: 0.051878903061151505
  view-data: 0.21415340527892113
