times:
  edit-metadata: 1.8523216173052788
  landing: 0.1865625474601984
  view-data: 0.024223433807492256
