times:
  edit-metadata: 1.6284458078444004
  landing: 1.0063601844012737
  view-data: 3.397139072418213
