times:
  edit-metadata: 0.8446731630247086
  landing: 0.04214917006902397
  view-data: 0.20960844098590314
