times:
  edit-metadata: 1.4929107502102852
  landing: 0.9507506601512432
  view-data: 3.374812036752701
