times:
  edit-metadata: 1.5734243039041758
  landing: 0.5746414419263601
  view-data: 0.633503682911396
