times:
  edit-metadata: 1.487389199435711
  landing: 0.9209163635969162
  view-data: 3.360028699040413
