times:
  edit-metadata: 0.988414702937007
  landing: 1.0862547159194946
  view-data: 0.37473027780652046
