times:
  landing: 0.5827355739999689
  view-data: 0.5521549970000024
