times:
  edit-metadata: 1.5309447851032019
  landing: 0.8498787321150303
  view-data: 3.4208959713578224
