times:
  edit-metadata: 1.7789531536400318
  landing: 0.02058829367160797
  view-data: 0.5114668738096952
