times:
  edit-metadata: 1.8511738646775484
  landing: 0.020268086344003677
  view-data: 0.12336081452667713
