times:
  edit-metadata: 0.7839741911739111
  landing: 0.6871202066540718
  view-data: 0.21437138132750988
