times:
  edit-metadata: 0.7334222532808781
  landing: 1.5358124487102032
  view-data: 0.9319019112735987
