times:
  edit-metadata: 1.46004543825984
  landing: 0.054037436842918396
  view-data: 0.2210889793932438
