times:
  edit-metadata: 1.781913730315864
  landing: 0.02057866007089615
  view-data: 0.1208700267598033
