times:
  edit-metadata: 1.5462200809270144
  landing: 0.8383352011442184
  view-data: 3.4481898061931133
