times:
  edit-metadata: 1.3321784920990467
  landing: 0.7353129722177982
  view-data: 3.30589022859931
