times:
  landing: 1.1100292620000118
  view-data: 0.5590755339999873
