times:
  edit-metadata: 1.466984834522009
  landing: 0.053102172911167145
  view-data: 0.2147480770945549
