times:
  edit-metadata: 1.8638192787766457
  landing: 0.1428307332098484
  view-data: 0.024195851758122444
