times:
  landing: 0.557159114000001
  view-data: 0.5564650089999645
