times:
  edit-metadata: 1.385784737765789
  landing: 0.8972094245254993
  view-data: 3.366723917424679
