times:
  edit-metadata: 1.440169548848644
  landing: 0.7610113199334592
  view-data: 3.304161123931408
