times:
  edit-metadata: 0.8622476817108691
  landing: 0.04544456908479333
  view-data: 0.21636791341006756
