times:
  edit-metadata: 1.4533440731465816
  landing: 0.04247533157467842
  view-data: 0.2128191776573658
