times:
  edit-metadata: 1.4500700384378433
  landing: 0.04861045256257057
  view-data: 0.21544939279556274
