times:
  edit-metadata: 1.0060297921299934
  landing: 0.5649580750614405
  view-data: 0.2157787699252367
