times:
  edit-metadata: 1.348389396443963
  landing: 0.8033413523808122
  view-data: 3.395961089991033
