times:
  edit-metadata: 1.5869033094495535
  landing: 0.6971068195998669
  view-data: 0.3410319685935974
