times:
  edit-metadata: 0.8369104587472975
  landing: 0.04698374215513468
  view-data: 0.21441874327138066
