times:
  edit-metadata: 0.7543432102538645
  landing: 0.04916930804029107
  view-data: 0.21474583074450493
