times:
  edit-metadata: 1.0604408740182407
  landing: 0.09932404701248743
  view-data: 0.2887976680067368
