times:
  landing: 0.5552184520000196
  view-data: 0.5583317949999582
