times:
  edit-metadata: 2.232602871954441
  landing: 0.12448011338710785
  view-data: 0.19510228000581264
