times:
  landing: 0.5507828500000187
  view-data: 0.5549390260000564
