times:
  edit-metadata: 1.840851478278637
  landing: 0.021242575719952583
  view-data: 0.026773396879434586
