times:
  edit-metadata: 0.8039135659928434
  landing: 0.049041635007597506
  view-data: 0.23124203400220722
