times:
  edit-metadata: 0.7464336976408958
  landing: 0.05557322595268488
  view-data: 0.23008375428617
