times:
  edit-metadata: 1.7857962809503078
  landing: 0.19427703693509102
  view-data: 0.3195320963859558
