times:
  edit-metadata: 0.777281979098916
  landing: 0.04775058105587959
  view-data: 0.21500791516155005
