times:
  edit-metadata: 1.7156380359083414
  landing: 0.48999289982020855
  view-data: 0.32041324861347675
