times:
  landing: 0.5425563669999747
  view-data: 0.5512181820000137
