times:
  edit-metadata: 1.7587651452049613
  landing: 0.1164729529991746
  view-data: 0.49064306914806366
