times:
  edit-metadata: 0.8057358529185876
  landing: 0.05579964502248913
  view-data: 0.24132461100816727
