times:
  landing: 1.0708756510002786
  view-data: 0.5525256900000386
