times:
  edit-metadata: 0.8492978439899161
  landing: 0.049977548071183264
  view-data: 0.2034485370386392
