times:
  edit-metadata: 2.0834081433713436
  landing: 1.1716868244111538
  view-data: 3.4876609444618225
