times:
  edit-metadata: 1.7759422231465578
  landing: 0.022468495182693005
  view-data: 0.02719450369477272
