times:
  edit-metadata: 2.0003993343561888
  landing: 0.16593081317842007
  view-data: 0.026523562148213387
