times:
  edit-metadata: 0.8041929960018024
  landing: 0.05063973902724683
  view-data: 0.23659210000187159
