times:
  edit-metadata: 1.810468265786767
  landing: 0.16688037104904652
  view-data: 0.02676701918244362
