times:
  edit-metadata: 1.5079502370208502
  landing: 0.8162240330129862
  view-data: 3.540491957217455
