times:
  edit-metadata: 1.4479870982468128
  landing: 1.0323687735944986
  view-data: 0.34246470034122467
