times:
  edit-metadata: 0.88611841481179
  landing: 0.04272171389311552
  view-data: 0.20134239410981536
