times:
  edit-metadata: 0.897316379006952
  landing: 0.07394364709034562
  view-data: 0.2348373979330063
