times:
  edit-metadata: 0.9923135079443455
  landing: 0.15691115194931626
  view-data: 0.40409753611311316
