times:
  edit-metadata: 1.8366806171834469
  landing: 0.24070408567786217
  view-data: 0.40492597594857216
