times:
  edit-metadata: 1.4317036839202046
  landing: 0.8275386951863766
  view-data: 3.330857640132308
