times:
  edit-metadata: 0.7977665310027078
  landing: 0.09098655596608296
  view-data: 0.2327690950478427
