times:
  edit-metadata: 1.939871771261096
  landing: 0.1999279521405697
  view-data: 0.10764329321682453
