times:
  edit-metadata: 1.4513375721871853
  landing: 0.05140772461891174
  view-data: 0.21632615104317665
