times:
  landing: 0.5492263030000117
  view-data: 0.5609623909999755
