times:
  landing: 1.0703964919999862
  view-data: 0.5551707559999954
