times:
  landing: 0.5556099519999975
  view-data: 0.5549680999999964
