times:
  landing: 0.5512325669999996
  view-data: 0.5633710140000403
