times:
  edit-metadata: 0.8083018730394542
  landing: 0.05003290809690952
  view-data: 0.405751361977309
