times:
  edit-metadata: 1.7809148244559765
  landing: 0.02078857831656933
  view-data: 0.02656206488609314
