times:
  landing: 0.5449752910000143
  view-data: 0.5527028289999976
