times:
  edit-metadata: 0.8000274738296866
  landing: 0.05275572091341019
  view-data: 0.2340512564405799
