times:
  landing: 0.5558495110000194
  view-data: 0.04837468400000944
