times:
  edit-metadata: 1.3653681054711342
  landing: 0.7270080912858248
  view-data: 3.253926107659936
