times:
  landing: 0.5519771880000235
  view-data: 0.5544458009999857
