times:
  edit-metadata: 2.0146383307874203
  landing: 1.1916876398026943
  view-data: 3.4608602076768875
