times:
  edit-metadata: 1.8907293919473886
  landing: 0.02055148035287857
  view-data: 0.3739001303911209
