times:
  edit-metadata: 0.8716319379745983
  landing: 0.046186719031538814
  view-data: 0.2081727589829825
