times:
  edit-metadata: 1.585706140846014
  landing: 1.6145586036145687
  view-data: 0.6392438188195229
