times:
  edit-metadata: 1.5127771459519863
  landing: 0.795342955738306
  view-data: 3.3705793656408787
