times:
  edit-metadata: 0.9662107441108674
  landing: 0.05616147886030376
  view-data: 0.21591340098530054
