times:
  edit-metadata: 2.5174698987975717
  landing: 1.4180485233664513
  view-data: 3.5974734872579575
