times:
  edit-metadata: 1.505663376301527
  landing: 0.8561615608632565
  view-data: 3.429139159619808
