times:
  edit-metadata: 1.5014632139354944
  landing: 0.8165129367262125
  view-data: 3.391378777101636
