times:
  landing: 0.5533683979999751
  view-data: 0.5713969949999864
