times:
  edit-metadata: 2.477993397973478
  landing: 0.17210261523723602
  view-data: 0.5384879605844617
