times:
  edit-metadata: 1.7443552613258362
  landing: 1.0211577713489532
  view-data: 3.28829974681139
