times:
  edit-metadata: 0.8803462309879251
  landing: 0.050418587983585894
  view-data: 0.23065426002722234
