times:
  edit-metadata: 1.636155478656292
  landing: 1.014604140073061
  view-data: 3.3968710228800774
