times:
  edit-metadata: 0.8210664028301835
  landing: 0.04785832716152072
  view-data: 0.2085831481963396
