times:
  landing: 0.5561686210000403
  view-data: 0.5617815630000109
