times:
  edit-metadata: 1.509802596643567
  landing: 1.0108332429081202
  view-data: 3.3957919161766768
