times:
  edit-metadata: 1.2108444399782456
  landing: 0.07983251597033814
  view-data: 0.2562460170011036
