times:
  landing: 0.5453101269999934
  view-data: 0.5567266520000089
