times:
  edit-metadata: 0.9917310723103583
  landing: 0.07955109979957342
  view-data: 0.23889680532738566
