times:
  edit-metadata: 1.5677582528442144
  landing: 0.6498839352279902
  view-data: 0.381470313295722
