times:
  edit-metadata: 0.8596700699999928
  landing: 0.051381413359194994
  view-data: 0.228620080742985
