times:
  edit-metadata: 1.779231870546937
  landing: 0.0205984003841877
  view-data: 0.45744902919977903
