times:
  landing: 0.5572086859999672
  view-data: 0.0539545660000158
