times:
  edit-metadata: 1.9033777611330152
  landing: 0.13064405415207148
  view-data: 0.02583741396665573
