times:
  edit-metadata: 1.4887569397687912
  landing: 0.8063513897359371
  view-data: 3.414242286235094
