times:
  edit-metadata: 1.7771578086540103
  landing: 0.2087419694289565
  view-data: 0.45976399164646864
