times:
  edit-metadata: 1.1026570666581392
  landing: 0.06414959812536836
  view-data: 0.238290062174201
