times:
  edit-metadata: 1.813959278166294
  landing: 0.13566875271499157
  view-data: 0.23045128770172596
