times:
  edit-metadata: 0.8779852859443054
  landing: 0.0470924120163545
  view-data: 0.21080767607782036
