times:
  edit-metadata: 1.530897345393896
  landing: 0.8569550588726997
  view-data: 3.4747945684939623
