times:
  edit-metadata: 0.7716952008195221
  landing: 0.04872528417035937
  view-data: 0.21598686324432492
