times:
  edit-metadata: 1.5119681879878044
  landing: 0.045023392885923386
  view-data: 0.2165508233010769
