times:
  edit-metadata: 2.1767388358712196
  landing: 0.1579169388860464
  view-data: 0.7694949135184288
