times:
  edit-metadata: 0.8471074840053916
  landing: 0.04432256001746282
  view-data: 0.24098768798285164
