times:
  landing: 1.0650475649999862
  view-data: 0.5490894750000166
