times:
  edit-metadata: 1.3754661958664656
  landing: 0.776735894382
  view-data: 3.3818433843553066
