times:
  edit-metadata: 1.4078923221677542
  landing: 0.8069120487198234
  view-data: 3.4264596784487367
