times:
  edit-metadata: 1.4269668012857437
  landing: 0.052130695432424545
  view-data: 0.2160782627761364
