times:
  edit-metadata: 1.8442526254802942
  landing: 0.2406468652188778
  view-data: 0.47511724196374416
