times:
  edit-metadata: 0.8276727027259767
  landing: 0.04285508207976818
  view-data: 0.2119097183458507
