times:
  edit-metadata: 1.7939060982316732
  landing: 0.10113605856895447
  view-data: 0.11552413273602724
