times:
  edit-metadata: 0.8382139820605516
  landing: 0.9693635199218988
  view-data: 0.312936270609498
