times:
  edit-metadata: 1.3692959751933813
  landing: 0.8122882237657905
  view-data: 3.3786755176261067
