times:
  edit-metadata: 1.7119580246508121
  landing: 0.04871845617890358
  view-data: 0.2302055060863495
