times:
  edit-metadata: 1.744551395997405
  landing: 0.01960945315659046
  view-data: 0.10117756575345993
