times:
  landing: 0.553247870000007
  view-data: 0.5588486909999801
