times:
  edit-metadata: 0.8582382909953594
  landing: 0.04616029805038124
  view-data: 0.20519478200003505
