times:
  edit-metadata: 1.0440993800293654
  landing: 0.11529670702293515
  view-data: 0.22914999490603805
