times:
  edit-metadata: 1.7651443183422089
  landing: 0.11812975071370602
  view-data: 0.11616199091076851
