times:
  edit-metadata: 1.581938890973106
  landing: 0.8504544040188193
  view-data: 3.4206788688898087
