times:
  edit-metadata: 0.8742219570558518
  landing: 0.05253194703254849
  view-data: 0.21332996804267168
