times:
  edit-metadata: 1.5462006516754627
  landing: 0.6690572835505009
  view-data: 0.34587693959474564
