times:
  edit-metadata: 0.8316318400029559
  landing: 0.04532168401055969
  view-data: 0.20203670400951523
