times:
  edit-metadata: 1.5437279269099236
  landing: 0.9338722787797451
  view-data: 3.3406321592628956
