times:
  edit-metadata: 0.9224112919764593
  landing: 0.05022875498980284
  view-data: 0.32052964193280786
