times:
  edit-metadata: 1.4107961170375347
  landing: 1.0242550112307072
  view-data: 3.518518978729844
