times:
  edit-metadata: 2.1175469048321247
  landing: 0.218261094763875
  view-data: 0.4564305320382118
