times:
  landing: 0.5477414190000047
  view-data: 0.5570517179999968
