times:
  edit-metadata: 1.5536220371723175
  landing: 1.139964072033763
  view-data: 0.3254051227122545
