times:
  landing: 0.5503862440000375
  view-data: 0.5581999919999703
