times:
  edit-metadata: 1.082599070854485
  landing: 0.06975657399743795
  view-data: 0.25520574394613504
