times:
  landing: 0.5547642710000105
  view-data: 0.05920032299997047
