times:
  edit-metadata: 2.101727683097124
  landing: 0.16607386618852615
  view-data: 0.26166554540395737
