times:
  edit-metadata: 1.9623427744954824
  landing: 0.28559983149170876
  view-data: 0.1417021844536066
