times:
  edit-metadata: 1.0292504969984293
  landing: 0.0931148761883378
  view-data: 0.39552998542785645
