times:
  edit-metadata: 1.7088159192353487
  landing: 0.19736517500132322
  view-data: 0.026837246492505074
