times:
  edit-metadata: 1.5085835009813309
  landing: 0.8388064187020063
  view-data: 3.387392794713378
