times:
  landing: 0.5625655710000501
  view-data: 0.5772239599999693
