times:
  edit-metadata: 0.7689780038781464
  landing: 0.05108059011399746
  view-data: 0.21497443411499262
