times:
  edit-metadata: 2.07109671831131
  landing: 0.24470385536551476
  view-data: 0.26312634348869324
