times:
  edit-metadata: 1.4932604879140854
  landing: 0.8652523644268513
  view-data: 3.378551371395588
