times:
  edit-metadata: 0.8089448439422995
  landing: 0.045077834045514464
  view-data: 0.22333206213079393
