times:
  edit-metadata: 1.6089771410916
  landing: 0.8464544739108533
  view-data: 3.4487359668128192
