times:
  landing: 0.5596385880000412
  view-data: 0.5582344709999916
