times:
  edit-metadata: 0.7832311599049717
  landing: 0.04458172502927482
  view-data: 0.23117934493348002
