times:
  edit-metadata: 0.9778074829373509
  landing: 0.08356000599451363
  view-data: 0.2097327709197998
