times:
  edit-metadata: 0.8758757889736444
  landing: 0.046448936918750405
  view-data: 0.3569734329357743
