times:
  edit-metadata: 0.7898424039594829
  landing: 0.052275304682552814
  view-data: 0.22212778124958277
