times:
  edit-metadata: 2.1055394150316715
  landing: 1.1623062305152416
  view-data: 3.457873608916998
