times:
  edit-metadata: 0.8720139799988829
  landing: 0.044882964008138515
  view-data: 0.20690095399913844
