times:
  edit-metadata: 0.7973580870311707
  landing: 0.04582849401049316
  view-data: 0.3437845839653164
