times:
  edit-metadata: 0.8405822361819446
  landing: 0.0463305301964283
  view-data: 0.22310002520680428
