times:
  edit-metadata: 0.8574447860009968
  landing: 0.04910828999709338
  view-data: 0.2540698499651626
