times:
  edit-metadata: 1.5889485366642475
  landing: 0.5725194308906794
  view-data: 0.618379145860672
