times:
  edit-metadata: 0.8241982501931489
  landing: 0.05114924907684326
  view-data: 0.20658048195764422
