times:
  edit-metadata: 2.718492766842246
  landing: 0.04580986499786377
  view-data: 0.04665176384150982
