times:
  edit-metadata: 1.3630371056497097
  landing: 0.8414932489395142
  view-data: 3.3378853388130665
