times:
  edit-metadata: 1.8047906756401062
  landing: 0.14099951274693012
  view-data: 0.1524907350540161
