times:
  edit-metadata: 2.276193419471383
  landing: 0.019919886253774166
  view-data: 0.02553938701748848
