times:
  edit-metadata: 1.5403485633432865
  landing: 1.219911139458418
  view-data: 0.44944231025874615
