times:
  landing: 0.5504808539999999
  view-data: 0.5585122479999995
