times:
  landing: 1.5940873170000032
  view-data: 0.5618071559999862
