times:
  edit-metadata: 1.585275486111641
  landing: 1.0358410514891148
  view-data: 3.347123622894287
