times:
  edit-metadata: 1.422623623162508
  landing: 0.9240743480622768
  view-data: 3.614327523857355
