times:
  edit-metadata: 0.8653767460491508
  landing: 0.05423536500893533
  view-data: 0.20746388495899737
