times:
  edit-metadata: 1.6553640260826796
  landing: 0.09378619492053986
  view-data: 0.23296994995325804
