times:
  edit-metadata: 1.5827336087822914
  landing: 0.04756228253245354
  view-data: 0.22662607207894325
