times:
  edit-metadata: 1.6182132568210363
  landing: 0.5726326666772366
  view-data: 0.6343970037996769
