times:
  edit-metadata: 1.6064512208104134
  landing: 0.7804917730391026
  view-data: 0.2713547330349684
