times:
  edit-metadata: 0.9442049781791866
  landing: 0.06245302711613476
  view-data: 0.21002149395644665
