times:
  edit-metadata: 1.384687129408121
  landing: 0.958215557038784
  view-data: 3.2873755134642124
