times:
  landing: 0.5791097729999706
  view-data: 0.556073122999976
