times:
  edit-metadata: 1.3860341869294643
  landing: 0.7338237576186657
  view-data: 3.3032828345894814
