times:
  edit-metadata: 1.5648300927132368
  landing: 0.7984929420053959
  view-data: 3.3939657732844353
