times:
  edit-metadata: 1.5413232780992985
  landing: 0.9686212856322527
  view-data: 3.4748492930084467
