times:
  edit-metadata: 0.9281322741881013
  landing: 0.07202434306964278
  view-data: 0.24983925186097622
