times:
  edit-metadata: 1.7963087251409888
  landing: 0.01881413534283638
  view-data: 0.02605076227337122
