times:
  landing: 1.076148891999992
  view-data: 0.559910713000022
