times:
  landing: 0.5487493449999761
  view-data: 0.5537543749999827
