times:
  landing: 0.549378135999973
  view-data: 0.5551931200000126
