times:
  edit-metadata: 1.0255297990515828
  landing: 0.051412972155958414
  view-data: 0.228908808901906
