times:
  landing: 0.5532125750000318
  view-data: 0.5622538300000315
