times:
  edit-metadata: 1.7718830294907093
  landing: 0.20111723244190216
  view-data: 0.025826241821050644
