times:
  landing: 1.0748363710000035
  view-data: 0.5637223939999672
