times:
  edit-metadata: 0.9784293351694942
  landing: 0.05267736199311912
  view-data: 0.3010504939593375
