times:
  edit-metadata: 1.441448975354433
  landing: 1.0014232322573662
  view-data: 3.353932997211814
