times:
  edit-metadata: 0.797076852992177
  landing: 0.04630428506061435
  view-data: 0.22499013040214777
