times:
  edit-metadata: 0.88992481213063
  landing: 0.05359125742688775
  view-data: 0.2084854100830853
