times:
  edit-metadata: 1.9760386291891336
  landing: 1.197448767721653
  view-data: 3.338596735149622
