times:
  edit-metadata: 2.366885472089052
  landing: 0.28860035445541143
  view-data: 0.19955931790173054
