times:
  edit-metadata: 1.5547527968883514
  landing: 0.889145664870739
  view-data: 3.4022427275776863
