times:
  edit-metadata: 0.7933244509622455
  landing: 0.05076200095936656
  view-data: 0.2371660068165511
