times:
  edit-metadata: 1.6917217187583447
  landing: 1.1083918046206236
  view-data: 3.3805615697056055
