times:
  edit-metadata: 1.648360937833786
  landing: 1.112359408289194
  view-data: 3.4444462209939957
