times:
  edit-metadata: 1.6039189826697111
  landing: 0.8253403529524803
  view-data: 3.415904261171818
