times:
  edit-metadata: 1.398996103554964
  landing: 0.9876899421215057
  view-data: 3.306105811148882
