times:
  edit-metadata: 1.7321445140987635
  landing: 0.022274971939623356
  view-data: 0.0264890156686306
