times:
  edit-metadata: 1.605685567483306
  landing: 0.5761497747153044
  view-data: 0.21424122713506222
