times:
  edit-metadata: 0.7950617619790137
  landing: 0.04855236690491438
  view-data: 0.2351021720096469
