times:
  landing: 1.1580989679999902
  view-data: 0.5791902860000278
