times:
  edit-metadata: 1.5273733511567116
  landing: 1.4396150074899197
  view-data: 0.23829635232686996
