times:
  edit-metadata: 1.3582210710737854
  landing: 0.0766904610209167
  view-data: 0.3476153321098536
