times:
  edit-metadata: 1.4129832796752453
  landing: 0.9017541632056236
  view-data: 3.302412297576666
