times:
  edit-metadata: 2.1975704673677683
  landing: 0.17304413951933384
  view-data: 0.30610905960202217
