times:
  edit-metadata: 0.8054084996692836
  landing: 0.04742776695638895
  view-data: 0.23023122688755393
