times:
  edit-metadata: 1.5594165120273829
  landing: 0.7159575708210468
  view-data: 0.3307778909802437
