times:
  edit-metadata: 1.6946482993662357
  landing: 0.023503432981669903
  view-data: 0.11458474304527044
