times:
  edit-metadata: 0.8680174760520458
  landing: 0.04720272799022496
  view-data: 0.2140770151745528
