times:
  edit-metadata: 1.872696753591299
  landing: 0.1167432377114892
  view-data: 0.02630767971277237
