times:
  edit-metadata: 0.7664186379406601
  landing: 0.05108359607402235
  view-data: 0.2591660050675273
