times:
  edit-metadata: 0.8551013130927458
  landing: 0.050491468980908394
  view-data: 0.4935994609259069
