times:
  edit-metadata: 0.889216661977116
  landing: 0.040277240972500294
  view-data: 0.20461362099740654
