times:
  edit-metadata: 0.8220461811870337
  landing: 0.6338786315172911
  view-data: 0.2232570592314005
