times:
  edit-metadata: 1.521054619923234
  landing: 0.8255575653165579
  view-data: 3.384306287392974
