times:
  edit-metadata: 0.7957841400057077
  landing: 0.05956606601830572
  view-data: 0.23714204994030297
