times:
  edit-metadata: 0.8090479369275272
  landing: 0.051743938121944666
  view-data: 0.21401738515123725
