times:
  edit-metadata: 0.7975668550934643
  landing: 0.049963055993430316
  view-data: 0.2390158069320023
