times:
  landing: 1.5891219910000132
  view-data: 0.5551115569999752
