times:
  edit-metadata: 1.3809041026979685
  landing: 0.9614348877221346
  view-data: 3.4103840943425894
