times:
  edit-metadata: 1.4708275198936462
  landing: 1.0186790823936462
  view-data: 3.448446422815323
