times:
  edit-metadata: 1.736327275633812
  landing: 1.1458630748093128
  view-data: 3.3482045084238052
