times:
  edit-metadata: 1.5240239799022675
  landing: 1.3047610223293304
  view-data: 3.4244800806045532
