times:
  edit-metadata: 1.5304849110543728
  landing: 1.0121596567332745
  view-data: 3.3640897758305073
