times:
  edit-metadata: 2.0259180329740047
  landing: 1.434345293790102
  view-data: 3.482973139733076
