times:
  edit-metadata: 1.5496064350008965
  landing: 0.5714585594832897
  view-data: 0.6188068687915802
