times:
  landing: 0.5557418509999934
  view-data: 0.5596379779999552
