times:
  edit-metadata: 0.8443273519806098
  landing: 0.05279651001910679
  view-data: 0.20974264899268746
