times:
  edit-metadata: 1.4497102685272694
  landing: 0.05015822499990463
  view-data: 0.21911238878965378
