times:
  edit-metadata: 0.8041630480438471
  landing: 0.048209456726908684
  view-data: 0.21438893489539623
