times:
  landing: 0.5511963799999648
  view-data: 0.5575606120000316
