times:
  edit-metadata: 1.673333628103137
  landing: 0.6140325479209423
  view-data: 0.23862013593316078
