times:
  edit-metadata: 3.6104371482506394
  landing: 0.4026405103504658
  view-data: 0.7092367839068174
