times:
  edit-metadata: 1.316118761897087
  landing: 0.7775388320442289
  view-data: 3.271851595956832
