times:
  edit-metadata: 0.8829916708637029
  landing: 0.06251766998320818
  view-data: 0.22832211200147867
