times:
  edit-metadata: 0.9730388940079138
  landing: 0.07677349902223796
  view-data: 0.3792404219857417
