times:
  edit-metadata: 0.7728543700650334
  landing: 0.04911117162555456
  view-data: 0.22184155602008104
