times:
  edit-metadata: 0.7986704020295292
  landing: 0.04925319901667535
  view-data: 0.2292088579852134
