times:
  landing: 0.5503881319999664
  view-data: 0.5574908199999982
