times:
  edit-metadata: 0.8762219431810081
  landing: 0.05778026906773448
  view-data: 0.21986658708192408
