times:
  edit-metadata: 1.3533494649454951
  landing: 0.9622440859675407
  view-data: 3.382909311912954
