times:
  edit-metadata: 1.744933974929154
  landing: 0.019034159369766712
  view-data: 0.028051095083355904
