times:
  edit-metadata: 0.7916353875771165
  landing: 0.04265296272933483
  view-data: 0.21376177854835987
