times:
  edit-metadata: 1.4926841333508492
  landing: 0.8407558184117079
  view-data: 3.3655508384108543
