times:
  landing: 0.5550336210000069
  view-data: 0.5572676339999703
