times:
  edit-metadata: 0.8058000749442726
  landing: 0.03991591208614409
  view-data: 0.25348364003002644
