times:
  edit-metadata: 0.7983068693429232
  landing: 1.1335642840713263
  view-data: 0.3114100322127342
