times:
  edit-metadata: 1.567678228020668
  landing: 1.129153674468398
  view-data: 0.6204625703394413
