times:
  edit-metadata: 0.8132456629537046
  landing: 0.04246115079149604
  view-data: 0.2215351457707584
