times:
  edit-metadata: 1.5910691861063242
  landing: 0.6262781824916601
  view-data: 0.206361323595047
