times:
  landing: 1.5879092699999546
  view-data: 0.5581320469999582
