times:
  landing: 1.0878213139999957
  view-data: 0.5634787949999804
