times:
  edit-metadata: 1.9267076551914215
  landing: 0.29122371785342693
  view-data: 0.45363031327724457
