times:
  edit-metadata: 1.722706913948059
  landing: 1.136809479445219
  view-data: 3.3641797080636024
