times:
  edit-metadata: 1.5303395930677652
  landing: 0.6520704813301563
  view-data: 0.2627033870667219
