times:
  edit-metadata: 1.321412755176425
  landing: 0.8912305030971766
  view-data: 3.392212137579918
