times:
  landing: 0.5536576480000122
  view-data: 0.556804091999993
