times:
  edit-metadata: 2.203301463276148
  landing: 0.14183871634304523
  view-data: 0.2985270842909813
