times:
  edit-metadata: 1.4668034799396992
  landing: 1.0080074109137058
  view-data: 3.3371791541576385
