times:
  landing: 0.5487843029999908
  view-data: 0.550949567999993
