times:
  edit-metadata: 1.5897409319877625
  landing: 0.9420110303908587
  view-data: 3.3559853453189135
