times:
  edit-metadata: 1.617324722930789
  landing: 0.6142325308173895
  view-data: 0.21069499291479588
