times:
  edit-metadata: 0.8367293737828732
  landing: 0.3915447648614645
  view-data: 0.23071854375302792
