times:
  edit-metadata: 0.9596920181065798
  landing: 0.08317496767267585
  view-data: 0.222075330093503
