times:
  edit-metadata: 1.544253271073103
  landing: 0.8889669738709927
  view-data: 3.3949902839958668
