times:
  landing: 0.5536238220000769
  view-data: 0.5587789520000115
