times:
  edit-metadata: 2.0272751059383154
  landing: 0.26661637239158154
  view-data: 0.1457644086331129
