times:
  edit-metadata: 1.84040536172688
  landing: 0.02100987732410431
  view-data: 0.026653479784727097
