times:
  edit-metadata: 0.7523345397785306
  landing: 0.04700747970491648
  view-data: 0.34015899570658803
