times:
  edit-metadata: 1.807526416145265
  landing: 0.02086412627249956
  view-data: 0.1360161118209362
