times:
  edit-metadata: 0.7842346980032744
  landing: 0.05073753200122155
  view-data: 0.2597008110024035
