times:
  edit-metadata: 1.5988290971145034
  landing: 0.8780093947425485
  view-data: 3.448672874830663
