times:
  edit-metadata: 0.818215818144381
  landing: 0.049125493969768286
  view-data: 0.21677359798923135
