times:
  edit-metadata: 1.498067582026124
  landing: 0.801532780751586
  view-data: 3.346571411937475
