times:
  edit-metadata: 2.183190992102027
  landing: 0.24009522423148155
  view-data: 0.5330434888601303
