times:
  edit-metadata: 1.843887971714139
  landing: 0.2547819931060076
  view-data: 0.12078558094799519
