times:
  edit-metadata: 1.7929128604009748
  landing: 0.7686713095754385
  view-data: 3.2883069943636656
