times:
  edit-metadata: 1.8095156084746122
  landing: 0.1458287388086319
  view-data: 0.34721379540860653
