times:
  edit-metadata: 0.7828661180101335
  landing: 0.07989333290606737
  view-data: 0.2625643480569124
