times:
  edit-metadata: 0.8399164797738194
  landing: 0.04137286636978388
  view-data: 0.21327875275164843
