times:
  edit-metadata: 0.8366973418742418
  landing: 0.08232405595481396
  view-data: 0.24140225793235004
