times:
  edit-metadata: 0.8311629998497665
  landing: 0.0518550262786448
  view-data: 0.34429714595898986
