times:
  edit-metadata: 1.5707790534943342
  landing: 0.07378986291587353
  view-data: 0.2254546731710434
