times:
  edit-metadata: 1.756405427120626
  landing: 0.023182310163974762
  view-data: 0.11848815437406301
