times:
  landing: 1.0696986920000313
  view-data: 1.5869739689999847
