times:
  edit-metadata: 1.4837796166539192
  landing: 0.5765649694949389
  view-data: 0.6217624247074127
