times:
  edit-metadata: 0.8643377469852567
  landing: 0.05233931983821094
  view-data: 0.2122925529256463
