times:
  edit-metadata: 1.8548597814515233
  landing: 0.11634395830333233
  view-data: 0.20540500711649656
