times:
  edit-metadata: 1.0574435510002331
  landing: 0.1572567439998238
  view-data: 0.33445135200008735
