times:
  edit-metadata: 1.4545750506222248
  landing: 0.05468067154288292
  view-data: 0.21022040024399757
