times:
  edit-metadata: 1.380865041166544
  landing: 0.8924167118966579
  view-data: 3.3363849595189095
