times:
  edit-metadata: 1.784144600853324
  landing: 0.1490771807730198
  view-data: 0.33428794890642166
