times:
  landing: 0.5506414790000349
  view-data: 0.5627420109999548
