times:
  landing: 1.7611299769487232
  view-data: 0.03510813205502927
