times:
  edit-metadata: 1.6665755100548267
  landing: 0.5788689684122801
  view-data: 0.6171061582863331
