times:
  edit-metadata: 1.5226905196905136
  landing: 0.36055772565305233
  view-data: 0.21835932321846485
