times:
  edit-metadata: 1.5470435693860054
  landing: 1.1028780527412891
  view-data: 3.3216259256005287
