times:
  edit-metadata: 1.4640541896224022
  landing: 0.9667328000068665
  view-data: 3.5512313032522798
