times:
  edit-metadata: 0.8504455389920622
  landing: 0.04814885499945376
  view-data: 0.23329109500627965
