times:
  edit-metadata: 0.8136274171993136
  landing: 0.05102060595527291
  view-data: 0.2159755351021886
