times:
  edit-metadata: 1.8361190697178245
  landing: 0.018519477918744087
  view-data: 0.11752794124186039
