times:
  edit-metadata: 1.4498466178774834
  landing: 0.052444733679294586
  view-data: 0.2205779030919075
