times:
  edit-metadata: 0.7746303549793083
  landing: 0.05152628000359982
  view-data: 0.5052302510011941
