times:
  edit-metadata: 0.8789970600046217
  landing: 0.046017799992114305
  view-data: 0.2064796289196238
