times:
  landing: 1.0774962319999872
  view-data: 0.56791561
