times:
  landing: 0.5471216939999977
  view-data: 0.548280214999977
