times:
  edit-metadata: 1.800930568948388
  landing: 0.14706365391612053
  view-data: 0.4830713737756014
