times:
  edit-metadata: 1.3828049800358713
  landing: 0.7779883402399719
  view-data: 3.391738360747695
