times:
  edit-metadata: 2.68836098536849
  landing: 1.3588093724101782
  view-data: 3.47971698269248
