times:
  landing: 1.06844408500001
  view-data: 0.5591332440000087
