times:
  landing: 0.5592730900000333
  view-data: 0.5475763759999381
