times:
  landing: 0.5542717829999901
  view-data: 0.555714772999977
