times:
  edit-metadata: 0.7849425559979863
  landing: 0.056598446040879935
  view-data: 0.2428725609788671
