times:
  edit-metadata: 0.8540274299448356
  landing: 0.046479191980324686
  view-data: 0.20813522394746542
