times:
  edit-metadata: 1.606450312770903
  landing: 0.8291198955848813
  view-data: 3.406064215116203
