times:
  edit-metadata: 0.8415572140365839
  landing: 0.06672765407711267
  view-data: 0.21205735113471746
