times:
  edit-metadata: 1.5993405804038048
  landing: 0.8075022958219051
  view-data: 0.3533543851226568
