times:
  edit-metadata: 2.143445230089128
  landing: 0.020489719696342945
  view-data: 0.023301939480006695
