times:
  edit-metadata: 2.3897355049848557
  landing: 0.26827250979840755
  view-data: 0.16050970368087292
