times:
  edit-metadata: 0.8855071440339088
  landing: 0.7004790920764208
  view-data: 0.2211718764156103
