times:
  edit-metadata: 0.8425471088849008
  landing: 0.04535457701422274
  view-data: 0.2074462401214987
