times:
  edit-metadata: 1.4478446701541543
  landing: 0.9676790656521916
  view-data: 3.385921301320195
