times:
  edit-metadata: 1.4682595282793045
  landing: 0.9044224247336388
  view-data: 3.354607205837965
