times:
  edit-metadata: 0.8546751886606216
  landing: 0.04689542017877102
  view-data: 0.2072783252224326
