times:
  edit-metadata: 1.4570769760757685
  landing: 0.7300786711275578
  view-data: 3.2822862453758717
