times:
  landing: 0.548469280000063
  view-data: 0.5476901789999147
