times:
  edit-metadata: 1.4172841794788837
  landing: 0.833653274923563
  view-data: 3.2977936044335365
