times:
  edit-metadata: 1.5652373638004065
  landing: 0.6298585329204798
  view-data: 0.271937845274806
