times:
  edit-metadata: 0.8647004989907146
  landing: 0.04853839613497257
  view-data: 0.22591144684702158
