times:
  edit-metadata: 1.4681479558348656
  landing: 0.7987986598163843
  view-data: 3.2987299244850874
