times:
  edit-metadata: 0.8437757361680269
  landing: 0.8375965338200331
  view-data: 0.8161744959652424
