times:
  edit-metadata: 1.74475771561265
  landing: 0.01990366354584694
  view-data: 0.023556272499263287
