times:
  landing: 0.5513087950000113
  view-data: 0.5499659729999848
