times:
  edit-metadata: 1.7520136246457696
  landing: 0.021600667387247086
  view-data: 0.10522664058953524
