times:
  edit-metadata: 1.8897164333611727
  landing: 0.019444935023784637
  view-data: 0.023484498262405396
