times:
  edit-metadata: 1.4614437744021416
  landing: 0.0532584972679615
  view-data: 0.21580224856734276
