times:
  edit-metadata: 1.85061320848763
  landing: 0.1329821404069662
  view-data: 0.3635549359023571
