times:
  edit-metadata: 1.433501975145191
  landing: 1.0760942068882287
  view-data: 3.3554787118919194
