times:
  edit-metadata: 1.0063711507245898
  landing: 0.06394338188692927
  view-data: 0.22403657296672463
