times:
  edit-metadata: 1.4883320145308971
  landing: 1.0673473365604877
  view-data: 3.462020918726921
