times:
  edit-metadata: 0.800877528032288
  landing: 0.05640077101998031
  view-data: 0.23808141215704381
