times:
  edit-metadata: 0.8403275099117309
  landing: 0.04385756608098745
  view-data: 0.20594497700221837
