times:
  landing: 0.5518961979999801
  view-data: 0.552179711000008
