times:
  landing: 1.0753725760000066
  view-data: 0.5509176039999488
