times:
  landing: 0.55526139899996
  view-data: 0.556771126000001
