times:
  edit-metadata: 1.7921240320429206
  landing: 0.12803544383496046
  view-data: 0.1200554110109806
