times:
  edit-metadata: 1.5305121578276157
  landing: 0.8129061292856932
  view-data: 3.474682392552495
