times:
  edit-metadata: 1.5082095004618168
  landing: 0.9200958013534546
  view-data: 3.400472853332758
