times:
  edit-metadata: 0.8691272509968258
  landing: 0.04573488900496159
  view-data: 0.24825798599340487
