times:
  edit-metadata: 1.592200443148613
  landing: 0.7537381090223789
  view-data: 0.32327421195805073
