times:
  edit-metadata: 1.4070721827447414
  landing: 1.000897839665413
  view-data: 3.330951537936926
