times:
  edit-metadata: 1.7772817704826593
  landing: 0.12259249575436115
  view-data: 0.2853745622560382
