times:
  landing: 0.6240442409999787
  view-data: 0.5534453930000041
