times:
  edit-metadata: 0.9188410739880055
  landing: 0.04721640798379667
  view-data: 0.3015049929963425
