times:
  edit-metadata: 1.5975941997021437
  landing: 0.7362824771553278
  view-data: 0.22392256744205952
