times:
  edit-metadata: 0.8519129990017973
  landing: 0.04482108697993681
  view-data: 0.2053189460420981
