times:
  landing: 0.5843608409999774
  view-data: 0.5549390729999573
