times:
  edit-metadata: 1.784910344518721
  landing: 0.019906604662537575
  view-data: 0.028145198710262775
