times:
  landing: 0.5527412580000259
  view-data: 0.5568535520000069
