times:
  landing: 1.0965829009999766
  view-data: 0.5525060470000085
