times:
  landing: 1.0734135239999887
  view-data: 0.5603856039999755
