times:
  edit-metadata: 2.398959383368492
  landing: 0.3063390478491783
  view-data: 0.24803723953664303
