times:
  edit-metadata: 1.7872287118807435
  landing: 0.021126724779605865
  view-data: 0.11808633804321289
