times:
  edit-metadata: 2.1434191316366196
  landing: 0.260236706584692
  view-data: 0.37624414451420307
