times:
  edit-metadata: 1.487844929099083
  landing: 0.9682493917644024
  view-data: 3.3327313512563705
