times:
  edit-metadata: 1.8279054835438728
  landing: 0.13819648139178753
  view-data: 0.02731028012931347
