times:
  edit-metadata: 0.8613525968976319
  landing: 0.053238729014992714
  view-data: 0.20838840724900365
