times:
  edit-metadata: 0.835655205999501
  landing: 0.0450216110330075
  view-data: 0.2162255879957229
