times:
  edit-metadata: 1.4754508826881647
  landing: 0.8086784370243549
  view-data: 3.390515308827162
