times:
  edit-metadata: 1.5825026147067547
  landing: 0.6482640355825424
  view-data: 0.3382850084453821
