times:
  edit-metadata: 1.4675476290285587
  landing: 1.0261555528268218
  view-data: 3.4048185693100095
