times:
  edit-metadata: 1.8631563000380993
  landing: 0.048286810517311096
  view-data: 0.024084726348519325
