times:
  edit-metadata: 0.8582747210748494
  landing: 0.05260961805470288
  view-data: 0.21954128006473184
