times:
  edit-metadata: 1.991118717007339
  landing: 0.20347994659096003
  view-data: 0.40671530552208424
