times:
  edit-metadata: 0.7940625639166683
  landing: 0.051724882097914815
  view-data: 0.23289499105885625
