times:
  landing: 1.1136657769999374
  view-data: 0.5569254889999229
