times:
  edit-metadata: 0.7992728748358786
  landing: 0.0542226773686707
  view-data: 0.2109458721242845
