times:
  edit-metadata: 0.7942884722724557
  landing: 0.050761652179062366
  view-data: 0.22551661916077137
