times:
  edit-metadata: 1.4649640005081892
  landing: 0.9306908771395683
  view-data: 3.425235712900758
