times:
  edit-metadata: 1.5444494262337685
  landing: 0.9747682064771652
  view-data: 3.343266014009714
