times:
  edit-metadata: 1.52983021363616
  landing: 0.9412916675209999
  view-data: 3.4123596139252186
