times:
  edit-metadata: 1.5848888400942087
  landing: 0.8599992599338293
  view-data: 3.441571343690157
