times:
  edit-metadata: 2.06513674557209
  landing: 0.14071445353329182
  view-data: 0.1364943478256464
