times:
  edit-metadata: 1.7388409161940217
  landing: 0.019561244174838066
  view-data: 0.11835280898958445
