times:
  edit-metadata: 1.894104190170765
  landing: 0.020579958334565163
  view-data: 0.02906790003180504
