times:
  edit-metadata: 1.51884144206997
  landing: 0.9687986969947815
  view-data: 3.3751759940059856
