times:
  edit-metadata: 0.967688939999789
  landing: 0.09047360997647047
  view-data: 0.30589612387120724
