times:
  edit-metadata: 2.1714371498674154
  landing: 0.17725993506610394
  view-data: 0.39844036288559437
