times:
  edit-metadata: 0.8182259269524366
  landing: 0.05232805199921131
  view-data: 0.2429714670870453
