times:
  edit-metadata: 1.3466011062264442
  landing: 0.7900203987956047
  view-data: 3.689686831086874
