times:
  edit-metadata: 0.8416451490484178
  landing: 0.050772650167346
  view-data: 0.21197864599525928
