times:
  landing: 1.082465085000024
  view-data: 0.5540762269999959
