times:
  edit-metadata: 1.7539939600974321
  landing: 0.020309685729444027
  view-data: 0.43955385498702526
