times:
  edit-metadata: 1.6764574125409126
  landing: 1.0909472778439522
  view-data: 3.389369450509548
