times:
  edit-metadata: 1.6502043884247541
  landing: 0.8748539555817842
  view-data: 3.4308368898928165
