times:
  landing: 0.5473996829999805
  view-data: 0.5488489040000104
