times:
  edit-metadata: 1.638023640960455
  landing: 0.9499284140765667
  view-data: 3.3572269193828106
