times:
  edit-metadata: 1.5842014770023525
  landing: 0.8332039969973266
  view-data: 3.308348387014121
