times:
  landing: 0.5431168430000071
  view-data: 0.5432082439999988
