times:
  edit-metadata: 1.4677506387233734
  landing: 1.0070309396833181
  view-data: 3.406715488061309
