times:
  edit-metadata: 0.871652171947062
  landing: 0.047400417970493436
  view-data: 0.2168862649705261
