times:
  edit-metadata: 0.9016492920927703
  landing: 0.05621917685493827
  view-data: 0.234685564879328
