times:
  edit-metadata: 1.575443694833666
  landing: 0.8736641481518745
  view-data: 3.386303428094834
