times:
  edit-metadata: 1.4140166137367487
  landing: 0.8195562828332186
  view-data: 3.3794586192816496
