times:
  edit-metadata: 1.441863415762782
  landing: 0.9186195898801088
  view-data: 3.4295502733439207
