times:
  edit-metadata: 1.7390736397355795
  landing: 0.019966299645602703
  view-data: 0.12521850690245628
