times:
  landing: 1.0891523639999718
  view-data: 0.5572108929999899
