times:
  edit-metadata: 1.5302432887256145
  landing: 0.8130394667387009
  view-data: 3.4183422047644854
