times:
  edit-metadata: 1.7705778172239661
  landing: 0.02059078961610794
  view-data: 0.10191702749580145
