times:
  edit-metadata: 1.5720926262438297
  landing: 1.213511910289526
  view-data: 3.3407642617821693
