times:
  edit-metadata: 2.704737527295947
  landing: 1.3936263155192137
  view-data: 3.4703153632581234
