times:
  landing: 2.1091623400000117
  view-data: 0.5531187199999863
