times:
  edit-metadata: 0.8456276609795168
  landing: 0.04590390692465007
  view-data: 0.20120253099594265
