times:
  landing: 0.5656993780000334
  view-data: 0.061989133999986734
