times:
  edit-metadata: 1.4539779499173164
  landing: 0.050194498151540756
  view-data: 0.21711823716759682
