times:
  edit-metadata: 0.809856188017875
  landing: 0.04926186302327551
  view-data: 0.20879294199403375
