times:
  edit-metadata: 1.617354016751051
  landing: 0.5580071415752172
  view-data: 0.37087684497237206
