times:
  landing: 0.5439682219999895
  view-data: 0.5478473780000286
