times:
  edit-metadata: 1.7412934117019176
  landing: 0.056235719472169876
  view-data: 0.23861192166805267
