times:
  edit-metadata: 2.5059481039643288
  landing: 1.3346501309424639
  view-data: 3.4187689973041415
