times:
  edit-metadata: 0.8280091527849436
  landing: 0.04613699158653617
  view-data: 0.2167364787310362
