times:
  landing: 1.1480940650000093
  view-data: 0.5615038939999977
