times:
  edit-metadata: 1.5545772518962622
  landing: 0.9788503162562847
  view-data: 0.3735915422439575
