times:
  edit-metadata: 1.4266825765371323
  landing: 0.9908183179795742
  view-data: 3.3223677426576614
