times:
  edit-metadata: 1.7511683134362102
  landing: 0.16937680821865797
  view-data: 0.4459930481389165
