times:
  edit-metadata: 1.570505227893591
  landing: 0.8212518189102411
  view-data: 0.3730967901647091
