times:
  landing: 1.073632646999954
  view-data: 0.5637674939999897
