times:
  edit-metadata: 1.0915461680851877
  landing: 0.07840916700661182
  view-data: 0.34138852497562766
