times:
  edit-metadata: 0.7993538547307253
  landing: 0.07196649722754955
  view-data: 0.2282934058457613
