times:
  edit-metadata: 0.862845488009043
  landing: 0.04750027897534892
  view-data: 0.21318855899153277
