times:
  edit-metadata: 1.5871115755289793
  landing: 0.8460009563714266
  view-data: 3.419924156740308
