times:
  edit-metadata: 0.7895647399127483
  landing: 0.04674741020426154
  view-data: 0.21957511687651277
