times:
  edit-metadata: 1.4132513757795095
  landing: 0.80040393024683
  view-data: 3.3141116444021463
