times:
  edit-metadata: 1.400144599378109
  landing: 0.9619663022458553
  view-data: 3.324528221040964
