times:
  edit-metadata: 0.8194464929401875
  landing: 0.04882321925833821
  view-data: 0.20581742515787482
