times:
  edit-metadata: 0.7564329179003835
  landing: 0.050351707264781
  view-data: 0.2129784058779478
