times:
  edit-metadata: 0.8527853770065121
  landing: 0.05319783400045708
  view-data: 0.21477425302146003
