times:
  landing: 0.5520836110000005
  view-data: 0.5656149870000036
