times:
  edit-metadata: 1.4699468798935413
  landing: 0.9370976015925407
  view-data: 3.3278569132089615
