times:
  edit-metadata: 1.7554541397839785
  landing: 0.20006950199604034
  view-data: 0.3052967833355069
