times:
  edit-metadata: 0.776362270116806
  landing: 0.05641924683004618
  view-data: 0.22485154028981924
