times:
  landing: 1.0893370070000117
  view-data: 0.5522772900000064
