times:
  edit-metadata: 1.5612105770269409
  landing: 0.8902466209838167
  view-data: 3.3060152010293677
