times:
  edit-metadata: 1.4688557088375092
  landing: 0.04810110852122307
  view-data: 0.21418657898902893
