times:
  landing: 1.0747746089999737
  view-data: 0.5545950949999678
