times:
  edit-metadata: 0.7831416022963822
  landing: 0.04525461466982961
  view-data: 0.21761495200917125
