times:
  landing: 0.5517051959999435
  view-data: 0.5534032900000057
