times:
  edit-metadata: 1.463622808456421
  landing: 0.04890123009681702
  view-data: 0.21469485759735107
