times:
  edit-metadata: 1.8673204192891717
  landing: 0.21299351565539837
  view-data: 0.1836467981338501
