times:
  edit-metadata: 1.4361962731927633
  landing: 0.9831113386899233
  view-data: 0.2264467068016529
