times:
  edit-metadata: 1.5105104371905327
  landing: 1.1366549283266068
  view-data: 0.6414403077214956
