times:
  edit-metadata: 1.876154936850071
  landing: 0.021561482921242714
  view-data: 0.12316080369055271
