times:
  edit-metadata: 0.9551039794459939
  landing: 0.057704390957951546
  view-data: 0.2490467713214457
