times:
  edit-metadata: 1.7729185577481985
  landing: 0.02017347700893879
  view-data: 0.1192738302052021
