times:
  landing: 1.0975018389999605
  view-data: 0.5560204170000134
