times:
  edit-metadata: 0.9653427130542696
  landing: 0.06985929980874062
  view-data: 0.25091424211859703
