times:
  edit-metadata: 0.932345466222614
  landing: 0.0824604188092053
  view-data: 0.26387078408151865
