times:
  edit-metadata: 1.8303116001188755
  landing: 0.14810645207762718
  view-data: 0.02290411852300167
