times:
  edit-metadata: 1.6145712248981
  landing: 1.0510666891932487
  view-data: 3.3251459524035454
