times:
  edit-metadata: 0.7743438789620996
  landing: 0.0532606253400445
  view-data: 0.24357896111905575
