times:
  edit-metadata: 0.8495471290079877
  landing: 0.05496661306824535
  view-data: 0.22934697894379497
