times:
  landing: 0.5457182559999865
  view-data: 0.04620660099999441
