times:
  edit-metadata: 1.5241578556597233
  landing: 0.9251772370189428
  view-data: 3.3401464968919754
