times:
  edit-metadata: 0.8800582769326866
  landing: 0.05540484096854925
  view-data: 0.21457489812746644
