times:
  edit-metadata: 0.7908982010558248
  landing: 0.050727374851703644
  view-data: 0.21779228374361992
