times:
  landing: 0.5428363479999803
  view-data: 0.5551885790000028
