times:
  edit-metadata: 1.3969621239230037
  landing: 0.8942189747467637
  view-data: 3.429683469235897
