times:
  landing: 0.5542049649999967
  view-data: 0.5620556250000277
