times:
  edit-metadata: 1.4847987899556756
  landing: 0.8761449316516519
  view-data: 3.3593164701014757
