times:
  edit-metadata: 1.7725201193243265
  landing: 0.020381657406687737
  view-data: 0.37725537084043026
