times:
  edit-metadata: 1.4051343686878681
  landing: 0.8774812389165163
  view-data: 3.366319142282009
