times:
  edit-metadata: 1.5290155410766602
  landing: 0.9983962997794151
  view-data: 3.438308283686638
