times:
  edit-metadata: 0.8404447220091242
  landing: 0.05451006899238564
  view-data: 0.2260160489968257
