times:
  edit-metadata: 1.8358003590255976
  landing: 0.12955864146351814
  view-data: 0.1382124237716198
