times:
  landing: 0.5536450490000107
  view-data: 0.056499431000020195
