times:
  edit-metadata: 0.7933806250221096
  landing: 0.04799474298488349
  view-data: 0.23900837101973593
