times:
  edit-metadata: 1.9164732247591019
  landing: 1.127091784030199
  view-data: 3.402300249785185
