times:
  edit-metadata: 1.6407734919339418
  landing: 0.9914437271654606
  view-data: 3.3232856523245573
