times:
  edit-metadata: 2.856824093963951
  landing: 1.7200082219205797
  view-data: 3.7598089813254774
