times:
  edit-metadata: 0.8352170309517533
  landing: 0.05426259012892842
  view-data: 0.21243768697604537
