times:
  edit-metadata: 1.584764488041401
  landing: 1.0027477070689201
  view-data: 3.3800117261707783
