times:
  edit-metadata: 1.3851730502210557
  landing: 0.8528824709355831
  view-data: 3.3261044989340007
