times:
  edit-metadata: 1.7147663906216621
  landing: 1.2891862243413925
  view-data: 3.3969671353697777
