times:
  edit-metadata: 1.4640374705195427
  landing: 0.8527954332530499
  view-data: 3.4135558251291513
