times:
  edit-metadata: 1.725262544117868
  landing: 0.02006590459495783
  view-data: 0.1312516527250409
