times:
  edit-metadata: 0.8374223390128464
  landing: 0.054492519004270434
  view-data: 0.23919224902056158
