times:
  edit-metadata: 1.9874209370464087
  landing: 0.21183029003441334
  view-data: 0.05521724186837673
