times:
  edit-metadata: 1.7981912093237042
  landing: 0.0209722938016057
  view-data: 0.02514863945543766
