times:
  edit-metadata: 1.7788219917565584
  landing: 0.02369204070419073
  view-data: 0.02708341833204031
