times:
  edit-metadata: 0.8129919283092022
  landing: 0.05024627922102809
  view-data: 0.20743844890967011
