times:
  edit-metadata: 1.7927369140088558
  landing: 0.020689571276307106
  view-data: 0.3825766183435917
