times:
  edit-metadata: 1.5210987944155931
  landing: 0.7862597145140171
  view-data: 3.2851770482957363
