times:
  edit-metadata: 2.070926696062088
  landing: 1.6233013905584812
  view-data: 3.3559474758803844
