times:
  edit-metadata: 1.591500148177147
  landing: 0.6093469150364399
  view-data: 0.21867739222943783
