times:
  edit-metadata: 0.8253064739983529
  landing: 0.05065499909687787
  view-data: 0.20673404296394438
