times:
  edit-metadata: 0.7807113130111247
  landing: 0.06184670585207641
  view-data: 0.2350294329226017
