times:
  edit-metadata: 1.4356947354972363
  landing: 0.8648099908605218
  view-data: 3.4397728126496077
