times:
  edit-metadata: 1.6158996857702732
  landing: 0.8528278805315495
  view-data: 3.43238478153944
