times:
  edit-metadata: 1.7357056383043528
  landing: 0.0212604608386755
  view-data: 0.11973748356103897
