times:
  edit-metadata: 1.3870495557785034
  landing: 0.9400760717689991
  view-data: 3.330349437892437
