times:
  edit-metadata: 1.484533490613103
  landing: 0.7744189146906137
  view-data: 3.4074438251554966
