times:
  edit-metadata: 0.8560467045754194
  landing: 0.7418820764869452
  view-data: 0.3403584808111191
