times:
  edit-metadata: 1.4598445035517216
  landing: 0.05028052255511284
  view-data: 0.21861008182168007
