times:
  edit-metadata: 1.6889511086046696
  landing: 0.02139360550791025
  view-data: 0.12485568784177303
