times:
  landing: 0.5555087779999894
  view-data: 0.563918110999964
