times:
  landing: 1.149773477999986
  view-data: 0.5594757459999755
