times:
  edit-metadata: 1.780225289054215
  landing: 0.02012630645185709
  view-data: 0.22903208434581757
