times:
  edit-metadata: 1.3942794809117913
  landing: 0.8164572324603796
  view-data: 3.396157257258892
