times:
  edit-metadata: 0.7600383618846536
  landing: 0.04359650192782283
  view-data: 0.21350597590208054
