times:
  edit-metadata: 1.53321872651577
  landing: 0.04169866815209389
  view-data: 0.22039815038442612
