times:
  edit-metadata: 0.837296293117106
  landing: 0.05162252485752106
  view-data: 0.20474945288151503
