times:
  edit-metadata: 2.787230424582958
  landing: 1.4881380833685398
  view-data: 3.449399121105671
