times:
  landing: 1.0690121160000103
  view-data: 0.5501701590000039
