times:
  edit-metadata: 1.825862105935812
  landing: 0.022646121680736542
  view-data: 0.3142064716666937
