times:
  edit-metadata: 1.0013368586078286
  landing: 0.09952315781265497
  view-data: 0.2958249971270561
