times:
  edit-metadata: 2.0650221928954124
  landing: 0.1280080173164606
  view-data: 0.025633668527007103
