times:
  edit-metadata: 1.5644616149365902
  landing: 0.5031500775367022
  view-data: 0.2173619456589222
