times:
  edit-metadata: 0.8948542680591345
  landing: 0.779071468859911
  view-data: 0.45174784772098064
