times:
  edit-metadata: 1.733706658706069
  landing: 0.19759559631347656
  view-data: 0.1007805010303855
