times:
  edit-metadata: 1.6887245923280716
  landing: 0.7121921107172966
  view-data: 0.3410518355667591
