times:
  edit-metadata: 0.8648937299731188
  landing: 0.04518656694563106
  view-data: 0.20642133202636614
