times:
  landing: 0.5550834110000551
  view-data: 0.5555980149999868
