times:
  edit-metadata: 0.9267200110480189
  landing: 0.05123712494969368
  view-data: 0.21581878594588488
