times:
  edit-metadata: 0.762307595461607
  landing: 0.04303328599780798
  view-data: 0.21699334867298603
