times:
  edit-metadata: 1.7776673315092921
  landing: 0.12438433337956667
  view-data: 0.11873872019350529
