times:
  edit-metadata: 1.4451830200850964
  landing: 0.05434340983629227
  view-data: 0.21645119413733482
