times:
  edit-metadata: 0.7927017817273736
  landing: 0.04725520219653845
  view-data: 0.2135988948866725
