times:
  edit-metadata: 1.4378962330520153
  landing: 0.048376213759183884
  view-data: 0.2142782062292099
