times:
  edit-metadata: 1.4790354929864407
  landing: 0.8058343566954136
  view-data: 3.3633262775838375
