times:
  edit-metadata: 1.5925862547010183
  landing: 0.8801194187253714
  view-data: 3.4272501282393932
