times:
  edit-metadata: 1.4863369408994913
  landing: 1.0129205724224448
  view-data: 3.362416137009859
