times:
  edit-metadata: 1.5252284370362759
  landing: 0.9235506989061832
  view-data: 3.3263385854661465
