times:
  edit-metadata: 0.8462184319505468
  landing: 0.046572883031331
  view-data: 0.20361665589734912
