times:
  edit-metadata: 1.3699976615607738
  landing: 0.8484892100095749
  view-data: 3.2549942061305046
