times:
  edit-metadata: 0.7703126147389412
  landing: 0.04352476540952921
  view-data: 0.21864452306181192
