times:
  edit-metadata: 1.6206758301705122
  landing: 0.9186611380428076
  view-data: 3.352167879231274
