times:
  landing: 1.0636009869999725
  view-data: 0.5555942419999838
