times:
  edit-metadata: 0.8611571599030867
  landing: 0.0445024729706347
  view-data: 0.2056632130406797
