times:
  edit-metadata: 1.513180024921894
  landing: 0.7856315020471811
  view-data: 3.3763960115611553
