times:
  edit-metadata: 0.8381057819351554
  landing: 0.053657721960917115
  view-data: 0.22729846090078354
