times:
  edit-metadata: 1.4616573974490166
  landing: 0.05389003828167915
  view-data: 0.2173292562365532
