times:
  edit-metadata: 0.9587640980025753
  landing: 0.0551777720102109
  view-data: 0.286058580968529
