times:
  edit-metadata: 0.8100816812366247
  landing: 0.04871883615851402
  view-data: 0.2218064609915018
