times:
  edit-metadata: 2.222955148667097
  landing: 1.186455113813281
  view-data: 3.30361251719296
