times:
  landing: 0.5510683109999945
  view-data: 0.5598604119999777
