times:
  landing: 0.5499422640000375
  view-data: 0.5533864870000116
