times:
  landing: 0.5512270209999883
  view-data: 0.5604898569999932
