times:
  edit-metadata: 0.7689099442213774
  landing: 0.050820196978747845
  view-data: 0.23460042290389538
