times:
  landing: 0.5911079879999761
  view-data: 0.5608919919999948
