times:
  landing: 0.5470467559999861
  view-data: 0.5490833790000238
