times:
  landing: 0.5509246979999887
  view-data: 0.053809803999996575
