times:
  edit-metadata: 1.529502272605896
  landing: 0.04382029175758362
  view-data: 0.21168198436498642
