times:
  edit-metadata: 1.473645744845271
  landing: 0.8726876135915518
  view-data: 3.411039359867573
