times:
  edit-metadata: 1.343561644665897
  landing: 0.9545572558417916
  view-data: 3.3207213915884495
