times:
  landing: 1.0766394920000266
  view-data: 0.5704581850000068
