times:
  landing: 0.5491135920000261
  view-data: 0.5538587649999727
