times:
  edit-metadata: 0.8430999730044277
  landing: 0.05015656800242141
  view-data: 0.20196826399478596
