times:
  edit-metadata: 1.009942915996362
  landing: 0.04628027900616871
  view-data: 0.2702419600027497
