times:
  edit-metadata: 1.5202606953680515
  landing: 1.1006197147071362
  view-data: 3.376911159604788
