times:
  landing: 0.5536447140000291
  view-data: 0.5635706130000244
