times:
  landing: 1.067149475000008
  view-data: 0.5483834769999589
