times:
  landing: 1.1342476129999568
  view-data: 0.5632439369999815
