times:
  edit-metadata: 0.8884763061068952
  landing: 0.04985514609143138
  view-data: 0.4837755672633648
