times:
  edit-metadata: 0.758740636985749
  landing: 0.0535486601293087
  view-data: 0.21959272399544716
