times:
  landing: 0.5517368879999935
  view-data: 0.5600173149999819
