times:
  landing: 1.0657099580000136
  view-data: 0.548370650000038
