times:
  edit-metadata: 1.831478807143867
  landing: 0.22117866855114698
  view-data: 0.28615839313715696
