times:
  edit-metadata: 0.7672956064343452
  landing: 0.0419533783569932
  view-data: 0.22387768141925335
