times:
  edit-metadata: 1.7703022425994277
  landing: 1.2225348339416087
  view-data: 3.441913785878569
