times:
  edit-metadata: 1.762815429829061
  landing: 0.02130027674138546
  view-data: 0.362512793391943
