times:
  edit-metadata: 0.8983742874115705
  landing: 0.49852313101291656
  view-data: 0.2624871823936701
