times:
  edit-metadata: 2.070314507931471
  landing: 0.206290939822793
  view-data: 0.38814477249979973
