times:
  edit-metadata: 1.7446566857397556
  landing: 0.02004541363567114
  view-data: 0.4325799811631441
