times:
  landing: 1.0567703880001318
  view-data: 0.5484028840000974
