times:
  edit-metadata: 1.4459618881810457
  landing: 0.8473370920401067
  view-data: 3.382968080928549
