times:
  edit-metadata: 0.7945035940501839
  landing: 0.04940414405427873
  view-data: 0.23534855782054365
