times:
  edit-metadata: 1.7675526402890682
  landing: 1.006961140781641
  view-data: 3.339029349386692
