times:
  landing: 1.0701000459999932
  view-data: 0.5509339029999865
