times:
  edit-metadata: 0.7646574098616838
  landing: 0.044074098113924265
  view-data: 0.20989699382334948
