times:
  edit-metadata: 0.7558263866230845
  landing: 0.049745006021112204
  view-data: 0.22462441213428974
