times:
  landing: 0.5520335599999271
  view-data: 0.5591874460000099
