times:
  edit-metadata: 1.8379503823816776
  landing: 0.2186136618256569
  view-data: 0.34160106256604195
