times:
  edit-metadata: 1.5545873828232288
  landing: 1.067168664187193
  view-data: 3.3095290809869766
