times:
  edit-metadata: 1.788661066442728
  landing: 1.0178965833038092
  view-data: 3.379026645794511
