times:
  edit-metadata: 1.7356838714331388
  landing: 0.021663475781679153
  view-data: 0.0266000684350729
