times:
  edit-metadata: 0.8712884690612555
  landing: 0.04622961487621069
  view-data: 0.22982789808884263
