times:
  edit-metadata: 1.4717145250178874
  landing: 0.8221490050200373
  view-data: 3.3187046530656517
