times:
  landing: 2.10207729199999
  view-data: 0.550232881999932
