times:
  landing: 1.067741384000044
  view-data: 0.5555636189999973
