times:
  edit-metadata: 1.573355432599783
  landing: 1.6094212234020233
  view-data: 0.6217603217810392
