times:
  edit-metadata: 1.754446933977306
  landing: 0.02075160201638937
  view-data: 0.12079745624214411
