times:
  landing: 0.5540561079999407
  view-data: 0.5439421669999547
