times:
  edit-metadata: 2.636170020326972
  landing: 1.5709676006808877
  view-data: 3.6600782237946987
