times:
  edit-metadata: 2.1551160868257284
  landing: 0.02164667658507824
  view-data: 0.025903824716806412
