times:
  edit-metadata: 1.6179386917501688
  landing: 0.8705307431519032
  view-data: 0.48036300763487816
