times:
  edit-metadata: 4.61868729442358
  landing: 2.293804954737425
  view-data: 3.801129773259163
