times:
  edit-metadata: 1.663824426010251
  landing: 1.1523679494857788
  view-data: 0.5729452669620514
