times:
  landing: 0.5547002700000121
  view-data: 0.5505058460000782
