times:
  edit-metadata: 2.0825253184884787
  landing: 1.40647554397583
  view-data: 3.434117926284671
