times:
  edit-metadata: 1.713058516383171
  landing: 0.15969371423125267
  view-data: 0.0937941949814558
