times:
  edit-metadata: 1.5382238421589136
  landing: 0.5603932719677687
  view-data: 0.3265467472374439
