times:
  edit-metadata: 0.7715092930011451
  landing: 0.04560848884284496
  view-data: 0.20323674194514751
