times:
  edit-metadata: 1.5274379532784224
  landing: 1.0066090002655983
  view-data: 3.4324121046811342
