times:
  edit-metadata: 0.8280862279934809
  landing: 0.04749799700221047
  view-data: 0.21192573703592643
