times:
  edit-metadata: 0.7840691208839417
  landing: 0.04627107596024871
  view-data: 0.2218288581352681
