times:
  landing: 0.5598103240000114
  view-data: 0.5681602829999974
