times:
  edit-metadata: 1.514765527099371
  landing: 0.8657877314835787
  view-data: 3.4323087204247713
