times:
  edit-metadata: 0.7736394507810473
  landing: 0.05342208407819271
  view-data: 0.21665715100243688
