times:
  edit-metadata: 0.9603732889954699
  landing: 0.07605069100100081
  view-data: 0.2530927129992051
