times:
  edit-metadata: 0.866934243007563
  landing: 0.04638015496311709
  view-data: 0.22777517401846126
