times:
  edit-metadata: 1.8152021896094084
  landing: 0.018519023433327675
  view-data: 0.023529822006821632
