times:
  edit-metadata: 1.800189422443509
  landing: 0.1898099910467863
  view-data: 0.02318376488983631
