times:
  landing: 0.5489317930000084
  view-data: 0.5565831899999694
