times:
  edit-metadata: 1.4514239095151424
  landing: 0.05177772790193558
  view-data: 0.21510611847043037
