times:
  edit-metadata: 2.636009566485882
  landing: 0.2803963143378496
  view-data: 0.5121414884924889
