times:
  edit-metadata: 0.7858904846943915
  landing: 0.04369653109461069
  view-data: 0.2160969409160316
