times:
  edit-metadata: 0.7986212619580328
  landing: 0.042461295146495104
  view-data: 0.22901554289273918
