times:
  edit-metadata: 1.4309034748002887
  landing: 0.8307517291978002
  view-data: 0.7892292179167271
