times:
  edit-metadata: 1.631381968036294
  landing: 1.1601563598960638
  view-data: 0.34763859398663044
