times:
  landing: 0.5538451239999631
  view-data: 0.5568983449998086
