times:
  edit-metadata: 1.7738828202709556
  landing: 0.17273317743092775
  view-data: 0.025232510641217232
