times:
  edit-metadata: 0.9220022480003536
  landing: 0.05006640683859587
  view-data: 0.20519445999525487
