times:
  edit-metadata: 2.3551762755960226
  landing: 0.024720508605241776
  view-data: 0.029148620553314686
