times:
  edit-metadata: 1.8791435873135924
  landing: 0.20573851373046637
  view-data: 0.5025173891335726
