times:
  edit-metadata: 1.6105169225484133
  landing: 0.04706556349992752
  view-data: 0.22103497758507729
