times:
  edit-metadata: 0.9498179880902171
  landing: 0.06288702506572008
  view-data: 0.2644373308867216
