times:
  edit-metadata: 1.5326900277286768
  landing: 0.7939245086163282
  view-data: 3.2856729105114937
