times:
  edit-metadata: 0.8254691250622272
  landing: 0.039737595710903406
  view-data: 0.2148709949105978
