times:
  edit-metadata: 1.5300829857587814
  landing: 0.8633038103580475
  view-data: 3.3678332045674324
