times:
  edit-metadata: 1.7634083945304155
  landing: 0.1893223887309432
  view-data: 0.12384836096316576
