times:
  edit-metadata: 1.4276193152181804
  landing: 0.8408775832504034
  view-data: 3.3537426232360303
