times:
  edit-metadata: 1.9529194170609117
  landing: 0.021398683078587055
  view-data: 0.02744598127901554
