times:
  edit-metadata: 0.8728984410117846
  landing: 0.04869133900501765
  view-data: 0.226382830995135
