times:
  landing: 1.602042458000028
  view-data: 0.5686197329999914
