times:
  edit-metadata: 0.7871230263262987
  landing: 1.076918313279748
  view-data: 0.3434617128223181
