times:
  edit-metadata: 1.8065541964024305
  landing: 0.023101767525076866
  view-data: 0.47158501483500004
