times:
  edit-metadata: 0.8577454430051148
  landing: 0.05447319196537137
  view-data: 0.2146674352698028
