times:
  edit-metadata: 1.7980377078056335
  landing: 0.0982553968206048
  view-data: 0.4258193615823984
