times:
  edit-metadata: 1.3698366698808968
  landing: 0.8660322821233422
  view-data: 3.3484981341753155
