times:
  edit-metadata: 0.8503029209095985
  landing: 0.04767788900062442
  view-data: 0.21615462296176702
