times:
  edit-metadata: 2.323164366185665
  landing: 0.15923027880489826
  view-data: 0.5747234523296356
