times:
  edit-metadata: 1.5966763589531183
  landing: 0.917839593719691
  view-data: 3.3718058173544705
