times:
  edit-metadata: 1.5827461443841457
  landing: 0.5257182866334915
  view-data: 0.32709216326475143
