times:
  edit-metadata: 0.8522028280422091
  landing: 0.051347136963158846
  view-data: 0.20801850641146302
