times:
  landing: 0.5528826529999833
  view-data: 0.55584294800002
