times:
  edit-metadata: 1.4628772619980737
  landing: 0.05290996700205142
  view-data: 0.21620758399512852
