times:
  landing: 1.099301937000007
  view-data: 0.5540841700000101
