times:
  landing: 0.5494437240000138
  view-data: 0.5630978319999826
