times:
  edit-metadata: 0.871634267969057
  landing: 0.04271046200301498
  view-data: 0.20836853003129363
