times:
  edit-metadata: 0.8634785569738597
  landing: 0.05455049220472574
  view-data: 0.21085715992376208
