times:
  edit-metadata: 1.4997902885079384
  landing: 7.815347868949175
  view-data: 3.3272762820124626
