times:
  edit-metadata: 1.5034845941700041
  landing: 0.9509600629098713
  view-data: 3.417013432364911
