times:
  landing: 0.6252703409999754
  view-data: 0.5618715749999978
