times:
  edit-metadata: 1.7783329337835312
  landing: 0.022377478890120983
  view-data: 0.4446033053100109
