times:
  edit-metadata: 1.7965950798243284
  landing: 0.04243183322250843
  view-data: 0.2894557174295187
