times:
  edit-metadata: 0.8080674489028752
  landing: 0.047277030069381
  view-data: 0.2621407159604132
