times:
  edit-metadata: 1.743015218526125
  landing: 1.1232980638742447
  view-data: 3.342521496117115
