times:
  edit-metadata: 0.8221082290401682
  landing: 0.044498529052361846
  view-data: 0.20628026395570487
