times:
  edit-metadata: 1.5392802245914936
  landing: 0.9943178035318851
  view-data: 3.479458302259445
