times:
  edit-metadata: 1.7101775147020817
  landing: 0.8330624140799046
  view-data: 3.3894031047821045
