times:
  edit-metadata: 1.4512864649295807
  landing: 0.04423580318689346
  view-data: 0.21814095973968506
