times:
  edit-metadata: 1.5732334796339273
  landing: 1.089711781591177
  view-data: 0.6320244092494249
