times:
  edit-metadata: 1.387837640941143
  landing: 0.8130938895046711
  view-data: 3.3351879753172398
