times:
  edit-metadata: 0.9039050149731338
  landing: 0.05215323902666569
  view-data: 0.2178372461348772
