times:
  edit-metadata: 2.3355381656438112
  landing: 0.24838536232709885
  view-data: 0.16209997609257698
