times:
  edit-metadata: 2.6521918904036283
  landing: 0.21766379475593567
  view-data: 0.4867994748055935
