times:
  landing: 0.5917638982646167
  view-data: 0.551195674110204
