times:
  edit-metadata: 1.8671218268573284
  landing: 0.12302102707326412
  view-data: 0.31908295676112175
