times:
  edit-metadata: 1.5577453151345253
  landing: 0.8383087739348412
  view-data: 3.411214802414179
