times:
  edit-metadata: 1.6137287728488445
  landing: 0.7822434883564711
  view-data: 0.23609750531613827
