times:
  edit-metadata: 0.8511407347396016
  landing: 0.05020261090248823
  view-data: 0.3626001109369099
