times:
  edit-metadata: 1.5801576506346464
  landing: 0.6282213516533375
  view-data: 0.2531574461609125
