times:
  edit-metadata: 1.501067392528057
  landing: 0.8607124164700508
  view-data: 3.3881221413612366
