times:
  edit-metadata: 1.6532170046120882
  landing: 1.1320552676916122
  view-data: 0.6246911752969027
