times:
  edit-metadata: 1.5984716974198818
  landing: 1.6242817156016827
  view-data: 0.6218537054955959
