times:
  edit-metadata: 0.8799654160102364
  landing: 0.04840536101255566
  view-data: 0.2108578599872999
