times:
  edit-metadata: 1.425280291819945
  landing: 0.8285734569653869
  view-data: 3.3708119688089937
