times:
  landing: 0.5557849959999999
  view-data: 0.5595303399999807
