times:
  edit-metadata: 1.7296468121930957
  landing: 0.019893181510269642
  view-data: 0.22588484082370996
