times:
  edit-metadata: 1.4337048307061195
  landing: 0.7962455898523331
  view-data: 3.2849231883883476
