times:
  edit-metadata: 0.7838800139725208
  landing: 0.0449854894541204
  view-data: 0.20746612967923284
