times:
  edit-metadata: 1.8983334358781576
  landing: 0.021752608940005302
  view-data: 0.10916914790868759
