times:
  edit-metadata: 0.8179996055550873
  landing: 0.04702110309153795
  view-data: 0.2143054837360978
