times:
  edit-metadata: 1.4372633546590805
  landing: 1.0003932304680347
  view-data: 3.381707489490509
