times:
  edit-metadata: 1.5244765803217888
  landing: 1.0571791231632233
  view-data: 3.350542303174734
