times:
  edit-metadata: 1.671943685039878
  landing: 0.7034845277667046
  view-data: 0.25625091418623924
