times:
  landing: 1.0701177010000151
  view-data: 0.5563419410000279
