times:
  edit-metadata: 2.1418061405420303
  landing: 0.020408298820257187
  view-data: 0.3931137081235647
