times:
  edit-metadata: 1.6338927447795868
  landing: 1.3183089010417461
  view-data: 3.4217476844787598
