times:
  edit-metadata: 1.7394084883853793
  landing: 0.12844215985387564
  view-data: 0.026923030614852905
