times:
  edit-metadata: 1.759256255812943
  landing: 0.01887476909905672
  view-data: 0.02795352414250374
