times:
  landing: 0.5502283220000095
  view-data: 0.5523474529999817
