times:
  edit-metadata: 1.8598870448768139
  landing: 0.020835962146520615
  view-data: 0.02637423947453499
