times:
  landing: 0.5566350699999703
  view-data: 0.06841496999999208
