times:
  edit-metadata: 2.243845314718783
  landing: 0.01894074585288763
  view-data: 0.02261986956000328
