times:
  edit-metadata: 1.4923382923007011
  landing: 0.9680126719176769
  view-data: 3.399384021759033
