times:
  edit-metadata: 1.7176351994276047
  landing: 0.11842318065464497
  view-data: 0.1226093266159296
