times:
  landing: 0.5440481199999851
  view-data: 0.5475553610000077
