times:
  edit-metadata: 1.5388864167034626
  landing: 0.8533657807856798
  view-data: 3.4100386649370193
