times:
  landing: 0.5431858000000034
  view-data: 0.5463270370000259
