times:
  landing: 1.0746035600000141
  view-data: 0.5588704239999629
