times:
  edit-metadata: 1.4792185835540295
  landing: 0.048974692821502686
  view-data: 0.2193264216184616
