times:
  edit-metadata: 1.4951323624700308
  landing: 0.7832324244081974
  view-data: 3.3818076346069574
