times:
  edit-metadata: 0.8105822368524969
  landing: 0.04141252534464002
  view-data: 0.21622662525624037
