times:
  edit-metadata: 0.8258406058885157
  landing: 0.05139974085614085
  view-data: 0.23096864204853773
