times:
  edit-metadata: 0.8159219489898533
  landing: 0.052967184921726584
  view-data: 0.363908861996606
