times:
  edit-metadata: 0.8040643671993166
  landing: 0.055921228835359216
  view-data: 0.23373770411126316
