times:
  edit-metadata: 1.7754607265815139
  landing: 0.020317258313298225
  view-data: 0.09885211754590273
