times:
  edit-metadata: 0.8804262420162559
  landing: 0.051519734086468816
  view-data: 0.20867101498879492
