times:
  edit-metadata: 1.2014832440763712
  landing: 0.14569791592657566
  view-data: 0.26005564886145294
