times:
  edit-metadata: 1.5191644560545683
  landing: 0.8156318012624979
  view-data: 3.4485189896076918
