times:
  edit-metadata: 0.8032423399854451
  landing: 0.056855177972465754
  view-data: 0.24238784203771502
