times:
  landing: 0.6047259990000384
  view-data: 0.561246839999967
