times:
  edit-metadata: 1.5719035007059574
  landing: 2.0783341210335493
  view-data: 0.585278956219554
