times:
  edit-metadata: 1.7415008349344134
  landing: 0.020531383343040943
  view-data: 0.4373263390734792
