times:
  edit-metadata: 1.4786359816789627
  landing: 0.9708357378840446
  view-data: 3.3589355275034904
