times:
  edit-metadata: 0.8109085620380938
  landing: 0.04656497499672696
  view-data: 0.23913194803753868
