times:
  edit-metadata: 1.8793699722737074
  landing: 0.01995444856584072
  view-data: 0.12726392596960068
