times:
  landing: 0.5557208989999936
  view-data: 0.5574906049999981
