times:
  edit-metadata: 1.8256792249158025
  landing: 0.1503191152587533
  view-data: 0.45355831924825907
