times:
  edit-metadata: 1.5351703651249409
  landing: 0.8382766637951136
  view-data: 3.3692767545580864
