times:
  edit-metadata: 1.4968701601028442
  landing: 0.8493950683623552
  view-data: 3.3449639435857534
