times:
  edit-metadata: 1.813650831580162
  landing: 0.021631401032209396
  view-data: 0.3432957772165537
