times:
  edit-metadata: 1.8017511628568172
  landing: 0.02367216907441616
  view-data: 0.025058701634407043
