times:
  edit-metadata: 1.7807522863149643
  landing: 0.02359224110841751
  view-data: 0.02642710693180561
