times:
  landing: 0.5630371139999966
  view-data: 0.5601741770000217
