times:
  edit-metadata: 1.8575709108263254
  landing: 0.16345961205661297
  view-data: 0.15628235042095184
