times:
  edit-metadata: 1.6393106654286385
  landing: 0.05753067135810852
  view-data: 0.26606257632374763
