times:
  edit-metadata: 1.6409982554614544
  landing: 1.014437671750784
  view-data: 3.4298766888678074
