times:
  edit-metadata: 1.869560269638896
  landing: 1.2829392882995307
  view-data: 3.5902286041527987
