times:
  landing: 1.0619319980000341
  view-data: 0.5480229979999649
