times:
  edit-metadata: 1.783496355637908
  landing: 0.021443543955683708
  view-data: 0.026042090728878975
