times:
  edit-metadata: 1.8009394770488143
  landing: 0.11923344898968935
  view-data: 0.1219833679497242
