times:
  edit-metadata: 1.582455513998866
  landing: 0.05296418070793152
  view-data: 0.2402338795363903
