times:
  edit-metadata: 1.5753658283501863
  landing: 0.04753883555531502
  view-data: 0.3273630626499653
