times:
  edit-metadata: 0.9354830150259659
  landing: 0.07251730602001771
  view-data: 0.238939989998471
