times:
  edit-metadata: 1.522315889596939
  landing: 0.05218318849802017
  view-data: 0.23373138532042503
