times:
  edit-metadata: 1.732846417464316
  landing: 0.022591077722609043
  view-data: 0.0976814292371273
