times:
  edit-metadata: 1.760651390068233
  landing: 0.0213123532012105
  view-data: 0.47285196650773287
