times:
  edit-metadata: 1.566321063786745
  landing: 0.8327467273920774
  view-data: 0.351458678022027
