times:
  edit-metadata: 1.109844584017992
  landing: 0.08406176697462797
  view-data: 0.2660001991316676
