times:
  edit-metadata: 2.028776738792658
  landing: 1.4856141060590744
  view-data: 3.603925671428442
