times:
  landing: 1.0755123650000087
  view-data: 0.5610846719999927
