times:
  edit-metadata: 1.3831424051895738
  landing: 0.8254070449620485
  view-data: 3.4126631040126085
