times:
  edit-metadata: 1.6490114368498325
  landing: 1.4438323229551315
  view-data: 3.3607623130083084
