times:
  edit-metadata: 0.781934408005327
  landing: 0.04774737893603742
  view-data: 0.25544032407924533
