times:
  edit-metadata: 1.80206130258739
  landing: 0.02291850373148918
  view-data: 0.028223810717463493
