times:
  edit-metadata: 1.4387690126895905
  landing: 0.9569071475416422
  view-data: 3.3482848834246397
