times:
  edit-metadata: 2.217617055401206
  landing: 0.2949612960219383
  view-data: 0.3830660954117775
