times:
  edit-metadata: 1.5760666523128748
  landing: 0.5680235289037228
  view-data: 0.6301613170653582
