times:
  edit-metadata: 1.4741765093058348
  landing: 1.001437499653548
  view-data: 4.179986497852951
