times:
  edit-metadata: 0.7804838288575411
  landing: 0.04469235520809889
  view-data: 0.211366503033787
