times:
  edit-metadata: 1.5640206160023808
  landing: 0.8684422849910334
  view-data: 3.338193564908579
