times:
  edit-metadata: 1.7529958635568619
  landing: 0.022902943193912506
  view-data: 0.024761398322880268
