times:
  edit-metadata: 1.9801808316260576
  landing: 0.19811555929481983
  view-data: 0.025268517434597015
