times:
  edit-metadata: 1.7180001772940159
  landing: 1.1147858304902911
  view-data: 3.658397271297872
