times:
  edit-metadata: 1.41780586540699
  landing: 0.9269829727709293
  view-data: 3.2671374827623367
