times:
  edit-metadata: 0.8649942339397967
  landing: 0.05609503574669361
  view-data: 0.21449999511241913
