times:
  edit-metadata: 1.8200844563543797
  landing: 0.16270837746560574
  view-data: 0.3040979616343975
