times:
  edit-metadata: 0.8025800879113376
  landing: 0.04709608480334282
  view-data: 0.2233504611067474
