times:
  edit-metadata: 1.5650128852576017
  landing: 0.9739738795906305
  view-data: 3.3686453197151423
