times:
  edit-metadata: 0.7897161683067679
  landing: 0.04489531787112355
  view-data: 0.20435545966029167
