times:
  edit-metadata: 1.3938478156924248
  landing: 0.8806787952780724
  view-data: 3.293074682354927
