times:
  edit-metadata: 0.854873479809612
  landing: 0.052600907161831856
  view-data: 0.21229763515293598
