times:
  edit-metadata: 0.8137317132204771
  landing: 0.043196870014071465
  view-data: 0.20871113007888198
