times:
  edit-metadata: 0.7610628120601177
  landing: 0.04881801176816225
  view-data: 0.22029572539031506
