times:
  edit-metadata: 0.7846658867783844
  landing: 0.0509643922559917
  view-data: 0.21650928584858775
