times:
  edit-metadata: 0.8724371190182865
  landing: 0.04560229694470763
  view-data: 0.24554724991321564
