times:
  edit-metadata: 0.8136854419717565
  landing: 0.0805353739997372
  view-data: 0.24078950891271234
