times:
  edit-metadata: 1.5454842150211334
  landing: 0.9246815629303455
  view-data: 3.405170101672411
