times:
  landing: 0.5440353910000795
  view-data: 0.5481194899999764
