times:
  edit-metadata: 0.8785816871095449
  landing: 0.043587954016402364
  view-data: 0.20316929300315678
