times:
  landing: 1.101502240000002
  view-data: 0.5653672340000071
