times:
  edit-metadata: 0.8021981529891491
  landing: 0.08192760404199362
  view-data: 0.5005882650148124
