times:
  edit-metadata: 1.620308881625533
  landing: 0.8210112806409597
  view-data: 0.23365269601345062
