times:
  landing: 0.5632966340000394
  view-data: 0.5562280919999694
