times:
  edit-metadata: 1.5921582095324993
  landing: 0.6997806448489428
  view-data: 0.24518787302076817
