times:
  edit-metadata: 0.8037069980055094
  landing: 0.04618153185583651
  view-data: 0.2510373489931226
