times:
  edit-metadata: 1.7225639950484037
  landing: 0.020928501151502132
  view-data: 0.09828658401966095
