times:
  edit-metadata: 1.53729884698987
  landing: 1.0194675363600254
  view-data: 3.459587723016739
