times:
  landing: 1.0729515299999548
  view-data: 0.5502266749999762
