times:
  edit-metadata: 0.7694759462028742
  landing: 0.05320866918191314
  view-data: 0.2034358000382781
