times:
  edit-metadata: 1.7663280181586742
  landing: 0.020832727663218975
  view-data: 0.023424441926181316
