times:
  edit-metadata: 1.9604687914252281
  landing: 0.2574530839920044
  view-data: 0.3258015252649784
