times:
  edit-metadata: 0.8030142681673169
  landing: 0.04974508285522461
  view-data: 0.24556483794003725
