times:
  edit-metadata: 1.4476163275539875
  landing: 0.04852781444787979
  view-data: 0.21149155497550964
