times:
  edit-metadata: 0.9146601280663162
  landing: 0.051762272138148546
  view-data: 0.21229592198505998
