times:
  landing: 0.5546533340000224
  view-data: 0.5680853399999819
