times:
  edit-metadata: 1.5745137929916382
  landing: 0.9421451948583126
  view-data: 3.3299098685383797
