times:
  landing: 0.5597115649999864
  view-data: 0.558324835999997
