times:
  edit-metadata: 1.816856642253697
  landing: 0.021602637134492397
  view-data: 0.026415811851620674
