times:
  landing: 0.5485543439999674
  view-data: 0.5460099079999736
