times:
  edit-metadata: 1.5112675039563328
  landing: 1.0042619770392776
  view-data: 3.37260972103104
