times:
  edit-metadata: 1.5360539983958006
  landing: 0.8538512270897627
  view-data: 3.3985185734927654
