times:
  edit-metadata: 1.74184101074934
  landing: 0.9985470063984394
  view-data: 3.3514893278479576
