times:
  landing: 0.5554467160000058
  view-data: 0.556384640000033
