times:
  edit-metadata: 1.9729382153600454
  landing: 0.22565833292901516
  view-data: 0.027534617111086845
