times:
  edit-metadata: 1.6291243452578783
  landing: 0.9579674582928419
  view-data: 3.4412600714713335
