times:
  edit-metadata: 1.8804089315235615
  landing: 0.15071198530495167
  view-data: 0.23345322906970978
