times:
  edit-metadata: 1.501310607418418
  landing: 0.8397867009043694
  view-data: 3.3867562729865313
