times:
  edit-metadata: 1.7376689733937383
  landing: 0.022969462908804417
  view-data: 0.12459261529147625
