times:
  edit-metadata: 0.8390299659222364
  landing: 0.052170349983498454
  view-data: 0.21009425492957234
