times:
  edit-metadata: 2.072154875844717
  landing: 0.026821184903383255
  view-data: 0.15773841366171837
