times:
  edit-metadata: 1.6346704959869385
  landing: 0.5920338295400143
  view-data: 0.6449009049683809
