times:
  edit-metadata: 1.5219795256853104
  landing: 1.217051051557064
  view-data: 3.4338506795465946
