times:
  edit-metadata: 1.4753119088709354
  landing: 0.04462817683815956
  view-data: 0.21791299432516098
