times:
  edit-metadata: 1.893484890460968
  landing: 0.02158820629119873
  view-data: 0.029330644756555557
