times:
  edit-metadata: 1.8459034468978643
  landing: 0.021758023649454117
  view-data: 0.025552453473210335
