times:
  edit-metadata: 0.9670050959102809
  landing: 0.05623525707051158
  view-data: 0.24789323704317212
