times:
  edit-metadata: 1.4876639805734158
  landing: 0.7838194277137518
  view-data: 3.3588628359138966
