times:
  edit-metadata: 0.8612022789893672
  landing: 0.04525777604430914
  view-data: 0.20540381292812526
