times:
  edit-metadata: 0.7852983721531928
  landing: 0.049718789756298065
  view-data: 0.20878106728196144
