times:
  edit-metadata: 0.8018128699623048
  landing: 0.037427029106765985
  view-data: 0.21455589588731527
