times:
  edit-metadata: 0.7739833049708977
  landing: 0.04651792999356985
  view-data: 0.22350116196321324
