times:
  landing: 1.0669076820000214
  view-data: 0.5584587440000064
