times:
  edit-metadata: 1.7506902469322085
  landing: 0.020690168254077435
  view-data: 0.1232920540496707
