times:
  edit-metadata: 1.7827280340716243
  landing: 0.019735582172870636
  view-data: 0.023948817513883114
