times:
  edit-metadata: 1.3974291812628508
  landing: 0.9031916279345751
  view-data: 3.3698248341679573
