times:
  edit-metadata: 1.527764666825533
  landing: 1.0613973438739777
  view-data: 3.3198873810470104
