times:
  edit-metadata: 1.4874875769019127
  landing: 0.8797501735389233
  view-data: 3.4297037795186043
