times:
  edit-metadata: 0.8730253329849802
  landing: 0.0429444860201329
  view-data: 0.2117532859556377
