times:
  edit-metadata: 1.8184260008856654
  landing: 0.02124466560781002
  view-data: 0.02623607497662306
