times:
  edit-metadata: 1.478190541267395
  landing: 0.7991760335862637
  view-data: 3.381506621837616
