times:
  edit-metadata: 1.6705106236040592
  landing: 0.5066568274050951
  view-data: 0.2338644079864025
