times:
  edit-metadata: 0.8691840129904449
  landing: 0.044534635031595826
  view-data: 0.2134936850052327
