times:
  edit-metadata: 1.4524760358035564
  landing: 0.8743005990982056
  view-data: 3.430686440318823
