times:
  edit-metadata: 0.866476174996933
  landing: 0.04992557899095118
  view-data: 0.3450808069901541
