times:
  edit-metadata: 0.7969488296657801
  landing: 0.04340801853686571
  view-data: 0.21857542358338833
