times:
  edit-metadata: 0.7904680849751458
  landing: 0.06883046205621213
  view-data: 0.22519108897540718
