times:
  edit-metadata: 0.8480442049913108
  landing: 0.05489895096980035
  view-data: 0.23567134491167963
