times:
  edit-metadata: 2.1286468086764216
  landing: 0.050730787217617035
  view-data: 0.15706968866288662
