times:
  edit-metadata: 0.8555086210835725
  landing: 0.04543760302476585
  view-data: 0.2286828039214015
