times:
  edit-metadata: 1.3571008790750057
  landing: 0.8295097230002284
  view-data: 3.4441794850863516
