times:
  edit-metadata: 1.5674311127513647
  landing: 0.8862365037202835
  view-data: 3.473682014271617
