times:
  edit-metadata: 0.8384641036391258
  landing: 0.048770743422210217
  view-data: 0.22541094478219748
