times:
  edit-metadata: 1.8679586164653301
  landing: 0.11601766385138035
  view-data: 0.32504138723015785
