times:
  edit-metadata: 1.7541805896908045
  landing: 0.020881601609289646
  view-data: 0.126098258420825
