times:
  landing: 0.5512269480000214
  view-data: 0.5544734540000036
