times:
  edit-metadata: 0.7734780029859394
  landing: 0.06472203996963799
  view-data: 0.23171548615209758
