times:
  edit-metadata: 1.2444141729502007
  landing: 0.7953007440082729
  view-data: 3.287431544973515
