times:
  edit-metadata: 1.8453610595315695
  landing: 0.021274438127875328
  view-data: 0.3429716546088457
