times:
  landing: 1.0761088079999581
  view-data: 0.5691373740000358
