times:
  edit-metadata: 2.629948588088155
  landing: 0.02380044385790825
  view-data: 0.3223533295094967
