times:
  edit-metadata: 1.4666630737483501
  landing: 0.050530437380075455
  view-data: 0.2156444787979126
