times:
  edit-metadata: 0.7959938159910962
  landing: 0.04932943999301642
  view-data: 0.4802296239940915
