times:
  edit-metadata: 1.8099074522033334
  landing: 0.11378559190779924
  view-data: 0.12197242304682732
