times:
  edit-metadata: 0.8685997939901426
  landing: 0.046730111993383616
  view-data: 0.20882633898872882
