times:
  landing: 1.1160726049999994
  view-data: 0.5615342080000119
