times:
  edit-metadata: 0.9692459250800312
  landing: 0.1634506336413324
  view-data: 0.3246074113994837
