times:
  edit-metadata: 0.7796039506793022
  landing: 0.04337162431329489
  view-data: 0.21407670434564352
