times:
  edit-metadata: 0.7782077761366963
  landing: 0.04573976155370474
  view-data: 0.22989693749696016
