times:
  edit-metadata: 1.553393978625536
  landing: 0.7895889952778816
  view-data: 3.3132770732045174
