times:
  edit-metadata: 0.8619042718783021
  landing: 0.04587087780237198
  view-data: 0.23655011132359505
