times:
  edit-metadata: 0.7805709792301059
  landing: 0.04264976177364588
  view-data: 0.2199668511748314
