times:
  edit-metadata: 0.8651173608377576
  landing: 0.0455895010381937
  view-data: 0.20209245616570115
