times:
  edit-metadata: 1.8545355908572674
  landing: 0.018929509446024895
  view-data: 0.02706029638648033
