times:
  edit-metadata: 1.5357595030218363
  landing: 0.8199380803853273
  view-data: 3.4097017887979746
