times:
  edit-metadata: 0.8581143860001248
  landing: 0.05280629300023065
  view-data: 0.2352587640002639
