times:
  edit-metadata: 1.9287403281778097
  landing: 0.16015689074993134
  view-data: 0.022988565266132355
