times:
  landing: 0.549897427000019
  view-data: 0.5575519760000134
