times:
  edit-metadata: 0.7997252850327641
  landing: 0.05514669790863991
  view-data: 0.23512958409264684
