times:
  edit-metadata: 0.8203704309999011
  landing: 0.046357201994396746
  view-data: 0.21219746299902909
