times:
  landing: 1.0671586680000473
  view-data: 0.5490917449999984
