times:
  edit-metadata: 1.6012295745313168
  landing: 1.0503893569111824
  view-data: 3.3337376974523067
