times:
  edit-metadata: 0.8737453280482441
  landing: 0.04448754899203777
  view-data: 0.21512371592689306
