times:
  edit-metadata: 1.856024270877242
  landing: 0.022076433524489403
  view-data: 0.026459239423274994
