times:
  edit-metadata: 1.081181992776692
  landing: 0.07215230166912079
  view-data: 0.2625227412208915
