times:
  edit-metadata: 0.7761883251369
  landing: 0.04884326085448265
  view-data: 0.22820495069026947
