times:
  edit-metadata: 1.54037432000041
  landing: 2.293058743700385
  view-data: 0.6581913363188505
