times:
  edit-metadata: 0.8192777800140902
  landing: 0.043893508991459385
  view-data: 0.20772120499168523
