times:
  landing: 0.5512757459999875
  view-data: 0.5621608659999993
