times:
  edit-metadata: 1.585365379229188
  landing: 0.9997524805366993
  view-data: 3.426501877605915
