times:
  landing: 1.1103443379999476
  view-data: 0.5615688689999843
