times:
  edit-metadata: 0.8174869008362293
  landing: 0.050832077860832214
  view-data: 0.22272933553904295
