times:
  landing: 0.5480561630000693
  view-data: 0.5446395170000642
