times:
  edit-metadata: 1.5512737147510052
  landing: 0.8596845827996731
  view-data: 3.3611075188964605
