times:
  edit-metadata: 2.1024299934506416
  landing: 0.1521858535706997
  view-data: 0.027476249262690544
