times:
  edit-metadata: 1.524467770010233
  landing: 0.7945351898670197
  view-data: 3.3875465653836727
