times:
  landing: 0.5559849890000237
  view-data: 0.5586224890000153
