times:
  landing: 0.5477364789999797
  view-data: 0.5454095439999946
