times:
  landing: 1.0980559870000093
  view-data: 0.5661792259999743
