times:
  edit-metadata: 0.8670483260648325
  landing: 0.05246714607346803
  view-data: 0.20368681801483035
