times:
  edit-metadata: 0.8234930960461497
  landing: 0.05222893413156271
  view-data: 0.3346128580160439
