times:
  landing: 0.5515937239999857
  view-data: 0.5596539389999862
