times:
  edit-metadata: 1.4475212022662163
  landing: 0.04805628955364227
  view-data: 0.2172534205019474
