times:
  edit-metadata: 1.598620891571045
  landing: 0.9557251576334238
  view-data: 0.3495577983558178
