times:
  edit-metadata: 0.8661692291498184
  landing: 0.042841008165851235
  view-data: 0.20577920507639647
