times:
  edit-metadata: 0.777823125012219
  landing: 0.04396018013358116
  view-data: 0.22393574891611934
