times:
  edit-metadata: 0.5944929979741573
  landing: 0.04070288804359734
  view-data: 0.1876770460512489
