times:
  edit-metadata: 0.5281462222337723
  landing: 0.04789778217673302
  view-data: 0.20071770995855331
