times:
  landing: 0.541656340000003
  view-data: 0.5476383859999885
