times:
  edit-metadata: 1.37021807115525
  landing: 0.02339045610278845
  view-data: 0.030567496083676815
