times:
  edit-metadata: 0.5900836000218987
  landing: 0.0650418228469789
  view-data: 0.25575982965528965
