times:
  edit-metadata: 2.1997817791998386
  landing: 0.9926614407449961
  view-data: 3.359134123660624
