times:
  edit-metadata: 1.5755334198474884
  landing: 0.7856337912380695
  view-data: 3.776995051652193
