times:
  edit-metadata: 1.5520836655050516
  landing: 0.8071341644972563
  view-data: 3.4388014748692513
