times:
  edit-metadata: 0.4336203462444246
  landing: 0.04422206478193402
  view-data: 0.2115648020990193
