times:
  edit-metadata: 0.4753639670088887
  landing: 0.05848978227004409
  view-data: 0.21729424223303795
