times:
  edit-metadata: 1.5557958409190178
  landing: 0.9227977730333805
  view-data: 3.42696500942111
