times:
  edit-metadata: 1.8311949567869306
  landing: 1.025190339423716
  view-data: 3.4631153410300612
