times:
  landing: 0.558503734999988
  view-data: 0.5620146130000023
