times:
  edit-metadata: 1.3582958653569221
  landing: 0.02039389032870531
  view-data: 0.12400832772254944
