times:
  landing: 1.0732915480000145
  view-data: 0.5601808089999736
