times:
  edit-metadata: 1.575877945870161
  landing: 1.0073549151420593
  view-data: 3.3684690184891224
