times:
  edit-metadata: 0.621100015938282
  landing: 0.5165718458592892
  view-data: 0.19473058357834816
