times:
  landing: 0.5525500879999754
  view-data: 0.5594018369999958
