times:
  edit-metadata: 1.36193507630378
  landing: 0.2216828064993024
  view-data: 0.02542626205831766
