times:
  edit-metadata: 1.3880519960075617
  landing: 0.02050035633146763
  view-data: 0.02746923640370369
