times:
  edit-metadata: 1.4711024779826403
  landing: 0.018490372225642204
  view-data: 0.33447349816560745
