times:
  landing: 0.5503565019999996
  view-data: 0.5591058050000015
