times:
  edit-metadata: 0.6524251640075818
  landing: 0.056875388021580875
  view-data: 0.3087907459703274
