times:
  landing: 0.5450872010000012
  view-data: 0.5476027290000047
