times:
  edit-metadata: 1.3041028650477529
  landing: 0.020142843015491962
  view-data: 0.11713686864823103
