times:
  edit-metadata: 0.6290447060018778
  landing: 0.5269845090806484
  view-data: 0.20099212415516376
