times:
  edit-metadata: 0.593435775488615
  landing: 0.6945784445852041
  view-data: 0.1849454790353775
