times:
  edit-metadata: 1.5546268336474895
  landing: 0.7483067605644464
  view-data: 3.3781982604414225
