times:
  edit-metadata: 1.4213635921478271
  landing: 0.9073573797941208
  view-data: 3.3590034060180187
