times:
  edit-metadata: 1.3193060103803873
  landing: 0.018883777782320976
  view-data: 0.024871427565813065
