times:
  edit-metadata: 1.6307126190513372
  landing: 0.7670159079134464
  view-data: 3.4211783427745104
