times:
  edit-metadata: 0.5585499219596386
  landing: 0.04593105986714363
  view-data: 0.19092930480837822
