times:
  edit-metadata: 0.6560388416983187
  landing: 0.057041382882744074
  view-data: 0.1912118080072105
