times:
  edit-metadata: 1.4024890325963497
  landing: 0.8427777215838432
  view-data: 3.291282929480076
