times:
  landing: 0.5600471230000039
  view-data: 0.553969420000044
