times:
  edit-metadata: 1.328008976764977
  landing: 0.02182518132030964
  view-data: 0.21079533640295267
