times:
  edit-metadata: 1.4731659849639982
  landing: 0.7685085739940405
  view-data: 3.302477983990684
