times:
  edit-metadata: 1.7072194460779428
  landing: 0.13403387181460857
  view-data: 0.42385315895080566
