times:
  landing: 0.5489041190000421
  view-data: 0.5535435780000171
