times:
  edit-metadata: 0.4789553910959512
  landing: 0.056888673920184374
  view-data: 0.19834958296269178
