times:
  edit-metadata: 1.2987579051405191
  landing: 0.11574650648981333
  view-data: 0.46132791228592396
