times:
  edit-metadata: 1.5101068206131458
  landing: 0.9120057933032513
  view-data: 3.417242333292961
