times:
  edit-metadata: 1.3682343168184161
  landing: 1.0856205206364393
  view-data: 3.293707823380828
