times:
  edit-metadata: 0.6097661536186934
  landing: 0.5552402678877115
  view-data: 0.3090183362364769
