times:
  edit-metadata: 0.5305165960453451
  landing: 0.08229372696951032
  view-data: 0.29607979813590646
