times:
  edit-metadata: 1.2894299300387502
  landing: 0.020896432921290398
  view-data: 0.025217197835445404
