times:
  edit-metadata: 1.302208329550922
  landing: 0.021704159677028656
  view-data: 0.025868907570838928
