times:
  edit-metadata: 1.594986392185092
  landing: 0.816141726449132
  view-data: 3.3199552688747644
