times:
  landing: 0.5395571359999849
  view-data: 0.5435423349999837
