times:
  edit-metadata: 1.5072690658271313
  landing: 0.8192005259916186
  view-data: 3.3537345780059695
