times:
  edit-metadata: 1.3008681070059538
  landing: 0.021569596603512764
  view-data: 0.12004090566188097
