times:
  landing: 0.5554379179999955
  view-data: 0.5691465269999867
