times:
  edit-metadata: 0.747281152755022
  landing: 0.049973092041909695
  view-data: 0.2117931768298149
