times:
  landing: 0.554147295000007
  view-data: 0.556036081000002
