times:
  edit-metadata: 0.4705640450119972
  landing: 1.1021070405840874
  view-data: 0.5829936750233173
