times:
  edit-metadata: 1.3308428693562746
  landing: 0.19158292189240456
  view-data: 0.13357416912913322
