times:
  edit-metadata: 0.4448856571689248
  landing: 0.058107411954551935
  view-data: 0.2083029830828309
