times:
  edit-metadata: 0.571464104577899
  landing: 1.1177245266735554
  view-data: 0.5905375555157661
