times:
  edit-metadata: 1.4609843629878014
  landing: 0.7307949879905209
  view-data: 3.2973140550311655
