times:
  landing: 0.555575177999998
  view-data: 0.552417059999982
