times:
  edit-metadata: 0.5027487799525261
  landing: 0.05077978502959013
  view-data: 0.2020634962245822
