times:
  edit-metadata: 0.4608678175136447
  landing: 0.04599804151803255
  view-data: 0.20915283728390932
