times:
  edit-metadata: 0.5544633325189352
  landing: 0.849035119637847
  view-data: 0.2016784753650427
