times:
  landing: 1.0749990390000335
  view-data: 0.5619751339999652
