times:
  edit-metadata: 0.506298708030954
  landing: 0.053517165943048894
  view-data: 0.208718347013928
