times:
  edit-metadata: 1.3661050610244274
  landing: 0.20116844587028027
  view-data: 0.1272014332935214
