times:
  edit-metadata: 0.4869784638285637
  landing: 0.052056023851037025
  view-data: 0.21397037338465452
