times:
  edit-metadata: 0.44194713328033686
  landing: 0.04261775501072407
  view-data: 0.21109965909272432
