times:
  edit-metadata: 1.5761273428797722
  landing: 0.886900220066309
  view-data: 3.4051300268620253
