times:
  edit-metadata: 1.5057522673159838
  landing: 0.13896486908197403
  view-data: 0.3741409722715616
