times:
  landing: 1.0691800320000198
  view-data: 0.5460316649999868
