times:
  landing: 0.548582706000019
  view-data: 0.5526411349999876
