times:
  edit-metadata: 1.5673603918403387
  landing: 0.7725585643202066
  view-data: 3.4106279984116554
