times:
  edit-metadata: 1.2803421476855874
  landing: 0.14622041396796703
  view-data: 0.02261557150632143
