times:
  edit-metadata: 1.4489525966346264
  landing: 0.14065115619450808
  view-data: 0.23323426395654678
