times:
  landing: 0.5535544020000032
  view-data: 0.559636433999998
