times:
  landing: 1.0705256759999884
  view-data: 0.549143646999994
