times:
  edit-metadata: 1.7420318387448788
  landing: 1.0250451676547527
  view-data: 3.4395351633429527
