times:
  landing: 0.5589726789999645
  view-data: 0.5510658439999929
