times:
  edit-metadata: 0.6316924840211868
  landing: 0.04133805702440441
  view-data: 0.19386935513466597
