times:
  edit-metadata: 1.3687848839908838
  landing: 0.022157112136483192
  view-data: 0.024444124661386013
