times:
  edit-metadata: 1.565495703369379
  landing: 0.8321992363780737
  view-data: 3.547291634604335
