times:
  edit-metadata: 1.5427508540451527
  landing: 0.8510390445590019
  view-data: 3.417123159393668
