times:
  edit-metadata: 0.6057145110098645
  landing: 0.051441884017549455
  view-data: 0.19123539701104164
