times:
  edit-metadata: 1.3601113837212324
  landing: 0.01824152283370495
  view-data: 0.02538173645734787
