times:
  edit-metadata: 0.6206287629902363
  landing: 0.7310603000223637
  view-data: 0.32271597161889076
