times:
  edit-metadata: 2.185964234173298
  landing: 1.148514673113823
  view-data: 3.495722619816661
