times:
  edit-metadata: 1.3420422784984112
  landing: 0.020019431598484516
  view-data: 0.02539652492851019
