times:
  edit-metadata: 0.49589530657976866
  landing: 0.05172534380108118
  view-data: 0.19519574381411076
