times:
  edit-metadata: 0.48825210984796286
  landing: 0.047340283170342445
  view-data: 0.2046087859198451
