times:
  edit-metadata: 2.124465461820364
  landing: 1.4339077956974506
  view-data: 3.547332737594843
