times:
  edit-metadata: 1.5597829390317202
  landing: 0.6787285003811121
  view-data: 3.366642063483596
