times:
  edit-metadata: 0.5750630749389529
  landing: 0.061620795051567256
  view-data: 0.21571905200835317
