times:
  edit-metadata: 0.5915967719629407
  landing: 0.04369020398007706
  view-data: 0.19349521800177172
