times:
  edit-metadata: 0.5130036910995841
  landing: 0.08353599719703197
  view-data: 0.19306864682585
