times:
  edit-metadata: 1.544439208926633
  landing: 0.8044959411490709
  view-data: 3.3546969490125775
