times:
  landing: 0.5497614189999922
  view-data: 0.558350388000008
