times:
  edit-metadata: 1.3587306644767523
  landing: 0.0210980037227273
  view-data: 0.14032499957829714
