times:
  edit-metadata: 1.5914467237889767
  landing: 1.035440156236291
  view-data: 3.479211563244462
