times:
  landing: 0.5503734449999911
  view-data: 0.5566835749999655
