times:
  edit-metadata: 0.6113490459974855
  landing: 0.05199669592548162
  view-data: 0.18658340605907142
