times:
  edit-metadata: 0.6314571530092508
  landing: 0.05744451889768243
  view-data: 0.19376168306916952
