times:
  edit-metadata: 0.5704686176031828
  landing: 0.3468684609979391
  view-data: 0.19852928072214127
