times:
  edit-metadata: 1.3340067397803068
  landing: 0.019490551203489304
  view-data: 0.02518368326127529
