times:
  edit-metadata: 1.6821908690035343
  landing: 0.9845400713384151
  view-data: 3.3140135556459427
