times:
  edit-metadata: 0.43155226530507207
  landing: 0.04016321990638971
  view-data: 0.18859137780964375
