times:
  edit-metadata: 1.3995641060173512
  landing: 0.12018790375441313
  view-data: 0.2430608682334423
