times:
  landing: 1.0843631929999447
  view-data: 0.5586085940000203
