times:
  edit-metadata: 1.5715554505586624
  landing: 0.8682707287371159
  view-data: 3.451725471764803
