times:
  edit-metadata: 0.5536629799753428
  landing: 0.7883863057941198
  view-data: 0.5409487131983042
