times:
  edit-metadata: 1.5494755320250988
  landing: 0.801841901615262
  view-data: 3.380299635231495
