times:
  edit-metadata: 1.5143198631703854
  landing: 0.9947953559458256
  view-data: 3.318051129579544
