times:
  landing: 0.5432193980000193
  view-data: 0.5491101650000019
