times:
  edit-metadata: 1.5297998823225498
  landing: 0.1487660389393568
  view-data: 0.027470098808407784
