times:
  landing: 0.5456880650000357
  view-data: 0.5496716349999815
