times:
  edit-metadata: 1.508321352303028
  landing: 0.9227140173316002
  view-data: 3.4235354140400887
