times:
  edit-metadata: 1.4991145140957087
  landing: 0.8100906589534134
  view-data: 3.3987328968942165
