times:
  edit-metadata: 1.8485487597063184
  landing: 0.7519912431016564
  view-data: 3.2879185173660517
