times:
  edit-metadata: 1.330808661878109
  landing: 0.020275631919503212
  view-data: 0.13932109624147415
