times:
  edit-metadata: 0.4269184760050848
  landing: 0.04844583600061014
  view-data: 0.370243109005969
