times:
  edit-metadata: 1.3577134739607573
  landing: 0.7694354960694909
  view-data: 3.5530741326510906
