times:
  edit-metadata: 1.6004127813503146
  landing: 0.7899080356582999
  view-data: 3.372410806827247
