times:
  edit-metadata: 1.4099543252959847
  landing: 0.22055200207978487
  view-data: 0.39534242171794176
