times:
  edit-metadata: 0.461744861677289
  landing: 0.04337158892303705
  view-data: 0.20406201481819153
