times:
  edit-metadata: 0.5700351470150054
  landing: 0.05200784932821989
  view-data: 0.23143028607591987
