times:
  edit-metadata: 2.5303938249126077
  landing: 0.5341954678297043
  view-data: 0.7225471548736095
