times:
  edit-metadata: 0.4126162249594927
  landing: 0.04035857995040715
  view-data: 0.21067806193605065
