times:
  edit-metadata: 1.6952578965574503
  landing: 0.983494196087122
  view-data: 3.34485543705523
