times:
  landing: 0.5550375059999624
  view-data: 0.557344235999949
