times:
  edit-metadata: 0.6102568579372019
  landing: 0.04911100212484598
  view-data: 0.19297320605255663
