times:
  edit-metadata: 0.4993578819994582
  landing: 0.06785529699845938
  view-data: 0.20602244500332745
