times:
  edit-metadata: 1.566528707742691
  landing: 0.9726953916251659
  view-data: 3.400092512369156
