times:
  edit-metadata: 1.452471800148487
  landing: 0.8002975322306156
  view-data: 3.2883669063448906
