times:
  edit-metadata: 0.5892144670360722
  landing: 0.04010224901139736
  view-data: 0.1947906959685497
