times:
  edit-metadata: 1.346897373907268
  landing: 0.02023310400545597
  view-data: 0.21314954292029142
