times:
  edit-metadata: 0.49310959316790104
  landing: 0.05650694505311549
  view-data: 0.2155808110255748
