times:
  edit-metadata: 0.5574518779976643
  landing: 0.05326416999741923
  view-data: 0.20164157699764473
