times:
  edit-metadata: 1.3652513418346643
  landing: 0.018843650817871094
  view-data: 0.028958150185644627
