times:
  edit-metadata: 1.2986750835552812
  landing: 0.01988713163882494
  view-data: 0.12300264835357666
