times:
  edit-metadata: 0.5245317406952381
  landing: 0.04952205717563629
  view-data: 0.19258112460374832
