times:
  edit-metadata: 0.9493105078581721
  landing: 0.09993132692761719
  view-data: 0.33312416821718216
