times:
  edit-metadata: 1.2886877106502652
  landing: 0.023290964774787426
  view-data: 0.02274106629192829
