times:
  edit-metadata: 0.4649627630133182
  landing: 0.0482967920252122
  view-data: 0.3289028720173519
