times:
  edit-metadata: 0.6274348719744012
  landing: 0.04207257193047553
  view-data: 0.19952874607406557
