times:
  edit-metadata: 1.4264053292572498
  landing: 0.13198704831302166
  view-data: 0.025706613436341286
