times:
  edit-metadata: 1.5272014327347279
  landing: 0.8304417841136456
  view-data: 3.34602833352983
