times:
  edit-metadata: 1.397004822269082
  landing: 0.18552169762551785
  view-data: 0.26340156700462103
