times:
  edit-metadata: 1.508310753852129
  landing: 0.7758974907919765
  view-data: 3.3439793391153216
