times:
  landing: 0.5410901299999296
  view-data: 0.5418950409999752
