times:
  edit-metadata: 0.5262426659464836
  landing: 1.0981704890727997
  view-data: 0.5905636176466942
