times:
  edit-metadata: 0.48202736489474773
  landing: 0.048238741932436824
  view-data: 0.34253718610852957
