times:
  edit-metadata: 1.590193260461092
  landing: 0.8627498038113117
  view-data: 3.430094853043556
