times:
  edit-metadata: 0.5912418160587549
  landing: 0.06145581789314747
  view-data: 0.1864730380475521
