times:
  edit-metadata: 0.4259366150945425
  landing: 0.04784985398873687
  view-data: 0.19672343484126031
