times:
  edit-metadata: 1.8230200707912445
  landing: 0.8429479408077896
  view-data: 3.3680037651211023
