times:
  edit-metadata: 1.5554424338042736
  landing: 0.9156434051692486
  view-data: 3.39291781373322
