times:
  edit-metadata: 0.492798138409853
  landing: 0.042502676136791706
  view-data: 0.2107068756595254
