times:
  landing: 0.6047429719999968
  view-data: 0.5583716599999775
