times:
  edit-metadata: 1.338286199606955
  landing: 0.12407492380589247
  view-data: 0.10329923313111067
