times:
  edit-metadata: 1.5763560947962105
  landing: 0.8093568971380591
  view-data: 4.068205621093512
