times:
  edit-metadata: 1.5737211778759956
  landing: 1.027934294193983
  view-data: 3.3555398508906364
