times:
  edit-metadata: 0.4490913520567119
  landing: 0.04840438533574343
  view-data: 0.19001781474798918
