times:
  edit-metadata: 1.3353834562003613
  landing: 0.020447456277906895
  view-data: 0.3506866954267025
