times:
  edit-metadata: 1.344676193781197
  landing: 0.19442602526396513
  view-data: 0.02780886460095644
