times:
  edit-metadata: 1.4637890383601189
  landing: 0.7919917292892933
  view-data: 3.289378423243761
