times:
  edit-metadata: 1.4023206271231174
  landing: 0.8473939001560211
  view-data: 3.397478073835373
