times:
  edit-metadata: 0.5866129919886589
  landing: 0.06044575897976756
  view-data: 0.22363389423117042
