times:
  edit-metadata: 0.5969019718468189
  landing: 0.05421379953622818
  view-data: 0.18841701745986938
