times:
  edit-metadata: 1.5495195090770721
  landing: 0.950164433568716
  view-data: 3.4477989487349987
