times:
  edit-metadata: 1.4681503660976887
  landing: 0.9345525242388248
  view-data: 3.387335479259491
