times:
  edit-metadata: 2.182192698121071
  landing: 1.7886559879407287
  view-data: 3.754010558128357
