times:
  landing: 0.5957414429999517
  view-data: 0.5684433700000113
