times:
  edit-metadata: 0.4708890225738287
  landing: 0.03751596715301275
  view-data: 0.2077550501562655
