times:
  landing: 1.067641596000044
  view-data: 0.5563271739999891
