times:
  edit-metadata: 0.6306424660142511
  landing: 0.05840820609591901
  view-data: 0.19002174586057663
