times:
  landing: 1.0715093270000011
  view-data: 0.5547314160000383
