times:
  edit-metadata: 0.5574632361531258
  landing: 0.06108161434531212
  view-data: 0.19091615080833435
