times:
  edit-metadata: 1.4553729481995106
  landing: 0.15428718458861113
  view-data: 0.02328328788280487
