times:
  landing: 1.0588492610000344
  view-data: 0.5513640560000113
