times:
  edit-metadata: 0.546511584892869
  landing: 0.6780684161931276
  view-data: 0.29837645404040813
