times:
  edit-metadata: 1.7446146123111248
  landing: 1.3215330205857754
  view-data: 3.4243875220417976
