times:
  edit-metadata: 1.413473067805171
  landing: 0.15361830592155457
  view-data: 0.02742486447095871
