times:
  landing: 1.112788552000012
  view-data: 0.5537587820000169
