times:
  landing: 1.0668004070000165
  view-data: 0.5525283630000217
