times:
  edit-metadata: 0.40957041596993804
  landing: 0.037251593079417944
  view-data: 0.2004737420938909
