times:
  landing: 0.5483727779999867
  view-data: 0.5595091369999636
