times:
  edit-metadata: 1.5390619784593582
  landing: 0.31211415491998196
  view-data: 0.3743412718176842
