times:
  edit-metadata: 1.5302897952497005
  landing: 0.8923583291471004
  view-data: 3.3654186818748713
