times:
  edit-metadata: 0.5443140380084515
  landing: 0.04699651151895523
  view-data: 0.19939489662647247
