times:
  edit-metadata: 1.312588369473815
  landing: 0.18937481008470058
  view-data: 0.1378753688186407
