times:
  edit-metadata: 1.378963302820921
  landing: 0.21825010143220425
  view-data: 0.10097741708159447
