times:
  edit-metadata: 0.6649846211075783
  landing: 0.046536960173398256
  view-data: 0.18906693602912128
