times:
  edit-metadata: 0.5167339332401752
  landing: 0.8081428557634354
  view-data: 0.3025848362594843
