times:
  edit-metadata: 1.3324757479131222
  landing: 0.024165092036128044
  view-data: 0.1165545480325818
