times:
  edit-metadata: 0.6489423792809248
  landing: 0.5824192706495523
  view-data: 0.2396455928683281
