times:
  landing: 0.548290513999973
  view-data: 0.5595939199999975
