times:
  edit-metadata: 0.525620348751545
  landing: 1.1325512416660786
  view-data: 0.1807282157242298
