times:
  edit-metadata: 1.3992679193615913
  landing: 0.9889249317348003
  view-data: 3.355065446346998
