times:
  edit-metadata: 0.4570952211506665
  landing: 0.045043124817311764
  view-data: 0.1939766090363264
