times:
  edit-metadata: 1.3995258565992117
  landing: 0.11615469306707382
  view-data: 0.14608357101678848
