times:
  edit-metadata: 1.4373251721262932
  landing: 0.9288452379405499
  view-data: 3.347995288670063
