times:
  edit-metadata: 0.6253251456655562
  landing: 0.08441751776263118
  view-data: 0.2879866734147072
