times:
  edit-metadata: 0.41384558100253344
  landing: 0.04299915488809347
  view-data: 0.19783133501186967
