times:
  edit-metadata: 1.5542298760265112
  landing: 0.8616714738309383
  view-data: 3.3538741003721952
