times:
  edit-metadata: 0.652215660084039
  landing: 0.04125508572906256
  view-data: 0.18755947705358267
