times:
  edit-metadata: 1.6551458202302456
  landing: 1.0938207246363163
  view-data: 3.48684155754745
