times:
  landing: 0.5482529759999863
  view-data: 0.5510398229999964
