times:
  edit-metadata: 0.6093168309889734
  landing: 0.04345102305524051
  view-data: 0.1976018788991496
