times:
  edit-metadata: 1.295792393386364
  landing: 0.2071628738194704
  view-data: 0.025096768513321877
