times:
  edit-metadata: 0.6388002780731767
  landing: 0.051079159835353494
  view-data: 0.1902200400363654
