times:
  edit-metadata: 0.4915307364426553
  landing: 0.0740208150818944
  view-data: 0.20996145997196436
