times:
  edit-metadata: 1.560203891247511
  landing: 1.1098892223089933
  view-data: 3.4021509122103453
