times:
  edit-metadata: 1.367697600275278
  landing: 0.8008413724601269
  view-data: 3.337967377156019
