times:
  landing: 0.5503835409999738
  view-data: 0.5503335409999863
