times:
  edit-metadata: 2.2699167765676975
  landing: 1.4249759279191494
  view-data: 3.569225013256073
