times:
  edit-metadata: 0.6277426611632109
  landing: 0.7145647648721933
  view-data: 0.4105741810053587
