times:
  landing: 1.0988666120000516
  view-data: 0.555124563999982
