times:
  edit-metadata: 1.4924444369971752
  landing: 0.8296687020920217
  view-data: 3.334999229758978
