times:
  edit-metadata: 1.3741136826574802
  landing: 0.152899332344532
  view-data: 0.11826944164931774
