times:
  edit-metadata: 1.3784801922738552
  landing: 0.01912534423172474
  view-data: 0.14482210204005241
