times:
  edit-metadata: 1.407629705965519
  landing: 0.8360316753387451
  view-data: 3.30604038387537
