times:
  edit-metadata: 0.6609003688208759
  landing: 0.04270325368270278
  view-data: 0.2920912718400359
