times:
  edit-metadata: 0.5506800375878811
  landing: 0.05388050898909569
  view-data: 0.1937277503311634
