times:
  landing: 0.5596652060000338
  view-data: 0.5632140470000309
