times:
  edit-metadata: 0.43334472365677357
  landing: 0.03771630767732859
  view-data: 0.4749171184375882
