times:
  landing: 0.5596745370000065
  view-data: 0.04846925600000418
