times:
  edit-metadata: 0.4678197749890387
  landing: 0.04957295302301645
  view-data: 0.21160003612749279
