times:
  edit-metadata: 0.6434415171388537
  landing: 0.050242722034454346
  view-data: 0.19020644505508244
