times:
  edit-metadata: 0.8611973091028631
  landing: 0.09929879708215594
  view-data: 0.22960575390607119
