times:
  edit-metadata: 0.5036438833922148
  landing: 1.6078452784568071
  view-data: 0.5939416773617268
