times:
  edit-metadata: 0.4132646700600162
  landing: 0.046949354000389576
  view-data: 0.21907193097285926
