times:
  landing: 1.0676583059999984
  view-data: 0.5548086260000105
