times:
  edit-metadata: 0.6482085480820388
  landing: 0.08686044812202454
  view-data: 0.226004937896505
