times:
  edit-metadata: 0.5413069152273238
  landing: 0.13449035491794348
  view-data: 0.2514110701158643
