times:
  landing: 0.5500797570000202
  view-data: 0.5558431970000015
