times:
  edit-metadata: 1.3618142511695623
  landing: 0.12723140604794025
  view-data: 0.12231113202869892
