times:
  edit-metadata: 0.5269404835999012
  landing: 1.088772939518094
  view-data: 0.21683654189109802
