times:
  edit-metadata: 0.4246674473397434
  landing: 0.05265325866639614
  view-data: 0.21151003194972873
