times:
  edit-metadata: 1.3972059059888124
  landing: 0.7419182453304529
  view-data: 3.3613449968397617
