times:
  edit-metadata: 1.4206371754407883
  landing: 0.020867420360445976
  view-data: 0.33875686675310135
