times:
  edit-metadata: 0.5782525090035051
  landing: 0.0477246519876644
  view-data: 0.19278308108914644
