times:
  edit-metadata: 0.48033614200539887
  landing: 0.04580839199479669
  view-data: 0.20375368802342564
