times:
  edit-metadata: 1.914089135825634
  landing: 0.28234841860830784
  view-data: 0.5594162102788687
