times:
  landing: 1.0658984879999593
  view-data: 0.5531993970000144
