times:
  edit-metadata: 0.5153698027133942
  landing: 0.04877078905701637
  view-data: 0.18963947892189026
