times:
  edit-metadata: 1.4733224995434284
  landing: 0.022183876484632492
  view-data: 0.16304399631917477
