times:
  landing: 0.5474530029998732
  view-data: 0.5505345639999177
