times:
  landing: 0.5535417810000354
  view-data: 0.5592006769999784
