times:
  edit-metadata: 0.4691988800186664
  landing: 0.048364306800067425
  view-data: 0.21167429187335074
