times:
  edit-metadata: 0.5044055059552193
  landing: 0.043771798722445965
  view-data: 0.21293204370886087
