times:
  edit-metadata: 1.5458519840613008
  landing: 1.2017320622690022
  view-data: 3.370186700951308
