times:
  landing: 1.0808599909999543
  view-data: 0.568087595999998
