times:
  edit-metadata: 1.3655952466651797
  landing: 0.01957891881465912
  view-data: 0.2467896305024624
