times:
  edit-metadata: 0.5823340024799109
  landing: 0.5870582275092602
  view-data: 0.19046299159526825
