times:
  edit-metadata: 1.4119510799646378
  landing: 0.14676516130566597
  view-data: 0.32679539918899536
