times:
  edit-metadata: 0.49943999300012365
  landing: 0.06525828599114902
  view-data: 0.23996666198945604
