times:
  edit-metadata: 0.46543631493113935
  landing: 0.08347194595262408
  view-data: 0.21785250399261713
