times:
  landing: 0.5447276340000258
  view-data: 0.5498510999999553
