times:
  landing: 0.5538390309999954
  view-data: 0.562146552999991
