times:
  edit-metadata: 1.3433471601456404
  landing: 0.020887233316898346
  view-data: 0.026113667525351048
