times:
  edit-metadata: 1.3484045062214136
  landing: 0.020275765098631382
  view-data: 0.026724918745458126
