times:
  edit-metadata: 0.4380097519606352
  landing: 0.04615391208790243
  view-data: 0.21226718998514116
