times:
  edit-metadata: 0.45711661595851183
  landing: 0.03782201511785388
  view-data: 0.20079513732343912
