times:
  edit-metadata: 1.6018682196736336
  landing: 0.9780657477676868
  view-data: 3.4454477839171886
