times:
  edit-metadata: 0.47592279501259327
  landing: 0.05317580490373075
  view-data: 0.21396045689471066
