times:
  edit-metadata: 1.3669265620410442
  landing: 0.01955566741526127
  view-data: 0.12209924403578043
