times:
  edit-metadata: 1.3758987486362457
  landing: 0.022265328094363213
  view-data: 0.02314586006104946
