times:
  edit-metadata: 1.3256808575242758
  landing: 0.02184422593563795
  view-data: 0.19817630294710398
