times:
  edit-metadata: 1.3371789697557688
  landing: 0.019115064293146133
  view-data: 0.0245409170165658
