times:
  landing: 0.5586747709999997
  view-data: 0.5653833060000011
