times:
  edit-metadata: 0.6090846452862024
  landing: 0.0438205823302269
  view-data: 0.20497468672692776
