times:
  edit-metadata: 1.3308122996240854
  landing: 0.20980413630604744
  view-data: 0.026419928297400475
