times:
  edit-metadata: 1.4152702279388905
  landing: 0.021380241960287094
  view-data: 0.1449493020772934
