times:
  edit-metadata: 0.5492467302829027
  landing: 0.5506769586354494
  view-data: 0.20568674057722092
