times:
  landing: 0.5537615439999968
  view-data: 0.5553622479999945
