times:
  edit-metadata: 0.5741253681480885
  landing: 0.05834754928946495
  view-data: 0.18706423416733742
