times:
  landing: 0.5463506830000142
  view-data: 0.5475269020000155
