times:
  edit-metadata: 1.6196007281541824
  landing: 0.9748282171785831
  view-data: 3.347523929551244
