times:
  edit-metadata: 0.5030572172254324
  landing: 0.04314588289707899
  view-data: 0.205392237752676
