times:
  edit-metadata: 0.44908379204571247
  landing: 0.05052780779078603
  view-data: 0.1926675601862371
