times:
  edit-metadata: 1.4114210568368435
  landing: 0.888031791895628
  view-data: 3.309242334216833
