times:
  edit-metadata: 1.4153950358740985
  landing: 1.2899337806738913
  view-data: 3.3062295289710164
