times:
  edit-metadata: 0.4539317530579865
  landing: 0.04528330685570836
  view-data: 0.19282201724126935
