times:
  edit-metadata: 0.5105927153490484
  landing: 0.10063130175694823
  view-data: 0.21231840923428535
