times:
  edit-metadata: 1.6928490828722715
  landing: 0.1362035647034645
  view-data: 0.3155713230371475
