times:
  edit-metadata: 1.8949070293456316
  landing: 0.34103178791701794
  view-data: 0.41675437800586224
