times:
  edit-metadata: 1.5726803429424763
  landing: 0.8933045510202646
  view-data: 3.36435229703784
