times:
  edit-metadata: 1.5559077970683575
  landing: 0.7876902259886265
  view-data: 3.3384389877319336
