times:
  edit-metadata: 1.4826590456068516
  landing: 0.6876274831593037
  view-data: 3.371527697890997
