times:
  landing: 0.5675387650000232
  view-data: 0.5523037750000128
