times:
  landing: 1.1219314460000192
  view-data: 0.5576556290000099
