times:
  edit-metadata: 1.3552313069812953
  landing: 0.8763804971240461
  view-data: 3.4182106531225145
