times:
  landing: 0.5488359580000122
  view-data: 0.5522333570000058
