times:
  edit-metadata: 0.600535093981307
  landing: 0.04168146100710146
  view-data: 0.18618372498895042
