times:
  edit-metadata: 1.5659267511218786
  landing: 0.29359443858265877
  view-data: 0.3964992631226778
