times:
  edit-metadata: 0.5672841629711911
  landing: 0.054080294095911086
  view-data: 0.21897338994313031
