times:
  edit-metadata: 0.6131153889000416
  landing: 0.050276607275009155
  view-data: 0.1924116425216198
