times:
  edit-metadata: 0.47427281783893704
  landing: 0.06142612476833165
  view-data: 0.20472256001085043
