times:
  edit-metadata: 1.5833933427929878
  landing: 0.8760880921036005
  view-data: 3.420084588229656
