times:
  edit-metadata: 0.7312665600329638
  landing: 0.045654624002054334
  view-data: 0.1919548970181495
