times:
  edit-metadata: 1.5733133107423782
  landing: 0.9315560255199671
  view-data: 3.466851508244872
