times:
  edit-metadata: 0.5251370295882225
  landing: 0.0499408096075058
  view-data: 0.19715485349297523
