times:
  edit-metadata: 1.3377836169674993
  landing: 0.02185012400150299
  view-data: 0.1030362918972969
