times:
  edit-metadata: 0.5122213996946812
  landing: 0.046407513320446014
  view-data: 0.1938730925321579
