times:
  edit-metadata: 0.6612756160029676
  landing: 0.054277012997772545
  view-data: 0.18936147099884693
