times:
  edit-metadata: 0.6317846029996872
  landing: 0.6191614475101233
  view-data: 0.22855900414288044
