times:
  edit-metadata: 0.6218828400596976
  landing: 0.04904952272772789
  view-data: 0.19206121377646923
