times:
  landing: 1.0767221309999968
  view-data: 0.5566305669999565
