times:
  edit-metadata: 0.5294521152973175
  landing: 0.8125265166163445
  view-data: 0.22913026995956898
