times:
  edit-metadata: 0.49330816813744605
  landing: 0.05669148312881589
  view-data: 0.20971179706975818
