times:
  edit-metadata: 1.299393323250115
  landing: 0.19647047761827707
  view-data: 0.4100698456168175
