times:
  edit-metadata: 0.6816082838922739
  landing: 0.7472621835768223
  view-data: 0.22480536065995693
