times:
  edit-metadata: 0.4675418450497091
  landing: 0.048524827696383
  view-data: 0.2055009719915688
