times:
  edit-metadata: 0.6482449155300856
  landing: 0.5774341877549887
  view-data: 0.19754499197006226
