times:
  edit-metadata: 0.4745592987164855
  landing: 0.039591711945831776
  view-data: 0.213596330024302
