times:
  edit-metadata: 1.7454238645732403
  landing: 1.186555102467537
  view-data: 3.4484995864331722
