times:
  edit-metadata: 0.47362922100001015
  landing: 0.0547526580048725
  view-data: 0.2094519670063164
