times:
  edit-metadata: 0.5576557256281376
  landing: 0.038874439895153046
  view-data: 0.19366635009646416
