times:
  edit-metadata: 0.5008702090126462
  landing: 0.046924792986828834
  view-data: 0.20909847097937018
