times:
  edit-metadata: 0.6034969150787219
  landing: 0.05346027004998177
  view-data: 0.1938740989426151
