times:
  edit-metadata: 0.6328170511405915
  landing: 0.09264880605041981
  view-data: 0.18635057914070785
