times:
  edit-metadata: 0.5596506744623184
  landing: 0.05657665431499481
  view-data: 0.1912398412823677
