times:
  edit-metadata: 0.43516603391617537
  landing: 0.04798139398917556
  view-data: 0.34187308326363564
