times:
  edit-metadata: 1.4985209107398987
  landing: 0.8625685423612595
  view-data: 3.41786128282547
