times:
  landing: 0.5601853539999979
  view-data: 1.0775189020000084
