times:
  edit-metadata: 1.4265360101126134
  landing: 0.7252246940042824
  view-data: 3.3773634620010853
