times:
  edit-metadata: 0.4239495061337948
  landing: 0.043461018707603216
  view-data: 0.1843797662295401
