times:
  edit-metadata: 1.4808073174208403
  landing: 0.246950538828969
  view-data: 0.4559694677591324
