times:
  edit-metadata: 0.457879101857543
  landing: 0.03814576240256429
  view-data: 0.19391443487256765
