times:
  edit-metadata: 1.41943103633821
  landing: 0.24195430614054203
  view-data: 0.024803634732961655
