times:
  edit-metadata: 1.3230254277586937
  landing: 0.022108208388090134
  view-data: 0.09917558263987303
