times:
  edit-metadata: 1.582810614258051
  landing: 0.8933417685329914
  view-data: 3.3972399532794952
