times:
  edit-metadata: 0.59473199211061
  landing: 0.6739102602005005
  view-data: 0.23030604422092438
