times:
  landing: 1.1315796160000104
  view-data: 0.5582025549999798
