times:
  edit-metadata: 0.5366648323833942
  landing: 0.04339919984340668
  view-data: 0.19629325345158577
