times:
  edit-metadata: 0.5048172329552472
  landing: 0.04862930020317435
  view-data: 0.2088413080200553
