times:
  edit-metadata: 0.5250753909349442
  landing: 0.05533442273736
  view-data: 0.19726291671395302
