times:
  landing: 1.1108640569727868
  view-data: 0.5517697399482131
