times:
  landing: 0.5493999579999809
  view-data: 0.554537886999924
