times:
  landing: 1.0865274849999764
  view-data: 0.5608318630000326
