times:
  edit-metadata: 1.4946686262264848
  landing: 0.8410306130535901
  view-data: 3.3896958832629025
