times:
  edit-metadata: 1.3350690472871065
  landing: 0.018780715763568878
  view-data: 0.11959708295762539
