times:
  landing: 0.5503899070000102
  view-data: 0.552157818000012
