times:
  edit-metadata: 0.4083891389891505
  landing: 0.04352164315059781
  view-data: 0.21583534684032202
