times:
  edit-metadata: 0.45096191577613354
  landing: 0.04868707712739706
  view-data: 0.18921122699975967
