times:
  edit-metadata: 1.3238754393532872
  landing: 0.01953058037906885
  view-data: 0.023561183363199234
