times:
  landing: 0.5484439449999741
  view-data: 0.5492162510000185
