times:
  edit-metadata: 0.5955167128704488
  landing: 0.06245868420228362
  view-data: 0.18252438213676214
