times:
  edit-metadata: 1.3592514349147677
  landing: 0.12380034569650888
  view-data: 0.3945567589253187
