times:
  landing: 1.1006240190000085
  view-data: 0.560114598000041
