times:
  edit-metadata: 1.5175810530781746
  landing: 0.8758336044847965
  view-data: 3.3902104757726192
