times:
  landing: 0.5473076769999352
  view-data: 0.5533883150000065
