times:
  edit-metadata: 1.3669807193800807
  landing: 0.09405775181949139
  view-data: 0.028726693242788315
