times:
  edit-metadata: 0.47725795599399135
  landing: 0.04779828398022801
  view-data: 0.22477961401455104
