times:
  edit-metadata: 1.5847026575356722
  landing: 0.9209633693099022
  view-data: 3.3468497339636087
