times:
  landing: 0.5553851859999668
  view-data: 0.5555264939999915
