times:
  edit-metadata: 0.6383271645754576
  landing: 0.5780413448810577
  view-data: 0.19163759984076023
