times:
  landing: 0.5532961559999876
  view-data: 0.5581124879999777
