times:
  edit-metadata: 1.5589046664536
  landing: 0.8448536284267902
  view-data: 3.4351459741592407
