times:
  edit-metadata: 0.5644994999747723
  landing: 0.08282193704508245
  view-data: 0.2167182610137388
