times:
  edit-metadata: 0.5646540150046349
  landing: 0.5763622615486383
  view-data: 0.3087434694170952
