times:
  edit-metadata: 0.5419063568115234
  landing: 0.04401635006070137
  view-data: 0.19644225761294365
