times:
  edit-metadata: 0.6244969279505312
  landing: 0.04700480215251446
  view-data: 0.19739150302484632
