times:
  edit-metadata: 1.5826428644359112
  landing: 0.13332756981253624
  view-data: 0.1638126987963915
