times:
  edit-metadata: 0.5722149945795536
  landing: 0.6725090518593788
  view-data: 0.20415259711444378
