times:
  edit-metadata: 0.5237814411520958
  landing: 0.04812084138393402
  view-data: 0.19644013419747353
