times:
  edit-metadata: 1.957213319838047
  landing: 1.0446175560355186
  view-data: 3.3611278366297483
