times:
  edit-metadata: 0.47282477100088727
  landing: 0.0506382890016539
  view-data: 0.23052755299431738
