times:
  edit-metadata: 0.6031904718838632
  landing: 0.04584875190630555
  view-data: 0.1947799026966095
