times:
  edit-metadata: 1.3317790869623423
  landing: 0.020076937973499298
  view-data: 0.024708742275834084
