times:
  edit-metadata: 0.5830768961459398
  landing: 0.05930867698043585
  view-data: 0.20854469435289502
