times:
  landing: 0.5412113139999519
  view-data: 0.5432327359999363
