times:
  edit-metadata: 0.6168709460180253
  landing: 0.07055579102598131
  view-data: 0.1923348279669881
