times:
  edit-metadata: 1.358857543207705
  landing: 0.019549552351236343
  view-data: 0.024601616896688938
