times:
  edit-metadata: 0.4642946389503777
  landing: 0.0809863000176847
  view-data: 0.222951675998047
