times:
  edit-metadata: 0.45315937907435
  landing: 0.05656145699322224
  view-data: 0.2139426739886403
