times:
  edit-metadata: 1.5831820145249367
  landing: 0.8702749460935593
  view-data: 3.340432008728385
