times:
  edit-metadata: 1.361873934045434
  landing: 0.02117842622101307
  view-data: 0.2740567121654749
