times:
  edit-metadata: 0.5277888532727957
  landing: 1.828393192961812
  view-data: 0.20506888255476952
