times:
  edit-metadata: 1.3347711293026805
  landing: 0.022032300010323524
  view-data: 0.025946647860109806
