times:
  edit-metadata: 0.5985922639956698
  landing: 0.05004733905661851
  view-data: 0.19704846304375678
