times:
  landing: 1.104728850000015
  view-data: 0.556191130000002
