times:
  edit-metadata: 0.47555547021329403
  landing: 0.04612188320606947
  view-data: 0.19433663180097938
