times:
  edit-metadata: 0.6377199660055339
  landing: 0.03971577400807291
  view-data: 0.20589180197566748
