times:
  edit-metadata: 1.4432882480323315
  landing: 0.9331497140228748
  view-data: 3.4301359616219997
