times:
  edit-metadata: 0.675341272726655
  landing: 0.10587459243834019
  view-data: 0.21699886582791805
