times:
  edit-metadata: 0.5910129342228174
  landing: 0.5885047800838947
  view-data: 0.1813244428485632
