times:
  edit-metadata: 1.3556498754769564
  landing: 0.13218853063881397
  view-data: 0.3095471989363432
