times:
  edit-metadata: 0.5404958594590425
  landing: 1.1326031275093555
  view-data: 0.5959774609655142
