times:
  edit-metadata: 0.5656251907348633
  landing: 0.052436381578445435
  view-data: 0.19966115057468414
