times:
  edit-metadata: 1.3081110445782542
  landing: 0.23123216442763805
  view-data: 0.1267810482531786
