times:
  edit-metadata: 0.4607135271653533
  landing: 0.03391193971037865
  view-data: 0.19183442369103432
