times:
  landing: 0.5510973339999907
  view-data: 0.558840134999997
