times:
  edit-metadata: 1.3963791318237782
  landing: 0.7064907513558865
  view-data: 3.3372564241290092
