times:
  edit-metadata: 0.5799525920301676
  landing: 0.6147254072129726
  view-data: 0.17814207263290882
