times:
  edit-metadata: 1.3320079203695059
  landing: 0.7812977600842714
  view-data: 3.3551376909017563
