times:
  edit-metadata: 0.5338466209359467
  landing: 0.06301898090168834
  view-data: 0.21775510627776384
