times:
  landing: 0.561488919999988
  view-data: 0.5570439150000084
