times:
  edit-metadata: 0.44903306383639574
  landing: 0.043576054740697145
  view-data: 0.21506536286324263
