times:
  landing: 0.5611010829999827
  view-data: 0.5660003849999953
