times:
  edit-metadata: 0.4798171669244766
  landing: 0.05379755608737469
  view-data: 0.2119394950568676
