times:
  edit-metadata: 0.5763923563063145
  landing: 1.4773706514388323
  view-data: 0.429625166580081
