times:
  edit-metadata: 1.5119134038686752
  landing: 0.7635055761784315
  view-data: 3.419032998383045
