times:
  edit-metadata: 0.6197905447334051
  landing: 0.04627861874178052
  view-data: 0.1916315988637507
