times:
  edit-metadata: 2.0076256981119514
  landing: 1.334975317120552
  view-data: 3.69168240390718
