times:
  edit-metadata: 0.47842021007090807
  landing: 0.041392925195395947
  view-data: 0.18816223554313183
