times:
  edit-metadata: 0.5467163138091564
  landing: 0.9109015595167875
  view-data: 0.297702569514513
