times:
  landing: 1.0854232590000379
  view-data: 0.5618130130000054
