times:
  edit-metadata: 1.3974221870303154
  landing: 0.8125832341611385
  view-data: 3.3209835067391396
