times:
  edit-metadata: 0.4860565890558064
  landing: 0.08787580102216452
  view-data: 0.21260233304928988
