times:
  edit-metadata: 0.4522798745892942
  landing: 0.0416173730045557
  view-data: 0.19807386305183172
