times:
  edit-metadata: 1.479895293014124
  landing: 0.7861600299365819
  view-data: 3.3948468279559165
