times:
  edit-metadata: 0.5341381467878819
  landing: 0.9251018911600113
  view-data: 0.2966997046023607
