times:
  edit-metadata: 1.3072105729952455
  landing: 0.2072091167792678
  view-data: 0.3984792046248913
