times:
  edit-metadata: 1.433335479348898
  landing: 1.0146232824772596
  view-data: 3.320299849845469
