times:
  edit-metadata: 1.486582975834608
  landing: 0.864122117869556
  view-data: 3.3809770345687866
