times:
  edit-metadata: 0.5301650720648468
  landing: 0.054601944983005524
  view-data: 0.23237419174984097
