times:
  landing: 0.5594431920000034
  view-data: 0.5589618600000108
