times:
  edit-metadata: 0.6427229270339012
  landing: 0.052312836050987244
  view-data: 0.19183610752224922
