times:
  landing: 0.5407956209999725
  view-data: 0.5424475439999981
