times:
  edit-metadata: 1.5599868632853031
  landing: 0.8108724933117628
  view-data: 3.561254734173417
