times:
  edit-metadata: 1.528693363070488
  landing: 0.024009468033909798
  view-data: 0.16394849866628647
