times:
  edit-metadata: 0.5168208945542574
  landing: 0.5808434765785933
  view-data: 0.5992704201489687
