times:
  edit-metadata: 0.4368143519386649
  landing: 0.05080261453986168
  view-data: 0.19754562061280012
