times:
  edit-metadata: 0.5605606082826853
  landing: 0.38833020254969597
  view-data: 0.19161095656454563
