times:
  edit-metadata: 0.5536499749869108
  landing: 0.5546084716916084
  view-data: 0.19301296770572662
