times:
  edit-metadata: 0.7627895809710026
  landing: 0.5522491168230772
  view-data: 0.19770346023142338
