times:
  edit-metadata: 1.678439848124981
  landing: 0.8545424565672874
  view-data: 3.4667339213192463
