times:
  edit-metadata: 0.4368084310553968
  landing: 0.04322786396369338
  view-data: 0.197337637655437
