times:
  edit-metadata: 1.789491506293416
  landing: 0.8498579021543264
  view-data: 3.386983851902187
