times:
  edit-metadata: 1.6097295098006725
  landing: 0.957706268876791
  view-data: 3.4358125999569893
