times:
  landing: 1.079776322999976
  view-data: 1.0786228189999747
