times:
  edit-metadata: 1.425568476319313
  landing: 0.023116139695048332
  view-data: 0.02512405626475811
