times:
  edit-metadata: 2.689045585691929
  landing: 1.3364664893597364
  view-data: 3.5978987365961075
