times:
  edit-metadata: 0.4317130409181118
  landing: 0.05200285301543772
  view-data: 0.21684956713579595
