times:
  landing: 0.5566829630000143
  view-data: 0.5636690500000157
