times:
  landing: 0.5653925049999771
  view-data: 0.5557398010000156
