times:
  edit-metadata: 0.5358702950179577
  landing: 0.9866157006472349
  view-data: 0.1885649971663952
