times:
  edit-metadata: 0.6458631278946996
  landing: 0.058410310884937644
  view-data: 0.18817337416112423
