times:
  edit-metadata: 0.5255652256309986
  landing: 0.05010156333446503
  view-data: 0.1897697113454342
