times:
  edit-metadata: 1.5619250647723675
  landing: 0.917510986328125
  view-data: 3.4340639002621174
