times:
  landing: 0.5526395470000125
  view-data: 0.5538020609999421
