times:
  edit-metadata: 0.48928162548691034
  landing: 0.04075916577130556
  view-data: 0.19991542678326368
