times:
  edit-metadata: 1.4816687051206827
  landing: 6.044369217939675
  view-data: 3.3346014097332954
