times:
  landing: 0.5528213270000037
  view-data: 0.05023102800001311
