times:
  edit-metadata: 0.5617226324975491
  landing: 0.04949077591300011
  view-data: 0.19250065088272095
