times:
  landing: 1.0805022810000082
  view-data: 0.5617821100000242
