times:
  edit-metadata: 0.48674149811267853
  landing: 0.04401085991412401
  view-data: 0.2045975923538208
