times:
  edit-metadata: 1.4345701932907104
  landing: 0.9173113219439983
  view-data: 3.322170529514551
