times:
  edit-metadata: 1.382240604609251
  landing: 0.020721005275845528
  view-data: 0.024396518245339394
