times:
  edit-metadata: 1.5354525987058878
  landing: 0.1943056806921959
  view-data: 0.30872760713100433
