times:
  landing: 0.5559625369999992
  view-data: 0.05217622199998573
