times:
  landing: 0.5635598780000066
  view-data: 0.5454995229999895
