times:
  landing: 1.0671480319999773
  view-data: 0.5687508450000109
