times:
  edit-metadata: 0.43852219451218843
  landing: 0.05498747155070305
  view-data: 0.19903779216110706
