times:
  edit-metadata: 0.5551479179412127
  landing: 0.6373620014637709
  view-data: 0.1983574777841568
