times:
  edit-metadata: 1.561554979532957
  landing: 0.8361677192151546
  view-data: 3.730704437941313
