times:
  edit-metadata: 1.4119272399693727
  landing: 0.20639478415250778
  view-data: 0.024821477010846138
