times:
  edit-metadata: 1.4381353491917253
  landing: 0.020080438815057278
  view-data: 0.02736256644129753
