times:
  edit-metadata: 1.4758172519505024
  landing: 0.0204760879278183
  view-data: 0.3364394325762987
