times:
  edit-metadata: 0.48711388604715466
  landing: 0.039318256080150604
  view-data: 0.20055609196424484
