times:
  edit-metadata: 1.540245607495308
  landing: 0.7449810244143009
  view-data: 3.299837816506624
