times:
  edit-metadata: 1.5563157580327243
  landing: 0.7989703830098733
  view-data: 3.4056618770118803
