times:
  landing: 0.5507725630000095
  view-data: 0.5538502640000047
