times:
  edit-metadata: 0.4220411912538111
  landing: 0.04167055292055011
  view-data: 0.18931230017915368
