times:
  edit-metadata: 1.4113131202757359
  landing: 0.8825338073074818
  view-data: 3.3279650509357452
