times:
  landing: 0.6263949149999917
  view-data: 0.5698984640000049
