times:
  edit-metadata: 0.6955084500368685
  landing: 0.04462736821733415
  view-data: 0.19354673800989985
