times:
  edit-metadata: 1.52144306153059
  landing: 1.1319299526512623
  view-data: 3.450706522911787
