times:
  edit-metadata: 1.7414547577500343
  landing: 1.084315214306116
  view-data: 3.3522423058748245
