times:
  edit-metadata: 0.48352813394740224
  landing: 0.04085726058110595
  view-data: 0.21026551583781838
