times:
  edit-metadata: 0.5668508317321539
  landing: 1.1722461599856615
  view-data: 0.5992918629199266
