times:
  edit-metadata: 1.388380128890276
  landing: 0.6743481010198593
  view-data: 3.287133114412427
