times:
  edit-metadata: 1.5410922355949879
  landing: 0.743854284286499
  view-data: 3.3834642246365547
