times:
  edit-metadata: 1.3862475948408246
  landing: 0.02115944493561983
  view-data: 0.12337570823729038
