times:
  edit-metadata: 0.6709378650411963
  landing: 0.04942501604091376
  view-data: 0.19233382097445428
