times:
  edit-metadata: 1.5283085461705923
  landing: 0.14631352573633194
  view-data: 0.033151524141430855
