times:
  landing: 0.559078071999977
  view-data: 0.5601271220000399
