times:
  edit-metadata: 0.5196078456938267
  landing: 0.055698420852422714
  view-data: 0.19106392934918404
