times:
  edit-metadata: 1.3898201398551464
  landing: 0.020892925560474396
  view-data: 0.32004081830382347
