times:
  edit-metadata: 0.6059394795447588
  landing: 0.5286520645022392
  view-data: 0.30715589970350266
