times:
  landing: 0.5524012280000079
  view-data: 0.5571104269999978
