times:
  edit-metadata: 1.385190062224865
  landing: 0.021563068963587284
  view-data: 0.11902841180562973
