times:
  edit-metadata: 1.4503699764609337
  landing: 0.8374634552747011
  view-data: 3.4208910232409835
