times:
  edit-metadata: 0.42281043506227434
  landing: 0.04952633706852794
  view-data: 0.20990868099033833
