times:
  edit-metadata: 1.5362207628786564
  landing: 0.711368590593338
  view-data: 3.2519407123327255
