times:
  edit-metadata: 0.5589176089997636
  landing: 0.06005852799717104
  view-data: 0.21397493800031953
