times:
  landing: 1.0990046169999914
  view-data: 0.5695776260000116
