times:
  edit-metadata: 0.41631075693294406
  landing: 0.04471353197004646
  view-data: 0.22856180393137038
