times:
  edit-metadata: 1.4445493966341019
  landing: 1.056142121553421
  view-data: 3.3428435064852238
