times:
  edit-metadata: 1.4219605848193169
  landing: 0.881509168073535
  view-data: 3.34573645144701
