times:
  edit-metadata: 1.708788312971592
  landing: 1.1300949454307556
  view-data: 3.365893941372633
