times:
  edit-metadata: 1.5437397677451372
  landing: 0.7619119826704264
  view-data: 3.3976502642035484
