times:
  edit-metadata: 0.592493036063388
  landing: 0.05223924003075808
  view-data: 0.1894734950037673
