times:
  edit-metadata: 1.5322765912860632
  landing: 0.2078067623078823
  view-data: 0.18424683809280396
