times:
  edit-metadata: 1.5514324847608805
  landing: 0.7402351070195436
  view-data: 3.3579344637691975
