times:
  edit-metadata: 0.5209637619554996
  landing: 0.8416746575385332
  view-data: 0.425768842920661
