times:
  edit-metadata: 1.5779568580910563
  landing: 0.8949825624004006
  view-data: 3.451039655134082
