times:
  edit-metadata: 1.4666437013074756
  landing: 0.8098046770319343
  view-data: 3.4085938604548573
