times:
  landing: 0.5594190829999661
  view-data: 0.5642697079999834
