times:
  landing: 1.0795085720000088
  view-data: 0.5785349289999999
