times:
  edit-metadata: 0.5440153311938047
  landing: 0.5991037115454674
  view-data: 0.6597873512655497
