times:
  edit-metadata: 0.6201992952264845
  landing: 0.051522521767765284
  view-data: 0.19269847217947245
