times:
  landing: 1.0747347900000364
  view-data: 0.5566236850000337
