times:
  landing: 0.5551577420000058
  view-data: 0.055791437000010546
