times:
  landing: 0.5556804620000548
  view-data: 0.5596623910000744
