times:
  edit-metadata: 1.5576350819319487
  landing: 0.8409531489014626
  view-data: 3.4432734716683626
