times:
  edit-metadata: 0.6432126588188112
  landing: 0.042075848672538996
  view-data: 0.19751919200643897
