times:
  edit-metadata: 0.7086065281182528
  landing: 0.04281138814985752
  view-data: 0.31760695949196815
