times:
  edit-metadata: 0.5776353600085713
  landing: 0.04732771904673427
  view-data: 0.19273756997426972
