times:
  edit-metadata: 0.6508734989911318
  landing: 0.046249433886259794
  view-data: 0.18508624890819192
