times:
  edit-metadata: 1.6523479335010052
  landing: 29.7800075635314
  view-data: 3.5002774577587843
