times:
  edit-metadata: 0.4546201219782233
  landing: 0.044015026185661554
  view-data: 0.190862026065588
