times:
  edit-metadata: 0.45707068778574467
  landing: 0.04349088482558727
  view-data: 0.1867580497637391
