times:
  edit-metadata: 0.46858148695901036
  landing: 0.0473973979242146
  view-data: 0.18882593186572194
