times:
  edit-metadata: 1.3527209470048547
  landing: 0.01927374769002199
  view-data: 0.12023257929831743
