times:
  landing: 0.5534681469999896
  view-data: 0.5622027710000168
