times:
  edit-metadata: 1.349530404433608
  landing: 0.23767953179776669
  view-data: 0.1254158802330494
