times:
  edit-metadata: 0.5917772050015628
  landing: 0.039343760814517736
  view-data: 0.19826628710143268
