times:
  edit-metadata: 1.5783922728151083
  landing: 0.16616202518343925
  view-data: 0.3753489274531603
