times:
  edit-metadata: 1.414535753428936
  landing: 0.2716385591775179
  view-data: 0.39464739710092545
