times:
  landing: 0.5551545510000153
  view-data: 0.5586706720000052
