times:
  edit-metadata: 1.5751349080819637
  landing: 0.8815525178797543
  view-data: 3.4441213740501553
