times:
  landing: 1.066816861999996
  view-data: 0.5634564910000108
