times:
  edit-metadata: 1.7499180566519499
  landing: 0.27141407784074545
  view-data: 0.5919907791540027
