times:
  edit-metadata: 1.411026518791914
  landing: 0.024434691295027733
  view-data: 0.025087734684348106
