times:
  landing: 1.5931471770001053
  view-data: 0.5552809449999359
