times:
  edit-metadata: 1.360735461115837
  landing: 0.12584358546882868
  view-data: 0.4257260663434863
