times:
  landing: 0.5703358140000319
  view-data: 0.5612705600000254
