times:
  edit-metadata: 1.5667011123150587
  landing: 0.7875109724700451
  view-data: 3.3727243952453136
