times:
  edit-metadata: 2.770835604518652
  landing: 0.04767005983740091
  view-data: 0.05549590662121773
