times:
  edit-metadata: 0.4668748979456723
  landing: 0.05517867801245302
  view-data: 0.2249304180731997
