times:
  landing: 1.1047435399999586
  view-data: 0.5521766199999547
