times:
  edit-metadata: 0.6792173570138402
  landing: 0.03976280603092164
  view-data: 0.18486484396271408
