times:
  edit-metadata: 1.5692140510072932
  landing: 0.8757463910151273
  view-data: 3.4519648000132293
