times:
  edit-metadata: 1.8318770565092564
  landing: 0.9127586372196674
  view-data: 3.3489634934812784
