times:
  landing: 1.1057519830000047
  view-data: 0.5538638990000209
