times:
  edit-metadata: 1.5528210271149874
  landing: 0.791404265910387
  view-data: 3.420921668410301
