times:
  edit-metadata: 0.581246198998997
  landing: 0.06655035901349038
  view-data: 0.24796007401891984
