times:
  edit-metadata: 0.4573681866750121
  landing: 0.042030771262943745
  view-data: 0.20979172829538584
