times:
  edit-metadata: 1.464001266285777
  landing: 0.019597208127379417
  view-data: 0.12947078421711922
