times:
  edit-metadata: 0.6481588979950175
  landing: 0.04134306299965829
  view-data: 0.20181514299474657
