times:
  edit-metadata: 0.4432816570624709
  landing: 0.050402609165757895
  view-data: 0.211492866743356
