times:
  edit-metadata: 0.44619202287867665
  landing: 0.0539990421384573
  view-data: 0.1950739435851574
