times:
  edit-metadata: 1.5713802501559258
  landing: 1.0628907941281796
  view-data: 3.418260984122753
