times:
  edit-metadata: 1.4786282300483435
  landing: 0.8608535539824516
  view-data: 3.345588224940002
