times:
  edit-metadata: 1.6061582788825035
  landing: 0.8003894351422787
  view-data: 3.4293431863188744
