times:
  edit-metadata: 1.623367553576827
  landing: 0.9275890998542309
  view-data: 3.4412612449377775
