times:
  landing: 2.118888496000011
  view-data: 0.5626252909999607
