times:
  edit-metadata: 1.5708421114832163
  landing: 0.019984988495707512
  view-data: 0.43009539879858494
