times:
  edit-metadata: 1.5293725859373808
  landing: 1.166028505191207
  view-data: 3.424737310037017
