times:
  edit-metadata: 1.3290188238024712
  landing: 0.20738837402313948
  view-data: 0.11943619512021542
