times:
  edit-metadata: 0.6844652949948795
  landing: 0.04120265301025938
  view-data: 0.19495001700124703
