times:
  edit-metadata: 0.5935079148039222
  landing: 0.04202196607366204
  view-data: 0.19776084972545505
