times:
  edit-metadata: 0.6147366669028997
  landing: 0.6054252702742815
  view-data: 0.1797313615679741
