times:
  edit-metadata: 0.49349637498380616
  landing: 0.04130896204151213
  view-data: 0.2004262750269845
