times:
  edit-metadata: 1.5081465374678373
  landing: 0.9468939900398254
  view-data: 3.4253791887313128
