times:
  edit-metadata: 1.3887670170515776
  landing: 0.2498144879937172
  view-data: 0.024104127660393715
