times:
  edit-metadata: 1.3161265514791012
  landing: 0.7424096316099167
  view-data: 3.2965523283928633
