times:
  edit-metadata: 0.6289529639761895
  landing: 0.043394669017288834
  view-data: 0.19261154002742842
