times:
  edit-metadata: 1.360552879050374
  landing: 0.02022654376924038
  view-data: 0.026423747651278973
