times:
  edit-metadata: 1.4995628278702497
  landing: 3.291002602316439
  view-data: 0.5071492195129395
