times:
  edit-metadata: 1.4167734570801258
  landing: 0.803245997056365
  view-data: 3.386220496147871
