times:
  landing: 0.5594600280000179
  view-data: 0.5542286619999857
