times:
  edit-metadata: 0.5629494599997997
  landing: 0.045620374381542206
  view-data: 0.196167703717947
