times:
  landing: 0.5448221329999967
  view-data: 0.5478400509999801
