times:
  edit-metadata: 0.6274160089960787
  landing: 0.04705783899407834
  view-data: 0.18843824198120274
