times:
  edit-metadata: 2.0533353965729475
  landing: 0.1727317851036787
  view-data: 0.4418128542602062
