times:
  edit-metadata: 0.555980920791626
  landing: 0.9060537237673998
  view-data: 0.23439298756420612
