times:
  edit-metadata: 1.376898329705
  landing: 0.020076364278793335
  view-data: 0.02282872423529625
