times:
  edit-metadata: 1.8203621804714203
  landing: 0.2092939205467701
  view-data: 0.38206953927874565
