times:
  edit-metadata: 1.799593586474657
  landing: 0.9280213490128517
  view-data: 3.3581259846687317
