times:
  edit-metadata: 1.3901206878945231
  landing: 0.12180972285568714
  view-data: 0.4149769702926278
