times:
  landing: 0.5544979260000105
  view-data: 0.5593322330000206
