times:
  edit-metadata: 1.5681162029504776
  landing: 1.0169837530702353
  view-data: 4.079196660779417
