times:
  edit-metadata: 0.5313669480383396
  landing: 0.05809980258345604
  view-data: 0.198606725782156
