times:
  edit-metadata: 1.7463570982217789
  landing: 0.1729512605816126
  view-data: 0.12844176404178143
