times:
  edit-metadata: 1.5671175047755241
  landing: 0.8222628068178892
  view-data: 3.4487154465168715
