times:
  edit-metadata: 1.3716339096426964
  landing: 0.8403479345142841
  view-data: 3.3254047445952892
