times:
  edit-metadata: 1.4683523206040263
  landing: 0.8020367324352264
  view-data: 3.3645665450021625
