times:
  landing: 0.548508408999993
  view-data: 0.5579523219999771
