times:
  edit-metadata: 0.551340727135539
  landing: 0.8279479369521141
  view-data: 0.30054333060979843
