times:
  edit-metadata: 0.4961219020187855
  landing: 1.477698303759098
  view-data: 0.5156052391976118
