times:
  edit-metadata: 0.6069561950862408
  landing: 0.4899598304182291
  view-data: 0.1882820688188076
