times:
  edit-metadata: 1.38179917819798
  landing: 0.13593869097530842
  view-data: 0.34952452406287193
