times:
  landing: 0.537914423737675
  view-data: 0.5467742620967329
