times:
  edit-metadata: 1.4492992218583822
  landing: 0.018690986558794975
  view-data: 0.025998566299676895
