times:
  edit-metadata: 0.48072085063904524
  landing: 0.04964258335530758
  view-data: 0.21073058899492025
