times:
  edit-metadata: 0.6553261750377715
  landing: 0.05331343598663807
  view-data: 0.1913786376826465
