times:
  edit-metadata: 0.5282100180047564
  landing: 0.04135242500342429
  view-data: 0.1990547940004035
