times:
  edit-metadata: 0.5173792419955134
  landing: 0.06099824933335185
  view-data: 0.2620290759950876
