times:
  edit-metadata: 1.4633923172950745
  landing: 0.8506573364138603
  view-data: 3.405012611299753
