times:
  edit-metadata: 0.48590186703950167
  landing: 0.04194216802716255
  view-data: 0.19975804910063744
