times:
  edit-metadata: 0.6213675180042628
  landing: 0.04478000398376025
  view-data: 0.1933277520001866
