times:
  edit-metadata: 0.599699106067419
  landing: 0.04687489569187164
  view-data: 0.1893328670412302
