times:
  edit-metadata: 1.2934206509962678
  landing: 0.01869774330407381
  view-data: 0.02652904763817787
