times:
  edit-metadata: 1.4100759718567133
  landing: 0.15828044712543488
  view-data: 0.3545288685709238
