times:
  landing: 0.5560927610000022
  view-data: 0.5582045749999907
