times:
  edit-metadata: 0.5203722845762968
  landing: 1.390538739040494
  view-data: 0.19441530853509903
