times:
  edit-metadata: 1.596659766510129
  landing: 0.2636886462569237
  view-data: 0.3392439894378185
