times:
  edit-metadata: 1.3596575679257512
  landing: 0.022355932742357254
  view-data: 0.024941112846136093
