times:
  edit-metadata: 0.4538753256201744
  landing: 0.04477953538298607
  view-data: 0.20823135040700436
