times:
  edit-metadata: 0.6532855929981451
  landing: 0.04105509500368498
  view-data: 0.19294238799193408
