times:
  edit-metadata: 0.6369680720381439
  landing: 0.04282136796973646
  view-data: 0.19689711998216808
