times:
  edit-metadata: 0.6210491098463535
  landing: 0.49616557732224464
  view-data: 0.40065113082528114
