times:
  edit-metadata: 1.3653635829687119
  landing: 0.19274566881358624
  view-data: 0.35046906396746635
