times:
  edit-metadata: 2.424701727926731
  landing: 1.9145783763378859
  view-data: 3.7097550965845585
