times:
  edit-metadata: 0.528298007324338
  landing: 0.9736809246242046
  view-data: 0.4220533687621355
