times:
  edit-metadata: 0.6940864212810993
  landing: 0.1215413948521018
  view-data: 0.3458876200020313
