times:
  edit-metadata: 1.7373393848538399
  landing: 0.818764716386795
  view-data: 3.3349365070462227
