times:
  landing: 0.5483103299999925
  view-data: 0.5558472050000205
