times:
  edit-metadata: 1.3597927847877145
  landing: 0.021007847040891647
  view-data: 0.39556613098829985
