times:
  edit-metadata: 1.5076358052901924
  landing: 0.8192551112733781
  view-data: 3.3660327242687345
