times:
  edit-metadata: 1.4519250774756074
  landing: 0.02854414749890566
  view-data: 0.5468388935551047
