times:
  landing: 1.0680442820000167
  view-data: 0.5575974089999818
