times:
  edit-metadata: 1.5670589953660965
  landing: 0.7531743180006742
  view-data: 3.455739950761199
