times:
  edit-metadata: 0.48751050303690135
  landing: 0.05835311103146523
  view-data: 0.19977204001042992
