times:
  landing: 0.5448233699999889
  view-data: 0.5613158740000017
