times:
  edit-metadata: 0.5424469597637653
  landing: 0.0543089397251606
  view-data: 0.19278845191001892
