times:
  edit-metadata: 0.4732171827927232
  landing: 0.09790065791457891
  view-data: 0.2144179162569344
