times:
  landing: 0.5629054180000139
  view-data: 0.5760048720000555
