times:
  edit-metadata: 1.3843107372522354
  landing: 0.13259956613183022
  view-data: 0.3247274737805128
