times:
  edit-metadata: 1.5624794997274876
  landing: 0.827961528673768
  view-data: 3.4804486501961946
