times:
  edit-metadata: 1.4124085754156113
  landing: 0.8008688427507877
  view-data: 3.3153411746025085
