times:
  edit-metadata: 0.5597019046545029
  landing: 0.7016290556639433
  view-data: 0.3159889727830887
