times:
  edit-metadata: 0.4849322030786425
  landing: 0.050111456075683236
  view-data: 0.21097291493788362
