times:
  edit-metadata: 0.51762405782938
  landing: 1.6847633197903633
  view-data: 1.1025665625929832
