times:
  edit-metadata: 1.8771738102659583
  landing: 1.0011840965598822
  view-data: 3.4497661283239722
