times:
  edit-metadata: 0.633652359014377
  landing: 0.04623165901284665
  view-data: 0.1950810650596395
