times:
  edit-metadata: 0.4875962371006608
  landing: 0.04943541809916496
  view-data: 0.1876287623308599
