times:
  edit-metadata: 0.6027034479193389
  landing: 0.043102683033794165
  view-data: 0.18763447203673422
