times:
  edit-metadata: 0.45723665319383144
  landing: 0.04260647902265191
  view-data: 0.19804789777845144
