times:
  edit-metadata: 1.463244192302227
  landing: 0.7690766640007496
  view-data: 3.3629101514816284
