times:
  edit-metadata: 0.5417887046933174
  landing: 0.04425619915127754
  view-data: 0.1917126253247261
