times:
  edit-metadata: 0.5098691830644384
  landing: 0.09580592403654009
  view-data: 0.2299046099651605
