times:
  edit-metadata: 1.32404126226902
  landing: 0.11738213151693344
  view-data: 0.1218990832567215
