times:
  edit-metadata: 1.5612045675516129
  landing: 0.7792170122265816
  view-data: 3.4211908765137196
