times:
  edit-metadata: 0.6506886668503284
  landing: 0.05179702863097191
  view-data: 0.22833403758704662
