times:
  edit-metadata: 1.4632841683924198
  landing: 0.8024852517992258
  view-data: 3.3189484160393476
