times:
  edit-metadata: 0.5730323940515518
  landing: 0.04198740795254707
  view-data: 0.19828887283802032
