times:
  edit-metadata: 0.6970681871753186
  landing: 0.06435215403325856
  view-data: 0.20167998387478292
