times:
  landing: 0.558509502999982
  view-data: 0.5597517300000163
