times:
  edit-metadata: 1.4748276472091675
  landing: 0.8047276437282562
  view-data: 3.3157957568764687
