times:
  edit-metadata: 1.5215618517249823
  landing: 0.77544198743999
  view-data: 3.380372865125537
