times:
  edit-metadata: 0.6631596030201763
  landing: 0.05371063691563904
  view-data: 0.19942910899408162
