times:
  edit-metadata: 1.4811684228479862
  landing: 0.1666951570659876
  view-data: 0.3487987741827965
