times:
  edit-metadata: 1.5439721122384071
  landing: 0.6985732577741146
  view-data: 3.356606248766184
