times:
  edit-metadata: 0.6551473019644618
  landing: 0.04463730298448354
  view-data: 0.1979872320080176
