times:
  edit-metadata: 1.3889197763055563
  landing: 0.15369774214923382
  view-data: 0.3079757038503885
