times:
  landing: 0.548455931999996
  view-data: 0.5517854740000132
