times:
  landing: 0.5537656810000158
  view-data: 0.5530481810000083
