times:
  edit-metadata: 1.4259438370354474
  landing: 0.8067666799761355
  view-data: 3.364683147985488
