times:
  edit-metadata: 1.527423020452261
  landing: 0.8640055358409882
  view-data: 3.3604976907372475
