times:
  edit-metadata: 1.3903103237971663
  landing: 0.02012545894831419
  view-data: 0.12737073004245758
