times:
  landing: 0.5493937500000072
  view-data: 0.5548481669999887
