times:
  edit-metadata: 1.7173781655728817
  landing: 1.1855148831382394
  view-data: 3.47667015530169
