times:
  edit-metadata: 0.5057490069884807
  landing: 0.06159162917174399
  view-data: 0.20301465899683535
