times:
  edit-metadata: 1.5635860450565815
  landing: 0.9130190350115299
  view-data: 3.440117657184601
