times:
  edit-metadata: 0.476648957002908
  landing: 0.03722781129181385
  view-data: 0.19929726608097553
