times:
  edit-metadata: 1.4274982940405607
  landing: 0.021237656474113464
  view-data: 0.026948701590299606
