times:
  edit-metadata: 0.5036873100325465
  landing: 0.048049632052425295
  view-data: 0.20315153599949554
