times:
  edit-metadata: 1.619027279317379
  landing: 0.7988109923899174
  view-data: 3.4090198427438736
