times:
  edit-metadata: 1.7490369603037834
  landing: 0.02002246491611004
  view-data: 0.1178209912031889
