times:
  edit-metadata: 1.5196772860363126
  landing: 0.7810875051654875
  view-data: 3.4347905600443482
