times:
  landing: 0.5555038389999822
  view-data: 0.5621073369999863
