times:
  edit-metadata: 1.461395513266325
  landing: 0.9388054497539997
  view-data: 3.34275845810771
