times:
  edit-metadata: 1.6047495639650151
  landing: 0.9815769740380347
  view-data: 3.302297669928521
