times:
  edit-metadata: 0.6219886848703027
  landing: 0.05511196586303413
  view-data: 0.18895669793710113
