times:
  edit-metadata: 1.377022405155003
  landing: 0.20297210477292538
  view-data: 0.24130594078451395
