times:
  edit-metadata: 1.4247613549232483
  landing: 0.9892868436872959
  view-data: 3.3165156356990337
