times:
  landing: 2.628811034999984
  view-data: 0.5702678650000053
