times:
  edit-metadata: 0.45639988500624895
  landing: 0.04612265061587095
  view-data: 0.21164197474718094
