times:
  landing: 0.555037762999973
  view-data: 0.5538431370000012
