times:
  edit-metadata: 2.5049723531119525
  landing: 1.0775981741026044
  view-data: 3.896133274771273
