times:
  edit-metadata: 1.6096389833837748
  landing: 0.8823045920580626
  view-data: 3.404856950044632
