times:
  edit-metadata: 1.3916999083012342
  landing: 0.02220660075545311
  view-data: 0.02562599442899227
