times:
  landing: 0.5610141729999896
  view-data: 0.5607191510000007
