times:
  edit-metadata: 1.4991324150469154
  landing: 0.792435317998752
  view-data: 3.3645981759764254
