times:
  edit-metadata: 0.5361321326345205
  landing: 0.909377995878458
  view-data: 0.42472482845187187
