times:
  edit-metadata: 0.561611719429493
  landing: 0.044182389974594116
  view-data: 0.19985317811369896
