times:
  edit-metadata: 0.5636680424213409
  landing: 0.04244983568787575
  view-data: 0.1887490376830101
