times:
  edit-metadata: 1.5439992845058441
  landing: 0.9478602707386017
  view-data: 3.3666185550391674
