times:
  edit-metadata: 2.337390215136111
  landing: 1.2548679439350963
  view-data: 3.4534567538648844
