times:
  edit-metadata: 0.6084143184125423
  landing: 0.5099975671619177
  view-data: 0.304753340780735
