times:
  landing: 0.579488935000029
  view-data: 0.5601755299999809
