times:
  landing: 0.5483603359999734
  view-data: 0.5626690379999673
