times:
  edit-metadata: 0.4831135389395058
  landing: 0.051329923793673515
  view-data: 0.3614062122069299
