times:
  edit-metadata: 1.736141529865563
  landing: 1.4628996667452157
  view-data: 3.588817310053855
