times:
  edit-metadata: 1.339071648195386
  landing: 0.12268025800585747
  view-data: 0.42768533155322075
