times:
  landing: 0.5558641519999981
  view-data: 0.5636266610000007
