times:
  edit-metadata: 1.366070233285427
  landing: 0.02321291621774435
  view-data: 0.11817092355340719
