times:
  landing: 0.5426607760000479
  view-data: 0.5501028539999879
