times:
  edit-metadata: 0.5330935455858707
  landing: 1.1567676607519388
  view-data: 0.5952744111418724
