times:
  landing: 1.076300515000014
  view-data: 0.5501699819999999
