times:
  edit-metadata: 0.6446590330451727
  landing: 0.04420552391093224
  view-data: 0.19479261699598283
