times:
  edit-metadata: 1.2964779995381832
  landing: 0.02020580694079399
  view-data: 0.41892024129629135
