times:
  landing: 0.5399937760000171
  view-data: 0.5424203070000146
