times:
  edit-metadata: 1.4079209100455046
  landing: 0.019169116392731667
  view-data: 0.31501128152012825
