times:
  edit-metadata: 0.4454631730914116
  landing: 0.052459701895713806
  view-data: 0.20729440078139305
