times:
  edit-metadata: 0.4655003980733454
  landing: 0.05076523404568434
  view-data: 0.21465291269123554
