times:
  edit-metadata: 1.3635033862665296
  landing: 0.24215140007436275
  view-data: 0.2618023734539747
