times:
  edit-metadata: 0.6430709331762046
  landing: 0.05396324605681002
  view-data: 0.20490965386852622
