times:
  landing: 0.5485156839999945
  view-data: 0.5642745890000356
