times:
  edit-metadata: 1.464001757092774
  landing: 0.7770928684622049
  view-data: 3.3544134236872196
