times:
  edit-metadata: 1.6074433140456676
  landing: 0.14793449640274048
  view-data: 0.2921944670379162
