times:
  edit-metadata: 0.5111914819863159
  landing: 0.043708974990295246
  view-data: 0.225635679991683
