times:
  edit-metadata: 1.5337155498564243
  landing: 0.7382594980299473
  view-data: 3.362354002892971
