times:
  edit-metadata: 2.2047718577086926
  landing: 1.5252108620479703
  view-data: 3.8348260996863246
