times:
  landing: 1.0617980849997366
  view-data: 0.552342648999911
