times:
  edit-metadata: 0.5643879398703575
  landing: 0.9450606480240822
  view-data: 0.30110907927155495
