times:
  landing: 0.5412297160000037
  view-data: 0.5439581500000088
