times:
  edit-metadata: 1.3248626813292503
  landing: 0.022116662934422493
  view-data: 0.4499884517863393
