times:
  edit-metadata: 1.4987578950822353
  landing: 0.6734007522463799
  view-data: 3.2814751379191875
