times:
  edit-metadata: 0.45624352199956775
  landing: 0.045568136032670736
  view-data: 0.24940016400068998
