times:
  edit-metadata: 1.541469007730484
  landing: 0.018903118558228016
  view-data: 0.023369030095636845
