times:
  edit-metadata: 1.8097677733749151
  landing: 0.02353072538971901
  view-data: 0.026203351095318794
