times:
  edit-metadata: 1.3810657113790512
  landing: 0.02093064971268177
  view-data: 0.12197437323629856
