times:
  edit-metadata: 1.5742310602217913
  landing: 0.9846174903213978
  view-data: 3.4192483574151993
