times:
  edit-metadata: 0.4915002388879657
  landing: 0.04049084475263953
  view-data: 0.20386124216020107
