times:
  edit-metadata: 2.580252381041646
  landing: 1.5286483447998762
  view-data: 3.620727190747857
