times:
  edit-metadata: 0.4746703840792179
  landing: 0.044726725202053785
  view-data: 0.2085044700652361
