times:
  edit-metadata: 0.6533008208498359
  landing: 0.05353216687217355
  view-data: 0.1915879170410335
