times:
  edit-metadata: 0.5077735209924867
  landing: 0.05180363400722854
  view-data: 0.208234245001222
