times:
  edit-metadata: 0.4358993140049279
  landing: 0.040397868026047945
  view-data: 0.19441308686509728
