times:
  edit-metadata: 0.6476933830417693
  landing: 0.058303811121732
  view-data: 0.2089697748888284
