times:
  edit-metadata: 1.5332734200637788
  landing: 0.08566822810098529
  view-data: 0.38366813701577485
