times:
  edit-metadata: 1.5855023409239948
  landing: 0.8557017098646611
  view-data: 3.4160393399652094
