times:
  edit-metadata: 1.2896168632432818
  landing: 0.01918981783092022
  view-data: 0.12472707591950893
