times:
  edit-metadata: 1.6074208617210388
  landing: 0.9899619929492474
  view-data: 3.354179296642542
