times:
  edit-metadata: 0.6178448610007763
  landing: 0.047380898147821426
  view-data: 0.19800780527293682
