times:
  edit-metadata: 0.48310942703392357
  landing: 0.05393627507146448
  view-data: 0.23676500900182873
