times:
  edit-metadata: 1.5259817149490118
  landing: 0.7781922481954098
  view-data: 3.405794320628047
