times:
  landing: 1.0653872270000306
  view-data: 0.5601449760000037
