times:
  edit-metadata: 1.4824668262153864
  landing: 0.7853468433022499
  view-data: 3.3651079079136252
