times:
  edit-metadata: 1.5471985060721636
  landing: 0.7938988730311394
  view-data: 3.437328027561307
