times:
  edit-metadata: 0.5617259629070759
  landing: 0.04813814535737038
  view-data: 0.19000140205025673
