times:
  edit-metadata: 0.5437407251447439
  landing: 0.7876349370926619
  view-data: 0.29946424067020416
