times:
  edit-metadata: 0.5074484390206635
  landing: 0.047389777028001845
  view-data: 0.20873826800379902
