times:
  edit-metadata: 0.5857549219945213
  landing: 0.04353645800438244
  view-data: 0.19201996199262794
