times:
  edit-metadata: 1.3321604933589697
  landing: 0.11547635775059462
  view-data: 0.41998423635959625
