times:
  landing: 0.5422149620000027
  view-data: 0.5442796889999784
