times:
  edit-metadata: 1.4468900579959154
  landing: 0.7252167370170355
  view-data: 3.372921798378229
