times:
  edit-metadata: 0.6389569651801139
  landing: 0.05729318782687187
  view-data: 0.18373166187666357
