times:
  edit-metadata: 0.5481964200735092
  landing: 0.05090864095836878
  view-data: 0.21952622709795833
