times:
  edit-metadata: 1.3130040280520916
  landing: 0.019353087060153484
  view-data: 0.02720825280994177
