times:
  edit-metadata: 1.3669284954667091
  landing: 0.02508723922073841
  view-data: 0.09978085570037365
