times:
  edit-metadata: 0.734199252910912
  landing: 0.04072272498160601
  view-data: 0.19441875535994768
