times:
  landing: 0.5537019799999712
  view-data: 0.5547446140000147
