times:
  edit-metadata: 0.5964514149818569
  landing: 0.04545608698390424
  view-data: 0.1851203041151166
