times:
  landing: 0.546086119999984
  view-data: 0.5491440860000125
