times:
  landing: 0.5581934249999563
  view-data: 0.5603569670000184
