times:
  edit-metadata: 2.8080785078927875
  landing: 1.2241108994930983
  view-data: 3.411277351900935
