times:
  edit-metadata: 2.6085476726293564
  landing: 1.144575510174036
  view-data: 3.3756178990006447
