times:
  edit-metadata: 1.3887636605650187
  landing: 0.018764350563287735
  view-data: 0.13773921877145767
