times:
  edit-metadata: 1.8944601360708475
  landing: 0.7754635401070118
  view-data: 3.3545756000094116
