times:
  edit-metadata: 0.529375109821558
  landing: 0.052925676107406616
  view-data: 0.19172240793704987
