times:
  edit-metadata: 0.6310376119799912
  landing: 0.04613448865711689
  view-data: 0.19396042125299573
