times:
  edit-metadata: 0.513578649610281
  landing: 0.04024134576320648
  view-data: 0.19924263283610344
