times:
  landing: 0.5516051349999884
  view-data: 0.5576276660000303
