times:
  landing: 1.5831872450000049
  view-data: 0.5568321570000023
