times:
  edit-metadata: 1.4801925830543041
  landing: 0.0228579118847847
  view-data: 0.026500023901462555
