times:
  landing: 1.1129717584699392
  view-data: 0.5934098456054926
