times:
  landing: 1.0714108969999927
  view-data: 0.5563641930000074
