times:
  edit-metadata: 0.580485999584198
  landing: 0.5681426953524351
  view-data: 0.6011699251830578
