times:
  landing: 0.5540370479998273
  view-data: 0.5564767639998536
