times:
  edit-metadata: 0.4130472568795085
  landing: 0.04190994892269373
  view-data: 0.19520004699006677
