times:
  edit-metadata: 1.5463562943041325
  landing: 0.9520656950771809
  view-data: 3.4015719033777714
