times:
  landing: 1.082523273999982
  view-data: 0.5637241250000216
