times:
  edit-metadata: 0.4755480610765517
  landing: 0.03791305096819997
  view-data: 0.205607530195266
