times:
  edit-metadata: 0.4353617560118437
  landing: 0.04042899701744318
  view-data: 0.21115454100072384
