times:
  edit-metadata: 0.45271797897294164
  landing: 0.051827832125127316
  view-data: 0.19867095863446593
