times:
  edit-metadata: 0.5177359059453011
  landing: 0.04187515750527382
  view-data: 0.1942562758922577
