times:
  edit-metadata: 1.3561375122517347
  landing: 0.020407475531101227
  view-data: 0.025961430743336678
