times:
  edit-metadata: 1.3015060108155012
  landing: 0.1941017210483551
  view-data: 0.02522760070860386
