times:
  edit-metadata: 1.399021964520216
  landing: 0.025839336216449738
  view-data: 0.2997471075505018
