times:
  edit-metadata: 0.53843261487782
  landing: 0.6387027855962515
  view-data: 0.5972753036767244
