times:
  edit-metadata: 0.505419809371233
  landing: 0.04437184613198042
  view-data: 0.20571683533489704
