times:
  edit-metadata: 0.6752040293067694
  landing: 0.6767655834555626
  view-data: 0.3029780890792608
