times:
  edit-metadata: 1.4027600279077888
  landing: 0.7820872534066439
  view-data: 3.3380883429199457
