times:
  edit-metadata: 1.7176767960190773
  landing: 1.0372043438255787
  view-data: 3.45607053861022
