times:
  edit-metadata: 1.5794850513339043
  landing: 0.023387404158711433
  view-data: 0.3456469476222992
