times:
  edit-metadata: 1.5247155763208866
  landing: 0.7806424209848046
  view-data: 3.311910528689623
