times:
  edit-metadata: 1.4422244168817997
  landing: 0.15079621225595474
  view-data: 0.33248076029121876
