times:
  edit-metadata: 1.3873960888013244
  landing: 0.15876297932118177
  view-data: 0.02670902106910944
