times:
  edit-metadata: 0.44456347404047847
  landing: 0.044324472080916166
  view-data: 0.20915672276169062
