times:
  edit-metadata: 1.3311392115429044
  landing: 0.021258322522044182
  view-data: 0.025186575017869473
