times:
  landing: 1.0706651840000063
  view-data: 0.5500409839999918
