times:
  landing: 0.5511549430000002
  view-data: 0.05251248000001851
