times:
  landing: 1.0679618530000425
  view-data: 0.5516396379999833
