times:
  edit-metadata: 0.5622659348882735
  landing: 0.08740824600681663
  view-data: 0.21344345808029175
