times:
  edit-metadata: 1.5455599129199982
  landing: 0.7533202581107616
  view-data: 3.384244579821825
