times:
  landing: 0.5512345429999925
  view-data: 0.5488766189999978
