times:
  edit-metadata: 0.6159537667408586
  landing: 0.049031749833375216
  view-data: 0.20223740208894014
