times:
  edit-metadata: 1.3385397400707006
  landing: 0.12295169476419687
  view-data: 0.3534222599118948
