times:
  edit-metadata: 1.3622815124690533
  landing: 0.8030106723308563
  view-data: 3.464195404201746
