times:
  edit-metadata: 0.7052035660017282
  landing: 0.057910806965082884
  view-data: 0.20644305809400976
