times:
  edit-metadata: 0.42496385471895337
  landing: 0.05831586802378297
  view-data: 0.22713722102344036
