times:
  edit-metadata: 0.4605736951343715
  landing: 0.03971982607617974
  view-data: 0.20238121412694454
