times:
  edit-metadata: 0.6388553117867559
  landing: 0.05011567007750273
  view-data: 0.21659487579017878
