times:
  edit-metadata: 0.686840234324336
  landing: 0.3609206900000572
  view-data: 0.20993512496352196
