times:
  edit-metadata: 0.4526133160106838
  landing: 0.05465130228549242
  view-data: 0.1948027522303164
