times:
  edit-metadata: 0.5508910268545151
  landing: 0.04913163185119629
  view-data: 0.19593282788991928
