times:
  edit-metadata: 1.37739796936512
  landing: 0.19508764892816544
  view-data: 0.023244626820087433
