times:
  edit-metadata: 1.3946743682026863
  landing: 0.765684649348259
  view-data: 3.2421018555760384
