times:
  edit-metadata: 1.4082203228026628
  landing: 0.021793000400066376
  view-data: 0.12951505929231644
