times:
  edit-metadata: 0.4969880349999585
  landing: 0.05314591400019708
  view-data: 0.21066972799962969
