times:
  edit-metadata: 1.319160932675004
  landing: 0.23635467141866684
  view-data: 0.024888591840863228
