times:
  edit-metadata: 1.3779234448447824
  landing: 0.023789888247847557
  view-data: 0.12158840615302324
