times:
  landing: 0.5520208949999414
  view-data: 0.5581884439999385
