times:
  edit-metadata: 1.9386280348990113
  landing: 0.8638077001087368
  view-data: 3.4523791291285306
