times:
  edit-metadata: 4.701391901820898
  landing: 2.8283942490816116
  view-data: 3.730602614581585
