times:
  edit-metadata: 1.5538421720266342
  landing: 0.022538350895047188
  view-data: 0.03045199066400528
