times:
  edit-metadata: 0.5979846870177425
  landing: 0.04118050500983372
  view-data: 0.1970476660062559
