times:
  edit-metadata: 1.5501034893095493
  landing: 0.8267072886228561
  view-data: 3.3535616286098957
