times:
  edit-metadata: 1.5997261200100183
  landing: 0.726082444190979
  view-data: 3.339250683784485
