times:
  edit-metadata: 0.478425454813987
  landing: 0.044945986941456795
  view-data: 0.20884641585871577
