times:
  edit-metadata: 1.3516429448500276
  landing: 0.022872083820402622
  view-data: 0.024940169416368008
