times:
  edit-metadata: 0.5224485322833061
  landing: 0.5802235919982195
  view-data: 0.31751882657408714
