times:
  landing: 0.5570384570000328
  view-data: 0.5654604790000235
