times:
  edit-metadata: 0.46127565857023
  landing: 0.04156638402491808
  view-data: 0.21239939704537392
