times:
  edit-metadata: 1.3101100726053119
  landing: 0.02018828596919775
  view-data: 0.02809450402855873
