times:
  landing: 1.062377620999996
  view-data: 0.5510241329999985
