times:
  landing: 0.5611465529999862
  view-data: 0.05579428800001551
