times:
  edit-metadata: 0.8641083841212094
  landing: 0.07385771395638585
  view-data: 0.22447777609340847
