times:
  edit-metadata: 1.5704404972493649
  landing: 0.9191877320408821
  view-data: 3.5393700506538153
