times:
  edit-metadata: 1.2877970514819026
  landing: 0.11365263536572456
  view-data: 0.3287417618557811
