times:
  landing: 0.5501515000000836
  view-data: 0.5568351360000179
