times:
  edit-metadata: 0.7098357370123267
  landing: 0.042775657027959824
  view-data: 0.28109407518059015
