times:
  edit-metadata: 0.5161326939705759
  landing: 0.05312698497436941
  view-data: 0.2068595290184021
