times:
  edit-metadata: 0.511426106095314
  landing: 0.049045663326978683
  view-data: 0.19451158866286278
