times:
  edit-metadata: 0.5591416119714268
  landing: 0.08010151603957638
  view-data: 0.21065137500409037
