times:
  edit-metadata: 1.4909680588170886
  landing: 0.7754458310082555
  view-data: 3.3390160561539233
