times:
  edit-metadata: 2.053377665579319
  landing: 0.9490741901099682
  view-data: 3.2939148917794228
