times:
  edit-metadata: 1.326469635590911
  landing: 0.021016979590058327
  view-data: 0.28890114091336727
