times:
  edit-metadata: 1.4319177940487862
  landing: 0.9018799103796482
  view-data: 3.3261694200336933
