times:
  edit-metadata: 1.313800879754126
  landing: 0.23254002165049314
  view-data: 0.026891278102993965
