times:
  edit-metadata: 0.4594311201944947
  landing: 0.0463192299939692
  view-data: 0.19537332002073526
