times:
  edit-metadata: 1.5515990070998669
  landing: 0.9805689193308353
  view-data: 3.340895228087902
