times:
  edit-metadata: 1.608840323984623
  landing: 1.0621607713401318
  view-data: 3.358122583478689
