times:
  edit-metadata: 1.3739020489156246
  landing: 0.019681664183735847
  view-data: 0.02633320912718773
