times:
  edit-metadata: 0.47800348326563835
  landing: 0.9826232995837927
  view-data: 0.29337469302117825
