times:
  edit-metadata: 1.472341428976506
  landing: 0.7910795072093606
  view-data: 3.4224834349006414
