times:
  edit-metadata: 0.5530458148568869
  landing: 1.6822616029530764
  view-data: 0.5665433127433062
