times:
  edit-metadata: 0.47973443381488323
  landing: 0.04421595484018326
  view-data: 0.20677462732419372
