times:
  edit-metadata: 1.550707332789898
  landing: 0.9450008794665337
  view-data: 3.3432534746825695
