times:
  edit-metadata: 1.3412030693143606
  landing: 0.020948135294020176
  view-data: 0.103425033390522
