times:
  landing: 1.065640873999996
  view-data: 1.0663987650000308
