times:
  edit-metadata: 1.71939089987427
  landing: 0.799316736869514
  view-data: 3.3456192100420594
