times:
  edit-metadata: 1.5519012063741684
  landing: 0.8058722577989101
  view-data: 3.4331217408180237
