times:
  edit-metadata: 1.5214396230876446
  landing: 1.077445611357689
  view-data: 3.348171055316925
