times:
  edit-metadata: 0.47587925568223
  landing: 0.042148951441049576
  view-data: 0.2019064063206315
