times:
  edit-metadata: 0.6593096249271184
  landing: 0.05700637516565621
  view-data: 0.19069621502421796
