times:
  edit-metadata: 1.3406067714095116
  landing: 0.11845152452588081
  view-data: 0.024263253435492516
