times:
  edit-metadata: 2.2531155245378613
  landing: 1.327950656414032
  view-data: 3.567577265202999
