times:
  landing: 1.0658571810000126
  view-data: 0.5537619550000272
