times:
  edit-metadata: 1.626839630305767
  landing: 0.9618413746356964
  view-data: 3.319520525634289
