times:
  edit-metadata: 0.5532846692949533
  landing: 0.9444395285099745
  view-data: 0.28850274719297886
