times:
  edit-metadata: 1.603892832994461
  landing: 0.8721997961401939
  view-data: 3.399493796750903
