times:
  landing: 0.5486418230000254
  view-data: 0.5561304110000265
