times:
  landing: 0.5490691849999791
  view-data: 0.5514116209999997
