times:
  edit-metadata: 0.5156427249312401
  landing: 0.046962954103946686
  view-data: 0.19886214658617973
