times:
  edit-metadata: 0.6048014108091593
  landing: 1.3497470170259476
  view-data: 0.31124188005924225
