times:
  edit-metadata: 1.377953216433525
  landing: 0.14280997961759567
  view-data: 0.026525994762778282
