times:
  edit-metadata: 0.501836990006268
  landing: 0.0449071959592402
  view-data: 0.2107437119120732
