times:
  edit-metadata: 0.5785402208566666
  landing: 0.046948373317718506
  view-data: 0.19463112950325012
