times:
  edit-metadata: 0.5658358819782734
  landing: 0.05219345912337303
  view-data: 0.1975853145122528
