times:
  edit-metadata: 2.481076128780842
  landing: 1.4347061775624752
  view-data: 3.446019124239683
