times:
  edit-metadata: 0.4910527472384274
  landing: 0.07558221416547894
  view-data: 0.21000110870227218
