times:
  edit-metadata: 0.538223534822464
  landing: 0.04685601219534874
  view-data: 0.1992649808526039
