times:
  edit-metadata: 0.4806604557670653
  landing: 0.04163169767707586
  view-data: 0.20426664501428604
