times:
  edit-metadata: 0.5367613863199949
  landing: 0.5715383645147085
  view-data: 0.19054608792066574
