times:
  landing: 2.263595721218735
  view-data: 0.030714969150722027
