times:
  landing: 0.5516137129999947
  view-data: 0.5555051090000234
