times:
  edit-metadata: 0.5859725659247488
  landing: 0.04148162296041846
  view-data: 0.19286959804594517
