times:
  edit-metadata: 1.5534252896904945
  landing: 0.8448674827814102
  view-data: 3.455539610236883
