times:
  edit-metadata: 1.4384147971868515
  landing: 0.9081993326544762
  view-data: 3.265515398234129
