times:
  edit-metadata: 1.2940104361623526
  landing: 0.11501339636743069
  view-data: 0.12183554004877806
