times:
  edit-metadata: 1.5308003583922982
  landing: 0.2530885087326169
  view-data: 0.28580877371132374
