times:
  edit-metadata: 1.5135219916701317
  landing: 0.8437416674569249
  view-data: 3.4857226638123393
