times:
  edit-metadata: 1.8277956396341324
  landing: 0.3101761993020773
  view-data: 0.03361058793962002
