times:
  edit-metadata: 0.5611951239407063
  landing: 0.6443940419703722
  view-data: 0.2032358404248953
