times:
  edit-metadata: 1.558984998613596
  landing: 0.8497666865587234
  view-data: 3.430128086358309
