times:
  landing: 0.5781546590000062
  view-data: 0.5678484080000317
