times:
  edit-metadata: 0.5110179549083114
  landing: 0.05150917777791619
  view-data: 0.22642421629279852
