times:
  edit-metadata: 0.6064804500201717
  landing: 0.04840175702702254
  view-data: 0.20378706499468535
