times:
  edit-metadata: 1.5347521230578423
  landing: 0.7561226859688759
  view-data: 3.3670191019773483
