times:
  edit-metadata: 0.5954820990009466
  landing: 0.052777504999539815
  view-data: 0.21537411800818518
