times:
  landing: 0.5535953419999942
  view-data: 0.5581451269999889
