times:
  edit-metadata: 0.645350044942461
  landing: 0.04218619700986892
  view-data: 0.1984126849565655
