times:
  landing: 0.5525389599999926
  view-data: 0.5551368950000324
