times:
  edit-metadata: 1.5807246416807175
  landing: 0.8650611955672503
  view-data: 3.391487360931933
