times:
  edit-metadata: 0.6309883273206651
  landing: 0.05153013113886118
  view-data: 0.19005928793922067
