times:
  edit-metadata: 0.5493881646543741
  landing: 0.48001045547425747
  view-data: 0.19337098486721516
