times:
  landing: 0.5473357249999822
  view-data: 0.5539911019999977
