times:
  edit-metadata: 1.5521196331828833
  landing: 0.8607812505215406
  view-data: 3.3706335350871086
