times:
  edit-metadata: 1.404927589930594
  landing: 0.9616040950641036
  view-data: 3.3323547020554543
