times:
  edit-metadata: 1.4840508587658405
  landing: 0.9239968881011009
  view-data: 3.4095966815948486
