times:
  edit-metadata: 0.5571321547031403
  landing: 0.041056860238313675
  view-data: 0.19234351441264153
