times:
  edit-metadata: 1.446973204612732
  landing: 0.913086511194706
  view-data: 3.349165800958872
