times:
  edit-metadata: 0.4838806860061595
  landing: 0.05303948000073433
  view-data: 0.20696468799724244
