times:
  edit-metadata: 0.6051314000505954
  landing: 0.07081701909191906
  view-data: 0.18379043601453304
