times:
  edit-metadata: 0.5493822768330574
  landing: 0.05337897688150406
  view-data: 0.19291597977280617
