times:
  edit-metadata: 0.46068642707541585
  landing: 0.04664941504597664
  view-data: 0.206321413628757
