times:
  edit-metadata: 0.5605388786643744
  landing: 3.146197337657213
  view-data: 1.2162539027631283
