times:
  edit-metadata: 0.40779561502858996
  landing: 0.03961787698790431
  view-data: 0.18972528399899602
