times:
  landing: 2.614607793999994
  view-data: 1.0976743049999982
