times:
  landing: 0.5526476379999963
  view-data: 0.5523489359999871
