times:
  edit-metadata: 0.5160453245043755
  landing: 1.0943460687994957
  view-data: 0.5827854834496975
