times:
  edit-metadata: 0.5534896776080132
  landing: 0.7886552959680557
  view-data: 0.19666661508381367
