times:
  landing: 1.0842760759999805
  view-data: 0.5600803680000013
