times:
  edit-metadata: 1.3365163933485746
  landing: 0.1259429045021534
  view-data: 0.123426946811378
