times:
  edit-metadata: 1.3854157030582428
  landing: 0.021428648382425308
  view-data: 0.13857942074537277
