times:
  edit-metadata: 0.6064563859836198
  landing: 0.04713544400874525
  view-data: 0.18761079403338954
