times:
  edit-metadata: 0.5591559056192636
  landing: 0.6161704789847136
  view-data: 0.6018990483134985
