times:
  edit-metadata: 0.5388483256101608
  landing: 2.144212879240513
  view-data: 0.5781163051724434
