times:
  edit-metadata: 2.052770839072764
  landing: 1.2007582001388073
  view-data: 3.5136211616918445
