times:
  edit-metadata: 1.3562021777033806
  landing: 0.021318772807717323
  view-data: 0.3489577993750572
