times:
  edit-metadata: 0.5871890130219981
  landing: 0.05297396902460605
  view-data: 0.22354917402844876
