times:
  edit-metadata: 1.3365245265886188
  landing: 0.13450167886912823
  view-data: 0.02610516268759966
