times:
  edit-metadata: 0.6167786871083081
  landing: 0.04667793610133231
  view-data: 0.1949314628727734
