times:
  edit-metadata: 0.5473013110458851
  landing: 3.2436685003340244
  view-data: 0.2916130758821964
