times:
  edit-metadata: 0.6535647460259497
  landing: 0.03932844987139106
  view-data: 0.19072065129876137
