times:
  edit-metadata: 1.5855966517701745
  landing: 0.9181755064055324
  view-data: 3.405071216635406
