times:
  edit-metadata: 1.4308916851878166
  landing: 0.10716393776237965
  view-data: 0.024403244256973267
