times:
  edit-metadata: 1.3734593419358134
  landing: 0.24228915479034185
  view-data: 0.2944924486801028
