times:
  edit-metadata: 0.6022954457439482
  landing: 0.04400952300056815
  view-data: 0.32680164324119687
