times:
  edit-metadata: 0.4463374139741063
  landing: 0.03998469514772296
  view-data: 0.20334835909307003
