times:
  landing: 0.5573645759999977
  view-data: 0.5609475249999889
