times:
  edit-metadata: 1.3726797085255384
  landing: 0.021331502124667168
  view-data: 0.14245626144111156
