times:
  edit-metadata: 0.6086084898561239
  landing: 0.5125218089669943
  view-data: 0.18652962893247604
