times:
  edit-metadata: 1.7195867151021957
  landing: 0.022407637909054756
  view-data: 0.3351956605911255
