times:
  edit-metadata: 1.5311904922127724
  landing: 0.9133378621190786
  view-data: 3.426889669150114
