times:
  edit-metadata: 1.3855506759136915
  landing: 0.1432515811175108
  view-data: 0.14328737370669842
