times:
  edit-metadata: 0.48332907096482813
  landing: 0.0573419569991529
  view-data: 0.21542394696734846
