times:
  edit-metadata: 1.5616752859205008
  landing: 0.8139432929456234
  view-data: 3.3792157284915447
