times:
  edit-metadata: 0.6483017619757447
  landing: 0.04782177900779061
  view-data: 0.18687460100045428
