times:
  edit-metadata: 1.328036173246801
  landing: 0.021116606891155243
  view-data: 0.4552658498287201
