times:
  edit-metadata: 1.635256851091981
  landing: 0.7879959382116795
  view-data: 3.42377508059144
