times:
  edit-metadata: 1.5279982830397785
  landing: 0.8799716499634087
  view-data: 0.6583788379793987
