times:
  edit-metadata: 0.43237716099247336
  landing: 0.04633598600048572
  view-data: 0.20725914096692577
