times:
  edit-metadata: 1.4618384093046188
  landing: 0.7164150141179562
  view-data: 3.3499294482171535
