times:
  edit-metadata: 0.6242773290141486
  landing: 0.07942628100863658
  view-data: 0.2297917979885824
