times:
  edit-metadata: 1.4777105525135994
  landing: 0.7851846069097519
  view-data: 3.2856500074267387
