times:
  edit-metadata: 0.5789922630065121
  landing: 0.04816038400167599
  view-data: 0.22591753903543577
