times:
  edit-metadata: 1.9191508861258626
  landing: 1.2034019837155938
  view-data: 3.562817974947393
