times:
  edit-metadata: 0.534108093008399
  landing: 0.5848339200019836
  view-data: 0.593386597931385
