times:
  landing: 0.5465583099999662
  view-data: 0.5464576050000005
