times:
  edit-metadata: 1.37221784517169
  landing: 0.12770358100533485
  view-data: 0.34335129521787167
