times:
  edit-metadata: 0.45921222772449255
  landing: 0.04168684082105756
  view-data: 0.20402793306857347
