times:
  edit-metadata: 1.411043843254447
  landing: 0.7927840147167444
  view-data: 3.3276184611022472
