times:
  edit-metadata: 0.42260565096512437
  landing: 0.04653092205990106
  view-data: 0.2299412809079513
