times:
  edit-metadata: 1.4129790849983692
  landing: 0.1814581649377942
  view-data: 0.2653180221095681
