times:
  edit-metadata: 1.3812177162617445
  landing: 0.13985115475952625
  view-data: 0.022901764139533043
