times:
  edit-metadata: 0.5639406442642212
  landing: 0.4872364569455385
  view-data: 0.1800712775439024
