times:
  edit-metadata: 1.5479746237397194
  landing: 0.8092635460197926
  view-data: 3.35735865496099
