times:
  edit-metadata: 0.9961546389968134
  landing: 0.10014481900725514
  view-data: 0.27787195099517703
