times:
  edit-metadata: 1.3557543056085706
  landing: 0.1442275010049343
  view-data: 0.4556039245799184
