times:
  edit-metadata: 0.536925008520484
  landing: 0.4100712966173887
  view-data: 0.31386153399944305
