times:
  edit-metadata: 1.7146921157836914
  landing: 1.034930296242237
  view-data: 3.354049891233444
