times:
  landing: 1.060935183999959
  view-data: 0.5494395959999565
