times:
  edit-metadata: 0.500781571958214
  landing: 0.044164204970002174
  view-data: 0.22026349930092692
