times:
  edit-metadata: 0.42693195794709027
  landing: 0.04922008281573653
  view-data: 0.2179387998767197
