times:
  edit-metadata: 1.6016124226152897
  landing: 1.0438861288130283
  view-data: 3.3449241928756237
