times:
  edit-metadata: 1.5030198991298676
  landing: 1.0385526679456234
  view-data: 3.3516418263316154
