times:
  edit-metadata: 1.3592817755416036
  landing: 0.218819972127676
  view-data: 0.02302451152354479
