times:
  edit-metadata: 1.3256285600364208
  landing: 0.01990638766437769
  view-data: 0.024856709875166416
