times:
  edit-metadata: 1.8003857396543026
  landing: 0.21063108183443546
  view-data: 0.24687220342457294
