times:
  edit-metadata: 0.46387722599320114
  landing: 0.05667685403022915
  view-data: 0.21256578899919987
