times:
  edit-metadata: 0.43124544399324805
  landing: 0.042380029015475884
  view-data: 0.20794622800895013
