times:
  edit-metadata: 0.4635548328515142
  landing: 0.08258049516007304
  view-data: 0.20690503809601068
