times:
  edit-metadata: 1.3954450860619545
  landing: 0.1510742735117674
  view-data: 0.02424374222755432
