times:
  edit-metadata: 1.8641090393066406
  landing: 1.0741044953465462
  view-data: 3.38666882365942
