times:
  edit-metadata: 1.6224168818444014
  landing: 0.020104410126805305
  view-data: 0.3616705182939768
