times:
  edit-metadata: 0.5525584649876691
  landing: 0.056413065001834184
  view-data: 0.21589790598955005
