times:
  edit-metadata: 0.6013530259951949
  landing: 0.04875873797573149
  view-data: 0.20345416804775596
