times:
  edit-metadata: 0.6238818299025297
  landing: 0.038547675125300884
  view-data: 0.1940558790229261
