times:
  landing: 0.5509149019999882
  view-data: 0.5544778489999658
