times:
  edit-metadata: 1.3080747686326504
  landing: 0.02047607395797968
  view-data: 0.09846684243530035
