times:
  landing: 0.554716032999977
  view-data: 0.5609838249999939
