times:
  edit-metadata: 2.5726825976744294
  landing: 1.0963851539418101
  view-data: 3.523320470005274
