times:
  edit-metadata: 0.5630322056822479
  landing: 0.056614596862345934
  view-data: 0.21012152964249253
