times:
  edit-metadata: 0.5285836905241013
  landing: 0.048017870634794235
  view-data: 0.19451341778039932
