times:
  landing: 0.5533195280000314
  view-data: 0.5568418760000213
