times:
  edit-metadata: 1.4998010136187077
  landing: 0.7308635972440243
  view-data: 3.399837750941515
