times:
  edit-metadata: 0.5078794960863888
  landing: 0.047380083706229925
  view-data: 0.20626065880060196
