times:
  landing: 1.0727529679999748
  view-data: 0.5713582849999739
