times:
  edit-metadata: 1.3646550066769123
  landing: 0.02111199125647545
  view-data: 0.025513550266623497
