times:
  edit-metadata: 0.43528292793780565
  landing: 0.04568395810201764
  view-data: 0.1913414029404521
