times:
  edit-metadata: 1.4538310170173645
  landing: 0.020937887951731682
  view-data: 0.04803761839866638
