times:
  edit-metadata: 1.4676318177953362
  landing: 0.8165773060172796
  view-data: 3.3386124055832624
