times:
  edit-metadata: 0.5188470557332039
  landing: 0.6105524972081184
  view-data: 0.5858453288674355
