times:
  edit-metadata: 0.5204153768718243
  landing: 0.61952755600214
  view-data: 0.41638473235070705
