times:
  edit-metadata: 1.8420558404177427
  landing: 0.8511392157524824
  view-data: 3.40418853238225
