times:
  edit-metadata: 0.5586991235613823
  landing: 1.4101371206343174
  view-data: 0.5383678581565619
