times:
  edit-metadata: 1.5886421836912632
  landing: 0.8104912638664246
  view-data: 3.3546968325972557
