times:
  edit-metadata: 1.4661975018680096
  landing: 0.8946465961635113
  view-data: 3.352153353393078
