times:
  edit-metadata: 0.6187681560404599
  landing: 0.04738366696983576
  view-data: 0.19144096015952528
