times:
  edit-metadata: 0.5160967819392681
  landing: 0.042082857340574265
  view-data: 0.20630796253681183
