times:
  edit-metadata: 1.4722988363355398
  landing: 0.7890666034072638
  view-data: 3.4222366735339165
