times:
  edit-metadata: 1.2930577704682946
  landing: 0.021243122406303883
  view-data: 0.12270026933401823
