times:
  edit-metadata: 1.4638910312205553
  landing: 0.7905327593907714
  view-data: 3.3640148835256696
