times:
  landing: 1.5978303790000155
  view-data: 0.5569394279999642
