times:
  edit-metadata: 0.5117957815527916
  landing: 1.1364230066537857
  view-data: 0.5945265125483274
