times:
  edit-metadata: 0.5842261519283056
  landing: 1.6372100040316582
  view-data: 0.6429663021117449
