times:
  edit-metadata: 0.6135050542652607
  landing: 0.077705018222332
  view-data: 0.28306846460327506
