times:
  edit-metadata: 1.2816529357805848
  landing: 0.01913884188979864
  view-data: 0.19955420773476362
