times:
  edit-metadata: 0.5609819367527962
  landing: 0.5783009510487318
  view-data: 0.598272904753685
