times:
  edit-metadata: 2.6151220835745335
  landing: 0.9184545613825321
  view-data: 0.7246826440095901
