times:
  edit-metadata: 1.5258361399173737
  landing: 1.0837060892954469
  view-data: 0.7224964178167284
