times:
  edit-metadata: 1.3938575685024261
  landing: 1.1961253881454468
  view-data: 3.341277737170458
