times:
  edit-metadata: 1.3585370369255543
  landing: 0.8257012609392405
  view-data: 0.5893167406320572
