times:
  edit-metadata: 1.5942787043750286
  landing: 0.9403983913362026
  view-data: 3.413460284471512
