times:
  edit-metadata: 1.4130727529991418
  landing: 0.8779873609310016
  view-data: 3.3248992930166423
