times:
  edit-metadata: 1.5106701515614986
  landing: 1.0959762893617153
  view-data: 3.3738180734217167
