times:
  edit-metadata: 1.3853646630886942
  landing: 0.8790455309208483
  view-data: 0.6476406431756914
