times:
  edit-metadata: 1.3423197194933891
  landing: 0.8725014701485634
  view-data: 3.3055797666311264
