times:
  edit-metadata: 1.4733593631535769
  landing: 1.1898088902235031
  view-data: 0.8017682954668999
