times:
  edit-metadata: 1.901650829706341
  landing: 0.8540635230019689
  view-data: 0.9859141032211483
