times:
  edit-metadata: 2.449381122365594
  landing: 1.4416932510212064
  view-data: 3.589388214983046
