times:
  edit-metadata: 1.5301385968923569
  landing: 0.8317094631493092
  view-data: 3.399167697876692
