times:
  edit-metadata: 1.4838305115699768
  landing: 1.2145368289202452
  view-data: 0.6719490718096495
