times:
  edit-metadata: 1.4276340939104557
  landing: 1.0124929808080196
  view-data: 3.4272528402507305
