times:
  edit-metadata: 2.364461485296488
  landing: 1.6054657623171806
  view-data: 3.381240800023079
