times:
  edit-metadata: 1.7222659438848495
  landing: 1.0829609967768192
  view-data: 3.3600480891764164
