times:
  edit-metadata: 1.4300243500620127
  landing: 0.8279262855648994
  view-data: 0.6513427887111902
