times:
  edit-metadata: 1.5380716882646084
  landing: 1.0478506684303284
  view-data: 3.3096619695425034
