times:
  edit-metadata: 1.5158693678677082
  landing: 0.9232683144509792
  view-data: 3.429026186466217
