times:
  edit-metadata: 1.6539733745157719
  landing: 0.993634071201086
  view-data: 3.4577297270298004
