times:
  edit-metadata: 1.3613476600730792
  landing: 0.7884374710265547
  view-data: 3.3319109410513192
