times:
  edit-metadata: 1.4542481545358896
  landing: 0.8084625750780106
  view-data: 0.6546663790941238
