times:
  edit-metadata: 1.4891294222325087
  landing: 1.0047333966940641
  view-data: 0.793675840832293
