times:
  edit-metadata: 1.594190172967501
  landing: 0.8064180660294369
  view-data: 3.3458775270264596
