times:
  edit-metadata: 1.7347336551174521
  landing: 1.1100949635729194
  view-data: 3.4696412151679397
