times:
  edit-metadata: 1.6661238223314285
  landing: 1.0681755170226097
  view-data: 3.495017599314451
