times:
  edit-metadata: 1.6263543516397476
  landing: 1.0119608230888844
  view-data: 3.4390237368643284
