times:
  edit-metadata: 1.4035722203552723
  landing: 0.9030480086803436
  view-data: 3.3196817710995674
