times:
  edit-metadata: 1.5471583232283592
  landing: 0.8209301587194204
  view-data: 0.6433655712753534
