times:
  edit-metadata: 1.852139750495553
  landing: 1.238438168540597
  view-data: 0.766327990218997
