times:
  edit-metadata: 1.6223249975591898
  landing: 1.4532378874719143
  view-data: 0.6655266610905528
