times:
  edit-metadata: 1.4961964637041092
  landing: 0.8327475283294916
  view-data: 3.310831805691123
