times:
  edit-metadata: 1.5592886582016945
  landing: 1.0667208470404148
  view-data: 3.3367917351424694
