times:
  edit-metadata: 1.788694504648447
  landing: 1.120782759040594
  view-data: 3.427701350301504
