times:
  edit-metadata: 1.3926885053515434
  landing: 0.8808142822235823
  view-data: 0.7242889245972037
