times:
  edit-metadata: 1.37089934758842
  landing: 1.1972801182419062
  view-data: 3.3095306027680635
