times:
  edit-metadata: 1.3115161415189505
  landing: 0.8197536636143923
  view-data: 0.6426256466656923
