times:
  edit-metadata: 1.5844393782317638
  landing: 0.9592912271618843
  view-data: 0.7548405807465315
