times:
  edit-metadata: 2.205534379929304
  landing: 1.3808793649077415
  view-data: 0.692766236141324
