times:
  edit-metadata: 1.5117759250570089
  landing: 0.939131491119042
  view-data: 3.4305556868202984
