times:
  edit-metadata: 1.4060451164841652
  landing: 0.9723677411675453
  view-data: 3.318423245102167
