times:
  edit-metadata: 1.5563450530171394
  landing: 0.7993905730545521
  view-data: 3.431762758642435
