times:
  edit-metadata: 1.5567790679633617
  landing: 0.9935690425336361
  view-data: 3.3561148270964622
