times:
  edit-metadata: 1.4083330295979977
  landing: 0.8263275772333145
  view-data: 3.320815112441778
