times:
  edit-metadata: 2.0144351720809937
  landing: 0.9522642605006695
  view-data: 0.8441785667091608
