times:
  edit-metadata: 1.5108668841421604
  landing: 1.0154834911227226
  view-data: 3.366033833473921
