times:
  edit-metadata: 1.490259513957426
  landing: 0.9663866311311722
  view-data: 0.6952215370256454
