times:
  edit-metadata: 2.1990165561437607
  landing: 1.3540750332176685
  view-data: 3.4985844381153584
