times:
  edit-metadata: 1.5242471946403384
  landing: 0.9274456249549985
  view-data: 0.6151253152638674
