times:
  edit-metadata: 1.4154616319574416
  landing: 0.8968228111043572
  view-data: 0.663697699084878
