times:
  edit-metadata: 1.4010963514447212
  landing: 0.8598508648574352
  view-data: 3.3961570374667645
