times:
  edit-metadata: 1.6844363659620285
  landing: 1.0786502305418253
  view-data: 3.4526689536869526
