times:
  edit-metadata: 1.3628226113505661
  landing: 0.934477630071342
  view-data: 0.7070115660317242
