times:
  edit-metadata: 1.2875456330366433
  landing: 0.8723106011748314
  view-data: 0.5419788321014494
