times:
  edit-metadata: 1.4697501081973314
  landing: 0.8187236320227385
  view-data: 0.6571801155805588
