times:
  edit-metadata: 1.4518628381192684
  landing: 0.9382945224642754
  view-data: 3.3017190285027027
