times:
  edit-metadata: 1.7146951369941235
  landing: 0.9099277313798666
  view-data: 3.35145768430084
