times:
  edit-metadata: 1.48400668380782
  landing: 0.9061666657216847
  view-data: 0.8861547326669097
