times:
  edit-metadata: 1.5316107403486967
  landing: 0.9037943128496408
  view-data: 0.6992961894720793
