times:
  edit-metadata: 1.933201391249895
  landing: 1.0293184965848923
  view-data: 3.3497141748666763
