times:
  edit-metadata: 1.841672952985391
  landing: 0.8816271669929847
  view-data: 3.299411096959375
