times:
  edit-metadata: 1.4393556080758572
  landing: 1.061941523104906
  view-data: 3.4360805824398994
