times:
  edit-metadata: 1.3592687849886715
  landing: 0.8942564558237791
  view-data: 0.6448221076279879
