times:
  edit-metadata: 1.689629415050149
  landing: 1.308757958933711
  view-data: 0.6545336060225964
