times:
  edit-metadata: 1.4116299878805876
  landing: 0.8374181836843491
  view-data: 0.6204443480819464
