times:
  edit-metadata: 1.611588854342699
  landing: 0.8590727001428604
  view-data: 0.8425365798175335
