times:
  edit-metadata: 1.4207113622687757
  landing: 0.8939652359113097
  view-data: 0.7634512889198959
