times:
  edit-metadata: 1.5093685761094093
  landing: 1.1722047105431557
  view-data: 3.35811610519886
