times:
  edit-metadata: 2.064738967921585
  landing: 1.6080037727952003
  view-data: 0.8300309688784182
