times:
  edit-metadata: 1.4118728125467896
  landing: 0.8588976068422198
  view-data: 0.825614451430738
