times:
  edit-metadata: 2.503793206065893
  landing: 1.6098677925765514
  view-data: 3.678239408880472
