times:
  edit-metadata: 1.3609781004488468
  landing: 0.9349589422345161
  view-data: 3.3281048759818077
