times:
  edit-metadata: 1.4334078766405582
  landing: 0.9441331326961517
  view-data: 0.724769352003932
