times:
  edit-metadata: 1.976638050749898
  landing: 0.9778411593288183
  view-data: 0.8948311554268003
