times:
  edit-metadata: 1.620918620377779
  landing: 1.1386744603514671
  view-data: 3.4019989110529423
