times:
  edit-metadata: 1.5412591211497784
  landing: 0.9450239893049002
  view-data: 1.8398538324981928
