times:
  edit-metadata: 1.4703011997044086
  landing: 1.1158022563904524
  view-data: 3.303350329399109
