times:
  edit-metadata: 1.9719960782676935
  landing: 1.0257577262818813
  view-data: 0.8691089078783989
