times:
  edit-metadata: 1.360296436585486
  landing: 0.8638984216377139
  view-data: 0.6019443701952696
