times:
  edit-metadata: 1.7269734591245651
  landing: 1.1933735087513924
  view-data: 3.4741695933043957
