times:
  edit-metadata: 1.4394908789545298
  landing: 0.886203471571207
  view-data: 0.65193903259933
