times:
  edit-metadata: 1.3524066000245512
  landing: 0.8139388100244105
  view-data: 0.6463358998298645
