times:
  edit-metadata: 4.410668969154358
  landing: 2.7929144240915775
  view-data: 3.8360783085227013
