times:
  edit-metadata: 1.3666315246373415
  landing: 0.7782610040158033
  view-data: 0.649120943620801
