times:
  edit-metadata: 1.3997938055545092
  landing: 0.8174413237720728
  view-data: 0.6553081404417753
