times:
  edit-metadata: 1.3487772196531296
  landing: 0.8622764274477959
  view-data: 3.4396057035773993
