times:
  edit-metadata: 1.4475225291680545
  landing: 0.8336179661564529
  view-data: 0.6536070799920708
