times:
  edit-metadata: 1.5463204681873322
  landing: 1.0394373573362827
  view-data: 3.4305476173758507
