times:
  edit-metadata: 1.4609922282397747
  landing: 0.8572243936359882
  view-data: 0.7040565013885498
