times:
  edit-metadata: 1.498488824814558
  landing: 1.0097628459334373
  view-data: 3.4187103025615215
