times:
  edit-metadata: 1.4973718479741365
  landing: 0.9207301170099527
  view-data: 3.374727522023022
