times:
  edit-metadata: 1.8543618563562632
  landing: 1.3805789835751057
  view-data: 0.6933012753725052
