times:
  edit-metadata: 1.4026230983436108
  landing: 1.0153493518009782
  view-data: 0.694799224846065
