times:
  edit-metadata: 1.8432138487696648
  landing: 1.1626179702579975
  view-data: 3.5246679335832596
