times:
  edit-metadata: 1.5621490851044655
  landing: 1.2972393073141575
  view-data: 3.346357151865959
