times:
  edit-metadata: 1.6805435046553612
  landing: 1.1188860405236483
  view-data: 3.4045033482834697
