times:
  edit-metadata: 1.3198419585824013
  landing: 1.0520033277571201
  view-data: 3.4307040087878704
