times:
  edit-metadata: 1.4912251774221659
  landing: 0.9238076666370034
  view-data: 0.6384634710848331
