times:
  edit-metadata: 1.6069571916013956
  landing: 0.9799431748688221
  view-data: 3.4094074182212353
