times:
  edit-metadata: 1.634201031178236
  landing: 1.0607920568436384
  view-data: 0.7026915829628706
