times:
  edit-metadata: 1.4291070029139519
  landing: 1.1230978406965733
  view-data: 0.7230834141373634
