times:
  edit-metadata: 2.166456372477114
  landing: 1.4361324366182089
  view-data: 0.8161668134853244
