times:
  edit-metadata: 1.5256336033344269
  landing: 0.9731830637902021
  view-data: 0.8986826315522194
