times:
  edit-metadata: 2.034344609361142
  landing: 1.3932753182016313
  view-data: 0.7613993142731488
