times:
  edit-metadata: 1.7640848495066166
  landing: 1.0461514070630074
  view-data: 0.6627955660223961
