times:
  edit-metadata: 1.4539825581014156
  landing: 1.0120736695826054
  view-data: 3.323912315070629
