times:
  edit-metadata: 1.4694730415940285
  landing: 0.9319546855986118
  view-data: 3.3195207975804806
