times:
  edit-metadata: 1.4383782595396042
  landing: 0.7787520047277212
  view-data: 0.7013975605368614
