times:
  edit-metadata: 2.430055545642972
  landing: 1.4414044488221407
  view-data: 3.599646841175854
