times:
  edit-metadata: 1.3688419330865145
  landing: 1.070321830920875
  view-data: 0.6849284805357456
