times:
  edit-metadata: 1.4231457524001598
  landing: 1.0051544792950153
  view-data: 0.6422999352216721
