times:
  edit-metadata: 1.516990166157484
  landing: 1.0587506331503391
  view-data: 3.407581616193056
