times:
  edit-metadata: 1.35978315025568
  landing: 0.8251023925840855
  view-data: 0.6740868426859379
