times:
  edit-metadata: 1.446167103946209
  landing: 0.9094560164958239
  view-data: 0.7430576551705599
