times:
  edit-metadata: 1.522793099284172
  landing: 1.1183839701116085
  view-data: 3.3533590473234653
