times:
  edit-metadata: 1.5522223226726055
  landing: 1.1000100634992123
  view-data: 3.3095098175108433
