times:
  edit-metadata: 1.5564278066158295
  landing: 1.066320464015007
  view-data: 3.4907239452004433
