times:
  edit-metadata: 1.3992408961057663
  landing: 0.9309446401894093
  view-data: 3.3121106326580048
