times:
  edit-metadata: 1.6053703539073467
  landing: 1.0922898314893246
  view-data: 3.3825646080076694
