times:
  edit-metadata: 1.7606320483610034
  landing: 1.11238631606102
  view-data: 3.358295232988894
