times:
  edit-metadata: 1.426819340325892
  landing: 1.451321286149323
  view-data: 1.097172373905778
