times:
  edit-metadata: 1.621103759855032
  landing: 0.9175693849101663
  view-data: 0.6281406600028276
