times:
  edit-metadata: 1.4202027060091496
  landing: 0.9160851053893566
  view-data: 3.3213165923953056
