times:
  edit-metadata: 1.2867841850966215
  landing: 0.8001978937536478
  view-data: 0.7061035465449095
