times:
  edit-metadata: 1.5017397217452526
  landing: 0.9658529348671436
  view-data: 3.3701146580278873
