times:
  edit-metadata: 1.4233559090644121
  landing: 0.8670918680727482
  view-data: 0.7347670681774616
