times:
  edit-metadata: 1.5875847823917866
  landing: 0.924656055867672
  view-data: 0.6875017434358597
