times:
  edit-metadata: 1.422633834183216
  landing: 1.120502918958664
  view-data: 3.332984060049057
