times:
  edit-metadata: 1.5253144316375256
  landing: 0.799049811437726
  view-data: 0.6617870684713125
