times:
  edit-metadata: 1.4267024723812938
  landing: 0.9031804809346795
  view-data: 3.4280080748721957
