times:
  edit-metadata: 1.4515539999119937
  landing: 0.8622884349897504
  view-data: 0.574750660918653
