times:
  edit-metadata: 1.4882543832063675
  landing: 1.082057423889637
  view-data: 0.7183668576180935
