times:
  edit-metadata: 2.3548073191195726
  landing: 1.5927608981728554
  view-data: 3.7511891946196556
