times:
  edit-metadata: 1.4527865275740623
  landing: 0.8307194337248802
  view-data: 0.6051085982471704
