times:
  edit-metadata: 1.4179412499070168
  landing: 0.9290971085429192
  view-data: 0.7774317916482687
