times:
  edit-metadata: 1.3321603201329708
  landing: 0.7937659397721291
  view-data: 0.6205430552363396
