times:
  edit-metadata: 1.5103956758975983
  landing: 1.0655621066689491
  view-data: 3.410869237035513
