times:
  edit-metadata: 1.6056016106158495
  landing: 0.943984143435955
  view-data: 0.8998528812080622
