times:
  edit-metadata: 1.3373457714915276
  landing: 0.9131969306617975
  view-data: 0.6849254053086042
