times:
  edit-metadata: 1.366181494668126
  landing: 0.8274734932929277
  view-data: 0.718826262280345
