times:
  edit-metadata: 1.7781474310904741
  landing: 1.0301847886294127
  view-data: 3.6256218031048775
