times:
  edit-metadata: 1.3502295780926943
  landing: 0.9094754233956337
  view-data: 0.5660256911069155
