times:
  edit-metadata: 1.4250841028988361
  landing: 0.8295755367726088
  view-data: 0.6245396994054317
