times:
  edit-metadata: 1.3977865129709244
  landing: 0.7863778530154377
  view-data: 3.2587621790589765
