times:
  edit-metadata: 1.475931752473116
  landing: 0.8788185231387615
  view-data: 3.33941363543272
