times:
  edit-metadata: 1.5094841308891773
  landing: 1.0914479345083237
  view-data: 3.4790072180330753
