times:
  edit-metadata: 1.552794590126723
  landing: 1.0128785111010075
  view-data: 0.702958747278899
