times:
  edit-metadata: 1.6108467355370522
  landing: 0.9787025898694992
  view-data: 3.3182631954550743
