times:
  edit-metadata: 1.3762682601809502
  landing: 0.8316046558320522
  view-data: 3.450339876115322
