times:
  edit-metadata: 1.337390210479498
  landing: 0.8365753144025803
  view-data: 3.310214463621378
