times:
  edit-metadata: 1.5542124584317207
  landing: 0.8898035530000925
  view-data: 3.36892500333488
