times:
  edit-metadata: 1.6530531728640199
  landing: 0.8892277288250625
  view-data: 0.6236980161629617
