times:
  edit-metadata: 1.4827053350163624
  landing: 1.0069687969516963
  view-data: 3.3835863599088043
