times:
  edit-metadata: 1.5492528602480888
  landing: 0.8282324634492397
  view-data: 0.6777114532887936
