times:
  edit-metadata: 1.4714638772420585
  landing: 0.9357655090279877
  view-data: 0.669823104981333
