times:
  edit-metadata: 1.35278610419482
  landing: 0.9531671004369855
  view-data: 0.5789230978116393
