times:
  edit-metadata: 1.5196809843182564
  landing: 0.9872436746954918
  view-data: 3.3567874617874622
