times:
  edit-metadata: 1.37864588201046
  landing: 0.888395007699728
  view-data: 0.6758216544985771
