times:
  edit-metadata: 1.48901891335845
  landing: 0.9905955716967583
  view-data: 3.3802333995699883
