times:
  edit-metadata: 1.5236431695520878
  landing: 1.030102264136076
  view-data: 0.7117120213806629
