times:
  edit-metadata: 1.667260185815394
  landing: 1.3054167740046978
  view-data: 0.6290128724649549
