times:
  edit-metadata: 1.4617675123736262
  landing: 0.9727455964311957
  view-data: 0.9168166909366846
