times:
  edit-metadata: 1.5940137766301632
  landing: 1.2541998699307442
  view-data: 3.4002629444003105
