times:
  edit-metadata: 1.474893730133772
  landing: 1.166527133435011
  view-data: 3.3825030140578747
