times:
  edit-metadata: 1.7281387690454721
  landing: 1.1469081211835146
  view-data: 0.7114840997382998
