times:
  edit-metadata: 1.368623286485672
  landing: 0.751439580693841
  view-data: 0.7158968932926655
