times:
  edit-metadata: 1.351159729063511
  landing: 1.0189637579023838
  view-data: 3.256756290793419
