times:
  edit-metadata: 1.2812305986881256
  landing: 0.7705131359398365
  view-data: 0.5797969177365303
