times:
  edit-metadata: 1.6469318605959415
  landing: 1.0622271932661533
  view-data: 3.383320987224579
