times:
  edit-metadata: 1.4658577910158783
  landing: 0.9202317460440099
  view-data: 3.3109489569906145
