times:
  edit-metadata: 1.449071479961276
  landing: 0.8294968027621508
  view-data: 3.3592610117048025
