times:
  edit-metadata: 1.4387991316616535
  landing: 1.1894971579313278
  view-data: 3.3694989532232285
