times:
  edit-metadata: 3.365371746942401
  landing: 1.363648097962141
  view-data: 0.6917767245322466
