times:
  edit-metadata: 1.543920535594225
  landing: 1.0454197153449059
  view-data: 3.4615356624126434
