times:
  edit-metadata: 1.4356856439262629
  landing: 0.7876342125236988
  view-data: 3.445332707837224
