times:
  edit-metadata: 1.5264887660741806
  landing: 0.9051436707377434
  view-data: 0.8346150442957878
