times:
  edit-metadata: 1.493502242024988
  landing: 0.9603139157406986
  view-data: 0.6546948249451816
