times:
  edit-metadata: 2.185481147840619
  landing: 1.1699022641405463
  view-data: 3.312157541513443
