times:
  edit-metadata: 1.5670600086450577
  landing: 2.1376551128923893
  view-data: 3.348194919526577
