times:
  edit-metadata: 1.4168865866959095
  landing: 0.9881491344422102
  view-data: 0.6844807676970959
