times:
  edit-metadata: 1.8676349204033613
  landing: 1.308000734075904
  view-data: 0.7650965843349695
