times:
  edit-metadata: 1.8992168195545673
  landing: 1.5871609263122082
  view-data: 3.3094298020005226
