times:
  edit-metadata: 1.518765201792121
  landing: 0.9415007401257753
  view-data: 3.4620103016495705
