times:
  edit-metadata: 1.4670632798224688
  landing: 1.0288888681679964
  view-data: 3.4313746467232704
