times:
  edit-metadata: 2.1043012216687202
  landing: 1.415850207209587
  view-data: 3.3834553696215153
