times:
  edit-metadata: 1.562611874192953
  landing: 1.1600342206656933
  view-data: 3.3134550638496876
