times:
  edit-metadata: 3.8898610956966877
  landing: 1.1221676543354988
  view-data: 3.5935292467474937
