times:
  edit-metadata: 1.3521933797746897
  landing: 0.8562540244311094
  view-data: 0.5241648238152266
