times:
  edit-metadata: 1.5060149915516376
  landing: 0.8656496480107307
  view-data: 0.7097975239157677
