times:
  edit-metadata: 1.496107216924429
  landing: 0.9283131621778011
  view-data: 3.355720777064562
