times:
  edit-metadata: 1.454082103446126
  landing: 0.9853683579713106
  view-data: 0.7077830377966166
