times:
  edit-metadata: 1.6957157328724861
  landing: 1.2003481052815914
  view-data: 3.3380817472934723
