times:
  edit-metadata: 1.5494158305227757
  landing: 0.959849800914526
  view-data: 0.7763617485761642
