times:
  edit-metadata: 1.4330749325454235
  landing: 1.2637466713786125
  view-data: 3.287272308021784
