times:
  edit-metadata: 1.506357753649354
  landing: 0.863476037979126
  view-data: 0.6180299520492554
