times:
  edit-metadata: 1.4612478390336037
  landing: 0.9592692106962204
  view-data: 0.699747109785676
