times:
  edit-metadata: 1.3643971290439367
  landing: 0.9458731561899185
  view-data: 0.6445387005805969
