times:
  edit-metadata: 1.402694709599018
  landing: 0.9898384660482407
  view-data: 0.7135695843026042
