times:
  edit-metadata: 1.5345541723072529
  landing: 1.0264846310019493
  view-data: 3.411222353577614
