times:
  edit-metadata: 1.3992197886109352
  landing: 0.8621115908026695
  view-data: 3.3170002177357674
