times:
  edit-metadata: 1.6899739522486925
  landing: 1.2819659244269133
  view-data: 0.6800772100687027
