times:
  edit-metadata: 1.4247506484389305
  landing: 1.0209525786340237
  view-data: 0.5937431342899799
