times:
  edit-metadata: 1.5953031405806541
  landing: 1.062156766653061
  view-data: 3.4003893360495567
