times:
  edit-metadata: 1.7245866488665342
  landing: 1.3378024566918612
  view-data: 0.6933936150744557
