times:
  edit-metadata: 1.4691257514059544
  landing: 0.9967933632433414
  view-data: 3.3912774845957756
