times:
  edit-metadata: 1.3895926792174578
  landing: 0.9072551256977022
  view-data: 0.7634955230168998
