times:
  edit-metadata: 1.4579636184498668
  landing: 0.9495442351326346
  view-data: 0.6856634989380836
