times:
  edit-metadata: 1.7221287349238992
  landing: 0.9306908072903752
  view-data: 0.6317501617595553
