times:
  edit-metadata: 1.4805750269442797
  landing: 0.8141015097498894
  view-data: 0.645179683342576
