times:
  edit-metadata: 1.6664270758628845
  landing: 1.077147800475359
  view-data: 3.3909833915531635
