times:
  edit-metadata: 1.6466709356755018
  landing: 0.8906623236835003
  view-data: 0.7158529125154018
