times:
  edit-metadata: 1.6273684911429882
  landing: 0.7882943395525217
  view-data: 0.710507707670331
