times:
  edit-metadata: 1.475359782576561
  landing: 0.8548007886856794
  view-data: 0.6441127099096775
