times:
  edit-metadata: 1.5318423807621002
  landing: 1.2458599396049976
  view-data: 3.407048672437668
