times:
  edit-metadata: 1.3943390063941479
  landing: 0.920327678322792
  view-data: 3.3542130291461945
