times:
  edit-metadata: 1.4066836889833212
  landing: 0.856675274670124
  view-data: 0.6509403884410858
