times:
  edit-metadata: 1.8299017883837223
  landing: 1.324835155159235
  view-data: 3.441545184701681
