times:
  edit-metadata: 2.161385193001479
  landing: 1.4549447321332991
  view-data: 0.7253800691105425
