times:
  edit-metadata: 1.8393738940358162
  landing: 1.0208919029682875
  view-data: 3.4874505307525396
