times:
  edit-metadata: 1.5017923712730408
  landing: 0.7703319676220417
  view-data: 0.6051084361970425
