times:
  edit-metadata: 1.6831750813871622
  landing: 1.45926168654114
  view-data: 0.8402361432090402
