times:
  edit-metadata: 1.6897824821062386
  landing: 0.955346698872745
  view-data: 0.656284644966945
