times:
  edit-metadata: 1.6836743913590908
  landing: 1.1525820642709732
  view-data: 3.3955877982079983
