times:
  edit-metadata: 1.836072713136673
  landing: 6.6653739139437675
  view-data: 3.5026184655725956
