times:
  edit-metadata: 1.336651835590601
  landing: 0.8360349126160145
  view-data: 3.3180512450635433
