times:
  edit-metadata: 1.5148686124011874
  landing: 1.0478469040244818
  view-data: 0.7528089378029108
