times:
  edit-metadata: 1.3741256620269269
  landing: 0.8818915239535272
  view-data: 0.7898099899757653
