times:
  edit-metadata: 1.5250505059957504
  landing: 0.8172014579176903
  view-data: 3.417867749929428
