times:
  edit-metadata: 1.6397624425590038
  landing: 1.1517321094870567
  view-data: 3.3468448109924793
