times:
  edit-metadata: 1.4737461106851697
  landing: 0.9727470162324607
  view-data: 0.6130613116547465
