times:
  edit-metadata: 1.4012116668745875
  landing: 0.9060748843476176
  view-data: 0.6543686417862773
