times:
  edit-metadata: 1.386302461847663
  landing: 0.9462755490094423
  view-data: 0.7202636562287807
