times:
  edit-metadata: 1.5067634545266628
  landing: 1.0233236625790596
  view-data: 3.3699684254825115
