times:
  edit-metadata: 1.5065186582505703
  landing: 1.0795083539560437
  view-data: 0.7308836141601205
