times:
  edit-metadata: 2.0528573179617524
  landing: 1.0916533581912518
  view-data: 0.6872655032202601
