times:
  edit-metadata: 1.335200009867549
  landing: 0.8298382833600044
  view-data: 0.6819550469517708
