times:
  edit-metadata: 1.3825035109184682
  landing: 0.9635815410874784
  view-data: 0.7185127208940685
