times:
  edit-metadata: 1.5014712205156684
  landing: 1.0050713624805212
  view-data: 0.6751737836748362
