times:
  edit-metadata: 1.5623848550021648
  landing: 0.763325210660696
  view-data: 3.3614045828580856
