times:
  edit-metadata: 1.4238941594958305
  landing: 0.7982629090547562
  view-data: 3.3616528064012527
