times:
  edit-metadata: 1.4356741458177567
  landing: 0.7772717848420143
  view-data: 3.3734602853655815
