times:
  edit-metadata: 1.4015627056360245
  landing: 0.7995894849300385
  view-data: 3.461647719144821
