times:
  edit-metadata: 1.4856940060853958
  landing: 0.8101815953850746
  view-data: 3.369411751627922
