times:
  edit-metadata: 1.4173415079712868
  landing: 0.8440113589167595
  view-data: 3.4625751078128815
