times:
  edit-metadata: 1.4465859830379486
  landing: 0.8207121342420578
  view-data: 3.345795400440693
