times:
  edit-metadata: 1.4356615170836449
  landing: 0.7972104921936989
  view-data: 3.530199833214283
