times:
  edit-metadata: 1.5099712163209915
  landing: 0.7249948903918266
  view-data: 3.438651204109192
