times:
  edit-metadata: 1.5631984025239944
  landing: 1.136998176574707
  view-data: 3.32571392506361
