times:
  edit-metadata: 1.3572670966386795
  landing: 0.8497307375073433
  view-data: 3.467534363269806
