times:
  edit-metadata: 1.2754479758441448
  landing: 0.7846212014555931
  view-data: 3.3120329082012177
