times:
  edit-metadata: 1.4135712310671806
  landing: 0.8926957249641418
  view-data: 3.4972040355205536
