times:
  edit-metadata: 1.6337134018540382
  landing: 0.8568369597196579
  view-data: 3.3120086416602135
