times:
  edit-metadata: 1.3250368237495422
  landing: 0.7641491964459419
  view-data: 3.4830834567546844
