times:
  edit-metadata: 1.46917974203825
  landing: 0.7515598386526108
  view-data: 3.522648610174656
