times:
  edit-metadata: 2.199731044471264
  landing: 1.579979568719864
  view-data: 3.626609444618225
