times:
  edit-metadata: 1.4066739082336426
  landing: 0.7554406374692917
  view-data: 3.3580676540732384
