times:
  edit-metadata: 1.5141796618700027
  landing: 0.7987022697925568
  view-data: 3.4311110451817513
