times:
  edit-metadata: 1.431182600557804
  landing: 0.7369248792529106
  view-data: 3.532357908785343
