times:
  edit-metadata: 1.460140310227871
  landing: 0.754499040544033
  view-data: 3.723812475800514
