times:
  edit-metadata: 1.486499659717083
  landing: 0.7889964804053307
  view-data: 3.461819462478161
