times:
  edit-metadata: 1.467581994831562
  landing: 0.7446577101945877
  view-data: 3.5243137776851654
