times:
  edit-metadata: 1.4827771298587322
  landing: 0.8098164461553097
  view-data: 0.5937398485839367
