times:
  edit-metadata: 1.4354287683963776
  landing: 0.8420624956488609
  view-data: 3.3393677696585655
