times:
  edit-metadata: 1.6792337521910667
  landing: 1.2226261422038078
  view-data: 3.73283551633358
