times:
  edit-metadata: 1.4566955491900444
  landing: 0.7660107165575027
  view-data: 3.332756783813238
