times:
  edit-metadata: 1.3839548230171204
  landing: 0.869183786213398
  view-data: 3.419840134680271
