times:
  edit-metadata: 1.7920024767518044
  landing: 0.9634245745837688
  view-data: 3.3287620320916176
