times:
  edit-metadata: 1.2765786722302437
  landing: 0.8050188720226288
  view-data: 3.5343902334570885
