times:
  edit-metadata: 1.3123478442430496
  landing: 0.891994833946228
  view-data: 3.4736485183238983
