times:
  edit-metadata: 1.6967467851936817
  landing: 0.7253931276500225
  view-data: 3.265424035489559
