times:
  edit-metadata: 1.4375090450048447
  landing: 0.772398479282856
  view-data: 3.453743487596512
