times:
  edit-metadata: 1.4173881262540817
  landing: 0.8836274370551109
  view-data: 3.3301109671592712
