times:
  edit-metadata: 1.3799235001206398
  landing: 0.7950495481491089
  view-data: 3.3591353967785835
