times:
  edit-metadata: 1.4715285524725914
  landing: 0.7895701453089714
  view-data: 3.370323918759823
