times:
  edit-metadata: 1.3936927616596222
  landing: 0.7565343901515007
  view-data: 3.460639864206314
