times:
  edit-metadata: 1.3920690417289734
  landing: 0.709023229777813
  view-data: 3.278562970459461
