times:
  edit-metadata: 1.3001723513007164
  landing: 0.8235607966780663
  view-data: 3.5285012423992157
