times:
  edit-metadata: 1.5010093711316586
  landing: 0.9162255823612213
  view-data: 3.312627725303173
