times:
  edit-metadata: 1.5107434168457985
  landing: 0.7628008648753166
  view-data: 3.423983335494995
