times:
  edit-metadata: 1.3721869066357613
  landing: 0.7882095277309418
  view-data: 3.5690452083945274
