times:
  edit-metadata: 1.8908811435103416
  landing: 0.8995228409767151
  view-data: 3.334862668067217
