times:
  edit-metadata: 1.4683010205626488
  landing: 0.9341171979904175
  view-data: 3.452070690691471
