times:
  edit-metadata: 1.4391522705554962
  landing: 0.7915493249893188
  view-data: 3.2854314744472504
