times:
  edit-metadata: 1.4317423924803734
  landing: 0.7545739188790321
  view-data: 3.410773418843746
