times:
  edit-metadata: 1.4158206954598427
  landing: 0.7786233238875866
  view-data: 3.2612417675554752
