times:
  edit-metadata: 1.4473746940493584
  landing: 0.7504474520683289
  view-data: 3.4811612889170647
