times:
  edit-metadata: 1.4437373280525208
  landing: 0.7947909608483315
  view-data: 3.4413321763277054
