times:
  edit-metadata: 1.5945842191576958
  landing: 0.9844136759638786
  view-data: 3.3278011046350002
