times:
  edit-metadata: 1.7374330386519432
  landing: 0.9013582468032837
  view-data: 3.4687528163194656
