times:
  edit-metadata: 1.4733986631035805
  landing: 0.8131073042750359
  view-data: 3.5016708970069885
