times:
  edit-metadata: 1.452647365629673
  landing: 0.7296580858528614
  view-data: 3.310836583375931
