times:
  edit-metadata: 1.4136205911636353
  landing: 0.7676739171147346
  view-data: 3.5324906557798386
