times:
  edit-metadata: 1.8237078785896301
  landing: 1.0490039065480232
  view-data: 3.4248892664909363
