times:
  edit-metadata: 1.415555216372013
  landing: 0.7121951207518578
  view-data: 3.4847204834222794
