times:
  edit-metadata: 1.504807099699974
  landing: 0.832162007689476
  view-data: 3.2921859435737133
