times:
  edit-metadata: 1.5355030074715614
  landing: 0.7476206496357918
  view-data: 3.4673575311899185
