times:
  edit-metadata: 1.3318628296256065
  landing: 0.8106628805398941
  view-data: 3.493545301258564
