times:
  edit-metadata: 1.7345515713095665
  landing: 0.8162912726402283
  view-data: 3.4080710634589195
