times:
  edit-metadata: 1.3612501919269562
  landing: 0.6732964292168617
  view-data: 3.408370941877365
