times:
  edit-metadata: 1.670749418437481
  landing: 0.820937491953373
  view-data: 3.531387783586979
