times:
  edit-metadata: 1.3383279219269753
  landing: 0.7493686601519585
  view-data: 3.313711930066347
