times:
  edit-metadata: 1.6855816841125488
  landing: 1.0501866787672043
  view-data: 3.67525215446949
