times:
  edit-metadata: 1.4102074801921844
  landing: 0.8481191769242287
  view-data: 3.4158551320433617
