times:
  edit-metadata: 1.9000518843531609
  landing: 1.040618546307087
  view-data: 3.449651800096035
