times:
  edit-metadata: 1.3548998907208443
  landing: 0.7927905023097992
  view-data: 3.4805176705121994
