times:
  edit-metadata: 1.3532020449638367
  landing: 0.7068443819880486
  view-data: 3.4526637196540833
