times:
  edit-metadata: 1.767150178551674
  landing: 0.8858668766915798
  view-data: 3.3444780074059963
