times:
  edit-metadata: 1.4437990859150887
  landing: 0.7159488275647163
  view-data: 3.298875577747822
