times:
  edit-metadata: 1.454945020377636
  landing: 0.751610554754734
  view-data: 3.477209687232971
