times:
  edit-metadata: 1.4310432225465775
  landing: 0.7683559879660606
  view-data: 3.4642599150538445
