times:
  edit-metadata: 1.4670534208416939
  landing: 0.690870501101017
  view-data: 3.3908484801650047
