times:
  edit-metadata: 2.021369583904743
  landing: 0.8683905564248562
  view-data: 3.332062717527151
