times:
  edit-metadata: 1.3805956579744816
  landing: 0.8249737322330475
  view-data: 3.2879993431270123
