times:
  edit-metadata: 1.426045797765255
  landing: 0.7609496042132378
  view-data: 3.2797763645648956
