times:
  edit-metadata: 1.477000504732132
  landing: 0.7375666424632072
  view-data: 3.5173513293266296
