times:
  edit-metadata: 1.415486179292202
  landing: 0.8926886841654778
  view-data: 3.363584838807583
