times:
  edit-metadata: 1.385915119200945
  landing: 0.743749164044857
  view-data: 3.2516602240502834
