times:
  edit-metadata: 1.5705703422427177
  landing: 0.84385184943676
  view-data: 3.303083620965481
