times:
  edit-metadata: 1.7711877450346947
  landing: 0.8233136460185051
  view-data: 3.58070470392704
