times:
  edit-metadata: 1.4274500608444214
  landing: 0.7470433562994003
  view-data: 3.2728070616722107
