times:
  edit-metadata: 2.0619251653552055
  landing: 1.408814199268818
  view-data: 3.574956215918064
