times:
  edit-metadata: 1.3865352869033813
  landing: 0.6773965284228325
  view-data: 3.481312856078148
