times:
  edit-metadata: 2.3785088062286377
  landing: 2.087487116456032
  view-data: 3.4431324377655983
