times:
  edit-metadata: 1.5005512461066246
  landing: 0.7916985750198364
  view-data: 3.4686626195907593
