times:
  edit-metadata: 1.4824359491467476
  landing: 0.745579443871975
  view-data: 3.498368188738823
