times:
  edit-metadata: 1.3739813715219498
  landing: 0.7754731923341751
  view-data: 3.5569712668657303
