times:
  edit-metadata: 1.3733460158109665
  landing: 0.7227495536208153
  view-data: 3.40199314057827
