times:
  edit-metadata: 1.4441901296377182
  landing: 0.8379444852471352
  view-data: 3.5182137563824654
