times:
  edit-metadata: 1.3908923082053661
  landing: 0.7420631386339664
  view-data: 3.3307258524000645
