times:
  edit-metadata: 1.5871823579072952
  landing: 0.810777086764574
  view-data: 3.4183445125818253
