times:
  edit-metadata: 1.4994850419461727
  landing: 0.9498658552765846
  view-data: 3.292297624051571
