times:
  edit-metadata: 1.543841302394867
  landing: 0.9317455142736435
  view-data: 3.49802752584219
