times:
  edit-metadata: 1.625760205090046
  landing: 0.9605797827243805
  view-data: 3.335727758705616
