times:
  edit-metadata: 1.3604956790804863
  landing: 0.7407575100660324
  view-data: 3.4280328303575516
