times:
  edit-metadata: 1.386961817741394
  landing: 0.9014716073870659
  view-data: 3.3790117651224136
