times:
  edit-metadata: 1.4429289773106575
  landing: 0.7460953891277313
  view-data: 3.399413838982582
