times:
  edit-metadata: 1.3539171814918518
  landing: 0.7717115730047226
  view-data: 3.373598627746105
