times:
  edit-metadata: 1.3878696113824844
  landing: 0.8819011673331261
  view-data: 3.414755664765835
