times:
  edit-metadata: 1.3321681916713715
  landing: 0.7729396596550941
  view-data: 0.4936806559562683
