times:
  edit-metadata: 1.339915856719017
  landing: 0.7258982732892036
  view-data: 3.444572828710079
