times:
  edit-metadata: 1.6421557664871216
  landing: 0.8458457365632057
  view-data: 3.361057788133621
