times:
  edit-metadata: 1.4334432482719421
  landing: 0.763533279299736
  view-data: 3.389475591480732
