times:
  edit-metadata: 1.419349554926157
  landing: 0.7641617991030216
  view-data: 3.3071282133460045
