times:
  edit-metadata: 2.009064458310604
  landing: 1.1400506347417831
  view-data: 3.5106549859046936
