times:
  edit-metadata: 1.4342207349836826
  landing: 1.0264668427407742
  view-data: 3.3647794164717197
