times:
  edit-metadata: 1.5198219269514084
  landing: 0.8695485144853592
  view-data: 3.3269764073193073
