times:
  edit-metadata: 1.5655359029769897
  landing: 0.8502883985638618
  view-data: 3.6226139664649963
