times:
  edit-metadata: 1.283859707415104
  landing: 0.7965160831809044
  view-data: 3.4671522304415703
