times:
  edit-metadata: 1.3550349920988083
  landing: 0.7672044783830643
  view-data: 3.5191130861639977
