times:
  edit-metadata: 1.2801406681537628
  landing: 0.7431796416640282
  view-data: 3.4550879523158073
