times:
  edit-metadata: 1.380607545375824
  landing: 1.007028467953205
  view-data: 0.859053909778595
