times:
  edit-metadata: 1.291231196373701
  landing: 0.8166893310844898
  view-data: 3.3551556058228016
