times:
  edit-metadata: 1.5431092977523804
  landing: 0.8741250783205032
  view-data: 3.3012602105736732
