times:
  edit-metadata: 1.4474295228719711
  landing: 0.7555128484964371
  view-data: 3.3730710223317146
