times:
  edit-metadata: 1.386980578303337
  landing: 0.7931984886527061
  view-data: 3.5245514810085297
