times:
  edit-metadata: 1.375818595290184
  landing: 0.8167697340250015
  view-data: 3.4268296733498573
