times:
  edit-metadata: 1.5954237878322601
  landing: 0.8729581199586391
  view-data: 3.3607824444770813
