times:
  landing: 0.5450453500000094
  view-data: 0.5499909210000169
