times:
  edit-metadata: 1.6958192065358162
  landing: 0.022486776113510132
  view-data: 0.024489376693964005
