times:
  edit-metadata: 1.5370910502970219
  landing: 0.02124292217195034
  view-data: 0.46074710972607136
