times:
  edit-metadata: 1.4466691091656685
  landing: 0.02196338400244713
  view-data: 0.025441626086831093
