times:
  edit-metadata: 0.5626434921287
  landing: 0.04600212490186095
  view-data: 0.2033329028636217
