times:
  landing: 0.5537712959999794
  view-data: 0.5549796469999819
