times:
  edit-metadata: 1.4242337746545672
  landing: 0.021258302964270115
  view-data: 0.12014428060501814
