times:
  edit-metadata: 0.761567335575819
  landing: 0.04597622901201248
  view-data: 0.20299813151359558
