times:
  edit-metadata: 0.543739310989622
  landing: 0.04809254105202854
  view-data: 0.21623211196856573
