times:
  edit-metadata: 0.5510613420046866
  landing: 0.03514240216463804
  view-data: 0.19909604964777827
