times:
  edit-metadata: 1.476663121022284
  landing: 0.2327950894832611
  view-data: 0.47624494414776564
