times:
  edit-metadata: 0.5581991369836032
  landing: 0.05277275596745312
  view-data: 0.21377517678774893
