times:
  edit-metadata: 0.5796691520372406
  landing: 0.043833641917444766
  view-data: 0.19745816802605987
