times:
  edit-metadata: 2.018099377863109
  landing: 1.6551074106246233
  view-data: 3.920986550860107
