times:
  edit-metadata: 1.9588868618011475
  landing: 0.2058491911739111
  view-data: 0.4581269435584545
