times:
  edit-metadata: 0.5531360572203994
  landing: 0.049011021852493286
  view-data: 0.335717243142426
