times:
  edit-metadata: 0.5148640600964427
  landing: 0.04052020004019141
  view-data: 0.20992354396730661
