times:
  edit-metadata: 1.4569967482239008
  landing: 0.021698903292417526
  view-data: 0.39529559575021267
