times:
  edit-metadata: 2.1444506645202637
  landing: 1.2484544664621353
  view-data: 1.0437016747891903
