times:
  edit-metadata: 0.7665297165513039
  landing: 0.04866460710763931
  view-data: 0.19756431132555008
