times:
  edit-metadata: 0.860578928142786
  landing: 1.154285915195942
  view-data: 0.6296617444604635
