times:
  edit-metadata: 0.5083253849297762
  landing: 0.0384110426530242
  view-data: 0.20914980210363865
