times:
  edit-metadata: 1.9078992027789354
  landing: 0.2390293888747692
  view-data: 0.17944428324699402
