times:
  edit-metadata: 0.5317785800434649
  landing: 0.03861560299992561
  view-data: 0.19557968573644757
