times:
  edit-metadata: 1.5523351300507784
  landing: 0.2364154551178217
  view-data: 0.35552141070365906
