times:
  edit-metadata: 2.1957637444138527
  landing: 1.2900625839829445
  view-data: 3.531536692753434
