times:
  edit-metadata: 0.6339788170298561
  landing: 0.05561539193149656
  view-data: 0.21856244606897235
