times:
  edit-metadata: 1.411536012776196
  landing: 0.021021506749093533
  view-data: 0.12124062608927488
