times:
  edit-metadata: 0.8064262922853231
  landing: 0.660078028216958
  view-data: 0.45250943303108215
