times:
  edit-metadata: 0.8417922854423523
  landing: 0.059729527682065964
  view-data: 0.20957192033529282
