times:
  edit-metadata: 1.3798972330987453
  landing: 0.896967988461256
  view-data: 3.292092826217413
