times:
  edit-metadata: 1.4646592997014523
  landing: 0.01935369148850441
  view-data: 0.02512340247631073
