times:
  edit-metadata: 0.6377274440019391
  landing: 0.0513072559988359
  view-data: 0.21757311699911952
