times:
  landing: 0.550152646000015
  view-data: 0.5541171189999545
