times:
  edit-metadata: 1.7839577235281467
  landing: 1.2577835582196712
  view-data: 3.3860564082860947
