times:
  edit-metadata: 1.5131517136469483
  landing: 0.19206565991044044
  view-data: 0.1242120061069727
