times:
  edit-metadata: 1.44564407505095
  landing: 0.024594394490122795
  view-data: 0.11727899126708508
