times:
  edit-metadata: 0.7775224149227142
  landing: 0.047895997762680054
  view-data: 0.20214073359966278
