times:
  edit-metadata: 1.4606131380423903
  landing: 0.02003564778715372
  view-data: 0.25852907728403807
