times:
  edit-metadata: 0.8320776708424091
  landing: 0.5628813616931438
  view-data: 0.20701982453465462
