times:
  edit-metadata: 0.6146050869720057
  landing: 0.053089680965058506
  view-data: 0.20375655905809253
