times:
  edit-metadata: 0.7230651509016752
  landing: 1.6158702820539474
  view-data: 0.6083220317959785
