times:
  edit-metadata: 1.5597281493246555
  landing: 0.861437451094389
  view-data: 3.464403446763754
