times:
  edit-metadata: 1.4264200245961547
  landing: 0.9047690937295556
  view-data: 3.421540381386876
