times:
  edit-metadata: 1.4340048609301448
  landing: 0.01807578094303608
  view-data: 0.12478491012006998
