times:
  landing: 0.5528493930000309
  view-data: 0.5584384820000423
