times:
  edit-metadata: 1.4696077248081565
  landing: 0.19609653297811747
  view-data: 0.02508340310305357
