times:
  landing: 1.0741582499999822
  view-data: 0.5552071559999945
