times:
  edit-metadata: 0.5276021976023912
  landing: 0.04522357741370797
  view-data: 0.1887702732346952
