times:
  edit-metadata: 1.5137215331196785
  landing: 0.8398340288549662
  view-data: 3.4073015470057726
