times:
  landing: 0.5467975540000225
  view-data: 0.554166440999893
