times:
  edit-metadata: 0.7721847929060459
  landing: 0.042298391461372375
  view-data: 0.20273879915475845
