times:
  edit-metadata: 0.5272208396345377
  landing: 0.7812563758343458
  view-data: 0.2603115066885948
