times:
  edit-metadata: 2.0239820070564747
  landing: 1.1685737520456314
  view-data: 3.4756609685719013
