times:
  edit-metadata: 1.5049210991710424
  landing: 0.02087160386145115
  view-data: 0.11923693213611841
