times:
  edit-metadata: 1.4518548771739006
  landing: 0.022204309701919556
  view-data: 0.11870153620839119
