times:
  edit-metadata: 1.4774619368836284
  landing: 0.01989942044019699
  view-data: 0.4088056944310665
