times:
  landing: 0.5599641169999927
  view-data: 0.5531447440000079
