times:
  edit-metadata: 1.4682817328721285
  landing: 0.021566392853856087
  view-data: 0.11933565139770508
