times:
  edit-metadata: 0.6259047989733517
  landing: 0.04887474898714572
  view-data: 0.20582770102191716
