times:
  edit-metadata: 0.5402479469776154
  landing: 0.04962397599592805
  view-data: 0.19050476606935263
