times:
  edit-metadata: 0.5354945859871805
  landing: 0.04200107976794243
  view-data: 0.22865557903423905
