times:
  edit-metadata: 1.4895694609731436
  landing: 0.021047761663794518
  view-data: 0.3346648942679167
