times:
  edit-metadata: 0.574626318179071
  landing: 0.044845059979707
  view-data: 0.19917980022728443
