times:
  edit-metadata: 0.5877935089956736
  landing: 0.04254891200980637
  view-data: 0.19703495199792087
