times:
  landing: 1.0868027440000105
  view-data: 0.5492810579999627
