times:
  edit-metadata: 1.5812033470720053
  landing: 0.7711329367011786
  view-data: 3.5474602542817593
