times:
  edit-metadata: 1.4203786491416395
  landing: 0.7677545286715031
  view-data: 3.3844201462343335
