times:
  edit-metadata: 0.8050915841013193
  landing: 0.5356131624430418
  view-data: 0.23583876341581345
