times:
  edit-metadata: 1.4759959802031517
  landing: 0.9558990299701691
  view-data: 3.3435862734913826
