times:
  landing: 0.5499501780000173
  view-data: 0.5489414790000637
