times:
  landing: 0.5566566399999715
  view-data: 0.5648526620000212
