times:
  landing: 0.551784710999982
  view-data: 0.5590003470001648
