times:
  edit-metadata: 0.44337297976017
  landing: 0.5306698568165302
  view-data: 0.2163440864533186
