times:
  landing: 0.5571283410000092
  view-data: 0.0551411010000038
