times:
  edit-metadata: 1.4891583770513535
  landing: 0.9194163903594017
  view-data: 3.374078616499901
