times:
  edit-metadata: 0.5674444679170847
  landing: 0.05664793308824301
  view-data: 0.2092949969228357
