times:
  edit-metadata: 1.5132654514163733
  landing: 2.307542597874999
  view-data: 5.513364055193961
