times:
  edit-metadata: 1.8701125783845782
  landing: 0.019587092101573944
  view-data: 0.057409580796957016
