times:
  landing: 0.5477812400000062
  view-data: 0.5482226809999702
