times:
  edit-metadata: 1.4783860929310322
  landing: 0.02180858701467514
  view-data: 0.1417346317321062
