times:
  landing: 1.0696412230000192
  view-data: 0.5558575389999874
