times:
  edit-metadata: 0.5347655853256583
  landing: 0.044419579207897186
  view-data: 0.19965045992285013
