times:
  edit-metadata: 0.8847787715494633
  landing: 0.05745809152722359
  view-data: 0.2047889679670334
