times:
  edit-metadata: 0.7702952325344086
  landing: 0.04378379508852959
  view-data: 0.2147713229060173
