times:
  edit-metadata: 0.6125674340873957
  landing: 0.05128643801435828
  view-data: 0.21437857020646334
