times:
  edit-metadata: 0.5512617049971595
  landing: 0.051691599073819816
  view-data: 0.20537357998546213
