times:
  edit-metadata: 0.5139953820034862
  landing: 0.04423128627240658
  view-data: 0.19704913906753063
