times:
  edit-metadata: 0.6413555790204555
  landing: 0.04765488998964429
  view-data: 0.19400723394937813
