times:
  edit-metadata: 1.4404222965240479
  landing: 0.02454065904021263
  view-data: 0.11826855689287186
