times:
  edit-metadata: 0.5139117939397693
  landing: 0.048322470393031836
  view-data: 0.20387307088822126
