times:
  edit-metadata: 1.6084238849580288
  landing: 0.9625678360462189
  view-data: 3.378080293536186
