times:
  landing: 0.5530217459999562
  view-data: 0.5560467540000218
