times:
  landing: 0.6049412049999887
  view-data: 1.5940866450000044
