times:
  edit-metadata: 1.4881092049181461
  landing: 0.17312442976981401
  view-data: 0.026405555196106434
