times:
  edit-metadata: 0.5491850120015442
  landing: 0.04909321293234825
  view-data: 0.21766551723703742
