times:
  edit-metadata: 1.4727159440517426
  landing: 0.8772515207529068
  view-data: 3.381216138601303
