times:
  edit-metadata: 1.4297868832945824
  landing: 0.8671552464365959
  view-data: 3.3285891637206078
