times:
  edit-metadata: 1.3509326614439487
  landing: 0.7940064482390881
  view-data: 3.3663086742162704
