times:
  landing: 1.070523589000004
  view-data: 0.555494106000026
