times:
  edit-metadata: 1.49496753141284
  landing: 0.02236129529774189
  view-data: 0.024613835848867893
