times:
  edit-metadata: 1.4391564475372434
  landing: 0.20339433662593365
  view-data: 0.20036539155989885
