times:
  edit-metadata: 0.7668515145778656
  landing: 0.04849274456501007
  view-data: 0.19318394735455513
