times:
  edit-metadata: 0.44672767631709576
  landing: 0.5687512923032045
  view-data: 0.5890851132571697
