times:
  edit-metadata: 0.4644062854349613
  landing: 0.46606571413576603
  view-data: 0.1916989404708147
