times:
  edit-metadata: 1.4420978697016835
  landing: 0.7988316174596548
  view-data: 3.409769949503243
