times:
  edit-metadata: 1.56786816008389
  landing: 0.2035084292292595
  view-data: 0.1354815885424614
