times:
  edit-metadata: 2.0547648668289185
  landing: 1.1783393807709217
  view-data: 3.4649647250771523
