times:
  edit-metadata: 1.48343088850379
  landing: 0.8117379667237401
  view-data: 3.4015936329960823
