times:
  edit-metadata: 0.5580005012452602
  landing: 0.03917269501835108
  view-data: 0.20939718559384346
