times:
  landing: 1.815258227987215
  view-data: 0.035042015835642815
