times:
  edit-metadata: 1.4527647979557514
  landing: 0.11670200526714325
  view-data: 0.027623649686574936
