times:
  edit-metadata: 1.4596298467367887
  landing: 0.1379187759011984
  view-data: 0.023333270102739334
