times:
  edit-metadata: 1.4699471946805716
  landing: 0.19610864855349064
  view-data: 0.32766946591436863
