times:
  edit-metadata: 1.4553812509402633
  landing: 0.021708212792873383
  view-data: 0.38721749000251293
