times:
  edit-metadata: 1.8484701439738274
  landing: 1.034671563655138
  view-data: 3.358181342482567
