times:
  edit-metadata: 1.4740373808890581
  landing: 0.10072407685220242
  view-data: 0.024509960785508156
