times:
  edit-metadata: 1.496070772409439
  landing: 0.9248023144900799
  view-data: 3.3487464040517807
