times:
  edit-metadata: 0.633098570164293
  landing: 0.046867335215210915
  view-data: 0.23655000561848283
