times:
  edit-metadata: 1.4576576482504606
  landing: 0.23094915226101875
  view-data: 0.023631053045392036
