times:
  edit-metadata: 1.550456054508686
  landing: 0.8342957217246294
  view-data: 3.3177993912249804
