times:
  edit-metadata: 0.5830789217725396
  landing: 0.13666112395003438
  view-data: 0.3515400141477585
