times:
  edit-metadata: 1.540664223022759
  landing: 0.01938054896891117
  view-data: 0.02349600475281477
