times:
  landing: 0.5515361729999881
  view-data: 0.5542233259999989
