times:
  edit-metadata: 2.991251558996737
  landing: 0.5856939386576414
  view-data: 0.7000225549563766
