times:
  edit-metadata: 1.6984325274825096
  landing: 0.2386442832648754
  view-data: 0.025109464302659035
