times:
  edit-metadata: 1.5040783770382404
  landing: 0.8005423708818853
  view-data: 3.379511433187872
