times:
  edit-metadata: 2.3034389638341963
  landing: 1.3547073109075427
  view-data: 3.3663884168490767
