times:
  edit-metadata: 1.5476218275725842
  landing: 0.021039554849267006
  view-data: 0.3034786246716976
