times:
  edit-metadata: 0.5053618848323822
  landing: 1.3918995074927807
  view-data: 0.31633665785193443
