times:
  edit-metadata: 1.52031259983778
  landing: 0.8057758808135986
  view-data: 3.4263935573399067
