times:
  edit-metadata: 0.8115398157387972
  landing: 0.6470650248229504
  view-data: 0.18750327080488205
