times:
  landing: 1.069733216999964
  view-data: 0.562413896999999
