times:
  landing: 0.5411136260000262
  view-data: 0.04569379800000206
