times:
  edit-metadata: 1.5592664517462254
  landing: 0.025515694171190262
  view-data: 0.1253045191988349
