times:
  edit-metadata: 1.7560786046087742
  landing: 0.35521064698696136
  view-data: 0.19308690167963505
