times:
  edit-metadata: 1.584824482910335
  landing: 0.12252782937139273
  view-data: 0.02302361372858286
