times:
  edit-metadata: 1.4988008737564087
  landing: 0.1652608085423708
  view-data: 0.29392422549426556
