times:
  edit-metadata: 1.484307425096631
  landing: 0.1953080166131258
  view-data: 0.32297659292817116
