times:
  edit-metadata: 0.807883758097887
  landing: 0.04061427712440491
  view-data: 0.1995660439133644
