times:
  edit-metadata: 0.8144811950623989
  landing: 0.04214916005730629
  view-data: 0.21240994706749916
