times:
  edit-metadata: 0.5326945311389863
  landing: 0.06682826392352581
  view-data: 0.2247049759607762
