times:
  edit-metadata: 1.5721313618123531
  landing: 1.0182789154350758
  view-data: 3.320983573794365
