times:
  edit-metadata: 1.6950962729752064
  landing: 0.9313636459410191
  view-data: 3.382566958665848
