times:
  edit-metadata: 0.8086701519787312
  landing: 0.5723089128732681
  view-data: 0.606794286519289
