times:
  edit-metadata: 0.6257022779900581
  landing: 0.04628887306898832
  view-data: 0.20827096898574382
