times:
  edit-metadata: 0.7591904650907964
  landing: 0.07321699382737279
  view-data: 0.19667291990481317
