times:
  edit-metadata: 0.7762107439339161
  landing: 0.04388577491044998
  view-data: 0.19880253449082375
