times:
  landing: 0.5449185410000155
  view-data: 0.5463118620000387
