times:
  landing: 1.0664369589999865
  view-data: 0.5526061060000416
