times:
  landing: 1.066446610000014
  view-data: 0.5581030400000486
