times:
  edit-metadata: 1.4536844324320555
  landing: 0.8073786813765764
  view-data: 3.4274443183094263
