times:
  edit-metadata: 1.2033183979801834
  landing: 0.6941713620908558
  view-data: 3.2422904041595757
