times:
  edit-metadata: 0.7890454791486263
  landing: 0.10098063899204135
  view-data: 0.2965109399519861
