times:
  edit-metadata: 0.5715587961021811
  landing: 0.04835484083741903
  view-data: 0.19046543189324439
