times:
  edit-metadata: 0.5497983820096124
  landing: 0.05207146701286547
  view-data: 0.19463322998490185
