times:
  edit-metadata: 1.3475411749677733
  landing: 0.7708099219016731
  view-data: 3.287028289050795
