times:
  edit-metadata: 0.7361054290086031
  landing: 0.7045410182327032
  view-data: 0.3053605854511261
