times:
  edit-metadata: 0.5440597939305007
  landing: 0.05326690897345543
  view-data: 0.2202342809177935
