times:
  edit-metadata: 1.3952569551765919
  landing: 0.7285768277943134
  view-data: 3.3147527128458023
