times:
  landing: 0.5631064059999744
  view-data: 0.5546851849999825
