times:
  edit-metadata: 0.5508860780391842
  landing: 0.04658642900176346
  view-data: 0.1983752897940576
