times:
  edit-metadata: 1.5617028959095478
  landing: 1.0041980594396591
  view-data: 3.4384742192924023
