times:
  edit-metadata: 0.7999450862407684
  landing: 0.04751425236463547
  view-data: 0.20800703018903732
