times:
  edit-metadata: 0.5692638021428138
  landing: 0.0469275179784745
  view-data: 0.2131470120511949
