times:
  edit-metadata: 0.7863020114600658
  landing: 0.5434107519686222
  view-data: 0.22182968445122242
