times:
  landing: 0.5512335829999984
  view-data: 0.5548128280000242
