times:
  edit-metadata: 0.8253104873001575
  landing: 0.8790423180907965
  view-data: 0.3093890640884638
