times:
  edit-metadata: 1.4249547626823187
  landing: 0.7767556449398398
  view-data: 3.4405365781858563
