times:
  edit-metadata: 0.7818335760384798
  landing: 0.5394821427762508
  view-data: 0.2029207218438387
