times:
  landing: 1.078171741999995
  view-data: 0.5540398480000022
