times:
  edit-metadata: 0.5567896398715675
  landing: 0.0455374107696116
  view-data: 0.20573052670806646
