times:
  landing: 0.5500866009999754
  view-data: 0.5626047749999543
