times:
  edit-metadata: 1.8019427107647061
  landing: 0.02212471328675747
  view-data: 0.11912079714238644
