times:
  edit-metadata: 1.4265026040375233
  landing: 0.19296474009752274
  view-data: 0.022156331688165665
