times:
  edit-metadata: 1.467489373870194
  landing: 0.021657146513462067
  view-data: 0.44509650208055973
