times:
  edit-metadata: 1.5103476364165545
  landing: 0.9557049684226513
  view-data: 3.5505191963166
