times:
  edit-metadata: 0.7732028849422932
  landing: 0.046126287430524826
  view-data: 0.20204946398735046
