times:
  edit-metadata: 0.5487040588632226
  landing: 0.054082573391497135
  view-data: 0.21688909269869328
