times:
  edit-metadata: 2.1095833647996187
  landing: 0.31527315452694893
  view-data: 0.22949265129864216
