times:
  edit-metadata: 1.4936059843748808
  landing: 0.720675328746438
  view-data: 3.340270509943366
