times:
  edit-metadata: 0.5376632614061236
  landing: 0.05054190009832382
  view-data: 0.2002207050099969
