times:
  edit-metadata: 0.7352322563529015
  landing: 0.8455790914595127
  view-data: 0.20095405913889408
