times:
  landing: 1.57625836699998
  view-data: 0.5497717520000265
