times:
  edit-metadata: 0.5526105999015272
  landing: 0.04510265798307955
  view-data: 0.2008827629033476
