times:
  edit-metadata: 0.5075910808518529
  landing: 0.04771327180787921
  view-data: 0.19427073234692216
