times:
  edit-metadata: 0.7607351038604975
  landing: 0.763765063136816
  view-data: 0.5468634553253651
