times:
  edit-metadata: 0.634092393796891
  landing: 0.046156267169862986
  view-data: 0.2448872858658433
