times:
  edit-metadata: 0.7800502628087997
  landing: 0.048018958419561386
  view-data: 0.20908382162451744
