times:
  edit-metadata: 1.5256393775343895
  landing: 0.13428850285708904
  view-data: 0.26973204500973225
