times:
  edit-metadata: 1.5222538206726313
  landing: 0.7328250613063574
  view-data: 3.383564805611968
