times:
  edit-metadata: 0.5864888457581401
  landing: 0.045247262343764305
  view-data: 0.20564696285873652
