times:
  landing: 1.0616141300000095
  view-data: 0.5451500479999822
