times:
  edit-metadata: 0.7024831460148562
  landing: 0.11268315199413337
  view-data: 0.2738519700069446
