times:
  edit-metadata: 2.419099487364292
  landing: 0.7269327342510223
  view-data: 3.5729243345558643
