times:
  edit-metadata: 0.8491073399782181
  landing: 0.5881165042519569
  view-data: 0.4020959250628948
