times:
  edit-metadata: 0.5579243979882449
  landing: 0.04698775080032647
  view-data: 0.22770592104643583
