times:
  edit-metadata: 1.4518890734761953
  landing: 0.22454782016575336
  view-data: 0.02330264262855053
