times:
  edit-metadata: 1.7110692840069532
  landing: 0.9739684369415045
  view-data: 3.4456365574151278
