times:
  edit-metadata: 0.5505948890931904
  landing: 0.0570230009034276
  view-data: 0.19098591106012464
