times:
  edit-metadata: 1.5375000080093741
  landing: 0.8227231660857797
  view-data: 3.3794355830177665
