times:
  edit-metadata: 0.5313322750007501
  landing: 0.04532964299869491
  view-data: 0.21868093699595192
