times:
  edit-metadata: 1.5155713632702827
  landing: 0.24631056748330593
  view-data: 0.02525344304740429
