times:
  edit-metadata: 0.5901595950126648
  landing: 0.04541923897340894
  view-data: 0.18975016311742365
