times:
  landing: 0.5520691099999908
  view-data: 0.5600297659999569
