times:
  edit-metadata: 0.5750308211427182
  landing: 0.05259285820648074
  view-data: 0.34948812099173665
