times:
  edit-metadata: 0.5863977619997058
  landing: 0.07080844299980527
  view-data: 0.21968517799996334
