times:
  edit-metadata: 1.7834750395268202
  landing: 0.3593916241079569
  view-data: 0.3574542459100485
