times:
  edit-metadata: 1.4117370080202818
  landing: 0.01945239771157503
  view-data: 0.11668844055384398
