times:
  edit-metadata: 0.5706374689470977
  landing: 0.051415001042187214
  view-data: 0.23746914183720946
