times:
  edit-metadata: 1.4731280412524939
  landing: 0.019767734222114086
  view-data: 0.09726459346711636
