times:
  edit-metadata: 1.447347542271018
  landing: 0.7951621552929282
  view-data: 3.4004517942667007
