times:
  edit-metadata: 1.4300728514790535
  landing: 0.9095937721431255
  view-data: 3.328850954771042
