times:
  landing: 0.554469389000019
  view-data: 0.5588708079999947
