times:
  edit-metadata: 1.3295287266373634
  landing: 0.8241802342236042
  view-data: 3.3495157584547997
