times:
  edit-metadata: 0.6186505341902375
  landing: 0.047431210055947304
  view-data: 0.22169968904927373
