times:
  edit-metadata: 0.5671222800156102
  landing: 0.05168581404723227
  view-data: 0.198909469996579
