times:
  edit-metadata: 1.5256611313670874
  landing: 0.8111052867025137
  view-data: 3.3711773604154587
