times:
  landing: 0.5512100990000022
  view-data: 0.554845585999999
