times:
  edit-metadata: 1.5746819451451302
  landing: 0.8644559364765882
  view-data: 3.4092956334352493
