times:
  edit-metadata: 1.4162935158237815
  landing: 0.8704753848724067
  view-data: 3.557866560295224
