times:
  edit-metadata: 0.7801384590566158
  landing: 1.0688216015696526
  view-data: 0.324436416849494
