times:
  edit-metadata: 0.7755781225860119
  landing: 0.04343106597661972
  view-data: 0.20078812167048454
