times:
  landing: 0.550786716999994
  view-data: 0.5551884770000015
