times:
  edit-metadata: 1.463978518731892
  landing: 0.020881053991615772
  view-data: 0.023952707648277283
