times:
  edit-metadata: 1.4987036064267159
  landing: 0.7277617286890745
  view-data: 3.387530969455838
