times:
  edit-metadata: 0.5562376119196415
  landing: 0.04382908809930086
  view-data: 0.20479174330830574
