times:
  edit-metadata: 0.5444869650527835
  landing: 0.041333265602588654
  view-data: 0.21018899139016867
