times:
  edit-metadata: 1.9752219058573246
  landing: 1.2190796323120594
  view-data: 4.054035175591707
