times:
  edit-metadata: 1.4973374865949154
  landing: 0.8759126532822847
  view-data: 3.4235305078327656
