times:
  edit-metadata: 1.4553740657866001
  landing: 0.95865598320961
  view-data: 3.326129697263241
