times:
  edit-metadata: 1.4535965267568827
  landing: 0.8356430474668741
  view-data: 3.400989427231252
