times:
  edit-metadata: 1.489403460174799
  landing: 0.8078544922173023
  view-data: 3.3684323616325855
