times:
  edit-metadata: 0.5643592110136524
  landing: 0.05958217702573165
  view-data: 0.21813850902253762
