times:
  edit-metadata: 0.5367624871432781
  landing: 0.04277329100295901
  view-data: 0.20951182302087545
