times:
  edit-metadata: 1.5040777288377285
  landing: 0.818132471293211
  view-data: 3.3491134978830814
