times:
  edit-metadata: 0.5263609942048788
  landing: 0.05137800518423319
  view-data: 0.21110815601423383
