times:
  edit-metadata: 0.5604832880198956
  landing: 0.051515004015527666
  view-data: 0.21720313397236168
