times:
  edit-metadata: 0.930353133007884
  landing: 0.04623670317232609
  view-data: 0.21533247269690037
