times:
  edit-metadata: 1.4911130592226982
  landing: 0.9314360730350018
  view-data: 3.4488327838480473
