times:
  edit-metadata: 0.5440663807094097
  landing: 0.03742268402129412
  view-data: 0.20202249521389604
