times:
  edit-metadata: 1.4516217932105064
  landing: 0.9108598120510578
  view-data: 3.5102808736264706
