times:
  edit-metadata: 0.5374802611768246
  landing: 0.04304560460150242
  view-data: 0.2032916210591793
