times:
  edit-metadata: 0.6207533269771375
  landing: 0.04747531400062144
  view-data: 0.24198600696399808
