times:
  landing: 1.0697024869999723
  view-data: 0.5519711360000201
