times:
  landing: 0.5473214040000016
  view-data: 0.5519229100000302
