times:
  edit-metadata: 1.482089288532734
  landing: 0.018911881372332573
  view-data: 0.3670224826782942
