times:
  edit-metadata: 0.5967756640166044
  landing: 0.046164598781615496
  view-data: 0.28360172687098384
