times:
  landing: 1.0657559409999635
  view-data: 0.558335709000005
