times:
  edit-metadata: 1.4609107933938503
  landing: 0.1555890440940857
  view-data: 0.32535750046372414
