times:
  edit-metadata: 2.0005194321274757
  landing: 0.27771028876304626
  view-data: 0.531450055539608
