times:
  edit-metadata: 0.7445843145251274
  landing: 2.0978267565369606
  view-data: 0.5520270429551601
