times:
  edit-metadata: 0.5786194368265569
  landing: 0.04151017591357231
  view-data: 0.19965177704580128
