times:
  edit-metadata: 0.788137573748827
  landing: 0.04192354530096054
  view-data: 0.1951979584991932
