times:
  edit-metadata: 1.469574580900371
  landing: 0.8542739478871226
  view-data: 3.417504822835326
