times:
  landing: 0.5729444500000227
  view-data: 0.5536183199999414
