times:
  edit-metadata: 0.5912309400737286
  landing: 0.040341116953641176
  view-data: 0.19968522409908473
