times:
  edit-metadata: 1.5421722028404474
  landing: 0.730609992519021
  view-data: 0.7126538343727589
