times:
  edit-metadata: 1.3634704537689686
  landing: 0.8339562490582466
  view-data: 3.3500693067908287
