times:
  edit-metadata: 1.6674657687544823
  landing: 1.0041999630630016
  view-data: 3.5115905106067657
