times:
  edit-metadata: 1.5046152751892805
  landing: 0.7355334721505642
  view-data: 3.367995211854577
