times:
  edit-metadata: 0.5335908732376993
  landing: 0.03873542696237564
  view-data: 0.20314599107950926
