times:
  edit-metadata: 1.4819622784852982
  landing: 0.7912082374095917
  view-data: 3.422789078205824
