times:
  edit-metadata: 1.4197069555521011
  landing: 0.77358821593225
  view-data: 3.315710809081793
