times:
  edit-metadata: 1.5121279284358025
  landing: 0.9117019325494766
  view-data: 0.9133670516312122
