times:
  edit-metadata: 1.6178248301148415
  landing: 0.93782614544034
  view-data: 3.455580372363329
