times:
  edit-metadata: 0.5934138400480151
  landing: 0.04401337308809161
  view-data: 0.19229295407421887
