times:
  edit-metadata: 1.4413274619728327
  landing: 0.19043485913425684
  view-data: 0.37336364574730396
