times:
  edit-metadata: 0.5545736770145595
  landing: 0.05283375317230821
  view-data: 0.21674935892224312
