times:
  landing: 0.5502362340000104
  view-data: 0.5548035680000112
