times:
  edit-metadata: 0.5388493309728801
  landing: 0.039949933998286724
  view-data: 0.20274657430127263
