times:
  landing: 1.0669353050000154
  view-data: 0.5513959410000098
