times:
  edit-metadata: 1.4487904720008373
  landing: 0.9146421104669571
  view-data: 3.3166663609445095
