times:
  landing: 0.593673119000016
  view-data: 0.5595601429999988
