times:
  edit-metadata: 0.8022599373944104
  landing: 0.10987848974764347
  view-data: 0.3054190929979086
