times:
  edit-metadata: 0.5630503031425178
  landing: 0.04578562593087554
  view-data: 0.1996922637335956
