times:
  edit-metadata: 1.4590671584010124
  landing: 0.020077401772141457
  view-data: 0.02709140907973051
