times:
  edit-metadata: 0.5526139680296183
  landing: 0.04111534543335438
  view-data: 0.22012356389313936
