times:
  edit-metadata: 1.4277971610426903
  landing: 0.8766513000009581
  view-data: 3.356584143009968
