times:
  edit-metadata: 1.7166240718215704
  landing: 0.3583738822489977
  view-data: 0.3771861456334591
