times:
  edit-metadata: 0.5418337769806385
  landing: 0.040038855746388435
  view-data: 0.20020035095512867
