times:
  edit-metadata: 0.5091039035469294
  landing: 0.04828825034201145
  view-data: 0.21173332165926695
