times:
  edit-metadata: 0.49728155601769686
  landing: 0.039918099995702505
  view-data: 0.19260621909052134
