times:
  landing: 1.5992121790000056
  view-data: 0.5601364199999921
