times:
  edit-metadata: 0.5980876239918871
  landing: 0.055170723993796855
  view-data: 0.20809326400922146
