times:
  edit-metadata: 2.2490686737000942
  landing: 0.2245346773415804
  view-data: 0.026304073631763458
