times:
  edit-metadata: 0.7101940419524908
  landing: 0.6864675953984261
  view-data: 0.19900796934962273
