times:
  edit-metadata: 0.49274356104433537
  landing: 0.9634100385010242
  view-data: 0.2116208579391241
