times:
  edit-metadata: 1.4064230090007186
  landing: 0.840166533831507
  view-data: 3.393402060959488
