times:
  edit-metadata: 0.8926289980299771
  landing: 0.09875425789505243
  view-data: 0.23044147761538625
