times:
  landing: 0.5464027079999596
  view-data: 0.5575875750000137
