times:
  edit-metadata: 0.7558618113398552
  landing: 0.05245796591043472
  view-data: 0.19906345009803772
