times:
  edit-metadata: 1.5083401342853904
  landing: 0.8214959166944027
  view-data: 3.3977181669324636
