times:
  edit-metadata: 0.5673097360413522
  landing: 0.04250837001018226
  view-data: 0.1969686090014875
