times:
  landing: 0.5527030850000187
  view-data: 0.5596948710000333
