times:
  edit-metadata: 0.541819672100246
  landing: 0.0480559510178864
  view-data: 0.1959483460523188
