times:
  edit-metadata: 0.47917541302740574
  landing: 0.5816584527492523
  view-data: 0.1952977441251278
