times:
  edit-metadata: 1.5178643055260181
  landing: 0.11539584398269653
  view-data: 0.023723365738987923
