times:
  edit-metadata: 1.2298027949873358
  landing: 0.7559603819390759
  view-data: 3.271294125006534
