times:
  edit-metadata: 1.526230426505208
  landing: 0.7820211928337812
  view-data: 3.380803447216749
