times:
  edit-metadata: 0.7802537865936756
  landing: 0.04482918977737427
  view-data: 0.19466277956962585
