times:
  edit-metadata: 1.5378408506512642
  landing: 0.6767976209521294
  view-data: 3.3320905826985836
