times:
  edit-metadata: 0.8005777820944786
  landing: 0.038574978709220886
  view-data: 0.20240847021341324
