times:
  edit-metadata: 0.7926890669996283
  landing: 0.10389739200036274
  view-data: 0.21980684100026338
