times:
  edit-metadata: 0.5385729940608144
  landing: 0.043333797715604305
  view-data: 0.20176266273483634
