times:
  edit-metadata: 1.4040476782247424
  landing: 0.7254691082052886
  view-data: 3.312039160169661
