times:
  landing: 0.5582452209999929
  view-data: 0.5543407239999851
