times:
  edit-metadata: 0.8504958599805832
  landing: 0.04996560141444206
  view-data: 0.20320068672299385
