times:
  edit-metadata: 1.4245327459648252
  landing: 0.02212848048657179
  view-data: 0.12501507718116045
