times:
  landing: 0.5578276440000423
  view-data: 0.5613006649999761
