times:
  edit-metadata: 0.7785171177238226
  landing: 0.5774277951568365
  view-data: 0.638537559658289
