times:
  edit-metadata: 1.641572879627347
  landing: 0.26151989214122295
  view-data: 0.3186111282557249
