times:
  landing: 0.5505866169999649
  view-data: 0.5514506339999912
