times:
  landing: 0.553859741999986
  view-data: 0.5646544690000042
