times:
  edit-metadata: 0.8054029196500778
  landing: 0.047184910625219345
  view-data: 0.20964868366718292
