times:
  edit-metadata: 1.3297759294509888
  landing: 0.7752081472426653
  view-data: 3.373152820393443
