times:
  edit-metadata: 1.6457876320928335
  landing: 0.9052002541720867
  view-data: 3.335895836353302
