times:
  edit-metadata: 0.5364980200247373
  landing: 0.04964648399618454
  view-data: 0.2117430109938141
