times:
  edit-metadata: 0.5387171690817922
  landing: 0.04955944395624101
  view-data: 0.20874161482788622
