times:
  edit-metadata: 1.3991132429800928
  landing: 0.8231380390934646
  view-data: 3.3594877989962697
