times:
  edit-metadata: 1.497566057369113
  landing: 0.7716208640486002
  view-data: 3.3938970416784286
