times:
  edit-metadata: 0.5520625161007047
  landing: 0.050417502876371145
  view-data: 0.2197493934072554
