times:
  edit-metadata: 1.4621832575649023
  landing: 0.764684809371829
  view-data: 0.6944344080984592
