times:
  landing: 0.5490664999999808
  view-data: 0.5559768759999884
