times:
  edit-metadata: 0.5342916080262512
  landing: 0.048500216798856854
  view-data: 0.21541075501590967
