times:
  edit-metadata: 0.7912663072347641
  landing: 0.0375017412006855
  view-data: 0.19814730808138847
