times:
  landing: 1.065447302999985
  view-data: 0.5504975669999794
