times:
  edit-metadata: 0.7782806530594826
  landing: 0.6411854084581137
  view-data: 0.1931686531752348
