times:
  edit-metadata: 1.4203003160655499
  landing: 0.020843799225986004
  view-data: 0.02625460922718048
