times:
  edit-metadata: 0.523815497290343
  landing: 0.0441373148933053
  view-data: 0.20209495816379786
