times:
  landing: 1.0697860039999796
  view-data: 0.5623942739999848
