times:
  edit-metadata: 0.6463157519465312
  landing: 0.05770653497893363
  view-data: 0.23393467598361894
