times:
  edit-metadata: 0.8114253804087639
  landing: 0.8784198351204395
  view-data: 0.4824089612811804
