times:
  edit-metadata: 1.5509917978197336
  landing: 0.8464563619345427
  view-data: 3.324114779010415
