times:
  edit-metadata: 1.531153166666627
  landing: 0.8394942823797464
  view-data: 0.6203603707253933
