times:
  edit-metadata: 0.5162514774128795
  landing: 0.04535631649196148
  view-data: 0.2136933719739318
