times:
  landing: 0.5516135550000172
  view-data: 0.555008310000062
