times:
  edit-metadata: 1.7845640443265438
  landing: 1.1402252949774265
  view-data: 3.397285118699074
