times:
  edit-metadata: 0.5949715430033393
  landing: 0.044330041971988976
  view-data: 0.20116244902601466
