times:
  edit-metadata: 0.5649269409477711
  landing: 0.0522700201254338
  view-data: 0.1949611019808799
