times:
  edit-metadata: 0.5559862768277526
  landing: 0.04241611808538437
  view-data: 0.19602392241358757
