times:
  landing: 0.557333060000019
  view-data: 0.5615306110000233
