times:
  edit-metadata: 0.535311128012836
  landing: 0.046489871107041836
  view-data: 0.19772467762231827
