times:
  edit-metadata: 1.40848004585132
  landing: 0.9028306431137025
  view-data: 3.462632739916444
