times:
  edit-metadata: 0.47542074508965015
  landing: 1.348296044394374
  view-data: 0.4327327832579613
