times:
  edit-metadata: 0.5657063666731119
  landing: 0.044360094238072634
  view-data: 0.20189940510317683
