times:
  edit-metadata: 1.4287088690325618
  landing: 0.02145239431411028
  view-data: 0.12150487210601568
