times:
  edit-metadata: 0.4391239769756794
  landing: 0.5812317226082087
  view-data: 0.2300277315080166
