times:
  landing: 0.5525848339999584
  view-data: 0.5579913760000181
