times:
  edit-metadata: 1.9907133299857378
  landing: 0.18675638176500797
  view-data: 0.17632437124848366
