times:
  edit-metadata: 1.8236095905303955
  landing: 0.2586492747068405
  view-data: 0.10192773677408695
