times:
  edit-metadata: 0.6885568210855126
  landing: 0.08398300176486373
  view-data: 0.41690280567854643
