times:
  edit-metadata: 0.6234288249979727
  landing: 0.04887183700338937
  view-data: 0.21756273898063228
