times:
  edit-metadata: 0.8037223480641842
  landing: 0.03954143822193146
  view-data: 0.21079345792531967
