times:
  edit-metadata: 1.6930747386068106
  landing: 0.31005705147981644
  view-data: 0.4596128426492214
