times:
  edit-metadata: 1.3867108337581158
  landing: 0.84885398671031
  view-data: 0.7330827191472054
