times:
  edit-metadata: 1.4172802781686187
  landing: 0.12637229822576046
  view-data: 0.0257108137011528
