times:
  landing: 1.5887192209999625
  view-data: 0.5559901109999714
