times:
  edit-metadata: 0.5532142990268767
  landing: 0.04570934735238552
  view-data: 0.1828086650930345
