times:
  edit-metadata: 1.9264786876738071
  landing: 0.16514688730239868
  view-data: 0.38007652200758457
