times:
  edit-metadata: 1.5532774217426777
  landing: 0.8682350516319275
  view-data: 3.476841965690255
