times:
  edit-metadata: 0.5378972080070525
  landing: 0.048142756801098585
  view-data: 0.21254079905338585
