times:
  edit-metadata: 1.4957787729799747
  landing: 0.022249629721045494
  view-data: 0.3196867685765028
