times:
  edit-metadata: 1.516577534377575
  landing: 0.8632596209645271
  view-data: 3.2899936363101006
