times:
  landing: 0.5596235180000235
  view-data: 0.5581714150000039
