times:
  edit-metadata: 0.515395169146359
  landing: 0.041263507679104805
  view-data: 0.19672377593815327
