times:
  edit-metadata: 1.548179691657424
  landing: 0.3589932043105364
  view-data: 0.027751216664910316
