times:
  edit-metadata: 1.3942536022514105
  landing: 0.9660914498381317
  view-data: 3.4343762951903045
