times:
  edit-metadata: 1.5990100987255573
  landing: 0.9596843235194683
  view-data: 3.349885191768408
