times:
  edit-metadata: 0.5562236700206995
  landing: 0.04966595908626914
  view-data: 0.20253787795081735
