times:
  edit-metadata: 1.5205002799630165
  landing: 0.20184834487736225
  view-data: 0.027880745008587837
