times:
  edit-metadata: 1.4360047318041325
  landing: 0.8732031062245369
  view-data: 3.3385815359652042
