times:
  edit-metadata: 0.5702433810802177
  landing: 0.04172773892059922
  view-data: 0.1888499630149454
