times:
  edit-metadata: 1.8352815136313438
  landing: 0.17020404525101185
  view-data: 0.03420804813504219
