times:
  edit-metadata: 1.4113417323678732
  landing: 0.7456450425088406
  view-data: 3.3534882124513388
