times:
  edit-metadata: 1.5049069225788116
  landing: 0.8216563276946545
  view-data: 3.455294221639633
