times:
  edit-metadata: 1.7252793069928885
  landing: 0.9455141332000494
  view-data: 3.386324178427458
