times:
  edit-metadata: 0.8100873623043299
  landing: 0.568367313593626
  view-data: 0.6400775015354156
