times:
  edit-metadata: 0.7593742646276951
  landing: 0.04692836105823517
  view-data: 0.1995709426701069
