times:
  landing: 0.5447015910000346
  view-data: 0.5544587250000177
