times:
  edit-metadata: 1.3838081918656826
  landing: 0.8999138660728931
  view-data: 3.4047637917101383
