times:
  edit-metadata: 1.5333520136773586
  landing: 0.9152857735753059
  view-data: 3.3904923163354397
