times:
  edit-metadata: 0.5482696919934824
  landing: 0.046888530952855945
  view-data: 0.21280136099085212
