times:
  edit-metadata: 0.7860433012247086
  landing: 0.04622793570160866
  view-data: 0.19957149773836136
