times:
  edit-metadata: 0.6356676090508699
  landing: 0.05461890809237957
  view-data: 0.19838469615206122
