times:
  edit-metadata: 1.4824993154034019
  landing: 0.020845660008490086
  view-data: 0.11787162255495787
