times:
  edit-metadata: 1.3558062799274921
  landing: 0.8149914145469666
  view-data: 3.3274829387664795
