times:
  edit-metadata: 0.5153513248078525
  landing: 0.03896939102560282
  view-data: 0.20535104675218463
