times:
  edit-metadata: 1.5007933340966702
  landing: 0.8653865642845631
  view-data: 3.3384124115109444
