times:
  edit-metadata: 0.7795221917331219
  landing: 0.568595765158534
  view-data: 0.2112188059836626
