times:
  edit-metadata: 1.676714926958084
  landing: 0.8612295985221863
  view-data: 3.3752225562930107
