times:
  edit-metadata: 1.4340964569710195
  landing: 0.8081434010528028
  view-data: 3.388675451045856
