times:
  edit-metadata: 0.5644470560364425
  landing: 0.05291017994750291
  view-data: 0.22073163802269846
