times:
  edit-metadata: 0.46835039742290974
  landing: 0.37040053866803646
  view-data: 0.18941538967192173
