times:
  edit-metadata: 1.7346603441983461
  landing: 0.17369069904088974
  view-data: 0.16587381064891815
