times:
  edit-metadata: 1.4889709670096636
  landing: 0.021465038880705833
  view-data: 0.1236418941989541
