times:
  edit-metadata: 0.5651882889214903
  landing: 0.047602955950424075
  view-data: 0.19432875886559486
