times:
  edit-metadata: 0.5892768111079931
  landing: 0.05226315394975245
  view-data: 0.23362531093880534
