times:
  edit-metadata: 1.5590216480195522
  landing: 0.8560865372419357
  view-data: 3.4535329956561327
