times:
  edit-metadata: 1.4455377629492432
  landing: 0.7641786109888926
  view-data: 3.295365819009021
