times:
  edit-metadata: 0.5329709211364388
  landing: 0.04008103488013148
  view-data: 0.2069015591405332
