times:
  edit-metadata: 1.4397915611043572
  landing: 0.019332039169967175
  view-data: 0.10176071058958769
