times:
  landing: 0.5431698810000398
  view-data: 0.5482724510000025
