times:
  edit-metadata: 0.610836534993723
  landing: 0.045530318981036544
  view-data: 0.19906473002629355
