times:
  edit-metadata: 0.577360013499856
  landing: 0.04633851908147335
  view-data: 0.2090444304049015
