times:
  edit-metadata: 0.6566117508336902
  landing: 0.07455534813925624
  view-data: 0.21880787098780274
