times:
  landing: 0.5508051819999764
  view-data: 0.552460592999978
