times:
  edit-metadata: 1.534893225878477
  landing: 0.8660838156938553
  view-data: 3.4163549095392227
