times:
  edit-metadata: 0.5448856640141457
  landing: 0.043504334054887295
  view-data: 0.2152781889308244
