times:
  edit-metadata: 0.5462244439404458
  landing: 0.04657355695962906
  view-data: 0.20705088903196156
