times:
  edit-metadata: 1.488623034209013
  landing: 0.8246892504394054
  view-data: 3.408655110746622
