times:
  landing: 0.5498747040001035
  view-data: 0.5548765769999591
