times:
  edit-metadata: 0.5408326210454106
  landing: 0.04777955170720816
  view-data: 0.20882379077374935
