times:
  edit-metadata: 1.514275681693107
  landing: 0.7676691561937332
  view-data: 3.3713691821321845
