times:
  edit-metadata: 1.6433174833655357
  landing: 0.24535780772566795
  view-data: 0.369722668081522
