times:
  landing: 0.5507973950000178
  view-data: 0.5667347959999915
