times:
  landing: 0.5588949179999645
  view-data: 0.5577690970000049
