times:
  landing: 0.5638566399999831
  view-data: 0.5604959190000045
