times:
  edit-metadata: 0.8487552162259817
  landing: 0.7895150799304247
  view-data: 0.20627523958683014
