times:
  landing: 0.5625764529999628
  view-data: 0.5583744389999765
