times:
  edit-metadata: 1.4864379409700632
  landing: 0.019414962269365788
  view-data: 0.025648551993072033
