times:
  edit-metadata: 0.5587479323148727
  landing: 0.05992179922759533
  view-data: 0.19271029997617006
