times:
  landing: 0.5532835199999795
  view-data: 0.5534349299999803
