times:
  landing: 1.069446939000045
  view-data: 0.5491919739999958
