times:
  edit-metadata: 0.5881485629361123
  landing: 0.0585823820438236
  view-data: 0.1967007729690522
