times:
  edit-metadata: 1.354033648967743
  landing: 0.8551663551479578
  view-data: 3.310234625823796
