times:
  landing: 1.0665283589999603
  view-data: 0.5510609240000122
