times:
  edit-metadata: 0.5569435500074178
  landing: 0.041897093993611634
  view-data: 0.20051246404182166
