times:
  edit-metadata: 1.5519513711333275
  landing: 0.9583493247628212
  view-data: 0.8603852838277817
