times:
  landing: 1.0648328880000122
  view-data: 0.5533398439999928
