times:
  edit-metadata: 0.929626140743494
  landing: 0.7383057828992605
  view-data: 0.32947186939418316
