times:
  landing: 1.0735348199999635
  view-data: 0.5594367589999933
