times:
  edit-metadata: 1.4597114361822605
  landing: 0.20090706832706928
  view-data: 0.14696900360286236
