times:
  edit-metadata: 0.6380700287409127
  landing: 0.04966982686892152
  view-data: 0.2041310709901154
