times:
  edit-metadata: 0.5863074213266373
  landing: 0.049729721155017614
  view-data: 0.1912033730186522
