times:
  edit-metadata: 0.7173633482307196
  landing: 0.900294965133071
  view-data: 0.23454809933900833
