times:
  edit-metadata: 0.8915497930720448
  landing: 0.07449759729206562
  view-data: 0.2173881852068007
