times:
  edit-metadata: 0.8107950743287802
  landing: 0.7758416142314672
  view-data: 0.329586124047637
