times:
  edit-metadata: 1.6170210652053356
  landing: 0.8381322752684355
  view-data: 3.314429547637701
