times:
  edit-metadata: 1.4855554457753897
  landing: 0.020257703959941864
  view-data: 0.12113525159657001
