times:
  edit-metadata: 0.7538674678653479
  landing: 0.5600115992128849
  view-data: 0.1965776365250349
