times:
  edit-metadata: 1.471365381963551
  landing: 0.023965992033481598
  view-data: 0.30976678617298603
