times:
  edit-metadata: 0.5883931608404964
  landing: 0.044336342019960284
  view-data: 0.19139565085060894
