times:
  edit-metadata: 1.4418757734820247
  landing: 0.02113407664000988
  view-data: 0.024362707510590553
