times:
  edit-metadata: 0.578466443810612
  landing: 0.06225411198101938
  view-data: 0.2191107990220189
