times:
  edit-metadata: 1.509925166144967
  landing: 0.02297824714332819
  view-data: 0.02492618653923273
