times:
  edit-metadata: 0.5805620419851039
  landing: 0.04414407999138348
  view-data: 0.19239656699937768
