times:
  edit-metadata: 0.7971406131982803
  landing: 0.05297478660941124
  view-data: 0.20371302217245102
