times:
  edit-metadata: 1.4877392807975411
  landing: 0.8318626498803496
  view-data: 3.3612568890675902
