times:
  edit-metadata: 0.5654521640390158
  landing: 0.05344650708138943
  view-data: 0.18980463105253875
