times:
  edit-metadata: 0.560181749984622
  landing: 0.04480812977999449
  view-data: 0.20916808303445578
