times:
  edit-metadata: 0.5556979610119015
  landing: 0.05160329700447619
  view-data: 0.1825179349980317
