times:
  edit-metadata: 1.4017434120178223
  landing: 0.9386044722050428
  view-data: 3.3952525686472654
