times:
  edit-metadata: 1.6865313537418842
  landing: 0.020103951916098595
  view-data: 0.19059900753200054
