times:
  edit-metadata: 0.6654464979656041
  landing: 0.17154205404222012
  view-data: 0.35212145186960697
