times:
  edit-metadata: 0.8391513861715794
  landing: 0.047605402767658234
  view-data: 0.21673433296382427
