times:
  edit-metadata: 1.5209416802972555
  landing: 0.7383482400327921
  view-data: 3.4077528044581413
