times:
  edit-metadata: 1.3803090024739504
  landing: 0.7708765352144837
  view-data: 3.3171034790575504
