times:
  edit-metadata: 1.4332024320028722
  landing: 1.0161343039944768
  view-data: 3.3353828890249133
