times:
  edit-metadata: 1.5019870698451996
  landing: 0.7702449429780245
  view-data: 3.51259106118232
