times:
  edit-metadata: 1.4735515750944614
  landing: 0.227150141261518
  view-data: 0.026963195763528347
