times:
  edit-metadata: 1.7019204143434763
  landing: 0.02121036872267723
  view-data: 0.05199939385056496
