times:
  edit-metadata: 0.7665313668549061
  landing: 0.37598739191889763
  view-data: 0.19309834949672222
