times:
  edit-metadata: 1.407152932137251
  landing: 0.02126404456794262
  view-data: 0.44066715985536575
