times:
  edit-metadata: 0.8163452370026789
  landing: 0.0389566769990779
  view-data: 0.20194461799837882
