times:
  edit-metadata: 0.5538420965895057
  landing: 0.049218070693314075
  view-data: 0.20978642720729113
