times:
  landing: 2.106356156000004
  view-data: 0.5577771119999966
