times:
  landing: 0.5609749259999717
  view-data: 0.5637608359999717
