times:
  edit-metadata: 0.7423301190137863
  landing: 0.05247119115665555
  view-data: 0.2201489177532494
