times:
  edit-metadata: 1.4761658310890198
  landing: 0.17432600259780884
  view-data: 0.29250718653202057
