times:
  landing: 0.5876155969999672
  view-data: 0.5592429390000007
