times:
  edit-metadata: 0.5916672870516777
  landing: 0.03892365610226989
  view-data: 0.1929035191424191
