times:
  edit-metadata: 1.519796629436314
  landing: 0.019265735521912575
  view-data: 0.39904960058629513
