times:
  edit-metadata: 1.4502725852653384
  landing: 0.11766254343092442
  view-data: 0.12349179293960333
