times:
  edit-metadata: 0.6137645810376853
  landing: 0.053242740978021175
  view-data: 0.21799495199229568
