times:
  edit-metadata: 0.7273373678326607
  landing: 2.1270997188985348
  view-data: 0.5914646070450544
