times:
  edit-metadata: 0.7900539189577103
  landing: 0.05405730754137039
  view-data: 0.1964847855269909
