times:
  edit-metadata: 0.5555396759882569
  landing: 0.04048522002995014
  view-data: 0.21222933079116046
