times:
  edit-metadata: 1.464980736374855
  landing: 0.02204941026866436
  view-data: 0.0244961678981781
