times:
  edit-metadata: 1.882160296663642
  landing: 0.35615573078393936
  view-data: 0.15719329938292503
