times:
  edit-metadata: 1.4084411631338298
  landing: 0.7928075529634953
  view-data: 3.3727073068730533
