times:
  edit-metadata: 0.5342616110574454
  landing: 0.05859069596044719
  view-data: 0.21811325498856604
