times:
  landing: 0.5548669109999764
  view-data: 0.05085479199999554
