times:
  edit-metadata: 1.462066300213337
  landing: 0.9390432611107826
  view-data: 3.4178428649902344
