times:
  edit-metadata: 1.4649916719645262
  landing: 0.02300033625215292
  view-data: 0.026282363571226597
