times:
  edit-metadata: 0.624416698992718
  landing: 0.07486465701367706
  view-data: 0.23666425899136811
