times:
  edit-metadata: 1.4276067996397614
  landing: 0.15256063640117645
  view-data: 0.1183996694162488
