times:
  edit-metadata: 1.5223158206790686
  landing: 0.8435774855315685
  view-data: 3.4446168653666973
