times:
  landing: 0.5435806369999909
  view-data: 0.5464264739999862
