times:
  edit-metadata: 1.4497694615274668
  landing: 0.1746056042611599
  view-data: 0.028354630805552006
