times:
  edit-metadata: 1.542597433552146
  landing: 0.18931638821959496
  view-data: 0.2275471668690443
