times:
  edit-metadata: 0.7901340425014496
  landing: 1.1001108139753342
  view-data: 0.6030034776777029
