times:
  edit-metadata: 0.8079075403511524
  landing: 0.7617770303040743
  view-data: 0.3273290880024433
