times:
  landing: 0.5606597400000055
  view-data: 0.5649150969999823
