times:
  edit-metadata: 0.7436091490089893
  landing: 0.5767424199730158
  view-data: 0.6008245423436165
