times:
  landing: 0.5514735190000124
  view-data: 0.5581198630000017
