times:
  edit-metadata: 1.4194016922265291
  landing: 0.11383020970970392
  view-data: 0.20458307955414057
