times:
  edit-metadata: 0.5647969131823629
  landing: 0.044924861984327435
  view-data: 0.19200583989731967
