times:
  edit-metadata: 0.809732349589467
  landing: 0.5806934591382742
  view-data: 0.6365721169859171
