times:
  edit-metadata: 1.7870595678687096
  landing: 0.2103763297200203
  view-data: 0.16367271542549133
