times:
  edit-metadata: 1.4778233487159014
  landing: 0.02247421257197857
  view-data: 0.10078690387308598
