times:
  edit-metadata: 1.45024230517447
  landing: 0.7863951716572046
  view-data: 3.3793451013043523
