times:
  edit-metadata: 0.743905673007248
  landing: 0.09773984202183783
  view-data: 0.261605084000621
