times:
  edit-metadata: 0.5513218403793871
  landing: 0.05567467212677002
  view-data: 0.23574903886765242
