times:
  edit-metadata: 0.591961289756
  landing: 0.0636306656524539
  view-data: 0.21635809820145369
