times:
  edit-metadata: 0.5548811760963872
  landing: 0.04657050594687462
  view-data: 0.24297703907359391
