times:
  edit-metadata: 1.4878963781520724
  landing: 0.022352807223796844
  view-data: 0.027600863948464394
