times:
  edit-metadata: 0.5446513860952109
  landing: 0.05611566407606006
  view-data: 0.20847589313052595
