times:
  edit-metadata: 1.3386691510677338
  landing: 0.7354456149041653
  view-data: 3.361860513687134
