times:
  edit-metadata: 0.5722873240010813
  landing: 0.03855817497242242
  view-data: 0.20026703807525337
