times:
  edit-metadata: 0.5820860723033547
  landing: 0.11168859107419848
  view-data: 0.2690205969847739
