times:
  edit-metadata: 0.817084789276123
  landing: 0.038868386298418045
  view-data: 0.20276792347431183
