times:
  landing: 0.5388029899999083
  view-data: 0.5444918450000387
