times:
  edit-metadata: 1.929946587421
  landing: 1.2706079799681902
  view-data: 3.515567934140563
