times:
  edit-metadata: 0.6320370328612626
  landing: 0.05312564689666033
  view-data: 0.20580454589799047
