times:
  edit-metadata: 1.5190706737339497
  landing: 0.7991743311285973
  view-data: 3.4579883590340614
