times:
  edit-metadata: 0.8214440476149321
  landing: 0.6040650214999914
  view-data: 0.20423124358057976
