times:
  edit-metadata: 0.8154969196766615
  landing: 0.5662074256688356
  view-data: 0.20133071392774582
