times:
  edit-metadata: 0.5473777300212532
  landing: 0.049721957999281585
  view-data: 0.21797868504654616
