times:
  edit-metadata: 0.8855881672352552
  landing: 0.5904231686145067
  view-data: 0.31804843805730343
