times:
  edit-metadata: 1.5203700475394726
  landing: 0.7748219296336174
  view-data: 0.8259340114891529
