times:
  edit-metadata: 0.7884467002004385
  landing: 0.6734310910105705
  view-data: 0.20761708915233612
