times:
  edit-metadata: 0.5878645360935479
  landing: 0.04742368799634278
  view-data: 0.19841126608662307
