times:
  edit-metadata: 1.5311595499515533
  landing: 1.0139602739363909
  view-data: 3.470778802409768
