times:
  edit-metadata: 1.4647085657343268
  landing: 0.11221401114016771
  view-data: 0.19873458798974752
