times:
  edit-metadata: 1.5068791881203651
  landing: 0.21504607796669006
  view-data: 0.024357249960303307
