times:
  landing: 1.1072397790000537
  view-data: 0.5641538639999908
