times:
  edit-metadata: 0.7372586205601692
  landing: 1.1888320352882147
  view-data: 0.6016720682382584
