times:
  edit-metadata: 0.5906964669993613
  landing: 0.05454776200349443
  view-data: 0.37350644398247823
