times:
  edit-metadata: 0.5254545290081296
  landing: 0.050449975999072194
  view-data: 0.19369513599667698
