times:
  edit-metadata: 1.3531464189291
  landing: 0.9367471877485514
  view-data: 4.421076817438006
