times:
  edit-metadata: 1.4463030900806189
  landing: 0.8314717877656221
  view-data: 3.3664748314768076
