times:
  edit-metadata: 1.475880827754736
  landing: 0.024248963221907616
  view-data: 0.023234685882925987
