times:
  edit-metadata: 1.6598684377968311
  landing: 0.020401643589138985
  view-data: 0.052578018978238106
