times:
  landing: 0.5504724319999923
  view-data: 0.5609273830000348
