times:
  landing: 0.5496185160000095
  view-data: 0.5636946230000035
