times:
  edit-metadata: 1.4418767876923084
  landing: 0.021828897297382355
  view-data: 0.023938409984111786
