times:
  edit-metadata: 0.9989488036371768
  landing: 0.05594537639990449
  view-data: 0.2794535970315337
