times:
  edit-metadata: 1.418737185653299
  landing: 0.8011610177345574
  view-data: 3.353923295158893
