times:
  edit-metadata: 1.7455416787415743
  landing: 0.32338348031044006
  view-data: 0.13851203583180904
