times:
  edit-metadata: 1.4571715332567692
  landing: 0.021469173952937126
  view-data: 0.2954794727265835
