times:
  edit-metadata: 1.3852277006953955
  landing: 0.7998260855674744
  view-data: 3.2670603757724166
