times:
  edit-metadata: 1.5123010873794556
  landing: 0.14255009591579437
  view-data: 0.023765837773680687
