times:
  edit-metadata: 0.5512706239824183
  landing: 0.04161472403211519
  view-data: 0.21747788204811513
