times:
  landing: 1.0876058579999608
  view-data: 0.5523260730000175
