times:
  edit-metadata: 0.548687765840441
  landing: 0.04981760401278734
  view-data: 0.19471702119335532
