times:
  edit-metadata: 1.4281154449563473
  landing: 0.7570544669870287
  view-data: 3.233878448838368
