times:
  edit-metadata: 1.6055499697104096
  landing: 0.350616792216897
  view-data: 0.5222269520163536
