times:
  edit-metadata: 1.8922567563131452
  landing: 1.4589519100263715
  view-data: 3.8532905131578445
