times:
  edit-metadata: 0.9312687469646335
  landing: 0.06344019714742899
  view-data: 0.3294724761508405
