times:
  edit-metadata: 0.5582409169292077
  landing: 0.04152941599022597
  view-data: 0.20385280600748956
