times:
  edit-metadata: 0.5093034361489117
  landing: 0.043756766710430384
  view-data: 0.19366260524839163
