times:
  landing: 0.5511459250000144
  view-data: 0.5569152219999296
