times:
  edit-metadata: 0.558424622984603
  landing: 0.05122452101204544
  view-data: 0.19401605101302266
