times:
  edit-metadata: 1.3359378301538527
  landing: 0.762495731934905
  view-data: 3.2662112056277692
