times:
  edit-metadata: 1.5053327130153775
  landing: 0.7705416101962328
  view-data: 3.389238517731428
