times:
  edit-metadata: 1.9546321593225002
  landing: 1.008745077997446
  view-data: 3.538778804242611
