times:
  edit-metadata: 1.618415504693985
  landing: 0.022372862324118614
  view-data: 0.36654768511652946
