times:
  edit-metadata: 0.5749491918832064
  landing: 0.04493719106540084
  view-data: 0.20820345100946724
