times:
  edit-metadata: 1.5092022847384214
  landing: 0.7815908752381802
  view-data: 3.416521493345499
