times:
  edit-metadata: 1.5040781500283629
  landing: 0.830791728105396
  view-data: 3.4182625140529126
