times:
  edit-metadata: 0.5333039299584925
  landing: 0.038928976748138666
  view-data: 0.19633821211755276
