times:
  edit-metadata: 1.3944517131894827
  landing: 0.12746480852365494
  view-data: 0.19643620494753122
