times:
  edit-metadata: 1.5625023385509849
  landing: 0.02183761727064848
  view-data: 0.09829956106841564
