times:
  edit-metadata: 2.596501249819994
  landing: 0.05043398216366768
  view-data: 0.056651655584573746
