times:
  edit-metadata: 0.6350793179590255
  landing: 0.05027328699361533
  view-data: 0.23915569600649178
