times:
  edit-metadata: 0.6488778759958223
  landing: 0.04437169304583222
  view-data: 0.21355112199671566
