times:
  edit-metadata: 0.7729384452104568
  landing: 0.0571821928024292
  view-data: 0.20324581488966942
