times:
  edit-metadata: 1.476075043901801
  landing: 0.20883092284202576
  view-data: 0.32409824430942535
