times:
  edit-metadata: 0.6344414769555442
  landing: 0.04787537897937
  view-data: 0.22742223797831684
