times:
  edit-metadata: 1.4165383987128735
  landing: 0.02185055799782276
  view-data: 0.13065598532557487
