times:
  landing: 1.610474760000045
  view-data: 0.5585227999999915
