times:
  edit-metadata: 1.305578495026566
  landing: 0.3042878509731963
  view-data: 0.3038595080142841
