times:
  edit-metadata: 1.3683762699365616
  landing: 1.032554566860199
  view-data: 3.4341172575950623
