times:
  edit-metadata: 1.3031675530364737
  landing: 0.7854071749607101
  view-data: 3.30554511398077
