times:
  edit-metadata: 1.5926801767200232
  landing: 0.8110110480338335
  view-data: 3.3171987924724817
