times:
  landing: 0.5459313779999775
  view-data: 0.5453685719999726
