times:
  landing: 0.5442268489999833
  view-data: 0.5442528499999639
