times:
  edit-metadata: 1.7883189106360078
  landing: 1.0042584100738168
  view-data: 3.417027701623738
