times:
  landing: 0.5527581860000055
  view-data: 0.5551408479999509
