times:
  landing: 0.550272442999983
  view-data: 0.5585390759999882
