times:
  edit-metadata: 1.4881380405277014
  landing: 0.8187903091311455
  view-data: 3.354240176267922
