times:
  landing: 1.6166964319999693
  view-data: 0.5691810399999895
