times:
  edit-metadata: 2.374650713056326
  landing: 1.3753382302820683
  view-data: 3.427362371236086
