times:
  edit-metadata: 0.5186664210632443
  landing: 0.045148198027163744
  view-data: 0.19349567918106914
