times:
  edit-metadata: 1.463731799274683
  landing: 0.018385333940386772
  view-data: 0.02364981360733509
