times:
  landing: 0.6306889410000167
  view-data: 0.5644521069999655
