times:
  edit-metadata: 1.450819675810635
  landing: 0.119327113032341
  view-data: 0.10181669052690268
