times:
  edit-metadata: 0.5250344099476933
  landing: 0.05079849623143673
  view-data: 0.2040535882115364
