times:
  edit-metadata: 1.4906222075223923
  landing: 0.020880847238004208
  view-data: 0.02716775331646204
