times:
  edit-metadata: 1.4970313217490911
  landing: 0.14405732788145542
  view-data: 0.02619745209813118
