times:
  landing: 0.5503005170000961
  view-data: 0.5581253550000156
