times:
  edit-metadata: 0.559444495011121
  landing: 0.054005012032575905
  view-data: 0.18712921009864658
