times:
  edit-metadata: 0.5264498628675938
  landing: 0.0413195532746613
  view-data: 0.19746526516973972
