times:
  landing: 1.07035528199998
  view-data: 0.5604907619999722
