times:
  edit-metadata: 1.45473519153893
  landing: 0.19145827740430832
  view-data: 0.34486167691648006
