times:
  landing: 1.0729273409999678
  view-data: 0.5584179599999857
