times:
  edit-metadata: 1.5557769034057856
  landing: 0.13356966711580753
  view-data: 0.025169743224978447
