times:
  edit-metadata: 0.5524337529204786
  landing: 0.04827434802427888
  view-data: 0.21002909960225224
