times:
  edit-metadata: 1.2559706189204007
  landing: 0.7357905409298837
  view-data: 3.239515610039234
