times:
  edit-metadata: 1.4746751440688968
  landing: 0.8302449558395892
  view-data: 3.420263297157362
