times:
  edit-metadata: 0.5176343978382647
  landing: 0.04397242236882448
  view-data: 0.1953322710469365
