times:
  edit-metadata: 0.5444820240372792
  landing: 0.04655995802022517
  view-data: 0.35351087094750255
