times:
  edit-metadata: 1.4710709899663925
  landing: 0.021862564608454704
  view-data: 0.22243403270840645
