times:
  edit-metadata: 0.5339136412367225
  landing: 0.04401859641075134
  view-data: 0.20356532000005245
