times:
  landing: 1.1091134970000667
  view-data: 0.5545842000000221
