times:
  edit-metadata: 0.6955392453819513
  landing: 1.1378770470619202
  view-data: 0.3267943449318409
