times:
  edit-metadata: 1.5740142948925495
  landing: 0.13132608495652676
  view-data: 0.02638278715312481
