times:
  landing: 1.0734893250000255
  view-data: 0.557187330999966
