times:
  edit-metadata: 1.3271888038143516
  landing: 0.6965100504457951
  view-data: 3.352087765932083
