times:
  edit-metadata: 1.4182749725878239
  landing: 0.019374415278434753
  view-data: 0.11925405263900757
