times:
  edit-metadata: 1.4409382659941912
  landing: 0.12405843008309603
  view-data: 0.41011730674654245
