times:
  edit-metadata: 0.49563189037144184
  landing: 0.04946023132652044
  view-data: 0.2050269665196538
