times:
  edit-metadata: 0.5565399946644902
  landing: 0.04282628931105137
  view-data: 0.21282887738198042
