times:
  edit-metadata: 0.5144594637677073
  landing: 0.047342064790427685
  view-data: 0.19652871368452907
