times:
  landing: 1.076032502999965
  view-data: 0.5572041229999058
