times:
  edit-metadata: 0.49394346214830875
  landing: 0.05193065386265516
  view-data: 0.19979892577975988
