times:
  edit-metadata: 1.4615293247625232
  landing: 0.11745952069759369
  view-data: 0.10082674026489258
