times:
  edit-metadata: 0.5758676519908477
  landing: 0.044567044998984784
  view-data: 0.21297208400210366
