times:
  edit-metadata: 1.0397246219217777
  landing: 0.08727984805591404
  view-data: 0.3119798069819808
