times:
  landing: 1.0709633440000061
  view-data: 0.5558639829999947
