times:
  edit-metadata: 2.3760597351938486
  landing: 5.704867025837302
  view-data: 3.5529463328421116
