times:
  edit-metadata: 0.516525428975001
  landing: 0.04745342885144055
  view-data: 0.1836674918886274
