times:
  edit-metadata: 0.5232087075710297
  landing: 0.05162444990128279
  view-data: 0.19870898919180036
