times:
  edit-metadata: 0.7677094414830208
  landing: 0.04353729262948036
  view-data: 0.19397689402103424
