times:
  edit-metadata: 0.5951240489957854
  landing: 0.07102750602643937
  view-data: 0.22111018700525165
