times:
  landing: 0.5656883789999938
  view-data: 0.5615964749999875
