times:
  edit-metadata: 1.531240802258253
  landing: 0.8459094408899546
  view-data: 3.463959464803338
