times:
  edit-metadata: 1.515748804435134
  landing: 0.7326123639941216
  view-data: 3.3591135069727898
