times:
  landing: 0.5763448050000193
  view-data: 0.05180111200002102
