times:
  edit-metadata: 1.492779802531004
  landing: 0.728572029620409
  view-data: 3.3703295588493347
