times:
  landing: 0.5501584660000276
  view-data: 0.5549365989999728
