times:
  edit-metadata: 0.6173843239666894
  landing: 0.051312666037119925
  view-data: 0.20841145497979596
