times:
  edit-metadata: 0.629323516972363
  landing: 0.052979242987930775
  view-data: 0.2125940970145166
