times:
  landing: 0.5557154649999347
  view-data: 0.5607799939999722
