times:
  edit-metadata: 1.4859681883826852
  landing: 0.020592682994902134
  view-data: 0.025667822919785976
