times:
  landing: 1.0804690840000148
  view-data: 0.5598058150000043
