times:
  edit-metadata: 1.5347805228084326
  landing: 0.19864345155656338
  view-data: 0.029170705005526543
