times:
  edit-metadata: 0.5311110620386899
  landing: 0.03857911517843604
  view-data: 0.2013245029374957
