times:
  edit-metadata: 1.2545717917382717
  landing: 0.7206843011081219
  view-data: 3.293122213333845
