times:
  edit-metadata: 1.5230463687330484
  landing: 0.8063755724579096
  view-data: 3.4413987156003714
