times:
  edit-metadata: 0.8390383971855044
  landing: 0.12144388677552342
  view-data: 0.2748669902794063
