times:
  edit-metadata: 0.5904806209728122
  landing: 0.04575448716059327
  view-data: 0.19504204206168652
