times:
  edit-metadata: 0.5535345901735127
  landing: 0.06271113292314112
  view-data: 0.19772181496955454
