times:
  landing: 0.5565277540000011
  view-data: 0.5671490799999788
