times:
  edit-metadata: 2.0539580387994647
  landing: 0.022191866301000118
  view-data: 0.028774228878319263
