times:
  landing: 0.5486970120000478
  view-data: 0.5461890999999923
