times:
  edit-metadata: 1.8582298625260592
  landing: 0.2882914561778307
  view-data: 0.2785788830369711
