times:
  edit-metadata: 0.6182877640239894
  landing: 0.05232934403466061
  view-data: 0.20604159403592348
