times:
  landing: 0.5612269900000229
  view-data: 0.5450951699999678
