times:
  edit-metadata: 1.6925577335059643
  landing: 0.9448743723332882
  view-data: 3.3121213875710964
