times:
  edit-metadata: 1.3356193276122212
  landing: 0.749773976393044
  view-data: 3.285621391609311
