times:
  edit-metadata: 1.489666160196066
  landing: 0.6940579116344452
  view-data: 3.430952150374651
