times:
  edit-metadata: 0.6886156608816236
  landing: 0.05314923403784633
  view-data: 0.2924884739331901
