times:
  edit-metadata: 0.7944499626755714
  landing: 0.04835820198059082
  view-data: 0.20475491881370544
