times:
  edit-metadata: 2.379427146166563
  landing: 1.1965903900563717
  view-data: 3.530028697103262
