times:
  landing: 0.5519306770000298
  view-data: 0.5584304969999607
