times:
  edit-metadata: 0.8056362569332123
  landing: 0.05613737925887108
  view-data: 0.20306840911507607
