times:
  edit-metadata: 1.7244671490043402
  landing: 0.909432727843523
  view-data: 3.3897760417312384
