times:
  landing: 0.5525856619999843
  view-data: 0.5619737840000028
