times:
  edit-metadata: 1.449723107740283
  landing: 0.9236166831105947
  view-data: 3.4150590980425477
