times:
  edit-metadata: 1.680471598636359
  landing: 0.7895107776857913
  view-data: 3.259440092369914
