times:
  edit-metadata: 0.5463406220078468
  landing: 0.04014165105763823
  view-data: 0.19277530000545084
