times:
  edit-metadata: 1.941868830472231
  landing: 0.8224135227501392
  view-data: 0.6948443092405796
