times:
  edit-metadata: 0.6414956660009921
  landing: 0.06578023917973042
  view-data: 0.22588898381218314
