times:
  edit-metadata: 1.4378560362383723
  landing: 0.02020559273660183
  view-data: 0.02836166974157095
