times:
  edit-metadata: 0.5238630131352693
  landing: 0.04575597308576107
  view-data: 0.23158197314478457
