times:
  edit-metadata: 1.4872185438871384
  landing: 0.8887626342475414
  view-data: 3.3828690946102142
