times:
  landing: 0.5610433579999494
  view-data: 0.5676593030000276
