times:
  edit-metadata: 1.5079235192388296
  landing: 0.1458333246409893
  view-data: 0.1590365432202816
