times:
  edit-metadata: 0.9417540244758129
  landing: 0.5903949905186892
  view-data: 0.34059595689177513
