times:
  edit-metadata: 0.5575132428202778
  landing: 0.046093242010101676
  view-data: 0.3470907979644835
