times:
  edit-metadata: 1.4241192350164056
  landing: 0.021541154012084007
  view-data: 0.025299531407654285
