times:
  edit-metadata: 1.398223695345223
  landing: 0.11975117307156324
  view-data: 0.02342460211366415
