times:
  landing: 0.5580217460000085
  view-data: 0.5569606430000249
