times:
  edit-metadata: 1.4741453994065523
  landing: 0.018911534920334816
  view-data: 0.3853594493120909
