times:
  edit-metadata: 1.4791399911046028
  landing: 0.7714306525886059
  view-data: 3.9368714578449726
