times:
  edit-metadata: 0.5397757799364626
  landing: 0.04198013502173126
  view-data: 0.21313059190288186
