times:
  landing: 0.561961230999998
  view-data: 0.06460523800001283
