times:
  edit-metadata: 1.6607415918260813
  landing: 0.8831310756504536
  view-data: 3.3562032990157604
