times:
  edit-metadata: 1.4606193900108337
  landing: 0.9996550139039755
  view-data: 3.3968827202916145
