times:
  edit-metadata: 0.562876746058464
  landing: 0.03875128389336169
  view-data: 0.192151864990592
