times:
  edit-metadata: 1.3441592454910278
  landing: 0.7923425510525703
  view-data: 3.386053577065468
