times:
  edit-metadata: 0.554538237862289
  landing: 0.060663427924737334
  view-data: 0.26244592596776783
