times:
  edit-metadata: 1.4725831057876348
  landing: 0.022778507322072983
  view-data: 0.33718649111688137
