times:
  edit-metadata: 1.4583543464541435
  landing: 0.020645970478653908
  view-data: 0.09936551656574011
