times:
  edit-metadata: 1.4750561006367207
  landing: 0.02305363304913044
  view-data: 0.12240629270672798
