times:
  landing: 1.6043908589999774
  view-data: 0.5593387520000306
