times:
  edit-metadata: 1.7108989302068949
  landing: 0.2567193601280451
  view-data: 0.2770765498280525
