times:
  edit-metadata: 1.7055685482919216
  landing: 0.9903189167380333
  view-data: 3.336412690579891
