times:
  edit-metadata: 1.4773666355758905
  landing: 0.022736680693924427
  view-data: 0.027210273779928684
