times:
  edit-metadata: 0.6295942631550133
  landing: 0.0601380062289536
  view-data: 0.22744786692783237
