times:
  edit-metadata: 1.4884289056062698
  landing: 0.8902572691440582
  view-data: 3.3413587138056755
