times:
  edit-metadata: 0.5218423469923437
  landing: 0.05014021880924702
  view-data: 0.1940838908776641
