times:
  edit-metadata: 1.4234210811555386
  landing: 0.020726789720356464
  view-data: 0.09969896543771029
