times:
  edit-metadata: 0.5266261612996459
  landing: 0.03892022790387273
  view-data: 0.20208951365202665
