times:
  edit-metadata: 1.492860320955515
  landing: 0.021145697683095932
  view-data: 0.025219453498721123
