times:
  edit-metadata: 1.5267075598239899
  landing: 0.020509248599410057
  view-data: 0.39875223115086555
