times:
  landing: 1.068393436000008
  view-data: 0.5540847519999943
