times:
  edit-metadata: 0.5270001859171316
  landing: 0.05768858001101762
  view-data: 0.20486201404128224
