times:
  edit-metadata: 0.9058347418904305
  landing: 0.8510725162923336
  view-data: 0.21473342925310135
