times:
  edit-metadata: 0.5911172479391098
  landing: 0.04909099405631423
  view-data: 0.21330645913258195
