times:
  edit-metadata: 1.415442006662488
  landing: 0.16960216406732798
  view-data: 0.4037419855594635
