times:
  edit-metadata: 0.6223630700260401
  landing: 0.06018358841538429
  view-data: 0.30198805173859
