times:
  edit-metadata: 1.5841276999562979
  landing: 0.021563148126006126
  view-data: 0.3360452465713024
