times:
  edit-metadata: 0.4996909126639366
  landing: 0.6774086765944958
  view-data: 0.25998554565012455
