times:
  edit-metadata: 0.5956645321566612
  landing: 0.049806515919044614
  view-data: 0.22862285422161222
