times:
  edit-metadata: 1.5833890326321125
  landing: 0.9720382690429688
  view-data: 3.3481122255325317
