times:
  edit-metadata: 0.5432606847025454
  landing: 0.0443341382779181
  view-data: 0.21468258602544665
