times:
  edit-metadata: 0.5879936009878293
  landing: 0.0470779980532825
  view-data: 0.20070458005648106
