times:
  edit-metadata: 0.5834795470582321
  landing: 0.06775145407300442
  view-data: 0.22420023707672954
