times:
  edit-metadata: 2.361762147396803
  landing: 1.2722061984241009
  view-data: 3.6333793438971043
