times:
  landing: 1.0781715560000293
  view-data: 0.57153182899998
