times:
  edit-metadata: 0.5236000567674637
  landing: 0.04469741368666291
  view-data: 0.2030996917746961
