times:
  edit-metadata: 0.6086898189969361
  landing: 0.04239971609786153
  view-data: 0.1980720441788435
