times:
  edit-metadata: 1.5241451282054186
  landing: 0.019303152337670326
  view-data: 0.4213668443262577
