times:
  edit-metadata: 0.898670045658946
  landing: 1.3222962189465761
  view-data: 0.2935960777103901
