times:
  edit-metadata: 1.5687025226652622
  landing: 0.732167448848486
  view-data: 3.3034092523157597
