times:
  landing: 1.0939651290000256
  view-data: 0.5498269079998863
