times:
  edit-metadata: 0.5525731249945238
  landing: 0.041703849914483726
  view-data: 0.1990353340515867
