times:
  landing: 0.5597363310000105
  view-data: 0.555107501000009
