times:
  edit-metadata: 1.397354818880558
  landing: 0.20689298305660486
  view-data: 0.11782249249517918
