times:
  edit-metadata: 1.4256947599351406
  landing: 0.021745079196989536
  view-data: 0.115815294906497
