times:
  edit-metadata: 1.5121827200055122
  landing: 0.8841354697942734
  view-data: 3.3269658386707306
