times:
  edit-metadata: 1.5037884768098593
  landing: 0.02179541066288948
  view-data: 0.12972533889114857
