times:
  edit-metadata: 0.7606632821261883
  landing: 0.04845506697893143
  view-data: 0.20348095893859863
