times:
  edit-metadata: 1.4958733431994915
  landing: 0.7427758276462555
  view-data: 3.40801839530468
