times:
  edit-metadata: 0.5732133169658482
  landing: 0.03989083878695965
  view-data: 0.1988121229223907
