times:
  edit-metadata: 1.51745062507689
  landing: 0.13239246606826782
  view-data: 0.025881821289658546
