times:
  edit-metadata: 0.6406972128897905
  landing: 0.054414326790720224
  view-data: 0.2137013589963317
