times:
  edit-metadata: 0.7577914968132973
  landing: 1.0441280640661716
  view-data: 0.5646176859736443
