times:
  edit-metadata: 0.5413781795650721
  landing: 0.04412178602069616
  view-data: 0.21255492512136698
