times:
  edit-metadata: 1.476688889786601
  landing: 0.191787488758564
  view-data: 0.02563631907105446
