times:
  edit-metadata: 0.6166859710356221
  landing: 0.04774340201402083
  view-data: 0.22934394900221378
