times:
  edit-metadata: 0.5713609639788046
  landing: 0.043359727947972715
  view-data: 0.19432570203207433
