times:
  edit-metadata: 1.6082717701792717
  landing: 1.0930797830224037
  view-data: 3.374275393784046
