times:
  edit-metadata: 1.3981904997490346
  landing: 0.8283747201785445
  view-data: 3.6232208306901157
