times:
  edit-metadata: 0.770867969840765
  landing: 0.050430670380592346
  view-data: 0.20118258893489838
