times:
  edit-metadata: 1.6117218285799026
  landing: 0.9214220829308033
  view-data: 3.39904348179698
