times:
  edit-metadata: 0.5445488769910298
  landing: 0.047441079979762435
  view-data: 0.19586090801749378
