times:
  edit-metadata: 1.4366556331515312
  landing: 0.8531648367643356
  view-data: 3.426237028092146
