times:
  edit-metadata: 1.4569052727892995
  landing: 0.022246994078159332
  view-data: 0.13051889929920435
