times:
  landing: 1.071421418
  view-data: 0.5591299110000136
