times:
  edit-metadata: 0.8112654592841864
  landing: 0.8709341157227755
  view-data: 0.33058313094079494
