times:
  edit-metadata: 1.5501601211726665
  landing: 0.7427357267588377
  view-data: 0.6520820371806622
