times:
  edit-metadata: 1.469528678804636
  landing: 0.9268298931419849
  view-data: 3.4719993993639946
