times:
  edit-metadata: 0.6444341089809313
  landing: 0.06829959602328017
  view-data: 0.22552131296833977
