times:
  edit-metadata: 1.567584516480565
  landing: 0.04097737930715084
  view-data: 0.458847438916564
