times:
  edit-metadata: 0.5494907919783145
  landing: 0.04304361101821996
  view-data: 0.19371527098701335
