times:
  edit-metadata: 0.5362953179283068
  landing: 0.039126222021877766
  view-data: 0.19958350504748523
