times:
  landing: 1.6106549649999806
  view-data: 0.5588384760000054
