times:
  edit-metadata: 0.5345980219999547
  landing: 0.05000724499950593
  view-data: 0.222739337999883
