times:
  edit-metadata: 1.8233456015586853
  landing: 1.358157929033041
  view-data: 3.388251570984721
