times:
  edit-metadata: 0.5744547068607062
  landing: 0.0398202370852232
  view-data: 0.20150475995615125
