times:
  edit-metadata: 1.4381188238039613
  landing: 0.1206738343462348
  view-data: 0.39085575100034475
