times:
  landing: 1.0772464710000236
  view-data: 0.5573548350000124
