times:
  edit-metadata: 2.016291528940201
  landing: 0.18289095908403397
  view-data: 0.3976272754371166
