times:
  edit-metadata: 0.7279001027345657
  landing: 0.633851908147335
  view-data: 0.6120132673531771
