times:
  edit-metadata: 1.4110382366925478
  landing: 0.021428924053907394
  view-data: 0.02399284392595291
