times:
  edit-metadata: 1.4296933291479945
  landing: 0.1619111355394125
  view-data: 0.12753529846668243
