times:
  edit-metadata: 1.3285223171114922
  landing: 0.767801757901907
  view-data: 3.325698919594288
