times:
  edit-metadata: 0.5329037001356483
  landing: 0.04259560815989971
  view-data: 0.32925927452743053
