times:
  edit-metadata: 0.6308487271890044
  landing: 0.05829817708581686
  view-data: 0.20091706607490778
