times:
  landing: 0.5504235849999759
  view-data: 0.5476586490000273
