times:
  edit-metadata: 0.80869503878057
  landing: 0.6587530262768269
  view-data: 0.19867504015564919
