times:
  edit-metadata: 1.4428358380682766
  landing: 0.8159023118205369
  view-data: 3.386550326831639
