times:
  edit-metadata: 1.669399811886251
  landing: 0.9723350694403052
  view-data: 3.383571455720812
