times:
  edit-metadata: 0.5217106328345835
  landing: 0.03899979591369629
  view-data: 0.196406913921237
