times:
  landing: 0.5571423179999897
  view-data: 0.052157592000014574
