times:
  edit-metadata: 1.7053615227341652
  landing: 1.0336463637650013
  view-data: 3.3167428113520145
