times:
  edit-metadata: 1.522328682243824
  landing: 0.7138558737933636
  view-data: 3.3014285806566477
