times:
  edit-metadata: 1.5199370887130499
  landing: 0.7747937086969614
  view-data: 3.430079337209463
