times:
  edit-metadata: 0.5800237579969689
  landing: 0.044008148019202054
  view-data: 0.20010983903193846
