times:
  edit-metadata: 1.5418199338018894
  landing: 0.9014576803892851
  view-data: 3.458040241152048
