times:
  landing: 0.552258079000012
  view-data: 0.5592172640000399
