times:
  edit-metadata: 1.4971562623977661
  landing: 0.2930143214762211
  view-data: 0.02666059508919716
