times:
  edit-metadata: 1.4580899719148874
  landing: 0.02030324935913086
  view-data: 0.4631957272067666
