times:
  landing: 0.5480679789998248
  view-data: 0.5483333779998247
