times:
  edit-metadata: 0.8996095250477083
  landing: 0.07780426001409069
  view-data: 0.2644344210275449
