times:
  edit-metadata: 1.35018952190876
  landing: 0.854541003704071
  view-data: 3.3495877608656883
