times:
  landing: 1.1078894329999684
  view-data: 0.5601431679999678
