times:
  landing: 0.5503152929999828
  view-data: 0.5595632520000322
