times:
  edit-metadata: 1.5002448484301567
  landing: 0.924974150955677
  view-data: 3.419986978173256
