times:
  edit-metadata: 1.512524489313364
  landing: 0.7789267487823963
  view-data: 3.398283116519451
