times:
  edit-metadata: 0.44749144092202187
  landing: 0.4859595187008381
  view-data: 0.2117290198802948
