times:
  edit-metadata: 0.754667267203331
  landing: 1.464024007320404
  view-data: 0.47522755712270737
