times:
  landing: 0.5450229900000068
  view-data: 0.5489057589999788
