times:
  edit-metadata: 1.5413579710293561
  landing: 0.8098461700137705
  view-data: 3.3407736429944634
