times:
  landing: 0.551869996999983
  view-data: 0.04508785100000523
