times:
  edit-metadata: 1.470610847696662
  landing: 0.917884137481451
  view-data: 3.3354953210800886
