times:
  edit-metadata: 0.5313305011950433
  landing: 0.03994898684322834
  view-data: 0.2031503850594163
