times:
  edit-metadata: 0.5647875990252942
  landing: 0.05146313295699656
  view-data: 0.19326272001489997
