times:
  edit-metadata: 1.483074814081192
  landing: 0.7661761082708836
  view-data: 3.3164899721741676
