times:
  edit-metadata: 0.5797101069474593
  landing: 0.03803503792732954
  view-data: 0.1958905350184068
