times:
  landing: 0.5522654150000221
  view-data: 0.5516681759999642
