times:
  edit-metadata: 1.615757767111063
  landing: 0.949569933116436
  view-data: 3.3528929352760315
