times:
  edit-metadata: 0.5366971818730235
  landing: 0.04017127025872469
  view-data: 0.2050128043629229
