times:
  edit-metadata: 0.5154858031310141
  landing: 0.039434019941836596
  view-data: 0.19500422291457653
