times:
  landing: 0.5537792520000266
  view-data: 0.5539097600000105
