times:
  edit-metadata: 1.4221317181363702
  landing: 0.8171634040772915
  view-data: 3.3713984163478017
