times:
  edit-metadata: 1.4915707460604608
  landing: 0.959056356921792
  view-data: 3.345102437073365
