times:
  edit-metadata: 1.4621098935604095
  landing: 0.02013244479894638
  view-data: 0.025173054076731205
