times:
  edit-metadata: 0.7781743407249451
  landing: 2.6857174783945084
  view-data: 0.8787707611918449
