times:
  edit-metadata: 1.4507043939083815
  landing: 0.020200912840664387
  view-data: 0.12541487719863653
