times:
  landing: 0.5434851059999914
  view-data: 0.5447833789999947
