times:
  edit-metadata: 0.8138786405324936
  landing: 0.6040123496204615
  view-data: 0.3321383073925972
