times:
  landing: 0.5398681030000034
  view-data: 0.5455627730000003
