times:
  edit-metadata: 1.4698808481916785
  landing: 0.12969101313501596
  view-data: 0.026014159433543682
