times:
  edit-metadata: 1.4447150295600295
  landing: 0.02008779998868704
  view-data: 0.025634407997131348
