times:
  edit-metadata: 0.7499140370637178
  landing: 0.6871513482183218
  view-data: 0.24331620149314404
