times:
  edit-metadata: 1.4806145513430238
  landing: 0.025480794720351696
  view-data: 0.02804782520979643
