times:
  edit-metadata: 0.5445671030320227
  landing: 0.044568351993802935
  view-data: 0.1896582940244116
