times:
  landing: 0.5447213680000118
  view-data: 0.5495414190000076
