times:
  edit-metadata: 1.4331758301705122
  landing: 0.8224352234974504
  view-data: 3.3037514090538025
