times:
  edit-metadata: 0.8974606809206307
  landing: 0.13341446593403816
  view-data: 0.22471790201961994
