times:
  edit-metadata: 0.5670643481425941
  landing: 0.04052856517955661
  view-data: 0.19092229381203651
