times:
  landing: 0.5562390790000222
  view-data: 0.559923662000017
