times:
  edit-metadata: 0.5447809029719792
  landing: 0.048946733004413545
  view-data: 0.1987218069843948
