times:
  landing: 1.076193021999984
  view-data: 0.566811977000043
