times:
  landing: 0.6228986440692097
  view-data: 0.552588646998629
