times:
  edit-metadata: 1.3851318820379674
  landing: 0.7734635788947344
  view-data: 3.288540431065485
