times:
  edit-metadata: 1.437917378731072
  landing: 0.022092381492257118
  view-data: 0.10102346166968346
