times:
  landing: 0.547786058999975
  view-data: 0.5541897069999777
