times:
  landing: 0.5620725490000495
  view-data: 0.5669561569999928
