times:
  edit-metadata: 0.5582760490942746
  landing: 0.04719672701321542
  view-data: 0.19289525295607746
