times:
  edit-metadata: 1.4957369025796652
  landing: 0.8338641319423914
  view-data: 3.4526466336101294
