times:
  edit-metadata: 0.5578879549866542
  landing: 0.045761679008137435
  view-data: 0.20186151994857937
