times:
  edit-metadata: 0.5035025188699365
  landing: 0.04392414819449186
  view-data: 0.20619470532983541
