times:
  edit-metadata: 0.5081019103527069
  landing: 0.04842011909931898
  view-data: 0.2012869343161583
