times:
  edit-metadata: 2.3261018684133887
  landing: 0.30744611378759146
  view-data: 0.6721100704744458
