times:
  landing: 0.5572615770000198
  view-data: 0.5668503460000238
