times:
  edit-metadata: 1.4753811061382294
  landing: 0.019950248301029205
  view-data: 0.42340096458792686
