times:
  edit-metadata: 0.5589233078062534
  landing: 0.04990611271932721
  view-data: 0.20255902409553528
