times:
  edit-metadata: 2.3458010153844953
  landing: 1.1622340232133865
  view-data: 3.674935193732381
