times:
  edit-metadata: 1.5539410850033164
  landing: 0.020851588808000088
  view-data: 0.027454959228634834
