times:
  edit-metadata: 1.501153351739049
  landing: 0.24599222652614117
  view-data: 0.35351137444376945
