times:
  edit-metadata: 1.4092464493587613
  landing: 0.2067292770370841
  view-data: 0.021957822144031525
