times:
  edit-metadata: 1.4193325559608638
  landing: 0.7338582968804985
  view-data: 3.349878709996119
