times:
  landing: 0.549919583000019
  view-data: 0.5540501099999915
