times:
  landing: 1.063248404000035
  view-data: 0.5514282329999673
