times:
  edit-metadata: 1.4966652560979128
  landing: 0.7416005283594131
  view-data: 3.410861687734723
