times:
  edit-metadata: 1.5195353478193283
  landing: 0.7214229926466942
  view-data: 3.350052684545517
