times:
  edit-metadata: 0.7005820591002703
  landing: 0.11488370271399617
  view-data: 0.22488515498116612
