times:
  landing: 0.5586131800000089
  view-data: 0.5544080000000235
