times:
  edit-metadata: 1.5743086468428373
  landing: 1.3039665091782808
  view-data: 3.4921426326036453
