times:
  landing: 1.0790054320000024
  view-data: 0.5424842010000077
