times:
  landing: 0.5574721316806972
  view-data: 0.5474526858888566
