times:
  edit-metadata: 1.5077875554561615
  landing: 1.019090861082077
  view-data: 3.373453125357628
