times:
  edit-metadata: 1.5052969474345446
  landing: 0.019544612616300583
  view-data: 0.027195291593670845
