times:
  edit-metadata: 0.5449352813884616
  landing: 0.04331375798210502
  view-data: 0.19702682364732027
