times:
  landing: 0.5520788059999973
  view-data: 0.5655922980000128
