times:
  edit-metadata: 0.7996318270015763
  landing: 0.04161982399818953
  view-data: 0.20143164299952332
