times:
  edit-metadata: 0.650999316945672
  landing: 0.1620545033365488
  view-data: 0.35324494214728475
