times:
  landing: 1.069376034999948
  view-data: 0.5581763540000111
