times:
  edit-metadata: 0.6244697990041459
  landing: 0.055501094000646845
  view-data: 0.22727796099934494
