times:
  edit-metadata: 1.5072253607213497
  landing: 0.7452057488262653
  view-data: 3.668279707431793
