times:
  edit-metadata: 2.8247288204729557
  landing: 1.5912476424127817
  view-data: 3.7116636326536536
