times:
  landing: 3.1286958910000067
  view-data: 2.1026443530000165
