times:
  edit-metadata: 1.8305566720664501
  landing: 1.0078078052029014
  view-data: 3.358372438699007
