times:
  edit-metadata: 0.5078852688893676
  landing: 0.04072290100157261
  view-data: 0.19697319623082876
