times:
  edit-metadata: 1.3511740190442652
  landing: 0.9095461289398372
  view-data: 3.329718674067408
