times:
  edit-metadata: 1.5894195940345526
  landing: 0.869499184191227
  view-data: 3.3818581867963076
