times:
  edit-metadata: 0.7805692590773106
  landing: 0.045792777091264725
  view-data: 0.20165761187672615
