times:
  edit-metadata: 1.3383304430171847
  landing: 0.7548255007714033
  view-data: 3.3178121419623494
