times:
  edit-metadata: 0.5112173659726977
  landing: 0.0470307320356369
  view-data: 0.20525702089071274
