times:
  edit-metadata: 1.554100500419736
  landing: 0.801764702424407
  view-data: 3.461464997380972
