times:
  edit-metadata: 1.524912267923355
  landing: 0.813408087939024
  view-data: 3.4220947045832872
