times:
  edit-metadata: 1.3909489698708057
  landing: 0.749584473669529
  view-data: 3.38839652761817
