times:
  landing: 0.5504141270000105
  view-data: 0.05371201700000938
