times:
  edit-metadata: 0.5518601266667247
  landing: 0.05345960799604654
  view-data: 0.46105636609718204
