times:
  edit-metadata: 1.5401081889867783
  landing: 0.8793819434940815
  view-data: 3.326891951262951
