times:
  edit-metadata: 1.4577203299850225
  landing: 0.02192593179643154
  view-data: 0.12271351739764214
