times:
  edit-metadata: 1.4959769695997238
  landing: 0.933608558960259
  view-data: 3.2949245907366276
