times:
  edit-metadata: 0.6031310129910707
  landing: 0.04989892803132534
  view-data: 0.2210497879423201
