times:
  landing: 0.5521870399999784
  view-data: 0.053299212999945667
