times:
  edit-metadata: 0.5563028817996383
  landing: 0.04500454105436802
  view-data: 0.21287445165216923
