times:
  edit-metadata: 1.4759597750380635
  landing: 0.02074423059821129
  view-data: 0.3895718324929476
