times:
  edit-metadata: 1.4177692225202918
  landing: 0.02175534050911665
  view-data: 0.026494598016142845
