times:
  edit-metadata: 1.5294923074543476
  landing: 0.8212756216526031
  view-data: 3.4077652245759964
