times:
  edit-metadata: 0.722863944247365
  landing: 0.7876567207276821
  view-data: 0.30165401101112366
