times:
  edit-metadata: 0.5510171041823924
  landing: 0.05180185497738421
  view-data: 0.36669622105546296
