times:
  edit-metadata: 1.4813273549079895
  landing: 0.01997898705303669
  view-data: 0.026729270815849304
