times:
  edit-metadata: 1.949484832584858
  landing: 0.2016819566488266
  view-data: 0.47506045643240213
