times:
  edit-metadata: 0.7848855219781399
  landing: 0.04416948929429054
  view-data: 0.2018333487212658
