times:
  edit-metadata: 1.4625933170318604
  landing: 0.9237688947468996
  view-data: 3.3371485508978367
