times:
  edit-metadata: 0.5458892828319222
  landing: 0.0481079020537436
  view-data: 0.2325526149943471
