times:
  edit-metadata: 1.5870317770168185
  landing: 0.12210410181432962
  view-data: 0.026461979374289513
