times:
  landing: 0.5819962209999971
  view-data: 0.5449784690000001
