times:
  landing: 0.5576253339999653
  view-data: 0.5592969629999516
