times:
  edit-metadata: 0.5284799849614501
  landing: 0.05057425983250141
  view-data: 0.19900397304445505
