times:
  edit-metadata: 1.4230341170914471
  landing: 0.8084418629296124
  view-data: 3.383256242144853
