times:
  landing: 0.5546670020000306
  view-data: 0.05010309699997606
