times:
  edit-metadata: 0.5266895964741707
  landing: 0.04812014289200306
  view-data: 0.2080231187865138
