times:
  landing: 0.6149807779999605
  view-data: 0.5550778659999764
