times:
  edit-metadata: 1.511230643838644
  landing: 0.9199416153132915
  view-data: 3.392804104834795
