times:
  edit-metadata: 1.4815908931195736
  landing: 0.018908783793449402
  view-data: 0.02440023422241211
