times:
  landing: 1.0781671189999997
  view-data: 0.5635418150000078
