times:
  landing: 0.558391088999997
  view-data: 0.5562723909999931
