times:
  edit-metadata: 0.8403917755931616
  landing: 0.5761832892894745
  view-data: 0.6078313626348972
