times:
  edit-metadata: 0.5507258709985763
  landing: 0.04934512601175811
  view-data: 0.20727586600696668
