times:
  edit-metadata: 1.507004402577877
  landing: 0.022404683753848076
  view-data: 0.026181630790233612
