times:
  edit-metadata: 1.3896924005821347
  landing: 0.022722439840435982
  view-data: 0.02684810571372509
