times:
  landing: 1.1051032419999842
  view-data: 0.5559797200000389
