times:
  edit-metadata: 0.5422204190399498
  landing: 0.048798121977597475
  view-data: 0.2197847447823733
