times:
  edit-metadata: 1.4184200391173363
  landing: 0.7294474393129349
  view-data: 3.299343688413501
