times:
  edit-metadata: 0.7998071555048227
  landing: 1.4746647961437702
  view-data: 0.30469152703881264
