times:
  edit-metadata: 1.3500053621828556
  landing: 0.9667057357728481
  view-data: 3.296190969645977
