times:
  landing: 0.5553488529999981
  view-data: 0.5559545819999698
