times:
  edit-metadata: 0.609575092792511
  landing: 0.06117386417463422
  view-data: 0.2151256399229169
