times:
  edit-metadata: 1.5499227289110422
  landing: 0.7896076198667288
  view-data: 3.4071312341839075
