times:
  edit-metadata: 0.6940490752458572
  landing: 0.9199679922312498
  view-data: 0.3149074651300907
