times:
  edit-metadata: 0.7657639719545841
  landing: 0.8397022448480129
  view-data: 0.33046282827854156
