times:
  landing: 1.0660692210000207
  view-data: 0.5474829320000367
