times:
  edit-metadata: 0.550556818023324
  landing: 0.04483293276280165
  view-data: 0.1986777437850833
