times:
  edit-metadata: 0.540144988335669
  landing: 0.03892429079860449
  view-data: 0.20653598941862583
