times:
  edit-metadata: 1.567759556695819
  landing: 0.8862367291003466
  view-data: 3.457908211275935
