times:
  edit-metadata: 0.8387391157448292
  landing: 0.04736350104212761
  view-data: 0.2056075520813465
