times:
  edit-metadata: 1.4693533917889
  landing: 0.020614472217857838
  view-data: 0.02514661941677332
