times:
  edit-metadata: 1.5724165998399258
  landing: 0.13533742912113667
  view-data: 0.15541193634271622
