times:
  edit-metadata: 1.5310289524495602
  landing: 0.8434981256723404
  view-data: 3.3999649919569492
