times:
  edit-metadata: 0.5140252062119544
  landing: 0.04128708690404892
  view-data: 0.2006996120326221
