times:
  edit-metadata: 0.7879325374960899
  landing: 0.0398583821952343
  view-data: 0.20260290056467056
