times:
  edit-metadata: 2.3536507934331894
  landing: 1.4390742229297757
  view-data: 3.8145410418510437
