times:
  edit-metadata: 1.4234902071766555
  landing: 0.769516316242516
  view-data: 3.4872343759052455
