times:
  edit-metadata: 0.8285450246185064
  landing: 1.1274439319968224
  view-data: 0.3013288155198097
