times:
  edit-metadata: 0.5389189010020345
  landing: 0.13928908691741526
  view-data: 0.20891120797023177
