times:
  edit-metadata: 1.3847186528146267
  landing: 0.9701787680387497
  view-data: 3.329667918384075
