times:
  edit-metadata: 1.5029054451733828
  landing: 0.020890514366328716
  view-data: 0.12054371740669012
