times:
  edit-metadata: 1.4140400709584355
  landing: 0.021023448556661606
  view-data: 0.02669860702008009
