times:
  edit-metadata: 0.5323653123341501
  landing: 0.0511921769939363
  view-data: 0.19061098899692297
