times:
  edit-metadata: 1.4703785004094243
  landing: 0.2118196189403534
  view-data: 0.025793776847422123
