times:
  edit-metadata: 1.442277911119163
  landing: 0.19872850086539984
  view-data: 0.11841691471636295
