times:
  edit-metadata: 1.412776991724968
  landing: 0.893418550491333
  view-data: 3.261392615735531
