times:
  edit-metadata: 1.429532646201551
  landing: 0.0208321800455451
  view-data: 0.025291938334703445
