times:
  landing: 0.5459621129999732
  view-data: 0.5452606039999637
