times:
  edit-metadata: 1.5648574028164148
  landing: 1.109600592404604
  view-data: 3.5028554629534483
