times:
  edit-metadata: 0.6553928469656967
  landing: 0.0604041310143657
  view-data: 0.21587210695724934
