times:
  landing: 1.072694244000047
  view-data: 0.5602770460000102
