times:
  edit-metadata: 0.585446907003643
  landing: 0.03883923098328523
  view-data: 0.203901549015427
