times:
  edit-metadata: 0.5682955891825259
  landing: 0.047404808923602104
  view-data: 0.19937806809321046
