times:
  edit-metadata: 1.7015527915209532
  landing: 0.3077766224741936
  view-data: 0.129177276045084
