times:
  edit-metadata: 1.3666728138923645
  landing: 0.8732905499637127
  view-data: 3.333608351647854
