times:
  edit-metadata: 0.5546654427889735
  landing: 0.06234681303612888
  view-data: 0.23070331406779587
