times:
  edit-metadata: 2.131079299375415
  landing: 0.1509848553687334
  view-data: 0.4965723417699337
