times:
  edit-metadata: 1.4993987567722797
  landing: 0.02193290274590254
  view-data: 0.448067132383585
