times:
  edit-metadata: 0.5755333742126822
  landing: 0.057949163019657135
  view-data: 0.21382890501990914
