times:
  edit-metadata: 0.9355439506471157
  landing: 0.06223903223872185
  view-data: 0.20998119562864304
