times:
  edit-metadata: 0.5345694060088135
  landing: 0.045153926010243595
  view-data: 0.21025132201611996
