times:
  edit-metadata: 1.404987253015861
  landing: 0.8683511489070952
  view-data: 3.3395519729238003
