times:
  edit-metadata: 0.5746345720253885
  landing: 0.040679608937352896
  view-data: 0.19318641815334558
