times:
  edit-metadata: 0.7570308079593815
  landing: 0.045928890991490334
  view-data: 0.22234394896076992
