times:
  edit-metadata: 0.7607373706996441
  landing: 0.04889622703194618
  view-data: 0.20006869733333588
