times:
  edit-metadata: 0.5331051577813923
  landing: 0.04801421286538243
  view-data: 0.213819679338485
