times:
  landing: 1.0679941359999816
  view-data: 0.5551178489999984
