times:
  edit-metadata: 1.4454786302521825
  landing: 0.020856227725744247
  view-data: 0.10183503571897745
