times:
  edit-metadata: 1.3920659720897675
  landing: 0.8805062212049961
  view-data: 3.346737004816532
