times:
  edit-metadata: 0.5642877519130707
  landing: 0.05413199495524168
  view-data: 0.23057320481166244
