times:
  edit-metadata: 0.6070616887882352
  landing: 0.042065785732120275
  view-data: 0.21204600995406508
