times:
  edit-metadata: 0.5466779279522598
  landing: 0.05320872797165066
  view-data: 0.2325057650450617
