times:
  edit-metadata: 1.5256133880466223
  landing: 0.7756531089544296
  view-data: 3.402523523196578
