times:
  landing: 0.5396187470000768
  view-data: 0.5439328059999298
