times:
  edit-metadata: 1.649790320545435
  landing: 1.116661611944437
  view-data: 3.358912628144026
