times:
  edit-metadata: 0.8193204812705517
  landing: 0.04677370935678482
  view-data: 0.2113497443497181
