times:
  edit-metadata: 1.4976140474900603
  landing: 0.8332328777760267
  view-data: 3.4291576920077205
