times:
  edit-metadata: 1.5155950468033552
  landing: 0.8459711410105228
  view-data: 3.401541417464614
