times:
  edit-metadata: 0.5564232349861413
  landing: 0.041551643051207066
  view-data: 0.18670191592536867
