times:
  edit-metadata: 0.8847643733024597
  landing: 0.6034305896610022
  view-data: 0.21853923983871937
