times:
  edit-metadata: 1.4524890072643757
  landing: 0.021295959129929543
  view-data: 0.024243044666945934
