times:
  edit-metadata: 0.5231914999894798
  landing: 0.06973945908248425
  view-data: 0.37470247596502304
