times:
  edit-metadata: 0.5302913286723197
  landing: 0.051310930866748095
  view-data: 0.3461065120063722
