times:
  edit-metadata: 1.4765337957069278
  landing: 0.02026066742837429
  view-data: 0.13068343978375196
