times:
  landing: 1.0829991869999844
  view-data: 0.5584975419999978
