times:
  edit-metadata: 0.5419110129587352
  landing: 0.03894376661628485
  view-data: 0.1927385558374226
