times:
  edit-metadata: 0.5980820150580257
  landing: 0.042834796011447906
  view-data: 0.20151956705376506
