times:
  edit-metadata: 2.752605002373457
  landing: 1.0111219435930252
  view-data: 3.701447281986475
