times:
  edit-metadata: 0.9522525928914547
  landing: 0.08349119126796722
  view-data: 0.19822466745972633
