times:
  edit-metadata: 1.3885015025734901
  landing: 0.790147740393877
  view-data: 3.3797759376466274
