times:
  edit-metadata: 1.5097958333790302
  landing: 0.8329853378236294
  view-data: 3.3966820687055588
