times:
  edit-metadata: 0.7991126626729965
  landing: 0.04456142708659172
  view-data: 0.2061750292778015
