times:
  edit-metadata: 1.3955508098006248
  landing: 0.9127520583570004
  view-data: 3.2950581684708595
