times:
  edit-metadata: 1.4935566894710064
  landing: 0.836750291287899
  view-data: 3.3436372466385365
