times:
  edit-metadata: 1.72754729911685
  landing: 1.0517582409083843
  view-data: 3.3859693333506584
