times:
  edit-metadata: 1.3605435714125633
  landing: 1.0162547901272774
  view-data: 3.400801111012697
