times:
  edit-metadata: 1.6123636104166508
  landing: 0.9598556011915207
  view-data: 3.4871349781751633
