times:
  edit-metadata: 1.4639818407595158
  landing: 0.8854751847684383
  view-data: 3.262807972729206
