times:
  edit-metadata: 1.8052284754812717
  landing: 1.0863501690328121
  view-data: 3.3327233754098415
