times:
  edit-metadata: 1.461391281336546
  landing: 0.8755144253373146
  view-data: 3.322468101978302
