times:
  edit-metadata: 1.4949371665716171
  landing: 0.9598953537642956
  view-data: 3.4107107371091843
