times:
  edit-metadata: 1.4731522500514984
  landing: 0.8691792190074921
  view-data: 3.5326254926621914
