times:
  edit-metadata: 1.4213011115789413
  landing: 0.8890686295926571
  view-data: 3.4170376621186733
