times:
  edit-metadata: 1.5797582007944584
  landing: 0.9773287437856197
  view-data: 3.3723814077675343
