times:
  edit-metadata: 2.373378187417984
  landing: 0.9876064918935299
  view-data: 3.4236523509025574
