times:
  edit-metadata: 1.3904620260000229
  landing: 1.1517083086073399
  view-data: 3.3185751400887966
