times:
  edit-metadata: 1.3974547013640404
  landing: 0.7522432878613472
  view-data: 3.284612901508808
