times:
  edit-metadata: 1.4774614162743092
  landing: 0.9299304187297821
  view-data: 3.349390920251608
