times:
  edit-metadata: 1.4793242737650871
  landing: 1.0183965004980564
  view-data: 3.359925664961338
