times:
  edit-metadata: 1.507426992058754
  landing: 0.922402236610651
  view-data: 3.4372762218117714
