times:
  edit-metadata: 1.9169654212892056
  landing: 1.0120598413050175
  view-data: 3.486889272928238
