times:
  edit-metadata: 1.9619138538837433
  landing: 1.1704035699367523
  view-data: 3.5665334425866604
