times:
  edit-metadata: 2.880599282681942
  landing: 1.109638076275587
  view-data: 3.6003946028649807
