times:
  edit-metadata: 1.371162697672844
  landing: 0.833845216780901
  view-data: 3.3120393604040146
