times:
  edit-metadata: 1.4849771857261658
  landing: 5.140608929097652
  view-data: 3.410153843462467
