times:
  edit-metadata: 1.3944920413196087
  landing: 0.7328777350485325
  view-data: 3.33838864415884
