times:
  edit-metadata: 1.3979014866054058
  landing: 0.6817326322197914
  view-data: 3.3311367742717266
