times:
  edit-metadata: 1.831196054816246
  landing: 1.179461620748043
  view-data: 3.324105802923441
