times:
  edit-metadata: 1.529263012111187
  landing: 0.9864126294851303
  view-data: 3.3283971585333347
