times:
  edit-metadata: 1.3214645832777023
  landing: 0.8140587843954563
  view-data: 3.393394462764263
