times:
  edit-metadata: 1.9968353547155857
  landing: 1.0620891116559505
  view-data: 3.3478559218347073
