times:
  edit-metadata: 1.4624395295977592
  landing: 1.0302017740905285
  view-data: 3.3229885697364807
