times:
  edit-metadata: 1.5847301967442036
  landing: 1.011339321732521
  view-data: 3.476291511207819
