times:
  edit-metadata: 1.518416404724121
  landing: 1.0240505412220955
  view-data: 3.382389146834612
