times:
  edit-metadata: 1.5448054447770119
  landing: 0.9922524429857731
  view-data: 3.345115277916193
