times:
  edit-metadata: 1.3239484317600727
  landing: 0.7007206380367279
  view-data: 3.2526705004274845
