times:
  edit-metadata: 1.423956360667944
  landing: 0.897025354206562
  view-data: 3.396135751157999
