times:
  edit-metadata: 1.5594896003603935
  landing: 0.8842162378132343
  view-data: 3.436918690800667
