times:
  edit-metadata: 1.5105664506554604
  landing: 0.7984405942261219
  view-data: 3.4029217697679996
