times:
  edit-metadata: 1.5491833053529263
  landing: 0.8342069685459137
  view-data: 3.401582382619381
