times:
  edit-metadata: 1.4598752558231354
  landing: 0.9167223013937473
  view-data: 3.35957670584321
