times:
  edit-metadata: 1.4889240451157093
  landing: 0.8318186067044735
  view-data: 3.3846635557711124
