times:
  edit-metadata: 1.500880803912878
  landing: 0.9776907153427601
  view-data: 3.3336599618196487
