times:
  edit-metadata: 1.559378206729889
  landing: 1.0249767005443573
  view-data: 3.3468911089003086
