times:
  edit-metadata: 1.5664509981870651
  landing: 0.8503793515264988
  view-data: 3.4286956004798412
