times:
  edit-metadata: 1.2837747111916542
  landing: 0.8000409379601479
  view-data: 3.3041159324347973
