times:
  edit-metadata: 1.5995203107595444
  landing: 0.9193798415362835
  view-data: 3.4200355745851994
