times:
  edit-metadata: 1.622157745063305
  landing: 1.0338311344385147
  view-data: 3.3471094705164433
