times:
  edit-metadata: 1.4721145071089268
  landing: 0.8703371062874794
  view-data: 3.3497035317122936
