times:
  edit-metadata: 1.5647382140159607
  landing: 1.1071174703538418
  view-data: 3.3826043903827667
