times:
  edit-metadata: 1.5494113750755787
  landing: 0.9882713779807091
  view-data: 3.4199142903089523
