times:
  edit-metadata: 1.4577455185353756
  landing: 1.0129289999604225
  view-data: 3.3551610112190247
