times:
  edit-metadata: 1.6634148731827736
  landing: 0.9580217227339745
  view-data: 3.3635905124247074
