times:
  edit-metadata: 1.5201948992908
  landing: 0.8141631558537483
  view-data: 3.425730589777231
