times:
  edit-metadata: 1.4106879942119122
  landing: 0.8659380041062832
  view-data: 3.4111551381647587
