times:
  edit-metadata: 1.737797785550356
  landing: 1.2483223639428616
  view-data: 3.3547429889440536
