times:
  edit-metadata: 1.403567437082529
  landing: 0.7597639262676239
  view-data: 3.3605669885873795
