times:
  edit-metadata: 1.3356451578438282
  landing: 0.8027826324105263
  view-data: 3.3246151618659496
