times:
  edit-metadata: 1.5099303685128689
  landing: 0.7250636667013168
  view-data: 3.3981452099978924
