times:
  edit-metadata: 1.4280843995511532
  landing: 0.9535696133971214
  view-data: 3.3455424644052982
