times:
  edit-metadata: 1.4544829837977886
  landing: 0.8998240083456039
  view-data: 3.4010877460241318
