times:
  edit-metadata: 1.4880489893257618
  landing: 0.9240863509476185
  view-data: 3.4632875695824623
