times:
  edit-metadata: 1.5979356914758682
  landing: 0.9288292340934277
  view-data: 3.2992304898798466
