times:
  edit-metadata: 1.4646789692342281
  landing: 0.9679485149681568
  view-data: 3.344764705747366
