times:
  edit-metadata: 1.3667268082499504
  landing: 0.8535175360739231
  view-data: 3.3275201469659805
