times:
  edit-metadata: 1.5638935416936874
  landing: 1.0467694289982319
  view-data: 3.341147068887949
