times:
  edit-metadata: 1.6522018797695637
  landing: 1.0743705965578556
  view-data: 3.508118975907564
