times:
  edit-metadata: 3.758003890514374
  landing: 1.8729901015758514
  view-data: 3.6257909387350082
