times:
  edit-metadata: 1.5098079293966293
  landing: 0.8573589064180851
  view-data: 3.366932652890682
