times:
  edit-metadata: 1.6211337819695473
  landing: 1.1691591069102287
  view-data: 3.3704240061342716
