times:
  edit-metadata: 1.520687535405159
  landing: 0.9762981683015823
  view-data: 3.3303547613322735
