times:
  edit-metadata: 1.5144775211811066
  landing: 0.928573802113533
  view-data: 3.4343870766460896
