times:
  edit-metadata: 1.7873551659286022
  landing: 0.9823075756430626
  view-data: 3.5784724056720734
