times:
  edit-metadata: 1.4334201514720917
  landing: 0.7999819181859493
  view-data: 3.253632068634033
