times:
  edit-metadata: 1.4773980230093002
  landing: 0.9388418681919575
  view-data: 3.328558884561062
