times:
  edit-metadata: 1.5520492941141129
  landing: 0.8547734059393406
  view-data: 3.3453874364495277
