times:
  edit-metadata: 2.6549127250909805
  landing: 1.339854884892702
  view-data: 3.3952523060142994
