times:
  edit-metadata: 1.587146319448948
  landing: 0.9252745062112808
  view-data: 3.4463380873203278
