times:
  edit-metadata: 2.242773924022913
  landing: 1.3200919069349766
  view-data: 3.3175717294216156
