times:
  edit-metadata: 2.2619058787822723
  landing: 1.153339833021164
  view-data: 3.621827181428671
