times:
  edit-metadata: 1.5309539623558521
  landing: 1.0923834964632988
  view-data: 3.3502041175961494
