times:
  edit-metadata: 1.3612345196306705
  landing: 0.8680202215909958
  view-data: 0.8031102232635021
