times:
  edit-metadata: 1.3963775746524334
  landing: 0.8752254135906696
  view-data: 3.3998677767813206
