times:
  edit-metadata: 1.492521494626999
  landing: 0.8140960782766342
  view-data: 3.4048021622002125
