times:
  edit-metadata: 1.7561121210455894
  landing: 1.236273616552353
  view-data: 3.3902040868997574
