times:
  edit-metadata: 1.5675027761608362
  landing: 0.7810022719204426
  view-data: 3.435381317511201
