times:
  edit-metadata: 1.7302934844046831
  landing: 1.4039493519812822
  view-data: 3.3403712026774883
