times:
  edit-metadata: 1.413336917757988
  landing: 0.8129580430686474
  view-data: 3.380721438676119
