times:
  edit-metadata: 1.5808532238006592
  landing: 1.000311203300953
  view-data: 3.3923258632421494
