times:
  edit-metadata: 1.5476988479495049
  landing: 0.9877072088420391
  view-data: 3.3335706386715174
