times:
  edit-metadata: 1.394029151648283
  landing: 0.7347065284848213
  view-data: 3.386014945805073
