times:
  edit-metadata: 1.6961058340966702
  landing: 1.1323086582124233
  view-data: 3.324809480458498
