times:
  edit-metadata: 2.0042564682662487
  landing: 1.0969158820807934
  view-data: 3.5866853957995772
