times:
  edit-metadata: 1.5017436388880014
  landing: 1.0169131476432085
  view-data: 3.362300019711256
