times:
  edit-metadata: 1.500843696296215
  landing: 0.9302222318947315
  view-data: 3.3293819800019264
