times:
  edit-metadata: 1.5850926227867603
  landing: 0.8078204579651356
  view-data: 3.4202215261757374
