times:
  edit-metadata: 1.9690388217568398
  landing: 1.5971808023750782
  view-data: 3.4155751019716263
