times:
  edit-metadata: 1.5084183551371098
  landing: 0.9410306811332703
  view-data: 3.370548278093338
