times:
  edit-metadata: 1.5378387812525034
  landing: 0.8541795257478952
  view-data: 3.3993749488145113
