times:
  edit-metadata: 1.3626814484596252
  landing: 1.028698030859232
  view-data: 3.314196366816759
