times:
  edit-metadata: 2.461612433195114
  landing: 1.274239543825388
  view-data: 3.857846211642027
