times:
  edit-metadata: 1.5448500849306583
  landing: 0.8359852060675621
  view-data: 3.399281455203891
