times:
  edit-metadata: 1.4000472202897072
  landing: 0.9231015928089619
  view-data: 3.3582886084914207
