times:
  edit-metadata: 1.506718710064888
  landing: 0.8378346487879753
  view-data: 3.388834811747074
