times:
  edit-metadata: 1.562752403318882
  landing: 0.9166178107261658
  view-data: 3.3213440738618374
