times:
  edit-metadata: 1.7555198203772306
  landing: 1.0531788989901543
  view-data: 3.3447863049805164
