times:
  edit-metadata: 1.5704802796244621
  landing: 1.056881070137024
  view-data: 3.4417355582118034
