times:
  edit-metadata: 1.4821495488286018
  landing: 17.323936756700277
  view-data: 3.4407909065485
