times:
  edit-metadata: 2.1408307421952486
  landing: 1.332012414932251
  view-data: 3.7366529861465096
