times:
  edit-metadata: 1.4897531811147928
  landing: 0.8304118122905493
  view-data: 3.366489140316844
