times:
  edit-metadata: 1.442501150071621
  landing: 0.9707478284835815
  view-data: 3.3719161190092564
