times:
  edit-metadata: 1.5516360141336918
  landing: 0.8534014597535133
  view-data: 3.423979291692376
