times:
  edit-metadata: 1.4823137670755386
  landing: 0.947133757174015
  view-data: 3.368374351412058
