times:
  edit-metadata: 1.4383272919803858
  landing: 0.8519987743347883
  view-data: 3.375850023701787
