times:
  edit-metadata: 1.6304529681801796
  landing: 0.9742224663496017
  view-data: 3.3943391144275665
