times:
  edit-metadata: 2.596325673162937
  landing: 1.3494638167321682
  view-data: 3.361312009394169
