times:
  edit-metadata: 1.5422885995358229
  landing: 1.004167316481471
  view-data: 3.378696909174323
