times:
  edit-metadata: 1.5324335675686598
  landing: 0.8186522405594587
  view-data: 3.4229093212634325
