times:
  edit-metadata: 1.5724385939538479
  landing: 0.9846498519182205
  view-data: 3.4041860438883305
