times:
  edit-metadata: 1.5236162282526493
  landing: 0.7801565490663052
  view-data: 3.366579217836261
