times:
  edit-metadata: 2.2920013796538115
  landing: 1.4896387495100498
  view-data: 3.6125426227226853
