times:
  edit-metadata: 1.3993055075407028
  landing: 0.8724939897656441
  view-data: 3.3394636437296867
