times:
  edit-metadata: 1.436421263962984
  landing: 0.8202878348529339
  view-data: 3.2794429808855057
