times:
  edit-metadata: 1.7058229371905327
  landing: 1.0439991913735867
  view-data: 3.389768708497286
