times:
  edit-metadata: 1.5017328634858131
  landing: 1.0922562517225742
  view-data: 3.398635722696781
