times:
  edit-metadata: 1.5263937506824732
  landing: 0.8289919141680002
  view-data: 3.455413207411766
