times:
  edit-metadata: 1.5115488674491644
  landing: 0.8853549808263779
  view-data: 3.3251111563295126
