times:
  edit-metadata: 1.5283619984984398
  landing: 0.8131563775241375
  view-data: 3.429838601499796
