times:
  edit-metadata: 1.4596340972930193
  landing: 0.9911647401750088
  view-data: 3.4693494606763124
