times:
  edit-metadata: 1.6881706304848194
  landing: 0.9085780065506697
  view-data: 3.4086983893066645
