times:
  edit-metadata: 1.567469447851181
  landing: 0.9259646944701672
  view-data: 3.4187644720077515
