times:
  edit-metadata: 1.6229361426085234
  landing: 0.8289034385234118
  view-data: 3.412144450470805
