times:
  edit-metadata: 1.7246455512940884
  landing: 1.281975146383047
  view-data: 3.5532932840287685
