times:
  edit-metadata: 1.3984931968152523
  landing: 0.7847806848585606
  view-data: 3.2423424050211906
