times:
  edit-metadata: 1.5216590482741594
  landing: 0.8716899156570435
  view-data: 3.3836524691432714
