times:
  edit-metadata: 1.430998045951128
  landing: 0.9089077226817608
  view-data: 3.3651128746569157
