times:
  edit-metadata: 1.6354582235217094
  landing: 0.9649856798350811
  view-data: 3.3654465582221746
