times:
  edit-metadata: 1.438126813620329
  landing: 0.783684752881527
  view-data: 3.2973718717694283
