times:
  edit-metadata: 1.5230813212692738
  landing: 0.837936531752348
  view-data: 3.4581047780811787
