times:
  edit-metadata: 1.5496134646236897
  landing: 1.056838795542717
  view-data: 0.6634155809879303
