times:
  edit-metadata: 1.8070328868925571
  landing: 1.1647940017282963
  view-data: 3.361620269715786
