times:
  edit-metadata: 1.654942573979497
  landing: 0.8929514400660992
  view-data: 3.3893161136657
