times:
  edit-metadata: 2.138852223753929
  landing: 1.16808657720685
  view-data: 3.422619104385376
