times:
  edit-metadata: 1.4771596677601337
  landing: 0.8957246690988541
  view-data: 3.4268297143280506
