times:
  edit-metadata: 1.3800136297941208
  landing: 0.8595051690936089
  view-data: 3.3912482373416424
