times:
  edit-metadata: 1.5200718492269516
  landing: 1.0063223354518414
  view-data: 3.3561104722321033
