times:
  edit-metadata: 1.9132407680153847
  landing: 1.1329784132540226
  view-data: 3.381956610828638
