times:
  edit-metadata: 1.5152448639273643
  landing: 4.779999610036612
  view-data: 3.3229786343872547
