times:
  edit-metadata: 1.5275574773550034
  landing: 0.8191725537180901
  view-data: 3.4136779867112637
