times:
  edit-metadata: 1.3565432988107204
  landing: 0.8608638718724251
  view-data: 3.3872079849243164
