times:
  edit-metadata: 1.5298787653446198
  landing: 1.147843599319458
  view-data: 3.3403938692063093
