times:
  edit-metadata: 1.5409295316785574
  landing: 0.818005895242095
  view-data: 3.4027074836194515
