times:
  edit-metadata: 1.4866539016366005
  landing: 0.9329794459044933
  view-data: 3.35817314684391
