times:
  edit-metadata: 1.34499198384583
  landing: 0.8544530179351568
  view-data: 3.2682001907378435
