times:
  edit-metadata: 1.5877642408013344
  landing: 0.8007880710065365
  view-data: 3.322476126253605
