times:
  edit-metadata: 1.4769874513149261
  landing: 0.745970107614994
  view-data: 3.3672491684556007
