times:
  edit-metadata: 1.5503092668950558
  landing: 0.7237573284655809
  view-data: 3.3412668742239475
