times:
  edit-metadata: 1.5574503690004349
  landing: 1.0194299593567848
  view-data: 3.3612240850925446
