times:
  edit-metadata: 1.5253025237470865
  landing: 0.7575785536319017
  view-data: 3.417124781757593
