times:
  edit-metadata: 1.6419383995234966
  landing: 1.062834506854415
  view-data: 3.375128298997879
