times:
  edit-metadata: 2.2654163651168346
  landing: 1.1365413889288902
  view-data: 3.4132245033979416
