times:
  edit-metadata: 1.3934847302734852
  landing: 0.9733010269701481
  view-data: 3.478521838784218
