times:
  edit-metadata: 1.9156516753137112
  landing: 1.1241211742162704
  view-data: 3.5976387560367584
