times:
  edit-metadata: 2.1322421357035637
  landing: 1.131984330713749
  view-data: 3.570401329547167
