times:
  edit-metadata: 1.7871477492153645
  landing: 1.0123881958425045
  view-data: 3.3447245620191097
