times:
  edit-metadata: 1.627790903672576
  landing: 0.981372494250536
  view-data: 3.2946306690573692
