times:
  edit-metadata: 1.42311991751194
  landing: 1.6726973690092564
  view-data: 3.3805637173354626
