times:
  edit-metadata: 1.5448227878659964
  landing: 0.9907432179898024
  view-data: 3.332609763368964
