times:
  edit-metadata: 1.412130231037736
  landing: 0.75129309669137
  view-data: 3.2839063368737698
