times:
  edit-metadata: 1.5586567856371403
  landing: 0.9098376836627722
  view-data: 3.4128273967653513
