times:
  edit-metadata: 1.565122403204441
  landing: 0.7927829530090094
  view-data: 3.4026988241821527
