times:
  edit-metadata: 1.9597931299358606
  landing: 1.5964953321963549
  view-data: 3.4147728346288204
