times:
  edit-metadata: 1.6106336191296577
  landing: 0.8524247538298368
  view-data: 3.4440655447542667
