times:
  edit-metadata: 1.5918430797755718
  landing: 0.8467760905623436
  view-data: 3.4041245002299547
