times:
  edit-metadata: 1.5325439646840096
  landing: 1.1058258973062038
  view-data: 3.293466702103615
