times:
  edit-metadata: 1.6659628003835678
  landing: 1.0305012539029121
  view-data: 3.4048362746834755
