times:
  edit-metadata: 3.672434978187084
  landing: 0.9432024881243706
  view-data: 3.357319850474596
