times:
  edit-metadata: 1.5049672834575176
  landing: 0.7676895931363106
  view-data: 3.406770024448633
