times:
  edit-metadata: 1.5523268803954124
  landing: 0.9569690153002739
  view-data: 3.3230073489248753
