times:
  edit-metadata: 1.5245836712419987
  landing: 0.8804588001221418
  view-data: 3.4333031345158815
