times:
  edit-metadata: 1.7950401157140732
  landing: 0.8171184305101633
  view-data: 3.308439737185836
