times:
  edit-metadata: 1.776914831250906
  landing: 1.2454809062182903
  view-data: 3.4010295420885086
