times:
  edit-metadata: 1.5588935278356075
  landing: 0.8929051756858826
  view-data: 3.334590669721365
