times:
  edit-metadata: 1.5312337633222342
  landing: 0.8245929442346096
  view-data: 3.4440470319241285
