times:
  edit-metadata: 3.8726322054862976
  landing: 1.8069964870810509
  view-data: 3.8921204321086407
