times:
  edit-metadata: 1.5894415508955717
  landing: 0.8359076846390963
  view-data: 3.3713778369128704
