times:
  edit-metadata: 1.6961044277995825
  landing: 0.9571452308446169
  view-data: 3.3943581115454435
