times:
  edit-metadata: 1.5863091964274645
  landing: 0.8647714219987392
  view-data: 3.397226868197322
