times:
  edit-metadata: 1.5012554079294205
  landing: 0.885416068136692
  view-data: 3.336366184055805
