times:
  edit-metadata: 1.521979670971632
  landing: 0.9390266574919224
  view-data: 3.3422451056540012
