times:
  edit-metadata: 1.4243539571762085
  landing: 0.9349319413304329
  view-data: 3.3959756568074226
