times:
  edit-metadata: 1.6134114395827055
  landing: 0.9769615959376097
  view-data: 3.4013154096901417
