times:
  edit-metadata: 1.4544732868671417
  landing: 0.8952314183115959
  view-data: 3.344756558537483
