times:
  edit-metadata: 1.7429880388081074
  landing: 1.0694255866110325
  view-data: 3.3604509606957436
