times:
  edit-metadata: 1.5491641126573086
  landing: 0.7925172504037619
  view-data: 3.4277284275740385
