times:
  edit-metadata: 1.7697036508470774
  landing: 1.0170744005590677
  view-data: 3.379947865381837
