times:
  edit-metadata: 1.6862803101539612
  landing: 1.039457831531763
  view-data: 3.609496559947729
