times:
  edit-metadata: 1.352911440655589
  landing: 0.8501068465411663
  view-data: 3.3703467529267073
