times:
  edit-metadata: 1.515452178195119
  landing: 0.8436013516038656
  view-data: 3.433949088677764
