times:
  edit-metadata: 1.5344178341329098
  landing: 0.8791059926152229
  view-data: 3.411613227799535
