times:
  edit-metadata: 1.5010264441370964
  landing: 0.799849234521389
  view-data: 3.3940917812287807
