times:
  edit-metadata: 1.5138178635388613
  landing: 0.7814169283956289
  view-data: 3.4085782896727324
