times:
  edit-metadata: 1.5395735409110785
  landing: 0.864019550383091
  view-data: 3.457349617034197
