times:
  edit-metadata: 1.4658650495111942
  landing: 0.8496148809790611
  view-data: 3.3300332129001617
