times:
  edit-metadata: 1.5740135684609413
  landing: 0.9291634988039732
  view-data: 3.3730477690696716
