times:
  edit-metadata: 1.5860130935907364
  landing: 0.8637870345264673
  view-data: 3.441530952230096
