times:
  edit-metadata: 1.8218183666467667
  landing: 6.257962290197611
  view-data: 3.4100241623818874
