times:
  edit-metadata: 1.5647019911557436
  landing: 1.1746516898274422
  view-data: 3.3558762446045876
