times:
  edit-metadata: 1.640681628137827
  landing: 1.1340445205569267
  view-data: 3.4136959202587605
