times:
  edit-metadata: 2.5747481491416693
  landing: 1.0242431182414293
  view-data: 3.415562439709902
