times:
  edit-metadata: 1.5594145394861698
  landing: 0.9415965098887682
  view-data: 3.374867143109441
