times:
  edit-metadata: 1.4454868901520967
  landing: 0.7987757939845324
  view-data: 3.3386132530868053
