times:
  edit-metadata: 1.527118792757392
  landing: 1.0230753049254417
  view-data: 3.3157561030238867
