times:
  edit-metadata: 1.5772851705551147
  landing: 0.8990027010440826
  view-data: 3.3648193925619125
