times:
  edit-metadata: 1.5456516742706299
  landing: 1.054602511227131
  view-data: 3.351657573133707
