times:
  edit-metadata: 1.5897031929343939
  landing: 0.8825082164257765
  view-data: 3.364568717777729
