times:
  edit-metadata: 2.3763878028839827
  landing: 1.1089082583785057
  view-data: 3.416358210146427
