times:
  edit-metadata: 1.4627065882086754
  landing: 0.9210810139775276
  view-data: 3.3543602898716927
