times:
  edit-metadata: 1.4217354953289032
  landing: 0.7568883933126926
  view-data: 3.267573304474354
