times:
  edit-metadata: 1.5398005060851574
  landing: 0.9611494746059179
  view-data: 3.3237564973533154
