times:
  edit-metadata: 1.53327994979918
  landing: 0.7979864068329334
  view-data: 3.385274913161993
