times:
  edit-metadata: 2.3963348157703876
  landing: 1.1147258132696152
  view-data: 3.64011787250638
