times:
  edit-metadata: 1.5881168451160192
  landing: 0.8795226905494928
  view-data: 3.331755716353655
