times:
  edit-metadata: 2.157157815992832
  landing: 1.4741691388189793
  view-data: 3.726248761638999
