times:
  edit-metadata: 1.4156987816095352
  landing: 0.8845998421311378
  view-data: 3.3483768217265606
