times:
  edit-metadata: 1.5584834050387144
  landing: 0.8200315441936255
  view-data: 3.4204126708209515
