times:
  edit-metadata: 1.488084003329277
  landing: 1.0267765745520592
  view-data: 3.393318649381399
