times:
  edit-metadata: 1.428787186741829
  landing: 0.8094773180782795
  view-data: 3.454309143126011
