times:
  edit-metadata: 1.5303787011653185
  landing: 0.9470607470721006
  view-data: 3.3953973166644573
