times:
  edit-metadata: 1.7618203461170197
  landing: 1.0597296692430973
  view-data: 3.30526439845562
