times:
  edit-metadata: 1.7226851470768452
  landing: 1.2729331776499748
  view-data: 3.3592631071805954
