times:
  edit-metadata: 1.6070932932198048
  landing: 1.310156624764204
  view-data: 3.438296902924776
