times:
  edit-metadata: 1.4006244540214539
  landing: 1.0822314135730267
  view-data: 3.2776155173778534
