times:
  edit-metadata: 1.5326652266085148
  landing: 0.9611785970628262
  view-data: 3.3630408011376858
