times:
  edit-metadata: 1.6065729856491089
  landing: 0.829187411814928
  view-data: 3.371587786823511
