times:
  edit-metadata: 1.7129547856748104
  landing: 5.422831766307354
  view-data: 3.3693308383226395
