times:
  edit-metadata: 1.60258137434721
  landing: 0.9729164186865091
  view-data: 3.4925044644623995
