times:
  edit-metadata: 1.6169514209032059
  landing: 0.8447005040943623
  view-data: 3.4498160369694233
