times:
  edit-metadata: 1.5034256353974342
  landing: 0.8349789045751095
  view-data: 3.412654958665371
