times:
  edit-metadata: 1.7429188825190067
  landing: 1.582166824489832
  view-data: 3.7415965013206005
