times:
  edit-metadata: 1.5387458968907595
  landing: 0.9564953036606312
  view-data: 3.3819454442709684
