times:
  edit-metadata: 1.7782715605571866
  landing: 1.1157516231760383
  view-data: 3.5103827016428113
