times:
  edit-metadata: 1.4214961174875498
  landing: 0.8878436647355556
  view-data: 3.3771225195378065
