times:
  edit-metadata: 1.481971750035882
  landing: 0.7951093893498182
  view-data: 3.414569290354848
