times:
  edit-metadata: 1.5234235525131226
  landing: 1.0560090392827988
  view-data: 3.3833551350980997
