times:
  edit-metadata: 1.5387976430356503
  landing: 0.9417293090373278
  view-data: 3.4198976289480925
