times:
  edit-metadata: 1.948497467674315
  landing: 1.1929246140643954
  view-data: 3.577151973731816
