times:
  edit-metadata: 1.8096010237932205
  landing: 0.9922584407031536
  view-data: 3.356951668858528
