times:
  edit-metadata: 1.401382327079773
  landing: 0.9420723244547844
  view-data: 3.3039148785173893
