times:
  edit-metadata: 1.5002627037465572
  landing: 0.8777344040572643
  view-data: 3.381609633564949
