times:
  edit-metadata: 1.5518157444894314
  landing: 0.9657614268362522
  view-data: 3.514767525717616
