times:
  edit-metadata: 1.5065320283174515
  landing: 0.9869348499923944
  view-data: 3.357150354422629
