times:
  edit-metadata: 1.3696470484137535
  landing: 0.7737439312040806
  view-data: 3.314232509583235
