times:
  edit-metadata: 1.5719691142439842
  landing: 0.8465245645493269
  view-data: 3.3982878122478724
