times:
  edit-metadata: 1.9367170259356499
  landing: 1.0749761257320642
  view-data: 3.487875785678625
