times:
  edit-metadata: 1.5125691816210747
  landing: 0.7868277356028557
  view-data: 3.396162847056985
