times:
  edit-metadata: 1.5358664020895958
  landing: 0.7782663330435753
  view-data: 3.405153516680002
