times:
  edit-metadata: 1.5218467712402344
  landing: 0.9486207216978073
  view-data: 3.3621669225394726
