times:
  edit-metadata: 1.4559252224862576
  landing: 0.7768126204609871
  view-data: 3.355133406817913
