times:
  edit-metadata: 1.6331409439444542
  landing: 1.1066001281142235
  view-data: 3.3919372595846653
