times:
  edit-metadata: 1.345812976360321
  landing: 0.7533091586083174
  view-data: 3.3799918722361326
