times:
  edit-metadata: 1.4154716320335865
  landing: 0.8969342596828938
  view-data: 3.31666586920619
