times:
  edit-metadata: 1.4956230875104666
  landing: 0.795967660844326
  view-data: 3.3341265115886927
