times:
  edit-metadata: 1.374278485774994
  landing: 0.7159730270504951
  view-data: 3.522609658539295
