times:
  edit-metadata: 1.7440198585391045
  landing: 0.819930337369442
  view-data: 3.3365796953439713
