times:
  edit-metadata: 1.831482157111168
  landing: 0.9895127937197685
  view-data: 3.463673859834671
