times:
  edit-metadata: 1.448890782892704
  landing: 0.8018015325069427
  view-data: 3.339873306453228
