times:
  edit-metadata: 1.3455145247280598
  landing: 0.7624620571732521
  view-data: 3.364522624760866
