times:
  edit-metadata: 1.4254286512732506
  landing: 0.7334829568862915
  view-data: 3.399589993059635
