times:
  edit-metadata: 2.1642359606921673
  landing: 1.0650165677070618
  view-data: 3.635798953473568
