times:
  edit-metadata: 1.598425142467022
  landing: 0.8213327974081039
  view-data: 3.3118521943688393
