times:
  edit-metadata: 1.389730654656887
  landing: 0.733717069029808
  view-data: 3.2662857808172703
