times:
  edit-metadata: 1.3766434416174889
  landing: 0.7869470007717609
  view-data: 3.297620877623558
