times:
  edit-metadata: 1.4393849894404411
  landing: 0.7282036654651165
  view-data: 3.371515393257141
