times:
  edit-metadata: 1.575761817395687
  landing: 1.0731873661279678
  view-data: 3.388614282011986
