times:
  edit-metadata: 1.434972532093525
  landing: 0.7655273154377937
  view-data: 3.3377851210534573
