times:
  edit-metadata: 1.7980496548116207
  landing: 1.0118978060781956
  view-data: 3.3913600854575634
