times:
  edit-metadata: 1.7004958167672157
  landing: 0.9041205160319805
  view-data: 3.380468223243952
