times:
  edit-metadata: 1.35898831859231
  landing: 0.8548451103270054
  view-data: 3.288845159113407
