times:
  edit-metadata: 1.3171836882829666
  landing: 0.8275324925780296
  view-data: 3.673196464776993
