times:
  edit-metadata: 2.2943348586559296
  landing: 1.7149541303515434
  view-data: 3.657335542142391
