times:
  edit-metadata: 1.4170357137918472
  landing: 0.8871759846806526
  view-data: 3.308812879025936
