times:
  edit-metadata: 1.448138676583767
  landing: 0.7129369825124741
  view-data: 3.4659141525626183
