times:
  edit-metadata: 1.5663424506783485
  landing: 0.7961193323135376
  view-data: 3.6098115891218185
