times:
  edit-metadata: 1.468788780272007
  landing: 0.7542823031544685
  view-data: 3.3202670887112617
