times:
  edit-metadata: 1.474076233804226
  landing: 0.6899925172328949
  view-data: 3.553827054798603
