times:
  edit-metadata: 1.372342936694622
  landing: 0.8350988477468491
  view-data: 3.3443903401494026
