times:
  edit-metadata: 1.4970118924975395
  landing: 0.7248592302203178
  view-data: 3.5210148692131042
