times:
  edit-metadata: 1.500399250537157
  landing: 0.7682508304715157
  view-data: 3.31266763061285
