times:
  edit-metadata: 1.5097619369626045
  landing: 0.7563656121492386
  view-data: 3.5067807361483574
