times:
  edit-metadata: 1.5410699993371964
  landing: 0.871451772749424
  view-data: 3.5389020666480064
