times:
  edit-metadata: 1.5101164504885674
  landing: 0.7793203219771385
  view-data: 3.3452485725283623
