times:
  edit-metadata: 1.4004926197230816
  landing: 0.7382529377937317
  view-data: 3.320984061807394
