times:
  edit-metadata: 1.4207443073391914
  landing: 0.6722405403852463
  view-data: 3.390391506254673
