times:
  edit-metadata: 1.39526192471385
  landing: 0.7300684116780758
  view-data: 3.3440263271331787
