times:
  edit-metadata: 1.434035710990429
  landing: 0.7389680743217468
  view-data: 3.455954849720001
