times:
  edit-metadata: 1.4599058665335178
  landing: 0.8186991922557354
  view-data: 3.4074871875345707
