times:
  edit-metadata: 1.3996478244662285
  landing: 0.9852682873606682
  view-data: 3.52182175219059
