times:
  edit-metadata: 1.4823479279875755
  landing: 0.9273749142885208
  view-data: 3.35433092340827
