times:
  edit-metadata: 1.4419637061655521
  landing: 0.7429834380745888
  view-data: 3.4124924391508102
