times:
  edit-metadata: 1.4009542390704155
  landing: 0.6597189232707024
  view-data: 3.518114782869816
