times:
  edit-metadata: 1.6253217607736588
  landing: 0.8687869422137737
  view-data: 3.3271096870303154
