times:
  edit-metadata: 1.4363669641315937
  landing: 0.8169567212462425
  view-data: 3.3815924264490604
