times:
  edit-metadata: 1.5545935854315758
  landing: 0.7679268419742584
  view-data: 3.5246739238500595
