times:
  edit-metadata: 1.4643255770206451
  landing: 0.7235825881361961
  view-data: 3.2861147932708263
