times:
  edit-metadata: 1.4727798104286194
  landing: 0.9172823131084442
  view-data: 3.3090646639466286
