times:
  edit-metadata: 1.5607864633202553
  landing: 0.8006636947393417
  view-data: 3.4384889602661133
