times:
  edit-metadata: 1.4255069978535175
  landing: 0.7912814728915691
  view-data: 3.3648399114608765
