times:
  edit-metadata: 1.423615999519825
  landing: 0.738939642906189
  view-data: 3.505534306168556
