times:
  edit-metadata: 1.4499805867671967
  landing: 0.8399229273200035
  view-data: 3.3715072497725487
