times:
  edit-metadata: 1.480826273560524
  landing: 0.8858218789100647
  view-data: 3.535482697188854
