times:
  edit-metadata: 1.7904894649982452
  landing: 1.1396338418126106
  view-data: 3.7002340108156204
