times:
  edit-metadata: 1.7193937823176384
  landing: 0.9225059598684311
  view-data: 3.5273092687129974
