times:
  edit-metadata: 1.4992713630199432
  landing: 0.7022636234760284
  view-data: 3.591423474252224
