times:
  edit-metadata: 1.365540511906147
  landing: 0.790994442999363
  view-data: 3.3042492121458054
