times:
  edit-metadata: 1.4347602501511574
  landing: 0.7798700146377087
  view-data: 3.285762630403042
