times:
  edit-metadata: 1.3179405257105827
  landing: 0.7507694996893406
  view-data: 3.388535473495722
