times:
  edit-metadata: 1.512601125985384
  landing: 0.786347184330225
  view-data: 3.397245392203331
