times:
  edit-metadata: 1.410264439880848
  landing: 0.7399812340736389
  view-data: 3.289582520723343
