times:
  edit-metadata: 1.3604990988969803
  landing: 0.7685636430978775
  view-data: 3.442138932645321
