times:
  edit-metadata: 1.3519021198153496
  landing: 0.7845596298575401
  view-data: 3.3983432054519653
