times:
  edit-metadata: 1.8407988883554935
  landing: 1.0640127919614315
  view-data: 3.3865013755857944
