times:
  edit-metadata: 1.8047639727592468
  landing: 1.060703106224537
  view-data: 3.62802367657423
