times:
  edit-metadata: 1.5629094243049622
  landing: 0.7701645866036415
  view-data: 3.514210484921932
