times:
  edit-metadata: 1.4714461639523506
  landing: 0.8869096152484417
  view-data: 3.3254085294902325
