times:
  edit-metadata: 1.3483682200312614
  landing: 0.7953979298472404
  view-data: 3.3102806583046913
