times:
  edit-metadata: 1.8510270416736603
  landing: 0.9516096338629723
  view-data: 3.4939937815070152
