times:
  edit-metadata: 1.399311389774084
  landing: 0.9040967598557472
  view-data: 3.3510687686502934
