times:
  edit-metadata: 1.4682425297796726
  landing: 0.8474406562745571
  view-data: 3.354825932532549
