times:
  edit-metadata: 1.3943388275802135
  landing: 0.7803685776889324
  view-data: 3.3233707658946514
