times:
  edit-metadata: 1.4341561794281006
  landing: 0.7154601588845253
  view-data: 3.433995008468628
