times:
  edit-metadata: 1.4509429819881916
  landing: 0.8097132258117199
  view-data: 3.4571396224200726
