times:
  edit-metadata: 1.322180911898613
  landing: 0.8050913214683533
  view-data: 3.5018955022096634
