times:
  edit-metadata: 1.5407225266098976
  landing: 0.811005637049675
  view-data: 3.29858086258173
