times:
  edit-metadata: 1.4541354179382324
  landing: 0.8347044885158539
  view-data: 3.5019953176379204
