times:
  edit-metadata: 1.3780775517225266
  landing: 0.774373322725296
  view-data: 3.4303327426314354
