times:
  edit-metadata: 1.822490505874157
  landing: 1.100048951804638
  view-data: 3.3156743273139
