times:
  edit-metadata: 1.3836770132184029
  landing: 0.73704032599926
  view-data: 3.379435248672962
