times:
  edit-metadata: 1.5803952366113663
  landing: 0.9299468509852886
  view-data: 3.3477968722581863
