times:
  edit-metadata: 1.4336825981736183
  landing: 0.8333755880594254
  view-data: 3.357350006699562
