times:
  edit-metadata: 1.3524290323257446
  landing: 0.7335758954286575
  view-data: 3.5099927484989166
