times:
  edit-metadata: 1.415691077709198
  landing: 0.7636457607150078
  view-data: 3.403639916330576
