times:
  edit-metadata: 1.5363668389618397
  landing: 0.8886325657367706
  view-data: 3.350692842155695
