times:
  edit-metadata: 1.5241623297333717
  landing: 0.7982563152909279
  view-data: 3.514562465250492
