times:
  edit-metadata: 1.517813816666603
  landing: 0.8248979970812798
  view-data: 3.4599995464086533
