times:
  edit-metadata: 1.4196732938289642
  landing: 0.7757923975586891
  view-data: 3.4583555683493614
