times:
  edit-metadata: 1.601683296263218
  landing: 0.9701493978500366
  view-data: 3.305897429585457
