times:
  edit-metadata: 1.5748500190675259
  landing: 0.9363419003784657
  view-data: 3.2888402454555035
