times:
  edit-metadata: 1.4652248620986938
  landing: 0.7700391933321953
  view-data: 3.340001069009304
