times:
  edit-metadata: 1.4131102561950684
  landing: 1.0498384088277817
  view-data: 3.4636125415563583
