times:
  edit-metadata: 1.333657331764698
  landing: 0.7848459556698799
  view-data: 3.4946769699454308
