times:
  edit-metadata: 1.3569779321551323
  landing: 0.7801079005002975
  view-data: 3.493935875594616
