times:
  edit-metadata: 1.4139054045081139
  landing: 0.7208354696631432
  view-data: 3.2986469343304634
