times:
  edit-metadata: 1.3392194285988808
  landing: 0.8757005669176579
  view-data: 3.339758638292551
