times:
  edit-metadata: 1.4463163428008556
  landing: 0.8043908253312111
  view-data: 3.284516789019108
