times:
  edit-metadata: 1.4040627256035805
  landing: 0.730465654283762
  view-data: 3.2950279898941517
