times:
  edit-metadata: 1.382612083107233
  landing: 0.7130983397364616
  view-data: 3.326479382812977
