times:
  edit-metadata: 1.4814727529883385
  landing: 0.7284640446305275
  view-data: 3.4514290168881416
