times:
  edit-metadata: 1.3506372421979904
  landing: 0.8026191294193268
  view-data: 3.3412830382585526
