times:
  edit-metadata: 1.39790690690279
  landing: 0.834112286567688
  view-data: 3.449447348713875
