times:
  edit-metadata: 1.4827084094285965
  landing: 0.8304200321435928
  view-data: 3.4422101005911827
