times:
  edit-metadata: 1.3935719840228558
  landing: 0.7789826057851315
  view-data: 3.3439547941088676
