times:
  edit-metadata: 1.3320326209068298
  landing: 0.6864227578043938
  view-data: 3.4470249786973
