times:
  edit-metadata: 1.343865193426609
  landing: 0.7356511577963829
  view-data: 3.485372357070446
