times:
  edit-metadata: 1.395521879196167
  landing: 0.8028367385268211
  view-data: 3.4817417562007904
