times:
  edit-metadata: 1.4248435124754906
  landing: 0.8067986518144608
  view-data: 3.288969248533249
