times:
  edit-metadata: 1.5725811496376991
  landing: 0.8714933581650257
  view-data: 3.34814478084445
