times:
  edit-metadata: 1.4778090082108974
  landing: 0.7881870158016682
  view-data: 3.2962913140654564
