times:
  edit-metadata: 2.075348362326622
  landing: 1.421954371035099
  view-data: 3.7050400376319885
