times:
  edit-metadata: 1.4024594314396381
  landing: 0.6845196783542633
  view-data: 3.2997020594775677
