times:
  edit-metadata: 1.5134418904781342
  landing: 0.9254080057144165
  view-data: 3.399453729391098
