times:
  edit-metadata: 1.3499212488532066
  landing: 0.8524264320731163
  view-data: 3.4854318499565125
