times:
  edit-metadata: 1.400995809584856
  landing: 0.775852233171463
  view-data: 3.3220824487507343
