times:
  edit-metadata: 1.4476945661008358
  landing: 0.7632637545466423
  view-data: 3.359414353966713
