times:
  edit-metadata: 1.3914868794381618
  landing: 0.7639326751232147
  view-data: 3.3166917748749256
