times:
  edit-metadata: 1.6096319518983364
  landing: 0.9870021715760231
  view-data: 3.4384923577308655
