times:
  edit-metadata: 1.441391259431839
  landing: 0.7287962585687637
  view-data: 3.3338810056447983
