times:
  edit-metadata: 1.346475049853325
  landing: 0.9377848356962204
  view-data: 3.5137819573283195
