times:
  edit-metadata: 1.343425065279007
  landing: 0.7746472880244255
  view-data: 3.322600271552801
