times:
  edit-metadata: 1.3988315537571907
  landing: 0.8281556740403175
  view-data: 3.5157091468572617
