times:
  edit-metadata: 1.5125708878040314
  landing: 0.8047688007354736
  view-data: 3.5260379388928413
