times:
  edit-metadata: 1.5171274915337563
  landing: 0.7124806791543961
  view-data: 3.5023245438933372
