times:
  edit-metadata: 2.0913823768496513
  landing: 0.895512156188488
  view-data: 3.5395402871072292
