times:
  edit-metadata: 1.4717511981725693
  landing: 0.7627011761069298
  view-data: 3.416708253324032
