times:
  edit-metadata: 1.3991547971963882
  landing: 0.7921258956193924
  view-data: 0.46246133744716644
