times:
  edit-metadata: 1.4976887851953506
  landing: 0.7484138906002045
  view-data: 3.4582576975226402
