times:
  edit-metadata: 1.4505325593054295
  landing: 0.7929746024310589
  view-data: 3.2771605141460896
