times:
  edit-metadata: 1.3912434950470924
  landing: 0.8186468780040741
  view-data: 3.574492909014225
