times:
  edit-metadata: 1.5890532582998276
  landing: 0.7699745520949364
  view-data: 3.3431858867406845
