times:
  edit-metadata: 1.5194770470261574
  landing: 0.7263706922531128
  view-data: 3.485235244035721
