times:
  edit-metadata: 1.4928443357348442
  landing: 0.7922070883214474
  view-data: 3.3145731762051582
