times:
  edit-metadata: 1.5124009475111961
  landing: 0.8151743113994598
  view-data: 3.5276042744517326
