times:
  edit-metadata: 1.907892256975174
  landing: 1.0774504095315933
  view-data: 3.5984578654170036
