times:
  edit-metadata: 1.8728815540671349
  landing: 0.9206983000040054
  view-data: 3.4330481588840485
