times:
  edit-metadata: 1.4681083709001541
  landing: 0.7562066540122032
  view-data: 3.3458537608385086
