times:
  edit-metadata: 1.5118649899959564
  landing: 1.0163759216666222
  view-data: 3.490725576877594
