times:
  edit-metadata: 1.4165060631930828
  landing: 0.8072400689125061
  view-data: 3.28482124209404
