times:
  edit-metadata: 2.119235135614872
  landing: 1.615643821656704
  view-data: 4.189182244241238
