times:
  edit-metadata: 1.5311298295855522
  landing: 0.7189209684729576
  view-data: 3.4313391223549843
