times:
  edit-metadata: 1.5430663228034973
  landing: 0.8723790608346462
  view-data: 3.2852025590837
