times:
  edit-metadata: 1.3526459708809853
  landing: 0.7196874096989632
  view-data: 3.5246254056692123
