times:
  edit-metadata: 1.3749601915478706
  landing: 0.727717936038971
  view-data: 3.504944831132889
