times:
  edit-metadata: 2.034142930060625
  landing: 0.9557607844471931
  view-data: 3.4233413487672806
