times:
  edit-metadata: 1.4206934869289398
  landing: 0.9261608347296715
  view-data: 3.4343221932649612
