times:
  edit-metadata: 1.3891925290226936
  landing: 0.7197079136967659
  view-data: 3.2989815771579742
