times:
  edit-metadata: 1.4815880879759789
  landing: 0.7666914761066437
  view-data: 3.5210419222712517
