times:
  edit-metadata: 2.20688384026289
  landing: 1.1267343908548355
  view-data: 3.4427781999111176
