times:
  edit-metadata: 1.4332598894834518
  landing: 0.8153471797704697
  view-data: 3.423788033425808
