times:
  edit-metadata: 1.4569401033222675
  landing: 0.791934672743082
  view-data: 3.3380598574876785
