times:
  edit-metadata: 1.3676859810948372
  landing: 0.7818647250533104
  view-data: 3.3962992057204247
