times:
  edit-metadata: 1.5119084604084492
  landing: 0.8953407481312752
  view-data: 3.33122443780303
