times:
  edit-metadata: 0.4141400046646595
  landing: 0.050615094602108
  view-data: 0.18742522224783897
