times:
  edit-metadata: 1.3721759598702192
  landing: 0.12697655521333218
  view-data: 0.135544640943408
