times:
  edit-metadata: 0.5631822230061516
  landing: 0.05851420195540413
  view-data: 0.2223527010064572
