times:
  edit-metadata: 1.354243722744286
  landing: 0.023873064666986465
  view-data: 0.02353827189654112
