times:
  edit-metadata: 1.321524719009176
  landing: 1.1138581420527771
  view-data: 3.3474932310637087
