times:
  edit-metadata: 1.3838588818907738
  landing: 0.7317379117012024
  view-data: 3.3521801214665174
