times:
  edit-metadata: 1.3491626139730215
  landing: 0.024774095974862576
  view-data: 0.1245818380266428
