times:
  edit-metadata: 2.1182336807250977
  landing: 1.2987554520368576
  view-data: 3.9995084200054407
