times:
  edit-metadata: 1.3806950859725475
  landing: 0.13794300705194473
  view-data: 0.3322671316564083
