times:
  edit-metadata: 0.5984389360528439
  landing: 0.05111802904866636
  view-data: 0.17779707093723118
