times:
  edit-metadata: 0.46243479708209634
  landing: 0.04160910891368985
  view-data: 0.1974416859447956
