times:
  edit-metadata: 0.621218397282064
  landing: 0.045538492035120726
  view-data: 0.19199084909632802
