times:
  edit-metadata: 1.6017117593437433
  landing: 1.4812446851283312
  view-data: 3.314788818359375
