times:
  edit-metadata: 3.0050429925322533
  landing: 1.1426993012428284
  view-data: 3.297843972221017
