times:
  edit-metadata: 0.4629551819525659
  landing: 0.0459246588870883
  view-data: 0.19955403683707118
