times:
  edit-metadata: 0.7493331679143012
  landing: 0.06554070301353931
  view-data: 0.22247732197865844
