times:
  edit-metadata: 0.43340303795412183
  landing: 0.07045192318037152
  view-data: 0.20086894207634032
