times:
  edit-metadata: 0.6139764170511626
  landing: 0.040821627946570516
  view-data: 0.19714487896999344
