times:
  edit-metadata: 1.5028876522555947
  landing: 0.7731306264176965
  view-data: 3.2723454954102635
