times:
  edit-metadata: 0.38607797026634216
  landing: 0.05272957310080528
  view-data: 0.19117015227675438
