times:
  edit-metadata: 2.233364474028349
  landing: 1.0338979922235012
  view-data: 3.4538277722895145
