times:
  edit-metadata: 1.3644868189585395
  landing: 0.2963901190087199
  view-data: 0.33382287301355973
