times:
  edit-metadata: 1.4802065640687943
  landing: 0.02256562002003193
  view-data: 0.28449470922350883
