times:
  edit-metadata: 0.6144852093420923
  landing: 0.03983391588553786
  view-data: 0.19401681888848543
