times:
  edit-metadata: 2.6311008855700493
  landing: 0.9158287383615971
  view-data: 3.816812127828598
