times:
  edit-metadata: 0.5696102380752563
  landing: 0.04746348783373833
  view-data: 0.18357490748167038
