times:
  edit-metadata: 0.5372705229965504
  landing: 0.04978624000796117
  view-data: 0.20480760600185022
