times:
  edit-metadata: 0.4629930341616273
  landing: 0.051769927609711885
  view-data: 0.20183847611770034
