times:
  edit-metadata: 1.5080560613423586
  landing: 0.749329668469727
  view-data: 3.3169790022075176
