times:
  edit-metadata: 0.6286667590029538
  landing: 0.05472395708784461
  view-data: 0.1869334881193936
