times:
  edit-metadata: 0.4727263390086591
  landing: 0.044103495310992
  view-data: 0.19639678299427032
