times:
  edit-metadata: 1.4965225299820304
  landing: 0.7439854927361012
  view-data: 3.4815223473124206
