times:
  edit-metadata: 1.5236709294840693
  landing: 0.7798795532435179
  view-data: 3.402636459097266
