times:
  edit-metadata: 0.6096281880745664
  landing: 0.04100094607565552
  view-data: 0.19602055195719004
