times:
  edit-metadata: 0.6416849670931697
  landing: 0.04351047473028302
  view-data: 0.1910998378880322
