times:
  edit-metadata: 1.3115787794813514
  landing: 0.019527808763086796
  view-data: 0.12132133543491364
