times:
  edit-metadata: 1.4587265327572823
  landing: 0.14842351339757442
  view-data: 0.236637556925416
