times:
  edit-metadata: 1.7163320891559124
  landing: 0.1776095200330019
  view-data: 0.050618868321180344
