times:
  edit-metadata: 0.49049793370068073
  landing: 0.0405403021723032
  view-data: 0.20065257884562016
