times:
  edit-metadata: 0.6467592120170593
  landing: 0.04165156139060855
  view-data: 0.19776013679802418
