times:
  edit-metadata: 0.4900271366350353
  landing: 0.051016236655414104
  view-data: 0.2009571031667292
