times:
  edit-metadata: 0.4783922750502825
  landing: 0.04015568224713206
  view-data: 0.19606125634163618
