times:
  edit-metadata: 1.7379981745034456
  landing: 0.2619938589632511
  view-data: 0.14981958828866482
