times:
  edit-metadata: 1.3639042871072888
  landing: 0.13797434978187084
  view-data: 0.024872400797903538
