times:
  edit-metadata: 0.616724147927016
  landing: 0.048832185100764036
  view-data: 0.1947806952521205
