times:
  edit-metadata: 1.3763183178380132
  landing: 0.6942904833704233
  view-data: 3.3296049861237407
