times:
  edit-metadata: 1.341312238946557
  landing: 0.12690273206681013
  view-data: 0.12025971058756113
