times:
  edit-metadata: 0.6247635079780594
  landing: 0.040218119975179434
  view-data: 0.20341602596454322
