times:
  edit-metadata: 1.572090169414878
  landing: 1.6362104248255491
  view-data: 3.3674401342868805
