times:
  edit-metadata: 0.4785956349223852
  landing: 0.039526790380477905
  view-data: 0.19636239064857364
