times:
  edit-metadata: 1.3103497633710504
  landing: 0.1238621948286891
  view-data: 0.025794366374611855
