times:
  edit-metadata: 1.485729028005153
  landing: 0.7423053251113743
  view-data: 3.3435380859300494
