times:
  edit-metadata: 1.450004180893302
  landing: 0.15069698356091976
  view-data: 0.4508189372718334
