times:
  edit-metadata: 2.8586719669401646
  landing: 1.465334016829729
  view-data: 3.3887324444949627
