times:
  edit-metadata: 1.9155508074909449
  landing: 1.440247479826212
  view-data: 3.2838009763509035
