times:
  edit-metadata: 6.381260573863983
  landing: 2.6306417994201183
  view-data: 4.943172249943018
