times:
  edit-metadata: 1.4686691211536527
  landing: 0.7799635189585388
  view-data: 3.3738026772625744
