times:
  edit-metadata: 0.46919036377221346
  landing: 0.04557444527745247
  view-data: 0.19962554331868887
