times:
  edit-metadata: 1.3037654757499695
  landing: 0.022489906288683414
  view-data: 0.12025780137628317
