times:
  edit-metadata: 0.40263839811086655
  landing: 0.04900472238659859
  view-data: 0.18969054147601128
