times:
  edit-metadata: 1.3695187754929066
  landing: 0.8517830520868301
  view-data: 3.341285675764084
