times:
  edit-metadata: 5.469968672841787
  landing: 2.817180711776018
  view-data: 4.131645206362009
