times:
  edit-metadata: 1.5603417698293924
  landing: 0.8555058613419533
  view-data: 3.3458700124174356
