times:
  edit-metadata: 0.6080414280295372
  landing: 0.04553196090273559
  view-data: 0.18981740507297218
