times:
  edit-metadata: 0.4541258381213993
  landing: 0.06106152688153088
  view-data: 0.2040887549519539
