times:
  edit-metadata: 1.2815021136775613
  landing: 0.02218587975949049
  view-data: 0.02606161404401064
