times:
  edit-metadata: 0.7400279340217821
  landing: 0.06350464897695929
  view-data: 0.20719843497499824
