times:
  edit-metadata: 0.40265314700081944
  landing: 0.06794844497926533
  view-data: 0.20459831797052175
