times:
  edit-metadata: 0.463339907117188
  landing: 0.039291765075176954
  view-data: 0.20330045837908983
