times:
  edit-metadata: 0.44311602995730937
  landing: 0.06566845183260739
  view-data: 0.2037444298621267
