times:
  edit-metadata: 0.41465499624609947
  landing: 0.0428556352853775
  view-data: 0.1877044215798378
