times:
  edit-metadata: 0.6132952906191349
  landing: 0.04277104791253805
  view-data: 0.18981352914124727
