times:
  edit-metadata: 2.209296617656946
  landing: 1.3421038687229156
  view-data: 3.71774073317647
