times:
  edit-metadata: 0.4555802890099585
  landing: 0.05851880204863846
  view-data: 0.34477026807144284
