times:
  edit-metadata: 0.6461957488209009
  landing: 0.04174648690968752
  view-data: 0.19345015892758965
