times:
  edit-metadata: 0.4635356639046222
  landing: 0.05332359508611262
  view-data: 0.20662027201615274
