times:
  edit-metadata: 1.3123963233083487
  landing: 0.021016801707446575
  view-data: 0.40278137382119894
