times:
  edit-metadata: 1.5802584940101951
  landing: 0.8310894058085978
  view-data: 3.4396806308068335
