times:
  edit-metadata: 0.6159592979820445
  landing: 0.04053435497917235
  view-data: 0.19650976499542594
