times:
  edit-metadata: 0.6236239509889856
  landing: 0.058002079953439534
  view-data: 0.19502604403533041
