times:
  edit-metadata: 0.4737219656817615
  landing: 0.03814027877524495
  view-data: 0.3294702460989356
