times:
  edit-metadata: 1.3854099493473768
  landing: 0.1798062901943922
  view-data: 0.34779110737144947
