times:
  edit-metadata: 3.089388158172369
  landing: 1.0463215485215187
  view-data: 3.511249426752329
