times:
  edit-metadata: 0.8097588126547635
  landing: 0.18937470205128193
  view-data: 0.32295788498595357
