times:
  edit-metadata: 0.7307835039682686
  landing: 0.08499379095155746
  view-data: 0.19640731695108116
