times:
  edit-metadata: 1.6110081635415554
  landing: 0.8910357356071472
  view-data: 3.4252121187746525
