times:
  edit-metadata: 0.43326974904630333
  landing: 0.05612141697201878
  view-data: 0.2035822569159791
