times:
  edit-metadata: 0.49119776394218206
  landing: 0.045667022466659546
  view-data: 0.20715907961130142
