times:
  edit-metadata: 1.4318678304553032
  landing: 0.019921536557376385
  view-data: 0.13914190232753754
