times:
  edit-metadata: 1.5667068846523762
  landing: 0.8516003033146262
  view-data: 3.352606328204274
