times:
  edit-metadata: 0.4663436012342572
  landing: 0.04012098675593734
  view-data: 0.1899292073212564
