times:
  edit-metadata: 0.4690105631016195
  landing: 0.045090711675584316
  view-data: 0.19107522629201412
