times:
  edit-metadata: 0.40946122095920146
  landing: 0.06907300604507327
  view-data: 0.21296589903067797
