times:
  edit-metadata: 0.4856310329923872
  landing: 0.0717351209896151
  view-data: 0.2013816139951814
