times:
  edit-metadata: 0.45644941087812185
  landing: 0.045430961064994335
  view-data: 0.20623163087293506
