times:
  edit-metadata: 0.46822833793703467
  landing: 0.05009759496897459
  view-data: 0.22683096094988286
