times:
  edit-metadata: 1.3455758951604366
  landing: 0.020194415003061295
  view-data: 0.11839518789201975
