times:
  edit-metadata: 1.3254579165950418
  landing: 0.020732014440000057
  view-data: 0.025353343226015568
