times:
  edit-metadata: 0.6753509221598506
  landing: 0.041499834042042494
  view-data: 0.18946291273459792
