times:
  edit-metadata: 0.4897813843563199
  landing: 0.039985550567507744
  view-data: 0.2041852492839098
