times:
  edit-metadata: 1.5125305131077766
  landing: 0.7611005641520023
  view-data: 3.2700010277330875
