times:
  edit-metadata: 0.5608225550095085
  landing: 0.08242829298251309
  view-data: 0.262630609999178
