times:
  edit-metadata: 0.6255068029859103
  landing: 0.04266839299816638
  view-data: 0.19096140802139416
