times:
  edit-metadata: 0.4934035479091108
  landing: 0.04636830696836114
  view-data: 0.19971498800441623
