times:
  edit-metadata: 0.474057924002409
  landing: 0.05597752518951893
  view-data: 0.19670681189745665
