times:
  edit-metadata: 1.9180850088596344
  landing: 0.055545032024383545
  view-data: 0.028007518500089645
