times:
  edit-metadata: 1.3444880843162537
  landing: 0.7806498520076275
  view-data: 3.3581528775393963
