times:
  edit-metadata: 1.9672697745263577
  landing: 1.3707725759595633
  view-data: 3.3556476794183254
