times:
  edit-metadata: 1.3823188859969378
  landing: 0.8044593040831387
  view-data: 3.3501455830410123
