times:
  edit-metadata: 0.4106490481644869
  landing: 0.0707372110337019
  view-data: 0.20330210216343403
