times:
  edit-metadata: 1.4355199337005615
  landing: 0.7836882472038269
  view-data: 3.303549822419882
