times:
  edit-metadata: 0.460801531560719
  landing: 0.04671557433903217
  view-data: 0.20376588217914104
