times:
  edit-metadata: 6.285717373713851
  landing: 2.248084833845496
  view-data: 3.8498316910117865
