times:
  edit-metadata: 1.7726363837718964
  landing: 0.25905983336269855
  view-data: 0.388240996748209
