times:
  edit-metadata: 2.203505801036954
  landing: 1.2456507440656424
  view-data: 4.356588803231716
