times:
  edit-metadata: 0.47340972255915403
  landing: 0.05029841139912605
  view-data: 0.19720128364861012
