times:
  edit-metadata: 2.867493934929371
  landing: 1.8730184715241194
  view-data: 3.7783169616013765
