times:
  edit-metadata: 0.4501327149919234
  landing: 0.057587867020629346
  view-data: 0.21325479401275516
