times:
  edit-metadata: 1.6523597920313478
  landing: 0.023093110881745815
  view-data: 0.4903740640729666
