times:
  edit-metadata: 0.537350513972342
  landing: 0.05255906796082854
  view-data: 0.21341783495154232
