times:
  edit-metadata: 1.3012164449319243
  landing: 0.021630363538861275
  view-data: 0.024658347479999065
