times:
  edit-metadata: 0.4205646440386772
  landing: 0.04858087748289108
  view-data: 0.18872999399900436
