times:
  edit-metadata: 1.3356058560311794
  landing: 0.022425351664423943
  view-data: 0.1017236988991499
