times:
  edit-metadata: 2.2406558245420456
  landing: 0.9842666070908308
  view-data: 3.3437849953770638
