times:
  edit-metadata: 0.823270812863484
  landing: 0.07814801414497197
  view-data: 0.23744038003496826
