times:
  edit-metadata: 1.3282846193760633
  landing: 0.022394543513655663
  view-data: 0.4644038174301386
