times:
  edit-metadata: 1.4997168332338333
  landing: 0.12208453193306923
  view-data: 0.03062981180846691
