times:
  edit-metadata: 0.4492256171070039
  landing: 0.04337527370080352
  view-data: 0.1905006840825081
