times:
  edit-metadata: 1.3348492328077555
  landing: 0.01943791750818491
  view-data: 0.13275006785988808
