times:
  edit-metadata: 1.3120233314111829
  landing: 0.12589105870574713
  view-data: 0.11765533220022917
