times:
  edit-metadata: 0.42044998286291957
  landing: 0.060703421011567116
  view-data: 0.20408136607147753
