times:
  edit-metadata: 0.39977168291807175
  landing: 0.04667985811829567
  view-data: 0.1917182058095932
