times:
  edit-metadata: 1.4289189875125885
  landing: 0.04664408415555954
  view-data: 0.025605373084545135
