times:
  edit-metadata: 0.41600658300012583
  landing: 0.059031718999904115
  view-data: 0.1977779750004629
