times:
  edit-metadata: 0.6431466229259968
  landing: 0.06271747499704361
  view-data: 0.19621478603221476
