times:
  edit-metadata: 1.5102239977568388
  landing: 0.14812273532152176
  view-data: 0.37108544632792473
