times:
  edit-metadata: 0.6170699599897489
  landing: 0.0490071460371837
  view-data: 0.19626247603446245
