times:
  edit-metadata: 0.4776492938399315
  landing: 0.04498709924519062
  view-data: 0.20088757760822773
