times:
  edit-metadata: 1.3109396332874894
  landing: 0.12528305407613516
  view-data: 0.026672478765249252
