times:
  edit-metadata: 1.4892234485596418
  landing: 0.378783505409956
  view-data: 0.19134841486811638
