times:
  edit-metadata: 1.3056953717023134
  landing: 0.02051924541592598
  view-data: 0.11630891356617212
