times:
  edit-metadata: 1.438354213256389
  landing: 0.782471118029207
  view-data: 3.3848673971369863
