times:
  edit-metadata: 4.19938836991787
  landing: 2.0695781633257866
  view-data: 3.8819259833544493
