times:
  edit-metadata: 0.6095590849872679
  landing: 0.04582273800042458
  view-data: 0.19366802601143718
