times:
  edit-metadata: 0.6362259248271585
  landing: 0.046160307014361024
  view-data: 0.18734923307783902
