times:
  edit-metadata: 2.5811176653951406
  landing: 1.0887791886925697
  view-data: 3.396169601008296
