times:
  edit-metadata: 1.3292548973113298
  landing: 0.01901865564286709
  view-data: 0.026621028780937195
