times:
  edit-metadata: 2.780736514367163
  landing: 0.4832699941471219
  view-data: 0.814400389790535
