times:
  edit-metadata: 0.5418935820052866
  landing: 0.11699161599972285
  view-data: 0.2502427790022921
