times:
  edit-metadata: 1.913366749882698
  landing: 0.8414721302688122
  view-data: 3.43659027852118
