times:
  edit-metadata: 1.382695134729147
  landing: 0.02183807361871004
  view-data: 0.024347751401364803
