times:
  edit-metadata: 1.3088001515716314
  landing: 0.18364300206303596
  view-data: 0.12442378886044025
