times:
  edit-metadata: 0.40215177461504936
  landing: 0.053525377064943314
  view-data: 0.1964281089603901
