times:
  edit-metadata: 0.4966536248102784
  landing: 0.07938970811665058
  view-data: 0.19249072205275297
