times:
  edit-metadata: 1.789721056818962
  landing: 0.6923078000545502
  view-data: 3.436850305646658
