times:
  edit-metadata: 0.4135909860196989
  landing: 0.06205844201031141
  view-data: 0.20073496000259183
