times:
  edit-metadata: 3.1582520809024572
  landing: 1.6758325779810548
  view-data: 4.28550732973963
