times:
  edit-metadata: 0.39542324002832174
  landing: 0.06821636483073235
  view-data: 0.2021231190301478
