times:
  edit-metadata: 1.4346351101994514
  landing: 1.016598711721599
  view-data: 3.321023696102202
