times:
  edit-metadata: 1.3934480715543032
  landing: 0.023971129208803177
  view-data: 0.3080359846353531
