times:
  edit-metadata: 3.4954694882035255
  landing: 2.940660808235407
  view-data: 3.951910823583603
