times:
  edit-metadata: 1.4905621819198132
  landing: 0.8492007479071617
  view-data: 3.2760444916784763
