times:
  edit-metadata: 0.43205488001694903
  landing: 0.05756643501808867
  view-data: 0.2028879740391858
