times:
  edit-metadata: 0.39410948753356934
  landing: 0.04255715385079384
  view-data: 0.1942799724638462
