times:
  edit-metadata: 0.45717532373964787
  landing: 0.040936497040092945
  view-data: 0.18922861199826002
