times:
  edit-metadata: 1.983415137976408
  landing: 1.0484065227210522
  view-data: 3.48239604011178
