times:
  edit-metadata: 0.6382270087487996
  landing: 0.04369315505027771
  view-data: 0.19957879185676575
