times:
  edit-metadata: 1.3529002331197262
  landing: 0.02233490440994501
  view-data: 0.025552471168339252
