times:
  edit-metadata: 1.7950376132503152
  landing: 0.2750625545158982
  view-data: 0.4973278185352683
