times:
  edit-metadata: 2.612291183322668
  landing: 2.9628589749336243
  view-data: 3.597107592970133
