times:
  edit-metadata: 1.3027139408513904
  landing: 0.02098470740020275
  view-data: 0.12259404268115759
