times:
  edit-metadata: 0.6129434540052898
  landing: 0.0551069690118311
  view-data: 0.18517741200048476
