times:
  edit-metadata: 1.4657853431999683
  landing: 0.7894383370876312
  view-data: 3.40417492762208
