times:
  edit-metadata: 1.3178712166845798
  landing: 0.023405220359563828
  view-data: 0.02786166500300169
