times:
  edit-metadata: 1.36070398055017
  landing: 0.17271270975470543
  view-data: 0.026099056005477905
