times:
  edit-metadata: 1.9440975580364466
  landing: 0.8258142005652189
  view-data: 3.483502885326743
