times:
  edit-metadata: 3.6922441609203815
  landing: 1.558407511562109
  view-data: 4.380017723888159
