times:
  edit-metadata: 3.9635140486061573
  landing: 1.0088303070515394
  view-data: 3.362848961725831
