times:
  edit-metadata: 1.2848209040239453
  landing: 0.7308434583246708
  view-data: 3.342282929457724
