times:
  edit-metadata: 0.6365085419965908
  landing: 0.040440105949528515
  view-data: 0.19581040204502642
