times:
  edit-metadata: 1.3964620977640152
  landing: 0.9446445591747761
  view-data: 3.365573722869158
