times:
  edit-metadata: 0.5101005809847265
  landing: 0.05074317299295217
  view-data: 0.21621368895284832
