times:
  edit-metadata: 0.4002978876233101
  landing: 0.046028703451156616
  view-data: 0.19560890644788742
