times:
  edit-metadata: 1.532455362379551
  landing: 0.8597763851284981
  view-data: 3.440796583890915
