times:
  edit-metadata: 1.4325157832354307
  landing: 0.9002279257401824
  view-data: 3.2998819202184677
