times:
  edit-metadata: 0.46155869169160724
  landing: 0.04314098507165909
  view-data: 0.19026609230786562
