times:
  edit-metadata: 2.4111150838434696
  landing: 1.611929357983172
  view-data: 3.5552739650011063
