times:
  edit-metadata: 5.581118255853653
  landing: 3.086739767342806
  view-data: 3.911193121224642
