times:
  edit-metadata: 1.2835680795833468
  landing: 0.02125927247107029
  view-data: 0.13395441882312298
