times:
  edit-metadata: 0.41783027979545295
  landing: 0.0538921388797462
  view-data: 0.20275465794838965
