times:
  edit-metadata: 0.45396688487380743
  landing: 0.06248750211670995
  view-data: 0.21039431705139577
