times:
  edit-metadata: 0.5829166569747031
  landing: 0.06005396926775575
  view-data: 0.28343995474278927
