times:
  edit-metadata: 6.349156774580479
  landing: 2.392847962677479
  view-data: 4.1355844140052795
