times:
  edit-metadata: 1.492829174734652
  landing: 0.78842982230708
  view-data: 3.4442407628521323
