times:
  edit-metadata: 1.3788733296096325
  landing: 0.021679038181900978
  view-data: 0.03161207027733326
