times:
  edit-metadata: 0.6436877218075097
  landing: 0.08416500221937895
  view-data: 0.21397131821140647
