times:
  edit-metadata: 1.3676261808723211
  landing: 0.17529932968318462
  view-data: 0.025280499830842018
