times:
  edit-metadata: 1.3085796320810914
  landing: 0.020655715838074684
  view-data: 0.026136163622140884
