times:
  edit-metadata: 1.3432684298604727
  landing: 0.021215956658124924
  view-data: 0.3756621275097132
