times:
  edit-metadata: 1.5968291889876127
  landing: 0.25719159469008446
  view-data: 0.1345270797610283
