times:
  edit-metadata: 0.6357423239387572
  landing: 0.053920650854706764
  view-data: 0.17918346915394068
