times:
  edit-metadata: 1.6817029919475317
  landing: 0.9157797512598336
  view-data: 3.394813060760498
