times:
  edit-metadata: 1.4660303685814142
  landing: 0.8166724750772119
  view-data: 3.3525151684880257
