times:
  edit-metadata: 1.3711627181619406
  landing: 0.14547063410282135
  view-data: 0.21619495376944542
