times:
  edit-metadata: 1.3758269743993878
  landing: 0.021119550801813602
  view-data: 0.02544606849551201
