times:
  edit-metadata: 1.48887337744236
  landing: 0.8837783448398113
  view-data: 3.4118807204067707
