times:
  edit-metadata: 1.9994399691931903
  landing: 5.024238261394203
  view-data: 3.4197920598089695
