times:
  edit-metadata: 0.4634006670676172
  landing: 0.043119424022734165
  view-data: 0.1831582118757069
