times:
  edit-metadata: 4.59534802660346
  landing: 1.693328119814396
  view-data: 3.9945155940949917
