times:
  edit-metadata: 2.895970828831196
  landing: 0.048381051048636436
  view-data: 0.06312213838100433
