times:
  edit-metadata: 0.5119449282065034
  landing: 0.048527504317462444
  view-data: 0.21319524897262454
