times:
  edit-metadata: 1.2750189434736967
  landing: 0.021215084940195084
  view-data: 0.11935835890471935
