times:
  edit-metadata: 0.5021722969831899
  landing: 0.07162829898879863
  view-data: 0.2199316330079455
