times:
  edit-metadata: 0.7845263392664492
  landing: 0.04495239816606045
  view-data: 0.2363195293582976
