times:
  edit-metadata: 1.5888779796659946
  landing: 0.787146458402276
  view-data: 3.393868574872613
