times:
  edit-metadata: 0.44446855899877846
  landing: 0.050348803983069956
  view-data: 0.19705395307391882
