times:
  edit-metadata: 2.4309123028069735
  landing: 1.2991632632911205
  view-data: 3.640525035560131
