times:
  edit-metadata: 1.3538920730352402
  landing: 0.021068597212433815
  view-data: 0.024003714323043823
