times:
  edit-metadata: 1.3081855066120625
  landing: 0.020503517240285873
  view-data: 0.12224963866174221
