times:
  edit-metadata: 1.7269004359841347
  landing: 0.2577277850359678
  view-data: 0.3826584033668041
