times:
  edit-metadata: 1.394935293123126
  landing: 0.2101363204419613
  view-data: 0.026685357093811035
