times:
  edit-metadata: 1.4813475869596004
  landing: 0.6981762871146202
  view-data: 3.3006120175123215
