times:
  edit-metadata: 0.6316879939986393
  landing: 0.05243684002198279
  view-data: 0.19532103999517858
