times:
  edit-metadata: 5.082148527726531
  landing: 2.737621059641242
  view-data: 4.310945495963097
