times:
  edit-metadata: 3.0726995766162872
  landing: 1.2843461632728577
  view-data: 3.4294468238949776
