times:
  edit-metadata: 1.4908979292958975
  landing: 0.7978957816958427
  view-data: 3.34572031814605
