times:
  edit-metadata: 0.44428078504279256
  landing: 0.04542635381221771
  view-data: 0.18928046664223075
