times:
  edit-metadata: 0.6484525171108544
  landing: 0.04858664493076503
  view-data: 0.19289116491563618
