times:
  edit-metadata: 1.361117010936141
  landing: 0.01990532875061035
  view-data: 0.023063169792294502
