times:
  edit-metadata: 1.5566783882677555
  landing: 0.8200749605894089
  view-data: 3.386060643941164
