times:
  edit-metadata: 1.492906091734767
  landing: 0.8525550607591867
  view-data: 3.415091071277857
