times:
  edit-metadata: 1.571612793020904
  landing: 0.6841140799224377
  view-data: 3.374871772713959
