times:
  edit-metadata: 1.3955639144405723
  landing: 0.019612589851021767
  view-data: 0.3995581092312932
