times:
  edit-metadata: 0.6319221670273691
  landing: 0.04538550297729671
  view-data: 0.19531596289016306
