times:
  edit-metadata: 2.343646675348282
  landing: 1.4725760966539383
  view-data: 3.3811785988509655
