times:
  edit-metadata: 0.4377396460622549
  landing: 0.05828502494841814
  view-data: 0.20440343697555363
