times:
  edit-metadata: 1.4859109912067652
  landing: 0.09802982583642006
  view-data: 0.030313098803162575
