times:
  edit-metadata: 0.6328872926533222
  landing: 0.04171173693612218
  view-data: 0.19360149092972279
