times:
  edit-metadata: 0.7359317820519209
  landing: 0.04472523229196668
  view-data: 0.23608411801978946
