times:
  edit-metadata: 1.6084246281534433
  landing: 0.023861397057771683
  view-data: 0.3269461616873741
