times:
  edit-metadata: 0.6668509931769222
  landing: 0.07474660221487284
  view-data: 0.1991396020166576
