times:
  edit-metadata: 0.4435514660435729
  landing: 0.054765344015322626
  view-data: 0.20507561403792351
