times:
  edit-metadata: 0.6262645639944822
  landing: 0.05109929700847715
  view-data: 0.1972681840416044
