times:
  edit-metadata: 1.3052770150825381
  landing: 0.02074849884957075
  view-data: 0.023546735756099224
