times:
  edit-metadata: 0.65104960789904
  landing: 0.11102385492995381
  view-data: 0.29982874263077974
