times:
  edit-metadata: 1.305156567133963
  landing: 0.02271268330514431
  view-data: 0.02657045889645815
