times:
  edit-metadata: 1.9738776348531246
  landing: 0.9268716387450695
  view-data: 3.359083255752921
