times:
  edit-metadata: 2.6648193039000034
  landing: 1.0852867178618908
  view-data: 3.34505520388484
