times:
  edit-metadata: 1.374579193070531
  landing: 0.021155735477805138
  view-data: 0.3457350302487612
