times:
  edit-metadata: 0.4468942619860172
  landing: 0.05855043791234493
  view-data: 0.19918554089963436
