times:
  edit-metadata: 2.902566857635975
  landing: 1.7466986738145351
  view-data: 3.6436553224921227
