times:
  edit-metadata: 1.4359962893649936
  landing: 0.13558019138872623
  view-data: 0.09798869863152504
