times:
  edit-metadata: 0.4180954284965992
  landing: 0.039158452302217484
  view-data: 0.1911183036863804
