times:
  edit-metadata: 1.7808751314878464
  landing: 1.4555841106921434
  view-data: 4.163136038929224
