times:
  edit-metadata: 0.4554006119724363
  landing: 0.045958765083923936
  view-data: 0.21519619994796813
