times:
  edit-metadata: 0.5249286539910827
  landing: 0.05402242101263255
  view-data: 0.21210840498679318
