times:
  edit-metadata: 2.380428485572338
  landing: 0.9768542144447565
  view-data: 3.5292910039424896
