times:
  edit-metadata: 1.5984074138104916
  landing: 0.16673298366367817
  view-data: 0.3730754107236862
