times:
  edit-metadata: 0.48867921670898795
  landing: 0.04703078418970108
  view-data: 0.2029006970115006
