times:
  edit-metadata: 2.6386695075780153
  landing: 1.2182547729462385
  view-data: 3.784993499517441
