times:
  edit-metadata: 1.5389034189283848
  landing: 0.8253873214125633
  view-data: 3.3169842436909676
