times:
  edit-metadata: 0.6448716060258448
  landing: 0.0485614079516381
  view-data: 0.19219216995406896
