times:
  edit-metadata: 1.372898356989026
  landing: 0.02081318199634552
  view-data: 0.29043035581707954
