times:
  edit-metadata: 1.6987675591371953
  landing: 0.8588132038712502
  view-data: 3.4375571087002754
