times:
  edit-metadata: 1.8307274244725704
  landing: 0.020034311339259148
  view-data: 0.02529906015843153
