times:
  edit-metadata: 1.322387320920825
  landing: 0.02177311386913061
  view-data: 0.0246925363317132
