times:
  edit-metadata: 0.45492397295311093
  landing: 0.04174265591427684
  view-data: 0.20929587492719293
