times:
  edit-metadata: 0.41124702244997025
  landing: 0.04647250846028328
  view-data: 0.1859029456973076
