times:
  edit-metadata: 2.4490942768752575
  landing: 1.3854670319706202
  view-data: 3.3717158008366823
