times:
  edit-metadata: 1.477005789987743
  landing: 0.864350794814527
  view-data: 3.3584354110062122
