times:
  edit-metadata: 0.5346642599906772
  landing: 0.05142385704675689
  view-data: 0.2160038300207816
