times:
  edit-metadata: 1.636106701567769
  landing: 0.2209931444376707
  view-data: 0.20828283578157425
