times:
  edit-metadata: 3.7232698500156403
  landing: 1.5100882276892662
  view-data: 3.9089951049536467
