times:
  edit-metadata: 1.3707797368988395
  landing: 0.21122886519879103
  view-data: 0.45329205598682165
