times:
  edit-metadata: 2.2151729464530945
  landing: 0.9846593551337719
  view-data: 3.3338262885808945
