times:
  edit-metadata: 1.3066920675337315
  landing: 0.02049853280186653
  view-data: 0.026560142636299133
