times:
  edit-metadata: 1.3581526931375265
  landing: 0.1405387558043003
  view-data: 0.14500973746180534
