times:
  edit-metadata: 1.3153973240405321
  landing: 0.139479486271739
  view-data: 0.3092715870589018
