times:
  edit-metadata: 0.5192838259999917
  landing: 0.041355779999321385
  view-data: 0.19119119300012244
