times:
  edit-metadata: 2.26207722350955
  landing: 2.0259552523493767
  view-data: 3.82697044685483
