times:
  edit-metadata: 0.5212395229991671
  landing: 0.052093051000156265
  view-data: 0.2051806919998853
