times:
  edit-metadata: 2.4102549124509096
  landing: 0.9807639084756374
  view-data: 3.939323078840971
