times:
  edit-metadata: 3.4890175946056843
  landing: 2.3830177150666714
  view-data: 3.9313585720956326
