times:
  edit-metadata: 1.369159396737814
  landing: 0.1684002336114645
  view-data: 0.09832517616450787
