times:
  edit-metadata: 1.776899168267846
  landing: 0.9234671890735626
  view-data: 3.497702233493328
