times:
  edit-metadata: 0.39478104189038277
  landing: 0.03777012974023819
  view-data: 0.19817617908120155
