times:
  edit-metadata: 0.5130145490402356
  landing: 0.0589713299414143
  view-data: 0.2098045089514926
