times:
  edit-metadata: 0.5081858319463208
  landing: 0.0502589030074887
  view-data: 0.21772177703678608
