times:
  edit-metadata: 0.43921241600764915
  landing: 0.056172026961576194
  view-data: 0.20472410501679406
