times:
  edit-metadata: 1.3007443649694324
  landing: 0.02017736341804266
  view-data: 0.028883183375000954
