times:
  edit-metadata: 1.5327631421387196
  landing: 0.8997738547623158
  view-data: 3.400030415505171
