times:
  edit-metadata: 0.597313970036339
  landing: 0.057350824994500726
  view-data: 0.17792178696254268
