times:
  edit-metadata: 1.4395412909798324
  landing: 0.8534997398965061
  view-data: 3.310486851260066
