times:
  edit-metadata: 0.4751481609418988
  landing: 0.04652707325294614
  view-data: 0.19691545376554132
