times:
  edit-metadata: 1.487845716997981
  landing: 0.7359529361128807
  view-data: 3.4016285720281303
