times:
  edit-metadata: 1.3699797373265028
  landing: 0.02104177325963974
  view-data: 0.12190459109842777
