times:
  edit-metadata: 0.4503219802863896
  landing: 0.046246387995779514
  view-data: 0.19222838804125786
