times:
  edit-metadata: 1.330578237771988
  landing: 0.11740630492568016
  view-data: 0.14179624803364277
