times:
  edit-metadata: 1.369238505139947
  landing: 0.7607756713405252
  view-data: 3.3313456708565354
