times:
  edit-metadata: 1.5503167174756527
  landing: 0.8425708934664726
  view-data: 3.4152621999382973
