times:
  edit-metadata: 1.3308251677080989
  landing: 0.02153516560792923
  view-data: 0.024986901320517063
