times:
  edit-metadata: 2.1050240211188793
  landing: 1.667735245078802
  view-data: 3.7759109772741795
