times:
  edit-metadata: 1.4022317929193377
  landing: 0.019598293118178844
  view-data: 0.13989316765218973
