times:
  edit-metadata: 1.5572372749447823
  landing: 0.9845602996647358
  view-data: 3.397544998675585
