times:
  edit-metadata: 2.4230104219168425
  landing: 1.0247479695826769
  view-data: 3.4886789731681347
