times:
  edit-metadata: 0.4850412937812507
  landing: 0.053869483061134815
  view-data: 0.19798220181837678
