times:
  edit-metadata: 0.6317884649615735
  landing: 0.038891366915777326
  view-data: 0.19027963606640697
