times:
  edit-metadata: 2.4445420745760202
  landing: 0.9760518129914999
  view-data: 3.399779623374343
