times:
  edit-metadata: 0.42904954496771097
  landing: 0.04995289584621787
  view-data: 0.20748947793617845
