times:
  edit-metadata: 2.4921227730810642
  landing: 1.3042229153215885
  view-data: 3.7645321898162365
