times:
  edit-metadata: 1.56534780934453
  landing: 1.4377231374382973
  view-data: 3.426236903294921
