times:
  edit-metadata: 1.4621733515523374
  landing: 0.9278130270540714
  view-data: 3.333870198111981
