times:
  edit-metadata: 1.4185989126563072
  landing: 0.020206553861498833
  view-data: 0.12127523496747017
