times:
  edit-metadata: 0.622848317027092
  landing: 0.04645934409927577
  view-data: 0.191553388023749
