times:
  edit-metadata: 1.6135036461055279
  landing: 1.044605404138565
  view-data: 3.383400399237871
