times:
  edit-metadata: 1.867272661998868
  landing: 0.22324727475643158
  view-data: 0.2649308927357197
