times:
  edit-metadata: 1.8262361818924546
  landing: 0.020998207852244377
  view-data: 0.02406277507543564
