times:
  edit-metadata: 0.40653379261493683
  landing: 0.04107171297073364
  view-data: 0.20379788056015968
