times:
  edit-metadata: 2.8024969920516014
  landing: 1.8830692507326603
  view-data: 3.3701279554516077
