times:
  edit-metadata: 1.595013434998691
  landing: 0.17932084389030933
  view-data: 0.4215171840041876
