times:
  edit-metadata: 0.413639348000288
  landing: 0.042089276015758514
  view-data: 0.19200700893998146
