times:
  edit-metadata: 1.325726067647338
  landing: 0.01931893639266491
  view-data: 0.21440439485013485
