times:
  edit-metadata: 1.4345666990848258
  landing: 0.9383449170272797
  view-data: 3.3761636919807643
