times:
  edit-metadata: 1.3893607957288623
  landing: 0.0210315166041255
  view-data: 0.09799617249518633
