times:
  edit-metadata: 0.46135427011176944
  landing: 0.043894989881664515
  view-data: 0.18810034589841962
