times:
  edit-metadata: 0.5107990639953641
  landing: 0.05605541600380093
  view-data: 0.3419097839941969
