times:
  edit-metadata: 0.617893829010427
  landing: 0.05214393208734691
  view-data: 0.18095453595742583
