times:
  edit-metadata: 0.4742217855527997
  landing: 0.04581030458211899
  view-data: 0.19594483729451895
