times:
  edit-metadata: 0.4109974019229412
  landing: 0.05412633344531059
  view-data: 0.19325576350092888
