times:
  edit-metadata: 0.5586667289026082
  landing: 0.05508126178756356
  view-data: 0.2184665771201253
