times:
  edit-metadata: 0.43486718414351344
  landing: 0.07331527629867196
  view-data: 0.20211641630157828
