times:
  edit-metadata: 0.6297313319519162
  landing: 0.04679318889975548
  view-data: 0.28729434218257666
