times:
  edit-metadata: 0.6528722180519253
  landing: 0.0519768469966948
  view-data: 0.19650592003017664
