times:
  edit-metadata: 0.4227980400901288
  landing: 0.053676530020311475
  view-data: 0.1990964689757675
