times:
  edit-metadata: 0.6255741569912061
  landing: 0.0502743530087173
  view-data: 0.194727658003103
