times:
  edit-metadata: 1.352504625916481
  landing: 0.022316989488899708
  view-data: 0.025801388546824455
