times:
  edit-metadata: 0.6313638389110565
  landing: 0.05183593719266355
  view-data: 0.18680559610947967
