times:
  edit-metadata: 1.3446636572480202
  landing: 0.021442770026624203
  view-data: 0.12300561834126711
