times:
  edit-metadata: 1.300796801224351
  landing: 0.19096109364181757
  view-data: 0.11923554539680481
