times:
  edit-metadata: 1.5746923238039017
  landing: 0.01952506974339485
  view-data: 0.4667321629822254
