times:
  edit-metadata: 0.4585802659858018
  landing: 0.06116998102515936
  view-data: 0.2057712529785931
