times:
  edit-metadata: 6.139613855630159
  landing: 3.680870896205306
  view-data: 5.079376380890608
