times:
  edit-metadata: 1.4649707041680813
  landing: 0.9693105146288872
  view-data: 3.3342076428234577
