times:
  edit-metadata: 0.5939245978370309
  landing: 0.04676405596546829
  view-data: 0.17991333012469113
