times:
  edit-metadata: 0.40651194378733635
  landing: 0.04174480959773064
  view-data: 0.198356494307518
