times:
  edit-metadata: 2.0953346639871597
  landing: 1.0538408029824495
  view-data: 3.4058643095195293
