times:
  edit-metadata: 0.45927020255476236
  landing: 0.0468056108802557
  view-data: 0.20296233519911766
