times:
  edit-metadata: 0.4254877179628238
  landing: 0.0611607760656625
  view-data: 0.2126459740102291
