times:
  edit-metadata: 1.463939230889082
  landing: 0.6776179559528828
  view-data: 3.3833025731146336
