times:
  edit-metadata: 0.42524344893172383
  landing: 0.0814208600204438
  view-data: 0.21249535400420427
