times:
  edit-metadata: 1.5242937579751015
  landing: 0.84613230638206
  view-data: 3.326934856362641
