times:
  edit-metadata: 1.5706778247840703
  landing: 0.917726444080472
  view-data: 3.389842208940536
