times:
  edit-metadata: 0.5836033984087408
  landing: 0.04822812927886844
  view-data: 0.1811795891262591
