times:
  edit-metadata: 3.6154880598187447
  landing: 2.221500040963292
  view-data: 3.7628884986042976
