times:
  edit-metadata: 1.5883416309952736
  landing: 0.7251613792032003
  view-data: 3.3819827679544687
