times:
  edit-metadata: 1.2813301850110292
  landing: 0.1164286034181714
  view-data: 0.45840258710086346
