times:
  edit-metadata: 0.6307565080933273
  landing: 0.045490884920582175
  view-data: 0.18996579805389047
