times:
  edit-metadata: 1.3195275086909533
  landing: 0.02241632342338562
  view-data: 0.12003199197351933
