times:
  edit-metadata: 1.3977232445031404
  landing: 0.020646849647164345
  view-data: 0.3606458194553852
