times:
  edit-metadata: 0.39380065351724625
  landing: 0.04065461456775665
  view-data: 0.1970711387693882
