times:
  edit-metadata: 3.9815871585160494
  landing: 3.0424729734659195
  view-data: 3.3558386992663145
