times:
  edit-metadata: 1.5087071303278208
  landing: 0.16568558104336262
  view-data: 0.26121542416512966
