times:
  edit-metadata: 1.3344584498554468
  landing: 0.11541774030774832
  view-data: 0.11785352602601051
