times:
  edit-metadata: 0.530939444899559
  landing: 0.0445217490196228
  view-data: 0.18792343139648438
