times:
  edit-metadata: 0.67287628602935
  landing: 0.05948074202751741
  view-data: 0.19383403798565269
