times:
  edit-metadata: 0.5562293082475662
  landing: 0.07967906072735786
  view-data: 0.2842858610674739
