times:
  edit-metadata: 2.2959485296159983
  landing: 1.1153350118547678
  view-data: 3.3803714979439974
