times:
  edit-metadata: 2.970624567940831
  landing: 1.6090713273733854
  view-data: 4.810117593035102
