times:
  edit-metadata: 1.3162573268637061
  landing: 0.1366111347451806
  view-data: 0.1278353063389659
