times:
  edit-metadata: 0.45745394099503756
  landing: 0.04761701123788953
  view-data: 0.188018380664289
