times:
  edit-metadata: 1.3669029846787453
  landing: 0.9228781536221504
  view-data: 3.402357131242752
