times:
  edit-metadata: 2.5254255533218384
  landing: 0.8292262721806765
  view-data: 3.453143071383238
