times:
  edit-metadata: 1.4969316013157368
  landing: 0.7039156658574939
  view-data: 3.4014310566708446
