times:
  edit-metadata: 1.459597636014223
  landing: 0.7601711414754391
  view-data: 3.2939114905893803
