times:
  edit-metadata: 0.4700739998370409
  landing: 0.043668199330568314
  view-data: 0.20407297369092703
