times:
  edit-metadata: 0.44030830077826977
  landing: 0.052813281770795584
  view-data: 0.18741115275770426
