times:
  edit-metadata: 1.6186109390109777
  landing: 0.9538343120366335
  view-data: 3.420948648825288
