times:
  edit-metadata: 0.5116262109950185
  landing: 0.04871302202809602
  view-data: 0.2295653919572942
