times:
  edit-metadata: 3.4118937626481056
  landing: 1.3610642962157726
  view-data: 3.8430451191961765
