times:
  edit-metadata: 0.5305414847098291
  landing: 0.04723969893530011
  view-data: 0.20797224435955286
