times:
  edit-metadata: 2.4667662512511015
  landing: 1.3801051080226898
  view-data: 3.6693960539996624
