times:
  edit-metadata: 1.4174376130104065
  landing: 0.12066653370857239
  view-data: 0.31583264097571373
