times:
  edit-metadata: 2.0971006993204355
  landing: 0.29018084704875946
  view-data: 0.5992049556225538
