times:
  edit-metadata: 0.6597346148919314
  landing: 0.04119103099219501
  view-data: 0.17843663389794528
