times:
  edit-metadata: 1.6167984930798411
  landing: 0.983867583796382
  view-data: 3.493484034202993
