times:
  edit-metadata: 1.4185952171683311
  landing: 0.13334899209439754
  view-data: 0.02441764995455742
