times:
  edit-metadata: 0.4392420221120119
  landing: 0.04961062874644995
  view-data: 0.20967603800818324
