times:
  edit-metadata: 6.0659566186368465
  landing: 3.0344443134963512
  view-data: 3.7818730510771275
