times:
  edit-metadata: 0.5411051847040653
  landing: 0.045669108629226685
  view-data: 0.194627333432436
