times:
  edit-metadata: 1.580872267484665
  landing: 0.22541339695453644
  view-data: 0.45438048988580704
