times:
  edit-metadata: 1.5026879627257586
  landing: 0.179773960262537
  view-data: 0.3511384427547455
