times:
  edit-metadata: 0.3886113464832306
  landing: 0.04113519936800003
  view-data: 0.1900695152580738
