times:
  edit-metadata: 0.540903702029027
  landing: 0.05271016201004386
  view-data: 0.21862947201589122
