times:
  edit-metadata: 0.44679640902904794
  landing: 0.06331634800881147
  view-data: 0.20702420896850526
