times:
  edit-metadata: 0.4087328016757965
  landing: 0.04384922608733177
  view-data: 0.1989244855940342
