times:
  edit-metadata: 1.5784516036510468
  landing: 0.14288897067308426
  view-data: 0.4039807841181755
