times:
  edit-metadata: 1.3002444617450237
  landing: 0.12372788600623608
  view-data: 0.026194162666797638
