times:
  edit-metadata: 0.3966210298240185
  landing: 0.04768020287156105
  view-data: 0.1938832364976406
