times:
  edit-metadata: 1.8381866989657283
  landing: 0.8441956620663404
  view-data: 3.3372735073789954
