times:
  edit-metadata: 0.5472702910192311
  landing: 0.0660836340393871
  view-data: 0.21658930403646082
