times:
  edit-metadata: 0.6124458790000062
  landing: 0.039281762001337484
  view-data: 0.19509009999455884
