times:
  edit-metadata: 0.4004177749156952
  landing: 0.07412016810849309
  view-data: 0.19786569103598595
