times:
  edit-metadata: 3.0918471291661263
  landing: 3.0537089332938194
  view-data: 3.7081666253507137
