times:
  edit-metadata: 1.3708996074274182
  landing: 0.021694710478186607
  view-data: 0.10423098877072334
