times:
  edit-metadata: 1.3023099917918444
  landing: 0.6888667792081833
  view-data: 3.257784828543663
