times:
  edit-metadata: 1.4461049335077405
  landing: 0.020553411915898323
  view-data: 0.027055200189352036
