times:
  edit-metadata: 2.9091132171452045
  landing: 2.795584037899971
  view-data: 3.8476461842656136
