times:
  edit-metadata: 2.003008333966136
  landing: 0.5744856372475624
  view-data: 0.5190917290747166
