times:
  edit-metadata: 1.6411335561424494
  landing: 1.268662472255528
  view-data: 3.424483404494822
