times:
  edit-metadata: 1.5439095087349415
  landing: 0.7697908692061901
  view-data: 3.2750528305768967
