times:
  edit-metadata: 1.4531832549255341
  landing: 0.8837488819845021
  view-data: 3.2635868617799133
