times:
  edit-metadata: 0.4555719941854477
  landing: 0.03945658262819052
  view-data: 0.20112030301243067
