times:
  edit-metadata: 1.296664098277688
  landing: 0.01959609054028988
  view-data: 0.02618236094713211
