times:
  edit-metadata: 0.43516443809494376
  landing: 0.04862553591374308
  view-data: 0.21008233993779868
