times:
  edit-metadata: 1.3043451849371195
  landing: 0.13388456590473652
  view-data: 0.14188700169324875
