times:
  edit-metadata: 0.6346202820132021
  landing: 0.0436831500264816
  view-data: 0.19458565799868666
