times:
  edit-metadata: 0.6399072338826954
  landing: 0.04367717797867954
  view-data: 0.1928649488836527
