times:
  edit-metadata: 2.0261024180799723
  landing: 0.6305313762277365
  view-data: 3.423822548240423
