times:
  edit-metadata: 0.4030850864946842
  landing: 0.042638182640075684
  view-data: 0.189745482057333
