times:
  edit-metadata: 0.46836381079629064
  landing: 0.04196691792458296
  view-data: 0.19461628468707204
