times:
  edit-metadata: 0.625910677947104
  landing: 0.05242507508955896
  view-data: 0.20187258487567306
