times:
  edit-metadata: 3.6680525597184896
  landing: 0.9672413347288966
  view-data: 3.546331323683262
