times:
  edit-metadata: 1.3041329020634294
  landing: 0.1294085793197155
  view-data: 0.025964963249862194
