times:
  edit-metadata: 0.6138920319936005
  landing: 0.051683746991329826
  view-data: 0.19615796899597626
