times:
  edit-metadata: 1.3721036110073328
  landing: 0.7119112983345985
  view-data: 3.3918566405773163
