times:
  edit-metadata: 0.5146453659981489
  landing: 0.07934895798098296
  view-data: 0.29716895101591945
