times:
  edit-metadata: 0.45391337713226676
  landing: 0.049281792948022485
  view-data: 0.19341334491036832
