times:
  edit-metadata: 1.527179978787899
  landing: 1.1378518044948578
  view-data: 3.4386471696197987
