times:
  edit-metadata: 0.5307988859713078
  landing: 0.053046195302158594
  view-data: 0.21324568800628185
