times:
  edit-metadata: 1.4003459047526121
  landing: 0.23964694701135159
  view-data: 0.09962181560695171
