times:
  edit-metadata: 1.3295016922056675
  landing: 1.1976041942834854
  view-data: 3.320679873228073
