times:
  edit-metadata: 0.41377561585977674
  landing: 0.06804506294429302
  view-data: 0.20611877413466573
