times:
  edit-metadata: 2.7811785228550434
  landing: 1.2900830674916506
  view-data: 3.3900627978146076
