times:
  edit-metadata: 1.3871448822319508
  landing: 0.1164979338645935
  view-data: 0.26767324563115835
