times:
  edit-metadata: 1.507199827581644
  landing: 0.9647656138986349
  view-data: 3.663375965319574
