times:
  edit-metadata: 1.3788313381373882
  landing: 0.018337814137339592
  view-data: 0.025460551492869854
