times:
  edit-metadata: 1.6509038360090926
  landing: 0.9379564089467749
  view-data: 3.360734906978905
