times:
  edit-metadata: 0.47709698509424925
  landing: 0.042489828541874886
  view-data: 0.19839088805019855
