times:
  edit-metadata: 2.0915481485426426
  landing: 1.2229080386459827
  view-data: 3.4472512416541576
