times:
  edit-metadata: 1.3759704753756523
  landing: 0.021580063737928867
  view-data: 0.43225946836173534
