times:
  edit-metadata: 0.4260903368704021
  landing: 0.04531982494518161
  view-data: 0.22703186189755797
