times:
  edit-metadata: 0.465057160705328
  landing: 0.04413469973951578
  view-data: 0.1987264035269618
