times:
  edit-metadata: 1.4796683751046658
  landing: 0.02193189039826393
  view-data: 0.3437419757246971
