times:
  edit-metadata: 1.5908744633197784
  landing: 0.8103440329432487
  view-data: 3.422916498966515
