times:
  edit-metadata: 1.2605459317564964
  landing: 0.019847607240080833
  view-data: 0.024522178806364536
