times:
  edit-metadata: 0.4588869600556791
  landing: 0.0426766499876976
  view-data: 0.1932402797974646
