times:
  edit-metadata: 0.6200744089437649
  landing: 0.049676822032779455
  view-data: 0.19468883203808218
