times:
  edit-metadata: 1.3646706705912948
  landing: 0.022114163264632225
  view-data: 0.10316124465316534
