times:
  edit-metadata: 3.2370873652398586
  landing: 1.689062163233757
  view-data: 3.692913383245468
