times:
  edit-metadata: 0.4090489484369755
  landing: 0.047331470996141434
  view-data: 0.19098342955112457
