times:
  edit-metadata: 0.45241501508280635
  landing: 0.05348957981914282
  view-data: 0.20901554776355624
