times:
  edit-metadata: 1.7205972904339433
  landing: 0.9473305772989988
  view-data: 3.3394495248794556
