times:
  edit-metadata: 5.1350971553474665
  landing: 3.122043026611209
  view-data: 4.745772667229176
