times:
  edit-metadata: 3.28234039619565
  landing: 1.900561384856701
  view-data: 3.9755900651216507
