times:
  edit-metadata: 1.2969502666965127
  landing: 0.024577311240136623
  view-data: 0.024805827997624874
