times:
  edit-metadata: 1.487566214054823
  landing: 0.7873812383040786
  view-data: 3.3681899937801063
