times:
  edit-metadata: 0.6285921310191043
  landing: 0.05291478196159005
  view-data: 0.20202324498677626
