times:
  edit-metadata: 0.4655447746627033
  landing: 0.04094155179336667
  view-data: 0.2064668508246541
