times:
  edit-metadata: 1.3346758475527167
  landing: 0.20287471264600754
  view-data: 0.0249406099319458
