times:
  edit-metadata: 1.379352979362011
  landing: 0.021104462444782257
  view-data: 0.1310170330107212
