times:
  edit-metadata: 0.6205642931163311
  landing: 0.05467038694769144
  view-data: 0.17860786197707057
