times:
  edit-metadata: 0.5011484129354358
  landing: 0.0530034564435482
  view-data: 0.20179778523743153
