times:
  edit-metadata: 0.3971755653619766
  landing: 0.054832786321640015
  view-data: 0.1953188292682171
