times:
  edit-metadata: 0.6111696049338207
  landing: 0.047829592949710786
  view-data: 0.19189788703806698
