times:
  edit-metadata: 1.3042259439826012
  landing: 0.020418982952833176
  view-data: 0.023344981484115124
