times:
  edit-metadata: 1.3446719935163856
  landing: 0.02117898501455784
  view-data: 0.11989288590848446
