times:
  edit-metadata: 1.6671917168423533
  landing: 0.6853733416646719
  view-data: 3.4654197804629803
