times:
  edit-metadata: 1.02229287289083
  landing: 0.045646439073607326
  view-data: 0.18532676482573152
