times:
  edit-metadata: 1.8965123388916254
  landing: 0.786333478987217
  view-data: 3.5513635743409395
