times:
  edit-metadata: 1.3326215092092752
  landing: 0.801465212367475
  view-data: 3.3454841561615467
