times:
  edit-metadata: 1.3771381452679634
  landing: 0.02025391161441803
  view-data: 0.024261821061372757
