times:
  edit-metadata: 1.5765020120888948
  landing: 0.32861173525452614
  view-data: 0.14946772530674934
