times:
  edit-metadata: 1.6727368072606623
  landing: 0.9318448356352746
  view-data: 3.4550297358073294
