times:
  edit-metadata: 1.3250818317756057
  landing: 0.11636683810502291
  view-data: 0.09628846682608128
