times:
  edit-metadata: 0.4629675820469856
  landing: 0.052025347016751766
  view-data: 0.19543226063251495
