times:
  edit-metadata: 1.4193210760131478
  landing: 0.12846498750150204
  view-data: 0.02378663420677185
