times:
  edit-metadata: 0.48371871327981353
  landing: 0.042672060895711184
  view-data: 0.19803229719400406
