times:
  edit-metadata: 0.6189089170657098
  landing: 0.044888430973514915
  view-data: 0.19537653494626284
