times:
  edit-metadata: 0.4505087658762932
  landing: 0.0390097969211638
  view-data: 0.19929545279592276
