times:
  edit-metadata: 1.3634428151417524
  landing: 0.7257877150550485
  view-data: 3.3276090170256793
