times:
  edit-metadata: 0.6601491429901216
  landing: 0.046516053000232205
  view-data: 0.1950528460147325
