times:
  edit-metadata: 4.408375304192305
  landing: 2.405659433454275
  view-data: 4.502891518175602
