times:
  edit-metadata: 0.46459268219769
  landing: 0.04109476925805211
  view-data: 0.19188451813533902
