times:
  edit-metadata: 1.3622318040579557
  landing: 0.02251601219177246
  view-data: 0.025045208632946014
