times:
  edit-metadata: 0.6018134918995202
  landing: 0.04847137536853552
  view-data: 0.19492552895098925
