times:
  edit-metadata: 1.3555460274219513
  landing: 0.2532186396420002
  view-data: 0.23562578856945038
