times:
  edit-metadata: 1.332218861207366
  landing: 0.022051739506423473
  view-data: 0.11978207249194384
