times:
  edit-metadata: 0.4156414866447449
  landing: 0.03809814527630806
  view-data: 0.18694624304771423
