times:
  edit-metadata: 3.8726455233991146
  landing: 3.1193154379725456
  view-data: 4.075957395136356
