times:
  edit-metadata: 1.4258921351283789
  landing: 0.22202234156429768
  view-data: 0.10064818989485502
