times:
  edit-metadata: 1.6755233444273472
  landing: 0.14984421245753765
  view-data: 0.05392899923026562
