times:
  edit-metadata: 1.3465491067618132
  landing: 0.021373660303652287
  view-data: 0.026374762877821922
