times:
  edit-metadata: 1.6110103726387024
  landing: 0.953537255525589
  view-data: 3.378105156123638
