times:
  edit-metadata: 1.3296812027692795
  landing: 0.13614261336624622
  view-data: 0.11857025232166052
