times:
  edit-metadata: 1.5804319048766047
  landing: 0.799860434839502
  view-data: 3.395267982967198
