times:
  edit-metadata: 0.462944770231843
  landing: 0.053879572078585625
  view-data: 0.21131518110632896
