times:
  edit-metadata: 0.6160063708666712
  landing: 0.04919676389545202
  view-data: 0.1871325650718063
