times:
  edit-metadata: 0.745447400957346
  landing: 0.13438182836398482
  view-data: 0.21148051135241985
