times:
  edit-metadata: 1.2984582921490073
  landing: 0.022580845281481743
  view-data: 0.22453646920621395
