times:
  edit-metadata: 0.5885903150046943
  landing: 0.0444703440007288
  view-data: 0.19359298999188468
