times:
  edit-metadata: 0.5983175609726459
  landing: 0.05839565582573414
  view-data: 0.18147606099955738
