times:
  edit-metadata: 1.428311264142394
  landing: 0.7477702479809523
  view-data: 3.354258503066376
