times:
  edit-metadata: 1.3710634587332606
  landing: 0.019718089140951633
  view-data: 0.12611321918666363
