times:
  edit-metadata: 0.5910593457520008
  landing: 0.04429800063371658
  view-data: 0.193474642932415
