times:
  edit-metadata: 4.909047793596983
  landing: 1.637474250048399
  view-data: 4.943143006414175
