times:
  edit-metadata: 1.8149770367890596
  landing: 0.1903947051614523
  view-data: 0.3127569667994976
