times:
  edit-metadata: 1.3322006091475487
  landing: 0.02188981883227825
  view-data: 0.026294921524822712
