times:
  edit-metadata: 0.47626486886292696
  landing: 0.0500224931165576
  view-data: 0.20249371323734522
