times:
  edit-metadata: 1.4777619987726212
  landing: 0.7695352039299905
  view-data: 3.3734848578460515
