times:
  edit-metadata: 1.3898771405220032
  landing: 0.08922870643436909
  view-data: 0.025764349848031998
