times:
  edit-metadata: 1.5199011582881212
  landing: 0.7999740988016129
  view-data: 3.443061452358961
