times:
  edit-metadata: 0.3990241438150406
  landing: 0.046470630913972855
  view-data: 0.20540720596909523
