times:
  edit-metadata: 0.4388614618219435
  landing: 0.06591455917805433
  view-data: 0.19830836169421673
