times:
  edit-metadata: 0.627381443977356
  landing: 0.049327677115797997
  view-data: 0.18752361182123423
