times:
  edit-metadata: 0.40165796875953674
  landing: 0.044499944895505905
  view-data: 0.1855672039091587
