times:
  edit-metadata: 1.3292259220033884
  landing: 0.1818812768906355
  view-data: 0.11948389746248722
