times:
  edit-metadata: 1.5430849194526672
  landing: 0.01997329667210579
  view-data: 0.28263737820088863
