times:
  edit-metadata: 1.3971854243427515
  landing: 0.022172369062900543
  view-data: 0.1209949404001236
