times:
  edit-metadata: 1.3436279986053705
  landing: 0.018800025805830956
  view-data: 0.23435988277196884
