times:
  edit-metadata: 1.3131008446216583
  landing: 0.7917439825832844
  view-data: 3.29076636582613
