times:
  edit-metadata: 1.362923295237124
  landing: 0.12453624792397022
  view-data: 0.12305628228932619
