times:
  edit-metadata: 1.4235440585762262
  landing: 0.019523441791534424
  view-data: 0.055024661123752594
