times:
  edit-metadata: 1.5381023474037647
  landing: 0.8003447726368904
  view-data: 3.4017095789313316
