times:
  edit-metadata: 0.4370751311071217
  landing: 0.06427942006848752
  view-data: 0.19920806703157723
