times:
  edit-metadata: 0.4261566420318559
  landing: 0.053606237983331084
  view-data: 0.33363018999807537
