times:
  edit-metadata: 1.5117198713123798
  landing: 0.9398209601640701
  view-data: 3.41913503408432
