times:
  edit-metadata: 1.3890740759670734
  landing: 0.020920107141137123
  view-data: 0.026448320597410202
