times:
  edit-metadata: 0.4880912574008107
  landing: 0.049404838122427464
  view-data: 0.20052394177764654
