times:
  edit-metadata: 1.4282318204641342
  landing: 0.8494808860123158
  view-data: 3.29023901745677
