times:
  edit-metadata: 1.7760733291506767
  landing: 0.1251883739605546
  view-data: 0.33424972277134657
