times:
  edit-metadata: 1.971911447122693
  landing: 1.3783251754939556
  view-data: 3.5433233212679625
