times:
  edit-metadata: 0.407082200050354
  landing: 0.04555247351527214
  view-data: 0.19251658022403717
