times:
  edit-metadata: 0.641213190741837
  landing: 0.04038490308448672
  view-data: 0.19530586898326874
