times:
  edit-metadata: 0.6292511359788477
  landing: 0.04443153098691255
  view-data: 0.19469979300629348
