times:
  edit-metadata: 0.4595553040053346
  landing: 0.05492094999499386
  view-data: 0.21660874000372132
