times:
  edit-metadata: 1.4360156189650297
  landing: 0.020644878037273884
  view-data: 0.12607364635914564
