times:
  edit-metadata: 0.4232936470070854
  landing: 0.05434813897591084
  view-data: 0.20639390195719898
