times:
  edit-metadata: 0.3967260271310806
  landing: 0.04914988577365875
  view-data: 0.19092437997460365
