times:
  edit-metadata: 0.4676372290123254
  landing: 0.05970265786163509
  view-data: 0.2163316779769957
