times:
  edit-metadata: 1.6786379013210535
  landing: 0.20500034652650356
  view-data: 0.15054615773260593
