times:
  edit-metadata: 1.3802805561572313
  landing: 0.20757934171706438
  view-data: 0.4058568002656102
