times:
  edit-metadata: 0.4642121740616858
  landing: 0.03797294199466705
  view-data: 0.1995368329808116
