times:
  edit-metadata: 4.024760492146015
  landing: 2.3167280377820134
  view-data: 3.9967022985219955
