times:
  edit-metadata: 0.6286358421202749
  landing: 0.051601703045889735
  view-data: 0.20774257788434625
