times:
  edit-metadata: 1.4469170290976763
  landing: 0.1434284020215273
  view-data: 0.12360175512731075
