times:
  edit-metadata: 0.44313293090090156
  landing: 0.04029580904170871
  view-data: 0.19380068685859442
