times:
  edit-metadata: 0.505535511765629
  landing: 0.054260384291410446
  view-data: 0.20325802313163877
