times:
  edit-metadata: 0.41678768396377563
  landing: 0.056392401456832886
  view-data: 0.19129467755556107
