times:
  edit-metadata: 0.6456207258161157
  landing: 0.049429602921009064
  view-data: 0.18993894918821752
