times:
  edit-metadata: 1.4885130620095879
  landing: 0.7735963200684637
  view-data: 3.350584866013378
