times:
  edit-metadata: 1.4044528370723128
  landing: 0.13905745558440685
  view-data: 0.1284187352284789
