times:
  edit-metadata: 1.5689229890704155
  landing: 0.7860999368131161
  view-data: 3.3888592235744
