times:
  edit-metadata: 0.6141148569295183
  landing: 0.04407835204619914
  view-data: 0.2046277589397505
