times:
  edit-metadata: 1.3337871003895998
  landing: 0.13647177908569574
  view-data: 0.18842648528516293
