times:
  edit-metadata: 1.3470050832256675
  landing: 0.023922747001051903
  view-data: 0.02700760681182146
