times:
  edit-metadata: 1.3190262569114566
  landing: 0.21219272632151842
  view-data: 0.392947300337255
