times:
  edit-metadata: 1.3966987561434507
  landing: 0.020640944130718708
  view-data: 0.12197047658264637
