times:
  edit-metadata: 5.308760542422533
  landing: 2.0083867516368628
  view-data: 3.513880120590329
