times:
  edit-metadata: 1.6851005405187607
  landing: 0.7032573893666267
  view-data: 3.3386739064007998
