times:
  edit-metadata: 2.56992232427001
  landing: 1.7641263641417027
  view-data: 3.9985377229750156
