times:
  edit-metadata: 0.6193499120417982
  landing: 0.045015049865469337
  view-data: 0.193537759128958
