times:
  edit-metadata: 0.5140634219860658
  landing: 0.050742449006065726
  view-data: 0.21182876802049577
