times:
  edit-metadata: 0.6061707439366728
  landing: 0.042912696953862906
  view-data: 0.1818533770274371
