times:
  edit-metadata: 1.3947748597711325
  landing: 0.018054528161883354
  view-data: 0.10554628074169159
