times:
  edit-metadata: 1.6427927101030946
  landing: 0.8422110183164477
  view-data: 3.31531127076596
