times:
  edit-metadata: 1.4209311045706272
  landing: 0.019029393792152405
  view-data: 0.13450235314667225
