times:
  edit-metadata: 0.39586691185832024
  landing: 0.048175472766160965
  view-data: 0.1913413628935814
