times:
  edit-metadata: 1.6066111326217651
  landing: 0.21313112042844296
  view-data: 0.23152761161327362
