times:
  edit-metadata: 1.327802624553442
  landing: 0.787019494920969
  view-data: 3.379043184220791
