times:
  edit-metadata: 0.6041191860567778
  landing: 0.04261800600215793
  view-data: 0.1897083130897954
