times:
  edit-metadata: 1.3332460280507803
  landing: 0.020518779754638672
  view-data: 0.02650416363030672
