times:
  edit-metadata: 2.283706894144416
  landing: 1.2112627774477005
  view-data: 3.662931118160486
