times:
  edit-metadata: 1.3759185187518597
  landing: 0.023312358185648918
  view-data: 0.1252628043293953
