times:
  edit-metadata: 3.781377959996462
  landing: 1.4901783131062984
  view-data: 4.789375051856041
