times:
  edit-metadata: 0.6544755541253835
  landing: 0.0514844770077616
  view-data: 0.19608871103264391
