times:
  edit-metadata: 0.4784179087728262
  landing: 0.04369795322418213
  view-data: 0.20380776468664408
