times:
  edit-metadata: 1.327739030122757
  landing: 0.021240971982479095
  view-data: 0.027610463090240955
