times:
  edit-metadata: 3.118941131979227
  landing: 1.7143804915249348
  view-data: 3.4291544146835804
