times:
  edit-metadata: 2.0206526704132557
  landing: 0.8679255917668343
  view-data: 3.3890215530991554
