times:
  edit-metadata: 1.6065522618591785
  landing: 1.1187008321285248
  view-data: 3.41300755366683
