times:
  edit-metadata: 0.46762677235528827
  landing: 0.03687849408015609
  view-data: 0.19392563588917255
