times:
  edit-metadata: 1.5902037359774113
  landing: 0.879582192748785
  view-data: 3.306670069694519
