times:
  edit-metadata: 4.181246466934681
  landing: 1.70059185475111
  view-data: 4.055859407410026
