times:
  edit-metadata: 1.6946872528642416
  landing: 0.2539489269256592
  view-data: 0.3247752860188484
