times:
  edit-metadata: 1.5018491949886084
  landing: 0.787427706643939
  view-data: 3.3860061801970005
