times:
  edit-metadata: 2.1494055762887
  landing: 1.651809787377715
  view-data: 3.588801296427846
