times:
  edit-metadata: 0.48671067180112004
  landing: 0.043191010132431984
  view-data: 0.19936293503269553
