times:
  edit-metadata: 1.3428893387317657
  landing: 0.7129953000694513
  view-data: 3.2813911233097315
