times:
  edit-metadata: 0.8723941571079195
  landing: 0.05672175111249089
  view-data: 0.22416636673733592
