times:
  edit-metadata: 0.5445391800021753
  landing: 0.051099627002258785
  view-data: 0.1944427269991138
