times:
  edit-metadata: 0.4497374859638512
  landing: 0.04217833932489157
  view-data: 0.19324310217052698
