times:
  edit-metadata: 0.4495806712657213
  landing: 0.04853610787540674
  view-data: 0.19589183293282986
