times:
  edit-metadata: 0.3980950601398945
  landing: 0.05326061323285103
  view-data: 0.1870323270559311
