times:
  edit-metadata: 1.6140531077980995
  landing: 0.9394895434379578
  view-data: 3.6031505204737186
