times:
  edit-metadata: 0.4462250960059464
  landing: 0.051800770685076714
  view-data: 0.18893843097612262
