times:
  edit-metadata: 0.4656780669465661
  landing: 0.04637965187430382
  view-data: 0.19862775597721338
