times:
  edit-metadata: 1.317487183958292
  landing: 0.021629964001476765
  view-data: 0.027090352959930897
