times:
  edit-metadata: 0.497835008893162
  landing: 0.0447189100086689
  view-data: 0.3238020930439234
