times:
  edit-metadata: 3.3417868055403233
  landing: 2.1224914640188217
  view-data: 3.658244878053665
