times:
  edit-metadata: 2.1990410946309566
  landing: 1.391586534678936
  view-data: 3.57183650508523
