times:
  edit-metadata: 4.56658212095499
  landing: 1.791271135210991
  view-data: 4.120271176099777
