times:
  edit-metadata: 0.6289176319842227
  landing: 0.037604064971674234
  view-data: 0.19406316697131842
