times:
  edit-metadata: 0.411452803760767
  landing: 0.04334915801882744
  view-data: 0.19116729870438576
