times:
  edit-metadata: 0.6260440110345371
  landing: 0.05155289400136098
  view-data: 0.19678428897168487
