times:
  edit-metadata: 1.6994577459990978
  landing: 1.1901110634207726
  view-data: 3.4221286550164223
