times:
  edit-metadata: 1.6507109086960554
  landing: 0.7513742782175541
  view-data: 3.453914943151176
