times:
  edit-metadata: 0.5513264648616314
  landing: 0.07448386400938034
  view-data: 0.20904832193627954
