times:
  edit-metadata: 2.082916859537363
  landing: 1.0936802551150322
  view-data: 3.6518826819956303
