times:
  edit-metadata: 0.5920091799926013
  landing: 0.05169542192015797
  view-data: 0.17920256895013154
