times:
  edit-metadata: 0.5618748972192407
  landing: 0.05858576716855168
  view-data: 0.21640158770605922
