times:
  edit-metadata: 1.312374928034842
  landing: 0.01983651239424944
  view-data: 0.1006846409291029
