times:
  edit-metadata: 0.5051283836364746
  landing: 0.0422274861484766
  view-data: 0.20106133166700602
