times:
  edit-metadata: 0.44744576094672084
  landing: 0.04152220021933317
  view-data: 0.1976341879926622
