times:
  edit-metadata: 0.6318261839915067
  landing: 0.04850101307965815
  view-data: 0.18414543219842017
