times:
  edit-metadata: 0.4398037986829877
  landing: 0.04637613985687494
  view-data: 0.19323598686605692
