times:
  edit-metadata: 1.8158864276483655
  landing: 1.47465661726892
  view-data: 3.4915542248636484
