times:
  edit-metadata: 1.5940158129669726
  landing: 0.7895371038466692
  view-data: 3.4274511742405593
