times:
  edit-metadata: 0.5716652840201277
  landing: 0.05394472199259326
  view-data: 0.19969133799895644
