times:
  edit-metadata: 1.7988529726862907
  landing: 1.3753527961671352
  view-data: 4.027258982881904
