times:
  edit-metadata: 1.9535985086113214
  landing: 0.8794392496347427
  view-data: 3.4469030927866697
