times:
  edit-metadata: 0.46635493729263544
  landing: 0.03851605765521526
  view-data: 0.21221538446843624
