times:
  edit-metadata: 1.4044843632727861
  landing: 0.024003928527235985
  view-data: 0.02594214677810669
