times:
  edit-metadata: 0.5281672050477937
  landing: 0.052318805013783276
  view-data: 0.22902229707688093
