times:
  edit-metadata: 1.730278667062521
  landing: 0.023002637550234795
  view-data: 0.3866053521633148
