times:
  edit-metadata: 1.323048947378993
  landing: 0.12150533683598042
  view-data: 0.02479439228773117
