times:
  edit-metadata: 4.7963667791336775
  landing: 1.571476511657238
  view-data: 5.0903599709272385
