times:
  edit-metadata: 0.6494748920667917
  landing: 0.046065472066402435
  view-data: 0.1948052509687841
