times:
  edit-metadata: 1.3397931922227144
  landing: 0.2143957894295454
  view-data: 0.3223876412957907
