times:
  edit-metadata: 1.5517764799296856
  landing: 0.912875771522522
  view-data: 3.3109883293509483
