times:
  edit-metadata: 1.4739278750494123
  landing: 1.1944000301882625
  view-data: 3.339909798465669
