times:
  edit-metadata: 0.4555399972014129
  landing: 0.09396909922361374
  view-data: 0.21520824311301112
