times:
  edit-metadata: 1.5568998977541924
  landing: 0.27448643557727337
  view-data: 0.4246206432580948
