times:
  edit-metadata: 1.3735696524381638
  landing: 0.16245331335812807
  view-data: 0.19792519509792328
