times:
  edit-metadata: 0.44707845291122794
  landing: 0.058021919103339314
  view-data: 0.2039356699679047
