times:
  edit-metadata: 2.134450864046812
  landing: 1.1684129536151886
  view-data: 3.4116389006376266
