times:
  edit-metadata: 1.3274860670790076
  landing: 0.020741121843457222
  view-data: 0.025320268236100674
