times:
  edit-metadata: 0.44023236294742674
  landing: 0.04802523797843605
  view-data: 0.2096338690025732
