times:
  edit-metadata: 1.449518272653222
  landing: 0.9986032992601395
  view-data: 0.6043986137956381
