times:
  edit-metadata: 3.853300175629556
  landing: 2.0585915725678205
  view-data: 4.092114757746458
