times:
  edit-metadata: 0.5895329192280769
  landing: 0.07639068365097046
  view-data: 0.1973438411951065
