times:
  edit-metadata: 0.6364963832311332
  landing: 0.04384297085925937
  view-data: 0.1923159146681428
