times:
  edit-metadata: 0.6270606501493603
  landing: 0.048835963010787964
  view-data: 0.1940017300657928
