times:
  edit-metadata: 2.0595951601862907
  landing: 1.1814139187335968
  view-data: 3.517185876145959
