times:
  edit-metadata: 0.6397268953733146
  landing: 0.042605852242559195
  view-data: 0.19368782173842192
