times:
  edit-metadata: 1.8232099059969187
  landing: 0.8756218710914254
  view-data: 3.505559116601944
