times:
  edit-metadata: 1.3930788822472095
  landing: 0.018983161076903343
  view-data: 0.02572140470147133
