times:
  edit-metadata: 1.367215033620596
  landing: 0.018734188750386238
  view-data: 0.022748103365302086
