times:
  edit-metadata: 3.0795212760567665
  landing: 0.9896176215261221
  view-data: 3.5361398588865995
