times:
  edit-metadata: 1.329819074831903
  landing: 0.01939569693058729
  view-data: 0.03802363853901625
