times:
  edit-metadata: 1.4356091432273388
  landing: 0.7408941425383091
  view-data: 3.303548539057374
