times:
  edit-metadata: 0.39973051799461246
  landing: 0.06859857519157231
  view-data: 0.20925534795969725
