times:
  edit-metadata: 0.47277050791308284
  landing: 0.043237621895968914
  view-data: 0.19474918628111482
