times:
  edit-metadata: 1.5416312338784337
  landing: 0.7819910943508148
  view-data: 3.4728722870349884
