times:
  edit-metadata: 1.3761314019793645
  landing: 0.7333744340576231
  view-data: 3.279596042004414
