times:
  edit-metadata: 0.6434475020505488
  landing: 0.0403666440397501
  view-data: 0.19417317409534007
