times:
  edit-metadata: 2.387215904891491
  landing: 1.6743203401565552
  view-data: 3.6504765450954437
