times:
  edit-metadata: 0.4246673799934797
  landing: 0.06883638200815767
  view-data: 0.20226069504860789
