times:
  edit-metadata: 0.7323417230509222
  landing: 0.051559200044721365
  view-data: 0.206674518994987
