times:
  edit-metadata: 2.258431300520897
  landing: 1.2676295936107635
  view-data: 3.3242210168391466
