times:
  edit-metadata: 0.46406943211331964
  landing: 0.05464259488508105
  view-data: 0.204217828810215
