times:
  edit-metadata: 1.3352062907069921
  landing: 0.01990606263279915
  view-data: 0.023578321561217308
