times:
  edit-metadata: 0.47254708502441645
  landing: 0.04786606226116419
  view-data: 0.2054193071089685
