times:
  edit-metadata: 1.4186519291251898
  landing: 0.13743919879198074
  view-data: 0.02496188133955002
