times:
  edit-metadata: 1.3828690480440855
  landing: 0.20264415256679058
  view-data: 0.40810790099203587
