times:
  edit-metadata: 0.6130423641297966
  landing: 0.0795572989154607
  view-data: 0.19104135199449956
