times:
  edit-metadata: 1.4134501907974482
  landing: 0.0197414830327034
  view-data: 0.029227055609226227
