times:
  edit-metadata: 0.4583376538939774
  landing: 0.03967576427385211
  view-data: 0.19714516075327992
