times:
  edit-metadata: 0.6103669558651745
  landing: 0.04309338401071727
  view-data: 0.1782680789474398
