times:
  edit-metadata: 1.3241837685927749
  landing: 0.020686537958681583
  view-data: 0.02984424214810133
