times:
  edit-metadata: 3.3446419816464186
  landing: 3.109248088672757
  view-data: 3.573567256331444
