times:
  edit-metadata: 0.8427369999699295
  landing: 0.06950535904616117
  view-data: 0.1996512347832322
