times:
  edit-metadata: 0.47910800809040666
  landing: 0.06910459278151393
  view-data: 0.1865120599977672
