times:
  edit-metadata: 1.489643383771181
  landing: 0.020419148728251457
  view-data: 0.30413530208170414
