times:
  edit-metadata: 0.44646972604095936
  landing: 0.04452782403677702
  view-data: 0.1955393790267408
