times:
  edit-metadata: 3.0079019851982594
  landing: 1.300996432080865
  view-data: 3.7297759503126144
