times:
  edit-metadata: 1.5421412140130997
  landing: 0.8161413632333279
  view-data: 3.388834360986948
