times:
  edit-metadata: 1.3948263386264443
  landing: 0.021015046164393425
  view-data: 0.38409243524074554
