times:
  edit-metadata: 1.392368994653225
  landing: 0.8366946168243885
  view-data: 3.361375905573368
