times:
  edit-metadata: 0.4799316246062517
  landing: 0.041916956193745136
  view-data: 0.1923669371753931
