times:
  edit-metadata: 0.5146709037944674
  landing: 0.04977787006646395
  view-data: 0.20458224974572659
