times:
  edit-metadata: 0.5291351709747687
  landing: 0.06290376209653914
  view-data: 0.2142929140245542
