times:
  edit-metadata: 1.6002821661531925
  landing: 0.7637878837995231
  view-data: 3.408400889020413
