times:
  edit-metadata: 1.5113012194633484
  landing: 0.7645037211477757
  view-data: 3.4019359536468983
