times:
  edit-metadata: 1.5265802000649273
  landing: 0.9862357839010656
  view-data: 3.341031173011288
