times:
  edit-metadata: 0.4690699018537998
  landing: 0.044290984980762005
  view-data: 0.21636867057532072
