times:
  edit-metadata: 0.5263058077543974
  landing: 0.04515836667269468
  view-data: 0.2126652281731367
