times:
  edit-metadata: 1.3673138739541173
  landing: 0.020950810983777046
  view-data: 0.025705897249281406
