times:
  edit-metadata: 1.3124339068308473
  landing: 0.018424098379909992
  view-data: 0.13450863398611546
