times:
  edit-metadata: 1.9781146915629506
  landing: 0.022180669009685516
  view-data: 0.02360031194984913
