times:
  edit-metadata: 0.6511391720268875
  landing: 0.0460399379953742
  view-data: 0.1949634540360421
