times:
  edit-metadata: 0.6362218790018233
  landing: 0.04119960300158709
  view-data: 0.19669552300183568
