times:
  edit-metadata: 0.550561985000968
  landing: 0.048237167997285724
  view-data: 0.21757236402481794
