times:
  edit-metadata: 1.3177208807319403
  landing: 0.02033681422472
  view-data: 0.12150731962174177
