times:
  edit-metadata: 1.463720915839076
  landing: 0.023499267175793648
  view-data: 0.3803965374827385
