times:
  edit-metadata: 0.45845236303284764
  landing: 0.039491231087595224
  view-data: 0.1968531203456223
