times:
  edit-metadata: 0.7458804207853973
  landing: 0.13718912098556757
  view-data: 0.23914933996275067
