times:
  edit-metadata: 0.46834519039839506
  landing: 0.040206692181527615
  view-data: 0.20752778556197882
