times:
  edit-metadata: 0.4526191442273557
  landing: 0.04838804388418794
  view-data: 0.19587324000895023
