times:
  edit-metadata: 0.41319839004427195
  landing: 0.06310214987024665
  view-data: 0.21023714682087302
