times:
  edit-metadata: 0.6312381549505517
  landing: 0.04049444408155978
  view-data: 0.19173174002207816
