times:
  edit-metadata: 0.6569315509404987
  landing: 0.04749619192443788
  view-data: 0.192790204891935
