times:
  edit-metadata: 1.469985661096871
  landing: 0.8113201158121228
  view-data: 3.433067250996828
