times:
  edit-metadata: 1.4592653829604387
  landing: 0.916245998814702
  view-data: 3.969461753964424
