times:
  edit-metadata: 0.6424201501067728
  landing: 0.04572563013061881
  view-data: 0.1848621629178524
