times:
  edit-metadata: 0.40458423271775246
  landing: 0.04974598437547684
  view-data: 0.18935095891356468
