times:
  edit-metadata: 0.42997322301380336
  landing: 0.06791176192928106
  view-data: 0.19914053997490555
