times:
  edit-metadata: 1.5441614296287298
  landing: 0.02199837751686573
  view-data: 0.05079064518213272
