times:
  edit-metadata: 1.5411693453788757
  landing: 0.9367464259266853
  view-data: 3.360649112612009
