times:
  edit-metadata: 2.2221563700586557
  landing: 1.7752711717039347
  view-data: 3.682668289169669
