times:
  edit-metadata: 0.4897683239541948
  landing: 0.053500695154070854
  view-data: 0.19638476194813848
