times:
  edit-metadata: 0.44641363993287086
  landing: 0.042869113851338625
  view-data: 0.1956815291196108
