times:
  edit-metadata: 1.394001815468073
  landing: 0.14602884277701378
  view-data: 0.05298490449786186
