times:
  edit-metadata: 0.6254232909996063
  landing: 0.04176924901548773
  view-data: 0.2052389970049262
