times:
  edit-metadata: 1.3264072528108954
  landing: 0.12072101887315512
  view-data: 0.025990372523665428
