times:
  edit-metadata: 2.091187994927168
  landing: 2.022531244903803
  view-data: 3.5956848859786987
