times:
  edit-metadata: 1.4565660888329148
  landing: 0.01960571389645338
  view-data: 0.028273146599531174
