times:
  edit-metadata: 3.571840450167656
  landing: 2.0307303611189127
  view-data: 3.5947889667004347
