times:
  edit-metadata: 1.5538392709568143
  landing: 0.8381748090032488
  view-data: 3.4058898461516947
