times:
  edit-metadata: 1.3118871813639998
  landing: 0.11953494232147932
  view-data: 0.3957674000412226
