times:
  edit-metadata: 1.6537260822951794
  landing: 0.8865021802484989
  view-data: 3.5307116955518723
