times:
  edit-metadata: 0.44053207198157907
  landing: 0.046417487785220146
  view-data: 0.19536063307896256
