times:
  edit-metadata: 0.7895149969999693
  landing: 0.1184264839998832
  view-data: 0.303143927000292
