times:
  edit-metadata: 1.2999384757131338
  landing: 0.02143966220319271
  view-data: 0.29564925841987133
