times:
  edit-metadata: 0.5316193611361086
  landing: 0.04865757608786225
  view-data: 0.2180854268372059
