times:
  edit-metadata: 0.6922601191326976
  landing: 0.041918331291526556
  view-data: 0.2746424018405378
