times:
  edit-metadata: 0.5872896499931812
  landing: 0.0408672159537673
  view-data: 0.18432668899185956
