times:
  edit-metadata: 1.926690112799406
  landing: 0.3343018554151058
  view-data: 0.20081888511776924
