times:
  edit-metadata: 0.42498259898275137
  landing: 0.045388790080323815
  view-data: 0.21814356092363596
