times:
  edit-metadata: 3.7201441414654255
  landing: 1.8383509255945683
  view-data: 4.431425802409649
