times:
  edit-metadata: 0.6284893669653684
  landing: 0.04526687803445384
  view-data: 0.19367964199045673
