times:
  edit-metadata: 1.6407155692577362
  landing: 0.8503526374697685
  view-data: 3.3744025491178036
