times:
  edit-metadata: 1.4937953976914287
  landing: 0.7708165841177106
  view-data: 3.3479576259851456
