times:
  edit-metadata: 3.6176862716674805
  landing: 3.1041301675140858
  view-data: 3.4683910198509693
