times:
  edit-metadata: 1.5450977552682161
  landing: 0.019692327827215195
  view-data: 0.38198740035295486
