times:
  edit-metadata: 0.6326227589743212
  landing: 0.05117894394788891
  view-data: 0.18722902098670602
