times:
  edit-metadata: 0.6191430590115488
  landing: 0.04914810601621866
  view-data: 0.19796273531392217
