times:
  edit-metadata: 0.6326959120342508
  landing: 0.03987079090438783
  view-data: 0.19142715900670737
