times:
  edit-metadata: 1.5142753161489964
  landing: 1.5399467330425978
  view-data: 3.420714082196355
