times:
  edit-metadata: 1.2855798099189997
  landing: 0.02372034080326557
  view-data: 0.12510006688535213
