times:
  edit-metadata: 1.8362854905426502
  landing: 0.9380421452224255
  view-data: 3.345068037509918
