times:
  edit-metadata: 0.6611086560878903
  landing: 0.04590505990199745
  view-data: 0.19423389295116067
