times:
  edit-metadata: 1.304441704414785
  landing: 0.020899158902466297
  view-data: 0.024060729891061783
