times:
  edit-metadata: 2.488257836550474
  landing: 1.0351834017783403
  view-data: 3.5469994358718395
