times:
  edit-metadata: 0.40073536708950996
  landing: 0.04012846201658249
  view-data: 0.1879207380115986
