times:
  edit-metadata: 2.26514838822186
  landing: 1.17989681661129
  view-data: 3.6703115236014128
