times:
  edit-metadata: 1.3571625165641308
  landing: 0.8103164508938789
  view-data: 3.377576604485512
