times:
  edit-metadata: 1.356333538889885
  landing: 0.7724651545286179
  view-data: 3.298450991511345
