times:
  edit-metadata: 1.7326306775212288
  landing: 1.0551313273608685
  view-data: 3.377766191959381
