times:
  edit-metadata: 1.3803718239068985
  landing: 0.821272000670433
  view-data: 3.5368486493825912
