times:
  edit-metadata: 1.5013479366898537
  landing: 0.7561471164226532
  view-data: 3.4525207802653313
