times:
  edit-metadata: 1.5901898704469204
  landing: 0.9133508503437042
  view-data: 3.421099979430437
