times:
  edit-metadata: 1.3727815225720406
  landing: 0.7971460483968258
  view-data: 3.2945297062397003
