times:
  edit-metadata: 1.4124679788947105
  landing: 0.9634624198079109
  view-data: 3.4940923675894737
