times:
  edit-metadata: 1.3384259156882763
  landing: 0.8411970734596252
  view-data: 3.2998526357114315
