times:
  edit-metadata: 1.3813559040427208
  landing: 0.7767921909689903
  view-data: 3.5279944241046906
