times:
  edit-metadata: 1.4246212467551231
  landing: 0.9857041835784912
  view-data: 3.3789775148034096
