times:
  edit-metadata: 1.3779654167592525
  landing: 0.911241739988327
  view-data: 3.3253164999186993
