times:
  edit-metadata: 1.3957034572958946
  landing: 0.8088669404387474
  view-data: 3.5723857805132866
