times:
  edit-metadata: 1.835054136812687
  landing: 0.8210294470191002
  view-data: 3.3059556260704994
