times:
  edit-metadata: 1.9719820953905582
  landing: 1.3931801095604897
  view-data: 3.3826814629137516
