times:
  edit-metadata: 1.541574440896511
  landing: 0.9018981158733368
  view-data: 3.590191774070263
