times:
  edit-metadata: 1.3392580896615982
  landing: 0.8273495733737946
  view-data: 3.510632887482643
