times:
  edit-metadata: 1.9890157729387283
  landing: 1.2191453352570534
  view-data: 3.741479955613613
