times:
  edit-metadata: 2.9316433146595955
  landing: 2.0136255472898483
  view-data: 4.056432284414768
