times:
  edit-metadata: 1.3230008371174335
  landing: 0.8666221126914024
  view-data: 3.3078795447945595
