times:
  edit-metadata: 1.3664749935269356
  landing: 0.7391561046242714
  view-data: 3.273126970976591
