times:
  edit-metadata: 1.356063537299633
  landing: 0.7981065921485424
  view-data: 3.3619376681745052
