times:
  edit-metadata: 1.4405312165617943
  landing: 0.7616202160716057
  view-data: 3.4752277955412865
