times:
  edit-metadata: 1.5023833252489567
  landing: 0.7845395617187023
  view-data: 3.269473422318697
