times:
  edit-metadata: 1.4845493882894516
  landing: 0.853169746696949
  view-data: 3.279335267841816
