times:
  edit-metadata: 1.6295821443200111
  landing: 0.923480823636055
  view-data: 3.3459344133734703
