times:
  edit-metadata: 1.352334849536419
  landing: 0.8747740872204304
  view-data: 3.2787569873034954
