times:
  edit-metadata: 1.6044252887368202
  landing: 0.8401168137788773
  view-data: 3.378991514444351
