times:
  edit-metadata: 1.4167420007288456
  landing: 0.7852524071931839
  view-data: 3.338512808084488
