times:
  edit-metadata: 1.743853472173214
  landing: 1.0286528319120407
  view-data: 3.4486264884471893
