times:
  edit-metadata: 1.457951296120882
  landing: 1.102272991091013
  view-data: 3.3165650814771652
