times:
  edit-metadata: 1.3496327325701714
  landing: 0.7825866118073463
  view-data: 3.513853572309017
