times:
  edit-metadata: 1.3919124528765678
  landing: 0.8602257147431374
  view-data: 3.5134337916970253
