times:
  edit-metadata: 1.9797251299023628
  landing: 1.3205009698867798
  view-data: 3.627453736960888
