times:
  edit-metadata: 1.440953589975834
  landing: 0.8616954982280731
  view-data: 3.2958983331918716
