times:
  edit-metadata: 1.5846670307219028
  landing: 0.9447591304779053
  view-data: 3.286592163145542
