times:
  edit-metadata: 1.4582309797406197
  landing: 0.9509267881512642
  view-data: 3.3613087609410286
