times:
  edit-metadata: 1.516976747661829
  landing: 0.8737363778054714
  view-data: 3.3516776748001575
