times:
  edit-metadata: 1.4115902483463287
  landing: 0.7770977020263672
  view-data: 3.538670741021633
