times:
  edit-metadata: 1.4145855158567429
  landing: 0.7836490944027901
  view-data: 3.312696523964405
