times:
  edit-metadata: 1.3759886473417282
  landing: 0.8292718008160591
  view-data: 3.491981640458107
