times:
  edit-metadata: 1.3638349398970604
  landing: 0.7571064010262489
  view-data: 3.2718113362789154
