times:
  edit-metadata: 1.927850753068924
  landing: 0.9367448464035988
  view-data: 3.619484230875969
