times:
  edit-metadata: 1.4998368099331856
  landing: 0.9170371070504189
  view-data: 31.145130716264248
