times:
  edit-metadata: 1.422642171382904
  landing: 0.861925832927227
  view-data: 3.4102551862597466
