times:
  edit-metadata: 1.3473736718297005
  landing: 0.7467911876738071
  view-data: 3.287399612367153
