times:
  edit-metadata: 1.3810991495847702
  landing: 0.9149889871478081
  view-data: 3.419842503964901
