times:
  edit-metadata: 1.4585034549236298
  landing: 0.7708123922348022
  view-data: 3.3740038126707077
