times:
  edit-metadata: 1.5780754908919334
  landing: 0.9458204805850983
  view-data: 3.448678269982338
