times:
  edit-metadata: 1.4535516276955605
  landing: 0.8800729885697365
  view-data: 3.385587878525257
