times:
  edit-metadata: 1.4811919704079628
  landing: 0.7698555737733841
  view-data: 3.6806440129876137
