times:
  edit-metadata: 1.501304816454649
  landing: 0.7738625854253769
  view-data: 3.3952659368515015
