times:
  edit-metadata: 1.3247382193803787
  landing: 0.7964557334780693
  view-data: 0.5448001250624657
