times:
  edit-metadata: 1.4341692812740803
  landing: 0.7563739977777004
  view-data: 3.4144062623381615
