times:
  edit-metadata: 1.4482581950724125
  landing: 0.7504929266870022
  view-data: 3.3132125325500965
