times:
  edit-metadata: 1.5301793590188026
  landing: 0.8504448011517525
  view-data: 3.3056767359375954
