times:
  edit-metadata: 1.748572863638401
  landing: 1.4148791059851646
  view-data: 3.3006358072161674
