times:
  edit-metadata: 1.4713046327233315
  landing: 0.8309669122099876
  view-data: 3.5025536492466927
