times:
  edit-metadata: 1.351716086268425
  landing: 0.9483416527509689
  view-data: 3.416609987616539
