times:
  edit-metadata: 1.8606863506138325
  landing: 1.225381150841713
  view-data: 3.3813821263611317
