times:
  edit-metadata: 1.4209919609129429
  landing: 0.7712455876171589
  view-data: 3.3378847241401672
