times:
  edit-metadata: 1.4038214981555939
  landing: 0.8197034895420074
  view-data: 3.2982833236455917
