times:
  edit-metadata: 1.4391568303108215
  landing: 0.7704692631959915
  view-data: 3.5318494513630867
