times:
  edit-metadata: 1.43212428689003
  landing: 0.8372732028365135
  view-data: 3.460198901593685
