times:
  edit-metadata: 1.210129752755165
  landing: 1.0123484805226326
  view-data: 3.4809584841132164
