times:
  edit-metadata: 1.4579726085066795
  landing: 0.738143190741539
  view-data: 3.325754553079605
