times:
  edit-metadata: 1.4461783915758133
  landing: 0.7215113565325737
  view-data: 3.3190123215317726
