times:
  edit-metadata: 1.3739370331168175
  landing: 0.7813832238316536
  view-data: 3.5184158980846405
