times:
  edit-metadata: 1.5768882222473621
  landing: 0.8657077848911285
  view-data: 3.3191599622368813
