times:
  edit-metadata: 1.6081321388483047
  landing: 0.9036828503012657
  view-data: 3.5589220076799393
