times:
  edit-metadata: 1.3727571666240692
  landing: 0.9167265594005585
  view-data: 3.5768925324082375
