times:
  edit-metadata: 1.3832756280899048
  landing: 0.8321293070912361
  view-data: 3.700802005827427
