times:
  edit-metadata: 1.5027421116828918
  landing: 0.8807462081313133
  view-data: 3.543226070702076
