times:
  edit-metadata: 1.5150123983621597
  landing: 0.8926450312137604
  view-data: 3.520836256444454
