times:
  edit-metadata: 1.5334149710834026
  landing: 0.7653098739683628
  view-data: 3.350947503000498
