times:
  edit-metadata: 1.6905856169760227
  landing: 1.1230244971811771
  view-data: 3.357516285032034
