times:
  edit-metadata: 1.4396838322281837
  landing: 0.7782057821750641
  view-data: 3.4926278814673424
