times:
  edit-metadata: 1.4387746565043926
  landing: 0.7954333983361721
  view-data: 3.254204485565424
