times:
  edit-metadata: 1.381711333990097
  landing: 0.8380691558122635
  view-data: 3.4589642584323883
