times:
  edit-metadata: 1.524334356188774
  landing: 0.9677419997751713
  view-data: 3.315001018345356
