times:
  edit-metadata: 1.374478094279766
  landing: 0.8075037896633148
  view-data: 3.3347531370818615
