times:
  edit-metadata: 1.4208911173045635
  landing: 0.8350082859396935
  view-data: 3.3285925686359406
