times:
  edit-metadata: 2.2877903655171394
  landing: 1.3788225203752518
  view-data: 3.618582434952259
