times:
  edit-metadata: 1.3412569165229797
  landing: 0.9877776801586151
  view-data: 3.386448636651039
