times:
  edit-metadata: 1.4156200513243675
  landing: 0.7310888096690178
  view-data: 3.3213717490434647
