times:
  edit-metadata: 1.3950569555163383
  landing: 0.7628799304366112
  view-data: 3.5088343173265457
