times:
  edit-metadata: 1.5181920677423477
  landing: 0.9645589962601662
  view-data: 3.47773876786232
