times:
  edit-metadata: 1.3645946606993675
  landing: 0.7894100099802017
  view-data: 3.3169388845562935
