times:
  edit-metadata: 1.5201209858059883
  landing: 0.8971872106194496
  view-data: 3.4962745308876038
