times:
  edit-metadata: 1.4724042564630508
  landing: 0.7829379700124264
  view-data: 3.26743783056736
