times:
  edit-metadata: 1.4281957149505615
  landing: 1.0212853327393532
  view-data: 3.4922856464982033
