times:
  edit-metadata: 1.3947159573435783
  landing: 0.9761835634708405
  view-data: 3.4283038452267647
