times:
  edit-metadata: 1.4726165980100632
  landing: 0.922090657055378
  view-data: 3.507257603108883
