times:
  edit-metadata: 1.359704203903675
  landing: 0.7226212322711945
  view-data: 3.41025872528553
