times:
  edit-metadata: 1.5093550458550453
  landing: 0.737586285918951
  view-data: 3.311768490821123
