times:
  edit-metadata: 1.413359485566616
  landing: 0.7765533179044724
  view-data: 3.5100448578596115
