times:
  edit-metadata: 1.5383916348218918
  landing: 1.0845244079828262
  view-data: 3.370944134891033
