times:
  edit-metadata: 1.300986673682928
  landing: 0.865807831287384
  view-data: 3.2843109741806984
