times:
  edit-metadata: 1.5482586361467838
  landing: 0.9770321287214756
  view-data: 3.3753796704113483
