times:
  edit-metadata: 1.7881836667656898
  landing: 0.9299703575670719
  view-data: 3.3814495727419853
