times:
  edit-metadata: 1.3925575092434883
  landing: 0.7834693118929863
  view-data: 3.296397179365158
