times:
  edit-metadata: 1.3793035298585892
  landing: 0.809675008058548
  view-data: 3.287088170647621
