times:
  edit-metadata: 1.5044051632285118
  landing: 0.8443597331643105
  view-data: 3.4405726566910744
