times:
  edit-metadata: 1.5506622605025768
  landing: 0.8725375644862652
  view-data: 3.322486624121666
