times:
  edit-metadata: 1.412098079919815
  landing: 0.8125639259815216
  view-data: 3.3148456029593945
