times:
  edit-metadata: 1.445460345596075
  landing: 0.7824407480657101
  view-data: 3.3769603557884693
