times:
  edit-metadata: 2.0197945162653923
  landing: 0.9527740254998207
  view-data: 3.6029003262519836
