times:
  edit-metadata: 1.4267326295375824
  landing: 0.7426034137606621
  view-data: 3.5617313757538795
