times:
  edit-metadata: 1.3477309197187424
  landing: 0.9459176585078239
  view-data: 3.5457720905542374
