times:
  edit-metadata: 1.5142814293503761
  landing: 0.8136098384857178
  view-data: 3.532277837395668
