times:
  edit-metadata: 1.3648266196250916
  landing: 0.7768358588218689
  view-data: 3.5133937895298004
