times:
  edit-metadata: 1.3999741449952126
  landing: 0.8504118546843529
  view-data: 3.4331279322504997
