times:
  edit-metadata: 2.430550016462803
  landing: 1.5400296300649643
  view-data: 3.595384009182453
