times:
  edit-metadata: 1.6711615845561028
  landing: 1.0005685091018677
  view-data: 3.3817239850759506
