times:
  edit-metadata: 1.3587392270565033
  landing: 0.768998384475708
  view-data: 3.593146175146103
