times:
  edit-metadata: 1.6089037507772446
  landing: 0.8323573619127274
  view-data: 3.4953739270567894
