times:
  edit-metadata: 1.5162619836628437
  landing: 0.9679202176630497
  view-data: 3.6922486945986748
