times:
  edit-metadata: 1.35904973000288
  landing: 0.7266851365566254
  view-data: 3.526341788470745
