times:
  edit-metadata: 1.4268657267093658
  landing: 0.917881716042757
  view-data: 3.405468713492155
