times:
  edit-metadata: 1.5688615627586842
  landing: 0.8624171987175941
  view-data: 3.323701959103346
