times:
  edit-metadata: 1.455919075757265
  landing: 0.7939866557717323
  view-data: 3.293403122574091
