times:
  edit-metadata: 1.5537156090140343
  landing: 0.971206970512867
  view-data: 3.4447479359805584
