times:
  edit-metadata: 1.5731565579771996
  landing: 0.8008914962410927
  view-data: 3.547305017709732
