times:
  edit-metadata: 1.460330568253994
  landing: 0.8495604880154133
  view-data: 3.367545150220394
