times:
  edit-metadata: 1.3811603337526321
  landing: 0.8126607611775398
  view-data: 3.3377482928335667
