times:
  edit-metadata: 1.3534580990672112
  landing: 0.7114189863204956
  view-data: 3.5141670033335686
