times:
  edit-metadata: 1.4711669832468033
  landing: 0.8637535199522972
  view-data: 3.319712284952402
