times:
  edit-metadata: 1.5427249744534492
  landing: 0.9131041169166565
  view-data: 3.5688860416412354
