times:
  edit-metadata: 1.4301181808114052
  landing: 0.8657559007406235
  view-data: 3.532158173620701
