times:
  edit-metadata: 1.4427317418158054
  landing: 0.9019913822412491
  view-data: 3.358364887535572
