times:
  edit-metadata: 1.3764280527830124
  landing: 0.8446139693260193
  view-data: 3.6704119816422462
