times:
  edit-metadata: 1.3912762552499771
  landing: 0.9744415655732155
  view-data: 3.3079384192824364
