times:
  edit-metadata: 1.4867784455418587
  landing: 1.0686942711472511
  view-data: 3.316720575094223
