times:
  edit-metadata: 1.4061857908964157
  landing: 0.815143346786499
  view-data: 3.4337372556328773
