times:
  edit-metadata: 1.5899771600961685
  landing: 0.9261628165841103
  view-data: 3.3623373731970787
