times:
  edit-metadata: 1.4253380820155144
  landing: 0.8342694267630577
  view-data: 3.306622266769409
