times:
  edit-metadata: 1.378989115357399
  landing: 0.8801145553588867
  view-data: 3.4500928297638893
