times:
  edit-metadata: 1.4377612546086311
  landing: 0.7301090359687805
  view-data: 3.4998714178800583
