times:
  edit-metadata: 1.5288778953254223
  landing: 0.8156754076480865
  view-data: 3.3464835844933987
