times:
  edit-metadata: 1.4677646048367023
  landing: 0.8292784877121449
  view-data: 3.2952148653566837
