times:
  edit-metadata: 1.4840510040521622
  landing: 0.9161455035209656
  view-data: 3.30520236492157
