times:
  edit-metadata: 1.3557011000812054
  landing: 0.7802161648869514
  view-data: 3.262512620538473
