times:
  edit-metadata: 1.492750033736229
  landing: 0.8616445101797581
  view-data: 3.2933147475123405
