times:
  edit-metadata: 1.4252581298351288
  landing: 0.7195578627288342
  view-data: 3.273986864835024
