times:
  edit-metadata: 1.4216746464371681
  landing: 0.8732748404145241
  view-data: 3.526860475540161
