times:
  edit-metadata: 1.3232842087745667
  landing: 0.9741144850850105
  view-data: 3.508787989616394
