times:
  edit-metadata: 1.553280208259821
  landing: 0.1407810039818287
  view-data: 0.02502731792628765
