times:
  edit-metadata: 2.4219527281820774
  landing: 1.4791927523911
  view-data: 4.1626690700650215
