times:
  edit-metadata: 0.4804849710781127
  landing: 0.07419213210232556
  view-data: 0.3369649341329932
