times:
  edit-metadata: 1.377476029098034
  landing: 0.8731424398720264
  view-data: 3.601696189492941
