times:
  edit-metadata: 1.3799164984375238
  landing: 0.020601626485586166
  view-data: 0.13898031413555145
