times:
  edit-metadata: 1.4172878414392471
  landing: 0.7640422582626343
  view-data: 3.5914137829095125
