times:
  edit-metadata: 1.3355365134775639
  landing: 0.8936240263283253
  view-data: 3.4106673672795296
