times:
  edit-metadata: 1.4720307774841785
  landing: 0.9368720110505819
  view-data: 3.3862995598465204
