times:
  edit-metadata: 0.517089381814003
  landing: 0.06798591511324048
  view-data: 0.22154553094878793
