times:
  edit-metadata: 1.3666674690321088
  landing: 0.21168677415698767
  view-data: 0.21869007125496864
