times:
  edit-metadata: 1.5449668765068054
  landing: 0.7863865047693253
  view-data: 3.4086895044893026
