times:
  edit-metadata: 1.755542928352952
  landing: 0.16064538434147835
  view-data: 0.41648463159799576
