times:
  edit-metadata: 1.3718640580773354
  landing: 0.02140504401177168
  view-data: 0.11316781770437956
