times:
  edit-metadata: 1.5843903552740812
  landing: 0.7919785603880882
  view-data: 3.3488277811557055
