times:
  edit-metadata: 1.5567200426012278
  landing: 0.7954310271888971
  view-data: 3.4274110440164804
