times:
  edit-metadata: 1.9923468977212906
  landing: 1.0771052911877632
  view-data: 4.061254929751158
