times:
  edit-metadata: 1.4771219994872808
  landing: 0.8038211911916733
  view-data: 3.357799008488655
