times:
  edit-metadata: 1.456133222207427
  landing: 0.02096070535480976
  view-data: 0.34184120036661625
