times:
  edit-metadata: 1.4397932030260563
  landing: 0.8382202424108982
  view-data: 3.3228859603405
