times:
  edit-metadata: 1.7344059254974127
  landing: 0.24612606689333916
  view-data: 0.3999372646212578
