times:
  edit-metadata: 1.3452283749356866
  landing: 0.022244141437113285
  view-data: 0.09603349678218365
