times:
  edit-metadata: 1.357318856753409
  landing: 0.021445104852318764
  view-data: 0.13112350087612867
