times:
  edit-metadata: 3.033178889192641
  landing: 0.2899395804852247
  view-data: 0.7954062335193157
