times:
  edit-metadata: 1.4875181168317795
  landing: 0.8779848106205463
  view-data: 3.4268002696335316
