times:
  edit-metadata: 0.6420211049262434
  landing: 0.14682829601224512
  view-data: 0.21359315002337098
