times:
  edit-metadata: 1.3883410803973675
  landing: 0.020764632150530815
  view-data: 0.39995961263775826
