times:
  edit-metadata: 0.5004947659999743
  landing: 0.06689684499997384
  view-data: 0.21762829099952796
