times:
  edit-metadata: 1.3884475277736783
  landing: 0.1225516851991415
  view-data: 0.22182769980281591
