times:
  edit-metadata: 1.5239265970885754
  landing: 0.8097986094653606
  view-data: 3.3939546709880233
