times:
  edit-metadata: 1.3482259567826986
  landing: 0.020381947048008442
  view-data: 0.02286654058843851
