times:
  edit-metadata: 0.4864818269852549
  landing: 0.0602852429728955
  view-data: 0.20773646794259548
