times:
  edit-metadata: 1.502990124747157
  landing: 0.13078809157013893
  view-data: 0.15642977692186832
