times:
  edit-metadata: 1.4402073249220848
  landing: 0.8497693948447704
  view-data: 3.6146610602736473
