times:
  edit-metadata: 1.9279176220297813
  landing: 0.2886780221015215
  view-data: 0.4059879221022129
