times:
  edit-metadata: 1.6628932058811188
  landing: 0.7182556353509426
  view-data: 3.3178376015275717
