times:
  edit-metadata: 1.3383919782936573
  landing: 0.6978788413107395
  view-data: 3.300804290920496
