times:
  edit-metadata: 1.8139062728732824
  landing: 0.25203405879437923
  view-data: 0.5896737296134233
