times:
  edit-metadata: 0.7579349391162395
  landing: 0.06680068792775273
  view-data: 0.23028803104534745
