times:
  edit-metadata: 0.5435154389124364
  landing: 0.05875165807083249
  view-data: 0.20763917616568506
