times:
  edit-metadata: 1.4129750430583954
  landing: 0.19043558277189732
  view-data: 0.026897022500634193
