times:
  edit-metadata: 1.6339398231357336
  landing: 0.7715058010071516
  view-data: 3.403783207759261
