times:
  edit-metadata: 1.4392825365066528
  landing: 0.019199106842279434
  view-data: 0.02412066049873829
