times:
  edit-metadata: 2.050415500998497
  landing: 1.3103126101195812
  view-data: 3.413543727248907
