times:
  edit-metadata: 1.8747822120785713
  landing: 0.43120414204895496
  view-data: 0.20357991941273212
