times:
  edit-metadata: 1.3685857113450766
  landing: 0.02218777220696211
  view-data: 0.32417271193116903
