times:
  edit-metadata: 1.3965587569400668
  landing: 0.022013824433088303
  view-data: 0.02417757362127304
