times:
  edit-metadata: 1.6948236599564552
  landing: 1.0877093821763992
  view-data: 3.4419385194778442
