times:
  edit-metadata: 1.4708188716322184
  landing: 0.14726553298532963
  view-data: 0.02441652212291956
