times:
  edit-metadata: 1.5654030907899141
  landing: 1.131547272671014
  view-data: 3.4024379570037127
