times:
  edit-metadata: 1.5892258929088712
  landing: 1.0704269064590335
  view-data: 3.442160613834858
