times:
  edit-metadata: 1.3933686837553978
  landing: 0.12063763290643692
  view-data: 0.22243694961071014
