times:
  edit-metadata: 1.4477125834673643
  landing: 0.2283510621637106
  view-data: 0.125102361664176
