times:
  edit-metadata: 1.5810434743762016
  landing: 0.2727506794035435
  view-data: 0.16052956506609917
