times:
  edit-metadata: 1.5112689789384604
  landing: 0.01873844303190708
  view-data: 0.023887185379862785
