times:
  edit-metadata: 1.5895785689353943
  landing: 0.7650806605815887
  view-data: 3.399628045037389
