times:
  edit-metadata: 1.5170070938766003
  landing: 0.7335511147975922
  view-data: 3.286446735262871
