times:
  edit-metadata: 1.5925180241465569
  landing: 0.19878827221691608
  view-data: 0.34102408960461617
