times:
  edit-metadata: 1.5012667924165726
  landing: 0.7293355576694012
  view-data: 3.3507629111409187
