times:
  edit-metadata: 0.6014018038986251
  landing: 0.04502659500576556
  view-data: 0.22616495902184397
