times:
  edit-metadata: 2.11790803167969
  landing: 0.3044005539268255
  view-data: 0.7076238412410021
