times:
  edit-metadata: 1.5516773853451014
  landing: 0.804527735337615
  view-data: 3.4314327649772167
