times:
  edit-metadata: 1.4018705440685153
  landing: 0.7966927760280669
  view-data: 3.362327537033707
