times:
  edit-metadata: 0.49713877588510513
  landing: 0.06396114709787071
  view-data: 0.21178438514471054
