times:
  edit-metadata: 0.772272805999819
  landing: 0.11849121900013415
  view-data: 0.3317574020002212
