times:
  edit-metadata: 1.5975107662379742
  landing: 0.9599801115691662
  view-data: 3.376383747905493
