times:
  edit-metadata: 1.5828294437378645
  landing: 1.240893199108541
  view-data: 3.3245779955759645
