times:
  edit-metadata: 0.6095724589831661
  landing: 0.13030615798197687
  view-data: 0.24782856399542652
