times:
  edit-metadata: 1.4899774976074696
  landing: 0.24943814054131508
  view-data: 0.3301204461604357
