times:
  edit-metadata: 1.5595092382282019
  landing: 0.7598191145807505
  view-data: 3.389949968084693
