times:
  edit-metadata: 1.5384020805358887
  landing: 0.8116912841796875
  view-data: 3.392723875120282
