times:
  edit-metadata: 1.4423443237319589
  landing: 0.811938859988004
  view-data: 3.3959804121404886
