times:
  edit-metadata: 1.3611382665112615
  landing: 0.022763017565011978
  view-data: 0.12590760830789804
