times:
  edit-metadata: 0.5156559079186991
  landing: 0.04216640105005354
  view-data: 0.3382936039706692
