times:
  edit-metadata: 1.6021823193877935
  landing: 0.7742783017456532
  view-data: 3.4628971200436354
