times:
  edit-metadata: 1.9277030695229769
  landing: 1.2233913792297244
  view-data: 3.3743534898385406
