times:
  edit-metadata: 2.0373909566551447
  landing: 0.38745662197470665
  view-data: 0.3608208391815424
