times:
  edit-metadata: 1.4560152105987072
  landing: 0.1954859048128128
  view-data: 0.12231706827878952
