times:
  edit-metadata: 2.30823327973485
  landing: 1.0352423880249262
  view-data: 3.6125603765249252
