times:
  edit-metadata: 1.656765446998179
  landing: 0.7790037803351879
  view-data: 3.4076367067173123
