times:
  edit-metadata: 1.5364840421825647
  landing: 0.6805022992193699
  view-data: 3.3602562434971333
