times:
  edit-metadata: 1.4317233487963676
  landing: 0.2078904714435339
  view-data: 0.2890351228415966
