times:
  edit-metadata: 1.329127094708383
  landing: 0.20995145197957754
  view-data: 0.10113154351711273
