times:
  edit-metadata: 1.3564631333574653
  landing: 0.021390910260379314
  view-data: 0.0253687696531415
