times:
  edit-metadata: 0.5915143260499462
  landing: 0.04842697095591575
  view-data: 0.22181027592159808
