times:
  edit-metadata: 1.4017906254157424
  landing: 0.12708059791475534
  view-data: 0.02414855733513832
