times:
  edit-metadata: 3.326161239296198
  landing: 2.3148770295083523
  view-data: 3.964791890233755
