times:
  edit-metadata: 0.7193303517997265
  landing: 0.14520599506795406
  view-data: 0.21300975885242224
