times:
  edit-metadata: 1.493185680359602
  landing: 0.12185525521636009
  view-data: 0.09859303385019302
