times:
  edit-metadata: 1.46287202835083
  landing: 0.846589419990778
  view-data: 3.382511183619499
