times:
  edit-metadata: 0.6128288599429652
  landing: 0.04400304006412625
  view-data: 0.2165811350569129
