times:
  edit-metadata: 1.7126592546701431
  landing: 1.022364228963852
  view-data: 3.3502359241247177
