times:
  edit-metadata: 0.5060898130759597
  landing: 0.061174099799245596
  view-data: 0.2076335595920682
