times:
  edit-metadata: 0.5070029268972576
  landing: 0.0654376670718193
  view-data: 0.20879100891761482
