times:
  edit-metadata: 1.3974541760981083
  landing: 0.1576700648292899
  view-data: 0.4474471714347601
