times:
  edit-metadata: 1.4238792229443789
  landing: 0.22055058646947145
  view-data: 0.11870498489588499
