times:
  edit-metadata: 1.3959314841777086
  landing: 0.7503224220126867
  view-data: 3.3792577516287565
