times:
  edit-metadata: 1.71242031827569
  landing: 0.03742186352610588
  view-data: 0.5420479737222195
