times:
  edit-metadata: 1.541510995477438
  landing: 0.023755280300974846
  view-data: 0.14782430604100227
