times:
  edit-metadata: 1.537665694952011
  landing: 0.7421956621110439
  view-data: 3.3885009065270424
