times:
  edit-metadata: 1.4737823437899351
  landing: 0.7276894394308329
  view-data: 3.3920010793954134
