times:
  edit-metadata: 1.2913618749007583
  landing: 0.7498964546248317
  view-data: 3.300864774733782
