times:
  edit-metadata: 0.5027231951244175
  landing: 0.0803199321962893
  view-data: 0.21435415698215365
