times:
  edit-metadata: 0.5049665219848976
  landing: 0.06036086002131924
  view-data: 0.20585175399901345
