times:
  edit-metadata: 0.5897010024636984
  landing: 0.04539376776665449
  view-data: 0.2165844338014722
