times:
  edit-metadata: 1.293575793504715
  landing: 0.8435328938066959
  view-data: 3.3013668432831764
