times:
  edit-metadata: 1.5307342931628227
  landing: 0.7919742558151484
  view-data: 3.38898360542953
