times:
  edit-metadata: 0.5228151230257936
  landing: 0.06736803898820654
  view-data: 0.34713538602227345
