times:
  edit-metadata: 1.4477185774594545
  landing: 0.8536570426076651
  view-data: 3.289226396009326
