times:
  edit-metadata: 1.4977881889790297
  landing: 0.019860675558447838
  view-data: 0.027743453159928322
