times:
  edit-metadata: 1.4702862650156021
  landing: 0.2290864810347557
  view-data: 0.13050569593906403
