times:
  edit-metadata: 1.3979456573724747
  landing: 0.024391425773501396
  view-data: 0.024123115465044975
