times:
  edit-metadata: 1.4884657301008701
  landing: 0.7720264904201031
  view-data: 3.354084547609091
