times:
  edit-metadata: 1.3963997792452574
  landing: 0.16012435406446457
  view-data: 0.4162005539983511
