times:
  edit-metadata: 1.4723265562206507
  landing: 0.022333424538373947
  view-data: 0.10214615054428577
