times:
  edit-metadata: 1.3340613637119532
  landing: 0.7467815158888698
  view-data: 3.4770449912175536
