times:
  edit-metadata: 1.340852402150631
  landing: 0.8361191861331463
  view-data: 3.3262483589351177
