times:
  edit-metadata: 0.5298548340797424
  landing: 0.04829180403612554
  view-data: 0.21511397301219404
