times:
  edit-metadata: 1.7545241992920637
  landing: 0.8125825989991426
  view-data: 3.343460865318775
