times:
  edit-metadata: 0.5731765969831031
  landing: 0.06062314100563526
  view-data: 0.23595481799566187
