times:
  edit-metadata: 0.49691031500697136
  landing: 0.07222127501154318
  view-data: 0.216246276977472
