times:
  edit-metadata: 1.4603765670908615
  landing: 0.7315614029066637
  view-data: 3.3420761730521917
