times:
  edit-metadata: 1.981908529996872
  landing: 0.7757008373737335
  view-data: 3.404193624854088
