times:
  edit-metadata: 1.5327058099210262
  landing: 0.6663484908640385
  view-data: 3.3872532695531845
