times:
  edit-metadata: 1.4349293522536755
  landing: 0.13605579175055027
  view-data: 0.315232427790761
