times:
  edit-metadata: 1.5259301587939262
  landing: 0.6874676086008549
  view-data: 3.3668249882757664
