times:
  edit-metadata: 1.4081466770730913
  landing: 0.7130818150471896
  view-data: 3.314660032046959
