times:
  edit-metadata: 1.3865112671628594
  landing: 0.8295034412294626
  view-data: 0.49589654617011547
