times:
  edit-metadata: 1.514025416225195
  landing: 0.7011986393481493
  view-data: 3.392881650477648
