times:
  edit-metadata: 1.5781513825058937
  landing: 0.7668536324054003
  view-data: 3.3683859165757895
