times:
  edit-metadata: 1.4731556586921215
  landing: 0.8355909138917923
  view-data: 3.3390138521790504
