times:
  edit-metadata: 0.572539555025287
  landing: 0.06659158199909143
  view-data: 0.23729140698560514
