times:
  edit-metadata: 1.5341375768184662
  landing: 0.882150262594223
  view-data: 3.3157904352992773
