times:
  edit-metadata: 2.3544897549945745
  landing: 0.2731317139987368
  view-data: 0.4215893870059517
