times:
  edit-metadata: 0.6186732058413327
  landing: 0.15836736978963017
  view-data: 0.21537763578817248
