times:
  edit-metadata: 1.4075984060764313
  landing: 0.9841606356203556
  view-data: 3.3053711652755737
