times:
  edit-metadata: 1.3586989920586348
  landing: 1.529702397994697
  view-data: 3.2330525189172477
