times:
  edit-metadata: 1.6497650444507599
  landing: 1.0289603546261787
  view-data: 3.444790530949831
