times:
  edit-metadata: 1.3557194769382477
  landing: 0.11780667398124933
  view-data: 0.29017043951898813
