times:
  edit-metadata: 1.401260788552463
  landing: 0.02178836055099964
  view-data: 0.030023280531167984
