times:
  edit-metadata: 0.7877240809611976
  landing: 0.0421421080827713
  view-data: 0.42145012179389596
