times:
  edit-metadata: 1.4625424835830927
  landing: 0.18838655948638916
  view-data: 0.027166351675987244
