times:
  edit-metadata: 0.6897434349812102
  landing: 0.09663808401091956
  view-data: 0.21683896801550873
