times:
  edit-metadata: 1.3671412728726864
  landing: 0.02357607614248991
  view-data: 0.1254855003207922
