times:
  edit-metadata: 2.3548769913613796
  landing: 1.2781142853200436
  view-data: 3.491154480725527
