times:
  edit-metadata: 1.6425909800454974
  landing: 0.9394701439887285
  view-data: 3.541884975042194
