times:
  edit-metadata: 0.8128187423571944
  landing: 0.0630876561626792
  view-data: 0.20919846603646874
