times:
  edit-metadata: 1.407582137733698
  landing: 0.6636292394250631
  view-data: 3.292038667947054
