times:
  edit-metadata: 1.6481871623545885
  landing: 0.911008907482028
  view-data: 3.6231825426220894
