times:
  edit-metadata: 1.420847274363041
  landing: 0.7245796141214669
  view-data: 3.2398788640275598
