times:
  edit-metadata: 0.5889082610010519
  landing: 0.06785709099494852
  view-data: 0.21364114999596495
