times:
  edit-metadata: 1.4737273468635976
  landing: 0.7680337699130177
  view-data: 3.3221153588965535
