times:
  edit-metadata: 1.3691807631403208
  landing: 0.020564687438309193
  view-data: 0.028033671900629997
