times:
  edit-metadata: 0.4875847159419209
  landing: 0.0600875630043447
  view-data: 0.21642464213073254
