times:
  edit-metadata: 1.4013630077242851
  landing: 0.7257614731788635
  view-data: 3.2793756015598774
