times:
  edit-metadata: 1.5592456050217152
  landing: 4.7217240408062935
  view-data: 3.3490033075213432
