times:
  edit-metadata: 1.6660276893526316
  landing: 0.1596634965389967
  view-data: 0.24618740379810333
