times:
  edit-metadata: 1.4279720829799771
  landing: 0.8305162265896797
  view-data: 3.397866852581501
