times:
  edit-metadata: 1.5794193930923939
  landing: 0.8340275436639786
  view-data: 3.539184408262372
