times:
  edit-metadata: 1.4116246495395899
  landing: 0.019841072149574757
  view-data: 0.02407466620206833
