times:
  edit-metadata: 1.5127063822001219
  landing: 0.02024645358324051
  view-data: 0.02983513195067644
