times:
  edit-metadata: 1.4220878519117832
  landing: 0.8418325856328011
  view-data: 3.3532038778066635
