times:
  edit-metadata: 1.4449920421466231
  landing: 0.019520040601491928
  view-data: 0.026835734024643898
