times:
  edit-metadata: 1.358973384834826
  landing: 0.01911831647157669
  view-data: 0.02433735318481922
