times:
  edit-metadata: 1.6064755842089653
  landing: 1.1063492223620415
  view-data: 3.3773572705686092
