times:
  edit-metadata: 1.3973216600716114
  landing: 0.8611618131399155
  view-data: 3.378457944840193
