times:
  edit-metadata: 1.3859645426273346
  landing: 0.8019935749471188
  view-data: 3.3170921690762043
