times:
  edit-metadata: 0.5185798420570791
  landing: 0.07042367896065116
  view-data: 0.20852209767326713
