times:
  edit-metadata: 1.3444030601531267
  landing: 0.02103410381823778
  view-data: 0.025821806862950325
