times:
  edit-metadata: 1.6489106938242912
  landing: 0.8713317550718784
  view-data: 3.428763046860695
