times:
  edit-metadata: 1.8521649427711964
  landing: 1.265867654234171
  view-data: 3.3911895267665386
