times:
  edit-metadata: 1.4679192453622818
  landing: 0.7377753723412752
  view-data: 3.3020983692258596
