times:
  edit-metadata: 1.5393959563225508
  landing: 0.8010143935680389
  view-data: 3.4335761051625013
