times:
  edit-metadata: 1.6677841022610664
  landing: 0.7985316962003708
  view-data: 3.3733355458825827
