times:
  edit-metadata: 1.3963700123131275
  landing: 0.019437434151768684
  view-data: 0.1133451908826828
