times:
  edit-metadata: 1.5450952388346195
  landing: 0.7462454047054052
  view-data: 3.4037725031375885
