times:
  edit-metadata: 1.3591160420328379
  landing: 0.021862559020519257
  view-data: 0.12003932148218155
