times:
  edit-metadata: 1.3554448373615742
  landing: 0.8623470291495323
  view-data: 3.3421238623559475
