times:
  edit-metadata: 1.6676394799724221
  landing: 0.8212528331205249
  view-data: 3.3515066793188453
