times:
  edit-metadata: 0.5690886052325368
  landing: 0.06687331199645996
  view-data: 0.24537296779453754
