times:
  edit-metadata: 1.4084539120085537
  landing: 1.572065566200763
  view-data: 3.374982661101967
