times:
  edit-metadata: 0.5132610630244017
  landing: 0.06503233802504838
  view-data: 0.21314695803448558
