times:
  edit-metadata: 0.5064672000007704
  landing: 0.06506015791092068
  view-data: 0.21450193005148321
