times:
  edit-metadata: 0.7399354898370802
  landing: 0.05900611821562052
  view-data: 0.25495361909270287
