times:
  edit-metadata: 1.6103767827153206
  landing: 0.8459800388664007
  view-data: 3.360404448118061
