times:
  edit-metadata: 1.4771001560147852
  landing: 0.8255147959571332
  view-data: 3.3729016981087625
