times:
  edit-metadata: 2.8861010558903217
  landing: 0.05334143899381161
  view-data: 0.05467970855534077
