times:
  edit-metadata: 1.5196627713739872
  landing: 0.9002468399703503
  view-data: 3.4585069604218006
