times:
  edit-metadata: 1.3943167999386787
  landing: 0.019989218562841415
  view-data: 0.02554828580468893
