times:
  edit-metadata: 2.1059071482159197
  landing: 1.3800383396446705
  view-data: 3.4649147000163794
