times:
  edit-metadata: 1.7686143778264523
  landing: 1.046650649048388
  view-data: 3.4493017471395433
