times:
  edit-metadata: 0.6072936889831908
  landing: 0.05744273797608912
  view-data: 0.2243802709854208
