times:
  edit-metadata: 0.5728391489974456
  landing: 0.0757654249900952
  view-data: 0.22556890899431892
