times:
  edit-metadata: 1.3749031508341432
  landing: 0.021602210588753223
  view-data: 0.11760931834578514
