times:
  edit-metadata: 1.4707389902323484
  landing: 0.018093770369887352
  view-data: 0.3318118266761303
