times:
  edit-metadata: 1.5771903041750193
  landing: 0.02053983137011528
  view-data: 0.14333724044263363
