times:
  edit-metadata: 1.4888740554451942
  landing: 0.9714158680289984
  view-data: 3.379880592226982
