times:
  edit-metadata: 1.6331603713333607
  landing: 0.9995940960943699
  view-data: 3.659790024161339
