times:
  edit-metadata: 0.6075441292487085
  landing: 0.05371239595115185
  view-data: 0.22163585620000958
