times:
  edit-metadata: 0.8333570929244161
  landing: 0.10016090795397758
  view-data: 0.2138789789751172
