times:
  edit-metadata: 0.6088483529165387
  landing: 0.04754040762782097
  view-data: 0.21556691592559218
