times:
  edit-metadata: 0.5139900520443916
  landing: 0.07202900084666908
  view-data: 0.21398403006605804
