times:
  edit-metadata: 1.6756081283092499
  landing: 0.8410316742956638
  view-data: 3.4493257962167263
