times:
  edit-metadata: 1.5484908130019903
  landing: 0.018746898509562016
  view-data: 0.022105222567915916
