times:
  edit-metadata: 1.5132120344787836
  landing: 0.22599585726857185
  view-data: 0.02376888133585453
