times:
  edit-metadata: 1.5272558303549886
  landing: 0.9426429932937026
  view-data: 3.2936008498072624
