times:
  edit-metadata: 1.427368152886629
  landing: 0.8071115892380476
  view-data: 3.357226730324328
