times:
  edit-metadata: 1.5992047879844904
  landing: 0.8233260754495859
  view-data: 3.4177816342562437
