times:
  edit-metadata: 1.3280684957280755
  landing: 0.02070664055645466
  view-data: 0.02822384424507618
