times:
  edit-metadata: 0.5103814299218357
  landing: 0.06497233407571912
  view-data: 0.2204102547839284
