times:
  edit-metadata: 1.4789349779020995
  landing: 0.7687283658888191
  view-data: 3.298237625975162
