times:
  edit-metadata: 1.8203341159969568
  landing: 0.7433315142989159
  view-data: 3.4023586064577103
