times:
  edit-metadata: 1.5040282849222422
  landing: 0.7467563971877098
  view-data: 3.4139263723045588
