times:
  edit-metadata: 1.705658720806241
  landing: 0.2811565827578306
  view-data: 0.3384185079485178
