times:
  edit-metadata: 1.4299022573977709
  landing: 0.019361691549420357
  view-data: 0.2162886019796133
