times:
  edit-metadata: 0.5063232099637389
  landing: 0.06768108811229467
  view-data: 0.20993881695903838
