times:
  edit-metadata: 1.5120522435754538
  landing: 0.7364170122891665
  view-data: 3.3926919996738434
