times:
  edit-metadata: 1.457719711586833
  landing: 0.19588802196085453
  view-data: 0.1366077158600092
