times:
  edit-metadata: 1.395880631171167
  landing: 0.019181310199201107
  view-data: 0.4500452894717455
