times:
  edit-metadata: 1.590181902050972
  landing: 0.8040836527943611
  view-data: 3.3176362551748753
