times:
  edit-metadata: 1.3782816613093019
  landing: 0.2228920515626669
  view-data: 0.40298011898994446
