times:
  edit-metadata: 1.371482016518712
  landing: 0.02035040222108364
  view-data: 0.30871257558465004
