times:
  edit-metadata: 1.651979187503457
  landing: 0.15674625895917416
  view-data: 0.4689891505986452
