times:
  edit-metadata: 1.3760264664888382
  landing: 0.02236722782254219
  view-data: 0.3588276728987694
