times:
  edit-metadata: 1.3613189104944468
  landing: 0.12803771905601025
  view-data: 0.23147776257246733
