times:
  edit-metadata: 1.7090338272973895
  landing: 0.8980277683585882
  view-data: 3.368185877799988
