times:
  edit-metadata: 1.5241968668997288
  landing: 0.7682338953018188
  view-data: 3.4355390686541796
