times:
  edit-metadata: 0.482904494041577
  landing: 0.06941272201947868
  view-data: 0.21374361193738878
