times:
  edit-metadata: 1.3901759088039398
  landing: 0.024660279974341393
  view-data: 0.024993808940052986
