times:
  edit-metadata: 1.9346300605684519
  landing: 2.5243258755654097
  view-data: 3.3512235898524523
