times:
  edit-metadata: 0.5021903389133513
  landing: 0.06983891082927585
  view-data: 0.3432612749747932
