times:
  edit-metadata: 0.5234416299499571
  landing: 0.04977557295933366
  view-data: 0.22439967701211572
