times:
  edit-metadata: 1.38219821639359
  landing: 0.746520958840847
  view-data: 3.292919049039483
