times:
  edit-metadata: 2.6752220541238785
  landing: 1.302771408110857
  view-data: 1.194509357213974
