times:
  edit-metadata: 1.488979296758771
  landing: 0.11454997770488262
  view-data: 0.02655935101211071
