times:
  edit-metadata: 1.4517763759940863
  landing: 0.7412617634981871
  view-data: 3.472910908050835
