times:
  edit-metadata: 0.5562585579973529
  landing: 0.05066034899937222
  view-data: 0.21534217499720398
