times:
  edit-metadata: 0.5514838618692011
  landing: 0.06240558787249029
  view-data: 0.2159869798924774
