times:
  edit-metadata: 1.3949934802949429
  landing: 0.7066553421318531
  view-data: 3.2677739337086678
