times:
  edit-metadata: 1.5846189800649881
  landing: 0.7300162948668003
  view-data: 3.3880783412605524
