times:
  edit-metadata: 1.432745847851038
  landing: 0.7725608833134174
  view-data: 3.3230560086667538
