times:
  edit-metadata: 1.4220237992703915
  landing: 0.020385518670082092
  view-data: 0.027553215622901917
