times:
  edit-metadata: 1.4528578212484717
  landing: 0.8075924627482891
  view-data: 3.3349329410120845
