times:
  edit-metadata: 1.40492133051157
  landing: 0.732761237770319
  view-data: 3.3677330650389194
