times:
  edit-metadata: 1.363391730003059
  landing: 0.805976833216846
  view-data: 3.385306131094694
