times:
  edit-metadata: 2.000096144154668
  landing: 1.001812644302845
  view-data: 3.5596997551620007
