times:
  edit-metadata: 1.3705394184216857
  landing: 0.02279344666749239
  view-data: 0.4041962120682001
