times:
  edit-metadata: 1.466654134914279
  landing: 0.139581847935915
  view-data: 0.33250997215509415
