times:
  edit-metadata: 1.8984157126396894
  landing: 0.22890104539692402
  view-data: 0.3665905185043812
