times:
  edit-metadata: 1.9060195973142982
  landing: 0.3785445196554065
  view-data: 0.4170851372182369
