times:
  edit-metadata: 1.516637198626995
  landing: 0.8971390016376972
  view-data: 3.374964017421007
