times:
  edit-metadata: 0.6718394469935447
  landing: 0.08930994098773226
  view-data: 0.2836433770135045
