times:
  edit-metadata: 2.0901717878878117
  landing: 0.8537936378270388
  view-data: 3.4044016785919666
