times:
  edit-metadata: 1.45465137809515
  landing: 0.8018842786550522
  view-data: 3.409473665058613
