times:
  edit-metadata: 1.4819148369133472
  landing: 0.8489189334213734
  view-data: 3.377092780545354
