times:
  edit-metadata: 0.6095997141674161
  landing: 0.06935042375698686
  view-data: 0.22574767237529159
