times:
  edit-metadata: 1.4691795906983316
  landing: 0.8517754399217665
  view-data: 6.145542709156871
