times:
  edit-metadata: 1.390518631786108
  landing: 0.11982865259051323
  view-data: 0.02708669938147068
