times:
  edit-metadata: 1.3721777480095625
  landing: 0.024001619778573513
  view-data: 0.23534023389220238
