times:
  edit-metadata: 1.3813099032267928
  landing: 0.021809110417962074
  view-data: 0.11319759022444487
