times:
  edit-metadata: 1.3705222345888615
  landing: 0.2034539831802249
  view-data: 0.11627237126231194
