times:
  edit-metadata: 1.3532226111274213
  landing: 0.7164305720943958
  view-data: 3.2970352361444384
