times:
  edit-metadata: 0.49368851399049163
  landing: 0.07243770197965205
  view-data: 0.21796359197469428
