times:
  edit-metadata: 1.2291236547753215
  landing: 0.7696357546374202
  view-data: 3.297349632717669
