times:
  edit-metadata: 1.7939358167350292
  landing: 0.8933790493756533
  view-data: 3.476748079061508
