times:
  edit-metadata: 1.7348878849297762
  landing: 0.02495204471051693
  view-data: 0.059441497549414635
