times:
  edit-metadata: 1.9435802437365055
  landing: 0.9596696831285954
  view-data: 3.3826100789010525
