times:
  edit-metadata: 1.370654970407486
  landing: 0.89174784719944
  view-data: 3.268599648028612
