times:
  edit-metadata: 1.5880427714437246
  landing: 0.8293342757970095
  view-data: 3.3985049184411764
