times:
  edit-metadata: 1.3614677283912897
  landing: 0.021353106014430523
  view-data: 0.02593843638896942
