times:
  edit-metadata: 1.4282235279679298
  landing: 0.12173755653202534
  view-data: 0.02609055582433939
