times:
  edit-metadata: 0.5852036741562188
  landing: 0.04667438194155693
  view-data: 0.2241924237459898
