times:
  edit-metadata: 1.412870153784752
  landing: 0.019458982162177563
  view-data: 0.03034935798496008
