times:
  edit-metadata: 0.6308236720215064
  landing: 0.052020274015376344
  view-data: 0.21641891400213353
