times:
  edit-metadata: 2.280418373644352
  landing: 1.23194289393723
  view-data: 3.8789930641651154
