times:
  edit-metadata: 1.7454720251262188
  landing: 0.8545091431587934
  view-data: 3.3389790384098887
