times:
  edit-metadata: 1.4031840674579144
  landing: 0.80242083594203
  view-data: 3.760945089161396
