times:
  edit-metadata: 0.5897934490349144
  landing: 0.07934491313062608
  view-data: 0.25475349207408726
