times:
  edit-metadata: 1.3891749028116465
  landing: 0.020495676435530186
  view-data: 0.02704128809273243
