times:
  edit-metadata: 1.328174544032663
  landing: 0.6965728190261871
  view-data: 3.327292696805671
