times:
  edit-metadata: 1.4801104981452227
  landing: 0.021024122834205627
  view-data: 0.2518468778580427
