times:
  edit-metadata: 1.7135920859873295
  landing: 1.0036939643323421
  view-data: 3.41447289660573
