times:
  edit-metadata: 1.3709123134613037
  landing: 0.13620051182806492
  view-data: 0.11958618462085724
