times:
  edit-metadata: 1.4391007404774427
  landing: 0.02060343325138092
  view-data: 0.02381523884832859
