times:
  edit-metadata: 1.3839765093289316
  landing: 0.6783712850883603
  view-data: 3.333164186216891
