times:
  edit-metadata: 1.3897687420248985
  landing: 0.7041169560980052
  view-data: 3.2823882350930944
