times:
  edit-metadata: 1.3577117621898651
  landing: 0.8368655443191528
  view-data: 3.607912465929985
