times:
  edit-metadata: 0.7092429953627288
  landing: 0.04965834692120552
  view-data: 0.2991691483184695
