times:
  edit-metadata: 2.0083965769736096
  landing: 0.02108235302148387
  view-data: 0.5681146779679693
