times:
  edit-metadata: 1.7948893122375011
  landing: 0.9136585593223572
  view-data: 3.385742373764515
