times:
  edit-metadata: 1.4826604444533587
  landing: 0.2343087112531066
  view-data: 0.1977723864838481
