times:
  edit-metadata: 1.4931398332118988
  landing: 0.12523861695080996
  view-data: 0.13666049111634493
