times:
  edit-metadata: 0.5006048589712009
  landing: 0.06645625300006941
  view-data: 0.20871963299578056
