times:
  edit-metadata: 1.3618370369076729
  landing: 0.8347375616431236
  view-data: 3.295202996581793
