times:
  edit-metadata: 1.7861629948019981
  landing: 0.17391829006373882
  view-data: 0.03762205131351948
