times:
  edit-metadata: 1.3940498623996973
  landing: 0.020214851014316082
  view-data: 0.02618393674492836
