times:
  edit-metadata: 0.5837229890748858
  landing: 0.052479363046586514
  view-data: 0.21822766214609146
