times:
  edit-metadata: 1.9031575359404087
  landing: 0.1854851907119155
  view-data: 0.5281157838180661
