times:
  edit-metadata: 1.427537698065862
  landing: 0.8194094409700483
  view-data: 3.3439787899842486
