times:
  edit-metadata: 1.3482180275022984
  landing: 0.7540129572153091
  view-data: 3.2953354083001614
