times:
  edit-metadata: 1.5973884109407663
  landing: 0.7753313668072224
  view-data: 3.362176299095154
