times:
  edit-metadata: 1.371556431055069
  landing: 0.9209267944097519
  view-data: 3.314442977309227
