times:
  edit-metadata: 1.6136841513216496
  landing: 0.8056641444563866
  view-data: 3.392994523048401
