times:
  edit-metadata: 0.5901881419995334
  landing: 0.056477754000297864
  view-data: 0.22353035700052715
