times:
  edit-metadata: 0.5624211928807199
  landing: 0.042860809015110135
  view-data: 0.21937471092678607
