times:
  edit-metadata: 1.3683885959908366
  landing: 0.022574564442038536
  view-data: 0.025910858064889908
