times:
  edit-metadata: 1.419777593575418
  landing: 0.023005948401987553
  view-data: 0.42946135718375444
