times:
  edit-metadata: 1.8340998329222202
  landing: 0.02177184447646141
  view-data: 0.1727149412035942
