times:
  edit-metadata: 1.5334420390427113
  landing: 0.838662451133132
  view-data: 3.388197412714362
