times:
  edit-metadata: 0.5045591020025313
  landing: 0.06295400904491544
  view-data: 0.22206403012387455
