times:
  edit-metadata: 1.8755352161824703
  landing: 1.20227512717247
  view-data: 0.5811866670846939
