times:
  edit-metadata: 1.347185479477048
  landing: 0.02306909766048193
  view-data: 0.43114003259688616
