times:
  edit-metadata: 1.788826521486044
  landing: 0.26478240825235844
  view-data: 0.3593345135450363
