times:
  edit-metadata: 1.331943143159151
  landing: 0.020156122744083405
  view-data: 0.027165179140865803
