times:
  edit-metadata: 1.497148510068655
  landing: 0.7566724866628647
  view-data: 3.4356596879661083
