times:
  edit-metadata: 1.4841121565550566
  landing: 0.22035230323672295
  view-data: 0.023857122287154198
