times:
  edit-metadata: 1.490682877600193
  landing: 0.8679620698094368
  view-data: 3.448539786040783
