times:
  edit-metadata: 1.3392411693930626
  landing: 0.7358397357165813
  view-data: 3.2895844280719757
