times:
  edit-metadata: 1.4806929975748062
  landing: 0.21289811376482248
  view-data: 0.3909539161249995
