times:
  edit-metadata: 1.5365179693326354
  landing: 0.7423829808831215
  view-data: 3.373076125048101
