times:
  edit-metadata: 1.4600097704678774
  landing: 0.791858609765768
  view-data: 3.6241286396980286
