times:
  edit-metadata: 1.5187275558710098
  landing: 0.1343212053179741
  view-data: 0.31789660081267357
