times:
  edit-metadata: 1.5668965987861156
  landing: 0.7844543009996414
  view-data: 3.4000886268913746
