times:
  edit-metadata: 1.4271999411284924
  landing: 0.23882032930850983
  view-data: 0.1046389602124691
