times:
  edit-metadata: 1.3269718708470464
  landing: 0.02073521725833416
  view-data: 0.12492503225803375
