times:
  edit-metadata: 2.671377532184124
  landing: 0.5234315525740385
  view-data: 0.6221384005621076
