times:
  edit-metadata: 1.4005605224519968
  landing: 0.09747978299856186
  view-data: 0.13979965262115002
