times:
  edit-metadata: 2.0746677769348025
  landing: 0.9814687287434936
  view-data: 3.427187774796039
