times:
  edit-metadata: 0.49966025399044156
  landing: 0.08196719503030181
  view-data: 0.22615174995735288
