times:
  edit-metadata: 0.8408027393743396
  landing: 0.08572142804041505
  view-data: 0.2072696010582149
