times:
  edit-metadata: 2.1042771600186825
  landing: 1.0543912127614021
  view-data: 3.4946681037545204
