times:
  edit-metadata: 1.8014815393835306
  landing: 0.15818394720554352
  view-data: 0.38961911760270596
