times:
  edit-metadata: 1.6327420510351658
  landing: 0.9307067655026913
  view-data: 3.5872994735836983
