times:
  edit-metadata: 1.6159912110306323
  landing: 0.7468769720289856
  view-data: 3.374058669898659
