times:
  edit-metadata: 2.0129798632115126
  landing: 0.21421139687299728
  view-data: 0.3953022360801697
