times:
  edit-metadata: 1.6747884154319763
  landing: 1.0146227907389402
  view-data: 3.4575980696827173
