times:
  edit-metadata: 0.5580365699715912
  landing: 0.059030815958976746
  view-data: 0.20512119494378567
