times:
  edit-metadata: 1.4297804608941078
  landing: 0.021652702242136
  view-data: 0.02677026018500328
