times:
  edit-metadata: 0.491273712948896
  landing: 0.062269208021461964
  view-data: 0.2195039530051872
