times:
  edit-metadata: 1.3724035257473588
  landing: 0.12443701550364494
  view-data: 0.025642712600529194
