times:
  edit-metadata: 1.5316630974411964
  landing: 0.7808378785848618
  view-data: 3.4495710730552673
