times:
  edit-metadata: 0.48020295600872487
  landing: 0.07351076905615628
  view-data: 0.20915819599758834
