times:
  edit-metadata: 1.5997848957777023
  landing: 0.9690082706511021
  view-data: 3.3511459417641163
