times:
  edit-metadata: 1.8230337239801884
  landing: 1.0415018610656261
  view-data: 3.4667186737060547
