times:
  edit-metadata: 0.5325064328499138
  landing: 0.04807129711844027
  view-data: 0.20928405690938234
