times:
  edit-metadata: 1.3786621103063226
  landing: 0.024956289678812027
  view-data: 0.02692044898867607
