times:
  edit-metadata: 1.9680901449173689
  landing: 1.1554968990385532
  view-data: 3.650530217215419
