times:
  edit-metadata: 1.3511777631938457
  landing: 0.11536980699747801
  view-data: 0.11955232918262482
