times:
  edit-metadata: 0.6101181019912474
  landing: 0.040657492994796485
  view-data: 0.21151811799791176
