times:
  edit-metadata: 2.0496890880167484
  landing: 0.9935010522603989
  view-data: 3.41804401576519
