times:
  edit-metadata: 1.4310291232541203
  landing: 0.7608322650194168
  view-data: 3.3416014378890395
