times:
  edit-metadata: 0.5178277601953596
  landing: 0.05063759512268007
  view-data: 0.21195398783311248
