times:
  edit-metadata: 1.5582477431744337
  landing: 0.8336246646940708
  view-data: 3.451289150863886
