times:
  edit-metadata: 1.3449395261704922
  landing: 0.022023893892765045
  view-data: 0.10007449891418219
