times:
  edit-metadata: 1.4711539410054684
  landing: 3.7206405512988567
  view-data: 3.3033348247408867
