times:
  edit-metadata: 0.48880079481750727
  landing: 0.07223511533811688
  view-data: 0.20796053111553192
