times:
  edit-metadata: 0.5803783698938787
  landing: 0.06525408802554011
  view-data: 0.21666339319199324
