times:
  edit-metadata: 1.4316145069897175
  landing: 0.019838349893689156
  view-data: 0.32517456635832787
