times:
  edit-metadata: 0.5883399220183492
  landing: 0.08109610807150602
  view-data: 0.21413471922278404
