times:
  edit-metadata: 0.5040247288998216
  landing: 0.057474247994832695
  view-data: 0.20821981597691774
