times:
  edit-metadata: 0.5167332629207522
  landing: 0.0663865189999342
  view-data: 0.21377911395393312
