times:
  edit-metadata: 0.5756924470042577
  landing: 0.06963247900421266
  view-data: 0.2312952289939858
