times:
  edit-metadata: 1.52194713242352
  landing: 0.7928328774869442
  view-data: 3.372320821508765
