times:
  edit-metadata: 1.3490066155791283
  landing: 0.023203695192933083
  view-data: 0.027697106823325157
