times:
  edit-metadata: 1.5124169569462538
  landing: 0.6819271426647902
  view-data: 3.3728471472859383
