times:
  edit-metadata: 1.6764356698840857
  landing: 0.13260482251644135
  view-data: 0.3525744900107384
