times:
  edit-metadata: 1.453981263563037
  landing: 0.14494827948510647
  view-data: 0.1504449099302292
