times:
  edit-metadata: 1.7933976650238037
  landing: 0.022825616411864758
  view-data: 0.024408577010035515
