times:
  edit-metadata: 1.3679686319082975
  landing: 0.021888015791773796
  view-data: 0.025604231283068657
