times:
  edit-metadata: 1.5503392787650228
  landing: 0.9705865192227066
  view-data: 3.496326883789152
