times:
  edit-metadata: 0.5077562080696225
  landing: 0.061643221182748675
  view-data: 0.2130609869491309
