times:
  edit-metadata: 1.6841322723776102
  landing: 0.8963426984846592
  view-data: 3.360702857375145
