times:
  edit-metadata: 1.4744744021445513
  landing: 0.8396818526089191
  view-data: 3.3680641558021307
