times:
  edit-metadata: 1.7510375920683146
  landing: 0.11481007933616638
  view-data: 0.38797827437520027
