times:
  edit-metadata: 1.4289274010807276
  landing: 0.022355016320943832
  view-data: 0.3658135700970888
