times:
  edit-metadata: 2.8485739026218653
  landing: 1.5821578707545996
  view-data: 4.016494253650308
