times:
  edit-metadata: 1.3578833360224962
  landing: 0.01984322816133499
  view-data: 0.02317846566438675
