times:
  edit-metadata: 1.426845321431756
  landing: 0.01932305470108986
  view-data: 0.02528214454650879
