times:
  edit-metadata: 0.49849636596627533
  landing: 0.07277150196023285
  view-data: 0.347045686095953
