times:
  edit-metadata: 0.5681540099903941
  landing: 0.12628398090600967
  view-data: 0.2367597771808505
