times:
  edit-metadata: 1.3573635844513774
  landing: 0.021976335905492306
  view-data: 0.02540344651788473
