times:
  edit-metadata: 1.4195563346147537
  landing: 0.16708849929273129
  view-data: 0.023020029067993164
