times:
  edit-metadata: 1.3384271180257201
  landing: 0.020762008614838123
  view-data: 0.027881953865289688
