times:
  edit-metadata: 1.4629259407520294
  landing: 0.02012745290994644
  view-data: 0.3238449990749359
