times:
  edit-metadata: 0.8605752433650196
  landing: 0.06534172128885984
  view-data: 0.22408642387017608
