times:
  edit-metadata: 1.2856921013444662
  landing: 0.7412232160568237
  view-data: 3.2644420694559813
