times:
  edit-metadata: 1.315951481461525
  landing: 0.021140601485967636
  view-data: 0.025946728885173798
