times:
  edit-metadata: 0.5138358149997657
  landing: 0.06208731100196019
  view-data: 0.2121874340082286
