times:
  edit-metadata: 1.4246419994160533
  landing: 0.022237545810639858
  view-data: 0.126218200661242
