times:
  edit-metadata: 1.3450343376025558
  landing: 0.20842450484633446
  view-data: 0.026661261916160583
