times:
  edit-metadata: 1.3547673849388957
  landing: 0.23614153545349836
  view-data: 0.12522955797612667
