times:
  edit-metadata: 0.5265154633671045
  landing: 0.05967745976522565
  view-data: 0.2162774889729917
