times:
  edit-metadata: 1.9787220433354378
  landing: 0.8351028636097908
  view-data: 3.3903267309069633
