times:
  edit-metadata: 1.5152694545686245
  landing: 0.7226865123957396
  view-data: 3.3800008930265903
