times:
  edit-metadata: 1.503417143598199
  landing: 0.21420005150139332
  view-data: 0.3073536269366741
