times:
  edit-metadata: 1.438441088423133
  landing: 0.20971971563994884
  view-data: 0.28524154983460903
