times:
  edit-metadata: 1.51459925994277
  landing: 0.8204340282827616
  view-data: 3.380995348095894
