times:
  edit-metadata: 0.5002321309875697
  landing: 0.05547705595381558
  view-data: 0.20670720399357378
