times:
  edit-metadata: 0.49948260094970465
  landing: 0.07016625499818474
  view-data: 0.2097930139862001
