times:
  edit-metadata: 1.5321172300027683
  landing: 0.8675260059535503
  view-data: 3.324621043051593
