times:
  edit-metadata: 1.4260440990328789
  landing: 0.769382867962122
  view-data: 3.3870729617774487
