times:
  edit-metadata: 1.5567596089094877
  landing: 0.7749828062951565
  view-data: 3.3960354439914227
