times:
  edit-metadata: 2.2312079071998596
  landing: 1.3642134740948677
  view-data: 3.4125847555696964
