times:
  edit-metadata: 1.4143202686682343
  landing: 0.02207042369991541
  view-data: 0.025653387419879436
