times:
  edit-metadata: 1.5050212778151035
  landing: 0.8171423003077507
  view-data: 3.311273328959942
