times:
  edit-metadata: 1.429993512108922
  landing: 0.7920595426112413
  view-data: 3.367206239141524
