times:
  edit-metadata: 0.5079242680221796
  landing: 0.07494000601582229
  view-data: 0.21789167099632323
