times:
  edit-metadata: 3.370140790939331
  landing: 1.648145753890276
  view-data: 4.131338391453028
