times:
  edit-metadata: 0.6212253929697908
  landing: 0.04775292403064668
  view-data: 0.23200031404849142
