times:
  edit-metadata: 1.5312609355896711
  landing: 0.7824986837804317
  view-data: 3.4199676159769297
