times:
  edit-metadata: 1.3443398401141167
  landing: 0.022153093479573727
  view-data: 0.11997037380933762
