times:
  edit-metadata: 2.4993161596357822
  landing: 0.03561429679393768
  view-data: 0.055301763117313385
