times:
  edit-metadata: 1.3647532442118973
  landing: 0.6543684431817383
  view-data: 3.23874000296928
