times:
  edit-metadata: 1.4938334710896015
  landing: 0.7052421923726797
  view-data: 3.359341898933053
