times:
  edit-metadata: 1.464765876531601
  landing: 0.8688825145363808
  view-data: 3.414681524038315
