times:
  edit-metadata: 1.5287701589986682
  landing: 0.810362188029103
  view-data: 3.4225997360190377
