times:
  edit-metadata: 1.3624569959938526
  landing: 0.7064222656190395
  view-data: 3.355214601382613
