times:
  edit-metadata: 0.5060653249965981
  landing: 0.0617725090123713
  view-data: 0.20722373691387475
