times:
  edit-metadata: 1.497355429455638
  landing: 0.16490449756383896
  view-data: 0.2350863954052329
