times:
  edit-metadata: 0.5172004809137434
  landing: 0.06067995214834809
  view-data: 0.2101636938750744
