times:
  edit-metadata: 1.4304548297077417
  landing: 0.13582330849021673
  view-data: 0.024486557580530643
