times:
  edit-metadata: 0.8758123360166792
  landing: 0.09329763302230276
  view-data: 0.26294814399443567
