times:
  edit-metadata: 1.4587450847029686
  landing: 0.8374794013798237
  view-data: 3.3528538262471557
