times:
  edit-metadata: 1.546081442385912
  landing: 0.8601624965667725
  view-data: 3.3713669776916504
