times:
  edit-metadata: 1.4964657127857208
  landing: 0.13791814260184765
  view-data: 0.023127513006329536
