times:
  edit-metadata: 1.4041397420223802
  landing: 0.827332564862445
  view-data: 3.3873813638929278
