times:
  edit-metadata: 1.4046583473682404
  landing: 0.8225616365671158
  view-data: 3.3857233747839928
