times:
  edit-metadata: 1.4329835660755634
  landing: 0.021331733092665672
  view-data: 0.125857918523252
