times:
  edit-metadata: 1.690709326416254
  landing: 6.609942201524973
  view-data: 3.7746896892786026
