times:
  edit-metadata: 1.4221309833228588
  landing: 0.7768039405345917
  view-data: 3.296246375888586
