times:
  edit-metadata: 0.5856104409322143
  landing: 0.12219220632687211
  view-data: 0.2457979992032051
