times:
  edit-metadata: 1.314897010102868
  landing: 0.021401538513600826
  view-data: 0.02434013970196247
