times:
  edit-metadata: 1.3826505988836288
  landing: 0.8780732117593288
  view-data: 3.491802617907524
