times:
  edit-metadata: 1.6156279239803553
  landing: 0.24285610020160675
  view-data: 0.487228412181139
