times:
  edit-metadata: 0.6014683620014694
  landing: 0.05460627499996917
  view-data: 0.21449129800021183
