times:
  edit-metadata: 1.3997895158827305
  landing: 0.12002195604145527
  view-data: 0.02707505412399769
