times:
  edit-metadata: 1.4266866222023964
  landing: 0.023662162944674492
  view-data: 0.027502357959747314
