times:
  edit-metadata: 1.8604421708732843
  landing: 0.7805042639374733
  view-data: 3.599355975165963
