times:
  edit-metadata: 0.4963385000010021
  landing: 0.0632117330096662
  view-data: 0.21478760699392296
