times:
  edit-metadata: 1.5000359890982509
  landing: 0.9079330563545227
  view-data: 3.422868595458567
