times:
  edit-metadata: 1.3978626485913992
  landing: 0.020228946581482887
  view-data: 0.45828417129814625
