times:
  edit-metadata: 2.8155315537005663
  landing: 1.1122643426060677
  view-data: 3.6165969502180815
