times:
  edit-metadata: 1.385556984692812
  landing: 0.8567050620913506
  view-data: 3.2670540250837803
