times:
  edit-metadata: 1.5594696532934904
  landing: 0.7300980612635612
  view-data: 3.3510617818683386
