times:
  edit-metadata: 1.422951783053577
  landing: 0.18090172484517097
  view-data: 0.12129111401736736
