times:
  edit-metadata: 1.366164481267333
  landing: 0.7351281018927693
  view-data: 3.3465184792876244
