times:
  edit-metadata: 1.3307977900840342
  landing: 0.780647078063339
  view-data: 3.4640683932229877
