times:
  edit-metadata: 1.6804418275132775
  landing: 0.8634238997474313
  view-data: 3.635043991729617
