times:
  edit-metadata: 0.503860816010274
  landing: 0.06148078094702214
  view-data: 0.20942234504036605
