times:
  edit-metadata: 1.5242833234369755
  landing: 0.8678451701998711
  view-data: 3.3653714284300804
