times:
  edit-metadata: 1.8985870126634836
  landing: 0.8886456675827503
  view-data: 3.3972957115620375
