times:
  edit-metadata: 1.3597958637401462
  landing: 0.022359266877174377
  view-data: 0.02563425898551941
