times:
  edit-metadata: 0.5294694330077618
  landing: 0.04876113613136113
  view-data: 0.21361224190331995
