times:
  edit-metadata: 1.4467091001570225
  landing: 0.9265675693750381
  view-data: 3.656597141176462
