times:
  edit-metadata: 1.494100421667099
  landing: 0.7314381189644337
  view-data: 3.3591531794518232
