times:
  edit-metadata: 0.4947045019362122
  landing: 0.06504193390719593
  view-data: 0.217715160921216
