times:
  edit-metadata: 1.4994302690029144
  landing: 0.7000026255846024
  view-data: 3.3569348081946373
