times:
  edit-metadata: 1.3803247110918164
  landing: 0.019332055002450943
  view-data: 0.025963041931390762
