times:
  edit-metadata: 0.5311834050808102
  landing: 0.04678352293558419
  view-data: 0.21616973797790706
