times:
  edit-metadata: 1.491364099085331
  landing: 0.8660564757883549
  view-data: 3.333351418375969
