times:
  edit-metadata: 1.6867307219654322
  landing: 0.8476431742310524
  view-data: 3.4073023572564125
