times:
  edit-metadata: 1.3457733606919646
  landing: 0.023609005846083164
  view-data: 0.023638074286282063
