times:
  edit-metadata: 1.5416894778609276
  landing: 0.8374118283390999
  view-data: 3.6687211506068707
