times:
  edit-metadata: 1.5051864385604858
  landing: 0.9432727731764317
  view-data: 3.403441544622183
