times:
  edit-metadata: 1.5066032987087965
  landing: 0.02063915506005287
  view-data: 0.3570930864661932
