times:
  edit-metadata: 1.3729020562022924
  landing: 0.770828178152442
  view-data: 3.4375854823738337
