times:
  edit-metadata: 1.4419536106288433
  landing: 0.11960611864924431
  view-data: 0.02527705207467079
