times:
  edit-metadata: 1.413878577761352
  landing: 0.848247786052525
  view-data: 3.312881605233997
