times:
  edit-metadata: 1.5101206861436367
  landing: 0.780252255499363
  view-data: 3.425285506993532
