times:
  edit-metadata: 1.4688923247158527
  landing: 0.8982278928160667
  view-data: 3.378285489976406
