times:
  edit-metadata: 1.6924543362110853
  landing: 0.9445216190069914
  view-data: 3.333748111501336
