times:
  edit-metadata: 1.8944926038384438
  landing: 1.2131598331034184
  view-data: 3.375585198402405
