times:
  edit-metadata: 1.3904610481113195
  landing: 0.023122373037040234
  view-data: 0.12261603586375713
