times:
  edit-metadata: 1.3871897403150797
  landing: 0.02255038544535637
  view-data: 0.11849790997803211
