times:
  edit-metadata: 1.8960276525467634
  landing: 0.3268511611968279
  view-data: 0.3542677089571953
