times:
  edit-metadata: 0.522723170928657
  landing: 0.05097980471327901
  view-data: 0.350351186003536
