times:
  edit-metadata: 2.1934161633253098
  landing: 1.1757152192294598
  view-data: 3.519430674612522
