times:
  edit-metadata: 1.5275592356920242
  landing: 0.9574979282915592
  view-data: 3.3717320635914803
