times:
  edit-metadata: 1.6635799459181726
  landing: 0.8819841677322984
  view-data: 3.4270824450068176
