times:
  edit-metadata: 0.5879460339783691
  landing: 0.06738888594554737
  view-data: 0.23180067201610655
