times:
  edit-metadata: 1.8099981844425201
  landing: 0.24154175631701946
  view-data: 0.16170250065624714
