times:
  edit-metadata: 1.4072566032409668
  landing: 0.7310265293344855
  view-data: 3.452692838385701
