times:
  edit-metadata: 1.3864214718341827
  landing: 0.14323099702596664
  view-data: 0.02553648315370083
