times:
  edit-metadata: 1.380238170735538
  landing: 0.025607943534851074
  view-data: 0.6953482441604137
