times:
  edit-metadata: 1.3366651916876435
  landing: 0.8030412113294005
  view-data: 3.3872987115755677
