times:
  edit-metadata: 1.736052868887782
  landing: 0.024107628501951694
  view-data: 0.38162602856755257
