times:
  edit-metadata: 1.3464085850864649
  landing: 0.02217424288392067
  view-data: 0.026203323155641556
