times:
  edit-metadata: 1.5017777476459742
  landing: 0.8113110568374395
  view-data: 3.3869132418185472
