times:
  edit-metadata: 1.3217377548571676
  landing: 0.8115567960776389
  view-data: 3.37622001580894
