times:
  edit-metadata: 1.6242182925343513
  landing: 0.7923663910478354
  view-data: 3.3850011005997658
