times:
  edit-metadata: 1.3983714412897825
  landing: 0.1291814586147666
  view-data: 0.02426095213741064
