times:
  edit-metadata: 1.5342519730329514
  landing: 0.7180018424987793
  view-data: 3.3884922936558723
