times:
  edit-metadata: 1.3522621365264058
  landing: 0.023316903971135616
  view-data: 0.44339568447321653
