times:
  edit-metadata: 1.4351442200131714
  landing: 0.7960635502822697
  view-data: 3.408187306020409
