times:
  edit-metadata: 1.6140669398009777
  landing: 0.7846643179655075
  view-data: 3.3762132711708546
