times:
  edit-metadata: 1.5251864399760962
  landing: 0.7651165593415499
  view-data: 3.4319236762821674
