times:
  edit-metadata: 1.6666216757148504
  landing: 0.9839799031615257
  view-data: 3.5962245743721724
