times:
  edit-metadata: 1.5262780524790287
  landing: 0.1192996958270669
  view-data: 0.1492417212575674
