times:
  edit-metadata: 1.5673487540334463
  landing: 0.02195839397609234
  view-data: 0.14071418344974518
