times:
  edit-metadata: 0.5270267550076824
  landing: 0.05831323401071131
  view-data: 0.34699413800262846
