times:
  edit-metadata: 1.4154045656323433
  landing: 0.9701445959508419
  view-data: 3.356685433536768
