times:
  edit-metadata: 1.5560740549117327
  landing: 0.1204020893201232
  view-data: 0.39149143919348717
