times:
  edit-metadata: 0.5067924950271845
  landing: 0.06349371187388897
  view-data: 0.21376330312341452
