times:
  edit-metadata: 0.536235332954675
  landing: 0.05488260509446263
  view-data: 0.20804876694455743
