times:
  edit-metadata: 1.7772296350449324
  landing: 0.1092298598960042
  view-data: 0.030366089195013046
