times:
  edit-metadata: 1.8331543691456318
  landing: 1.325525769032538
  view-data: 3.474770183674991
