times:
  edit-metadata: 0.5846963960211724
  landing: 0.07862059597391635
  view-data: 0.21982806595042348
