times:
  edit-metadata: 2.0715214144438505
  landing: 1.0757323671132326
  view-data: 3.5799224991351366
