times:
  edit-metadata: 1.4512144327163696
  landing: 0.13766339793801308
  view-data: 0.022584039717912674
