times:
  edit-metadata: 1.4821368232369423
  landing: 0.12439684011042118
  view-data: 0.0269619170576334
