times:
  edit-metadata: 1.5241730846464634
  landing: 0.3111568298190832
  view-data: 0.3750748485326767
