times:
  edit-metadata: 1.5265745352953672
  landing: 0.8152916058897972
  view-data: 3.4104389511048794
