times:
  edit-metadata: 1.7432747595012188
  landing: 0.782031886279583
  view-data: 3.3108631037175655
