times:
  edit-metadata: 0.5976481069810688
  landing: 0.06737343699205667
  view-data: 0.353624458075501
