times:
  edit-metadata: 1.4242146238684654
  landing: 0.1768338941037655
  view-data: 0.4473001388832927
