times:
  edit-metadata: 1.8179120160639286
  landing: 1.09157935064286
  view-data: 3.681540626101196
