times:
  edit-metadata: 1.436306443065405
  landing: 0.8092320379801095
  view-data: 3.3468131120316684
