times:
  edit-metadata: 0.5750906870234758
  landing: 0.07326674903742969
  view-data: 0.21980158903170377
