times:
  edit-metadata: 1.4458464346826077
  landing: 0.9176922217011452
  view-data: 3.3450553603470325
