times:
  edit-metadata: 1.452052823267877
  landing: 0.7804310014471412
  view-data: 3.512023494578898
