times:
  edit-metadata: 1.3325102739036083
  landing: 0.020824586041271687
  view-data: 0.12213954422622919
