times:
  edit-metadata: 1.3440869869664311
  landing: 0.02002882305532694
  view-data: 0.10423799231648445
