times:
  edit-metadata: 1.5730104371905327
  landing: 0.02312949113547802
  view-data: 0.02894231677055359
