times:
  edit-metadata: 1.3832899704575539
  landing: 0.7562746684998274
  view-data: 3.2586867241188884
