times:
  edit-metadata: 1.353195695206523
  landing: 0.020093086175620556
  view-data: 0.12139573507010937
