times:
  edit-metadata: 0.5000963630154729
  landing: 0.061394150950945914
  view-data: 0.21683976700296625
