times:
  edit-metadata: 1.3613786799833179
  landing: 0.02068999595940113
  view-data: 0.11755856405943632
