times:
  edit-metadata: 1.2965293590095825
  landing: 0.303965225990396
  view-data: 0.31949234899366274
