times:
  edit-metadata: 1.6486425995826721
  landing: 0.17026225477457047
  view-data: 0.029553553089499474
