times:
  edit-metadata: 1.4774615583010018
  landing: 0.7144342800602317
  view-data: 3.475274223834276
