times:
  edit-metadata: 1.6999317035079002
  landing: 1.0865476690232754
  view-data: 3.3755251951515675
