times:
  edit-metadata: 1.757289243862033
  landing: 1.1595071870833635
  view-data: 3.4604692198336124
