times:
  edit-metadata: 1.4692486822605133
  landing: 0.02057819999754429
  view-data: 0.14923224039375782
