times:
  edit-metadata: 1.530791124328971
  landing: 0.754353167489171
  view-data: 3.372514709830284
