times:
  edit-metadata: 1.4511686228215694
  landing: 0.7846012711524963
  view-data: 3.3640050068497658
