times:
  edit-metadata: 1.6074785105884075
  landing: 0.9336193203926086
  view-data: 3.365944180637598
