times:
  edit-metadata: 1.4706233516335487
  landing: 0.8241631761193275
  view-data: 3.3126774951815605
