times:
  edit-metadata: 1.5088538713753223
  landing: 0.8151523619890213
  view-data: 3.667345095425844
