times:
  edit-metadata: 1.3893591985106468
  landing: 0.7300244644284248
  view-data: 3.347063831984997
