times:
  edit-metadata: 1.3493391126394272
  landing: 0.7737719193100929
  view-data: 3.540955238044262
