times:
  edit-metadata: 1.3702837601304054
  landing: 0.7040307968854904
  view-data: 3.4648590981960297
