times:
  edit-metadata: 1.4305038452148438
  landing: 0.7283379286527634
  view-data: 3.436407633125782
