times:
  edit-metadata: 1.5221275389194489
  landing: 0.8880413807928562
  view-data: 3.3121338710188866
