times:
  edit-metadata: 1.3982637897133827
  landing: 0.7640907689929008
  view-data: 3.4946580827236176
