times:
  edit-metadata: 1.3935702741146088
  landing: 0.7773770168423653
  view-data: 3.4417416602373123
