times:
  edit-metadata: 1.3695787265896797
  landing: 0.7414686530828476
  view-data: 3.4981223419308662
