times:
  edit-metadata: 1.3769283182919025
  landing: 0.7103529907763004
  view-data: 3.2859228886663914
