times:
  edit-metadata: 1.4475069493055344
  landing: 0.8075498454272747
  view-data: 3.324399881064892
