times:
  edit-metadata: 1.367505319416523
  landing: 0.7482926771044731
  view-data: 3.3382395766675472
