times:
  edit-metadata: 1.401059728115797
  landing: 0.7362357415258884
  view-data: 3.3381809815764427
