times:
  edit-metadata: 1.354060284793377
  landing: 0.7738426178693771
  view-data: 3.4797265827655792
