times:
  edit-metadata: 1.4135097488760948
  landing: 0.7332603186368942
  view-data: 3.5488717034459114
