times:
  edit-metadata: 1.3526003807783127
  landing: 0.8159197121858597
  view-data: 3.317644778639078
