times:
  edit-metadata: 1.3517675548791885
  landing: 0.7284157387912273
  view-data: 3.2904727198183537
