times:
  edit-metadata: 1.4321290701627731
  landing: 0.7716773077845573
  view-data: 3.3097416646778584
