times:
  edit-metadata: 1.4875643029808998
  landing: 0.8257363066077232
  view-data: 3.4728441163897514
