times:
  edit-metadata: 1.4227489456534386
  landing: 0.7966374829411507
  view-data: 3.2775695100426674
