times:
  edit-metadata: 2.430201441049576
  landing: 1.525044672191143
  view-data: 3.803676463663578
