times:
  edit-metadata: 1.3727698549628258
  landing: 0.7366645857691765
  view-data: 3.4026269018650055
