times:
  edit-metadata: 2.0136251971125603
  landing: 0.8687558993697166
  view-data: 3.3970455825328827
