times:
  edit-metadata: 1.5218212381005287
  landing: 1.2315586134791374
  view-data: 3.325814615935087
