times:
  edit-metadata: 1.527782641351223
  landing: 0.7868809625506401
  view-data: 3.4819301068782806
