times:
  edit-metadata: 1.4696071222424507
  landing: 0.8171025887131691
  view-data: 3.4118961840867996
