times:
  edit-metadata: 1.5011240765452385
  landing: 0.8616913482546806
  view-data: 3.370546407997608
