times:
  edit-metadata: 1.4555164948105812
  landing: 0.7528107762336731
  view-data: 3.500835955142975
