times:
  edit-metadata: 1.82638730853796
  landing: 0.9566666036844254
  view-data: 3.304629608988762
