times:
  edit-metadata: 1.4248359575867653
  landing: 0.7919049635529518
  view-data: 3.2772972024977207
