times:
  edit-metadata: 1.458807073533535
  landing: 0.7252817675471306
  view-data: 3.4743384197354317
