times:
  edit-metadata: 1.4548991918563843
  landing: 0.7880387529730797
  view-data: 3.551936961710453
