times:
  edit-metadata: 1.4176458083093166
  landing: 0.8552544936537743
  view-data: 3.354846451431513
