times:
  edit-metadata: 1.3924811258912086
  landing: 0.7990656197071075
  view-data: 3.7694079279899597
