times:
  edit-metadata: 1.5318511724472046
  landing: 0.8804058991372585
  view-data: 3.358508214354515
