times:
  edit-metadata: 2.54643552005291
  landing: 1.1210663542151451
  view-data: 3.520911630243063
