times:
  edit-metadata: 1.5651292726397514
  landing: 0.6988876163959503
  view-data: 3.305777497589588
