times:
  edit-metadata: 1.4304203391075134
  landing: 0.86415870860219
  view-data: 3.3461728915572166
