times:
  edit-metadata: 1.3703570887446404
  landing: 0.782200526446104
  view-data: 3.3232568129897118
