times:
  edit-metadata: 1.323792040348053
  landing: 1.102057047188282
  view-data: 3.51146549731493
