times:
  edit-metadata: 1.3739685863256454
  landing: 0.7523554563522339
  view-data: 3.528902307152748
