times:
  edit-metadata: 1.3999486528337002
  landing: 0.6982919052243233
  view-data: 3.367744855582714
