times:
  edit-metadata: 1.402883030474186
  landing: 0.6844813600182533
  view-data: 3.3103957548737526
