times:
  edit-metadata: 1.37628860399127
  landing: 0.8765609972178936
  view-data: 3.30415665730834
