times:
  edit-metadata: 1.4134208709001541
  landing: 0.7682543396949768
  view-data: 3.4545988887548447
