times:
  edit-metadata: 1.4715342186391354
  landing: 0.8630419783294201
  view-data: 3.3285175673663616
