times:
  edit-metadata: 1.403109796345234
  landing: 0.7411991655826569
  view-data: 3.4194424152374268
