times:
  edit-metadata: 1.4242455251514912
  landing: 0.7940578013658524
  view-data: 3.2829228937625885
