times:
  edit-metadata: 1.4852293282747269
  landing: 0.7484173215925694
  view-data: 3.692426297813654
