times:
  edit-metadata: 1.5806977413594723
  landing: 0.8459373936057091
  view-data: 3.3477205596864223
