times:
  edit-metadata: 1.4561579003930092
  landing: 0.8999044820666313
  view-data: 3.351619753986597
