times:
  edit-metadata: 1.357170470058918
  landing: 0.8723347038030624
  view-data: 3.341873850673437
