times:
  edit-metadata: 1.382844403386116
  landing: 0.7686556167900562
  view-data: 3.312603708356619
