times:
  edit-metadata: 1.415829811245203
  landing: 0.723091833293438
  view-data: 3.2976464070379734
