times:
  edit-metadata: 1.383850410580635
  landing: 0.8165966123342514
  view-data: 3.493948608636856
