times:
  edit-metadata: 1.4977683871984482
  landing: 0.7801972255110741
  view-data: 3.469692423939705
