times:
  edit-metadata: 1.3529190421104431
  landing: 0.8261054381728172
  view-data: 3.5397452116012573
