times:
  edit-metadata: 1.4198264926671982
  landing: 0.7518114894628525
  view-data: 3.5534138083457947
