times:
  edit-metadata: 1.5605484135448933
  landing: 1.0209128856658936
  view-data: 3.331709012389183
