times:
  edit-metadata: 1.3334257453680038
  landing: 0.758946068584919
  view-data: 0.4906359016895294
