times:
  edit-metadata: 1.4147186502814293
  landing: 0.7998963668942451
  view-data: 3.44854087382555
