times:
  edit-metadata: 1.3406240418553352
  landing: 0.7162516638636589
  view-data: 3.427476294338703
