times:
  edit-metadata: 1.5711196437478065
  landing: 0.9655221849679947
  view-data: 3.416867710649967
