times:
  edit-metadata: 1.481787070631981
  landing: 0.8080400452017784
  view-data: 3.491726793348789
