times:
  edit-metadata: 1.5064325258135796
  landing: 0.8336006328463554
  view-data: 3.3162778466939926
