times:
  edit-metadata: 1.3693508356809616
  landing: 0.7283388376235962
  view-data: 3.469175159931183
