times:
  edit-metadata: 1.3931245356798172
  landing: 0.7632245123386383
  view-data: 3.299446761608124
