times:
  edit-metadata: 1.359729278832674
  landing: 0.7133634760975838
  view-data: 3.319706365466118
