times:
  edit-metadata: 1.4704702273011208
  landing: 0.8050248697400093
  view-data: 3.5560669377446175
