times:
  edit-metadata: 1.488847441971302
  landing: 0.7184980399906635
  view-data: 3.378718737512827
