times:
  edit-metadata: 1.3459073454141617
  landing: 0.6749544441699982
  view-data: 3.4128359630703926
