times:
  edit-metadata: 1.4889638498425484
  landing: 0.8128835149109364
  view-data: 3.2992068007588387
