times:
  edit-metadata: 1.4695135802030563
  landing: 0.8408669531345367
  view-data: 3.570463292300701
