times:
  edit-metadata: 1.5492681190371513
  landing: 0.7348576746881008
  view-data: 3.346599854528904
