times:
  edit-metadata: 1.3937755152583122
  landing: 0.7136359214782715
  view-data: 3.479788228869438
