times:
  edit-metadata: 1.4711958765983582
  landing: 0.8399339765310287
  view-data: 3.3778430745005608
