times:
  edit-metadata: 1.355801872909069
  landing: 0.8247706070542336
  view-data: 3.5350337848067284
