times:
  edit-metadata: 1.4387548863887787
  landing: 0.8157719895243645
  view-data: 3.294379584491253
