times:
  edit-metadata: 1.3685928732156754
  landing: 0.8468835353851318
  view-data: 3.4795082733035088
