times:
  edit-metadata: 1.4167755469679832
  landing: 1.0475015863776207
  view-data: 3.5808316096663475
