times:
  edit-metadata: 1.4438881278038025
  landing: 0.8696758225560188
  view-data: 3.5082559511065483
