times:
  edit-metadata: 1.488849587738514
  landing: 0.7076341509819031
  view-data: 3.4938157126307487
