times:
  edit-metadata: 1.4023772068321705
  landing: 0.7925331927835941
  view-data: 3.380208570510149
