times:
  edit-metadata: 1.468404110521078
  landing: 0.7605768851935863
  view-data: 3.3034308291971684
