times:
  edit-metadata: 1.4487930461764336
  landing: 0.9098210483789444
  view-data: 3.483781084418297
