times:
  edit-metadata: 1.4174805209040642
  landing: 0.7868504077196121
  view-data: 3.5322645977139473
