times:
  edit-metadata: 1.4384688697755337
  landing: 0.738954097032547
  view-data: 3.351254153996706
