times:
  edit-metadata: 1.4251284450292587
  landing: 0.76982431858778
  view-data: 3.291048437356949
