times:
  edit-metadata: 1.416811004281044
  landing: 0.7600701153278351
  view-data: 3.3018870130181313
