times:
  edit-metadata: 1.4712591879069805
  landing: 0.8840367086231709
  view-data: 3.3962446339428425
