times:
  edit-metadata: 1.4172154664993286
  landing: 0.7386974394321442
  view-data: 3.3146177008748055
