times:
  edit-metadata: 1.4992189146578312
  landing: 0.8429916985332966
  view-data: 3.399162393063307
