times:
  edit-metadata: 1.3576814830303192
  landing: 0.7667111828923225
  view-data: 3.313534013926983
