times:
  edit-metadata: 1.4330043159425259
  landing: 0.7846842147409916
  view-data: 3.2832596711814404
