times:
  edit-metadata: 1.4467241056263447
  landing: 0.7264832034707069
  view-data: 3.2974549904465675
