times:
  edit-metadata: 1.4780075922608376
  landing: 0.7916416600346565
  view-data: 3.497366100549698
