times:
  edit-metadata: 1.5846914537250996
  landing: 0.8457734994590282
  view-data: 3.2997725792229176
