times:
  edit-metadata: 1.3631515577435493
  landing: 0.7228827103972435
  view-data: 3.4809733405709267
