times:
  edit-metadata: 1.8858574256300926
  landing: 1.0933938473463058
  view-data: 3.5841087102890015
