times:
  edit-metadata: 1.3649267740547657
  landing: 0.6972637698054314
  view-data: 3.2704089283943176
