times:
  edit-metadata: 1.4488135948777199
  landing: 0.7657673209905624
  view-data: 3.461326375603676
