times:
  edit-metadata: 1.2024292424321175
  landing: 0.9424071535468102
  view-data: 3.482893794775009
