times:
  edit-metadata: 1.374708816409111
  landing: 0.7561010494828224
  view-data: 3.3843503445386887
