times:
  edit-metadata: 1.3731823340058327
  landing: 0.7794368639588356
  view-data: 3.4342506900429726
