times:
  edit-metadata: 1.4972666949033737
  landing: 0.7784554846584797
  view-data: 3.3631103858351707
