times:
  edit-metadata: 1.5625995323061943
  landing: 0.8716531023383141
  view-data: 3.302933819591999
