times:
  edit-metadata: 1.476981744170189
  landing: 0.7334103137254715
  view-data: 3.488486036658287
