times:
  edit-metadata: 1.3845308646559715
  landing: 0.77707689255476
  view-data: 3.333692394196987
