times:
  edit-metadata: 1.3888497948646545
  landing: 0.6876408010721207
  view-data: 3.5293712466955185
