times:
  edit-metadata: 1.8341537825763226
  landing: 0.9628944732248783
  view-data: 3.334929194301367
