times:
  edit-metadata: 1.3940448425710201
  landing: 0.7787539176642895
  view-data: 3.2907204292714596
