times:
  edit-metadata: 1.4896358847618103
  landing: 0.7664037272334099
  view-data: 3.374246895313263
