times:
  edit-metadata: 1.482260137796402
  landing: 0.7935074642300606
  view-data: 3.4413562044501305
