times:
  edit-metadata: 1.4772867374122143
  landing: 0.93800063803792
  view-data: 3.2868294417858124
