times:
  edit-metadata: 1.4417324364185333
  landing: 0.8780811280012131
  view-data: 3.3324695378541946
