times:
  edit-metadata: 1.4406852722167969
  landing: 0.7243493124842644
  view-data: 3.45380400121212
