times:
  edit-metadata: 1.5116817951202393
  landing: 0.8669822961091995
  view-data: 3.3782538548111916
