times:
  edit-metadata: 1.4516682624816895
  landing: 0.7735525108873844
  view-data: 3.2951791249215603
