times:
  edit-metadata: 1.4475642666220665
  landing: 0.713348351418972
  view-data: 3.4836286455392838
