times:
  edit-metadata: 1.4173074588179588
  landing: 0.7974689900875092
  view-data: 3.4407286196947098
