times:
  edit-metadata: 1.4021357633173466
  landing: 0.7992553040385246
  view-data: 3.2829786613583565
