times:
  edit-metadata: 1.446487694978714
  landing: 0.7089765295386314
  view-data: 3.4860492572188377
