times:
  edit-metadata: 1.4865106008946896
  landing: 0.8226329945027828
  view-data: 3.254432264715433
