times:
  edit-metadata: 1.9270903691649437
  landing: 1.3548110574483871
  view-data: 3.7876241207122803
