times:
  edit-metadata: 1.3800693452358246
  landing: 0.7458939738571644
  view-data: 3.357972986996174
