times:
  edit-metadata: 1.3790493980050087
  landing: 1.0942314937710762
  view-data: 3.474928893148899
