times:
  edit-metadata: 1.6109923869371414
  landing: 0.9304757565259933
  view-data: 3.4045311883091927
