times:
  edit-metadata: 1.4017729945480824
  landing: 0.9948184005916119
  view-data: 3.377410549670458
