times:
  edit-metadata: 1.418060265481472
  landing: 0.7120240926742554
  view-data: 3.473767511546612
