times:
  edit-metadata: 1.4260554872453213
  landing: 0.7269255481660366
  view-data: 3.3772922307252884
