times:
  edit-metadata: 1.3801714107394218
  landing: 0.7904047071933746
  view-data: 3.4575218111276627
