times:
  edit-metadata: 1.5514473803341389
  landing: 0.8687883019447327
  view-data: 3.3280247300863266
