times:
  edit-metadata: 1.4287362024188042
  landing: 0.7839990183711052
  view-data: 3.4720902293920517
