times:
  edit-metadata: 1.4529961571097374
  landing: 0.7743087783455849
  view-data: 3.3338430672883987
