times:
  edit-metadata: 1.341555830091238
  landing: 0.7446365728974342
  view-data: 3.2968891970813274
