times:
  edit-metadata: 1.3487905710935593
  landing: 0.7163816839456558
  view-data: 3.470210939645767
