times:
  edit-metadata: 1.4558854773640633
  landing: 0.7742069140076637
  view-data: 3.5168246775865555
