times:
  edit-metadata: 2.0102393850684166
  landing: 1.0736764781177044
  view-data: 3.5735163651406765
