times:
  edit-metadata: 1.8027187436819077
  landing: 0.8808456584811211
  view-data: 3.418807104229927
