times:
  edit-metadata: 1.4848657324910164
  landing: 0.8439215123653412
  view-data: 3.4082163125276566
