times:
  edit-metadata: 1.774779386818409
  landing: 1.0201113671064377
  view-data: 3.361062578856945
