times:
  edit-metadata: 1.43373092263937
  landing: 0.7658603712916374
  view-data: 3.4142789989709854
