times:
  edit-metadata: 1.4113469943404198
  landing: 0.7319596782326698
  view-data: 3.5001339316368103
