times:
  edit-metadata: 1.507486417889595
  landing: 0.8901519328355789
  view-data: 3.3029317632317543
