times:
  edit-metadata: 1.6918015778064728
  landing: 0.9086381755769253
  view-data: 3.6263670176267624
