times:
  edit-metadata: 1.4062753021717072
  landing: 0.721964105963707
  view-data: 3.3570730164647102
