times:
  edit-metadata: 1.4819816797971725
  landing: 0.7876301109790802
  view-data: 3.5526536479592323
