times:
  edit-metadata: 1.697708547115326
  landing: 0.8264501690864563
  view-data: 3.467730961740017
