times:
  edit-metadata: 1.5056842342019081
  landing: 0.7969174459576607
  view-data: 3.38308747112751
