times:
  edit-metadata: 1.3962919265031815
  landing: 0.7432749569416046
  view-data: 3.309330627322197
