times:
  edit-metadata: 1.4229485541582108
  landing: 0.7237124666571617
  view-data: 3.498687654733658
