times:
  edit-metadata: 1.378957375884056
  landing: 0.8213570304214954
  view-data: 3.2477855309844017
