times:
  edit-metadata: 1.385241836309433
  landing: 0.7963732741773129
  view-data: 3.307162456214428
