times:
  edit-metadata: 1.4623256213963032
  landing: 0.7564522437751293
  view-data: 3.3014914877712727
