times:
  edit-metadata: 1.3796161264181137
  landing: 0.706917442381382
  view-data: 3.4623967707157135
