times:
  edit-metadata: 1.680782862007618
  landing: 0.9288884773850441
  view-data: 3.3620588555932045
