times:
  edit-metadata: 1.5108341798186302
  landing: 0.7852087691426277
  view-data: 3.5238354429602623
