times:
  edit-metadata: 1.500730436295271
  landing: 0.85579888895154
  view-data: 3.4178123772144318
