times:
  edit-metadata: 1.947154477238655
  landing: 1.0333167985081673
  view-data: 3.610739693045616
