times:
  edit-metadata: 1.39619286544621
  landing: 0.7569755967706442
  view-data: 3.308324271813035
