times:
  edit-metadata: 1.3535014931112528
  landing: 0.7578778099268675
  view-data: 3.289259811863303
