times:
  edit-metadata: 1.4780393075197935
  landing: 0.8159481696784496
  view-data: 3.3959973603487015
