times:
  edit-metadata: 1.6798593851272017
  landing: 1.134028147906065
  view-data: 3.685858845943585
