times:
  edit-metadata: 1.8290520645678043
  landing: 1.4463352039456367
  view-data: 3.771923489868641
