times:
  edit-metadata: 1.374670835211873
  landing: 0.8123172130435705
  view-data: 3.4985061772167683
