times:
  edit-metadata: 0.5066400399664417
  landing: 0.04306298401206732
  view-data: 0.3479531930061057
