times:
  edit-metadata: 0.4933009739906993
  landing: 0.04885356899467297
  view-data: 0.2521583870111499
