times:
  edit-metadata: 1.4990712590515614
  landing: 0.8885609256103635
  view-data: 3.4899027990177274
