times:
  edit-metadata: 1.4565791403874755
  landing: 0.8605310833081603
  view-data: 3.3864488741382957
