times:
  edit-metadata: 1.6421081210719422
  landing: 0.8638613889925182
  view-data: 3.2703789389925078
