times:
  edit-metadata: 1.4985405914485455
  landing: 0.9050478339195251
  view-data: 3.6780026499181986
