times:
  edit-metadata: 1.5002854280173779
  landing: 0.8239189982414246
  view-data: 3.393080346286297
