times:
  edit-metadata: 1.4824204482138157
  landing: 0.8217793293297291
  view-data: 3.352041855454445
