times:
  edit-metadata: 1.4631367521360517
  landing: 0.8303883709013462
  view-data: 3.241145155392587
