times:
  edit-metadata: 1.5034014023840427
  landing: 0.7934842593967915
  view-data: 3.6769492737948895
