times:
  edit-metadata: 1.5532164927572012
  landing: 0.8584337159991264
  view-data: 3.33060728572309
