times:
  edit-metadata: 2.487788235768676
  landing: 1.6192292347550392
  view-data: 3.4936261009424925
