times:
  edit-metadata: 1.477226983755827
  landing: 1.0678664557635784
  view-data: 3.3701327219605446
