times:
  edit-metadata: 1.5569193810224533
  landing: 0.7879161406308413
  view-data: 3.384094400331378
