times:
  edit-metadata: 1.4944306528195739
  landing: 0.8035724558867514
  view-data: 3.3314542649313807
