times:
  edit-metadata: 1.6387247145175934
  landing: 0.8532688096165657
  view-data: 3.4311825558543205
