times:
  edit-metadata: 1.4805526621639729
  landing: 0.8104583323001862
  view-data: 3.3452614080160856
