times:
  edit-metadata: 1.2368972019758075
  landing: 0.7991533938329667
  view-data: 3.4720836121123284
