times:
  edit-metadata: 1.5714189949212596
  landing: 0.9108459590934217
  view-data: 3.399161724955775
