times:
  edit-metadata: 1.6897198371589184
  landing: 0.9683780875056982
  view-data: 3.385024686343968
