times:
  edit-metadata: 0.4935479579944513
  landing: 0.05261464299837826
  view-data: 0.24592012399807572
