times:
  edit-metadata: 1.2744778618216515
  landing: 0.8760784603655338
  view-data: 3.379700869321823
