times:
  edit-metadata: 1.7506601521745324
  landing: 1.2982014864683151
  view-data: 3.43073289655149
