times:
  edit-metadata: 1.3197776479646564
  landing: 1.1222805349389091
  view-data: 3.299686432001181
