times:
  edit-metadata: 0.4927504149964079
  landing: 0.08038777898764238
  view-data: 0.39952462501241826
