times:
  edit-metadata: 1.6074111741036177
  landing: 1.0435692737810314
  view-data: 3.3035244341008365
