times:
  edit-metadata: 1.6765578631311655
  landing: 1.1406112387776375
  view-data: 3.4076552437618375
