times:
  edit-metadata: 1.3786822631955147
  landing: 0.8322063572704792
  view-data: 3.395609885454178
