times:
  edit-metadata: 2.1891891695559025
  landing: 1.2137772105634212
  view-data: 3.516850907355547
