times:
  edit-metadata: 0.5088754270691425
  landing: 0.04372463107574731
  view-data: 0.21984770603012294
