times:
  edit-metadata: 1.5183078795671463
  landing: 1.0266637355089188
  view-data: 3.3807906918227673
