times:
  edit-metadata: 0.5115304130595177
  landing: 0.04757888987660408
  view-data: 0.24549415102228522
