times:
  edit-metadata: 1.481492031365633
  landing: 0.7867661640048027
  view-data: 3.3166572898626328
