times:
  edit-metadata: 1.6446602400392294
  landing: 1.0267297755926847
  view-data: 3.2870574295520782
