times:
  edit-metadata: 1.9838619148358703
  landing: 1.2709569670259953
  view-data: 3.547990145161748
