times:
  edit-metadata: 1.5674502477049828
  landing: 0.9530552364885807
  view-data: 3.4649835638701916
