times:
  edit-metadata: 1.5644885711371899
  landing: 0.8137945905327797
  view-data: 3.323047462850809
