times:
  edit-metadata: 1.5812642723321915
  landing: 1.1609239391982555
  view-data: 3.4063368886709213
