times:
  edit-metadata: 1.5497841723263264
  landing: 1.0463745966553688
  view-data: 3.2910171821713448
