times:
  edit-metadata: 0.5331540098413825
  landing: 0.06807746924459934
  view-data: 0.22548181982710958
