times:
  edit-metadata: 1.5993123380467296
  landing: 1.003936574794352
  view-data: 3.37184124160558
