times:
  edit-metadata: 1.592058278620243
  landing: 0.989378908649087
  view-data: 3.353571141138673
