times:
  edit-metadata: 2.124701553955674
  landing: 1.9718678407371044
  view-data: 3.4574262388050556
