times:
  edit-metadata: 1.3272371869534254
  landing: 0.8420719923451543
  view-data: 3.3685213839635253
