times:
  edit-metadata: 0.5466701139230281
  landing: 0.08089477196335793
  view-data: 0.23987953993491828
