times:
  edit-metadata: 0.49892133800312877
  landing: 0.052158014150336385
  view-data: 0.34873470291495323
