times:
  edit-metadata: 1.4960199296474457
  landing: 1.0360115505754948
  view-data: 3.5134669095277786
