times:
  edit-metadata: 1.433054600842297
  landing: 0.8070459219161421
  view-data: 3.569893065840006
