times:
  edit-metadata: 1.747726645320654
  landing: 1.0524294450879097
  view-data: 3.4113258346915245
