times:
  edit-metadata: 0.5329081179806963
  landing: 0.0794164149556309
  view-data: 0.22201865504030138
