times:
  edit-metadata: 2.1278781816363335
  landing: 1.203687060624361
  view-data: 3.3776229918003082
