times:
  edit-metadata: 1.515637382864952
  landing: 0.7790004052221775
  view-data: 3.3327372428029776
