times:
  edit-metadata: 1.4922278113663197
  landing: 0.8473106473684311
  view-data: 3.4659534636884928
