times:
  edit-metadata: 1.7093715406954288
  landing: 1.0088287852704525
  view-data: 3.3008736819028854
