times:
  edit-metadata: 0.5466231249738485
  landing: 0.05175563204102218
  view-data: 0.598535647848621
