times:
  edit-metadata: 1.5209007244557142
  landing: 0.7706200648099184
  view-data: 3.4502770006656647
