times:
  edit-metadata: 1.3765955716371536
  landing: 0.8699062056839466
  view-data: 3.4147237353026867
