times:
  edit-metadata: 1.3508544974029064
  landing: 0.8182570487260818
  view-data: 3.38392885401845
