times:
  edit-metadata: 0.5105598322115839
  landing: 0.07716609723865986
  view-data: 0.2385703451000154
