times:
  edit-metadata: 1.5087631531059742
  landing: 1.1606695279479027
  view-data: 3.4337190575897694
