times:
  edit-metadata: 1.4351454004645348
  landing: 0.8089943751692772
  view-data: 3.396151652559638
