times:
  edit-metadata: 2.0878371205180883
  landing: 1.5064865723252296
  view-data: 3.5698567908257246
