times:
  edit-metadata: 1.3472795337438583
  landing: 0.9132727049291134
  view-data: 3.5886028222739697
