times:
  edit-metadata: 1.539718884974718
  landing: 1.016533024609089
  view-data: 3.367459923028946
