times:
  edit-metadata: 1.7713548429310322
  landing: 1.1032431349158287
  view-data: 3.3465083315968513
