times:
  edit-metadata: 1.453801330178976
  landing: 0.9879529140889645
  view-data: 3.382042594254017
