times:
  edit-metadata: 1.4935110677033663
  landing: 0.8239246029406786
  view-data: 3.36314813233912
