times:
  edit-metadata: 0.5086538353934884
  landing: 0.07749510509893298
  view-data: 0.22802392160519958
