times:
  edit-metadata: 1.4384030520450324
  landing: 0.8938418889883906
  view-data: 3.403366719838232
