times:
  edit-metadata: 1.4430935215204954
  landing: 0.7415553368628025
  view-data: 3.3879822846502066
