times:
  edit-metadata: 1.608779737725854
  landing: 1.1217604423873127
  view-data: 3.2737902840599418
