times:
  edit-metadata: 1.569314293563366
  landing: 1.0121600106358528
  view-data: 3.353023234754801
