times:
  edit-metadata: 1.987633409909904
  landing: 1.2508083553984761
  view-data: 3.634517998434603
