times:
  edit-metadata: 1.4728051014244556
  landing: 0.8815172575414181
  view-data: 3.341941313818097
