times:
  edit-metadata: 1.2883751522749662
  landing: 0.9254106720909476
  view-data: 3.3572555482387543
