times:
  edit-metadata: 1.7384064085781574
  landing: 1.0127976760268211
  view-data: 3.4567346796393394
