times:
  edit-metadata: 0.5087867712136358
  landing: 0.08422104292549193
  view-data: 0.2158421198837459
