times:
  edit-metadata: 1.635048657655716
  landing: 1.0123474299907684
  view-data: 3.3526152670383453
