times:
  edit-metadata: 1.4164867922663689
  landing: 1.024082738906145
  view-data: 3.373153693974018
