times:
  edit-metadata: 1.5295343324542046
  landing: 1.017656721174717
  view-data: 3.483194723725319
