times:
  edit-metadata: 0.523264913004823
  landing: 0.07946797390468419
  view-data: 0.2363372080726549
