times:
  edit-metadata: 1.459364107111469
  landing: 0.9360309659969062
  view-data: 3.3915091099916026
