times:
  edit-metadata: 1.1529742367565632
  landing: 0.8409691676497459
  view-data: 3.3199564069509506
