times:
  edit-metadata: 1.518958566710353
  landing: 0.9016742035746574
  view-data: 3.413891164585948
