times:
  edit-metadata: 1.3181766364723444
  landing: 0.9621797893196344
  view-data: 3.63922874070704
