times:
  edit-metadata: 1.562669638544321
  landing: 1.0205596908926964
  view-data: 3.365397784858942
