times:
  edit-metadata: 1.3493138069752604
  landing: 0.7487864589784294
  view-data: 3.384764590067789
