times:
  edit-metadata: 1.3588986163958907
  landing: 6.3790173078887165
  view-data: 3.350745622999966
