times:
  edit-metadata: 1.360782828181982
  landing: 0.8558304309844971
  view-data: 3.3848917689174414
