times:
  edit-metadata: 1.6237597055733204
  landing: 1.08513243496418
  view-data: 3.446687888354063
