times:
  edit-metadata: 1.4944421090185642
  landing: 0.8314658142626286
  view-data: 3.3891904056072235
