times:
  edit-metadata: 2.1361293457448483
  landing: 1.2030873820185661
  view-data: 3.5279881935566664
