times:
  edit-metadata: 1.739434853196144
  landing: 1.3003795146942139
  view-data: 3.524711236357689
