times:
  edit-metadata: 0.5105098729254678
  landing: 0.04556125099770725
  view-data: 0.22164318908471614
