times:
  edit-metadata: 0.5109300800249912
  landing: 0.04566702904412523
  view-data: 0.2112595530343242
