times:
  edit-metadata: 0.479580343933776
  landing: 0.07879467494785786
  view-data: 0.21713954117149115
