times:
  edit-metadata: 1.4235871955752373
  landing: 0.8603946417570114
  view-data: 3.280466467142105
