times:
  edit-metadata: 0.5088485891465098
  landing: 0.04836530704051256
  view-data: 0.3423297028057277
