times:
  edit-metadata: 2.674893985502422
  landing: 1.6446010991930962
  view-data: 3.5034525422379375
