times:
  edit-metadata: 1.5753236450254917
  landing: 0.9065918736159801
  view-data: 3.3389111384749413
