times:
  edit-metadata: 1.4956858027726412
  landing: 0.730404432862997
  view-data: 3.408261366188526
