times:
  edit-metadata: 1.4189038136973977
  landing: 0.8178183725103736
  view-data: 3.533095740713179
