times:
  edit-metadata: 1.3197969235479832
  landing: 1.7836441025137901
  view-data: 3.2494568787515163
