times:
  edit-metadata: 1.753814235329628
  landing: 1.0339038744568825
  view-data: 3.3515705056488514
