times:
  edit-metadata: 0.5105610110331327
  landing: 0.04158861702308059
  view-data: 0.22037596302106977
