times:
  edit-metadata: 2.134978116955608
  landing: 1.3167470819316804
  view-data: 3.5356831192038953
