times:
  edit-metadata: 0.5108224907889962
  landing: 0.05598623212426901
  view-data: 0.22929130494594574
