times:
  edit-metadata: 1.896429581567645
  landing: 1.189200459048152
  view-data: 3.3990635443478823
