times:
  edit-metadata: 1.8786084800958633
  landing: 1.2194460853934288
  view-data: 3.43480122461915
