times:
  edit-metadata: 1.511961555108428
  landing: 0.8712934572249651
  view-data: 3.3790678549557924
