times:
  edit-metadata: 1.7641587108373642
  landing: 1.1166558340191841
  view-data: 3.392946742475033
