times:
  edit-metadata: 1.3971417974680662
  landing: 0.834938570857048
  view-data: 3.391878644004464
