times:
  edit-metadata: 2.5244695702567697
  landing: 1.1805390948429704
  view-data: 3.587576987221837
