times:
  edit-metadata: 0.48156939586624503
  landing: 0.07507186196744442
  view-data: 0.22440815391018987
