times:
  edit-metadata: 1.5993428975343704
  landing: 1.0898778066039085
  view-data: 3.372762802988291
