times:
  edit-metadata: 0.5415760448668152
  landing: 0.08110441197641194
  view-data: 0.22900924482382834
