times:
  edit-metadata: 1.5130000784993172
  landing: 0.7758413329720497
  view-data: 3.5206966064870358
