times:
  edit-metadata: 1.3820611201226711
  landing: 0.9976021908223629
  view-data: 3.358315370976925
