times:
  edit-metadata: 1.4859116971492767
  landing: 1.1856587454676628
  view-data: 3.333322860300541
