times:
  edit-metadata: 1.8489555642008781
  landing: 1.0772234546020627
  view-data: 3.4850705610588193
