times:
  edit-metadata: 1.3974091112613678
  landing: 0.7956027761101723
  view-data: 3.6101556792855263
