times:
  edit-metadata: 1.3952334225177765
  landing: 0.8782917931675911
  view-data: 3.350825611501932
