times:
  edit-metadata: 0.48514676792547107
  landing: 0.08191417087800801
  view-data: 0.26329432101920247
