times:
  edit-metadata: 1.4239667812362313
  landing: 0.8007176667451859
  view-data: 3.3046808252111077
