times:
  edit-metadata: 1.482015248388052
  landing: 0.7629804946482182
  view-data: 3.3273934088647366
