times:
  edit-metadata: 1.4855790417641401
  landing: 0.7806772403419018
  view-data: 3.394556799903512
