times:
  edit-metadata: 1.547855444252491
  landing: 1.0572726652026176
  view-data: 3.408175703138113
