times:
  edit-metadata: 0.500706992810592
  landing: 0.04991705692373216
  view-data: 0.2245865419972688
