times:
  edit-metadata: 1.4689754880964756
  landing: 0.8988907895982265
  view-data: 3.3263568468391895
