times:
  edit-metadata: 1.376863348763436
  landing: 0.9060221300460398
  view-data: 3.4249575319699943
