times:
  edit-metadata: 1.6258673621341586
  landing: 0.7861129874363542
  view-data: 3.4541408931836486
