times:
  edit-metadata: 1.5119262915104628
  landing: 1.0439535584300756
  view-data: 3.4127493631094694
