times:
  edit-metadata: 1.439377288101241
  landing: 0.8505994970910251
  view-data: 3.3889816750306636
