times:
  edit-metadata: 1.4801350869238377
  landing: 0.8987871520221233
  view-data: 3.2868336252868176
