times:
  edit-metadata: 0.5384577056393027
  landing: 0.07563811121508479
  view-data: 0.23442487278953195
