times:
  edit-metadata: 0.5194340222515166
  landing: 0.0564547567628324
  view-data: 0.2266226769424975
