times:
  edit-metadata: 1.337198432534933
  landing: 0.8092524111270905
  view-data: 3.2673324868083
