times:
  edit-metadata: 0.5091353259631433
  landing: 0.0894478450063616
  view-data: 0.2351642269641161
