times:
  edit-metadata: 0.5346196047030389
  landing: 0.07645318284630775
  view-data: 0.212825957685709
