times:
  edit-metadata: 1.4957377538084984
  landing: 0.8959403177723289
  view-data: 3.4092039419338107
