times:
  edit-metadata: 0.5116334359627217
  landing: 0.05275382101535797
  view-data: 0.36181427887640893
