times:
  edit-metadata: 0.5142216609674506
  landing: 0.05648898100480437
  view-data: 0.23199304298032075
