times:
  edit-metadata: 1.3575279712677002
  landing: 0.7362832278013229
  view-data: 3.3256906922906637
