times:
  edit-metadata: 1.4160677418112755
  landing: 0.7721057869493961
  view-data: 3.276812545955181
