times:
  edit-metadata: 1.4228023290634155
  landing: 0.905673872679472
  view-data: 3.339541383087635
