times:
  edit-metadata: 1.480697438120842
  landing: 0.8884748350828886
  view-data: 3.3485050536692142
