times:
  edit-metadata: 1.539501592516899
  landing: 0.8708831407129765
  view-data: 3.418931659311056
