times:
  edit-metadata: 2.137958469800651
  landing: 0.9593790415674448
  view-data: 3.365490511059761
