times:
  edit-metadata: 1.4643318769522011
  landing: 0.9525562888011336
  view-data: 3.275665639899671
