times:
  edit-metadata: 1.4541968940757215
  landing: 0.8655084029305726
  view-data: 3.3365843631327152
