times:
  edit-metadata: 1.442817616276443
  landing: 0.8199257887899876
  view-data: 3.2897427678108215
