times:
  edit-metadata: 1.5057511627674103
  landing: 0.8023962303996086
  view-data: 3.3119650669395924
