times:
  edit-metadata: 1.449623353779316
  landing: 0.7842923812568188
  view-data: 3.3483439832925797
