times:
  edit-metadata: 1.434931892901659
  landing: 1.0300210267305374
  view-data: 3.3410218618810177
