times:
  edit-metadata: 1.4454030133783817
  landing: 0.8605334311723709
  view-data: 3.6038875728845596
