times:
  edit-metadata: 1.5530647616833448
  landing: 0.8691851496696472
  view-data: 3.66145265288651
