times:
  edit-metadata: 0.46472788299433887
  landing: 0.08568467712029815
  view-data: 0.2165079319383949
