times:
  edit-metadata: 1.4159842617809772
  landing: 1.056636217981577
  view-data: 3.364049594849348
