times:
  edit-metadata: 1.6835420802235603
  landing: 0.8092106711119413
  view-data: 3.5037587378174067
