times:
  edit-metadata: 1.5337796043604612
  landing: 0.7872991748154163
  view-data: 3.4288231283426285
