times:
  edit-metadata: 1.6637938097119331
  landing: 0.8984184917062521
  view-data: 3.299434345215559
