times:
  edit-metadata: 1.2166224084794521
  landing: 0.9080462902784348
  view-data: 3.3866827338933945
