times:
  edit-metadata: 1.4098662249743938
  landing: 0.8650717064738274
  view-data: 3.339558931067586
