times:
  edit-metadata: 1.5025127474218607
  landing: 0.7783012241125107
  view-data: 3.4355406872928143
