times:
  edit-metadata: 1.5365183725953102
  landing: 0.9183216765522957
  view-data: 3.3894766941666603
