times:
  edit-metadata: 1.3949048705399036
  landing: 0.7905332520604134
  view-data: 3.354362951591611
