times:
  edit-metadata: 1.6246188179356977
  landing: 0.7306970240315422
  view-data: 3.319450148032047
