times:
  edit-metadata: 2.4816137924790382
  landing: 1.1774940881878138
  view-data: 3.376600930467248
