times:
  edit-metadata: 1.43568554520607
  landing: 0.8557235589250922
  view-data: 3.269226551055908
