times:
  edit-metadata: 1.8726163990795612
  landing: 1.022573046386242
  view-data: 3.418966643512249
