times:
  edit-metadata: 1.4486679434776306
  landing: 0.8909312188625336
  view-data: 3.449929468333721
