times:
  edit-metadata: 1.393350230064243
  landing: 0.7821691450662911
  view-data: 3.3498106743209064
