times:
  edit-metadata: 1.5471629826352
  landing: 0.874012989923358
  view-data: 3.5655818739905953
