times:
  edit-metadata: 1.7328498717397451
  landing: 1.1683681327849627
  view-data: 3.525129521265626
