times:
  edit-metadata: 1.4793503768742085
  landing: 1.0075308121740818
  view-data: 3.3972348161041737
