times:
  edit-metadata: 1.507059110328555
  landing: 0.7851762678474188
  view-data: 3.395094072446227
