times:
  edit-metadata: 1.417725931853056
  landing: 0.8646624721586704
  view-data: 3.4273919481784105
