times:
  edit-metadata: 1.5192035622894764
  landing: 0.8687171898782253
  view-data: 3.377638716250658
