times:
  edit-metadata: 1.3881133403629065
  landing: 1.0172425638884306
  view-data: 3.2914727441966534
