times:
  edit-metadata: 1.4837661497294903
  landing: 0.7118407264351845
  view-data: 3.353823322802782
