times:
  edit-metadata: 1.3482066448777914
  landing: 0.9051918350160122
  view-data: 3.3193320520222187
