times:
  edit-metadata: 1.722466416656971
  landing: 1.0273724868893623
  view-data: 3.3673065789043903
