times:
  edit-metadata: 0.4956049141474068
  landing: 0.0483924332074821
  view-data: 0.20959569420665503
