times:
  edit-metadata: 1.5522275008261204
  landing: 0.92712427303195
  view-data: 3.6264442577958107
