times:
  edit-metadata: 1.6274809390306473
  landing: 1.0426717922091484
  view-data: 3.3805644623935223
