times:
  edit-metadata: 1.3332982352003455
  landing: 0.9285667226649821
  view-data: 3.3789810058660805
