times:
  edit-metadata: 1.625302653759718
  landing: 0.88048991933465
  view-data: 3.3855410404503345
