times:
  edit-metadata: 1.571524603292346
  landing: 1.0481913778930902
  view-data: 3.3774415403604507
