times:
  edit-metadata: 1.658361829817295
  landing: 1.1415990367531776
  view-data: 3.381834551692009
