times:
  edit-metadata: 1.4556843638420105
  landing: 0.8511814195662737
  view-data: 3.375091928988695
