times:
  edit-metadata: 1.4329140782356262
  landing: 0.8791233743540943
  view-data: 3.2791874269023538
