times:
  edit-metadata: 1.4066827348433435
  landing: 0.8644242356531322
  view-data: 3.6556051578372717
