times:
  edit-metadata: 1.4410149725154042
  landing: 0.864463085308671
  view-data: 3.3598476061597466
