times:
  edit-metadata: 3.284815900027752
  landing: 2.084920685738325
  view-data: 3.59143627807498
