times:
  edit-metadata: 1.372443063184619
  landing: 0.8696390260010958
  view-data: 3.3740769904106855
