times:
  edit-metadata: 1.643428061157465
  landing: 1.136835791170597
  view-data: 3.331633072346449
