times:
  edit-metadata: 0.5278139530000772
  landing: 0.06931096599964803
  view-data: 0.22271050900053524
