times:
  edit-metadata: 1.3694852669723332
  landing: 0.8494594101794064
  view-data: 3.4581982628442347
