times:
  edit-metadata: 1.484336955472827
  landing: 0.7567842155694962
  view-data: 3.432348320260644
