times:
  edit-metadata: 1.4121084697544575
  landing: 0.8733598850667477
  view-data: 3.346312591806054
