times:
  edit-metadata: 1.622867576777935
  landing: 0.9232771582901478
  view-data: 3.346063880249858
