times:
  edit-metadata: 1.5021313354372978
  landing: 0.8651517275720835
  view-data: 3.330977516248822
