times:
  edit-metadata: 1.5454632453620434
  landing: 0.8559300918132067
  view-data: 3.5752796679735184
