times:
  edit-metadata: 1.7086190730333328
  landing: 1.101875763386488
  view-data: 3.378703871741891
