times:
  edit-metadata: 1.4249779172241688
  landing: 0.7938580960035324
  view-data: 3.318231463432312
