times:
  edit-metadata: 2.718520864844322
  landing: 1.1882169656455517
  view-data: 3.301594413816929
