times:
  edit-metadata: 1.5391821414232254
  landing: 0.9395484924316406
  view-data: 3.3954492546617985
