times:
  edit-metadata: 0.5321233809227124
  landing: 0.043549038004130125
  view-data: 0.22203649999573827
