times:
  edit-metadata: 1.7018724381923676
  landing: 1.1499636992812157
  view-data: 3.370543573051691
