times:
  edit-metadata: 1.624572079628706
  landing: 0.8823168687522411
  view-data: 3.364830046892166
