times:
  edit-metadata: 1.4016026388853788
  landing: 0.7594361416995525
  view-data: 3.312010506168008
