times:
  edit-metadata: 1.70278450101614
  landing: 1.2055141068995
  view-data: 3.35897096991539
