times:
  edit-metadata: 2.08318944927305
  landing: 1.296137592755258
  view-data: 3.6416775258257985
