times:
  edit-metadata: 2.100471124984324
  landing: 1.388197704218328
  view-data: 3.574680039193481
