times:
  edit-metadata: 1.4990033134818077
  landing: 0.7729304246604443
  view-data: 3.3380393274128437
