times:
  edit-metadata: 1.3716643042862415
  landing: 0.8701859442517161
  view-data: 3.3218866856768727
