times:
  edit-metadata: 0.4774129259167239
  landing: 0.05236958700697869
  view-data: 0.21549391106236726
