times:
  edit-metadata: 1.4495841674506664
  landing: 0.7762241400778294
  view-data: 3.332851005718112
