times:
  edit-metadata: 0.46459128498099744
  landing: 0.08064209297299385
  view-data: 0.21442745788954198
