times:
  edit-metadata: 1.492602102458477
  landing: 1.1939922496676445
  view-data: 3.620219547301531
