times:
  edit-metadata: 1.6016371808946133
  landing: 1.0116394236683846
  view-data: 3.446598671376705
