times:
  edit-metadata: 1.4455461725592613
  landing: 0.8784643895924091
  view-data: 3.31470213457942
