times:
  edit-metadata: 1.4668220058083534
  landing: 0.8239468969404697
  view-data: 3.333688370883465
