times:
  edit-metadata: 1.468561876565218
  landing: 1.0565533097833395
  view-data: 3.39162334240973
