times:
  edit-metadata: 1.5298645552247763
  landing: 0.8272561803460121
  view-data: 3.324158711358905
