times:
  edit-metadata: 1.4448520205914974
  landing: 0.8361843302845955
  view-data: 3.3230710700154305
