times:
  edit-metadata: 2.4395829401910305
  landing: 1.9467289485037327
  view-data: 3.7398800663650036
