times:
  edit-metadata: 1.4325050003826618
  landing: 0.9654336608946323
  view-data: 3.289743911474943
