times:
  edit-metadata: 1.350951086729765
  landing: 0.928119171410799
  view-data: 3.339317597448826
