times:
  edit-metadata: 1.9840424889698625
  landing: 1.247706183232367
  view-data: 3.529057619161904
