times:
  edit-metadata: 0.5095138940960169
  landing: 0.04962065606378019
  view-data: 0.2291937799891457
