times:
  edit-metadata: 1.7850795350968838
  landing: 1.0938400141894817
  view-data: 3.420932911336422
