times:
  edit-metadata: 1.5317704379558563
  landing: 1.1069439239799976
  view-data: 3.397635940462351
