times:
  edit-metadata: 1.4745605327188969
  landing: 0.8243872504681349
  view-data: 3.368087112903595
