times:
  edit-metadata: 1.941551223397255
  landing: 1.0029644630849361
  view-data: 3.302164290100336
