times:
  edit-metadata: 1.4901465512812138
  landing: 0.7562315743416548
  view-data: 3.392205588519573
