times:
  edit-metadata: 1.365793438628316
  landing: 0.826165683567524
  view-data: 3.4029381200671196
