times:
  edit-metadata: 1.4085442919749767
  landing: 0.839207679964602
  view-data: 3.3469848909880966
