times:
  edit-metadata: 1.544146399013698
  landing: 1.1091804038733244
  view-data: 3.448974771425128
