times:
  edit-metadata: 1.3714132689638063
  landing: 0.8304834460141137
  view-data: 3.3571376190520823
