times:
  edit-metadata: 0.5494969906285405
  landing: 0.10686033265665174
  view-data: 0.23039468098431826
