times:
  edit-metadata: 1.8778700409457088
  landing: 0.9286548281088471
  view-data: 3.4241336807608604
