times:
  edit-metadata: 1.2338104210793972
  landing: 0.7866055965423584
  view-data: 3.4701098073273897
