times:
  edit-metadata: 1.90098568610847
  landing: 1.1263706274330616
  view-data: 3.3662251569330692
