times:
  edit-metadata: 1.3960974924266338
  landing: 0.7798425275832415
  view-data: 3.4093136489391327
