times:
  edit-metadata: 0.5504797830362804
  landing: 0.08102807402610779
  view-data: 0.22321802598889917
