times:
  edit-metadata: 1.3344992250204086
  landing: 1.2598158307373524
  view-data: 3.359867163002491
