times:
  edit-metadata: 0.5107317810179666
  landing: 0.0505221129860729
  view-data: 0.2167344359913841
