times:
  edit-metadata: 1.7337486110627651
  landing: 1.1245503537356853
  view-data: 3.4286702387034893
