times:
  edit-metadata: 0.5025567329721525
  landing: 0.04997006797930226
  view-data: 0.21696738695027307
