times:
  edit-metadata: 1.5348907001316547
  landing: 0.785027801990509
  view-data: 3.3798554576933384
