times:
  edit-metadata: 1.4588270410895348
  landing: 0.8359041041694582
  view-data: 3.3684801473282278
