times:
  edit-metadata: 1.4409393351525068
  landing: 0.7905009184032679
  view-data: 3.3388371039181948
