times:
  edit-metadata: 1.4647680893540382
  landing: 0.9820684790611267
  view-data: 3.2841278426349163
