times:
  edit-metadata: 1.4799419566988945
  landing: 0.9166921190917492
  view-data: 3.3721420355141163
