times:
  edit-metadata: 0.5079887888859957
  landing: 0.053530392004176974
  view-data: 0.22593659884296358
