times:
  edit-metadata: 1.4877942502498627
  landing: 0.7603314444422722
  view-data: 3.4037005342543125
