times:
  edit-metadata: 1.5994803830981255
  landing: 1.152469351887703
  view-data: 3.439600083976984
