times:
  edit-metadata: 0.4272737340070307
  landing: 0.048720889957621694
  view-data: 0.2168049169704318
