times:
  edit-metadata: 1.503634698688984
  landing: 0.7706331126391888
  view-data: 3.439671002328396
