times:
  edit-metadata: 1.3545886389911175
  landing: 0.7173132076859474
  view-data: 3.3790928572416306
