times:
  edit-metadata: 1.3598683229647577
  landing: 0.8501071271020919
  view-data: 3.3335912660695612
