times:
  edit-metadata: 0.5181257659569383
  landing: 0.07214219495654106
  view-data: 0.20436021988280118
