times:
  edit-metadata: 1.4846166986972094
  landing: 0.9666400700807571
  view-data: 3.3568711802363396
