times:
  edit-metadata: 1.3418938536196947
  landing: 0.8735818397253752
  view-data: 3.3885933933779597
