times:
  edit-metadata: 1.7027932330965996
  landing: 1.0409903526306152
  view-data: 3.4095712900161743
