times:
  edit-metadata: 1.2824093475937843
  landing: 0.8185386378318071
  view-data: 3.3076955527067184
