times:
  edit-metadata: 1.6434144526720047
  landing: 0.8180220574140549
  view-data: 3.3710917569696903
