times:
  edit-metadata: 0.48632005508989096
  landing: 0.07738782884553075
  view-data: 0.25973365898244083
