times:
  edit-metadata: 1.316303899511695
  landing: 0.9281209912151098
  view-data: 3.372766526415944
