times:
  edit-metadata: 1.1871670560212806
  landing: 0.22187396796653047
  view-data: 0.3310942549724132
