times:
  edit-metadata: 1.5343181006610394
  landing: 0.9589847177267075
  view-data: 3.3603363782167435
