times:
  edit-metadata: 1.499104568734765
  landing: 0.7944361250847578
  view-data: 3.383617917075753
