times:
  edit-metadata: 1.534569513052702
  landing: 0.867516566067934
  view-data: 3.3993797041475773
