times:
  edit-metadata: 1.5213908236473799
  landing: 0.9549471521750093
  view-data: 3.3328153416514397
