times:
  edit-metadata: 1.5064978711307049
  landing: 1.316238161176443
  view-data: 3.3086888901889324
