times:
  edit-metadata: 1.448029763996601
  landing: 0.9190394673496485
  view-data: 3.300486769527197
