times:
  edit-metadata: 1.4528376329690218
  landing: 0.8768440019339323
  view-data: 3.4260069960728288
