times:
  edit-metadata: 1.5298958756029606
  landing: 1.1621456108987331
  view-data: 3.462742779403925
