times:
  edit-metadata: 1.624418162740767
  landing: 1.0979844448156655
  view-data: 3.3000105139799416
