times:
  edit-metadata: 1.500237014144659
  landing: 0.9560097418725491
  view-data: 3.3053169287741184
