times:
  edit-metadata: 1.3419661726802588
  landing: 0.7752179447561502
  view-data: 3.39690806157887
