times:
  edit-metadata: 0.6099050240591168
  landing: 0.04348164494149387
  view-data: 0.2317933370359242
