times:
  edit-metadata: 1.4164522215723991
  landing: 0.8343048421666026
  view-data: 3.430998017080128
