times:
  edit-metadata: 1.4768183659762144
  landing: 0.7421059310436249
  view-data: 3.3267073072493076
