times:
  edit-metadata: 0.5243904097005725
  landing: 0.07299197092652321
  view-data: 0.24574473919346929
