times:
  edit-metadata: 1.4417048557661474
  landing: 0.8206677571870387
  view-data: 3.3972628209739923
