times:
  edit-metadata: 1.4816663470119238
  landing: 0.021233756095170975
  view-data: 0.34885571524500847
