times:
  edit-metadata: 1.0649154819839168
  landing: 0.09119732701219618
  view-data: 0.2820967560110148
