times:
  edit-metadata: 1.5152227003127337
  landing: 0.1312535684555769
  view-data: 0.30430280789732933
