times:
  edit-metadata: 1.6306536085903645
  landing: 5.097462456673384
  view-data: 3.3233142495155334
