times:
  edit-metadata: 1.5486127324402332
  landing: 0.9200192801654339
  view-data: 3.380866941064596
