times:
  edit-metadata: 1.3919402323663235
  landing: 0.8829901926219463
  view-data: 3.3353222217410803
