times:
  edit-metadata: 0.5952217849553563
  landing: 0.05495527799939737
  view-data: 0.2263809500145726
