times:
  edit-metadata: 1.5644498877227306
  landing: 0.8973814956843853
  view-data: 3.376920722424984
