times:
  edit-metadata: 0.7027652491815388
  landing: 0.04458874696865678
  view-data: 0.21817045286297798
