times:
  edit-metadata: 1.7468977347016335
  landing: 0.2307655643671751
  view-data: 0.02370007336139679
