times:
  edit-metadata: 1.4955597780644894
  landing: 0.8517907857894897
  view-data: 3.365438498556614
