times:
  edit-metadata: 1.4295314522460103
  landing: 0.8803499978967011
  view-data: 3.3948480780236423
