times:
  edit-metadata: 1.6705198213458061
  landing: 1.0241817571222782
  view-data: 3.3744791001081467
