times:
  edit-metadata: 0.5765547410119325
  landing: 0.04615160496905446
  view-data: 0.22094219410791993
