times:
  edit-metadata: 1.6461495361290872
  landing: 1.0562374368309975
  view-data: 3.3163961679674685
