times:
  edit-metadata: 1.7167489863932133
  landing: 1.1085671223700047
  view-data: 3.318658836185932
