times:
  edit-metadata: 1.442351344972849
  landing: 0.8317109756171703
  view-data: 3.3403691798448563
