times:
  edit-metadata: 1.596052972599864
  landing: 0.820433771237731
  view-data: 3.427529063075781
