times:
  edit-metadata: 1.5065679587423801
  landing: 0.7932344265282154
  view-data: 3.459738127887249
