times:
  edit-metadata: 1.4257513829506934
  landing: 0.9075346821919084
  view-data: 3.404300690628588
