times:
  edit-metadata: 0.616540415911004
  landing: 0.05293091991916299
  view-data: 0.37382796383462846
