times:
  edit-metadata: 1.5666209273040295
  landing: 1.066163919866085
  view-data: 3.3636340126395226
