times:
  edit-metadata: 1.5176530480384827
  landing: 0.7891953699290752
  view-data: 3.3633689135313034
