times:
  edit-metadata: 0.5872256809379905
  landing: 0.04220106895081699
  view-data: 0.23653625790029764
