times:
  edit-metadata: 1.8022209126502275
  landing: 0.020008839666843414
  view-data: 0.37878287956118584
