times:
  edit-metadata: 0.5695616960001644
  landing: 0.04056492400013667
  view-data: 0.22574907899979735
