times:
  edit-metadata: 1.5141111947596073
  landing: 0.9192085862159729
  view-data: 3.356177467852831
