times:
  edit-metadata: 1.6079968474805355
  landing: 1.155974306166172
  view-data: 3.4590714648365974
