times:
  edit-metadata: 1.524899210780859
  landing: 0.7861760202795267
  view-data: 3.4492917377501726
