times:
  edit-metadata: 1.5131063018925488
  landing: 1.0356511753052473
  view-data: 3.36011394392699
