times:
  edit-metadata: 1.3129494240274653
  landing: 0.2983316879835911
  view-data: 0.299608490022365
