times:
  edit-metadata: 1.5197304747998714
  landing: 0.8989266455173492
  view-data: 3.3090805169194937
