times:
  edit-metadata: 1.4968960918486118
  landing: 0.228670172393322
  view-data: 0.022405413910746574
