times:
  edit-metadata: 1.5108467368409038
  landing: 0.7834868878126144
  view-data: 3.365561570972204
