times:
  edit-metadata: 0.576684875995852
  landing: 0.054734403965994716
  view-data: 0.2323669659672305
