times:
  edit-metadata: 1.5491071343421936
  landing: 0.8300489168614149
  view-data: 3.4134334065020084
