times:
  edit-metadata: 1.502435153350234
  landing: 0.7640493344515562
  view-data: 3.390912475064397
