times:
  edit-metadata: 2.8463881872594357
  landing: 2.2979352604597807
  view-data: 3.846037784591317
