times:
  edit-metadata: 1.4052958320826292
  landing: 0.8419962560292333
  view-data: 3.273472703061998
