times:
  edit-metadata: 2.0478839380666614
  landing: 1.0836627474054694
  view-data: 3.328228322789073
