times:
  edit-metadata: 0.5906002500560135
  landing: 0.05051980912685394
  view-data: 0.3374342939350754
