times:
  edit-metadata: 1.5364907197654247
  landing: 0.9484393037855625
  view-data: 3.3864784725010395
