times:
  edit-metadata: 1.4225979261100292
  landing: 0.9399273507297039
  view-data: 3.369674474000931
