times:
  edit-metadata: 0.7343709338456392
  landing: 0.054052738938480616
  view-data: 0.236024035140872
