times:
  edit-metadata: 1.4330697264522314
  landing: 1.0937269479036331
  view-data: 3.286182237789035
