times:
  edit-metadata: 1.2902770270593464
  landing: 0.824625997338444
  view-data: 3.3166679400019348
