times:
  edit-metadata: 0.5969064859964419
  landing: 0.07274409601814114
  view-data: 0.24116833598236553
