times:
  edit-metadata: 4.9298454541713
  landing: 1.825112670660019
  view-data: 3.5397323966026306
