times:
  edit-metadata: 1.5335176140069962
  landing: 0.9527227208018303
  view-data: 3.426884602755308
