times:
  edit-metadata: 1.6404995750635862
  landing: 0.8246136195957661
  view-data: 3.404533687978983
