times:
  edit-metadata: 1.4315720535814762
  landing: 0.8437243010848761
  view-data: 3.379420204088092
