times:
  edit-metadata: 1.5766781233251095
  landing: 0.9747944641858339
  view-data: 3.4042791947722435
