times:
  edit-metadata: 0.7401361772790551
  landing: 0.04751187935471535
  view-data: 0.39275991078466177
