times:
  edit-metadata: 0.7178526199422777
  landing: 0.1173519641160965
  view-data: 0.2680317498743534
