times:
  edit-metadata: 1.4052493143826723
  landing: 0.9122145809233189
  view-data: 3.3513884730637074
