times:
  edit-metadata: 0.7151320840057451
  landing: 0.044556271997862495
  view-data: 0.3554985079972539
