times:
  edit-metadata: 0.6347301991190761
  landing: 0.06902507692575455
  view-data: 0.2517235279083252
