times:
  edit-metadata: 0.7167127440334298
  landing: 0.05204088403843343
  view-data: 0.24124933098210022
