times:
  edit-metadata: 0.9611034030094743
  landing: 0.07292333291843534
  view-data: 0.2790224929340184
