times:
  edit-metadata: 0.586471772287041
  landing: 0.06215412821620703
  view-data: 0.2380427261814475
