times:
  edit-metadata: 1.4374282285571098
  landing: 0.8113926239311695
  view-data: 3.2827207427471876
