times:
  edit-metadata: 0.7122672740370035
  landing: 0.03898498503258452
  view-data: 0.2362873230013065
