times:
  edit-metadata: 1.717593314126134
  landing: 0.15718583017587662
  view-data: 0.35738711431622505
