times:
  edit-metadata: 1.6035252753645182
  landing: 0.9269006885588169
  view-data: 3.477681053802371
