times:
  edit-metadata: 1.539474556222558
  landing: 0.7868535667657852
  view-data: 3.3941570948809385
