times:
  edit-metadata: 0.5792461577802896
  landing: 0.042427413165569305
  view-data: 0.2154154540039599
