times:
  edit-metadata: 1.392116080969572
  landing: 0.8746961429715157
  view-data: 3.4042771123349667
