times:
  edit-metadata: 1.6443586368113756
  landing: 1.1643711728975177
  view-data: 3.3804332055151463
