times:
  edit-metadata: 2.267176376655698
  landing: 1.5366631895303726
  view-data: 3.844499822705984
