times:
  edit-metadata: 1.4492871947586536
  landing: 0.859605211764574
  view-data: 3.4229386914521456
