times:
  edit-metadata: 1.5372510515153408
  landing: 0.9690407998859882
  view-data: 3.529976148158312
