times:
  edit-metadata: 2.5873481016606092
  landing: 1.4759131986647844
  view-data: 3.6775586484000087
