times:
  edit-metadata: 1.4161567948758602
  landing: 0.020248839631676674
  view-data: 0.2827663104981184
