times:
  edit-metadata: 1.7430497035384178
  landing: 0.01964271254837513
  view-data: 0.15389961190521717
