times:
  edit-metadata: 2.0982792042195797
  landing: 1.1732372641563416
  view-data: 3.322300612926483
