times:
  edit-metadata: 1.4455381967127323
  landing: 0.9652021937072277
  view-data: 3.3344056643545628
