times:
  edit-metadata: 0.601366545073688
  landing: 0.03872224409133196
  view-data: 0.2359301820397377
