times:
  edit-metadata: 1.5117861907929182
  landing: 0.020333513617515564
  view-data: 0.026193685829639435
