times:
  edit-metadata: 1.577292237430811
  landing: 1.0879189297556877
  view-data: 3.3322712257504463
