times:
  edit-metadata: 1.5361952167004347
  landing: 0.841769028455019
  view-data: 3.441846154630184
