times:
  edit-metadata: 0.6303479298949242
  landing: 0.04918068810366094
  view-data: 0.23683898290619254
