times:
  edit-metadata: 1.4214489255100489
  landing: 0.02006240002810955
  view-data: 0.026769448071718216
