times:
  edit-metadata: 1.5299870371818542
  landing: 0.9243288412690163
  view-data: 3.4229685440659523
