times:
  edit-metadata: 1.5048223547637463
  landing: 0.7954150158911943
  view-data: 3.328415432944894
