times:
  edit-metadata: 1.5779615566134453
  landing: 0.2544745206832886
  view-data: 0.16443032957613468
