times:
  edit-metadata: 1.567717706784606
  landing: 0.7544638905674219
  view-data: 3.367328330874443
