times:
  edit-metadata: 1.460678180679679
  landing: 0.02414797991514206
  view-data: 0.29516105353832245
