times:
  edit-metadata: 1.5160140809603035
  landing: 0.9452234013006091
  view-data: 3.496370025910437
