times:
  edit-metadata: 2.1948388442397118
  landing: 2.116496317088604
  view-data: 3.5598645098507404
