times:
  edit-metadata: 0.606988794868812
  landing: 0.06227128999307752
  view-data: 0.22406765399500728
