times:
  edit-metadata: 1.488566655665636
  landing: 0.9530092626810074
  view-data: 3.2654221802949905
