times:
  edit-metadata: 1.5269653759896755
  landing: 0.8207785598933697
  view-data: 3.407043542712927
