times:
  edit-metadata: 1.5637175012379885
  landing: 0.2244582287967205
  view-data: 0.38724828138947487
