times:
  edit-metadata: 0.9156140862032771
  landing: 0.04312360379844904
  view-data: 0.23531969264149666
