times:
  edit-metadata: 1.3224716261029243
  landing: 0.8077099649235606
  view-data: 3.4864050606265664
