times:
  edit-metadata: 1.4161347709596157
  landing: 0.9602123312652111
  view-data: 3.318518828600645
