times:
  edit-metadata: 1.4023562502115965
  landing: 0.8778966148383915
  view-data: 3.3144603157415986
