times:
  edit-metadata: 1.7001287546008825
  landing: 0.40225772373378277
  view-data: 0.3293736521154642
