times:
  edit-metadata: 1.4619227889925241
  landing: 0.9219778552651405
  view-data: 3.45518553070724
