times:
  edit-metadata: 0.7367910119937733
  landing: 0.054324175987858325
  view-data: 0.2293092549953144
