times:
  edit-metadata: 1.6079906709492207
  landing: 1.019060879945755
  view-data: 3.3529713414609432
