times:
  edit-metadata: 1.4781249947845936
  landing: 0.72815434448421
  view-data: 3.3952289894223213
