times:
  edit-metadata: 1.471229275688529
  landing: 0.1412873174995184
  view-data: 0.34193223156034946
