times:
  edit-metadata: 1.6175453700125217
  landing: 0.14084369875490665
  view-data: 0.03244386427104473
