times:
  edit-metadata: 0.7046262379735708
  landing: 0.04857357405126095
  view-data: 0.22482692264020443
