times:
  edit-metadata: 2.159390280023217
  landing: 1.5689957924187183
  view-data: 3.4891223050653934
