times:
  edit-metadata: 3.6577125154435635
  landing: 2.0504427924752235
  view-data: 3.888995721936226
