times:
  edit-metadata: 1.4095855329651386
  landing: 0.812229627976194
  view-data: 3.3182827359996736
