times:
  edit-metadata: 2.120051722973585
  landing: 1.3112911470234394
  view-data: 3.7792296037077904
