times:
  edit-metadata: 1.3924759104847908
  landing: 0.22324606589972973
  view-data: 0.2893167845904827
