times:
  edit-metadata: 1.353629307821393
  landing: 0.020160425454378128
  view-data: 0.025920715183019638
