times:
  edit-metadata: 1.4287522472441196
  landing: 0.1862335205078125
  view-data: 0.3095347434282303
