times:
  edit-metadata: 1.5388423204421997
  landing: 0.2509676367044449
  view-data: 0.39701230078935623
