times:
  edit-metadata: 1.5071192421019077
  landing: 0.7626447677612305
  view-data: 3.3816351369023323
