times:
  edit-metadata: 0.6072068060748279
  landing: 0.06275024102069438
  view-data: 0.2643014509230852
