times:
  edit-metadata: 0.6829283307306468
  landing: 0.052154240664094687
  view-data: 0.23334745923057199
