times:
  edit-metadata: 1.807400917634368
  landing: 1.0704405633732677
  view-data: 3.3514876067638397
