times:
  edit-metadata: 0.6962185148149729
  landing: 0.050085741095244884
  view-data: 0.2928686961531639
