times:
  edit-metadata: 1.4854525104165077
  landing: 0.8176852501928806
  view-data: 3.2601271346211433
