times:
  edit-metadata: 1.5631837025284767
  landing: 0.9092670530080795
  view-data: 3.370635710656643
