times:
  edit-metadata: 1.3900761604309082
  landing: 0.7453810721635818
  view-data: 3.3361359797418118
