times:
  edit-metadata: 1.5055337883532047
  landing: 0.02346394769847393
  view-data: 0.35570268891751766
