times:
  edit-metadata: 1.453555315034464
  landing: 0.8953729108907282
  view-data: 3.3936148250941187
