times:
  edit-metadata: 2.925703302025795
  landing: 1.3350304178893566
  view-data: 3.3941353484988213
