times:
  edit-metadata: 1.4276505932211876
  landing: 0.8376509519293904
  view-data: 3.421136759221554
