times:
  edit-metadata: 0.7098358199000359
  landing: 0.049010092043317854
  view-data: 0.28941190300974995
