times:
  edit-metadata: 2.1317310631275177
  landing: 1.0752245802432299
  view-data: 3.5083964243531227
