times:
  edit-metadata: 0.6370563311502337
  landing: 0.06514743017032743
  view-data: 0.22877832781523466
