times:
  edit-metadata: 0.7178817018866539
  landing: 0.07971178228035569
  view-data: 0.3009833237156272
