times:
  edit-metadata: 0.7137260092422366
  landing: 0.046649003867059946
  view-data: 0.22690279129892588
