times:
  edit-metadata: 1.4977584145963192
  landing: 0.8896569013595581
  view-data: 3.3196659199893475
