times:
  edit-metadata: 1.6959607116878033
  landing: 1.082802627235651
  view-data: 3.405070938169956
