times:
  edit-metadata: 1.4813662581145763
  landing: 0.7957610301673412
  view-data: 3.345346689224243
