times:
  edit-metadata: 1.461105243768543
  landing: 0.7683518892154098
  view-data: 3.357719348743558
