times:
  edit-metadata: 2.7516643796116114
  landing: 1.362230658531189
  view-data: 3.7736827563494444
