times:
  edit-metadata: 1.5515204910188913
  landing: 0.8089036401361227
  view-data: 3.373304905369878
