times:
  edit-metadata: 1.5124714318662882
  landing: 0.8077182453125715
  view-data: 3.3832775484770536
