times:
  edit-metadata: 1.4208950740285218
  landing: 0.7627698108553886
  view-data: 3.38590712309815
