times:
  edit-metadata: 0.5778607779648155
  landing: 0.04030322190374136
  view-data: 0.22604298894293606
