times:
  edit-metadata: 1.522537723183632
  landing: 0.8835651837289333
  view-data: 3.386042207479477
