times:
  edit-metadata: 0.5835416689515114
  landing: 0.047997819958254695
  view-data: 0.21194782108068466
