times:
  edit-metadata: 1.4312892149901018
  landing: 0.9013438599649817
  view-data: 3.3102570469491184
