times:
  edit-metadata: 1.5000900104641914
  landing: 0.8885144852101803
  view-data: 3.4220966547727585
