times:
  edit-metadata: 1.6165882349014282
  landing: 0.27709023654460907
  view-data: 0.137502895668149
