times:
  edit-metadata: 1.444050282239914
  landing: 0.8553987517952919
  view-data: 3.4075251929461956
