times:
  edit-metadata: 0.5855032429099083
  landing: 0.061600358691066504
  view-data: 0.24125094572082162
