times:
  edit-metadata: 0.6069489709916525
  landing: 0.06523410603404045
  view-data: 0.24934621795546263
