times:
  edit-metadata: 0.7128547239990439
  landing: 0.048676744001568295
  view-data: 0.24893998700281372
