times:
  edit-metadata: 1.4563875943422318
  landing: 0.8811245821416378
  view-data: 3.30461048707366
