times:
  edit-metadata: 0.756737370043993
  landing: 0.07001554081216455
  view-data: 0.2930784490890801
