times:
  edit-metadata: 0.7629628659924492
  landing: 0.05010671296622604
  view-data: 0.3709380159853026
