times:
  edit-metadata: 1.4294310621917248
  landing: 0.8308989135548472
  view-data: 0.556093966588378
