times:
  edit-metadata: 3.6580069214105606
  landing: 2.262990780174732
  view-data: 3.5879406481981277
