times:
  edit-metadata: 0.706865743995877
  landing: 0.06512601900612935
  view-data: 0.24839123399578966
