times:
  edit-metadata: 1.193795170984231
  landing: 0.9287980629596859
  view-data: 3.38303139898926
