times:
  edit-metadata: 2.3190038315951824
  landing: 1.1981555931270123
  view-data: 3.5061447136104107
