times:
  edit-metadata: 1.5834575574845076
  landing: 0.949353039264679
  view-data: 3.5348519571125507
