times:
  edit-metadata: 1.6052671372890472
  landing: 0.8841108232736588
  view-data: 3.3479671515524387
