times:
  edit-metadata: 1.4304137993603945
  landing: 0.7592558991163969
  view-data: 3.296210255473852
