times:
  edit-metadata: 1.5132194217294455
  landing: 0.022139418870210648
  view-data: 0.023203060030937195
