times:
  edit-metadata: 1.6502916179597378
  landing: 0.22052252292633057
  view-data: 0.32178782671689987
