times:
  edit-metadata: 1.4719667471945286
  landing: 0.22301166877150536
  view-data: 0.3669412098824978
