times:
  edit-metadata: 1.6566660664975643
  landing: 0.9840852245688438
  view-data: 3.3628926761448383
