times:
  edit-metadata: 1.4328078106045723
  landing: 0.8503961004316807
  view-data: 3.4836304783821106
