times:
  edit-metadata: 0.6138772139092907
  landing: 0.052111087017692626
  view-data: 0.3575538949808106
