times:
  edit-metadata: 1.3934202790260315
  landing: 0.7454159874469042
  view-data: 3.3180367555469275
