times:
  edit-metadata: 2.867174994200468
  landing: 1.2088283263146877
  view-data: 3.3382532503455877
