times:
  edit-metadata: 1.495558600872755
  landing: 0.9527204483747482
  view-data: 3.403263572603464
