times:
  edit-metadata: 1.5047337356954813
  landing: 0.7616795059293509
  view-data: 3.4409876689314842
