times:
  edit-metadata: 0.7190057249972597
  landing: 0.04683199303690344
  view-data: 0.24515210092067719
