times:
  edit-metadata: 0.64433712977916
  landing: 0.070133299799636
  view-data: 0.22461685398593545
