times:
  edit-metadata: 1.493616812163964
  landing: 0.8732563671655953
  view-data: 3.4108958980068564
