times:
  edit-metadata: 1.4947906031738967
  landing: 0.8082270589657128
  view-data: 3.4283478499855846
