times:
  edit-metadata: 1.4822899252176285
  landing: 0.9389631301164627
  view-data: 3.4320181384682655
