times:
  edit-metadata: 1.3433125615119934
  landing: 0.8237259853631258
  view-data: 3.2907055281102657
