times:
  edit-metadata: 1.4261532127857208
  landing: 0.8888841457664967
  view-data: 3.3794551007449627
