times:
  edit-metadata: 1.5322037357836962
  landing: 0.022808769717812538
  view-data: 0.40912927873432636
