times:
  edit-metadata: 1.5255003420170397
  landing: 1.0468967398628592
  view-data: 3.401530026923865
