times:
  edit-metadata: 1.3918510545045137
  landing: 0.8077620398253202
  view-data: 3.3606135742738843
