times:
  edit-metadata: 1.52053864300251
  landing: 0.9418956823647022
  view-data: 3.4050372168421745
