times:
  edit-metadata: 1.5433645248413086
  landing: 0.8910672049969435
  view-data: 3.4602556629106402
