times:
  edit-metadata: 0.567780943994876
  landing: 0.045144586998503655
  view-data: 0.25550044601550326
