times:
  edit-metadata: 2.3986608227714896
  landing: 1.3622491611167789
  view-data: 3.741486055776477
