times:
  edit-metadata: 1.4244594853371382
  landing: 0.9244602043181658
  view-data: 3.4749214006587863
