times:
  edit-metadata: 0.5924863389227539
  landing: 0.06510299304500222
  view-data: 0.22067749896086752
