times:
  edit-metadata: 1.5411817133426666
  landing: 1.0273058973252773
  view-data: 3.380231913179159
