times:
  edit-metadata: 1.380904819816351
  landing: 0.7075973525643349
  view-data: 3.335576079785824
