times:
  edit-metadata: 1.4921930562704802
  landing: 0.804950188845396
  view-data: 3.4341975525021553
