times:
  edit-metadata: 1.3863772004842758
  landing: 0.9273019060492516
  view-data: 3.344295956194401
