times:
  edit-metadata: 0.6119068609550595
  landing: 0.05271422886289656
  view-data: 0.23299248795956373
