times:
  edit-metadata: 1.5056696273386478
  landing: 0.8962317127734423
  view-data: 3.4241229239851236
