times:
  edit-metadata: 0.73566770600155
  landing: 0.039929222999489866
  view-data: 0.22808064299897524
