times:
  edit-metadata: 1.4670244567096233
  landing: 0.9165982306003571
  view-data: 3.396390965208411
