times:
  edit-metadata: 0.7258818220579997
  landing: 0.048826372949406505
  view-data: 0.2502157059498131
