times:
  edit-metadata: 1.405631442554295
  landing: 0.8003527317196131
  view-data: 3.4874783428385854
