times:
  edit-metadata: 1.6035774089396
  landing: 1.7243239395320415
  view-data: 3.340810429304838
