times:
  edit-metadata: 1.3834942449993832
  landing: 0.06245075100014219
  view-data: 0.3139953579993744
