times:
  edit-metadata: 1.2311201407574117
  landing: 0.7765996330417693
  view-data: 3.2690297779627144
