times:
  edit-metadata: 1.4792058169841766
  landing: 1.0319433994591236
  view-data: 3.3745095133781433
