times:
  edit-metadata: 3.136193171143532
  landing: 1.54405571334064
  view-data: 3.631661329418421
