times:
  edit-metadata: 1.672324674203992
  landing: 0.2643601428717375
  view-data: 0.44746971875429153
