times:
  edit-metadata: 1.873820848762989
  landing: 1.1048116516321898
  view-data: 3.4038452208042145
