times:
  edit-metadata: 1.4941471870988607
  landing: 0.766924187541008
  view-data: 3.3306216057389975
