times:
  edit-metadata: 1.8286136565729976
  landing: 1.1582888206467032
  view-data: 3.6225616736337543
