times:
  edit-metadata: 0.6430381790269166
  landing: 0.053913214011117816
  view-data: 0.40247920900583267
