times:
  edit-metadata: 0.7363820532336831
  landing: 0.08250815002247691
  view-data: 0.31566736521199346
