times:
  edit-metadata: 0.5788508942350745
  landing: 0.04695972194895148
  view-data: 0.23793412325903773
