times:
  edit-metadata: 0.5828012800775468
  landing: 0.054261510260403156
  view-data: 0.25037693371996284
