times:
  edit-metadata: 1.4933341965079308
  landing: 0.8346596164628863
  view-data: 3.4708753945305943
