times:
  edit-metadata: 1.6293435096740723
  landing: 0.924945417791605
  view-data: 3.46400648355484
