times:
  edit-metadata: 1.4902310892939568
  landing: 0.7700768038630486
  view-data: 3.435670282691717
