times:
  edit-metadata: 0.5764144558925182
  landing: 0.044536867178976536
  view-data: 0.23037677397951484
