times:
  edit-metadata: 0.7812731960148085
  landing: 0.06981096300296485
  view-data: 0.24092843898688443
