times:
  edit-metadata: 2.233921993523836
  landing: 1.8428064696490765
  view-data: 3.542096743360162
