times:
  edit-metadata: 1.3724228478968143
  landing: 0.8360716290771961
  view-data: 3.292849835008383
