times:
  edit-metadata: 1.4285080283880234
  landing: 1.0118248127400875
  view-data: 3.386424034833908
