times:
  edit-metadata: 1.4318888112902641
  landing: 0.8655772283673286
  view-data: 3.3520810157060623
