times:
  edit-metadata: 1.5108773671090603
  landing: 0.19292242266237736
  view-data: 0.02732100524008274
