times:
  edit-metadata: 1.5268665552139282
  landing: 0.7695318274199963
  view-data: 3.3834067713469267
