times:
  edit-metadata: 1.508986847475171
  landing: 0.8451482728123665
  view-data: 3.4617631379514933
