times:
  edit-metadata: 1.51923505961895
  landing: 0.8440687097609043
  view-data: 3.420911906287074
