times:
  edit-metadata: 1.5384868010878563
  landing: 0.8358270581811666
  view-data: 3.4510695207864046
