times:
  edit-metadata: 1.6507624760270119
  landing: 1.071077074855566
  view-data: 3.333701901137829
