times:
  edit-metadata: 1.4967987537384033
  landing: 1.0898268669843674
  view-data: 3.3710937947034836
