times:
  edit-metadata: 1.4531540554016829
  landing: 0.02534152939915657
  view-data: 0.29909385554492474
