times:
  edit-metadata: 1.4464835077524185
  landing: 0.8828384317457676
  view-data: 3.325259082019329
