times:
  edit-metadata: 0.6070050530834123
  landing: 0.04279426904395223
  view-data: 0.2553390159737319
