times:
  edit-metadata: 1.385049631819129
  landing: 0.9016165481880307
  view-data: 3.5468475678935647
