times:
  edit-metadata: 0.5813277729321271
  landing: 0.03713335399515927
  view-data: 0.2216288740746677
