times:
  edit-metadata: 1.5447244569659233
  landing: 1.0782549530267715
  view-data: 3.392882816493511
