times:
  edit-metadata: 0.5911008640032378
  landing: 0.04616851299942937
  view-data: 0.23460040299687535
