times:
  edit-metadata: 1.6423053424805403
  landing: 0.895539715886116
  view-data: 3.4114278946071863
