times:
  edit-metadata: 1.3920435588806868
  landing: 0.8155402084812522
  view-data: 3.33850053884089
