times:
  edit-metadata: 2.371153397485614
  landing: 1.323998088017106
  view-data: 3.677614980377257
