times:
  edit-metadata: 1.635472048074007
  landing: 1.093204722739756
  view-data: 3.2634802097454667
