times:
  edit-metadata: 0.5924127140024211
  landing: 0.043772342993179336
  view-data: 0.2392600710008992
