times:
  edit-metadata: 0.625524905975908
  landing: 0.05075605493038893
  view-data: 0.21672802604734898
