times:
  edit-metadata: 3.4771409034729004
  landing: 2.2701511420309544
  view-data: 3.862437402829528
