times:
  edit-metadata: 2.350807823240757
  landing: 1.5282532200217247
  view-data: 3.695202674716711
