times:
  edit-metadata: 1.4236123152077198
  landing: 0.19751487113535404
  view-data: 0.3134105745702982
