times:
  edit-metadata: 1.6044137477874756
  landing: 0.25407977774739265
  view-data: 0.3329822439700365
