times:
  edit-metadata: 0.5734668920049444
  landing: 0.04459368099924177
  view-data: 0.2393286820151843
