times:
  edit-metadata: 0.6080053178593516
  landing: 0.05625982815399766
  view-data: 0.21705888211727142
