times:
  edit-metadata: 0.8267351500689983
  landing: 0.04902000818401575
  view-data: 0.23514666175469756
