times:
  edit-metadata: 1.3946881964802742
  landing: 0.8346187807619572
  view-data: 3.311573415994644
