times:
  edit-metadata: 0.7009190102107823
  landing: 0.051058238837867975
  view-data: 0.22847203724086285
