times:
  edit-metadata: 3.481348989531398
  landing: 0.024743439629673958
  view-data: 0.048780834302306175
