times:
  edit-metadata: 1.4863637667149305
  landing: 0.7934673223644495
  view-data: 3.3450113348662853
