times:
  edit-metadata: 0.5971599591430277
  landing: 0.048201116966083646
  view-data: 0.23177961795590818
