times:
  edit-metadata: 1.4550542393699288
  landing: 0.7870361087843776
  view-data: 3.324011660180986
