times:
  edit-metadata: 1.381231201812625
  landing: 0.8091576863080263
  view-data: 3.3215762451291084
