times:
  edit-metadata: 1.4516969360411167
  landing: 0.8533082902431488
  view-data: 3.3323848582804203
