times:
  edit-metadata: 0.8940645083785057
  landing: 0.048647540621459484
  view-data: 0.23630006797611713
