times:
  edit-metadata: 2.6669137720018625
  landing: 1.5562293957918882
  view-data: 3.409180799499154
