times:
  edit-metadata: 1.4763329736888409
  landing: 0.814430370926857
  view-data: 3.371370516717434
