times:
  edit-metadata: 1.618631148710847
  landing: 0.8394556362181902
  view-data: 3.3928556498140097
