times:
  edit-metadata: 1.7754305731505156
  landing: 0.3243752643465996
  view-data: 0.1552535966038704
