times:
  edit-metadata: 1.4266816833987832
  landing: 0.8450067727826536
  view-data: 3.3705854290165007
