times:
  edit-metadata: 0.6488827439025044
  landing: 0.04441557009704411
  view-data: 0.24721431103534997
