times:
  edit-metadata: 1.4168761810287833
  landing: 0.8363939756527543
  view-data: 3.3558928119018674
