times:
  edit-metadata: 1.5382435396313667
  landing: 0.9936978779733181
  view-data: 3.4071306958794594
