times:
  edit-metadata: 1.5655423179268837
  landing: 0.9203521907329559
  view-data: 3.3502225801348686
