times:
  edit-metadata: 0.732742524240166
  landing: 0.07347062276676297
  view-data: 0.28076025005429983
