times:
  edit-metadata: 1.5931586381047964
  landing: 0.01989142782986164
  view-data: 0.3695485759526491
