times:
  edit-metadata: 0.7106107470026473
  landing: 0.060829573005321436
  view-data: 0.2526011070003733
