times:
  edit-metadata: 1.8033313620835543
  landing: 0.05067199282348156
  view-data: 0.40816407836973667
