times:
  edit-metadata: 1.513000525534153
  landing: 0.8327747136354446
  view-data: 3.4151384122669697
