times:
  edit-metadata: 1.5262002926319838
  landing: 0.8152590654790401
  view-data: 3.408678609877825
