times:
  edit-metadata: 2.013635788112879
  landing: 1.547226421535015
  view-data: 3.4214260429143906
