times:
  edit-metadata: 1.4449241934344172
  landing: 0.951560739427805
  view-data: 3.3534159576520324
