times:
  edit-metadata: 1.4393166229128838
  landing: 0.896469471976161
  view-data: 3.381682035513222
