times:
  edit-metadata: 1.3985484060831368
  landing: 0.8177784918807447
  view-data: 3.3497865500394255
