times:
  edit-metadata: 1.503513801842928
  landing: 0.8687432575970888
  view-data: 3.4043263532221317
