times:
  edit-metadata: 0.7084717819961952
  landing: 0.04799636799725704
  view-data: 0.235213140011183
