times:
  edit-metadata: 1.4199295192956924
  landing: 0.8179729916155338
  view-data: 3.3233780041337013
