times:
  edit-metadata: 2.1879546996206045
  landing: 1.4856008905917406
  view-data: 3.4802002739161253
