times:
  edit-metadata: 1.6134466659277678
  landing: 0.14366041496396065
  view-data: 0.36108193546533585
