times:
  edit-metadata: 1.6264439821243286
  landing: 1.0470068268477917
  view-data: 3.474639818072319
