times:
  edit-metadata: 1.463812243193388
  landing: 0.898632138967514
  view-data: 3.3296640180051327
