times:
  edit-metadata: 2.2868680506944656
  landing: 1.1097802612930536
  view-data: 3.5530485659837723
