times:
  edit-metadata: 0.5786894089542329
  landing: 0.06249297992326319
  view-data: 0.23023109999485314
