times:
  edit-metadata: 1.4633270762860775
  landing: 0.9877018146216869
  view-data: 3.3712524892762303
