times:
  edit-metadata: 1.5014237333089113
  landing: 0.8390827532857656
  view-data: 3.404997354373336
