times:
  edit-metadata: 1.4391718273982406
  landing: 0.8341825921088457
  view-data: 3.529325045645237
