times:
  edit-metadata: 1.709737129509449
  landing: 0.9844988286495209
  view-data: 3.3422226570546627
