times:
  edit-metadata: 1.2220315489685163
  landing: 0.9298433200456202
  view-data: 3.4953751319553703
