times:
  edit-metadata: 1.4068152660038322
  landing: 0.8393578010145575
  view-data: 3.349159578094259
