times:
  edit-metadata: 1.4802832826972008
  landing: 0.777406457811594
  view-data: 3.3630496375262737
