times:
  edit-metadata: 0.7383269569836557
  landing: 0.050298804068006575
  view-data: 0.3536106609972194
