times:
  edit-metadata: 1.5284605994820595
  landing: 0.943463571369648
  view-data: 3.340579032897949
