times:
  edit-metadata: 1.4395609507337213
  landing: 0.841687673702836
  view-data: 3.461747723631561
