times:
  edit-metadata: 1.8341405652463436
  landing: 1.0876822960563004
  view-data: 3.551809776108712
