times:
  edit-metadata: 1.4789617881178856
  landing: 0.7841937839984894
  view-data: 3.3640669137239456
