times:
  edit-metadata: 1.7213402036577463
  landing: 0.13450893014669418
  view-data: 0.1668363530188799
