times:
  edit-metadata: 1.4862240781076252
  landing: 0.7372178321238607
  view-data: 3.2292644430417567
