times:
  edit-metadata: 0.5902968280133791
  landing: 0.07046338100917637
  view-data: 0.2710467660217546
