times:
  edit-metadata: 0.9134012059075758
  landing: 0.04508792806882411
  view-data: 0.25682975607924163
