times:
  edit-metadata: 0.948493089992553
  landing: 0.061940663959831
  view-data: 0.26690432894974947
