times:
  edit-metadata: 1.408330962061882
  landing: 0.9004973098635674
  view-data: 3.4137376826256514
