times:
  edit-metadata: 2.3383982684463263
  landing: 1.192388438154012
  view-data: 3.5573195600882173
