times:
  edit-metadata: 1.383911620825529
  landing: 0.9887771606445312
  view-data: 3.2950415574014187
