times:
  edit-metadata: 1.4652784019708633
  landing: 0.948756255209446
  view-data: 3.365044940263033
