times:
  edit-metadata: 1.655974579975009
  landing: 0.18835183419287205
  view-data: 0.35331553779542446
