times:
  edit-metadata: 1.537458423525095
  landing: 0.8893319070339203
  view-data: 3.322897396981716
