times:
  edit-metadata: 1.4426965024322271
  landing: 0.1978587992489338
  view-data: 0.2883076034486294
