times:
  edit-metadata: 1.699602024629712
  landing: 0.7822557277977467
  view-data: 3.413769442588091
