times:
  edit-metadata: 2.0043690651655197
  landing: 1.1221115197986364
  view-data: 3.4403119161725044
