times:
  edit-metadata: 1.4700038246810436
  landing: 0.9900455959141254
  view-data: 3.335014048963785
