times:
  edit-metadata: 1.350066751241684
  landing: 0.8235036432743073
  view-data: 3.347814619541168
