times:
  edit-metadata: 1.3868974409997463
  landing: 0.9383230805397034
  view-data: 3.3562630750238895
