times:
  edit-metadata: 1.4639598801732063
  landing: 0.11578991450369358
  view-data: 0.27558342926204205
