times:
  edit-metadata: 0.6334718589205295
  landing: 0.047893377020955086
  view-data: 0.2446373961865902
