times:
  edit-metadata: 1.511923247948289
  landing: 0.8517372701317072
  view-data: 3.406930161640048
