times:
  edit-metadata: 1.5374973751604557
  landing: 0.8380978815257549
  view-data: 3.335976790636778
