times:
  edit-metadata: 1.4278186559677124
  landing: 0.9112728210166097
  view-data: 3.342381420894526
