times:
  edit-metadata: 1.2672927659004927
  landing: 0.7983921421691775
  view-data: 3.315048067830503
