times:
  edit-metadata: 2.140455912798643
  landing: 1.2306033447384834
  view-data: 3.4187410064041615
