times:
  edit-metadata: 2.975279502570629
  landing: 1.6015380304306746
  view-data: 3.8329412825405598
