times:
  edit-metadata: 0.5995822949334979
  landing: 0.06681216205470264
  view-data: 0.27258984884247184
