times:
  edit-metadata: 2.0041337721049786
  landing: 0.9804392158985138
  view-data: 3.5482108630239964
