times:
  edit-metadata: 1.8212659959681332
  landing: 1.091637847945094
  view-data: 3.6234248662367463
