times:
  edit-metadata: 1.4907884020358324
  landing: 0.7733481898903847
  view-data: 3.3612254299223423
