times:
  edit-metadata: 2.1114921364933252
  landing: 1.2102817837148905
  view-data: 3.645331233739853
