times:
  edit-metadata: 0.7040614109719172
  landing: 0.046681591018568724
  view-data: 0.36763627699110657
