times:
  edit-metadata: 1.5592616368085146
  landing: 0.8595571676269174
  view-data: 3.407956261187792
