times:
  edit-metadata: 0.6009025301318616
  landing: 0.06625145999714732
  view-data: 0.24886284302920103
