times:
  edit-metadata: 1.5109388306736946
  landing: 0.9277217760682106
  view-data: 3.3421932347118855
