times:
  edit-metadata: 2.008843408897519
  landing: 1.3269000453874469
  view-data: 3.7732444889843464
