times:
  edit-metadata: 1.637847289443016
  landing: 0.9504708759486675
  view-data: 3.4355864338576794
