times:
  edit-metadata: 2.3389790672808886
  landing: 0.14482419937849045
  view-data: 0.4707018733024597
