times:
  edit-metadata: 0.9516340396367013
  landing: 0.08432252425700426
  view-data: 0.3566071670502424
