times:
  edit-metadata: 1.7636079266667366
  landing: 0.23707781918346882
  view-data: 0.37297090515494347
