times:
  edit-metadata: 1.412310402840376
  landing: 0.8702568933367729
  view-data: 3.3125519193708897
