times:
  edit-metadata: 0.5967072150087915
  landing: 0.0717501170001924
  view-data: 0.2560990280180704
