times:
  edit-metadata: 1.6202048100531101
  landing: 0.2929733656346798
  view-data: 0.16210738569498062
