times:
  edit-metadata: 1.3391746953129768
  landing: 0.7284257672727108
  view-data: 3.3172556944191456
