times:
  edit-metadata: 0.610062216874212
  landing: 0.05141321895644069
  view-data: 0.22006278485059738
