times:
  edit-metadata: 0.5983784021809697
  landing: 0.07843053620308638
  view-data: 0.22476210608147085
