times:
  edit-metadata: 2.5644765980541706
  landing: 1.1357077211141586
  view-data: 3.657471101731062
