times:
  edit-metadata: 0.5949744280078448
  landing: 0.04692788503598422
  view-data: 0.2356539000174962
