times:
  edit-metadata: 0.5722852116450667
  landing: 0.04524320922791958
  view-data: 0.21663667587563396
