times:
  edit-metadata: 2.5032994113862514
  landing: 1.1929495446383953
  view-data: 3.575836282223463
