times:
  edit-metadata: 1.5063729416579008
  landing: 0.7793341241776943
  view-data: 3.363569088280201
