times:
  edit-metadata: 1.524507476016879
  landing: 0.0278095081448555
  view-data: 0.02689373679459095
