times:
  edit-metadata: 1.7310709077864885
  landing: 0.2520612608641386
  view-data: 0.15490801073610783
