times:
  edit-metadata: 1.5023758858442307
  landing: 1.037567786872387
  view-data: 3.4522981494665146
