times:
  edit-metadata: 1.6108128912746906
  landing: 0.17210061475634575
  view-data: 0.67618378251791
