times:
  edit-metadata: 1.5259125046432018
  landing: 0.9265163466334343
  view-data: 3.333226965740323
