times:
  edit-metadata: 1.5617412589490414
  landing: 0.8823956437408924
  view-data: 3.3701511844992638
