times:
  edit-metadata: 1.4096248839050531
  landing: 0.8271110616624355
  view-data: 3.3528099171817303
