times:
  edit-metadata: 0.5760943470522761
  landing: 0.06688723713159561
  view-data: 0.23790618684142828
