times:
  edit-metadata: 0.6029735750053078
  landing: 0.038621678948402405
  view-data: 0.23050965811125934
