times:
  edit-metadata: 0.9420821880048607
  landing: 0.09376822700141929
  view-data: 0.29589229499106295
