times:
  edit-metadata: 1.5134885143488646
  landing: 0.7873500436544418
  view-data: 3.3594382889568806
