times:
  edit-metadata: 1.5213798731565475
  landing: 0.8750358261168003
  view-data: 3.3971215076744556
