times:
  edit-metadata: 0.5836854169901926
  landing: 0.07057588497991674
  view-data: 0.3843236259999685
