times:
  edit-metadata: 1.5121950302273035
  landing: 0.7680786643177271
  view-data: 3.4257465694099665
