times:
  edit-metadata: 1.4431210458278656
  landing: 1.0188880823552608
  view-data: 3.4245718121528625
