times:
  edit-metadata: 1.6285990551114082
  landing: 0.9537918567657471
  view-data: 3.3208084367215633
