times:
  edit-metadata: 0.9460444119758904
  landing: 0.048475613351911306
  view-data: 0.3173093902878463
