times:
  edit-metadata: 1.4927601590752602
  landing: 0.018210556358098984
  view-data: 0.023643136024475098
