times:
  edit-metadata: 1.5106861777603626
  landing: 0.950565792620182
  view-data: 3.42135713621974
