times:
  edit-metadata: 1.5194409936666489
  landing: 0.9447249993681908
  view-data: 3.415864396840334
