times:
  edit-metadata: 1.5235216282308102
  landing: 0.01886705867946148
  view-data: 0.3565165586769581
