times:
  edit-metadata: 1.5900208316743374
  landing: 0.8314466159790754
  view-data: 3.366495469585061
