times:
  edit-metadata: 1.5046339370310307
  landing: 0.7906293794512749
  view-data: 3.3592651337385178
