times:
  edit-metadata: 0.8915114630945027
  landing: 0.056113429833203554
  view-data: 0.3296009562909603
