times:
  edit-metadata: 1.344209192902781
  landing: 0.7562001059995964
  view-data: 3.262462105951272
