times:
  edit-metadata: 0.5972629128955305
  landing: 0.0641133883036673
  view-data: 0.2423682059161365
