times:
  edit-metadata: 1.4459442310035229
  landing: 0.8060579597949982
  view-data: 3.3605149602517486
