times:
  edit-metadata: 1.4314817395061255
  landing: 0.8346870495006442
  view-data: 3.429702733643353
