times:
  edit-metadata: 1.4887477308511734
  landing: 0.8964707814157009
  view-data: 3.3715110309422016
