times:
  edit-metadata: 0.7184349260060117
  landing: 0.048071546014398336
  view-data: 0.24314911296823993
