times:
  edit-metadata: 1.5731087774038315
  landing: 0.8112287279218435
  view-data: 3.572639448568225
