times:
  edit-metadata: 0.7110808410216123
  landing: 0.05587115400703624
  view-data: 0.23441172199090943
