times:
  edit-metadata: 1.5739936977624893
  landing: 0.26112378388643265
  view-data: 0.35437457635998726
