times:
  edit-metadata: 0.6371319319587201
  landing: 0.0513066949788481
  view-data: 0.2260718960314989
