times:
  edit-metadata: 0.7054740311577916
  landing: 0.04766295524314046
  view-data: 0.23344735521823168
