times:
  edit-metadata: 1.5477799102663994
  landing: 0.8872130140662193
  view-data: 3.4745538756251335
