times:
  edit-metadata: 1.360650205053389
  landing: 0.8197802749928087
  view-data: 3.278476844076067
