times:
  edit-metadata: 0.8797780289896764
  landing: 0.05083930597174913
  view-data: 0.23571361397625878
