times:
  edit-metadata: 1.4328608997166157
  landing: 0.8890196308493614
  view-data: 3.343547098338604
