times:
  edit-metadata: 1.5263232979923487
  landing: 0.79197514988482
  view-data: 3.3670606277883053
