times:
  edit-metadata: 1.279572787694633
  landing: 0.7743031028658152
  view-data: 3.2840033480897546
