times:
  edit-metadata: 1.5441156793385744
  landing: 0.7735225800424814
  view-data: 3.4104965645819902
