times:
  edit-metadata: 1.4233439601957798
  landing: 0.8032411029562354
  view-data: 3.307653502561152
