times:
  edit-metadata: 0.7369525670073926
  landing: 0.07521544676274061
  view-data: 0.27342152781784534
