times:
  edit-metadata: 2.100078059360385
  landing: 1.3353394083678722
  view-data: 3.744618784636259
