times:
  edit-metadata: 1.480422212043777
  landing: 0.7550099189393222
  view-data: 3.2822007730137557
