times:
  edit-metadata: 1.5194323770701885
  landing: 0.8514730297029018
  view-data: 3.392242379486561
