times:
  edit-metadata: 1.3689364977180958
  landing: 1.0925551056861877
  view-data: 3.3442804738879204
