times:
  edit-metadata: 1.7408356787636876
  landing: 0.9556162329390645
  view-data: 3.4367568669840693
