times:
  edit-metadata: 1.5306817907840014
  landing: 0.7697386257350445
  view-data: 3.4285372756421566
