times:
  edit-metadata: 1.420371513813734
  landing: 1.0435779094696045
  view-data: 3.341395191848278
