times:
  edit-metadata: 0.5921494939830154
  landing: 0.041497729951515794
  view-data: 0.2184096269775182
