times:
  edit-metadata: 0.5976614590035751
  landing: 0.058907359023578465
  view-data: 0.24638646899256855
