times:
  edit-metadata: 1.6187995355576277
  landing: 0.20807864144444466
  view-data: 0.14823376201093197
