times:
  edit-metadata: 1.6763225719332695
  landing: 1.0680235140025616
  view-data: 3.3725884184241295
