times:
  edit-metadata: 1.4852757016196847
  landing: 0.8538637775927782
  view-data: 3.3125584861263633
