times:
  edit-metadata: 1.5964135900139809
  landing: 0.8509730044752359
  view-data: 3.4370807968080044
