times:
  edit-metadata: 1.5251142475754023
  landing: 0.8029389921575785
  view-data: 3.3465741518884897
