times:
  edit-metadata: 1.4308001715689898
  landing: 0.11463690735399723
  view-data: 0.028264207765460014
