times:
  edit-metadata: 1.4505438692867756
  landing: 0.899745661765337
  view-data: 3.350030280649662
