times:
  edit-metadata: 1.458129808306694
  landing: 0.7880563214421272
  view-data: 3.4361352995038033
