times:
  edit-metadata: 1.4080803915858269
  landing: 0.9569831416010857
  view-data: 3.489741027355194
