times:
  edit-metadata: 1.4467605613172054
  landing: 0.7845968902111053
  view-data: 3.530348341912031
