times:
  edit-metadata: 1.4645936414599419
  landing: 0.7506938353180885
  view-data: 3.3566095009446144
