times:
  edit-metadata: 1.3609119765460491
  landing: 0.775444570928812
  view-data: 3.303447123616934
