times:
  edit-metadata: 1.4634052366018295
  landing: 0.9492488279938698
  view-data: 3.319494642317295
