times:
  edit-metadata: 1.4081984795629978
  landing: 1.3014173209667206
  view-data: 3.332917995750904
