times:
  edit-metadata: 1.424942061305046
  landing: 0.9341389611363411
  view-data: 3.32802914083004
