times:
  edit-metadata: 1.3796813376247883
  landing: 0.72862733528018
  view-data: 3.3210117742419243
