times:
  edit-metadata: 1.5016115754842758
  landing: 0.7437852323055267
  view-data: 3.485309287905693
