times:
  edit-metadata: 1.5139341726899147
  landing: 0.8075807318091393
  view-data: 3.4702140167355537
