times:
  edit-metadata: 1.4637324810028076
  landing: 0.9552373588085175
  view-data: 3.4499159529805183
