times:
  edit-metadata: 1.4414209686219692
  landing: 0.8253988660871983
  view-data: 3.2737635634839535
