times:
  edit-metadata: 1.384572509676218
  landing: 0.8580124527215958
  view-data: 3.413367860019207
