times:
  edit-metadata: 1.4305704645812511
  landing: 0.9537132233381271
  view-data: 3.31389581784606
