times:
  edit-metadata: 1.4803569838404655
  landing: 0.7773669511079788
  view-data: 3.2719062604010105
