times:
  edit-metadata: 2.000029481947422
  landing: 1.5352716855704784
  view-data: 3.455523483455181
