times:
  edit-metadata: 1.42359272018075
  landing: 0.8352946378290653
  view-data: 3.29791659116745
