times:
  edit-metadata: 1.377372071146965
  landing: 0.8412745967507362
  view-data: 3.5055515319108963
