times:
  edit-metadata: 1.3666928298771381
  landing: 0.8365748897194862
  view-data: 3.385813556611538
