times:
  edit-metadata: 1.7397110760211945
  landing: 1.0879432708024979
  view-data: 3.504043284803629
