times:
  edit-metadata: 1.3583173491060734
  landing: 0.8275430500507355
  view-data: 3.314466591924429
