times:
  edit-metadata: 1.443836946040392
  landing: 0.8222433999180794
  view-data: 3.3114918917417526
