times:
  edit-metadata: 1.410234734416008
  landing: 0.7947420105338097
  view-data: 3.422133542597294
