times:
  edit-metadata: 1.4554826617240906
  landing: 0.7808965817093849
  view-data: 3.2704974561929703
