times:
  edit-metadata: 1.4111432954668999
  landing: 0.824628196656704
  view-data: 3.4448281303048134
