times:
  edit-metadata: 1.4580937698483467
  landing: 0.8114930614829063
  view-data: 3.4635755345225334
