times:
  edit-metadata: 1.3661180436611176
  landing: 0.8118299469351768
  view-data: 3.485075958073139
