times:
  edit-metadata: 1.5211751647293568
  landing: 0.7959171757102013
  view-data: 3.2575906813144684
