times:
  edit-metadata: 1.5130528211593628
  landing: 0.9211510643362999
  view-data: 3.334551479667425
