times:
  edit-metadata: 1.6403120160102844
  landing: 1.0433873906731606
  view-data: 3.5308809652924538
