times:
  edit-metadata: 1.4138816110789776
  landing: 0.8295499309897423
  view-data: 3.3253276087343693
