times:
  edit-metadata: 1.4226010963320732
  landing: 0.8187513165175915
  view-data: 3.3369265981018543
