times:
  edit-metadata: 1.4759161546826363
  landing: 0.7790580987930298
  view-data: 3.48056647926569
