times:
  edit-metadata: 1.6106406413018703
  landing: 0.9003071486949921
  view-data: 3.365067131817341
