times:
  edit-metadata: 1.4040151461958885
  landing: 0.7705541923642159
  view-data: 3.4924024417996407
