times:
  edit-metadata: 1.3221750110387802
  landing: 0.7163968309760094
  view-data: 3.2886997163295746
