times:
  edit-metadata: 1.3757678307592869
  landing: 0.938586812466383
  view-data: 3.280359633266926
