times:
  edit-metadata: 1.4820484146475792
  landing: 0.8052140921354294
  view-data: 3.457103855907917
