times:
  edit-metadata: 1.4707468003034592
  landing: 0.8177430629730225
  view-data: 3.45956289768219
