times:
  edit-metadata: 1.4429255947470665
  landing: 1.1771555617451668
  view-data: 3.4953154250979424
