times:
  edit-metadata: 1.5339758209884167
  landing: 0.9268784448504448
  view-data: 3.3163868486881256
