times:
  edit-metadata: 1.3627547174692154
  landing: 0.8808062374591827
  view-data: 3.458955779671669
