times:
  edit-metadata: 1.4360183477401733
  landing: 0.8191796839237213
  view-data: 3.4970752969384193
