times:
  edit-metadata: 1.3753478303551674
  landing: 0.8412082120776176
  view-data: 3.5184506252408028
