times:
  edit-metadata: 1.4153514951467514
  landing: 0.8111876770853996
  view-data: 3.4767987728118896
