times:
  edit-metadata: 1.4774584770202637
  landing: 0.8646517023444176
  view-data: 3.464448370039463
