times:
  edit-metadata: 1.3913806974887848
  landing: 0.8853431418538094
  view-data: 3.324910342693329
