times:
  edit-metadata: 1.4922096505761147
  landing: 0.7661769911646843
  view-data: 3.423912525177002
