times:
  edit-metadata: 1.9241130724549294
  landing: 1.3672853037714958
  view-data: 3.413953587412834
