times:
  edit-metadata: 1.4907109141349792
  landing: 0.8029760494828224
  view-data: 3.2925721034407616
