times:
  edit-metadata: 1.5089518949389458
  landing: 0.8455050215125084
  view-data: 3.3316309824585915
