times:
  edit-metadata: 1.4413233175873756
  landing: 1.0205877423286438
  view-data: 3.5143176168203354
