times:
  edit-metadata: 1.3979984000325203
  landing: 0.7627674862742424
  view-data: 3.3942740112543106
