times:
  edit-metadata: 1.4040698558092117
  landing: 0.852830346673727
  view-data: 3.3704842291772366
