times:
  edit-metadata: 2.0752692818641663
  landing: 1.1538286954164505
  view-data: 3.3365686237812042
