times:
  edit-metadata: 1.5687161087989807
  landing: 0.9068760871887207
  view-data: 3.6192731484770775
