times:
  edit-metadata: 1.4828834906220436
  landing: 0.7794028967618942
  view-data: 3.4724969416856766
