times:
  edit-metadata: 1.3470156788825989
  landing: 0.8493163958191872
  view-data: 3.4197738468647003
