times:
  edit-metadata: 1.6382366754114628
  landing: 0.9242557361721992
  view-data: 3.2744555845856667
