times:
  edit-metadata: 1.41176737844944
  landing: 0.8737546876072884
  view-data: 3.4666811674833298
