times:
  edit-metadata: 2.3330889716744423
  landing: 1.2740003392100334
  view-data: 3.454254724085331
