times:
  edit-metadata: 1.4258541390299797
  landing: 0.8136465065181255
  view-data: 3.27489560469985
