times:
  edit-metadata: 1.8518969155848026
  landing: 1.1012821942567825
  view-data: 3.370003968477249
