times:
  edit-metadata: 1.6741919070482254
  landing: 1.0401145853102207
  view-data: 3.3478475883603096
