times:
  edit-metadata: 1.3719487190246582
  landing: 0.980484202504158
  view-data: 3.2752731293439865
