times:
  edit-metadata: 1.44500632584095
  landing: 0.8738964162766933
  view-data: 3.2603785321116447
