times:
  edit-metadata: 1.3551489934325218
  landing: 0.8414832912385464
  view-data: 3.3060603328049183
