times:
  edit-metadata: 1.6606152057647705
  landing: 1.1792396306991577
  view-data: 3.3172992393374443
