times:
  edit-metadata: 1.5032460540533066
  landing: 0.8356073573231697
  view-data: 3.5352365747094154
