times:
  edit-metadata: 1.5151039808988571
  landing: 0.8007165119051933
  view-data: 3.4952463284134865
