times:
  edit-metadata: 1.4102774187922478
  landing: 0.7712045758962631
  view-data: 3.4934736862778664
