times:
  edit-metadata: 1.568410448729992
  landing: 0.9568861499428749
  view-data: 3.428114950656891
