times:
  edit-metadata: 1.3560535833239555
  landing: 0.7774029895663261
  view-data: 3.44243161380291
