times:
  edit-metadata: 1.4890098497271538
  landing: 1.017478071153164
  view-data: 3.3939164131879807
