times:
  edit-metadata: 1.557173028588295
  landing: 0.8925812095403671
  view-data: 3.4944591745734215
