times:
  edit-metadata: 1.5104360580444336
  landing: 0.864058829843998
  view-data: 3.302865155041218
