times:
  edit-metadata: 1.3928745985031128
  landing: 0.8710819706320763
  view-data: 3.3358343429863453
