times:
  edit-metadata: 1.3885639794170856
  landing: 0.8042768351733685
  view-data: 3.3476563468575478
