times:
  edit-metadata: 2.2880073860287666
  landing: 1.4333563446998596
  view-data: 3.5895115807652473
