times:
  edit-metadata: 1.3386026993393898
  landing: 0.7207129448652267
  view-data: 3.4574587047100067
