times:
  edit-metadata: 1.374192912131548
  landing: 0.8570949472486973
  view-data: 3.3196458257734776
