times:
  edit-metadata: 1.4008875712752342
  landing: 0.7713963463902473
  view-data: 3.645706370472908
