times:
  edit-metadata: 1.5868197083473206
  landing: 0.9105805307626724
  view-data: 3.296208970248699
