times:
  edit-metadata: 2.0462829247117043
  landing: 1.3361440896987915
  view-data: 3.509651593863964
