times:
  edit-metadata: 1.9178715869784355
  landing: 1.1304121762514114
  view-data: 3.3413121178746223
