times:
  edit-metadata: 1.5459991060197353
  landing: 0.8861041702330112
  view-data: 3.268149822950363
