times:
  edit-metadata: 1.50459124147892
  landing: 0.9043726772069931
  view-data: 3.3532083593308926
