times:
  edit-metadata: 1.4273853302001953
  landing: 0.7950117811560631
  view-data: 3.4744034335017204
