times:
  edit-metadata: 1.3749328330159187
  landing: 0.8144921883940697
  view-data: 3.346195988357067
