times:
  edit-metadata: 1.5160533487796783
  landing: 0.745525673031807
  view-data: 3.3659727796912193
