times:
  edit-metadata: 1.3976553231477737
  landing: 0.7553098946809769
  view-data: 3.4489911049604416
