times:
  edit-metadata: 1.4418049603700638
  landing: 0.8388872072100639
  view-data: 3.2673790231347084
