times:
  edit-metadata: 1.3906987644731998
  landing: 0.8748510330915451
  view-data: 3.269220307469368
