times:
  edit-metadata: 1.3882225304841995
  landing: 0.9263557381927967
  view-data: 3.3535857498645782
