times:
  edit-metadata: 1.5806140638887882
  landing: 0.938999954611063
  view-data: 3.3044345751404762
