times:
  edit-metadata: 1.3605146408081055
  landing: 0.8510371446609497
  view-data: 3.4563969373703003
