times:
  edit-metadata: 1.6935346871614456
  landing: 1.532813772559166
  view-data: 3.3601716235280037
