times:
  edit-metadata: 1.5080225244164467
  landing: 0.7640288174152374
  view-data: 3.266353391110897
