times:
  edit-metadata: 1.3827897012233734
  landing: 0.777788907289505
  view-data: 3.5457077100872993
