times:
  edit-metadata: 1.5015485733747482
  landing: 0.9252720400691032
  view-data: 3.5931510627269745
