times:
  edit-metadata: 1.5147753655910492
  landing: 0.8670511730015278
  view-data: 3.3546519726514816
