times:
  edit-metadata: 1.3880341276526451
  landing: 0.7780037447810173
  view-data: 3.412104196846485
