times:
  edit-metadata: 1.456931509077549
  landing: 0.7655603513121605
  view-data: 3.3880654349923134
