times:
  edit-metadata: 1.4643262699246407
  landing: 0.7462158128619194
  view-data: 3.390045516192913
