times:
  edit-metadata: 1.3697942532598972
  landing: 0.9030211940407753
  view-data: 3.3509773276746273
