times:
  edit-metadata: 1.458920106291771
  landing: 0.8904595486819744
  view-data: 3.279652953147888
