times:
  edit-metadata: 1.4515704587101936
  landing: 0.7389611825346947
  view-data: 3.3844123631715775
