times:
  edit-metadata: 1.390989188104868
  landing: 0.7764901556074619
  view-data: 3.3351112715899944
