times:
  edit-metadata: 1.5163394883275032
  landing: 0.8627093061804771
  view-data: 3.3976636826992035
