times:
  edit-metadata: 1.5055270493030548
  landing: 0.8331594429910183
  view-data: 3.329492397606373
