times:
  edit-metadata: 1.4392056167125702
  landing: 0.739078938961029
  view-data: 3.3728526905179024
