times:
  edit-metadata: 1.4470976516604424
  landing: 0.7759436666965485
  view-data: 3.4500748589634895
