times:
  edit-metadata: 1.356433991342783
  landing: 0.8854534029960632
  view-data: 3.2969313263893127
