times:
  edit-metadata: 1.644036278128624
  landing: 0.7655711397528648
  view-data: 3.421794056892395
