times:
  edit-metadata: 1.4065870493650436
  landing: 0.8743341714143753
  view-data: 3.2907895855605602
