times:
  edit-metadata: 1.4520961120724678
  landing: 0.7651852741837502
  view-data: 3.544827103614807
