times:
  edit-metadata: 1.460688553750515
  landing: 0.8711261600255966
  view-data: 3.2685883305966854
