times:
  edit-metadata: 1.486130714416504
  landing: 0.8984211683273315
  view-data: 3.343311432749033
