times:
  edit-metadata: 1.4997913986444473
  landing: 0.8594713732600212
  view-data: 3.535980373620987
