times:
  edit-metadata: 1.4741483703255653
  landing: 0.9039013311266899
  view-data: 3.3762971833348274
