times:
  edit-metadata: 1.4552298709750175
  landing: 0.7733218595385551
  view-data: 3.3020904436707497
