times:
  edit-metadata: 1.4656426794826984
  landing: 0.8044410608708858
  view-data: 3.3507201597094536
