times:
  edit-metadata: 1.4058239683508873
  landing: 0.7674624472856522
  view-data: 3.343032706528902
