times:
  edit-metadata: 1.5330880247056484
  landing: 0.8520082160830498
  view-data: 3.2817172929644585
