times:
  edit-metadata: 2.0177054330706596
  landing: 1.2913293316960335
  view-data: 3.8715475350618362
