times:
  edit-metadata: 1.4737992137670517
  landing: 0.7846639305353165
  view-data: 3.4120799750089645
