times:
  edit-metadata: 1.386717826128006
  landing: 0.8551208004355431
  view-data: 3.4365802332758904
