times:
  edit-metadata: 1.3425608910620213
  landing: 0.8100954480469227
  view-data: 3.353606339544058
