times:
  edit-metadata: 1.469514437019825
  landing: 0.8626075834035873
  view-data: 3.298820436000824
