times:
  edit-metadata: 1.5043957270681858
  landing: 0.9787642061710358
  view-data: 3.3239408284425735
