times:
  edit-metadata: 1.4932225570082664
  landing: 0.799885667860508
  view-data: 3.5442976355552673
