times:
  edit-metadata: 1.5017028748989105
  landing: 0.7998318150639534
  view-data: 3.472905382514
