times:
  edit-metadata: 1.4321575090289116
  landing: 0.8927928730845451
  view-data: 3.3296891897916794
