times:
  edit-metadata: 1.4704194962978363
  landing: 0.9332729987800121
  view-data: 3.3414654284715652
