times:
  edit-metadata: 1.3902684673666954
  landing: 0.8178793340921402
  view-data: 3.307232514023781
