times:
  edit-metadata: 1.434834785759449
  landing: 0.8181692808866501
  view-data: 3.4377297312021255
