times:
  edit-metadata: 1.5138023421168327
  landing: 0.9913891106843948
  view-data: 3.5704886093735695
