times:
  edit-metadata: 1.48831707239151
  landing: 0.7669904232025146
  view-data: 3.4424852952361107
