times:
  edit-metadata: 1.4298672825098038
  landing: 0.824432659894228
  view-data: 3.3731690011918545
