times:
  edit-metadata: 1.3727734684944153
  landing: 0.8309829905629158
  view-data: 3.58556567132473
