times:
  edit-metadata: 1.550789289176464
  landing: 1.061392903327942
  view-data: 3.5800573229789734
