times:
  edit-metadata: 1.390873745083809
  landing: 0.8439872190356255
  view-data: 3.301458954811096
