times:
  edit-metadata: 1.4509541913866997
  landing: 0.8188469707965851
  view-data: 3.5974459275603294
