times:
  edit-metadata: 1.4434713423252106
  landing: 0.7879578769207001
  view-data: 3.5571554005146027
