times:
  edit-metadata: 1.37661986425519
  landing: 0.911882009357214
  view-data: 3.2810013256967068
