times:
  edit-metadata: 1.7660322040319443
  landing: 1.021025002002716
  view-data: 3.3635753616690636
