times:
  edit-metadata: 1.345607377588749
  landing: 0.7947063222527504
  view-data: 3.4044807627797127
