times:
  edit-metadata: 1.4207360073924065
  landing: 0.8473127596080303
  view-data: 3.2905958853662014
