times:
  edit-metadata: 3.252799328416586
  landing: 1.0545423105359077
  view-data: 3.368265450000763
