times:
  edit-metadata: 1.429728388786316
  landing: 0.890346098691225
  view-data: 3.3431776240468025
