times:
  edit-metadata: 1.3676492273807526
  landing: 0.7589408606290817
  view-data: 3.3525199443101883
