times:
  edit-metadata: 1.816050298511982
  landing: 1.228112816810608
  view-data: 3.5216799676418304
