times:
  edit-metadata: 1.4479124806821346
  landing: 0.9438692554831505
  view-data: 3.309200782328844
