times:
  edit-metadata: 1.9210812039673328
  landing: 1.1965489238500595
  view-data: 3.5678238049149513
