times:
  edit-metadata: 1.6722916290163994
  landing: 0.7611046610400081
  view-data: 3.3938609599135816
