times:
  edit-metadata: 1.3885927759110928
  landing: 0.7909157443791628
  view-data: 3.378626771271229
