times:
  edit-metadata: 1.601914208382368
  landing: 0.9057158343493938
  view-data: 3.3906417042016983
