times:
  edit-metadata: 1.5017575062811375
  landing: 0.931415481492877
  view-data: 3.3427742403000593
