times:
  edit-metadata: 2.44583473354578
  landing: 1.087725430727005
  view-data: 3.63688850030303
