times:
  edit-metadata: 3.6521880105137825
  landing: 1.8137792684137821
  view-data: 3.55786307528615
