times:
  edit-metadata: 1.9126751013100147
  landing: 1.1864233613014221
  view-data: 3.595479778945446
