times:
  edit-metadata: 1.5564507499802858
  landing: 0.8439188619377092
  view-data: 3.376715610967949
