times:
  edit-metadata: 1.9177162759006023
  landing: 1.2330407872796059
  view-data: 3.4099782183766365
