times:
  edit-metadata: 1.5285417027771473
  landing: 0.7583645228296518
  view-data: 3.4630684945732355
