times:
  edit-metadata: 1.4324475452303886
  landing: 0.7731404080986977
  view-data: 3.320229820907116
