times:
  edit-metadata: 1.7971700578927994
  landing: 0.9730762131512165
  view-data: 3.376956071704626
