times:
  edit-metadata: 1.5389097966253757
  landing: 0.7806842010468245
  view-data: 3.3736333549022675
