times:
  edit-metadata: 1.6366336792707443
  landing: 0.9921147227287292
  view-data: 3.3929509297013283
