times:
  edit-metadata: 1.6891710795462132
  landing: 0.8278223592787981
  view-data: 3.4036214407533407
