times:
  edit-metadata: 1.3776653613895178
  landing: 0.8485291237011552
  view-data: 3.4058794332668185
