times:
  edit-metadata: 1.4549652487039566
  landing: 1.0276525393128395
  view-data: 3.4252773262560368
