times:
  edit-metadata: 1.3889775809366256
  landing: 0.8570507601834834
  view-data: 3.3920264299958944
