times:
  edit-metadata: 1.4712062142789364
  landing: 0.7942990437150002
  view-data: 3.367659132927656
