times:
  edit-metadata: 2.2666544429957867
  landing: 1.7029853463172913
  view-data: 3.414247862994671
