times:
  edit-metadata: 1.4994470551609993
  landing: 0.7969049327075481
  view-data: 3.4055799786001444
