times:
  edit-metadata: 1.6572537794709206
  landing: 1.3679296635091305
  view-data: 3.3737719990313053
