times:
  edit-metadata: 1.5643425434827805
  landing: 0.8838657774031162
  view-data: 3.3290496841073036
