times:
  edit-metadata: 1.3879125490784645
  landing: 0.7704027388244867
  view-data: 3.2892505768686533
