times:
  edit-metadata: 2.552680113352835
  landing: 0.8441281551495194
  view-data: 3.347734933719039
