times:
  edit-metadata: 1.4566945098340511
  landing: 0.9008240841794759
  view-data: 3.4453241468872875
