times:
  edit-metadata: 1.4715616032481194
  landing: 0.9365845248103142
  view-data: 3.3319811783730984
