times:
  edit-metadata: 1.3979198783636093
  landing: 0.7625960558652878
  view-data: 3.3706220239400864
