times:
  edit-metadata: 1.5755444001406431
  landing: 0.8712711036205292
  view-data: 3.3752306196838617
