times:
  edit-metadata: 1.543918315321207
  landing: 0.918399628251791
  view-data: 3.333236137405038
