times:
  edit-metadata: 1.416340977884829
  landing: 0.8996958136558533
  view-data: 0.6597096659243107
