times:
  edit-metadata: 1.5899832006543875
  landing: 1.041469071060419
  view-data: 3.3986789397895336
