times:
  edit-metadata: 1.5477712862193584
  landing: 1.000124242156744
  view-data: 3.4125862009823322
