times:
  edit-metadata: 1.1830576800275594
  landing: 0.20987712097121403
  view-data: 0.2183525919681415
