times:
  edit-metadata: 1.56857231259346
  landing: 0.897676944732666
  view-data: 3.298883916810155
