times:
  edit-metadata: 1.4033015184104443
  landing: 0.8649885999038815
  view-data: 3.5279172672890127
