times:
  edit-metadata: 1.5131245478987694
  landing: 0.8131743185222149
  view-data: 3.3746633417904377
