times:
  edit-metadata: 1.479217967018485
  landing: 1.0716807446442544
  view-data: 3.5043962500058115
