times:
  edit-metadata: 1.508578548207879
  landing: 0.9712505815550685
  view-data: 3.4317650413140655
