times:
  edit-metadata: 1.548573061823845
  landing: 0.9563421532511711
  view-data: 3.371518611907959
