times:
  edit-metadata: 1.6261374037712812
  landing: 1.3356181671842933
  view-data: 3.3355539701879025
