times:
  edit-metadata: 1.518360330723226
  landing: 0.8149876380339265
  view-data: 3.2437677271664143
