times:
  edit-metadata: 1.4525028802454472
  landing: 0.8337448053061962
  view-data: 3.3871527183800936
