times:
  edit-metadata: 1.382519852835685
  landing: 0.9800204578787088
  view-data: 3.3173644519411027
