times:
  edit-metadata: 1.4476941004395485
  landing: 0.7250875011086464
  view-data: 3.347408313304186
