times:
  edit-metadata: 1.5865400284528732
  landing: 0.7493868824094534
  view-data: 3.3636127710342407
