times:
  edit-metadata: 1.4466555640101433
  landing: 0.9942530579864979
  view-data: 3.3855528086423874
