times:
  edit-metadata: 1.548466045409441
  landing: 6.0550346821546555
  view-data: 3.341829538345337
