times:
  edit-metadata: 1.4898386485874653
  landing: 0.8359350971877575
  view-data: 3.354263834655285
