times:
  edit-metadata: 1.4772158348932862
  landing: 1.1189021533355117
  view-data: 3.4959482168778777
