times:
  edit-metadata: 1.5328918527811766
  landing: 0.9228242803364992
  view-data: 3.3278824537992477
