times:
  edit-metadata: 1.3174932880792767
  landing: 0.7966228420846164
  view-data: 3.312259959988296
