times:
  edit-metadata: 1.5435257777571678
  landing: 0.7685993313789368
  view-data: 3.3614779263734818
