times:
  edit-metadata: 2.0315145952627063
  landing: 1.2505369363352656
  view-data: 3.445270774886012
