times:
  edit-metadata: 1.4303946727886796
  landing: 0.9068801151588559
  view-data: 3.407224800437689
