times:
  edit-metadata: 1.4617425668984652
  landing: 0.7708289381116629
  view-data: 3.311322884634137
