times:
  edit-metadata: 2.601814677938819
  landing: 1.526212953031063
  view-data: 3.753412116318941
