times:
  edit-metadata: 1.6250975178554654
  landing: 0.983087012078613
  view-data: 3.4685692600905895
