times:
  edit-metadata: 1.5722716357558966
  landing: 0.9413327984511852
  view-data: 3.45767973177135
