times:
  edit-metadata: 1.3043649509781972
  landing: 0.9305255679646507
  view-data: 3.3147635989589617
