times:
  edit-metadata: 1.5968754217028618
  landing: 1.285242598503828
  view-data: 3.43273888528347
