times:
  edit-metadata: 1.3916428070515394
  landing: 0.9166452740319073
  view-data: 3.392887747846544
