times:
  edit-metadata: 3.0450581964105368
  landing: 1.5184354148805141
  view-data: 3.437398724257946
