times:
  edit-metadata: 1.5881245844066143
  landing: 0.9250811636447906
  view-data: 3.3906792141497135
