times:
  edit-metadata: 1.6179124116897583
  landing: 0.9568943157792091
  view-data: 3.3822749480605125
