times:
  edit-metadata: 1.4755265060812235
  landing: 1.0028823651373386
  view-data: 3.4524431843310595
