times:
  edit-metadata: 1.383750844746828
  landing: 0.8141445890069008
  view-data: 3.3128657080233097
