times:
  edit-metadata: 1.2412707800976932
  landing: 0.8107350179925561
  view-data: 3.2935171220451593
