times:
  edit-metadata: 1.4502445720136166
  landing: 0.9032370075583458
  view-data: 3.4018614552915096
