times:
  edit-metadata: 1.7980963289737701
  landing: 1.0543198846280575
  view-data: 3.4958565086126328
