times:
  edit-metadata: 1.641092512756586
  landing: 0.9044707641005516
  view-data: 3.405520176514983
