times:
  edit-metadata: 1.5476771742105484
  landing: 0.7757735326886177
  view-data: 3.397735731676221
