times:
  edit-metadata: 1.5037241745740175
  landing: 0.9737777039408684
  view-data: 3.393275886774063
