times:
  edit-metadata: 1.474895866587758
  landing: 0.7971043232828379
  view-data: 3.353877156972885
