times:
  edit-metadata: 1.9831895977258682
  landing: 1.1840408965945244
  view-data: 3.571250520646572
