times:
  edit-metadata: 1.3857148997485638
  landing: 0.8542987108230591
  view-data: 3.399181365966797
