times:
  edit-metadata: 1.5483704693615437
  landing: 0.9935798831284046
  view-data: 3.4218266122043133
