times:
  edit-metadata: 1.5011898279190063
  landing: 0.9266976453363895
  view-data: 3.2932470105588436
