times:
  edit-metadata: 1.502588165923953
  landing: 0.8465270530432463
  view-data: 3.4072952922433615
