times:
  edit-metadata: 1.5425967201590538
  landing: 0.8133951332420111
  view-data: 3.436277387663722
