times:
  edit-metadata: 2.6458872547373176
  landing: 1.41966912150383
  view-data: 3.6055734772235155
