times:
  edit-metadata: 1.2584941470995545
  landing: 0.7236936399713159
  view-data: 3.2797428742051125
