times:
  edit-metadata: 1.3391991348471493
  landing: 0.8250869780313224
  view-data: 3.452585528139025
