times:
  edit-metadata: 1.523395448923111
  landing: 0.846566766500473
  view-data: 3.4858361072838306
