times:
  edit-metadata: 1.4886956233531237
  landing: 0.7850396931171417
  view-data: 3.389447031542659
