times:
  edit-metadata: 1.4672204907983541
  landing: 0.9289594972506166
  view-data: 3.4382482366636395
