times:
  edit-metadata: 1.9182636612094939
  landing: 1.472841209731996
  view-data: 3.4996540769934654
