times:
  edit-metadata: 1.350585799664259
  landing: 0.9029922932386398
  view-data: 3.291082289069891
