times:
  edit-metadata: 1.5235356539487839
  landing: 0.8224900141358376
  view-data: 3.378883760422468
