times:
  edit-metadata: 1.5013318751007318
  landing: 1.453398386016488
  view-data: 3.2998053431510925
