times:
  edit-metadata: 1.845304599031806
  landing: 0.8538308162242174
  view-data: 3.345241409726441
