times:
  edit-metadata: 2.009522546082735
  landing: 2.219457518309355
  view-data: 3.441520418971777
