times:
  edit-metadata: 2.175862079486251
  landing: 1.0900614382699132
  view-data: 3.464534904807806
