times:
  edit-metadata: 1.5444333385676146
  landing: 0.793386772274971
  view-data: 3.421170860528946
