times:
  edit-metadata: 1.5117639005184174
  landing: 0.8172403704375029
  view-data: 3.3679693564772606
