times:
  edit-metadata: 1.571375772356987
  landing: 0.7883954532444477
  view-data: 3.407868128269911
