times:
  edit-metadata: 1.7387031968683004
  landing: 1.1307618170976639
  view-data: 3.353715516626835
