times:
  edit-metadata: 1.6003739573061466
  landing: 1.032776601612568
  view-data: 3.429398452863097
