times:
  edit-metadata: 1.513863317668438
  landing: 0.85129838809371
  view-data: 3.4291750211268663
