times:
  edit-metadata: 1.6558607183396816
  landing: 0.9968603067100048
  view-data: 3.363081678748131
