times:
  edit-metadata: 1.54938661493361
  landing: 0.8644507192075253
  view-data: 3.379952996969223
