times:
  edit-metadata: 1.5727679952979088
  landing: 0.9116666447371244
  view-data: 3.448913063853979
