times:
  edit-metadata: 1.5408255644142628
  landing: 0.7312225271016359
  view-data: 3.3156173955649137
