times:
  edit-metadata: 1.5214831177145243
  landing: 0.8257981855422258
  view-data: 3.416925575584173
