times:
  edit-metadata: 1.908921454101801
  landing: 1.000997632741928
  view-data: 3.590027702972293
