times:
  edit-metadata: 1.390933996066451
  landing: 17.67968625202775
  view-data: 3.307420291006565
