times:
  edit-metadata: 1.5164679968729615
  landing: 0.839882979169488
  view-data: 3.2980649759992957
