times:
  edit-metadata: 1.5299948491156101
  landing: 0.8630725853145123
  view-data: 3.410274427384138
