times:
  edit-metadata: 1.400240484625101
  landing: 0.8870964646339417
  view-data: 3.2760471776127815
