times:
  edit-metadata: 1.4611501838080585
  landing: 0.8494648393243551
  view-data: 3.3688495149835944
