times:
  edit-metadata: 1.5253575444221497
  landing: 0.8086969293653965
  view-data: 3.4216809403151274
