times:
  edit-metadata: 1.5674010775983334
  landing: 1.019060354679823
  view-data: 3.3160018771886826
