times:
  edit-metadata: 1.3544901832938194
  landing: 0.8063346371054649
  view-data: 3.288652539253235
