times:
  edit-metadata: 1.8800558671355247
  landing: 4.072763509117067
  view-data: 3.262824877165258
