times:
  edit-metadata: 1.381339143961668
  landing: 0.8119227662682533
  view-data: 3.3283371217548847
