times:
  edit-metadata: 1.476116618141532
  landing: 0.7666942980140448
  view-data: 3.3542818501591682
