times:
  edit-metadata: 1.4019100442528725
  landing: 0.9913215041160583
  view-data: 3.360046721994877
