times:
  edit-metadata: 2.050395748578012
  landing: 1.4244160875678062
  view-data: 3.651182991452515
