times:
  edit-metadata: 1.5299413911998272
  landing: 0.8109847754240036
  view-data: 3.3814087584614754
