times:
  edit-metadata: 1.5458932481706142
  landing: 0.8462176620960236
  view-data: 3.3525515720248222
