times:
  edit-metadata: 1.539156542159617
  landing: 0.8050390128046274
  view-data: 3.3735321080312133
