times:
  edit-metadata: 1.4738632291555405
  landing: 1.1586382985115051
  view-data: 3.452612418681383
