times:
  edit-metadata: 1.9427650459110737
  landing: 1.1215678844600916
  view-data: 3.397185679525137
