times:
  edit-metadata: 1.4067181628197432
  landing: 0.8946231417357922
  view-data: 3.390523818321526
