times:
  edit-metadata: 1.3669017549837008
  landing: 0.8319010260747746
  view-data: 3.344929747050628
