times:
  edit-metadata: 1.4993735179305077
  landing: 0.946421105414629
  view-data: 3.406338207423687
