times:
  edit-metadata: 1.513767570257187
  landing: 0.8844907153397799
  view-data: 3.376718444749713
