times:
  edit-metadata: 1.6006523706018925
  landing: 0.8258974961936474
  view-data: 3.3900538086891174
