times:
  edit-metadata: 1.5305173490196466
  landing: 1.187734480947256
  view-data: 3.385109569877386
