times:
  edit-metadata: 1.5478877127170563
  landing: 0.9344948381185532
  view-data: 3.4019703082740307
