times:
  edit-metadata: 2.228952507954091
  landing: 1.2233928903006017
  view-data: 3.407869140151888
