times:
  edit-metadata: 1.5444164592772722
  landing: 0.7780511453747749
  view-data: 3.422417076304555
