times:
  edit-metadata: 1.5468931710347533
  landing: 1.0694439643993974
  view-data: 3.4827356338500977
