times:
  edit-metadata: 1.4159297160804272
  landing: 1.3722981289029121
  view-data: 3.382718089967966
