times:
  edit-metadata: 1.5300226751714945
  landing: 0.8153212647885084
  view-data: 3.4452842846512794
