times:
  edit-metadata: 1.3953529498539865
  landing: 0.8839254411868751
  view-data: 0.6419688388705254
