times:
  edit-metadata: 1.5107212737202644
  landing: 1.1429425049573183
  view-data: 3.434587724506855
