times:
  edit-metadata: 1.5146772135049105
  landing: 0.8187818750739098
  view-data: 0.6065525282174349
