times:
  edit-metadata: 1.3540894612669945
  landing: 0.9215154051780701
  view-data: 3.335391618311405
