times:
  edit-metadata: 1.5724768210202456
  landing: 0.9097532844170928
  view-data: 3.3689669044688344
