times:
  edit-metadata: 1.5386864934116602
  landing: 0.8352727945894003
  view-data: 3.366323484107852
