times:
  edit-metadata: 1.6467999182641506
  landing: 0.8714572414755821
  view-data: 3.4001417756080627
