times:
  edit-metadata: 1.6121157445013523
  landing: 0.878304973244667
  view-data: 3.388683555647731
