times:
  edit-metadata: 1.5397172681987286
  landing: 0.8226375617086887
  view-data: 3.4570562578737736
