times:
  edit-metadata: 1.5085787558928132
  landing: 0.8758233869448304
  view-data: 3.3856945137958974
