times:
  edit-metadata: 1.6543393321335316
  landing: 0.9518985003232956
  view-data: 3.320241581648588
