times:
  edit-metadata: 1.6074076816439629
  landing: 1.5005120001733303
  view-data: 3.787038665264845
