times:
  edit-metadata: 1.3604835809674114
  landing: 1.206793871941045
  view-data: 3.3892516259802505
