times:
  edit-metadata: 1.6377511471509933
  landing: 0.8695810558274388
  view-data: 3.4138620803132653
