times:
  edit-metadata: 1.7827003225684166
  landing: 1.035679499618709
  view-data: 3.481714337132871
