times:
  edit-metadata: 1.390166458208114
  landing: 0.7432889500632882
  view-data: 3.390262853121385
