times:
  edit-metadata: 1.5641672294586897
  landing: 0.94321383908391
  view-data: 3.688390390947461
