times:
  edit-metadata: 1.4161429181694984
  landing: 1.1001978516578674
  view-data: 3.358382612466812
