times:
  edit-metadata: 2.201685721054673
  landing: 1.1188307479023933
  view-data: 3.415319439023733
