times:
  edit-metadata: 1.5358888618648052
  landing: 0.8428144305944443
  view-data: 3.4144410118460655
