times:
  edit-metadata: 1.5524536930024624
  landing: 0.854799160733819
  view-data: 3.440554838627577
