times:
  edit-metadata: 1.6135909296572208
  landing: 0.7937480602413416
  view-data: 3.3525982834398746
