times:
  edit-metadata: 1.3363126777112484
  landing: 0.8378495872020721
  view-data: 3.413786171004176
