times:
  edit-metadata: 1.492611950263381
  landing: 0.8458160497248173
  view-data: 3.303252073004842
