times:
  edit-metadata: 1.4101676866412163
  landing: 0.9236954525113106
  view-data: 3.3363486267626286
