times:
  edit-metadata: 1.7307250387966633
  landing: 1.0882964320480824
  view-data: 3.4554028548300266
