times:
  edit-metadata: 1.4689787924289703
  landing: 0.8828774187713861
  view-data: 3.462323705665767
