times:
  edit-metadata: 1.510976180434227
  landing: 0.7804165668785572
  view-data: 3.330252520740032
