times:
  edit-metadata: 1.452657200396061
  landing: 0.9761362262070179
  view-data: 3.3714803606271744
