times:
  edit-metadata: 1.4894895441830158
  landing: 1.0689800269901752
  view-data: 3.3794518262147903
