times:
  edit-metadata: 1.6033852603286505
  landing: 0.9707851577550173
  view-data: 3.362451294437051
