times:
  edit-metadata: 2.0515496246516705
  landing: 1.2739380225539207
  view-data: 3.884448144584894
