times:
  edit-metadata: 1.417308822274208
  landing: 0.8827031813561916
  view-data: 3.3633937500417233
