times:
  edit-metadata: 1.3865780606865883
  landing: 0.8197239749133587
  view-data: 3.349245224148035
