times:
  edit-metadata: 1.573483094573021
  landing: 0.9620408937335014
  view-data: 3.4967957604676485
