times:
  edit-metadata: 1.4097043797373772
  landing: 0.9934478662908077
  view-data: 3.36111693456769
