times:
  edit-metadata: 1.5281847352162004
  landing: 0.8228787491098046
  view-data: 3.3011256558820605
