times:
  edit-metadata: 1.5321933794766665
  landing: 0.7629324495792389
  view-data: 3.4347856249660254
