times:
  edit-metadata: 1.4066473240964115
  landing: 0.8381661106832325
  view-data: 3.4216115390881896
