times:
  edit-metadata: 1.5180494152009487
  landing: 0.8184640407562256
  view-data: 3.363557491451502
