times:
  edit-metadata: 1.5387331694364548
  landing: 0.8980289213359356
  view-data: 3.378414575010538
