times:
  edit-metadata: 1.5480873780325055
  landing: 0.9897859343327582
  view-data: 3.388006796129048
