times:
  edit-metadata: 1.5556172654032707
  landing: 0.7845995649695396
  view-data: 3.334079710766673
