times:
  edit-metadata: 1.6061462499201298
  landing: 0.9858476966619492
  view-data: 3.3223912939429283
