times:
  edit-metadata: 1.2775305891409516
  landing: 0.7499272921122611
  view-data: 3.339673039969057
