times:
  edit-metadata: 1.4608479477465153
  landing: 0.8758170530200005
  view-data: 3.4119810312986374
