times:
  edit-metadata: 1.4573590867221355
  landing: 1.0013391328975558
  view-data: 3.4233607817441225
