times:
  edit-metadata: 1.4490956738591194
  landing: 0.7521585002541542
  view-data: 3.335478037595749
