times:
  edit-metadata: 1.479547478724271
  landing: 0.8050092589110136
  view-data: 3.416847201064229
