times:
  edit-metadata: 1.7119102850556374
  landing: 1.1184109263122082
  view-data: 3.377526130527258
