times:
  edit-metadata: 1.551223799586296
  landing: 0.9129492603242397
  view-data: 3.3802245035767555
