times:
  edit-metadata: 1.5102684907615185
  landing: 1.0764342211186886
  view-data: 3.3279364556074142
