times:
  edit-metadata: 1.3644323199987411
  landing: 0.891509760171175
  view-data: 3.3394601829349995
