times:
  edit-metadata: 1.519929125905037
  landing: 0.822582209482789
  view-data: 3.377816069871187
