times:
  edit-metadata: 1.7211708184331656
  landing: 0.8883003201335669
  view-data: 3.425245923921466
