times:
  edit-metadata: 1.5787743218243122
  landing: 0.8132887743413448
  view-data: 3.335965685546398
