times:
  edit-metadata: 1.5127404890954494
  landing: 0.7597749009728432
  view-data: 3.3439549803733826
