times:
  edit-metadata: 1.713111225515604
  landing: 1.135704267770052
  view-data: 3.4717609100043774
