times:
  edit-metadata: 1.672488883137703
  landing: 1.098048310726881
  view-data: 3.3714702054858208
