times:
  edit-metadata: 1.3576246849261224
  landing: 0.8614024487324059
  view-data: 3.403905977960676
