times:
  edit-metadata: 1.5235353074967861
  landing: 0.9148469045758247
  view-data: 3.365111041814089
