times:
  edit-metadata: 2.3106502778828144
  landing: 1.3662615790963173
  view-data: 3.379190146923065
