times:
  edit-metadata: 1.4001541621983051
  landing: 0.8591857403516769
  view-data: 3.316922590136528
