times:
  edit-metadata: 1.9871869944036007
  landing: 1.1118050180375576
  view-data: 3.380621314048767
