times:
  edit-metadata: 1.5146111734211445
  landing: 1.0915158092975616
  view-data: 3.3198137506842613
