times:
  edit-metadata: 1.6071110349148512
  landing: 0.9475733060389757
  view-data: 3.3011348731815815
