times:
  edit-metadata: 1.6115830596536398
  landing: 0.8758791722357273
  view-data: 3.4177213329821825
