times:
  edit-metadata: 1.5197728420607746
  landing: 0.9440246862359345
  view-data: 3.374384080991149
