times:
  edit-metadata: 1.324481214163825
  landing: 0.8630970560479909
  view-data: 3.241907072952017
