times:
  edit-metadata: 1.397756177932024
  landing: 0.7934919027611613
  view-data: 3.40064213052392
