times:
  edit-metadata: 1.9572201259434223
  landing: 1.315352652221918
  view-data: 3.4909026697278023
