times:
  edit-metadata: 1.7041430659592152
  landing: 1.045548578724265
  view-data: 3.4326335843652487
