times:
  edit-metadata: 1.4399289451539516
  landing: 0.7948804460465908
  view-data: 3.3509284742176533
