times:
  edit-metadata: 1.517351884394884
  landing: 0.7991342768073082
  view-data: 3.3437300454825163
