times:
  edit-metadata: 1.4827294647693634
  landing: 1.018763892352581
  view-data: 3.4739257730543613
