times:
  edit-metadata: 1.4940599538385868
  landing: 0.94108647108078
  view-data: 3.3573514875024557
