times:
  edit-metadata: 1.5511702820658684
  landing: 1.165375605225563
  view-data: 3.4207105934619904
