times:
  edit-metadata: 1.43880046159029
  landing: 0.9463570937514305
  view-data: 3.373395424336195
