times:
  edit-metadata: 1.5162921585142612
  landing: 0.7614393383264542
  view-data: 3.4192269649356604
