times:
  edit-metadata: 1.7641550172120333
  landing: 1.226739477366209
  view-data: 3.4589071087539196
