times:
  edit-metadata: 1.501404047012329
  landing: 0.859772976487875
  view-data: 3.414991147816181
