times:
  edit-metadata: 1.5527063198387623
  landing: 0.9479178013280034
  view-data: 3.4425272764638066
