times:
  edit-metadata: 1.5245124325156212
  landing: 0.9973681755363941
  view-data: 3.347861234098673
