times:
  edit-metadata: 1.6388272047042847
  landing: 0.9213633984327316
  view-data: 3.4663365930318832
