times:
  edit-metadata: 1.405765825882554
  landing: 0.8857041439041495
  view-data: 3.348761333152652
