times:
  edit-metadata: 1.4335751100443304
  landing: 0.8372885839780793
  view-data: 3.2922257679747418
