times:
  edit-metadata: 1.438015341758728
  landing: 0.7665244340896606
  view-data: 3.3761438950896263
