times:
  edit-metadata: 1.4097917079925537
  landing: 0.7677109260112047
  view-data: 3.341644810512662
