times:
  edit-metadata: 1.831192079000175
  landing: 1.118974476121366
  view-data: 3.3136647660285234
