times:
  edit-metadata: 1.4366680681705475
  landing: 0.946186725050211
  view-data: 3.353832483291626
