times:
  edit-metadata: 1.471560918726027
  landing: 0.8852725028991699
  view-data: 3.415253907442093
