times:
  edit-metadata: 2.0846126824617386
  landing: 1.284577190876007
  view-data: 3.538703866302967
