times:
  edit-metadata: 1.4436556734144688
  landing: 0.9349886104464531
  view-data: 3.363999880850315
