times:
  edit-metadata: 1.5130857899785042
  landing: 0.8361180424690247
  view-data: 3.4163572639226913
