times:
  edit-metadata: 1.3616512604057789
  landing: 0.7984501160681248
  view-data: 3.314006771892309
