times:
  edit-metadata: 2.2281353417783976
  landing: 0.9493283880874515
  view-data: 3.370838521979749
