times:
  edit-metadata: 1.527815070003271
  landing: 0.9968765527009964
  view-data: 3.3702706210315228
