times:
  edit-metadata: 1.6113192588090897
  landing: 2.2038102000951767
  view-data: 3.3385918624699116
