times:
  edit-metadata: 1.49724282103125
  landing: 0.8215056800981984
  view-data: 3.321313290973194
