times:
  edit-metadata: 1.6619955599308014
  landing: 0.960097175091505
  view-data: 3.470127794891596
