times:
  edit-metadata: 1.4589984938502312
  landing: 0.8734294581227005
  view-data: 3.3505827761255205
