times:
  edit-metadata: 1.478615690022707
  landing: 1.0222609974443913
  view-data: 3.3917344510555267
