times:
  edit-metadata: 1.516230572015047
  landing: 0.8237377312034369
  view-data: 3.376553852111101
