times:
  edit-metadata: 0.7165537220425904
  landing: 0.06262719398364425
  view-data: 0.3043650630861521
