times:
  edit-metadata: 1.3738829270005226
  landing: 1.1581868305802345
  view-data: 3.391985647380352
