times:
  edit-metadata: 2.079929605126381
  landing: 0.898189852014184
  view-data: 3.406718175858259
