times:
  edit-metadata: 1.4398407842963934
  landing: 0.8128222040832043
  view-data: 3.347438022494316
