times:
  edit-metadata: 1.3680904665961862
  landing: 0.16916393116116524
  view-data: 0.12216819357126951
