times:
  edit-metadata: 1.3742078989744186
  landing: 0.8162816725671291
  view-data: 3.2963472306728363
