times:
  edit-metadata: 0.4925360369961709
  landing: 0.07336643501184881
  view-data: 0.21187599701806903
