times:
  edit-metadata: 1.3307037316262722
  landing: 0.02487642504274845
  view-data: 0.27715575136244297
