times:
  edit-metadata: 1.7113912366330624
  landing: 0.2537595834583044
  view-data: 0.3746279329061508
