times:
  edit-metadata: 2.001144045032561
  landing: 1.1453206739388406
  view-data: 3.4457427081651986
