times:
  edit-metadata: 1.9612601771950722
  landing: 2.018542781472206
  view-data: 3.297381978482008
