times:
  edit-metadata: 1.341165049932897
  landing: 0.1715879524126649
  view-data: 0.09867432620376348
