times:
  edit-metadata: 1.5536756813526154
  landing: 1.1288053952157497
  view-data: 3.393107958137989
