times:
  edit-metadata: 1.3874860731884837
  landing: 0.02085351850837469
  view-data: 0.3104572370648384
