times:
  edit-metadata: 1.671807173639536
  landing: 0.848729133605957
  view-data: 3.662412330508232
