times:
  edit-metadata: 1.3276505172252655
  landing: 0.022304858081042767
  view-data: 0.028047485277056694
