times:
  edit-metadata: 1.510449804365635
  landing: 0.22205242607742548
  view-data: 0.023232256062328815
