times:
  edit-metadata: 1.5448627788573503
  landing: 0.12364648841321468
  view-data: 0.1361274216324091
