times:
  edit-metadata: 1.506106447428465
  landing: 0.7141072675585747
  view-data: 3.368064120411873
