times:
  edit-metadata: 1.5840292014181614
  landing: 0.7424991000443697
  view-data: 3.6807030625641346
