times:
  edit-metadata: 1.4518026039004326
  landing: 0.023411430418491364
  view-data: 0.12186230905354023
