times:
  edit-metadata: 1.3510605469346046
  landing: 0.022747029550373554
  view-data: 0.026388196274638176
