times:
  edit-metadata: 1.4680864922702312
  landing: 0.8457398768514395
  view-data: 3.639687491580844
