times:
  edit-metadata: 1.3671110793948174
  landing: 0.8681269995868206
  view-data: 3.3641455471515656
