times:
  edit-metadata: 2.6765092192217708
  landing: 0.35919644590467215
  view-data: 0.8369833528995514
