times:
  edit-metadata: 1.3898218581452966
  landing: 0.022437321953475475
  view-data: 0.25575744453817606
