times:
  edit-metadata: 1.6019087806344032
  landing: 0.7707814984023571
  view-data: 3.3833478912711143
