times:
  edit-metadata: 1.7858085855841637
  landing: 1.002732819877565
  view-data: 3.3305129893124104
