times:
  edit-metadata: 2.3216694928705692
  landing: 0.14548774436116219
  view-data: 0.026641635224223137
