times:
  edit-metadata: 1.5000635655596852
  landing: 0.8462556404992938
  view-data: 3.3436384946107864
