times:
  edit-metadata: 1.63212238997221
  landing: 0.9827294126152992
  view-data: 3.4000404477119446
