times:
  edit-metadata: 0.5186897760722786
  landing: 0.06078741594683379
  view-data: 0.22602037992328405
