times:
  edit-metadata: 1.5400613388046622
  landing: 1.0462370747700334
  view-data: 3.3526832051575184
