times:
  edit-metadata: 1.3868823312222958
  landing: 0.6877958010882139
  view-data: 3.3183932472020388
