times:
  edit-metadata: 1.4583049714565277
  landing: 0.9910316243767738
  view-data: 3.4203275218605995
