times:
  edit-metadata: 1.4509895956143737
  landing: 0.24313523713499308
  view-data: 0.44573971815407276
