times:
  edit-metadata: 1.5146254021674395
  landing: 0.19601599499583244
  view-data: 0.025698848068714142
