times:
  edit-metadata: 1.5244897436350584
  landing: 0.68802878446877
  view-data: 3.304752267897129
