times:
  edit-metadata: 1.3528736839070916
  landing: 0.02079093549400568
  view-data: 0.46113846357911825
