times:
  edit-metadata: 1.351558893918991
  landing: 0.8763685245066881
  view-data: 3.362020742148161
