times:
  edit-metadata: 1.433524855878204
  landing: 0.9559646602720022
  view-data: 3.3565455079078674
