times:
  edit-metadata: 1.4493810683488846
  landing: 0.020219149067997932
  view-data: 0.32082940824329853
