times:
  edit-metadata: 1.3213172759860754
  landing: 0.11367154773324728
  view-data: 0.12232036050409079
