times:
  edit-metadata: 0.4947066430468112
  landing: 0.07432180782780051
  view-data: 0.2200454198755324
