times:
  edit-metadata: 1.9248002232052386
  landing: 0.9605332361534238
  view-data: 3.4178406670689583
