times:
  edit-metadata: 1.3461511051282287
  landing: 0.710433310829103
  view-data: 3.3680687192827463
