times:
  edit-metadata: 1.4710579896345735
  landing: 0.8015311630442739
  view-data: 3.2957304674200714
