times:
  edit-metadata: 1.7862035734578967
  landing: 0.019557839259505272
  view-data: 0.02470115851610899
