times:
  edit-metadata: 1.4460551366209984
  landing: 0.11578080803155899
  view-data: 0.02500324882566929
