times:
  edit-metadata: 0.5976264229975641
  landing: 0.057958188001066446
  view-data: 0.21571594799752347
