times:
  edit-metadata: 1.3893762230873108
  landing: 0.25313785299658775
  view-data: 0.1281343549489975
