times:
  edit-metadata: 0.6100776660023257
  landing: 0.06361425702925771
  view-data: 0.23648175795096904
