times:
  edit-metadata: 1.627756629139185
  landing: 1.1557025238871574
  view-data: 3.3227142058312893
