times:
  edit-metadata: 1.4731204900890589
  landing: 0.26484170742332935
  view-data: 0.14095445349812508
