times:
  edit-metadata: 1.8766749072819948
  landing: 1.4431072901934385
  view-data: 3.553839135915041
