times:
  edit-metadata: 0.6215557710002031
  landing: 0.04447062899998855
  view-data: 0.21891183099978662
