times:
  edit-metadata: 0.5053359050070867
  landing: 0.0725510020274669
  view-data: 0.21207148302346468
