times:
  edit-metadata: 1.4106886573135853
  landing: 0.0981315653771162
  view-data: 0.028532778844237328
