times:
  edit-metadata: 0.6336464270134456
  landing: 0.0840793660026975
  view-data: 0.2313510310195852
