times:
  edit-metadata: 1.3920085420832038
  landing: 0.022637161426246166
  view-data: 0.12225438002496958
