times:
  edit-metadata: 0.802999044302851
  landing: 0.11090077413246036
  view-data: 0.2904697270132601
