times:
  edit-metadata: 2.422366453334689
  landing: 0.5472698705270886
  view-data: 1.0000151246786118
