times:
  edit-metadata: 1.6280414387583733
  landing: 0.2897692322731018
  view-data: 0.17670034803450108
