times:
  edit-metadata: 1.6661106022074819
  landing: 0.8769713034853339
  view-data: 3.3652737690135837
