times:
  edit-metadata: 1.455564490519464
  landing: 0.138358686119318
  view-data: 0.4553842628374696
