times:
  edit-metadata: 1.37700579687953
  landing: 0.7787069752812386
  view-data: 3.290638029575348
