times:
  edit-metadata: 1.3524473709985614
  landing: 0.7256129521410912
  view-data: 3.236866855993867
