times:
  edit-metadata: 1.407864460721612
  landing: 0.02058534137904644
  view-data: 0.09873751271516085
