times:
  edit-metadata: 1.434864791110158
  landing: 0.021847937256097794
  view-data: 0.13068531826138496
