times:
  edit-metadata: 1.3520463993772864
  landing: 0.704950487241149
  view-data: 3.3676766455173492
