times:
  edit-metadata: 0.6029446683824062
  landing: 0.07131451973691583
  view-data: 0.2291980073787272
