times:
  edit-metadata: 0.5776066390099004
  landing: 0.06942495401017368
  view-data: 0.22255382291041315
