times:
  edit-metadata: 0.5232706048991531
  landing: 0.07918208301998675
  view-data: 0.22379168309271336
