times:
  edit-metadata: 1.423738269135356
  landing: 0.11727086268365383
  view-data: 0.3093217574059963
