times:
  edit-metadata: 1.378236553631723
  landing: 0.02212540339678526
  view-data: 0.02653589565306902
