times:
  edit-metadata: 1.4505097158253193
  landing: 0.7191953212022781
  view-data: 0.6821877881884575
