times:
  edit-metadata: 1.6637604497373104
  landing: 0.9921907000243664
  view-data: 3.5311093777418137
