times:
  edit-metadata: 1.5575831199530512
  landing: 0.8289873590692878
  view-data: 3.4135241699405015
