times:
  edit-metadata: 1.4298696042969823
  landing: 0.24009844195097685
  view-data: 0.023438586853444576
