times:
  edit-metadata: 1.5915071964263916
  landing: 0.7158393878489733
  view-data: 3.373404659330845
