times:
  edit-metadata: 1.7122603561729193
  landing: 1.0597882829606533
  view-data: 3.3675026651471853
