times:
  edit-metadata: 1.280133186839521
  landing: 0.7083582719787955
  view-data: 3.394364546984434
