times:
  edit-metadata: 1.3878111615777016
  landing: 0.16258357092738152
  view-data: 0.46490064170211554
