times:
  edit-metadata: 0.6889810268767178
  landing: 0.04772944003343582
  view-data: 0.2962382878176868
