times:
  edit-metadata: 1.4399583339691162
  landing: 0.02209598571062088
  view-data: 0.12628072686493397
