times:
  edit-metadata: 0.48592325602658093
  landing: 0.07118051598081365
  view-data: 0.22195039899088442
