times:
  edit-metadata: 1.3928082883358002
  landing: 1.0475271567702293
  view-data: 3.3538021594285965
