times:
  edit-metadata: 0.4909193909843452
  landing: 0.07030990504426882
  view-data: 0.22283427300862968
