times:
  edit-metadata: 1.3712035343050957
  landing: 0.021781926043331623
  view-data: 0.11912716086953878
