times:
  edit-metadata: 1.5683333920314908
  landing: 0.9571525570936501
  view-data: 3.2775917099788785
