times:
  edit-metadata: 1.42423345008865
  landing: 0.6750318119302392
  view-data: 3.4068410508334637
