times:
  edit-metadata: 1.4552064836025238
  landing: 0.14977009408175945
  view-data: 0.3282341156154871
