times:
  edit-metadata: 1.3401840031147003
  landing: 0.02378281857818365
  view-data: 0.026397415436804295
