times:
  edit-metadata: 1.284345648251474
  landing: 0.11710673663765192
  view-data: 0.023770464584231377
