times:
  edit-metadata: 0.7592514636926353
  landing: 0.12556608486920595
  view-data: 0.22284319624304771
