times:
  edit-metadata: 1.593271128833294
  landing: 0.9935990460216999
  view-data: 3.4625866040587425
