times:
  edit-metadata: 1.8332465887069702
  landing: 0.2863527536392212
  view-data: 0.2766722310334444
