times:
  edit-metadata: 1.8322667758911848
  landing: 0.9057817850261927
  view-data: 3.3163844235241413
