times:
  edit-metadata: 1.4874754641205072
  landing: 0.02200176753103733
  view-data: 0.1253150124102831
