times:
  edit-metadata: 1.4741797083988786
  landing: 0.21182524133473635
  view-data: 0.20322391390800476
