times:
  edit-metadata: 0.49525424814783037
  landing: 0.06660551903769374
  view-data: 0.2214140489231795
