times:
  edit-metadata: 1.4230873808264732
  landing: 0.8253104984760284
  view-data: 3.789371035993099
