times:
  edit-metadata: 1.4100368060171604
  landing: 0.9466220326721668
  view-data: 3.3194560781121254
