times:
  edit-metadata: 1.3807819038629532
  landing: 0.7260564919561148
  view-data: 3.337399573996663
