times:
  edit-metadata: 1.8487071515992284
  landing: 1.2083090571686625
  view-data: 3.417358805425465
