times:
  edit-metadata: 1.4175787661224604
  landing: 0.1519150175154209
  view-data: 0.02350381761789322
