times:
  edit-metadata: 1.574758131057024
  landing: 0.7832698542624712
  view-data: 3.40367144998163
