times:
  edit-metadata: 1.3883038759231567
  landing: 7.676114667207003
  view-data: 3.3048651330173016
