times:
  edit-metadata: 0.5633627586066723
  landing: 0.11778694158419967
  view-data: 0.3136909529566765
