times:
  edit-metadata: 1.4806029936298728
  landing: 0.9199291318655014
  view-data: 3.668924699537456
