times:
  edit-metadata: 3.2330532614141703
  landing: 0.8907194901257753
  view-data: 0.5185582432895899
