times:
  edit-metadata: 1.549104232341051
  landing: 0.9647586494684219
  view-data: 3.278627134859562
