times:
  edit-metadata: 1.3605614248663187
  landing: 0.6892466507852077
  view-data: 3.405166871845722
