times:
  edit-metadata: 1.3602214166894555
  landing: 0.02204017899930477
  view-data: 0.02668736409395933
