times:
  edit-metadata: 0.5005527569446713
  landing: 0.057015267200767994
  view-data: 0.21604508510790765
