times:
  edit-metadata: 1.6279699839651585
  landing: 0.7727341242134571
  view-data: 3.3160473685711622
