times:
  edit-metadata: 2.552765080006793
  landing: 0.16253720998065546
  view-data: 0.3312205849797465
