times:
  edit-metadata: 0.5111600230447948
  landing: 0.07251708395779133
  view-data: 0.21243263292126358
