times:
  edit-metadata: 0.49799141893163323
  landing: 0.060552521143108606
  view-data: 0.2184568508528173
