times:
  edit-metadata: 0.6284813270904124
  landing: 0.04473507311195135
  view-data: 0.22882680501788855
