times:
  edit-metadata: 1.3845786042511463
  landing: 0.7152185961604118
  view-data: 3.3581829331815243
