times:
  edit-metadata: 1.3506216779351234
  landing: 0.018118051812052727
  view-data: 0.02609435748308897
