times:
  edit-metadata: 0.4940460338257253
  landing: 0.06921011209487915
  view-data: 0.22718473197892308
