times:
  edit-metadata: 1.3525729347020388
  landing: 0.11184667609632015
  view-data: 0.028846539556980133
