times:
  edit-metadata: 0.602049371227622
  landing: 0.055088192224502563
  view-data: 0.22048421204090118
