times:
  edit-metadata: 1.3357075601816177
  landing: 0.02082938328385353
  view-data: 0.33545555360615253
