times:
  edit-metadata: 0.5430067859706469
  landing: 0.05543728999327868
  view-data: 0.2141999370069243
