times:
  edit-metadata: 1.6120267696678638
  landing: 1.0670967176556587
  view-data: 3.3544773422181606
