times:
  edit-metadata: 1.3637730861082673
  landing: 0.020330052822828293
  view-data: 0.10207710135728121
