times:
  edit-metadata: 1.4237573291175067
  landing: 0.7644919897429645
  view-data: 3.3534439159557223
