times:
  edit-metadata: 1.5415394213050604
  landing: 0.8164129164069891
  view-data: 3.407925261184573
