times:
  edit-metadata: 1.193051751703024
  landing: 0.8557536117732525
  view-data: 3.5481697395443916
