times:
  edit-metadata: 1.6869086176156998
  landing: 0.978468757122755
  view-data: 3.4077468030154705
