times:
  edit-metadata: 1.3566341325640678
  landing: 0.8701013959944248
  view-data: 3.2872782610356808
