times:
  edit-metadata: 2.026577701792121
  landing: 0.2419175673276186
  view-data: 0.46537800319492817
