times:
  edit-metadata: 0.5039174258708954
  landing: 0.06860378501005471
  view-data: 0.2251988030038774
