times:
  edit-metadata: 1.4693105556070805
  landing: 0.1259292047470808
  view-data: 0.023275887593626976
