times:
  edit-metadata: 1.4109722003340721
  landing: 0.1254517249763012
  view-data: 0.3577353283762932
