times:
  edit-metadata: 1.4558556580450386
  landing: 0.94903838285245
  view-data: 3.27341089094989
