times:
  edit-metadata: 0.6103272059990559
  landing: 0.05154792300891131
  view-data: 0.243982453001081
