times:
  edit-metadata: 1.4847785662859678
  landing: 0.27649389393627644
  view-data: 0.35637548193335533
