times:
  edit-metadata: 1.382680824957788
  landing: 0.729778565466404
  view-data: 3.466667558066547
