times:
  edit-metadata: 0.7619462399743497
  landing: 0.06725493911653757
  view-data: 0.311426913831383
