times:
  edit-metadata: 1.5310585033148527
  landing: 0.6905571613460779
  view-data: 3.371755003929138
