times:
  edit-metadata: 1.558473041281104
  landing: 0.12668622471392155
  view-data: 0.4167959652841091
