times:
  edit-metadata: 2.288668006658554
  landing: 1.253306020051241
  view-data: 3.416583126410842
