times:
  edit-metadata: 2.2793620619922876
  landing: 1.2510127238929272
  view-data: 3.5075532104820013
