times:
  edit-metadata: 0.862233439926058
  landing: 0.11144537013024092
  view-data: 0.32862019818276167
