times:
  edit-metadata: 1.4407418817281723
  landing: 0.807042330969125
  view-data: 3.2740495493635535
