times:
  edit-metadata: 1.4259601794183254
  landing: 0.26989816315472126
  view-data: 0.02701692283153534
