times:
  edit-metadata: 0.5033363630063832
  landing: 0.06546288100071251
  view-data: 0.21454374201130122
