times:
  edit-metadata: 1.4033425711095333
  landing: 2.0388110391795635
  view-data: 3.5571026615798473
