times:
  edit-metadata: 1.421254601329565
  landing: 0.020624923519790173
  view-data: 0.02634796779602766
