times:
  edit-metadata: 0.4991352690849453
  landing: 0.0632093830499798
  view-data: 0.2232666009804234
