times:
  edit-metadata: 0.5313616689527407
  landing: 0.04659921897109598
  view-data: 0.21416029904503375
