times:
  edit-metadata: 1.7821685280650854
  landing: 0.9362567123025656
  view-data: 3.4350957050919533
