times:
  edit-metadata: 1.2864079885184765
  landing: 1.0061932317912579
  view-data: 3.3595390804111958
