times:
  edit-metadata: 1.5015790071338415
  landing: 0.2020421139895916
  view-data: 0.33933580107986927
