times:
  edit-metadata: 1.6668032743036747
  landing: 0.7917348369956017
  view-data: 3.3330444991588593
