times:
  edit-metadata: 0.5082591869868338
  landing: 0.07390987197868526
  view-data: 0.22615249408409
