times:
  edit-metadata: 0.5757382563315332
  landing: 0.072658427990973
  view-data: 0.2189945220015943
