times:
  edit-metadata: 1.6265072748064995
  landing: 0.9401141293346882
  view-data: 3.4088485315442085
