times:
  edit-metadata: 1.706209346652031
  landing: 1.0774228386580944
  view-data: 3.4047314822673798
