times:
  edit-metadata: 1.7874923199415207
  landing: 0.3187367133796215
  view-data: 0.3657332994043827
