times:
  edit-metadata: 1.745504692196846
  landing: 0.15158374421298504
  view-data: 0.17898177914321423
