times:
  edit-metadata: 1.4223759984597564
  landing: 0.022796965204179287
  view-data: 0.32200072705745697
