times:
  edit-metadata: 0.6015622559934855
  landing: 0.0911722956225276
  view-data: 0.3028542399406433
