times:
  edit-metadata: 1.434865728020668
  landing: 0.02014750801026821
  view-data: 0.3411554154008627
