times:
  edit-metadata: 1.40833936072886
  landing: 0.024752138182520866
  view-data: 0.13932453282177448
