times:
  edit-metadata: 1.4954225439578295
  landing: 0.15185221284627914
  view-data: 0.3105787429958582
