times:
  edit-metadata: 0.49721510999370366
  landing: 0.05948624399024993
  view-data: 0.21941872499883175
