times:
  edit-metadata: 0.6098541249521077
  landing: 0.07530568819493055
  view-data: 0.244215271435678
