times:
  edit-metadata: 1.633674245327711
  landing: 0.14108486473560333
  view-data: 0.36761113069951534
