times:
  edit-metadata: 1.391705820336938
  landing: 0.11433385126292706
  view-data: 0.09681663289666176
