times:
  edit-metadata: 0.5026774650905281
  landing: 0.0694449101574719
  view-data: 0.22647999390028417
