times:
  edit-metadata: 1.3627182729542255
  landing: 0.14621375408023596
  view-data: 0.025100136175751686
