times:
  edit-metadata: 1.5055800080299377
  landing: 0.7430531904101372
  view-data: 3.645681194961071
