times:
  edit-metadata: 1.4223155342042446
  landing: 0.11737600807100534
  view-data: 0.25089407805353403
