times:
  edit-metadata: 1.4188668485730886
  landing: 0.7924423515796661
  view-data: 3.3687876500189304
