times:
  edit-metadata: 0.5894462979631498
  landing: 0.066211560042575
  view-data: 0.23043162003159523
