times:
  edit-metadata: 1.501214001327753
  landing: 0.7519824560731649
  view-data: 3.327924970537424
