times:
  edit-metadata: 1.5278428383171558
  landing: 0.7264958210289478
  view-data: 3.2903829030692577
