times:
  edit-metadata: 0.7826439859345555
  landing: 0.059435755014419556
  view-data: 0.2928645801730454
