times:
  edit-metadata: 1.6844112686812878
  landing: 0.17313450388610363
  view-data: 0.3400568049401045
