times:
  edit-metadata: 1.4343967409804463
  landing: 0.7269295053556561
  view-data: 3.3833455061540008
