times:
  edit-metadata: 1.7020929362624884
  landing: 0.2028556540608406
  view-data: 0.7380757592618465
