times:
  edit-metadata: 0.5810172119963681
  landing: 0.07719234999967739
  view-data: 0.24628191499505192
