times:
  edit-metadata: 1.3799009770154953
  landing: 0.7587357629090548
  view-data: 3.58867965079844
