times:
  edit-metadata: 1.6568899676203728
  landing: 0.9010572545230389
  view-data: 3.3461469784379005
