times:
  edit-metadata: 1.4625364281237125
  landing: 0.921618090942502
  view-data: 3.4435103069990873
