times:
  edit-metadata: 1.677005235105753
  landing: 0.3265104377642274
  view-data: 0.49477445520460606
