times:
  edit-metadata: 1.979704808909446
  landing: 1.0055811223573983
  view-data: 3.4761627800762653
