times:
  edit-metadata: 1.4249552488327026
  landing: 0.8164613991975784
  view-data: 3.590190503746271
