times:
  edit-metadata: 0.5070352599723265
  landing: 0.0759466290473938
  view-data: 0.22217001399258152
