times:
  edit-metadata: 1.4382498090271838
  landing: 0.01792163902428001
  view-data: 0.1233013819437474
