times:
  edit-metadata: 0.4980748451780528
  landing: 0.0674734830390662
  view-data: 0.34367463598027825
