times:
  edit-metadata: 1.3071348965168
  landing: 0.02079045120626688
  view-data: 0.11643105838447809
