times:
  edit-metadata: 1.3699234938248992
  landing: 0.02124350517988205
  view-data: 0.33637607377022505
