times:
  edit-metadata: 2.008201855001971
  landing: 0.21949278099782532
  view-data: 0.18712188900099136
