times:
  edit-metadata: 1.2684162519872189
  landing: 0.8280988819897175
  view-data: 3.278387369122356
