times:
  edit-metadata: 1.8416593931615353
  landing: 0.8991832733154297
  view-data: 3.3575356379151344
