times:
  edit-metadata: 1.581678656861186
  landing: 0.8517346754670143
  view-data: 3.43277352117002
