times:
  edit-metadata: 1.4765317626297474
  landing: 0.28097801841795444
  view-data: 0.3867209292948246
