times:
  edit-metadata: 0.5731784380041063
  landing: 0.0658217739983229
  view-data: 0.22245349299919326
