times:
  edit-metadata: 1.3881527138873935
  landing: 0.14039906859397888
  view-data: 0.20461254753172398
