times:
  edit-metadata: 1.8813284747302532
  landing: 1.7434602230787277
  view-data: 3.376775700598955
