times:
  edit-metadata: 1.866351468488574
  landing: 0.2647318299859762
  view-data: 0.40449630562216043
