times:
  edit-metadata: 0.5866361609660089
  landing: 0.04919080017134547
  view-data: 0.22028883080929518
