times:
  edit-metadata: 1.350241451524198
  landing: 0.022215895354747772
  view-data: 0.02656244020909071
