times:
  edit-metadata: 1.3846833910793066
  landing: 0.02302388660609722
  view-data: 0.11836233548820019
