times:
  edit-metadata: 1.4094162657856941
  landing: 0.2182347122579813
  view-data: 0.022635821253061295
