times:
  edit-metadata: 1.4449425488710403
  landing: 0.6988595202565193
  view-data: 3.3541612401604652
