times:
  edit-metadata: 1.4188284436240792
  landing: 0.020644113421440125
  view-data: 0.02652377262711525
