times:
  edit-metadata: 0.5678658990073018
  landing: 0.060827442997833714
  view-data: 0.2250356659933459
