times:
  edit-metadata: 1.9207423832267523
  landing: 0.021556001156568527
  view-data: 0.24997310899198055
