times:
  edit-metadata: 0.4938117857091129
  landing: 0.07152780517935753
  view-data: 0.22544530918821692
