times:
  edit-metadata: 1.8774960711598396
  landing: 1.3046015612781048
  view-data: 3.3773365691304207
