times:
  edit-metadata: 0.4987653309945017
  landing: 0.07478418806567788
  view-data: 0.21390609606169164
