times:
  edit-metadata: 0.5017466119024903
  landing: 0.0607371018268168
  view-data: 0.2237366191111505
