times:
  edit-metadata: 1.3440731689333916
  landing: 0.6648286543786526
  view-data: 3.3120811246335506
