times:
  edit-metadata: 1.6300688553601503
  landing: 0.026065558195114136
  view-data: 0.13564050756394863
