times:
  edit-metadata: 1.6698956955224276
  landing: 0.026264742016792297
  view-data: 0.3873889781534672
