times:
  edit-metadata: 1.4640361461788416
  landing: 0.7324288049712777
  view-data: 3.2973040966317058
