times:
  edit-metadata: 1.480206759646535
  landing: 0.12466986663639545
  view-data: 0.33137685246765614
