times:
  edit-metadata: 1.581346832215786
  landing: 0.018496673554182053
  view-data: 0.363667631521821
