times:
  edit-metadata: 2.502298377454281
  landing: 1.1044101566076279
  view-data: 3.5464333035051823
