times:
  edit-metadata: 1.5681189987808466
  landing: 0.02263771928846836
  view-data: 0.3360056597739458
