times:
  edit-metadata: 1.3626296389847994
  landing: 0.6923463251441717
  view-data: 3.317210102453828
