times:
  edit-metadata: 1.5515768807381392
  landing: 0.7645074967294931
  view-data: 3.314877161756158
