times:
  edit-metadata: 0.48964378284290433
  landing: 0.06412857305258512
  view-data: 0.2245961301960051
