times:
  edit-metadata: 1.3545261844992638
  landing: 0.01968296244740486
  view-data: 0.1508047953248024
