times:
  edit-metadata: 1.7555899638682604
  landing: 1.1081713624298573
  view-data: 3.434547908604145
