times:
  edit-metadata: 1.3716959180310369
  landing: 0.02021179161965847
  view-data: 0.028699944727122784
