times:
  edit-metadata: 0.4909907360561192
  landing: 0.056400364032015204
  view-data: 0.22008848492987454
