times:
  edit-metadata: 1.5742247477173805
  landing: 11.0802092384547
  view-data: 3.3357444517314434
