times:
  edit-metadata: 1.5174366645514965
  landing: 0.7236141171306372
  view-data: 3.3369476310908794
