times:
  edit-metadata: 1.3542122673243284
  landing: 0.7025236589834094
  view-data: 3.6051733614876866
