times:
  edit-metadata: 1.7692850399762392
  landing: 0.021146593615412712
  view-data: 0.5905260248109698
