times:
  edit-metadata: 1.4542580414563417
  landing: 0.7407553307712078
  view-data: 3.470523629337549
