times:
  edit-metadata: 0.5243006820091978
  landing: 0.07283845101483166
  view-data: 0.21545147598953918
