times:
  edit-metadata: 1.3698252849280834
  landing: 0.023550360463559628
  view-data: 0.025349507108330727
