times:
  edit-metadata: 1.600380901247263
  landing: 0.8869293034076691
  view-data: 3.4574966486543417
