times:
  edit-metadata: 1.4706952571868896
  landing: 0.8998492956161499
  view-data: 3.3508116267621517
