times:
  edit-metadata: 0.49893165298271924
  landing: 0.06809289500233717
  view-data: 0.2170292819791939
