times:
  edit-metadata: 1.3503760984167457
  landing: 0.021125766448676586
  view-data: 0.024745152331888676
