times:
  edit-metadata: 1.5176801979541779
  landing: 0.7741065174341202
  view-data: 3.2726285168901086
