times:
  edit-metadata: 2.1818681806325912
  landing: 0.9313901597633958
  view-data: 3.671099522151053
