times:
  edit-metadata: 1.607144997920841
  landing: 0.9855179591104388
  view-data: 3.650947855785489
