times:
  edit-metadata: 1.430939994752407
  landing: 0.8417224660515785
  view-data: 3.5836215130984783
