times:
  edit-metadata: 3.274493061006069
  landing: 0.9118043147027493
  view-data: 3.4426714964210987
