times:
  edit-metadata: 1.3975889766588807
  landing: 0.01996732223778963
  view-data: 0.43332146666944027
