times:
  edit-metadata: 1.3989769406616688
  landing: 0.15384796261787415
  view-data: 0.024702832102775574
