times:
  edit-metadata: 1.5135799422860146
  landing: 0.23632684163749218
  view-data: 0.346194707788527
