times:
  edit-metadata: 1.6157793700695038
  landing: 3.7114527486264706
  view-data: 3.4030457586050034
