times:
  edit-metadata: 1.7540976144373417
  landing: 1.1583085618913174
  view-data: 3.41033723205328
