times:
  edit-metadata: 1.3288040217012167
  landing: 0.019209977239370346
  view-data: 0.023621216416358948
