times:
  edit-metadata: 1.5278533585369587
  landing: 0.8287144005298615
  view-data: 3.4213339127600193
