times:
  edit-metadata: 1.3544242670759559
  landing: 0.0209746602922678
  view-data: 0.32378727197647095
