times:
  edit-metadata: 1.3183581699850038
  landing: 0.31343308597570285
  view-data: 0.3141021520132199
