times:
  edit-metadata: 1.5176777578890324
  landing: 0.9150919478852302
  view-data: 3.4800514420494437
