times:
  edit-metadata: 1.4698865488171577
  landing: 0.784959064796567
  view-data: 3.331703707575798
