times:
  edit-metadata: 1.35784019716084
  landing: 0.020775270648300648
  view-data: 0.12025361880660057
