times:
  edit-metadata: 1.3864008523523808
  landing: 0.14901284500956535
  view-data: 0.13213405199348927
