times:
  edit-metadata: 1.3560877470299602
  landing: 0.021713456138968468
  view-data: 0.026060843840241432
