times:
  edit-metadata: 1.3362655751407146
  landing: 0.019265159964561462
  view-data: 0.20142553839832544
