times:
  edit-metadata: 1.9334036279469728
  landing: 0.021092485636472702
  view-data: 0.026727814227342606
