times:
  edit-metadata: 1.5966282468289137
  landing: 0.9163126004859805
  view-data: 3.4588478738442063
