times:
  edit-metadata: 1.3754109758883715
  landing: 0.021540388464927673
  view-data: 0.0263731861487031
