times:
  edit-metadata: 1.4906730316579342
  landing: 0.8619602173566818
  view-data: 3.6039812602102757
