times:
  edit-metadata: 1.4720129184424877
  landing: 0.6931360326707363
  view-data: 3.2547490037977695
