times:
  edit-metadata: 0.5128141979221255
  landing: 0.06140047009103
  view-data: 0.22085963282734156
