times:
  edit-metadata: 1.4381767585873604
  landing: 0.01928914710879326
  view-data: 0.3328710254281759
