times:
  edit-metadata: 1.7792786480858922
  landing: 0.8286606865003705
  view-data: 3.3294292325153947
