times:
  edit-metadata: 1.668174784630537
  landing: 1.0381338223814964
  view-data: 3.3916928097605705
