times:
  edit-metadata: 1.5471432581543922
  landing: 0.7753647398203611
  view-data: 3.4459889587014914
