times:
  edit-metadata: 1.3383903056383133
  landing: 0.8675733283162117
  view-data: 3.340261373668909
