times:
  edit-metadata: 1.6211186656728387
  landing: 0.022853720001876354
  view-data: 0.028711927123367786
