times:
  edit-metadata: 1.467345455661416
  landing: 0.14193841442465782
  view-data: 0.024469837546348572
