times:
  edit-metadata: 1.5895430203527212
  landing: 0.022645579650998116
  view-data: 0.3446892239153385
