times:
  edit-metadata: 1.5259646730264649
  landing: 0.9720329769188538
  view-data: 3.3424566210014746
