times:
  edit-metadata: 1.4634179510176182
  landing: 0.802101893350482
  view-data: 3.5844063702970743
