times:
  edit-metadata: 1.4984495267271996
  landing: 0.9432682953774929
  view-data: 3.366095971316099
