times:
  edit-metadata: 1.4252200443297625
  landing: 0.2687646187841892
  view-data: 0.2822544779628515
