times:
  edit-metadata: 1.4701908323913813
  landing: 0.020617449656128883
  view-data: 0.3084732685238123
