times:
  edit-metadata: 0.5719378649955615
  landing: 0.18169779295567423
  view-data: 0.21349758002907038
