times:
  edit-metadata: 1.8387970458716154
  landing: 0.1858668439090252
  view-data: 0.11474030464887619
