times:
  edit-metadata: 0.5052673979662359
  landing: 0.05864495597779751
  view-data: 0.21565378387458622
