times:
  edit-metadata: 1.6771342419087887
  landing: 1.111685585230589
  view-data: 3.4256205931305885
