times:
  edit-metadata: 1.4911037180572748
  landing: 0.70788149908185
  view-data: 3.666389424353838
