times:
  edit-metadata: 1.428030751645565
  landing: 0.020536232739686966
  view-data: 0.025872621685266495
