times:
  edit-metadata: 1.4808632098138332
  landing: 0.7670700587332249
  view-data: 3.292741259559989
