times:
  edit-metadata: 1.4053409304469824
  landing: 0.8348273001611233
  view-data: 3.3257776238024235
