times:
  edit-metadata: 0.5053729871287942
  landing: 0.07554036099463701
  view-data: 0.3504350599832833
