times:
  edit-metadata: 1.684581495821476
  landing: 1.111530315130949
  view-data: 3.4882702007889748
