times:
  edit-metadata: 1.3635655380785465
  landing: 0.919779010117054
  view-data: 3.384118963032961
