times:
  edit-metadata: 0.6100413082167506
  landing: 0.05662781232967973
  view-data: 0.2187237530015409
