times:
  edit-metadata: 0.5040916381403804
  landing: 0.07542100315913558
  view-data: 0.20722708106040955
