times:
  edit-metadata: 1.6149972826242447
  landing: 0.9015676379203796
  view-data: 3.39201457798481
