times:
  edit-metadata: 1.3666918550152332
  landing: 0.6964472359977663
  view-data: 3.2737551039317623
