times:
  edit-metadata: 1.5098012071102858
  landing: 0.9459451735019684
  view-data: 3.4017619602382183
