times:
  edit-metadata: 1.5328365399036556
  landing: 0.7252063821069896
  view-data: 3.3137367418967187
