times:
  edit-metadata: 1.4957777559757233
  landing: 0.8209346099756658
  view-data: 3.446684264112264
