times:
  edit-metadata: 1.4156976696103811
  landing: 0.7837938703596592
  view-data: 3.396091786213219
