times:
  edit-metadata: 1.5916103050112724
  landing: 0.7878656536340714
  view-data: 3.3450518250465393
