times:
  edit-metadata: 1.738186588510871
  landing: 0.16064466536045074
  view-data: 0.33632447198033333
