times:
  edit-metadata: 1.209745280444622
  landing: 0.721177950501442
  view-data: 3.3642358146607876
