times:
  edit-metadata: 1.3476635105907917
  landing: 0.8627430247142911
  view-data: 3.4484648359939456
