times:
  edit-metadata: 1.3475508792325854
  landing: 0.7307167714461684
  view-data: 3.2956790989264846
