times:
  edit-metadata: 1.3473655311390758
  landing: 0.20631416141986847
  view-data: 0.022464481182396412
