times:
  edit-metadata: 1.292594226077199
  landing: 0.7820893246680498
  view-data: 3.322341105900705
