times:
  edit-metadata: 1.4270995818078518
  landing: 0.823791392147541
  view-data: 3.296369258314371
