times:
  edit-metadata: 1.3204280640929937
  landing: 0.7853339873254299
  view-data: 3.3586532175540924
