times:
  edit-metadata: 1.6376663204282522
  landing: 1.036164091899991
  view-data: 3.751431928947568
