times:
  edit-metadata: 1.6290475623682141
  landing: 0.9118113899603486
  view-data: 3.3777788961306214
