times:
  edit-metadata: 2.290307756513357
  landing: 1.5882161259651184
  view-data: 3.9479080829769373
