times:
  edit-metadata: 1.4223090466111898
  landing: 0.020014820620417595
  view-data: 0.053324077278375626
