times:
  edit-metadata: 1.3863375037908554
  landing: 0.9402271881699562
  view-data: 3.331727623939514
