times:
  edit-metadata: 2.363818187266588
  landing: 1.1847907975316048
  view-data: 3.352303432300687
