times:
  edit-metadata: 1.5638851430267096
  landing: 0.7470806166529655
  view-data: 3.2985472828149796
