times:
  edit-metadata: 1.753216601908207
  landing: 0.9619193663820624
  view-data: 3.5133045688271523
