times:
  edit-metadata: 0.4947401739191264
  landing: 0.07359321787953377
  view-data: 0.22510689217597246
