times:
  edit-metadata: 0.49688828992657363
  landing: 0.07170775812119246
  view-data: 0.21998650301247835
