times:
  edit-metadata: 1.5237937211059034
  landing: 0.9125011218711734
  view-data: 3.4335319558158517
