times:
  edit-metadata: 1.4139459524303675
  landing: 0.14144242741167545
  view-data: 0.1372869722545147
