times:
  edit-metadata: 1.404899774119258
  landing: 0.02028350532054901
  view-data: 0.11653536185622215
