times:
  edit-metadata: 1.7272586673498154
  landing: 0.2275062371045351
  view-data: 0.31159297190606594
