times:
  edit-metadata: 3.186827288940549
  landing: 1.6982173677533865
  view-data: 4.000144412741065
