times:
  edit-metadata: 1.4671274302527308
  landing: 0.019855027087032795
  view-data: 0.2886312510818243
