times:
  edit-metadata: 1.5694270674139261
  landing: 0.15626354329288006
  view-data: 0.18926032818853855
