times:
  edit-metadata: 1.3395812530070543
  landing: 0.7172545208595693
  view-data: 3.326537433080375
