times:
  edit-metadata: 1.8656259533017874
  landing: 0.9502314664423466
  view-data: 3.4713866766542196
