times:
  edit-metadata: 1.37701097689569
  landing: 0.7548464150168002
  view-data: 3.3794378768652678
