times:
  edit-metadata: 1.3570000976324081
  landing: 0.09917254094034433
  view-data: 0.12244041077792645
