times:
  edit-metadata: 1.1383127141743898
  landing: 0.7104491572827101
  view-data: 3.4222216177731752
