times:
  edit-metadata: 1.2989942664280534
  landing: 0.7687806868925691
  view-data: 3.317395491525531
