times:
  edit-metadata: 1.3449556045234203
  landing: 0.02032382693141699
  view-data: 0.025325697846710682
