times:
  edit-metadata: 1.3559596575796604
  landing: 0.7623994657769799
  view-data: 3.4478515330702066
