times:
  edit-metadata: 1.4901511203497648
  landing: 0.19474001228809357
  view-data: 0.36495642736554146
