times:
  edit-metadata: 1.4839511327445507
  landing: 0.7474062200635672
  view-data: 3.494571717455983
