times:
  edit-metadata: 0.5783467009896412
  landing: 0.07897898298688233
  view-data: 0.23302446503657848
