times:
  edit-metadata: 1.6227941513061523
  landing: 1.2729220651090145
  view-data: 3.380105745047331
