times:
  edit-metadata: 1.3487013787962496
  landing: 0.7980246869847178
  view-data: 3.275255813729018
