times:
  edit-metadata: 0.5600420200207736
  landing: 0.06753681297414005
  view-data: 0.2286722070130054
