times:
  edit-metadata: 0.5780867957510054
  landing: 0.059061523992568254
  view-data: 0.2930409791879356
