times:
  edit-metadata: 1.3143733190372586
  landing: 0.11281773075461388
  view-data: 0.02412494458258152
