times:
  edit-metadata: 1.7671369519084692
  landing: 0.30461917631328106
  view-data: 0.24455884471535683
