times:
  edit-metadata: 1.5078218523412943
  landing: 0.7384954430162907
  view-data: 3.412619326263666
