times:
  edit-metadata: 1.9113413579761982
  landing: 0.25722946412861347
  view-data: 0.030221134424209595
