times:
  edit-metadata: 1.888421293348074
  landing: 0.8815778065472841
  view-data: 3.4311490766704082
