times:
  edit-metadata: 0.5105700989952311
  landing: 0.08158350002486259
  view-data: 0.2149127050070092
