times:
  edit-metadata: 1.7894788533449173
  landing: 0.9010286368429661
  view-data: 3.3461939226835966
