times:
  edit-metadata: 1.3691179938614368
  landing: 0.7213037982583046
  view-data: 3.368880331516266
