times:
  edit-metadata: 0.5820311270654202
  landing: 0.07832343596965075
  view-data: 0.21564991772174835
