times:
  edit-metadata: 1.6838020849972963
  landing: 0.8678466994315386
  view-data: 3.3297247756272554
