times:
  edit-metadata: 1.4848776338621974
  landing: 0.9585982332937419
  view-data: 3.357277463655919
