times:
  edit-metadata: 1.496707744896412
  landing: 0.8017743472009897
  view-data: 3.4602050129324198
