times:
  edit-metadata: 1.3654158217832446
  landing: 0.11834915447980165
  view-data: 0.0996994823217392
