times:
  edit-metadata: 1.7513115918263793
  landing: 0.8999197687953711
  view-data: 3.4772712513804436
