times:
  edit-metadata: 1.26296216994524
  landing: 0.8163544647395611
  view-data: 3.4038929119706154
