times:
  edit-metadata: 1.2498843483626842
  landing: 0.9535364448092878
  view-data: 0.5247139483690262
