times:
  edit-metadata: 1.653341835946776
  landing: 0.9194932469399646
  view-data: 3.342623771983199
