times:
  edit-metadata: 1.4084679679945111
  landing: 0.020743544213473797
  view-data: 0.12463947385549545
