times:
  edit-metadata: 1.509108467027545
  landing: 0.9059820771217346
  view-data: 3.4090686589479446
