times:
  edit-metadata: 1.4835143201053143
  landing: 0.02165369503200054
  view-data: 0.29605701193213463
