times:
  edit-metadata: 0.7295800849969964
  landing: 0.0979503059934359
  view-data: 0.24633278799592517
