times:
  edit-metadata: 0.4926794730126858
  landing: 0.06894848309457302
  view-data: 0.2244858918711543
