times:
  edit-metadata: 1.498658649623394
  landing: 0.7850904762744904
  view-data: 3.301311705261469
