times:
  edit-metadata: 1.8321145251393318
  landing: 0.8675575144588947
  view-data: 3.4364884719252586
