times:
  edit-metadata: 1.2905728593468666
  landing: 0.8226499632000923
  view-data: 3.333656009286642
