times:
  edit-metadata: 1.471094137057662
  landing: 0.021697793155908585
  view-data: 0.052430033683776855
