times:
  edit-metadata: 1.4966344768181443
  landing: 1.0832236232236028
  view-data: 3.357544833794236
