times:
  edit-metadata: 1.56105962023139
  landing: 0.7968781478703022
  view-data: 3.310836434364319
