times:
  edit-metadata: 1.351916577666998
  landing: 0.01923487614840269
  view-data: 0.3946121372282505
