times:
  edit-metadata: 1.4282475877553225
  landing: 0.7124294638633728
  view-data: 3.2898234371095896
