times:
  edit-metadata: 0.5824809451587498
  landing: 0.1031627559568733
  view-data: 0.2569312311243266
