times:
  edit-metadata: 1.3747183959931135
  landing: 0.8382628979161382
  view-data: 3.330617656931281
