times:
  edit-metadata: 1.5185097008943558
  landing: 0.6505022086203098
  view-data: 3.5958781111985445
