times:
  edit-metadata: 1.201496060937643
  landing: 0.7216801301110536
  view-data: 3.391762743005529
