times:
  edit-metadata: 1.5334191750735044
  landing: 0.14110369607806206
  view-data: 0.29801484756171703
