times:
  edit-metadata: 1.4176457794383168
  landing: 0.8807839704677463
  view-data: 3.346608861349523
