times:
  edit-metadata: 1.3765494413673878
  landing: 0.022091256454586983
  view-data: 0.1382348518818617
