times:
  edit-metadata: 1.4271078184247017
  landing: 0.023077620193362236
  view-data: 0.24497121013700962
