times:
  edit-metadata: 1.4774288572371006
  landing: 0.7382054328918457
  view-data: 3.330826908349991
