times:
  edit-metadata: 1.4378015361726284
  landing: 0.7543293298222125
  view-data: 3.2988657131791115
