times:
  edit-metadata: 1.440941110253334
  landing: 0.8460056763142347
  view-data: 3.2931207409128547
