times:
  edit-metadata: 1.5746312513947487
  landing: 0.7414974626153708
  view-data: 3.562730522826314
