times:
  edit-metadata: 1.3417102955281734
  landing: 0.1212531104683876
  view-data: 0.11977600399404764
