times:
  edit-metadata: 1.3952186852693558
  landing: 0.819365207105875
  view-data: 3.3354213759303093
