times:
  edit-metadata: 1.6679842330049723
  landing: 0.9608854129910469
  view-data: 3.3760573650943115
