times:
  edit-metadata: 1.5027983197942376
  landing: 0.2087481888011098
  view-data: 0.46444826293736696
