times:
  edit-metadata: 1.2772246859967709
  landing: 0.765090431086719
  view-data: 3.4047851250506938
