times:
  edit-metadata: 0.4922205799994117
  landing: 0.06899052700009634
  view-data: 0.21476964200064685
