times:
  edit-metadata: 0.49823643697891384
  landing: 0.06910194701049477
  view-data: 0.20445323598687537
