times:
  edit-metadata: 1.3546742806211114
  landing: 0.7732168799266219
  view-data: 3.280280500650406
