times:
  edit-metadata: 1.4712742548435926
  landing: 0.7195287086069584
  view-data: 3.4026507940143347
