times:
  edit-metadata: 1.1933718560030684
  landing: 0.831591030000709
  view-data: 3.4029012490063906
