times:
  edit-metadata: 1.5349069014191628
  landing: 0.1296156942844391
  view-data: 0.024253856390714645
