times:
  edit-metadata: 2.0222776383161545
  landing: 0.32061188481748104
  view-data: 0.18407629244029522
