times:
  edit-metadata: 1.4676986560225487
  landing: 0.7393868342041969
  view-data: 3.4034788720309734
