times:
  edit-metadata: 1.4932094011455774
  landing: 0.7166911326348782
  view-data: 3.283307183533907
