times:
  edit-metadata: 1.3954724967479706
  landing: 0.8415011204779148
  view-data: 3.3431826271116734
