times:
  edit-metadata: 1.414998291991651
  landing: 0.6554401270113885
  view-data: 3.3268088810145855
