times:
  edit-metadata: 0.5277381460182369
  landing: 0.051308604422956705
  view-data: 0.20258680498227477
