times:
  edit-metadata: 2.699975399300456
  landing: 1.7437176126986742
  view-data: 3.996848452836275
