times:
  edit-metadata: 1.412059560418129
  landing: 0.7481215642765164
  view-data: 3.833423713222146
