times:
  edit-metadata: 1.4543162621557713
  landing: 0.1935326298698783
  view-data: 0.023217263631522655
