times:
  edit-metadata: 0.506610810989514
  landing: 0.0681637148372829
  view-data: 0.2169638390187174
