times:
  edit-metadata: 1.377578143030405
  landing: 0.11375137977302074
  view-data: 0.11996418051421642
