times:
  edit-metadata: 2.399832553230226
  landing: 0.2133364137262106
  view-data: 0.6074284128844738
