times:
  edit-metadata: 1.2229407519334927
  landing: 0.8071190839400515
  view-data: 3.35548252298031
