times:
  edit-metadata: 1.6822924353182316
  landing: 0.13713302090764046
  view-data: 0.02596168778836727
