times:
  edit-metadata: 1.498242188245058
  landing: 0.655727781355381
  view-data: 3.356892503798008
