times:
  edit-metadata: 1.4915122725069523
  landing: 0.9192282557487488
  view-data: 3.339268557727337
