times:
  edit-metadata: 0.5270883020129986
  landing: 0.05136355705326423
  view-data: 0.21191170503152534
