times:
  edit-metadata: 0.5818128329701722
  landing: 0.06391624396201223
  view-data: 0.22204679599963129
