times:
  edit-metadata: 1.370852162130177
  landing: 0.0208608852699399
  view-data: 0.41023830510675907
