times:
  edit-metadata: 1.4538772348314524
  landing: 0.0208770539611578
  view-data: 0.21658060513436794
