times:
  edit-metadata: 1.5047028437256813
  landing: 1.1248052455484867
  view-data: 3.345033474266529
