times:
  edit-metadata: 1.134033091366291
  landing: 0.8074014522135258
  view-data: 3.4196840561926365
