times:
  edit-metadata: 1.4969517327845097
  landing: 0.8086312711238861
  view-data: 3.3267792314291
