times:
  edit-metadata: 1.3096088531892747
  landing: 0.7288427660241723
  view-data: 3.331907576881349
