times:
  edit-metadata: 1.427812173962593
  landing: 0.020880168303847313
  view-data: 0.1371845044195652
