times:
  edit-metadata: 1.430617181584239
  landing: 0.6869048904627562
  view-data: 3.2965164482593536
