times:
  edit-metadata: 1.3588211610913277
  landing: 0.2302800677716732
  view-data: 0.025025926530361176
