times:
  edit-metadata: 1.3812205642461777
  landing: 0.12372996471822262
  view-data: 0.0247763954102993
