times:
  edit-metadata: 1.120655020698905
  landing: 0.6906654685735703
  view-data: 3.3886485621333122
