times:
  edit-metadata: 1.4238506136462092
  landing: 0.23404713440686464
  view-data: 0.414530448615551
