times:
  edit-metadata: 1.7785306926816702
  landing: 0.9289629478007555
  view-data: 3.327055972069502
