times:
  edit-metadata: 0.8540703351609409
  landing: 0.13096963288262486
  view-data: 0.28600941179320216
