times:
  edit-metadata: 1.3569951662793756
  landing: 0.020447093062102795
  view-data: 0.023818022571504116
