times:
  edit-metadata: 1.5217859037220478
  landing: 0.6756414733827114
  view-data: 3.2992052771151066
