times:
  edit-metadata: 0.5786384899402037
  landing: 0.07289708103053272
  view-data: 0.2272104989970103
