times:
  edit-metadata: 1.3437534561380744
  landing: 0.0208695437759161
  view-data: 0.025239553302526474
