times:
  edit-metadata: 0.49153461400419474
  landing: 0.07569688418880105
  view-data: 0.22320269467309117
