times:
  edit-metadata: 0.48690521507523954
  landing: 0.0614747938234359
  view-data: 0.3482369049452245
