times:
  edit-metadata: 1.844068955630064
  landing: 0.16738588735461235
  view-data: 0.14520736038684845
