times:
  edit-metadata: 0.505619342206046
  landing: 0.045718805165961385
  view-data: 0.20743797486647964
