times:
  edit-metadata: 1.5419773124158382
  landing: 1.0014929696917534
  view-data: 3.5352917909622192
