times:
  edit-metadata: 0.49499900500813965
  landing: 0.07382367500395048
  view-data: 0.21229197799402755
