times:
  edit-metadata: 1.50710872374475
  landing: 0.29082329384982586
  view-data: 0.3758220709860325
