times:
  edit-metadata: 1.378539684228599
  landing: 0.019683586433529854
  view-data: 0.1278195008635521
