times:
  edit-metadata: 2.39756386494264
  landing: 1.2931043826974928
  view-data: 3.4344977270811796
