times:
  edit-metadata: 1.3291899133473635
  landing: 0.1145162545144558
  view-data: 0.40089169051498175
