times:
  edit-metadata: 1.490401403978467
  landing: 0.021988870576024055
  view-data: 0.02504376322031021
