times:
  edit-metadata: 0.5142528329743072
  landing: 0.05583676102105528
  view-data: 0.21609973500017077
