times:
  edit-metadata: 1.4123585298657417
  landing: 0.02014426328241825
  view-data: 0.026793557219207287
