times:
  edit-metadata: 0.4992425290402025
  landing: 0.08185649616643786
  view-data: 0.22440039599314332
