times:
  edit-metadata: 0.491381858009845
  landing: 0.06169760297052562
  view-data: 0.20635533903259784
