times:
  edit-metadata: 3.6695594619959593
  landing: 1.5123862605541945
  view-data: 4.354486808180809
