times:
  edit-metadata: 1.3512942660599947
  landing: 0.21499097999185324
  view-data: 0.39499364234507084
