times:
  edit-metadata: 1.349584175273776
  landing: 0.021589060313999653
  view-data: 0.027614276856184006
