times:
  edit-metadata: 1.4533765334635973
  landing: 0.021790973842144012
  view-data: 0.26727476716041565
