times:
  edit-metadata: 1.857015810906887
  landing: 0.3051316235214472
  view-data: 0.15028485283255577
