times:
  edit-metadata: 1.363461677916348
  landing: 0.023127306252717972
  view-data: 0.09680574480444193
