times:
  edit-metadata: 0.5465174990240484
  landing: 0.046957005048170686
  view-data: 0.21812653704546392
