times:
  edit-metadata: 0.5142913258168846
  landing: 0.04366857302375138
  view-data: 0.2030077341478318
