times:
  edit-metadata: 2.074437750503421
  landing: 0.41741668432950974
  view-data: 0.4820167161524296
