times:
  edit-metadata: 1.6221957132220268
  landing: 1.0262130089104176
  view-data: 3.408360995352268
