times:
  edit-metadata: 0.5898675420321524
  landing: 0.06509368401020765
  view-data: 0.22633168997708708
