times:
  edit-metadata: 1.319280401803553
  landing: 0.8082080679014325
  view-data: 3.3914776742458344
