times:
  edit-metadata: 1.9051597490906715
  landing: 1.1384224742650986
  view-data: 3.640175573527813
