times:
  edit-metadata: 0.6225236388854682
  landing: 0.07871350971981883
  view-data: 0.22270961804315448
