times:
  edit-metadata: 0.6260153760085814
  landing: 0.11095841898350045
  view-data: 0.2608283720037434
