times:
  edit-metadata: 1.7604347318410873
  landing: 1.0432347916066647
  view-data: 3.36878290399909
