times:
  edit-metadata: 1.5474549047648907
  landing: 0.3143106121569872
  view-data: 0.3586851954460144
