times:
  edit-metadata: 1.2023860551416874
  landing: 0.7267654873430729
  view-data: 3.419565375894308
