times:
  edit-metadata: 0.4991824170574546
  landing: 0.062351022963412106
  view-data: 0.2070799609646201
