times:
  edit-metadata: 1.409869272261858
  landing: 0.857506301254034
  view-data: 3.289922524243593
