times:
  edit-metadata: 1.477608222514391
  landing: 0.812497217208147
  view-data: 3.5430662147700787
