times:
  edit-metadata: 1.4050300158560276
  landing: 0.02002737671136856
  view-data: 0.12538456171751022
