times:
  edit-metadata: 1.3985498286783695
  landing: 0.02355286478996277
  view-data: 0.025845051743090153
