times:
  edit-metadata: 1.5268787443637848
  landing: 0.20968555472791195
  view-data: 0.02507089264690876
