times:
  edit-metadata: 1.6681490633636713
  landing: 0.9558631610125303
  view-data: 3.5434396993368864
