times:
  edit-metadata: 0.6159690339700319
  landing: 0.06431134801823646
  view-data: 0.21923197398427874
