times:
  edit-metadata: 1.6793180126696825
  landing: 0.2658637501299381
  view-data: 0.36651122756302357
