times:
  edit-metadata: 1.3567291367799044
  landing: 0.710532259196043
  view-data: 3.3263705037534237
