times:
  edit-metadata: 1.6835516821593046
  landing: 0.9020177139900625
  view-data: 3.395951465703547
