times:
  edit-metadata: 1.5651218444108963
  landing: 0.20186534523963928
  view-data: 0.023840827867388725
