times:
  edit-metadata: 1.8141824025660753
  landing: 0.02000957354903221
  view-data: 0.1542746676132083
