times:
  edit-metadata: 1.4041711818426847
  landing: 0.01989216636866331
  view-data: 0.026122144423425198
