times:
  edit-metadata: 1.4907693900167942
  landing: 0.7229650095105171
  view-data: 3.2829073779284954
