times:
  edit-metadata: 2.6236786991357803
  landing: 1.631241425871849
  view-data: 4.0090577602386475
