times:
  edit-metadata: 1.8407532311975956
  landing: 1.326600044965744
  view-data: 3.5049758553504944
