times:
  edit-metadata: 1.4377730209380388
  landing: 0.026247795671224594
  view-data: 0.02577761746942997
