times:
  edit-metadata: 2.0486390413716435
  landing: 1.5068222917616367
  view-data: 3.767096866853535
