times:
  edit-metadata: 1.3718855390325189
  landing: 0.020670251920819283
  view-data: 0.11893441621214151
