times:
  edit-metadata: 0.6316333846189082
  landing: 0.05449319398030639
  view-data: 0.21168755600228906
