times:
  edit-metadata: 1.4600904453545809
  landing: 0.13249016739428043
  view-data: 0.31380544789135456
