times:
  edit-metadata: 1.5843805000185966
  landing: 0.7913195118308067
  view-data: 3.294209223240614
