times:
  edit-metadata: 1.294562865048647
  landing: 0.726591968908906
  view-data: 3.3977920960169286
