times:
  edit-metadata: 0.5747334459956619
  landing: 0.06864528200094355
  view-data: 0.23122674700425705
