times:
  edit-metadata: 1.748206701129675
  landing: 0.024354800581932068
  view-data: 0.33181015215814114
