times:
  edit-metadata: 1.5397420022636652
  landing: 0.6763048972934484
  view-data: 3.352507771924138
