times:
  edit-metadata: 1.4145038109272718
  landing: 0.021267201751470566
  view-data: 0.1237460570409894
