times:
  edit-metadata: 0.5784046249464154
  landing: 0.057520302943885326
  view-data: 0.21800016332417727
