times:
  edit-metadata: 1.7775267930701375
  landing: 0.3551907055079937
  view-data: 0.18370628356933594
