times:
  edit-metadata: 1.354059735313058
  landing: 0.2065966511145234
  view-data: 0.12380007188767195
