times:
  edit-metadata: 1.5499688684940338
  landing: 0.7738498486578465
  view-data: 3.344931859523058
