times:
  edit-metadata: 1.6056126840412617
  landing: 1.1070264242589474
  view-data: 3.45341132953763
