times:
  edit-metadata: 1.5155845750123262
  landing: 0.7238641679286957
  view-data: 3.447423506528139
