times:
  edit-metadata: 0.5726276329951361
  landing: 0.06927714997436851
  view-data: 0.2313144479994662
