times:
  edit-metadata: 1.5181145947426558
  landing: 0.1916027795523405
  view-data: 0.32584119215607643
