times:
  edit-metadata: 1.150745701044798
  landing: 0.6906083673238754
  view-data: 3.274937119334936
