times:
  edit-metadata: 1.3817019797861576
  landing: 0.9282611906528473
  view-data: 3.3642760179936886
