times:
  edit-metadata: 1.757360216230154
  landing: 1.0566498041152954
  view-data: 3.399129845201969
