times:
  edit-metadata: 1.9360791593790054
  landing: 1.0113786607980728
  view-data: 3.3768268898129463
