times:
  edit-metadata: 1.466158403083682
  landing: 0.02392134815454483
  view-data: 0.024062929674983025
