times:
  edit-metadata: 1.3334184996783733
  landing: 0.7920568026602268
  view-data: 3.34197074174881
