times:
  edit-metadata: 1.4831231478601694
  landing: 0.01969757489860058
  view-data: 0.2859218008816242
