times:
  edit-metadata: 1.3661466781049967
  landing: 0.02318689413368702
  view-data: 0.1210189014673233
