times:
  edit-metadata: 0.5870927270152606
  landing: 0.049432868021540344
  view-data: 0.24052274995483458
