times:
  edit-metadata: 1.3910859990864992
  landing: 0.7123280465602875
  view-data: 3.638295354321599
