times:
  edit-metadata: 1.4346862956881523
  landing: 0.8058299645781517
  view-data: 3.3097967617213726
