times:
  edit-metadata: 1.3910200912505388
  landing: 0.16282398998737335
  view-data: 0.027996299788355827
