times:
  edit-metadata: 1.8700653705745935
  landing: 0.21837162785232067
  view-data: 0.028909649699926376
