times:
  edit-metadata: 1.4142684005200863
  landing: 0.8576872460544109
  view-data: 3.3882684521377087
