times:
  edit-metadata: 1.147320309000861
  landing: 0.18373574199995346
  view-data: 0.3007273940002051
