times:
  edit-metadata: 1.4805374294519424
  landing: 0.14145091734826565
  view-data: 0.35348987951874733
