times:
  edit-metadata: 1.427367590367794
  landing: 0.9540026783943176
  view-data: 3.4493539817631245
