times:
  edit-metadata: 1.7713966853916645
  landing: 0.12411268055438995
  view-data: 0.027756058610975742
