times:
  edit-metadata: 1.7922092266380787
  landing: 1.0675365328788757
  view-data: 3.38965006172657
