times:
  edit-metadata: 1.4985535237938166
  landing: 0.1998034305870533
  view-data: 0.13413979299366474
