times:
  edit-metadata: 1.4459330663084984
  landing: 0.9392878524959087
  view-data: 3.3732947632670403
