times:
  edit-metadata: 1.4176835045218468
  landing: 0.7182259149849415
  view-data: 3.3206659965217113
