times:
  edit-metadata: 0.4981833139900118
  landing: 0.06913774088025093
  view-data: 0.2169837080873549
