times:
  edit-metadata: 1.4622433669865131
  landing: 0.7567505184561014
  view-data: 3.333093957044184
