times:
  edit-metadata: 1.6105963326990604
  landing: 1.064218670129776
  view-data: 3.3520100079476833
