times:
  edit-metadata: 2.4208912230096757
  landing: 0.04762351792305708
  view-data: 0.9552446617744863
