times:
  edit-metadata: 5.905862996354699
  landing: 0.5364211928099394
  view-data: 0.8379894830286503
