times:
  landing: 1.070145181999976
  view-data: 0.5698300259999769
