times:
  edit-metadata: 2.632741258945316
  landing: 0.07910825125873089
  view-data: 0.8456856766715646
