times:
  edit-metadata: 1.7508726636879146
  landing: 0.9939372297376394
  view-data: 0.8061038758605719
