times:
  edit-metadata: 4.281658839434385
  landing: 0.530672574415803
  view-data: 0.7004517540335655
