times:
  edit-metadata: 1.487398374825716
  landing: 1.0363337881863117
  view-data: 3.266259953379631
