times:
  edit-metadata: 1.463966492563486
  landing: 1.0439472645521164
  view-data: 3.2642848640680313
