times:
  edit-metadata: 6.35920799896121
  landing: 0.3194081801921129
  view-data: 0.1750752031803131
