times:
  edit-metadata: 1.6613176055252552
  landing: 1.1656232923269272
  view-data: 3.355329591780901
