times:
  landing: 0.5613606269999991
  view-data: 0.5678375720000304
