times:
  edit-metadata: 4.224566053017043
  landing: 0.0461693910183385
  view-data: 0.893575700931251
