times:
  edit-metadata: 3.5380656821653247
  landing: 0.11453473195433617
  view-data: 0.12214143108576536
