times:
  edit-metadata: 6.1560701206326485
  landing: 0.023681147024035454
  view-data: 1.5058872513473034
