times:
  landing: 0.5561196179999968
  view-data: 0.559212666999997
