times:
  edit-metadata: 2.0914512029848993
  landing: 0.044449002016335726
  view-data: 0.6730046309530735
