times:
  edit-metadata: 6.197761796414852
  landing: 0.05741436034440994
  view-data: 0.7295218892395496
