times:
  edit-metadata: 2.3356751315295696
  landing: 0.04427002649754286
  view-data: 1.1684945644810796
