times:
  landing: 0.5543095810000125
  view-data: 0.5585656799999867
