times:
  edit-metadata: 4.197627362009371
  landing: 0.04903388099046424
  view-data: 0.7822500450129155
