times:
  edit-metadata: 2.019015912897885
  landing: 0.971551451832056
  view-data: 0.9873826815746725
