times:
  edit-metadata: 5.749892208725214
  landing: 0.054046060889959335
  view-data: 0.710980087518692
