times:
  landing: 1.0680269929999895
  view-data: 0.5534798059999844
