times:
  landing: 0.5558093699999631
  view-data: 0.5597398879999673
