times:
  edit-metadata: 2.864677204983309
  landing: 0.09199319407343864
  view-data: 0.8443415609654039
