times:
  edit-metadata: 1.6303072832524776
  landing: 1.089846208691597
  view-data: 3.2345849573612213
