times:
  edit-metadata: 2.1976614660816267
  landing: 1.1154893799684942
  view-data: 0.9649665070464835
