times:
  edit-metadata: 2.3763895966112614
  landing: 0.048036107793450356
  view-data: 0.9738933388143778
