times:
  edit-metadata: 2.140260074986145
  landing: 0.060761717963032424
  view-data: 0.710071949986741
