times:
  edit-metadata: 2.4021295364946127
  landing: 0.04563735332340002
  view-data: 0.8528657490387559
