times:
  edit-metadata: 2.2547160238027573
  landing: 0.04343418404459953
  view-data: 0.8829515017569065
