times:
  edit-metadata: 6.642610116861761
  landing: 0.14097268972545862
  view-data: 1.827038194052875
