times:
  edit-metadata: 3.459918620996177
  landing: 0.22146998066455126
  view-data: 0.11983246076852083
