times:
  landing: 0.6061339670000052
  view-data: 0.5654537869999956
