times:
  edit-metadata: 1.6256010793149471
  landing: 0.9206109680235386
  view-data: 3.3995781037956476
