times:
  edit-metadata: 1.5801798067986965
  landing: 0.954094048589468
  view-data: 3.3905034251511097
