times:
  edit-metadata: 5.6398684568703175
  landing: 0.05634646490216255
  view-data: 0.694399319589138
