times:
  edit-metadata: 2.8348770048469305
  landing: 1.5524062514305115
  view-data: 3.752584334462881
