times:
  edit-metadata: 2.2685551587492228
  landing: 0.049932118970900774
  view-data: 1.0493690320290625
