times:
  landing: 0.5646325479999916
  view-data: 0.5698091870000042
