times:
  edit-metadata: 2.0769783300347626
  landing: 0.049327532993629575
  view-data: 0.6673083429923281
