times:
  edit-metadata: 5.425420716404915
  landing: 0.04495803639292717
  view-data: 0.7031731083989143
