times:
  landing: 0.5564192800000001
  view-data: 0.5729111050000029
