times:
  edit-metadata: 2.346998628228903
  landing: 0.0433512469753623
  view-data: 1.0023765722289681
