times:
  edit-metadata: 2.3005295637995005
  landing: 0.047153202816843987
  view-data: 0.9169274289160967
