times:
  edit-metadata: 4.082304376992397
  landing: 0.0539680180081632
  view-data: 0.72858348400041
