times:
  edit-metadata: 2.1455858199624345
  landing: 0.05685927008744329
  view-data: 0.6868616678984836
