times:
  edit-metadata: 5.853754187002778
  landing: 0.18904809281229973
  view-data: 1.1889538541436195
