times:
  edit-metadata: 1.766419474966824
  landing: 1.1180767603218555
  view-data: 0.9812601171433926
