times:
  edit-metadata: 2.4460126124322414
  landing: 1.6781257018446922
  view-data: 3.3803799599409103
