times:
  edit-metadata: 5.913124019280076
  landing: 0.28615025244653225
  view-data: 1.363240396603942
