times:
  edit-metadata: 5.547066258266568
  landing: 0.022116614505648613
  view-data: 0.023721862584352493
