times:
  edit-metadata: 5.524883447214961
  landing: 0.02125999704003334
  view-data: 0.14388285018503666
