times:
  edit-metadata: 5.375519830733538
  landing: 0.1440662182867527
  view-data: 1.0931536480784416
