times:
  landing: 0.5586814160000131
  view-data: 0.05400351700001238
