times:
  edit-metadata: 5.534112054854631
  landing: 0.023035909980535507
  view-data: 0.024453550577163696
