times:
  edit-metadata: 3.672899719327688
  landing: 0.01994764618575573
  view-data: 1.1334941443055868
