times:
  edit-metadata: 6.030276086181402
  landing: 0.2698762957006693
  view-data: 0.16578288935124874
