times:
  edit-metadata: 1.8524113148450851
  landing: 1.1220201924443245
  view-data: 3.3594507724046707
