times:
  edit-metadata: 4.14374157297425
  landing: 0.05109735298901796
  view-data: 0.8984654180239886
