times:
  edit-metadata: 4.248507224023342
  landing: 0.07869494706392288
  view-data: 0.797531268093735
