times:
  edit-metadata: 1.6097496096044779
  landing: 0.8862455692142248
  view-data: 3.3900861740112305
