times:
  edit-metadata: 2.004783244919963
  landing: 1.0296801259974018
  view-data: 1.085172934923321
