times:
  edit-metadata: 2.258079831022769
  landing: 0.0763011141680181
  view-data: 0.7809253339655697
