times:
  edit-metadata: 1.5202878415584564
  landing: 1.0097622908651829
  view-data: 0.8113056533038616
