times:
  landing: 0.5441941490000772
  view-data: 0.5464436749999777
