times:
  edit-metadata: 3.4442909583449364
  landing: 0.020545910112559795
  view-data: 0.12117560300976038
