times:
  edit-metadata: 2.543270144611597
  landing: 0.0843869298696518
  view-data: 0.8471302846446633
