times:
  landing: 1.080259577999982
  view-data: 0.5514008119999971
