times:
  landing: 0.5519573090000165
  view-data: 0.5559164739999858
