times:
  edit-metadata: 5.966344691812992
  landing: 0.1886167749762535
  view-data: 1.5573338735848665
