times:
  edit-metadata: 2.149961329996586
  landing: 1.345944669097662
  view-data: 3.3906947262585163
