times:
  edit-metadata: 4.1819468940084334
  landing: 0.04788528400240466
  view-data: 0.8402061679953476
