times:
  edit-metadata: 1.7035395218990743
  landing: 1.0854165977798402
  view-data: 0.718836089130491
