times:
  landing: 0.5568512799999894
  view-data: 0.5678427670000019
