times:
  edit-metadata: 1.7222801204770803
  landing: 1.1671993751078844
  view-data: 0.8534689480438828
