times:
  edit-metadata: 5.42057928070426
  landing: 0.021444251760840416
  view-data: 0.02778804861009121
