times:
  edit-metadata: 5.935266815125942
  landing: 1.2856695298105478
  view-data: 0.810120714828372
