times:
  edit-metadata: 2.0461977161467075
  landing: 1.3153688199818134
  view-data: 3.427786808460951
