times:
  edit-metadata: 2.2978879371657968
  landing: 0.05682733096182346
  view-data: 0.764135078061372
