times:
  edit-metadata: 2.1555742360651493
  landing: 1.152470901608467
  view-data: 3.409308899194002
