times:
  landing: 0.57280803499998
  view-data: 0.5807222239999987
