times:
  edit-metadata: 3.719767623580992
  landing: 0.2161884792149067
  view-data: 1.2336629768833518
