times:
  edit-metadata: 6.130984945222735
  landing: 1.1218115407973528
  view-data: 0.790308965370059
