times:
  edit-metadata: 3.803715235553682
  landing: 0.021435105241835117
  view-data: 0.026184228248894215
