times:
  edit-metadata: 4.846544829662889
  landing: 0.08794962801039219
  view-data: 0.7167561673559248
