times:
  landing: 0.5524846170000046
  view-data: 0.564849898999995
