times:
  edit-metadata: 1.7537367618642747
  landing: 1.0713853621855378
  view-data: 0.9850764637812972
