times:
  edit-metadata: 2.1707605249248445
  landing: 0.05054156307596713
  view-data: 0.6443417479749769
