times:
  edit-metadata: 6.085428971797228
  landing: 0.5678348708897829
  view-data: 0.8045053742825985
