times:
  edit-metadata: 4.310463547939435
  landing: 0.04667668603360653
  view-data: 0.8261217039544135
