times:
  edit-metadata: 1.5306653063744307
  landing: 0.9301348589360714
  view-data: 0.8266186825931072
