times:
  edit-metadata: 5.708054918795824
  landing: 0.0530988909304142
  view-data: 0.7571166306734085
