times:
  edit-metadata: 1.55327208340168
  landing: 0.8926083277910948
  view-data: 1.1604296490550041
