times:
  edit-metadata: 2.34031848795712
  landing: 0.04757221695035696
  view-data: 0.9489969257265329
