times:
  edit-metadata: 2.31362269166857
  landing: 0.08027738193050027
  view-data: 0.8522842908278108
