times:
  edit-metadata: 1.582723354920745
  landing: 0.9337813593447208
  view-data: 0.8174296654760838
