times:
  edit-metadata: 4.259091543965042
  landing: 0.04433100298047066
  view-data: 0.7296831738203764
