times:
  landing: 1.0662575160000074
  view-data: 0.555570178000039
