times:
  edit-metadata: 3.4178752824664116
  landing: 0.022532199509441853
  view-data: 1.2255929494276643
