times:
  landing: 0.5578183549999949
  view-data: 0.5676390560000186
