times:
  edit-metadata: 3.473176531493664
  landing: 0.020562652498483658
  view-data: 0.12353295739740133
