times:
  edit-metadata: 6.2559915613383055
  landing: 0.40275927633047104
  view-data: 1.3815733380615711
