times:
  edit-metadata: 2.3665509168058634
  landing: 0.05010273680090904
  view-data: 0.8592518367804587
