times:
  edit-metadata: 2.1028798557817936
  landing: 1.2342719994485378
  view-data: 3.3398783169686794
