times:
  edit-metadata: 4.4599722439888865
  landing: 0.047211927943862975
  view-data: 0.9380590679938905
