times:
  landing: 0.5515458130000184
  view-data: 0.7118901840000262
