times:
  edit-metadata: 5.829737860709429
  landing: 0.04801815748214722
  view-data: 0.7169116102159023
