times:
  edit-metadata: 5.576446827501059
  landing: 0.05318715423345566
  view-data: 0.7042481042444706
