times:
  edit-metadata: 1.5168166887015104
  landing: 1.0578492972999811
  view-data: 0.9001627787947655
