times:
  edit-metadata: 1.5847983453422785
  landing: 0.9243321232497692
  view-data: 1.0266146585345268
