times:
  edit-metadata: 2.0056533659808338
  landing: 0.9598895311355591
  view-data: 0.7502578576095402
