times:
  edit-metadata: 6.410868441686034
  landing: 1.140982087701559
  view-data: 0.9742230270057917
