times:
  edit-metadata: 4.560727079981007
  landing: 0.049685251084156334
  view-data: 1.0102472869912162
