times:
  edit-metadata: 2.088213713024743
  landing: 0.04592795995995402
  view-data: 0.6697724820114672
