times:
  edit-metadata: 1.5482629034668207
  landing: 0.9894276019185781
  view-data: 1.0994870737195015
