times:
  edit-metadata: 1.8599645961076021
  landing: 1.0594281274825335
  view-data: 0.9255905020982027
