times:
  landing: 1.1211052900000027
  view-data: 0.5721214980000013
