times:
  edit-metadata: 4.4007358849048615
  landing: 0.08102132705971599
  view-data: 0.8075159732252359
