times:
  landing: 1.595105975999985
  view-data: 0.7496236940000074
