times:
  edit-metadata: 4.245752779301256
  landing: 0.0460083051584661
  view-data: 1.0168321887031198
