times:
  edit-metadata: 4.247989475959912
  landing: 0.07613502396270633
  view-data: 0.9433110249228776
