times:
  landing: 1.5886496990000012
  view-data: 0.561933885000002
