times:
  edit-metadata: 3.713323042728007
  landing: 0.10600886959582567
  view-data: 0.12400519195944071
