times:
  edit-metadata: 5.698518456891179
  landing: 0.021282296627759933
  view-data: 0.1301738526672125
