times:
  edit-metadata: 1.5761956572532654
  landing: 1.1510585956275463
  view-data: 3.3894874788820744
