times:
  landing: 0.5902727260000233
  view-data: 0.5604180259999794
