times:
  edit-metadata: 6.2123932633548975
  landing: 0.7529151756316423
  view-data: 0.8042013719677925
