times:
  edit-metadata: 2.145267828949727
  landing: 0.04864892805926502
  view-data: 0.662560976925306
