times:
  edit-metadata: 5.909992082044482
  landing: 0.9434188064187765
  view-data: 1.04425960034132
