times:
  edit-metadata: 4.155707087367773
  landing: 0.8343025930225849
  view-data: 0.8358291890472174
