times:
  edit-metadata: 5.408462827093899
  landing: 0.07835475308820605
  view-data: 0.7680551577359438
