times:
  edit-metadata: 3.4350150879472494
  landing: 0.020241452381014824
  view-data: 0.11811116337776184
