times:
  edit-metadata: 1.7767891790135764
  landing: 0.28010818001348525
  view-data: 0.30655451299389824
