times:
  edit-metadata: 2.222831942141056
  landing: 1.527855858206749
  view-data: 3.4198815040290356
