times:
  edit-metadata: 5.670872064307332
  landing: 0.2027243385091424
  view-data: 1.8558141682296991
