times:
  edit-metadata: 5.3161223866045475
  landing: 0.1971816960722208
  view-data: 1.0713360384106636
