times:
  edit-metadata: 4.159750190097839
  landing: 0.05211596004664898
  view-data: 0.7820043868850917
