times:
  edit-metadata: 2.0997479599900544
  landing: 0.05058711604215205
  view-data: 0.66209571599029
