times:
  landing: 0.5596569509999938
  view-data: 0.5532522210000081
