times:
  edit-metadata: 1.5726684741675854
  landing: 0.9473402965813875
  view-data: 0.862165704369545
