times:
  edit-metadata: 2.2714904751628637
  landing: 0.055405091028660536
  view-data: 0.7469366118311882
