times:
  edit-metadata: 6.046051722019911
  landing: 1.9173198323696852
  view-data: 0.8468704354017973
