times:
  edit-metadata: 4.268997145118192
  landing: 0.08099008910357952
  view-data: 0.9134435779415071
