times:
  landing: 0.5765226709999922
  view-data: 0.5994771279999895
