times:
  edit-metadata: 2.287260447163135
  landing: 0.04595552617684007
  view-data: 0.9645209619775414
