times:
  edit-metadata: 1.930362805724144
  landing: 1.066111646592617
  view-data: 3.33446628972888
