times:
  landing: 1.0560815680000246
  view-data: 0.5548228479999864
