times:
  edit-metadata: 6.824322249740362
  landing: 0.022447461262345314
  view-data: 1.5061692371964455
