times:
  edit-metadata: 2.3641936923377216
  landing: 0.051926819141954184
  view-data: 0.9529523141682148
