times:
  landing: 0.5470534840000028
  view-data: 1.0651888619999
