times:
  edit-metadata: 4.435903141275048
  landing: 0.26051675621420145
  view-data: 0.429638952948153
