times:
  edit-metadata: 4.233989182859659
  landing: 0.7428733836859465
  view-data: 0.6842697244137526
