times:
  edit-metadata: 1.6039960402995348
  landing: 1.026531858369708
  view-data: 0.8118079043924809
