times:
  landing: 1.5761909150000122
  view-data: 0.571347650000007
