times:
  landing: 0.601847297000063
  view-data: 0.5557418619999908
