times:
  edit-metadata: 2.989750815089792
  landing: 0.06749109365046024
  view-data: 1.0736470492556691
