times:
  edit-metadata: 1.5748271197080612
  landing: 0.9633174818009138
  view-data: 0.902805469930172
