times:
  edit-metadata: 6.427900243550539
  landing: 0.20811566337943077
  view-data: 0.15775590389966965
