times:
  landing: 1.098727752000002
  view-data: 0.5643367650000073
