times:
  edit-metadata: 2.676031459122896
  landing: 1.5145481117069721
  view-data: 1.0182085204869509
