times:
  landing: 2.64786134000002
  view-data: 0.7986398580000014
