times:
  edit-metadata: 5.324040899053216
  landing: 0.1829389613121748
  view-data: 1.0257874615490437
