times:
  edit-metadata: 5.028879646008136
  landing: 0.07272081499104388
  view-data: 0.8922747850010637
