times:
  landing: 0.5542475020000666
  view-data: 0.8537291730000334
