times:
  edit-metadata: 4.389688568015117
  landing: 0.09239066095324233
  view-data: 0.8865802849759348
