times:
  edit-metadata: 4.121704842080362
  landing: 0.049482200061902404
  view-data: 0.82852764101699
