times:
  edit-metadata: 3.4532564226537943
  landing: 0.021168646402657032
  view-data: 0.02525497879832983
