times:
  edit-metadata: 3.374747601337731
  landing: 0.021447759121656418
  view-data: 0.02506355009973049
