times:
  edit-metadata: 3.434042382054031
  landing: 0.02098204381763935
  view-data: 0.09968360606580973
