times:
  landing: 0.5587888580000708
  view-data: 0.5566302449999512
