times:
  landing: 0.5596297959999674
  view-data: 0.5821026649999794
