times:
  edit-metadata: 4.219410452060401
  landing: 0.045236421981826425
  view-data: 0.9177452410804108
