times:
  landing: 0.5522290819999967
  view-data: 0.564108903999994
