times:
  edit-metadata: 5.594985079020262
  landing: 0.05330881476402283
  view-data: 0.7316843867301941
