times:
  landing: 0.5554718850000029
  view-data: 0.5556932650000022
