times:
  edit-metadata: 3.4543832540512085
  landing: 0.02125039603561163
  view-data: 0.027637716382741928
