times:
  edit-metadata: 5.337923299521208
  landing: 0.19062984362244606
  view-data: 0.024657201021909714
