times:
  edit-metadata: 4.250083616003394
  landing: 0.04667954286560416
  view-data: 0.8055396559648216
