times:
  edit-metadata: 5.555863790214062
  landing: 0.09022074565291405
  view-data: 0.7056099846959114
