times:
  edit-metadata: 5.571183271706104
  landing: 0.04706364870071411
  view-data: 0.7072269357740879
