times:
  edit-metadata: 1.6482869535684586
  landing: 1.070597030222416
  view-data: 3.3780828937888145
