times:
  edit-metadata: 6.337867420166731
  landing: 0.659130722284317
  view-data: 0.8068785276263952
