times:
  edit-metadata: 6.459569888189435
  landing: 0.6052601877599955
  view-data: 0.8238071240484715
