times:
  edit-metadata: 1.5583359487354755
  landing: 0.9032430350780487
  view-data: 0.8188888132572174
