times:
  edit-metadata: 1.6670677326619625
  landing: 1.0094390399754047
  view-data: 0.7219250127673149
