times:
  edit-metadata: 2.352942210622132
  landing: 0.05606795288622379
  view-data: 1.088285873644054
