times:
  edit-metadata: 2.3269611769355834
  landing: 0.052136998856440187
  view-data: 0.8073653990868479
