times:
  edit-metadata: 5.84607757255435
  landing: 0.05331752821803093
  view-data: 0.7530783712863922
