times:
  edit-metadata: 5.615233488380909
  landing: 0.04636922851204872
  view-data: 0.7019243910908699
