times:
  edit-metadata: 4.707643356174231
  landing: 0.9658685717731714
  view-data: 0.8272211495786905
