times:
  edit-metadata: 4.41091803018935
  landing: 0.051332565024495125
  view-data: 0.8456554061267525
