times:
  edit-metadata: 2.387801494449377
  landing: 0.05252690613269806
  view-data: 0.9651846615597606
