times:
  edit-metadata: 2.1000204709998798
  landing: 0.04367015400202945
  view-data: 0.6743168769753538
