times:
  landing: 0.5505642680000165
  view-data: 0.555736121000109
