times:
  edit-metadata: 5.5710669085383415
  landing: 0.13662145659327507
  view-data: 0.023027269169688225
