times:
  edit-metadata: 3.5089975586161017
  landing: 0.02225296851247549
  view-data: 1.2893173526972532
