times:
  landing: 1.0907087520000118
  view-data: 0.5582322480000244
