times:
  landing: 1.6728723749999972
  view-data: 0.5622418780000089
