times:
  edit-metadata: 4.215162704931572
  landing: 0.051533740013837814
  view-data: 0.7794327760348096
