times:
  landing: 0.6829724372364581
  view-data: 0.5583775099366903
