times:
  edit-metadata: 6.273025022819638
  landing: 0.7853144407272339
  view-data: 0.8070861510932446
