times:
  edit-metadata: 4.169816803187132
  landing: 0.5286267399787903
  view-data: 0.671244079247117
