times:
  edit-metadata: 1.528030814602971
  landing: 0.9016949348151684
  view-data: 0.9136904329061508
