times:
  edit-metadata: 6.984458763152361
  landing: 0.28305371291935444
  view-data: 1.4174358770251274
