times:
  landing: 0.5507105890000048
  view-data: 0.5512669980000169
