times:
  landing: 2.6820096120000017
  view-data: 1.7450170339998294
