times:
  edit-metadata: 3.4051764318719506
  landing: 0.020132354460656643
  view-data: 0.028824136592447758
