times:
  edit-metadata: 1.7125058639794588
  landing: 1.0007723439484835
  view-data: 0.8011191599071026
