times:
  landing: 1.2121491599999956
  view-data: 0.5742398020000223
