times:
  landing: 0.5565085460000319
  view-data: 0.5647708379999585
