times:
  edit-metadata: 2.032123745419085
  landing: 1.3307759743183851
  view-data: 0.6977942707017064
