times:
  edit-metadata: 6.487240057438612
  landing: 0.601645827293396
  view-data: 0.7610201835632324
