times:
  edit-metadata: 4.834599365014583
  landing: 0.04872443526983261
  view-data: 1.0386983640491962
