times:
  landing: 0.5703566180000053
  view-data: 0.5627238779999857
