times:
  edit-metadata: 2.067995744990185
  landing: 0.09946174995275214
  view-data: 0.6266939920024015
