times:
  edit-metadata: 1.6037596259266138
  landing: 1.2253197319805622
  view-data: 0.9500553943216801
