times:
  edit-metadata: 2.1188376611098647
  landing: 0.04707232490181923
  view-data: 0.6318301009014249
