times:
  edit-metadata: 5.721494909375906
  landing: 0.050424400717020035
  view-data: 0.7103670574724674
