times:
  edit-metadata: 3.9932442950084805
  landing: 0.02460630051791668
  view-data: 0.02551599871367216
