times:
  landing: 1.080635701999995
  view-data: 0.5554046409999955
