times:
  edit-metadata: 5.977048138156533
  landing: 0.7643661201000214
  view-data: 1.1403843648731709
