times:
  edit-metadata: 5.704970117658377
  landing: 0.05318918824195862
  view-data: 0.7180095054209232
