times:
  edit-metadata: 1.5746958516538143
  landing: 1.3381745256483555
  view-data: 3.310646206140518
