times:
  edit-metadata: 3.547810848802328
  landing: 0.020783592015504837
  view-data: 0.11646182648837566
