times:
  edit-metadata: 1.7372648529708385
  landing: 1.0469661499373615
  view-data: 0.9072083970531821
