times:
  edit-metadata: 3.386249467730522
  landing: 0.020218729972839355
  view-data: 0.025775738060474396
