times:
  edit-metadata: 1.5156512092798948
  landing: 0.9281497281044722
  view-data: 3.293109160847962
