times:
  edit-metadata: 5.621798794716597
  landing: 0.04481115937232971
  view-data: 0.6982000581920147
