times:
  edit-metadata: 5.367192612000508
  landing: 0.05052607600009651
  view-data: 0.7060720399995262
