times:
  edit-metadata: 2.3025024000089616
  landing: 0.0487460580188781
  view-data: 0.7983080670237541
