times:
  landing: 1.0753337820000297
  view-data: 0.6733879150000348
