times:
  landing: 0.5961035050000021
  view-data: 0.5529778690000171
