times:
  edit-metadata: 3.4924122719094157
  landing: 0.02186050172895193
  view-data: 0.11681586131453514
