times:
  edit-metadata: 1.5981402080506086
  landing: 1.220783757045865
  view-data: 0.8440969493240118
