times:
  edit-metadata: 4.313702739775181
  landing: 0.7413825057446957
  view-data: 0.7895875200629234
