times:
  edit-metadata: 2.3333669817075133
  landing: 0.04463148396462202
  view-data: 1.1806771634146571
