times:
  edit-metadata: 6.173366013914347
  landing: 0.30820909328758717
  view-data: 1.257729932665825
