times:
  edit-metadata: 1.5104353167116642
  landing: 1.142260693013668
  view-data: 0.8080550748854876
