times:
  edit-metadata: 2.3897464121691883
  landing: 0.05357504775747657
  view-data: 0.9973110388964415
