times:
  edit-metadata: 2.3273013569414616
  landing: 0.05221737502142787
  view-data: 0.8389414707198739
