times:
  edit-metadata: 4.242774805985391
  landing: 0.050157710211351514
  view-data: 0.6858934871852398
