times:
  edit-metadata: 2.2168407179415226
  landing: 0.05771859083324671
  view-data: 0.8360428800806403
