times:
  landing: 1.0664663359999622
  view-data: 0.5564736499999867
