times:
  edit-metadata: 5.363097298890352
  landing: 0.020773664116859436
  view-data: 1.0272572916001081
