times:
  edit-metadata: 4.204682759940624
  landing: 0.04660580540075898
  view-data: 1.359680307097733
