times:
  edit-metadata: 2.0728725879453123
  landing: 0.043374418979510665
  view-data: 0.7191153949825093
