times:
  edit-metadata: 6.363390952348709
  landing: 0.6065059639513493
  view-data: 0.7901576422154903
