times:
  edit-metadata: 2.108142188983038
  landing: 0.04827945400029421
  view-data: 0.6663757499773055
