times:
  edit-metadata: 1.8718557100510225
  landing: 1.1195381180150434
  view-data: 1.2381627620197833
