times:
  edit-metadata: 5.854316581040621
  landing: 0.0220097154378891
  view-data: 1.1301544606685638
