times:
  edit-metadata: 4.72729276586324
  landing: 0.04591810191050172
  view-data: 0.9593702713027596
