times:
  edit-metadata: 5.5197540279477835
  landing: 0.2018491644412279
  view-data: 0.10639921948313713
