times:
  edit-metadata: 2.2211445630528033
  landing: 0.04844728810712695
  view-data: 0.9230040339753032
