times:
  edit-metadata: 2.291939688846469
  landing: 0.04640493635088205
  view-data: 0.9426453048363328
