times:
  edit-metadata: 3.4333769595250487
  landing: 0.020049607381224632
  view-data: 0.02726041804999113
