times:
  edit-metadata: 3.4038549829274416
  landing: 0.02140869852155447
  view-data: 0.023028229363262653
