times:
  edit-metadata: 4.159649259992875
  landing: 0.08670024306047708
  view-data: 0.7855002690339461
