times:
  edit-metadata: 5.527319855988026
  landing: 0.24914670176804066
  view-data: 0.024248609319329262
