times:
  landing: 0.5608186970000588
  view-data: 0.5555952729999944
