times:
  edit-metadata: 5.616517134010792
  landing: 0.05587247759103775
  view-data: 0.7518692389130592
