times:
  edit-metadata: 1.5693039055913687
  landing: 1.0279392469674349
  view-data: 0.8230241667479277
