times:
  edit-metadata: 2.057861093431711
  landing: 1.2563145123422146
  view-data: 3.324247494339943
