times:
  landing: 0.5526264659999924
  view-data: 0.5635145499999794
