times:
  edit-metadata: 3.5087171783670783
  landing: 0.021146900951862335
  view-data: 0.02568606659770012
