times:
  edit-metadata: 6.545327834784985
  landing: 1.0960672795772552
  view-data: 1.0450678952038288
