times:
  landing: 0.5540891050000027
  view-data: 0.5759568660000127
