times:
  edit-metadata: 1.5712421461939812
  landing: 1.1276804730296135
  view-data: 3.3281034976243973
