times:
  landing: 0.5591959270000189
  view-data: 0.5588604039999723
