times:
  edit-metadata: 5.858522376045585
  landing: 0.02006700448691845
  view-data: 0.14128912799060345
