times:
  edit-metadata: 4.191769236989785
  landing: 0.04576810501748696
  view-data: 0.9141973599907942
