times:
  edit-metadata: 6.699891436845064
  landing: 0.3408013880252838
  view-data: 0.2999085495248437
