times:
  edit-metadata: 1.729100531898439
  landing: 1.159289943985641
  view-data: 1.0005598533898592
