times:
  edit-metadata: 4.204782888293266
  landing: 0.6037369631230831
  view-data: 0.7722735311836004
