times:
  edit-metadata: 5.701941536739469
  landing: 0.022346749901771545
  view-data: 1.1354218609631062
