times:
  edit-metadata: 2.211721583735198
  landing: 0.05758547876030207
  view-data: 0.8008404229767621
