times:
  edit-metadata: 8.169293750077486
  landing: 0.14927801303565502
  view-data: 1.298433344811201
