times:
  landing: 1.10536393000001
  view-data: 0.5916626840000276
