times:
  landing: 2.1406221159999745
  view-data: 0.8443762439999887
