times:
  edit-metadata: 1.8560740761458874
  landing: 1.1966799907386303
  view-data: 3.3910444155335426
