times:
  edit-metadata: 1.5866397824138403
  landing: 0.9400831628590822
  view-data: 0.9414085708558559
