times:
  edit-metadata: 2.1045839190483093
  landing: 1.419922485947609
  view-data: 0.7911134604364634
