times:
  landing: 1.101521966000007
  view-data: 0.5584312379999972
