times:
  edit-metadata: 1.4710837826132774
  landing: 0.9303431734442711
  view-data: 0.7758679371327162
