times:
  edit-metadata: 1.9363168515264988
  landing: 1.2508131936192513
  view-data: 3.4131249897181988
