times:
  edit-metadata: 6.352682197466493
  landing: 1.541277663782239
  view-data: 1.2575336694717407
