times:
  landing: 0.572127934000008
  view-data: 0.5581308669999885
