times:
  edit-metadata: 1.5949688458349556
  landing: 0.9747255549300462
  view-data: 0.9105987369548529
