times:
  edit-metadata: 3.6115690218284726
  landing: 0.23594777006655931
  view-data: 1.2870796769857407
