times:
  landing: 0.566808635000001
  view-data: 0.5565195099999869
