times:
  edit-metadata: 4.277474388945848
  landing: 0.07267253007739782
  view-data: 1.0820095969829708
