times:
  edit-metadata: 3.615913805551827
  landing: 0.18263607285916805
  view-data: 0.023879554122686386
