times:
  edit-metadata: 5.600892461836338
  landing: 0.0515681654214859
  view-data: 0.7625309638679028
