times:
  edit-metadata: 2.0023931469768286
  landing: 1.5522281005978584
  view-data: 0.737859109416604
