times:
  edit-metadata: 6.277440823614597
  landing: 0.5921638030558825
  view-data: 0.8852660898119211
