times:
  edit-metadata: 3.439754595980048
  landing: 0.020223128609359264
  view-data: 1.2180715017020702
