times:
  edit-metadata: 2.19041600311175
  landing: 0.0476716342382133
  view-data: 0.8522949549369514
