times:
  edit-metadata: 3.446237181313336
  landing: 0.022166402079164982
  view-data: 0.026434166356921196
