times:
  edit-metadata: 2.287669273093343
  landing: 0.05420928308740258
  view-data: 0.8179158349521458
