times:
  edit-metadata: 2.973479120992124
  landing: 1.5032316711731255
  view-data: 1.0642112200148404
