times:
  edit-metadata: 2.066067353938706
  landing: 0.04250593401957303
  view-data: 0.6432339509483427
