times:
  edit-metadata: 2.194056828011526
  landing: 0.05530285800341517
  view-data: 0.6678028019960038
