times:
  edit-metadata: 2.410960442852229
  landing: 0.053789536003023386
  view-data: 0.9669244969263673
