times:
  edit-metadata: 4.270875521935523
  landing: 0.04784380295313895
  view-data: 0.9870953119825572
