times:
  edit-metadata: 3.237288107164204
  landing: 1.236852778121829
  view-data: 0.8699626931920648
