times:
  edit-metadata: 2.366072092205286
  landing: 0.049774623941630125
  view-data: 0.7769632069393992
