times:
  edit-metadata: 4.268764728913084
  landing: 0.05801436607725918
  view-data: 0.9038756950758398
