times:
  edit-metadata: 2.116556966677308
  landing: 1.2285802084952593
  view-data: 1.0374966468662024
