times:
  edit-metadata: 1.495904915034771
  landing: 1.1599853560328484
  view-data: 3.3426703177392483
