times:
  edit-metadata: 6.28769813105464
  landing: 1.616776643320918
  view-data: 1.0098451804369688
