times:
  edit-metadata: 2.7581347678788006
  landing: 0.04655457008630037
  view-data: 0.8782027750276029
