times:
  edit-metadata: 1.9830582737922668
  landing: 1.2561154402792454
  view-data: 3.378493532538414
