times:
  edit-metadata: 5.841033913195133
  landing: 0.04389699921011925
  view-data: 0.7110905237495899
