times:
  edit-metadata: 4.55181766700116
  landing: 0.10312822199193761
  view-data: 1.0081786859955173
