times:
  edit-metadata: 4.1977708376944065
  landing: 0.04915332281962037
  view-data: 0.7087423596531153
