times:
  landing: 1.0721775529999888
  view-data: 0.5599636799999814
