times:
  edit-metadata: 2.0566675720037892
  landing: 0.0547066010767594
  view-data: 0.6798871519276872
