times:
  edit-metadata: 1.5992460120469332
  landing: 0.9367743898183107
  view-data: 1.2336437534540892
