times:
  edit-metadata: 4.205044877016917
  landing: 0.07451016799313948
  view-data: 0.6784296610276215
