times:
  edit-metadata: 1.6722063450142741
  landing: 1.1322759669274092
  view-data: 0.9151870384812355
