times:
  landing: 0.586159586000008
  view-data: 0.5619225990000132
