times:
  edit-metadata: 1.7741527147591114
  landing: 0.9666368374601007
  view-data: 0.8920794101431966
