times:
  edit-metadata: 5.001613046973944
  landing: 0.06423261621966958
  view-data: 0.8697092370130122
