times:
  edit-metadata: 4.884125099051744
  landing: 0.04632238578051329
  view-data: 0.9449666519649327
