times:
  edit-metadata: 1.7442254470661283
  landing: 1.1649817219004035
  view-data: 1.0601007072255015
