times:
  edit-metadata: 5.537400044500828
  landing: 0.049951475113630295
  view-data: 0.7066572606563568
