times:
  edit-metadata: 4.21045403694734
  landing: 0.0674505231436342
  view-data: 0.8099234050605446
