times:
  edit-metadata: 5.896781157702208
  landing: 0.15700802020728588
  view-data: 0.10422336682677269
