times:
  landing: 1.5937447439999914
  view-data: 0.6377224989999775
