times:
  edit-metadata: 2.067990698007634
  landing: 0.044839918991783634
  view-data: 0.6340211610076949
