times:
  edit-metadata: 4.125465615885332
  landing: 0.05384256201796234
  view-data: 0.882189721101895
