times:
  edit-metadata: 6.575652407482266
  landing: 0.2115482147783041
  view-data: 0.16915703751146793
