times:
  edit-metadata: 4.233636025106534
  landing: 0.04541325103491545
  view-data: 0.8398671559989452
