times:
  edit-metadata: 3.3357898043468595
  landing: 0.1752877477556467
  view-data: 0.9795511998236179
