times:
  edit-metadata: 2.0698741786181927
  landing: 1.4988744892179966
  view-data: 3.404848601669073
