times:
  edit-metadata: 5.896611684933305
  landing: 1.126484639942646
  view-data: 0.8087935242801905
