times:
  edit-metadata: 5.57628520950675
  landing: 0.045858584344387054
  view-data: 0.7017031274735928
