times:
  edit-metadata: 1.53949952009134
  landing: 1.2907417609822005
  view-data: 0.8132434580475092
