times:
  landing: 1.0706693170000108
  view-data: 0.5767312429999834
