times:
  edit-metadata: 2.1580409836024046
  landing: 1.081398257985711
  view-data: 0.8929541986435652
