times:
  edit-metadata: 3.409196812659502
  landing: 0.1408447464928031
  view-data: 0.21714455913752317
