times:
  edit-metadata: 5.652117509394884
  landing: 0.02204875275492668
  view-data: 0.16552497260272503
