times:
  edit-metadata: 1.6944279223680496
  landing: 1.3154749609529972
  view-data: 3.3982773385941982
