times:
  edit-metadata: 3.4545666333287954
  landing: 0.025210121646523476
  view-data: 0.12010169960558414
