times:
  edit-metadata: 1.6088864281773567
  landing: 1.1294016931205988
  view-data: 0.9611660428345203
