times:
  edit-metadata: 5.803721062839031
  landing: 0.05352703109383583
  view-data: 0.7091831788420677
