times:
  edit-metadata: 2.3439025920815766
  landing: 0.0499884570017457
  view-data: 0.7517188200727105
