times:
  edit-metadata: 5.571473300457001
  landing: 0.05317330360412598
  view-data: 0.7662489823997021
