times:
  edit-metadata: 2.1587953343987465
  landing: 1.3267376944422722
  view-data: 3.414857991039753
