times:
  edit-metadata: 2.2591567020863295
  landing: 0.053835328901186585
  view-data: 0.6947819800116122
