times:
  edit-metadata: 2.231110361404717
  landing: 0.04469660483300686
  view-data: 0.8611760758794844
