times:
  landing: 0.561611163000066
  view-data: 0.5544684889999871
