times:
  edit-metadata: 5.077416009269655
  landing: 0.1411978891119361
  view-data: 1.2692459807731211
