times:
  landing: 1.0770877280000377
  view-data: 0.571009499000013
