times:
  edit-metadata: 3.4785024421289563
  landing: 0.02322265412658453
  view-data: 0.026638799346983433
