times:
  edit-metadata: 2.0997139513492584
  landing: 1.1231598500162363
  view-data: 0.7442807387560606
