times:
  edit-metadata: 1.5038509238511324
  landing: 1.0395323242992163
  view-data: 0.9780416525900364
