times:
  edit-metadata: 2.351666086819023
  landing: 0.047793790232390165
  view-data: 0.8551786411553621
