times:
  edit-metadata: 4.502710836008191
  landing: 0.12925565298064612
  view-data: 0.7125179209979251
