times:
  edit-metadata: 4.260137417120859
  landing: 0.0813966509886086
  view-data: 1.0498959589749575
