times:
  edit-metadata: 4.198859205003828
  landing: 0.04726185416802764
  view-data: 0.793079431867227
