times:
  edit-metadata: 2.242775162216276
  landing: 0.04965139087289572
  view-data: 0.7821125001646578
