times:
  edit-metadata: 1.4575939998030663
  landing: 1.011942569166422
  view-data: 3.3431715443730354
