times:
  edit-metadata: 4.760787729173899
  landing: 0.024180134758353233
  view-data: 0.025263436138629913
