times:
  landing: 1.0861889299999916
  view-data: 0.5577392829999894
