times:
  edit-metadata: 4.196918428002391
  landing: 0.07732517601107247
  view-data: 1.0504560779954772
