times:
  edit-metadata: 2.2873711460269988
  landing: 0.06212092284113169
  view-data: 0.791099573019892
