times:
  landing: 1.0747818480000149
  view-data: 0.5658799659999829
