times:
  edit-metadata: 6.108867552131414
  landing: 0.5926531013101339
  view-data: 0.806465657427907
