times:
  edit-metadata: 1.7689583599567413
  landing: 1.1367150880396366
  view-data: 0.7303262557834387
