times:
  edit-metadata: 1.6772115398198366
  landing: 1.1145732458680868
  view-data: 3.359222963452339
