times:
  edit-metadata: 3.438905301503837
  landing: 0.021565094590187073
  view-data: 1.1712475512176752
