times:
  edit-metadata: 2.814291885122657
  landing: 1.9320437796413898
  view-data: 3.4035216998308897
