times:
  landing: 0.5608551189999957
  view-data: 0.5605903040000157
