times:
  edit-metadata: 1.8048996776342392
  landing: 1.2103395722806454
  view-data: 3.356852926313877
