times:
  edit-metadata: 2.4240481411106884
  landing: 0.058161576045677066
  view-data: 1.226121389074251
