times:
  edit-metadata: 2.321403347887099
  landing: 0.055105817038565874
  view-data: 0.7083737379871309
