times:
  edit-metadata: 1.86556126922369
  landing: 1.1646026372909546
  view-data: 3.3127568438649178
