times:
  edit-metadata: 1.5875346809625626
  landing: 1.0101812481880188
  view-data: 3.3280175663530827
