times:
  edit-metadata: 3.6604344453662634
  landing: 0.2414108095690608
  view-data: 0.11692533176392317
