times:
  landing: 0.574561344000017
  view-data: 0.5453216659999498
