times:
  edit-metadata: 5.368833132088184
  landing: 0.02082153968513012
  view-data: 0.12265881709754467
