times:
  edit-metadata: 3.4875502549111843
  landing: 0.02017499040812254
  view-data: 0.11525230389088392
