times:
  edit-metadata: 2.170423405012116
  landing: 0.050690743955783546
  view-data: 0.6353055959334597
