times:
  edit-metadata: 1.4206663593649864
  landing: 0.9247761033475399
  view-data: 0.9177662469446659
