times:
  landing: 1.0719898410000042
  view-data: 0.6217208049999954
