times:
  edit-metadata: 2.4365363840479404
  landing: 1.0703726690262556
  view-data: 1.071793286013417
