times:
  edit-metadata: 6.420657487586141
  landing: 0.5771100800484419
  view-data: 0.7742452528327703
