times:
  edit-metadata: 1.9652824699878693
  landing: 1.2285920418798923
  view-data: 3.3353737369179726
