times:
  edit-metadata: 1.560992692830041
  landing: 1.0904458209406585
  view-data: 0.9298796281218529
