times:
  edit-metadata: 6.786510404199362
  landing: 0.026209240779280663
  view-data: 0.26302047818899155
