times:
  edit-metadata: 2.352035985328257
  landing: 0.04944365192204714
  view-data: 0.9658160377293825
