times:
  landing: 0.548367039000027
  view-data: 0.5623044690000256
