times:
  edit-metadata: 3.3658154690638185
  landing: 0.17936901282519102
  view-data: 0.12894186284393072
