times:
  edit-metadata: 4.377892701013479
  landing: 0.05540985299739987
  view-data: 0.994286420987919
