times:
  landing: 1.1307671249999771
  view-data: 0.5714350960000161
