times:
  edit-metadata: 2.181977423839271
  landing: 1.307338879443705
  view-data: 3.5453172335401177
