times:
  edit-metadata: 3.479834120720625
  landing: 0.02209184132516384
  view-data: 0.1199888838455081
