times:
  edit-metadata: 2.1121007980545983
  landing: 0.050634735962376
  view-data: 0.6665165419690311
