times:
  edit-metadata: 1.5377007517963648
  landing: 1.0122346878051758
  view-data: 0.8752035107463598
