times:
  edit-metadata: 3.498495743609965
  landing: 0.019184961915016174
  view-data: 1.2322187880054116
