times:
  edit-metadata: 5.969623200595379
  landing: 0.5746998563408852
  view-data: 0.8076708670705557
