times:
  edit-metadata: 4.31375247053802
  landing: 0.8478431552648544
  view-data: 0.7034827545285225
