times:
  landing: 1.5859799389995715
  view-data: 0.5528193850000207
