times:
  landing: 0.5458918100000005
  view-data: 0.5563300419999848
