times:
  landing: 0.6885431050000079
  view-data: 0.718918809999991
