times:
  edit-metadata: 4.734843483194709
  landing: 0.14660464599728584
  view-data: 0.13403116539120674
