times:
  edit-metadata: 2.3649924830533564
  landing: 0.05206074705347419
  view-data: 0.9826504811644554
