times:
  edit-metadata: 1.6205585189163685
  landing: 1.1724975407123566
  view-data: 0.9042828716337681
