times:
  edit-metadata: 2.2297645807266235
  landing: 0.05481988890096545
  view-data: 0.8226905623450875
