times:
  edit-metadata: 6.183389684185386
  landing: 0.5948313605040312
  view-data: 0.8990385346114635
