times:
  landing: 0.5453289469999731
  view-data: 0.5660625889999551
