times:
  landing: 1.0605796849999933
  view-data: 1.069885049000277
