times:
  edit-metadata: 5.482714667916298
  landing: 0.044547222554683685
  view-data: 0.7427894249558449
