times:
  landing: 1.0588234230000069
  view-data: 0.5478120270000204
