times:
  edit-metadata: 1.5531209474429488
  landing: 0.8933134842664003
  view-data: 0.6913123149424791
