times:
  edit-metadata: 1.5730166286230087
  landing: 1.2592639401555061
  view-data: 3.412221632897854
