times:
  landing: 2.1077004389999843
  view-data: 0.7222387479999952
