times:
  edit-metadata: 3.333611585199833
  landing: 1.3138429746031761
  view-data: 4.445750340819359
