times:
  edit-metadata: 2.5247408458963037
  landing: 1.4342701202258468
  view-data: 0.9826281405985355
