times:
  edit-metadata: 1.8167536575347185
  landing: 1.1753671057522297
  view-data: 1.0105550810694695
