times:
  edit-metadata: 5.738029927015305
  landing: 0.04992087930440903
  view-data: 0.713486410677433
