times:
  edit-metadata: 2.2121483750233892
  landing: 0.05574222601717338
  view-data: 0.6835141810006462
