times:
  edit-metadata: 4.380548503249884
  landing: 0.16639488749206066
  view-data: 1.2867815811187029
