times:
  edit-metadata: 6.034045912325382
  landing: 0.1488932352513075
  view-data: 0.026832042261958122
