times:
  edit-metadata: 2.2001846758648753
  landing: 0.0569684780202806
  view-data: 0.6785752300638705
