times:
  edit-metadata: 2.291038131341338
  landing: 0.07783034909516573
  view-data: 0.7490962129086256
