times:
  edit-metadata: 4.257403472438455
  landing: 0.6095633711665869
  view-data: 0.7442782949656248
