times:
  edit-metadata: 5.5608232747763395
  landing: 0.0203465037047863
  view-data: 1.3384752310812473
