times:
  edit-metadata: 1.664053663611412
  landing: 1.2816438488662243
  view-data: 3.413528073579073
