times:
  edit-metadata: 5.52988563105464
  landing: 0.0576041080057621
  view-data: 0.7056818902492523
