times:
  edit-metadata: 4.305898113001604
  landing: 0.04636050702538341
  view-data: 0.8450651449966244
