times:
  landing: 1.0947322800000165
  view-data: 0.5616730630000006
