times:
  edit-metadata: 6.421867219731212
  landing: 1.141185313463211
  view-data: 0.9980374481528997
