times:
  edit-metadata: 2.351194132119417
  landing: 0.05270200036466122
  view-data: 1.0930636478587985
