times:
  landing: 1.594465882999998
  view-data: 0.5553031070000998
