times:
  landing: 0.5571831980000184
  view-data: 0.12109536900001672
