times:
  edit-metadata: 6.110489718616009
  landing: 0.6506900954991579
  view-data: 0.804957365617156
