times:
  edit-metadata: 6.331021828576922
  landing: 0.25711132027208805
  view-data: 0.024878209456801414
