times:
  landing: 1.0717109819999564
  view-data: 0.5603664700000195
