times:
  edit-metadata: 6.296647496521473
  landing: 0.809012508019805
  view-data: 0.8701923489570618
