times:
  edit-metadata: 2.3783821258693933
  landing: 1.158748391084373
  view-data: 0.8716684505343437
