times:
  landing: 0.5577904189999856
  view-data: 0.5588423089999992
