times:
  edit-metadata: 1.498121216893196
  landing: 1.0585582591593266
  view-data: 3.3956416733562946
