times:
  edit-metadata: 5.195930438989308
  landing: 0.062335377995623276
  view-data: 0.7444709870032966
