times:
  edit-metadata: 4.2411462920717895
  landing: 0.04981001606211066
  view-data: 1.0678544328548014
