times:
  edit-metadata: 1.5338248328771442
  landing: 0.9777011119294912
  view-data: 0.8858208309393376
