times:
  edit-metadata: 1.6211473606526852
  landing: 1.5773849822580814
  view-data: 0.865122850984335
