times:
  edit-metadata: 3.416308625601232
  landing: 0.02329579833894968
  view-data: 1.0853907642886043
