times:
  edit-metadata: 6.142713315784931
  landing: 1.5820051040500402
  view-data: 0.977497173473239
