times:
  edit-metadata: 5.723401460796595
  landing: 2.3766619972884655
  view-data: 1.6410126723349094
