times:
  edit-metadata: 2.46350996568799
  landing: 1.3798120561987162
  view-data: 0.8960016639903188
