times:
  edit-metadata: 1.479601165279746
  landing: 0.9375352635979652
  view-data: 0.9263936970382929
