times:
  edit-metadata: 4.280276339035481
  landing: 0.04793377686291933
  view-data: 0.8505336032249033
