times:
  edit-metadata: 5.371479291468859
  landing: 0.01954319328069687
  view-data: 1.164320696145296
