times:
  landing: 0.5548858000000223
  view-data: 0.5573722649999695
