times:
  edit-metadata: 1.6250770622864366
  landing: 1.0530290557071567
  view-data: 0.8294414868578315
