times:
  edit-metadata: 5.518460299819708
  landing: 0.0474710538983345
  view-data: 0.717871256172657
