times:
  edit-metadata: 5.5815568882972
  landing: 0.021671758964657784
  view-data: 0.14536628127098083
