times:
  edit-metadata: 2.3578228019177914
  landing: 0.053783446084707975
  view-data: 0.954056307207793
