times:
  edit-metadata: 5.539193045347929
  landing: 0.05304652079939842
  view-data: 0.7290920354425907
