times:
  edit-metadata: 2.283148616552353
  landing: 1.8152776546776295
  view-data: 3.40239305049181
