times:
  edit-metadata: 5.242564804852009
  landing: 0.04807135974988341
  view-data: 0.7875398760661483
