times:
  edit-metadata: 4.2592464079998535
  landing: 0.047626834000311646
  view-data: 1.042713487999663
