times:
  edit-metadata: 2.046889677643776
  landing: 1.0270335748791695
  view-data: 0.8129200488328934
