times:
  edit-metadata: 6.097603062167764
  landing: 0.7111111059784889
  view-data: 0.8198626898229122
