times:
  edit-metadata: 5.574207603931427
  landing: 0.042877793312072754
  view-data: 0.739348329603672
