times:
  edit-metadata: 3.095147990155965
  landing: 0.06325355917215347
  view-data: 0.8522141161374748
