times:
  edit-metadata: 1.7019444555044174
  landing: 1.219269324094057
  view-data: 3.3719702139496803
