times:
  edit-metadata: 2.3964008912444115
  landing: 0.055837771855294704
  view-data: 0.7557509560137987
