times:
  edit-metadata: 1.5855257147923112
  landing: 0.9577554860152304
  view-data: 0.9328412846662104
