times:
  edit-metadata: 6.29885002784431
  landing: 0.17855513282120228
  view-data: 0.1539341490715742
