times:
  edit-metadata: 2.1455132380360737
  landing: 0.053403554018586874
  view-data: 0.6363886180333793
