times:
  edit-metadata: 2.0548017540131696
  landing: 0.053652753005735576
  view-data: 0.6314966579666361
