times:
  landing: 0.5447399360000134
  view-data: 0.5465619619999984
