times:
  edit-metadata: 4.287972798105329
  landing: 0.05001289490610361
  view-data: 1.1941391918808222
