times:
  edit-metadata: 2.095446855062619
  landing: 0.04971806495450437
  view-data: 0.8664072388783097
