times:
  edit-metadata: 6.727119296789169
  landing: 0.5983622092753649
  view-data: 0.9221154078841209
