times:
  landing: 1.5972286759997587
  view-data: 0.6656301319999329
