times:
  edit-metadata: 1.4907289203256369
  landing: 0.9438799247145653
  view-data: 0.7350841369479895
