times:
  edit-metadata: 1.785625140182674
  landing: 1.0861859284341335
  view-data: 0.9238972207531333
