times:
  edit-metadata: 1.6036281175911427
  landing: 1.1485694665461779
  view-data: 0.9541918877512217
