times:
  edit-metadata: 6.247376238927245
  landing: 0.6186079494655132
  view-data: 0.8603087849915028
