times:
  landing: 1.5964173650000077
  view-data: 0.5760955480000121
