times:
  edit-metadata: 5.7734591998159885
  landing: 0.0566071942448616
  view-data: 0.7127520143985748
