times:
  edit-metadata: 5.382814839482307
  landing: 0.16732360422611237
  view-data: 1.1449690610170364
