times:
  edit-metadata: 2.258486161008477
  landing: 0.057318094186484814
  view-data: 0.7855237037874758
