times:
  edit-metadata: 4.151553189847618
  landing: 0.045794653007760644
  view-data: 0.7682457941118628
