times:
  edit-metadata: 5.777387101203203
  landing: 0.04798051714897156
  view-data: 0.7247106619179249
