times:
  edit-metadata: 4.186061388812959
  landing: 0.05877654906362295
  view-data: 0.754381475970149
