times:
  edit-metadata: 8.076867796480656
  landing: 2.364100404083729
  view-data: 4.97844023257494
