times:
  edit-metadata: 4.25593027001014
  landing: 0.0755688960198313
  view-data: 1.0356022009509616
