times:
  edit-metadata: 2.068499404937029
  landing: 0.053587315953336656
  view-data: 0.6585194780491292
