times:
  edit-metadata: 4.0955567713826895
  landing: 0.046296657994389534
  view-data: 1.0021471958607435
