times:
  edit-metadata: 1.6187687423080206
  landing: 1.1132815820164979
  view-data: 0.7846003957092762
