times:
  edit-metadata: 1.7591412728652358
  landing: 0.9922750554978848
  view-data: 0.8355548596009612
