times:
  edit-metadata: 2.0932327141053975
  landing: 0.0557775798952207
  view-data: 0.7271370589733124
