times:
  edit-metadata: 4.220372857002076
  landing: 0.055016104015521705
  view-data: 0.8816648859647103
