times:
  edit-metadata: 5.640358321368694
  landing: 0.04573483765125275
  view-data: 0.7241072244942188
