times:
  edit-metadata: 4.2668680909555405
  landing: 0.0815427009947598
  view-data: 1.3344181650318205
