times:
  landing: 1.1728866370000048
  view-data: 0.5588814939999907
