times:
  edit-metadata: 2.8483286667615175
  landing: 1.198406427167356
  view-data: 1.0637029726058245
