times:
  edit-metadata: 2.2715145340189338
  landing: 0.05347982421517372
  view-data: 0.7968967198394239
