times:
  edit-metadata: 6.456923741847277
  landing: 0.050663407891988754
  view-data: 0.7739104330539703
