times:
  edit-metadata: 4.2916281670331955
  landing: 1.675795054063201
  view-data: 1.0952265867963433
