times:
  edit-metadata: 5.765816070139408
  landing: 0.0207211971282959
  view-data: 1.743684582412243
