times:
  edit-metadata: 5.60086720995605
  landing: 0.1504199430346489
  view-data: 1.121697636321187
