times:
  edit-metadata: 4.2460839209961705
  landing: 0.055134497000835836
  view-data: 0.863589612999931
