times:
  landing: 0.5529076139999916
  view-data: 0.5508477770000582
