times:
  edit-metadata: 5.872240135446191
  landing: 0.15431267023086548
  view-data: 0.12965052388608456
