times:
  edit-metadata: 3.4043113440275192
  landing: 0.15414691250771284
  view-data: 1.2903985725715756
