times:
  edit-metadata: 3.371942726895213
  landing: 0.12061090394854546
  view-data: 0.11946427449584007
