times:
  landing: 0.5560415629999795
  view-data: 0.5656391980000137
