times:
  edit-metadata: 1.4987615123391151
  landing: 0.981595347635448
  view-data: 0.8873194456100464
