times:
  edit-metadata: 4.2547239700797945
  landing: 0.052285606041550636
  view-data: 0.8457621820271015
