times:
  edit-metadata: 1.5848894622176886
  landing: 0.983266344293952
  view-data: 1.0147155802696943
