times:
  edit-metadata: 4.178864493966103
  landing: 0.051925424952059984
  view-data: 0.7676232033409178
