times:
  landing: 1.1449856259999933
  view-data: 0.5627067480000107
