times:
  landing: 2.2144470460000036
  view-data: 1.0803694989999997
