times:
  edit-metadata: 1.976071771234274
  landing: 1.2024120651185513
  view-data: 3.3742623403668404
