times:
  edit-metadata: 2.4663127351086587
  landing: 0.0572057229001075
  view-data: 0.8348917339462787
