times:
  edit-metadata: 5.521355113014579
  landing: 0.23866859078407288
  view-data: 0.0250096395611763
