times:
  edit-metadata: 1.9375507049262524
  landing: 1.2106115259230137
  view-data: 3.4076012931764126
