times:
  edit-metadata: 2.339695343747735
  landing: 0.05482924310490489
  view-data: 0.8558730008080602
