times:
  edit-metadata: 1.482475135475397
  landing: 0.9323423467576504
  view-data: 3.3111439049243927
