times:
  edit-metadata: 2.0934682890074328
  landing: 0.048091675038449466
  view-data: 0.7013732380000874
