times:
  edit-metadata: 2.207563971169293
  landing: 0.05521288700401783
  view-data: 0.8031062430236489
