times:
  landing: 0.5983473629999878
  view-data: 0.5639408329999753
