times:
  edit-metadata: 5.941079091280699
  landing: 1.0871597044169903
  view-data: 0.9984918050467968
