times:
  edit-metadata: 5.531521968001471
  landing: 0.050124346002121456
  view-data: 0.7405928510015656
