times:
  edit-metadata: 6.227078873664141
  landing: 0.126304529607296
  view-data: 1.2854750119149685
