times:
  edit-metadata: 2.317082665860653
  landing: 0.051291316747665405
  view-data: 1.3646200466901064
