times:
  edit-metadata: 1.6775401458144188
  landing: 1.1587533056735992
  view-data: 3.297648187726736
