times:
  landing: 0.5683677759999739
  view-data: 0.551624750000002
