times:
  edit-metadata: 3.6695269718766212
  landing: 0.018905983306467533
  view-data: 1.4398142294958234
