times:
  edit-metadata: 4.590926396660507
  landing: 0.16722308099269867
  view-data: 1.5402040164917707
