times:
  edit-metadata: 1.6925812531262636
  landing: 1.2481357650831342
  view-data: 1.0169943133369088
