times:
  edit-metadata: 2.2037969450466335
  landing: 1.2009975899709389
  view-data: 1.2840720959939063
