times:
  edit-metadata: 3.4418783262372017
  landing: 1.7330868914723396
  view-data: 3.5979008451104164
