times:
  edit-metadata: 3.9287204570136964
  landing: 0.048188817978370935
  view-data: 0.6972526989993639
