times:
  edit-metadata: 3.4825381049886346
  landing: 0.020936433225870132
  view-data: 0.11522481217980385
