times:
  edit-metadata: 4.096780421998119
  landing: 0.04923798801610246
  view-data: 0.8386431300023105
