times:
  edit-metadata: 6.165546216070652
  landing: 0.01941640116274357
  view-data: 0.025473391637206078
