times:
  edit-metadata: 2.4177773690316826
  landing: 0.05905491719022393
  view-data: 0.769192653009668
