times:
  edit-metadata: 2.2623943388462067
  landing: 0.05211334675550461
  view-data: 0.9580702637322247
