times:
  edit-metadata: 4.241851571947336
  landing: 0.6084296442568302
  view-data: 0.7212511915713549
