times:
  edit-metadata: 1.6483881436288357
  landing: 1.2100208401679993
  view-data: 3.30953548848629
