times:
  edit-metadata: 2.2696508490480483
  landing: 0.04827384487725794
  view-data: 0.6670557160396129
