times:
  edit-metadata: 2.086568158119917
  landing: 1.1584439761936665
  view-data: 3.363276045769453
