times:
  edit-metadata: 2.220520555973053
  landing: 0.047050397377461195
  view-data: 0.8803593330085278
