times:
  edit-metadata: 5.905281579121947
  landing: 2.145708518102765
  view-data: 0.9451336450874805
