times:
  edit-metadata: 3.4525804510340095
  landing: 0.021349268034100533
  view-data: 0.1355483941733837
