times:
  edit-metadata: 2.839903004001826
  landing: 0.04787960508838296
  view-data: 0.8936223809141666
