times:
  edit-metadata: 6.3206994235515594
  landing: 0.22006959840655327
  view-data: 1.2046710029244423
