times:
  landing: 1.1062995990000104
  view-data: 0.5776012559999799
