times:
  edit-metadata: 5.321384651586413
  landing: 0.023082511499524117
  view-data: 1.120738960802555
