times:
  edit-metadata: 3.5558047983795404
  landing: 0.02254668530076742
  view-data: 0.02640826813876629
