times:
  edit-metadata: 2.3695401959121227
  landing: 0.04364762920886278
  view-data: 1.0200021266937256
