times:
  edit-metadata: 5.910967573523521
  landing: 0.9968604613095522
  view-data: 0.8194852229207754
