times:
  edit-metadata: 3.5309374378994107
  landing: 0.21945591550320387
  view-data: 0.023656451143324375
