times:
  landing: 0.5601479159999485
  view-data: 0.575438709000025
