times:
  landing: 1.07285425500001
  view-data: 0.5744728829999985
