times:
  edit-metadata: 5.653740430250764
  landing: 0.24248002469539642
  view-data: 1.1357254851609468
