times:
  edit-metadata: 6.18230315297842
  landing: 0.05081123299896717
  view-data: 0.7431667074561119
