times:
  edit-metadata: 4.24189180880785
  landing: 0.044292446691542864
  view-data: 0.7675977270118892
