times:
  edit-metadata: 2.2554767467081547
  landing: 1.1582234874367714
  view-data: 3.4039814807474613
