times:
  landing: 1.0733230629999753
  view-data: 0.5543356530000096
