times:
  edit-metadata: 3.4351845113560557
  landing: 0.020728942938148975
  view-data: 0.024958960711956024
