times:
  landing: 0.5472064130000263
  view-data: 0.5747368060000042
