times:
  edit-metadata: 1.7618243843317032
  landing: 0.8900997564196587
  view-data: 0.898069747723639
