times:
  edit-metadata: 3.3916028179228306
  landing: 0.020071174949407578
  view-data: 0.029608454555273056
