times:
  edit-metadata: 4.149376363027841
  landing: 0.052142803091555834
  view-data: 1.155906321015209
