times:
  edit-metadata: 3.3881877223029733
  landing: 0.1180646251887083
  view-data: 0.1266223331913352
