times:
  landing: 0.5508689739999966
  view-data: 0.5598273909999989
