times:
  edit-metadata: 1.5970357619225979
  landing: 1.2160626202821732
  view-data: 3.4087286703288555
