times:
  landing: 0.5551809470000251
  view-data: 0.5631043070000032
