times:
  landing: 0.5503460429999905
  view-data: 0.5615546870000117
