times:
  edit-metadata: 2.3419481846503913
  landing: 0.044753128197044134
  view-data: 0.9861664269119501
