times:
  edit-metadata: 3.4265356231480837
  landing: 0.022133735939860344
  view-data: 1.0938237197697163
