times:
  edit-metadata: 5.557956514880061
  landing: 0.019932858645915985
  view-data: 0.13392705656588078
