times:
  edit-metadata: 1.7184178531169891
  landing: 0.9264095574617386
  view-data: 0.7881699046120048
