times:
  edit-metadata: 1.585820684209466
  landing: 0.9222821667790413
  view-data: 0.8290260042995214
