times:
  landing: 1.0813174369999956
  view-data: 0.5682523209999886
