times:
  edit-metadata: 1.5206224583089352
  landing: 1.0531051438301802
  view-data: 0.8127443455159664
