times:
  edit-metadata: 3.8510094759985805
  landing: 0.18200112087652087
  view-data: 1.1103403130546212
