times:
  landing: 1.0744911060000106
  view-data: 0.6807586330000106
