times:
  edit-metadata: 5.4448982160538435
  landing: 0.22637071274220943
  view-data: 0.14175418950617313
