times:
  landing: 1.1192306759999724
  view-data: 0.5577449550000324
