times:
  edit-metadata: 1.566964264959097
  landing: 0.9755659252405167
  view-data: 0.8581381589174271
