times:
  edit-metadata: 6.129100888967514
  landing: 0.15314899571239948
  view-data: 1.2522170413285494
