times:
  landing: 0.6072031789999812
  view-data: 0.5691439659999844
