times:
  edit-metadata: 4.164369653968606
  landing: 0.048905638977885246
  view-data: 0.8830036919680424
