times:
  edit-metadata: 2.333573739975691
  landing: 0.054018231108784676
  view-data: 0.9705380192026496
