times:
  edit-metadata: 2.9114074064418674
  landing: 1.6170537238940597
  view-data: 1.3041560128331184
