times:
  edit-metadata: 3.4339553005993366
  landing: 0.01977380830794573
  view-data: 0.12016111519187689
