times:
  edit-metadata: 2.1378204319626093
  landing: 0.05213501211255789
  view-data: 0.6657098550349474
