times:
  landing: 0.5473272989999884
  view-data: 0.5558562280000103
