times:
  edit-metadata: 5.663149012252688
  landing: 0.021174130961298943
  view-data: 0.13026177883148193
