times:
  edit-metadata: 1.720760628581047
  landing: 1.1889176219701767
  view-data: 3.4645067639648914
