times:
  landing: 1.595958051999986
  view-data: 0.6812598380000168
