times:
  edit-metadata: 5.780476538464427
  landing: 0.12067269720137119
  view-data: 0.04439636878669262
