times:
  edit-metadata: 1.4725734274834394
  landing: 0.9091896954923868
  view-data: 0.9364764336496592
