times:
  edit-metadata: 1.477047149091959
  landing: 0.9931344613432884
  view-data: 3.356344860047102
