times:
  edit-metadata: 6.65354323387146
  landing: 0.019560184329748154
  view-data: 0.1292391736060381
