times:
  edit-metadata: 3.504081344231963
  landing: 0.022239791229367256
  view-data: 0.09689233638346195
