times:
  edit-metadata: 3.4228783566504717
  landing: 0.02144727297127247
  view-data: 0.026437394320964813
