times:
  edit-metadata: 4.221640600007959
  landing: 0.047502564964815974
  view-data: 0.7891105009475723
