times:
  edit-metadata: 2.422731415834278
  landing: 0.045504745095968246
  view-data: 0.7857997650280595
