times:
  edit-metadata: 5.746679721400142
  landing: 0.9948001522570848
  view-data: 1.1011342089623213
