times:
  edit-metadata: 2.211694643367082
  landing: 0.05539171723648906
  view-data: 0.799679079093039
