times:
  edit-metadata: 5.431014411151409
  landing: 0.13747169636189938
  view-data: 0.02687360905110836
