times:
  edit-metadata: 1.4782260339707136
  landing: 0.9143139459192753
  view-data: 2.284265112131834
