times:
  landing: 1.0804394450000245
  view-data: 0.6716963979999946
