times:
  edit-metadata: 2.322158021852374
  landing: 0.04759655985981226
  view-data: 0.8395317890681326
