times:
  edit-metadata: 3.6381151964887977
  landing: 0.019380071200430393
  view-data: 1.5568963270634413
