times:
  edit-metadata: 3.061609350144863
  landing: 1.6523464135825634
  view-data: 0.991921117529273
