times:
  edit-metadata: 4.15256421698723
  landing: 0.0510747330263257
  view-data: 0.7154061999171972
