times:
  edit-metadata: 2.32843174925074
  landing: 0.053499395959079266
  view-data: 0.7622540378943086
