times:
  edit-metadata: 2.4082237919792533
  landing: 0.05641906475648284
  view-data: 0.7636916590854526
