times:
  edit-metadata: 2.1204506251960993
  landing: 1.167199393734336
  view-data: 0.8913938570767641
