times:
  edit-metadata: 1.9527794669847935
  landing: 1.1187014150200412
  view-data: 0.7218461600132287
