times:
  edit-metadata: 6.17116972245276
  landing: 0.05152396857738495
  view-data: 0.7368867732584476
