times:
  edit-metadata: 1.5705266408622265
  landing: 1.3653277531266212
  view-data: 3.3234086632728577
