times:
  edit-metadata: 3.6290591889992356
  landing: 0.21966901794075966
  view-data: 0.026256443932652473
