times:
  landing: 1.070682493999982
  view-data: 0.5597677609999892
