times:
  edit-metadata: 1.4387230277061462
  landing: 0.9392071440815926
  view-data: 0.7799133360385895
