times:
  edit-metadata: 5.653785385191441
  landing: 0.019016683101654053
  view-data: 0.024408137425780296
