times:
  landing: 0.5515068869999595
  view-data: 0.5564984259999619
