times:
  landing: 1.0716901710000002
  view-data: 0.5677004039999929
