times:
  landing: 0.6302017000000433
  view-data: 0.6864187589999915
