times:
  edit-metadata: 3.976185263993102
  landing: 0.05679710100230295
  view-data: 0.706658980998327
