times:
  edit-metadata: 2.0799721740186214
  landing: 1.1069275690242648
  view-data: 1.0574360098689795
