times:
  edit-metadata: 1.5151857491582632
  landing: 1.0779126025736332
  view-data: 0.962907686829567
