times:
  landing: 0.5448782269999981
  view-data: 0.551371405999987
