times:
  landing: 0.5445643640000526
  view-data: 0.549241821999999
