times:
  edit-metadata: 5.607523117214441
  landing: 0.05059380084276199
  view-data: 0.6941809169948101
