times:
  edit-metadata: 1.7715121284127235
  landing: 1.1072965608909726
  view-data: 1.019168870523572
