times:
  edit-metadata: 5.972020706161857
  landing: 1.1601924952119589
  view-data: 0.8036487121134996
