times:
  edit-metadata: 1.7075611799955368
  landing: 0.9568959469906986
  view-data: 1.0055462052114308
