times:
  edit-metadata: 1.5463700834661722
  landing: 1.004293179139495
  view-data: 0.7902698218822479
