times:
  edit-metadata: 3.4822549782693386
  landing: 0.02152159158140421
  view-data: 0.12698622606694698
