times:
  edit-metadata: 5.256996273994446
  landing: 0.12649623304605484
  view-data: 0.3797294460237026
