times:
  edit-metadata: 1.518994390964508
  landing: 1.1653504781425
  view-data: 3.3984691314399242
