times:
  landing: 0.5523989649999805
  view-data: 0.5715726089999862
