times:
  landing: 1.0827179309999906
  view-data: 0.5589174959999923
