times:
  edit-metadata: 2.3587041571736336
  landing: 0.053329452872276306
  view-data: 1.1260586846619844
