times:
  edit-metadata: 3.415046440437436
  landing: 0.01944898348301649
  view-data: 0.12376759108155966
