times:
  edit-metadata: 1.5890964418649673
  landing: 0.9403754733502865
  view-data: 0.848169382661581
