times:
  edit-metadata: 2.2282507698982954
  landing: 0.0498824892565608
  view-data: 0.8089841487817466
