times:
  landing: 0.5917180459999827
  view-data: 0.5590291400000069
