times:
  edit-metadata: 2.4936678037047386
  landing: 1.5359592251479626
  view-data: 3.621942762285471
