times:
  edit-metadata: 5.808300636708736
  landing: 0.4292927049100399
  view-data: 0.787028357386589
