times:
  edit-metadata: 3.48025390971452
  landing: 0.11471805721521378
  view-data: 1.3099522674456239
