times:
  edit-metadata: 6.16058830358088
  landing: 0.7612703908234835
  view-data: 0.8596863485872746
