times:
  edit-metadata: 1.516348920762539
  landing: 1.0121497176587582
  view-data: 3.309238377958536
