times:
  edit-metadata: 3.5159817207604647
  landing: 0.020726235583424568
  view-data: 1.30073247756809
