times:
  edit-metadata: 5.587183436378837
  landing: 0.020047610625624657
  view-data: 1.1867368780076504
