times:
  edit-metadata: 1.705860665999353
  landing: 1.0311037921346724
  view-data: 1.134621218778193
