times:
  edit-metadata: 1.44116070587188
  landing: 1.109270565211773
  view-data: 0.6619043201208115
