times:
  edit-metadata: 6.642832009121776
  landing: 0.20517777279019356
  view-data: 0.3679674379527569
