times:
  landing: 0.5801948829999901
  view-data: 0.5890457749999882
