times:
  edit-metadata: 5.847575481981039
  landing: 1.0426119323819876
  view-data: 0.9882702939212322
