times:
  edit-metadata: 4.80682970599446
  landing: 0.05815527099912288
  view-data: 0.7870647580057266
