times:
  edit-metadata: 5.997796084731817
  landing: 1.7526382617652416
  view-data: 1.1709300447255373
