times:
  edit-metadata: 3.893819806005922
  landing: 0.048605427000438794
  view-data: 0.6429404929949669
