times:
  edit-metadata: 2.9946352411061525
  landing: 1.6801627883687615
  view-data: 1.0247475691139698
