times:
  edit-metadata: 1.834445208311081
  landing: 1.0768877528607845
  view-data: 3.3964444808661938
