times:
  landing: 1.0720189109999865
  view-data: 0.5578668879999782
