times:
  edit-metadata: 1.6276918016374111
  landing: 0.9083935301750898
  view-data: 0.8219655714929104
