times:
  landing: 0.5534243819999745
  view-data: 0.5715396009999836
