times:
  edit-metadata: 4.228125824127346
  landing: 0.07498630019836128
  view-data: 0.9305565860122442
