times:
  edit-metadata: 6.111205080524087
  landing: 1.0324731431901455
  view-data: 0.8547797743231058
