times:
  edit-metadata: 3.4086852185428143
  landing: 0.023588660173118114
  view-data: 1.0482865339145064
