times:
  edit-metadata: 5.704281374812126
  landing: 0.041597530245780945
  view-data: 0.7095466069877148
