times:
  edit-metadata: 1.569985268637538
  landing: 0.9788439273834229
  view-data: 0.9465395286679268
