times:
  edit-metadata: 5.799086980521679
  landing: 0.13753031566739082
  view-data: 0.13171047158539295
