times:
  edit-metadata: 4.242317210009787
  landing: 0.051624279003590345
  view-data: 0.8489746960112825
