times:
  landing: 0.5939619339999922
  view-data: 0.5461338510000076
