times:
  edit-metadata: 3.905950610002037
  landing: 0.045546237990492955
  view-data: 0.7129423400037922
