times:
  edit-metadata: 4.62038853392005
  landing: 0.1207717009820044
  view-data: 0.9337247558869421
