times:
  edit-metadata: 3.2517591705545783
  landing: 1.2168240891769528
  view-data: 3.4160370714962482
