times:
  edit-metadata: 6.155972829088569
  landing: 0.6876684315502644
  view-data: 0.7506741136312485
