times:
  edit-metadata: 3.4145744191482663
  landing: 0.09982510097324848
  view-data: 0.09992878325283527
