times:
  edit-metadata: 5.423781398683786
  landing: 0.047623664140701294
  view-data: 0.7117925621569157
