times:
  landing: 0.6139160270000161
  view-data: 0.5710080000000062
