times:
  edit-metadata: 6.241690931841731
  landing: 1.6622082963585854
  view-data: 1.1170048248022795
