times:
  edit-metadata: 5.445692457004043
  landing: 0.05690844699711306
  view-data: 0.7277273350046016
