times:
  edit-metadata: 1.6887539951130748
  landing: 1.2143411366268992
  view-data: 1.00697819609195
