times:
  edit-metadata: 2.2997667053714395
  landing: 0.04982096329331398
  view-data: 0.7413037219084799
