times:
  landing: 0.567914619999982
  view-data: 0.0690127549999886
