times:
  edit-metadata: 3.5167681239545345
  landing: 0.020254255272448063
  view-data: 1.235341657884419
