times:
  edit-metadata: 3.4039675053209066
  landing: 0.021267054602503777
  view-data: 0.11620454303920269
