times:
  edit-metadata: 4.118112740921788
  landing: 0.04586740396916866
  view-data: 0.6518825050443411
