times:
  edit-metadata: 2.8205180540680885
  landing: 1.4420265406370163
  view-data: 0.9163572583347559
