times:
  edit-metadata: 2.331258710473776
  landing: 1.4667676165699959
  view-data: 3.3811242543160915
