times:
  edit-metadata: 2.2293115272186697
  landing: 0.044471888802945614
  view-data: 0.8004922959953547
