times:
  edit-metadata: 2.4661794579587877
  landing: 0.05155673995614052
  view-data: 0.7576389540918171
