times:
  edit-metadata: 2.01688726618886
  landing: 1.2000440135598183
  view-data: 3.397766873240471
