times:
  edit-metadata: 6.205828120931983
  landing: 0.26212445460259914
  view-data: 0.022610988467931747
