times:
  edit-metadata: 2.090352449566126
  landing: 1.2900591343641281
  view-data: 3.3536547534167767
