times:
  edit-metadata: 2.3168666791170835
  landing: 0.05103801470249891
  view-data: 0.7596077593043447
