times:
  landing: 0.5580758590000414
  view-data: 0.5655343579999794
