times:
  landing: 0.5593657460000259
  view-data: 0.5517602480000505
