times:
  edit-metadata: 3.3541269907727838
  landing: 0.018460163846611977
  view-data: 0.025505940429866314
