times:
  edit-metadata: 6.285690592601895
  landing: 0.26447540894150734
  view-data: 1.3431192338466644
