times:
  edit-metadata: 2.196296754758805
  landing: 0.05423523997887969
  view-data: 0.7570225982926786
