times:
  edit-metadata: 5.507115509361029
  landing: 0.05411795899271965
  view-data: 0.7318848893046379
