times:
  edit-metadata: 1.5328480619937181
  landing: 1.0392841547727585
  view-data: 0.8678007498383522
