times:
  edit-metadata: 1.802074383944273
  landing: 1.1406033411622047
  view-data: 3.359964955598116
