times:
  landing: 2.3552500267978758
  view-data: 0.03308034501969814
