times:
  edit-metadata: 3.4169776355847716
  landing: 0.02011978905647993
  view-data: 0.11994732078164816
