times:
  edit-metadata: 2.15633304300718
  landing: 0.04774559591896832
  view-data: 0.7016309339087456
