times:
  edit-metadata: 2.343298179563135
  landing: 0.04660926014184952
  view-data: 0.8302798662334681
