times:
  edit-metadata: 5.592346400022507
  landing: 0.051011789590120316
  view-data: 0.7454358600080013
