times:
  edit-metadata: 3.379772531799972
  landing: 0.11435544863343239
  view-data: 0.11574515048414469
