times:
  edit-metadata: 5.699863385409117
  landing: 0.20550046302378178
  view-data: 0.12417878210544586
