times:
  landing: 0.5553221119999989
  view-data: 0.5609081850000166
