times:
  edit-metadata: 5.63162681274116
  landing: 0.39474976994097233
  view-data: 0.23073277063667774
