times:
  edit-metadata: 1.6427188403904438
  landing: 1.25384122133255
  view-data: 0.7769934292882681
