times:
  edit-metadata: 5.540957294404507
  landing: 0.05111626535654068
  view-data: 0.7069472335278988
