times:
  edit-metadata: 2.2783835099544376
  landing: 0.04838718893006444
  view-data: 0.7035452979616821
