times:
  edit-metadata: 5.653681946918368
  landing: 0.022160980850458145
  view-data: 1.0766906663775444
