times:
  edit-metadata: 1.7279640678316355
  landing: 1.0261084791272879
  view-data: 0.8493539895862341
