times:
  landing: 0.5566868910000267
  view-data: 0.5681798960000606
