times:
  edit-metadata: 6.28410760872066
  landing: 0.8722524642944336
  view-data: 0.9172824621200562
