times:
  edit-metadata: 4.160635708016343
  landing: 0.046089145995210856
  view-data: 0.8514890929800458
