times:
  edit-metadata: 1.5514337234199047
  landing: 1.0445744544267654
  view-data: 3.306095879524946
