times:
  landing: 0.5487675319999994
  view-data: 0.5556513710000104
