times:
  edit-metadata: 1.9252416156232357
  landing: 1.0154413720592856
  view-data: 3.345734227448702
