times:
  edit-metadata: 2.0638906770036556
  landing: 0.05008481501135975
  view-data: 0.6686441480414942
