times:
  edit-metadata: 5.573467627167702
  landing: 0.19115426391363144
  view-data: 1.0966940466314554
