times:
  landing: 0.5582491230000244
  view-data: 0.5621566760000007
