times:
  edit-metadata: 5.706477798521519
  landing: 0.05275557190179825
  view-data: 0.682998314499855
