times:
  edit-metadata: 4.530740220099688
  landing: 0.8033016007393599
  view-data: 0.8889070637524128
