times:
  edit-metadata: 2.107307916972786
  landing: 0.05136481096269563
  view-data: 0.6516718110069633
