times:
  edit-metadata: 1.7545209806412458
  landing: 1.1798501331359148
  view-data: 0.6678762380033731
