times:
  edit-metadata: 4.253370380029082
  landing: 0.051305828150361776
  view-data: 0.7499555740505457
