times:
  edit-metadata: 5.315335310995579
  landing: 0.021658344194293022
  view-data: 0.026060106232762337
