times:
  edit-metadata: 2.1925084199756384
  landing: 0.05511038796976209
  view-data: 0.8051260488573462
