times:
  edit-metadata: 4.215130040422082
  landing: 0.5829605329781771
  view-data: 0.8459150828421116
