times:
  edit-metadata: 3.4631178779527545
  landing: 0.019429516978561878
  view-data: 0.024738932959735394
