times:
  edit-metadata: 6.340799955651164
  landing: 0.606535391882062
  view-data: 0.7840636391192675
