times:
  edit-metadata: 2.33159920014441
  landing: 0.05465917708352208
  view-data: 0.8222196639981121
