times:
  edit-metadata: 4.2105900349561125
  landing: 0.04580985999200493
  view-data: 0.935887057101354
