times:
  landing: 1.070336798000028
  view-data: 0.686444750000021
