times:
  edit-metadata: 1.9248812198638916
  landing: 1.1302023604512215
  view-data: 3.36837150529027
