times:
  edit-metadata: 3.3879619603976607
  landing: 0.021147392690181732
  view-data: 0.11977109964936972
