times:
  edit-metadata: 4.373664233833551
  landing: 2.958352256566286
  view-data: 3.4730645939707756
