times:
  landing: 1.066017712999951
  view-data: 0.5612754650000511
