times:
  edit-metadata: 3.4159244103357196
  landing: 0.021103463135659695
  view-data: 0.11998939607292414
