times:
  edit-metadata: 3.434815490618348
  landing: 0.02179018221795559
  view-data: 0.025785278528928757
