times:
  landing: 1.0738991740000756
  view-data: 1.0678115700000035
