times:
  edit-metadata: 4.249630764003086
  landing: 0.07366369500232395
  view-data: 0.854213009995874
