times:
  edit-metadata: 4.124100422021002
  landing: 0.050565266981720924
  view-data: 0.8930073230294511
