times:
  edit-metadata: 4.9942045491188765
  landing: 0.06681501027196646
  view-data: 0.8487372673116624
