times:
  edit-metadata: 3.4628211427479982
  landing: 0.019652238115668297
  view-data: 1.2135794470086694
