times:
  edit-metadata: 2.1328353218268603
  landing: 0.052689536940306425
  view-data: 0.6996719790622592
