times:
  edit-metadata: 1.552674664184451
  landing: 1.034915242344141
  view-data: 0.7023481633514166
