times:
  edit-metadata: 1.5638848077505827
  landing: 0.9209474995732307
  view-data: 0.9131177701056004
