times:
  edit-metadata: 2.141540328040719
  landing: 0.04667594097554684
  view-data: 0.6792373780626804
