times:
  edit-metadata: 5.674122776836157
  landing: 0.05440603941679001
  view-data: 0.7056723572313786
