times:
  edit-metadata: 6.44251592643559
  landing: 0.2545093856751919
  view-data: 1.4437098782509565
