times:
  edit-metadata: 6.378359759226441
  landing: 0.029098203405737877
  view-data: 0.18293526209890842
