times:
  edit-metadata: 5.823729643598199
  landing: 0.02101750485599041
  view-data: 0.026830259710550308
