times:
  edit-metadata: 1.6928887609392405
  landing: 1.5089469051454216
  view-data: 0.9705097540281713
