times:
  landing: 1.0678312329999926
  view-data: 0.5663161520000131
