times:
  landing: 1.083427883000013
  view-data: 0.5576332819999834
