times:
  landing: 1.083267208000052
  view-data: 0.6744798920000221
