times:
  edit-metadata: 6.129313720390201
  landing: 17.545588800683618
  view-data: 5.230828503146768
