times:
  edit-metadata: 6.048276927322149
  landing: 0.9051520004868507
  view-data: 1.1369149833917618
