times:
  edit-metadata: 2.0802668719552457
  landing: 0.04323312290944159
  view-data: 0.6549404750112444
