times:
  edit-metadata: 2.3841697070747614
  landing: 0.053508357144892216
  view-data: 1.0753348916769028
