times:
  edit-metadata: 1.7650601789355278
  landing: 1.2738144397735596
  view-data: 3.481574971228838
