times:
  edit-metadata: 6.068493848666549
  landing: 0.5652090739458799
  view-data: 0.7975737899541855
