times:
  edit-metadata: 2.386149746365845
  landing: 0.05421251244843006
  view-data: 0.8596973000094295
