times:
  edit-metadata: 1.7471307991072536
  landing: 1.0934160333126783
  view-data: 0.7815028820186853
