times:
  edit-metadata: 6.529377153143287
  landing: 0.19630280509591103
  view-data: 1.2133314348757267
