times:
  edit-metadata: 2.358383521437645
  landing: 0.055131190456449986
  view-data: 0.9901147307828069
