times:
  edit-metadata: 1.6396647468209267
  landing: 1.011945053935051
  view-data: 0.8670323565602303
