times:
  edit-metadata: 5.46835258603096
  landing: 0.05237899720668793
  view-data: 0.7070645801723003
