times:
  edit-metadata: 2.1014495082199574
  landing: 1.5132238455116749
  view-data: 3.2797363065183163
