times:
  edit-metadata: 6.291609359905124
  landing: 1.0417681317776442
  view-data: 0.8472576607018709
