times:
  landing: 1.0879875060000472
  view-data: 0.6043257040000185
