times:
  edit-metadata: 7.158564083278179
  landing: 0.1937083601951599
  view-data: 1.279753964394331
