times:
  edit-metadata: 3.4295033859089017
  landing: 0.02286848146468401
  view-data: 0.09862105455249548
