times:
  edit-metadata: 3.8166421726346016
  landing: 0.12997296918183565
  view-data: 0.02507595531642437
