times:
  edit-metadata: 3.4766392055898905
  landing: 0.019981568679213524
  view-data: 1.2308971723541617
