times:
  landing: 0.5514981169999942
  view-data: 0.5549858319999998
