times:
  edit-metadata: 1.5991728119552135
  landing: 1.090867292135954
  view-data: 3.3341675959527493
