times:
  edit-metadata: 5.3515550922602415
  landing: 0.13668271154165268
  view-data: 0.02507360838353634
