times:
  edit-metadata: 1.686315999366343
  landing: 1.0920416340231895
  view-data: 0.9768090220168233
