times:
  landing: 1.0740142779999928
  view-data: 0.5755676510000285
