times:
  edit-metadata: 1.3906855583190918
  landing: 0.968758063390851
  view-data: 0.6995441634207964
