times:
  edit-metadata: 1.946059551090002
  landing: 1.2724738121032715
  view-data: 3.364264450967312
