times:
  edit-metadata: 2.0203089229762554
  landing: 1.561975964345038
  view-data: 1.0300847217440605
