times:
  landing: 0.612586374000017
  view-data: 0.5602432229999863
