times:
  edit-metadata: 6.540274346247315
  landing: 0.05384454503655434
  view-data: 0.7715956326574087
