times:
  edit-metadata: 5.882136911153793
  landing: 0.9711217936128378
  view-data: 0.7821513395756483
