times:
  edit-metadata: 1.4799251109361649
  landing: 1.0414154939353466
  view-data: 3.32581527531147
