times:
  edit-metadata: 4.369292036863044
  landing: 0.050711333053186536
  view-data: 0.9496053620241582
