times:
  edit-metadata: 1.8418612936511636
  landing: 1.1973330876789987
  view-data: 0.7524445541203022
