times:
  edit-metadata: 1.5834187120199203
  landing: 1.1030010096728802
  view-data: 3.4201657846570015
