times:
  landing: 0.5502910730000394
  view-data: 0.5616354129999763
