times:
  edit-metadata: 4.987703043036163
  landing: 0.061107664834707975
  view-data: 1.073532183188945
