times:
  edit-metadata: 2.2611381872557104
  landing: 0.04763241484761238
  view-data: 0.8943135286681354
