times:
  edit-metadata: 2.2980280118063092
  landing: 0.04980527050793171
  view-data: 1.0639885179698467
