times:
  edit-metadata: 2.039642669958994
  landing: 0.051297352998517454
  view-data: 0.6400415919488296
