times:
  edit-metadata: 2.2324145319871604
  landing: 0.06131988507695496
  view-data: 0.6872093011625111
