times:
  edit-metadata: 2.3526104639749974
  landing: 1.4385046309325844
  view-data: 0.8292244090698659
