times:
  edit-metadata: 2.2399463690817356
  landing: 1.6225813664495945
  view-data: 3.349671971052885
