times:
  edit-metadata: 4.378645506018074
  landing: 0.05435573199065402
  view-data: 1.2910204499785323
