times:
  edit-metadata: 1.5692735686898232
  landing: 0.9816337879747152
  view-data: 0.8777658715844154
