times:
  edit-metadata: 3.439139535650611
  landing: 0.023776174522936344
  view-data: 0.12325328588485718
