times:
  landing: 0.5563374520000934
  view-data: 0.5601418329999888
