times:
  edit-metadata: 5.564963903278112
  landing: 0.05397931858897209
  view-data: 0.7019268907606602
