times:
  edit-metadata: 1.7832060172222555
  landing: 3.5292322956956923
  view-data: 0.83008450595662
