times:
  edit-metadata: 1.5327430311590433
  landing: 1.0977601204067469
  view-data: 0.8033089227974415
