times:
  edit-metadata: 2.169683473184705
  landing: 0.04848883510567248
  view-data: 0.8192302470561117
