times:
  edit-metadata: 2.177960237953812
  landing: 0.04925201693549752
  view-data: 0.6814886438660324
