times:
  edit-metadata: 3.4206767939031124
  landing: 0.02315341867506504
  view-data: 0.11993915680795908
