times:
  edit-metadata: 2.2739784168079495
  landing: 0.05142463929951191
  view-data: 0.879515141248703
