times:
  landing: 1.0673157129999993
  view-data: 0.6802377330000127
