times:
  edit-metadata: 2.7091274186968803
  landing: 0.05284784687682986
  view-data: 0.8069976367987692
