times:
  edit-metadata: 5.684684053063393
  landing: 0.05470854789018631
  view-data: 0.706246867775917
