times:
  edit-metadata: 2.328723301179707
  landing: 0.04477605875581503
  view-data: 0.9681808697059751
