times:
  landing: 1.1353856500000177
  view-data: 0.5601174370000308
