times:
  edit-metadata: 2.066644569975324
  landing: 0.04904565296601504
  view-data: 0.6608087249915116
