times:
  edit-metadata: 4.184443017933518
  landing: 0.07430271012708545
  view-data: 0.8381243960466236
