times:
  edit-metadata: 1.5274270121008158
  landing: 1.178494045510888
  view-data: 0.8425929825752974
