times:
  edit-metadata: 6.587518781423569
  landing: 0.8074316643178463
  view-data: 0.8278726320713758
