times:
  edit-metadata: 3.4245888208970428
  landing: 0.02320696320384741
  view-data: 1.161732817068696
