times:
  edit-metadata: 2.63898095022887
  landing: 1.4101449586451054
  view-data: 1.0282099270261824
