times:
  edit-metadata: 4.150178027106449
  landing: 0.05474118911661208
  view-data: 0.7395605929195881
