times:
  landing: 0.5488914820000161
  view-data: 0.07681351499999778
