times:
  edit-metadata: 6.210290526971221
  landing: 0.7674519196152687
  view-data: 0.9002112485468388
