times:
  edit-metadata: 6.400640206411481
  landing: 0.6122560705989599
  view-data: 0.8606348596513271
