times:
  edit-metadata: 1.6174211241304874
  landing: 1.0985812284052372
  view-data: 3.4192578233778477
