times:
  edit-metadata: 5.426490448415279
  landing: 0.12937713041901588
  view-data: 1.108495805412531
