times:
  edit-metadata: 2.3933213287964463
  landing: 0.05069497087970376
  view-data: 0.7607585871592164
