times:
  landing: 0.5515835839999852
  view-data: 0.5666157539999972
