times:
  edit-metadata: 6.504087736830115
  landing: 1.4357220828533173
  view-data: 0.999649204313755
