times:
  edit-metadata: 1.5656901989132166
  landing: 0.9462310895323753
  view-data: 0.8755378164350986
