times:
  edit-metadata: 2.1975528430193663
  landing: 0.05415788805112243
  view-data: 0.8953572218306363
