times:
  edit-metadata: 5.719347734004259
  landing: 0.022043153643608093
  view-data: 1.02208586409688
