times:
  edit-metadata: 4.207959678024054
  landing: 0.9347868375480175
  view-data: 1.0356086380779743
