times:
  edit-metadata: 4.159212514990941
  landing: 0.04925953480415046
  view-data: 0.7697233320213854
