times:
  landing: 1.0734471979999967
  view-data: 0.5612252839999883
