times:
  edit-metadata: 2.0454427152872086
  landing: 1.2923302352428436
  view-data: 3.2872878164052963
