times:
  landing: 0.5629445319999888
  view-data: 0.5688390299999924
