times:
  edit-metadata: 6.387475796043873
  landing: 0.7086470425128937
  view-data: 0.8390650171786547
