times:
  edit-metadata: 2.936228472739458
  landing: 1.5976244285702705
  view-data: 0.9099546745419502
