times:
  edit-metadata: 4.325696437852457
  landing: 0.04750631609931588
  view-data: 1.2376359209883958
