times:
  edit-metadata: 2.2143790569971316
  landing: 0.052600159018766135
  view-data: 0.6797882029786706
