times:
  edit-metadata: 5.642918199300766
  landing: 0.048030830919742584
  view-data: 0.6967258490622044
