times:
  edit-metadata: 1.5288825929164886
  landing: 1.1094542481005192
  view-data: 3.3641659691929817
