times:
  edit-metadata: 4.123886656016111
  landing: 0.04500901699066162
  view-data: 0.77235079894308
