times:
  landing: 0.6158841700000721
  view-data: 0.615779769000028
