times:
  edit-metadata: 1.474352564662695
  landing: 1.0594618143513799
  view-data: 0.8723963294178247
