times:
  edit-metadata: 2.427140378393233
  landing: 0.04886022489517927
  view-data: 1.0714780883863568
