times:
  edit-metadata: 2.333105083089322
  landing: 0.05361822294071317
  view-data: 0.8385361167602241
