times:
  edit-metadata: 5.314041264355183
  landing: 0.10940629243850708
  view-data: 0.02575370855629444
