times:
  edit-metadata: 1.4592727348208427
  landing: 0.9591106250882149
  view-data: 3.293476849794388
