times:
  edit-metadata: 1.589959779754281
  landing: 1.0198664981871843
  view-data: 0.9636613484472036
