times:
  edit-metadata: 6.243811698630452
  landing: 0.12065739370882511
  view-data: 0.4249443206936121
