times:
  edit-metadata: 2.2054461240768433
  landing: 0.05071153794415295
  view-data: 0.6557794380933046
