times:
  landing: 0.6099780229999965
  view-data: 0.5641515580000203
