times:
  landing: 1.0729791999999918
  view-data: 0.59429829299998
