times:
  edit-metadata: 1.608789436519146
  landing: 0.9630483295768499
  view-data: 0.7266472782939672
