times:
  edit-metadata: 5.7114716954529285
  landing: 0.14515608735382557
  view-data: 0.13092241808772087
