times:
  edit-metadata: 2.0376518312841654
  landing: 1.1101535093039274
  view-data: 0.7153136720880866
