times:
  landing: 1.0961622560000137
  view-data: 0.5671752210000136
