times:
  edit-metadata: 5.133632321842015
  landing: 0.10691797221079469
  view-data: 1.042088279966265
