times:
  landing: 0.5538665329999901
  view-data: 0.5572995850000098
