times:
  edit-metadata: 4.766782678663731
  landing: 0.6234717592597008
  view-data: 0.6985714323818684
