times:
  edit-metadata: 6.33153909444809
  landing: 0.019287578761577606
  view-data: 1.3080284837633371
