times:
  edit-metadata: 2.086770874913782
  landing: 0.0493808148894459
  view-data: 0.6953611781354994
