times:
  edit-metadata: 6.056333716958761
  landing: 0.05827955901622772
  view-data: 0.763036672025919
