times:
  edit-metadata: 3.4237793684005737
  landing: 0.0229317806661129
  view-data: 0.13625478651374578
