times:
  landing: 0.565801209
  view-data: 0.6150193770000101
