times:
  landing: 1.0725648250000006
  view-data: 0.5605644679999955
