times:
  edit-metadata: 1.5442565160337836
  landing: 1.2245608179364353
  view-data: 0.9136972781270742
