times:
  edit-metadata: 5.058694239007309
  landing: 0.11294133600313216
  view-data: 0.6904194120143075
