times:
  edit-metadata: 2.2529305709758773
  landing: 0.054647420067340136
  view-data: 0.6925683610606939
