times:
  edit-metadata: 1.7860918855294585
  landing: 0.9420988177880645
  view-data: 3.3580615734681487
