times:
  edit-metadata: 1.7422034852206707
  landing: 1.3766636103391647
  view-data: 3.397155825048685
