times:
  edit-metadata: 3.5732160648331046
  landing: 0.02393981721252203
  view-data: 0.026184559799730778
