times:
  edit-metadata: 3.397978724911809
  landing: 0.02055768296122551
  view-data: 0.11590493656694889
