times:
  edit-metadata: 4.636852575466037
  landing: 0.6206344775855541
  view-data: 0.703745149075985
