times:
  edit-metadata: 3.524777263402939
  landing: 0.021297876723110676
  view-data: 0.11562147550284863
