times:
  edit-metadata: 3.4332660008221865
  landing: 0.021091945469379425
  view-data: 0.12825213093310595
