times:
  landing: 0.5780597769999929
  view-data: 0.5635162720000153
