times:
  edit-metadata: 4.202482794993557
  landing: 0.07436727092135698
  view-data: 0.9372160430066288
