times:
  edit-metadata: 2.2750768051482737
  landing: 0.05113220913335681
  view-data: 0.6755649319384247
