times:
  edit-metadata: 5.7136457450687885
  landing: 0.02050805650651455
  view-data: 0.025524012744426727
