times:
  edit-metadata: 1.6705530676990747
  landing: 1.1973318755626678
  view-data: 1.070274457335472
