times:
  edit-metadata: 3.50020469725132
  landing: 0.023414887487888336
  view-data: 0.023657926358282566
