times:
  edit-metadata: 6.120519554242492
  landing: 0.5982141681015491
  view-data: 0.8142155203968287
