times:
  landing: 0.557844579999994
  view-data: 0.5891450500000133
