times:
  edit-metadata: 1.7296983450651169
  landing: 1.0412055738270283
  view-data: 3.4072151631116867
