times:
  edit-metadata: 5.912008391693234
  landing: 0.021740762516856194
  view-data: 0.09980486147105694
