times:
  edit-metadata: 3.510995120741427
  landing: 0.022101995535194874
  view-data: 0.12512056715786457
