times:
  landing: 0.5564771329999871
  view-data: 0.562775366999972
