times:
  edit-metadata: 2.1394338086247444
  landing: 1.3331305906176567
  view-data: 3.430456481873989
