times:
  edit-metadata: 4.20284391700261
  landing: 0.051317240999196656
  view-data: 0.9017580340005225
