times:
  edit-metadata: 1.5731011312454939
  landing: 0.957470677793026
  view-data: 0.7939763404428959
