times:
  edit-metadata: 2.974406681023538
  landing: 0.10961668496020138
  view-data: 0.86402411601739
