times:
  edit-metadata: 4.734950987622142
  landing: 0.1213147733360529
  view-data: 1.9151062704622746
