times:
  edit-metadata: 1.543624635785818
  landing: 0.9959782063961029
  view-data: 0.8755394946783781
