times:
  edit-metadata: 1.5604412741959095
  landing: 1.0511336103081703
  view-data: 3.3362291492521763
