times:
  landing: 0.5512979169999994
  view-data: 0.5554140820000271
