times:
  edit-metadata: 1.5508035756647587
  landing: 1.0209444370120764
  view-data: 0.8525938279926777
