times:
  edit-metadata: 1.5648062098771334
  landing: 1.0844891560263932
  view-data: 0.8607013181317598
