times:
  landing: 0.5500180599999567
  view-data: 0.5475057249999509
