times:
  edit-metadata: 6.7606976591050625
  landing: 0.023999901488423347
  view-data: 1.8848803248256445
