times:
  edit-metadata: 2.1910998532548547
  landing: 4.921405162662268
  view-data: 0.7774369399994612
