times:
  edit-metadata: 5.567721594125032
  landing: 0.05531056225299835
  view-data: 0.7212904281914234
