times:
  edit-metadata: 2.2798599526286125
  landing: 0.057892207987606525
  view-data: 0.9908371549099684
