times:
  edit-metadata: 1.6111651808023453
  landing: 0.9652795121073723
  view-data: 0.9370817430317402
