times:
  edit-metadata: 3.465720262378454
  landing: 0.02123753074556589
  view-data: 0.12790649849921465
