times:
  edit-metadata: 1.5457483418285847
  landing: 1.0037777461111546
  view-data: 3.3818927258253098
