times:
  edit-metadata: 5.591232199221849
  landing: 0.05323249101638794
  view-data: 0.7031060829758644
