times:
  edit-metadata: 4.270437503932044
  landing: 0.04804331297054887
  view-data: 0.8600102280033752
