times:
  edit-metadata: 2.318481921683997
  landing: 0.045245383866131306
  view-data: 0.9928056201897562
