times:
  edit-metadata: 2.3562094941735268
  landing: 0.04586505796760321
  view-data: 0.9359417390078306
