times:
  edit-metadata: 3.5040489584207535
  landing: 0.14903185423463583
  view-data: 1.2046383554115891
