times:
  edit-metadata: 1.5519047938287258
  landing: 1.0813807658851147
  view-data: 3.3687841296195984
