times:
  edit-metadata: 2.159036235883832
  landing: 0.0489842330571264
  view-data: 0.6874318409245461
