times:
  edit-metadata: 4.267341050785035
  landing: 0.07299210969358683
  view-data: 0.8334423969499767
