times:
  edit-metadata: 5.8476049937307835
  landing: 0.14009042084217072
  view-data: 0.20668699219822884
