times:
  edit-metadata: 4.227292746771127
  landing: 0.052010460291057825
  view-data: 0.7517422367818654
