times:
  edit-metadata: 3.6064471304416656
  landing: 0.022843587212264538
  view-data: 1.1859161388128996
