times:
  edit-metadata: 5.721010897308588
  landing: 0.04859042540192604
  view-data: 0.7101913392543793
