times:
  edit-metadata: 2.332151170819998
  landing: 1.0837128087878227
  view-data: 3.27096507512033
