times:
  edit-metadata: 1.4790350496768951
  landing: 1.017332922667265
  view-data: 3.440382484346628
