times:
  landing: 0.6336221070000079
  view-data: 0.5594059409999943
