times:
  edit-metadata: 1.5978288426995277
  landing: 0.885547423735261
  view-data: 0.8071919437497854
