times:
  edit-metadata: 3.4548730328679085
  landing: 0.01969448197633028
  view-data: 0.12671852856874466
