times:
  edit-metadata: 2.034600857994519
  landing: 0.04815301694907248
  view-data: 0.6264437750214711
