times:
  edit-metadata: 2.670963477808982
  landing: 0.06308727525174618
  view-data: 0.8945290949195623
