times:
  edit-metadata: 1.528216913342476
  landing: 0.9002717360854149
  view-data: 0.8157149627804756
