times:
  edit-metadata: 4.288179581984878
  landing: 0.05682392418384552
  view-data: 0.8920440403744578
