times:
  edit-metadata: 3.4477495262399316
  landing: 0.01998870726674795
  view-data: 0.026468566618859768
