times:
  edit-metadata: 2.3322254163213074
  landing: 0.043082351330667734
  view-data: 0.9957363670691848
