times:
  edit-metadata: 6.174391048029065
  landing: 1.281925655901432
  view-data: 1.0614990312606096
