times:
  landing: 1.086946495999996
  view-data: 0.5529192099999989
