times:
  edit-metadata: 3.410452965646982
  landing: 0.020592432469129562
  view-data: 1.2251234138384461
