times:
  edit-metadata: 3.6077998504042625
  landing: 0.21049728989601135
  view-data: 0.11560745537281036
