times:
  edit-metadata: 4.942232480272651
  landing: 0.07901101000607014
  view-data: 1.1119318651035428
