times:
  edit-metadata: 3.6045341566205025
  landing: 0.019441726617515087
  view-data: 0.26968550588935614
