times:
  edit-metadata: 6.035712232813239
  landing: 0.8842718191444874
  view-data: 1.040871910750866
