times:
  edit-metadata: 6.17092196829617
  landing: 0.8921968247741461
  view-data: 1.0174764636904001
