times:
  edit-metadata: 6.298877827823162
  landing: 1.1313765700906515
  view-data: 1.05162532068789
