times:
  landing: 0.5608872680000161
  view-data: 0.6265732779999951
