times:
  edit-metadata: 3.2061494870577008
  landing: 0.05039934697560966
  view-data: 1.6056706989184022
