times:
  edit-metadata: 6.232455996796489
  landing: 0.8076876848936081
  view-data: 1.0529619920998812
