times:
  edit-metadata: 3.4768468644469976
  landing: 0.11352202016860247
  view-data: 0.12136547639966011
