times:
  edit-metadata: 1.9162739552557468
  landing: 1.2212597392499447
  view-data: 0.8238554485142231
