times:
  edit-metadata: 2.4468133826740086
  landing: 0.048592112958431244
  view-data: 0.8369393032044172
