times:
  edit-metadata: 5.347299763932824
  landing: 0.11519121006131172
  view-data: 0.15461446158587933
