times:
  edit-metadata: 1.6882496112957597
  landing: 0.9014354972168803
  view-data: 0.8807921139523387
