times:
  edit-metadata: 6.159905921667814
  landing: 2.13812936283648
  view-data: 1.165137056261301
