times:
  edit-metadata: 3.436226394958794
  landing: 0.21173963695764542
  view-data: 1.1886924942955375
