times:
  edit-metadata: 2.525307863019407
  landing: 0.07953084097243845
  view-data: 0.7228447350207716
