times:
  landing: 2.1036945860000174
  view-data: 0.8363468930000408
