times:
  edit-metadata: 2.1989135348703712
  landing: 0.04203543392941356
  view-data: 0.650119150057435
