times:
  edit-metadata: 1.4644927866756916
  landing: 1.17237828951329
  view-data: 1.0278230011463165
