times:
  landing: 1.0876936110000202
  view-data: 0.5836432540000374
