times:
  edit-metadata: 1.5625674000475556
  landing: 1.020660676062107
  view-data: 0.9915042170323431
