times:
  edit-metadata: 1.508918171748519
  landing: 1.0092007424682379
  view-data: 1.0479843746870756
