times:
  edit-metadata: 6.464225679636002
  landing: 0.04373332858085632
  view-data: 0.7863887213170528
