times:
  edit-metadata: 5.568302677944303
  landing: 0.206249687820673
  view-data: 0.023533763363957405
