times:
  edit-metadata: 1.5828799083828926
  landing: 1.115270797163248
  view-data: 3.35472010076046
