times:
  edit-metadata: 2.2471550162881613
  landing: 0.04911394417285919
  view-data: 0.9370389301329851
