times:
  landing: 0.5486805890000142
  view-data: 0.556475483999975
