times:
  edit-metadata: 1.7197447083890438
  landing: 1.0930896028876305
  view-data: 3.293705143034458
