times:
  edit-metadata: 4.755779440049082
  landing: 0.06018672278150916
  view-data: 0.9322378654032946
