times:
  edit-metadata: 3.4623109586536884
  landing: 0.021142139099538326
  view-data: 0.028616534546017647
