times:
  landing: 1.1705602879999901
  view-data: 0.5628775690000225
