times:
  edit-metadata: 2.3605544921010733
  landing: 0.04569674516096711
  view-data: 0.7595283659175038
