times:
  edit-metadata: 3.4117271695286036
  landing: 0.11877969559282064
  view-data: 0.12085211277008057
