times:
  edit-metadata: 2.3036345180589706
  landing: 0.04602262005209923
  view-data: 0.8043975250329822
