times:
  edit-metadata: 3.609156461432576
  landing: 0.12392089422792196
  view-data: 0.024027664214372635
