times:
  edit-metadata: 2.0699966570246033
  landing: 0.049148545949719846
  view-data: 0.6758394849603064
