times:
  edit-metadata: 5.323664046823978
  landing: 0.20538422092795372
  view-data: 0.14086417108774185
