times:
  edit-metadata: 5.433068020269275
  landing: 0.021656543016433716
  view-data: 0.02314187027513981
