times:
  edit-metadata: 2.3425487061031163
  landing: 0.058433020021766424
  view-data: 0.8091239747591317
