times:
  edit-metadata: 2.0195453986525536
  landing: 1.3987844623625278
  view-data: 3.350271623581648
