times:
  edit-metadata: 5.555655885487795
  landing: 0.05155692249536514
  view-data: 0.7586683742702007
