times:
  edit-metadata: 2.010769370943308
  landing: 1.2606431357562542
  view-data: 3.3146307468414307
