times:
  edit-metadata: 6.184936657547951
  landing: 0.1805949229747057
  view-data: 1.2000661958009005
