times:
  edit-metadata: 4.9114219676703215
  landing: 0.135695593431592
  view-data: 0.12516963854432106
