times:
  edit-metadata: 1.7105487631633878
  landing: 1.2456288198009133
  view-data: 0.8033824469894171
