times:
  edit-metadata: 2.300819891039282
  landing: 0.05721779214218259
  view-data: 0.8125357502140105
