times:
  edit-metadata: 2.0809386409819126
  landing: 1.276918150484562
  view-data: 3.461944554001093
