times:
  edit-metadata: 6.0265258345752954
  landing: 0.9365728665143251
  view-data: 0.8683129455894232
