times:
  edit-metadata: 1.548551868647337
  landing: 0.9270625449717045
  view-data: 0.7770634889602661
