times:
  landing: 0.5485781879999649
  view-data: 0.546844591000081
