times:
  edit-metadata: 2.1168857540469617
  landing: 0.0492246929788962
  view-data: 0.7077937349677086
