times:
  edit-metadata: 2.3568261596374214
  landing: 0.04356829868629575
  view-data: 0.9632415631785989
