times:
  landing: 2.124198110000009
  view-data: 0.6238622099999986
