times:
  edit-metadata: 3.706084265373647
  landing: 0.2590599497780204
  view-data: 0.20947439223527908
