times:
  landing: 1.1931568269999957
  view-data: 0.5572091259999752
