times:
  landing: 0.5678307789999906
  view-data: 0.057964552999976604
