times:
  edit-metadata: 2.2478788550943136
  landing: 0.05487984209321439
  view-data: 0.68978107185103
