times:
  edit-metadata: 1.5577504802495241
  landing: 0.9981648307293653
  view-data: 0.9504202380776405
