times:
  edit-metadata: 3.40042738430202
  landing: 0.021017621271312237
  view-data: 0.12365430034697056
