times:
  landing: 0.5561682689999827
  view-data: 0.5757221869999967
