times:
  edit-metadata: 1.624740857630968
  landing: 1.0814431570470333
  view-data: 3.357853602617979
