times:
  edit-metadata: 6.450141349807382
  landing: 1.1164888013154268
  view-data: 0.8984482958912849
