times:
  edit-metadata: 5.60820241086185
  landing: 0.1348208449780941
  view-data: 1.1429395247250795
