times:
  edit-metadata: 3.4647301584482193
  landing: 0.020300970412790775
  view-data: 0.11519531533122063
