times:
  edit-metadata: 3.4969826405867934
  landing: 0.1402443079277873
  view-data: 0.025388147681951523
