times:
  landing: 0.5823224539999501
  view-data: 0.6003286200000275
