times:
  edit-metadata: 2.258496664930135
  landing: 0.04598989989608526
  view-data: 0.8414114960469306
