times:
  edit-metadata: 6.042159948498011
  landing: 1.4315503928810358
  view-data: 0.8942245058715343
