times:
  edit-metadata: 6.0477417930960655
  landing: 0.24345076084136963
  view-data: 1.2975805308669806
