times:
  landing: 0.5659643139999844
  view-data: 0.5506976739999914
