times:
  landing: 0.5511912340000151
  view-data: 0.5581991130000006
