times:
  edit-metadata: 3.397100878879428
  landing: 0.02091857511550188
  view-data: 0.11892180982977152
