times:
  edit-metadata: 2.4375510960817337
  landing: 1.0888296905905008
  view-data: 3.296582654118538
