times:
  landing: 5.198127795999994
  view-data: 3.792058468999983
