times:
  edit-metadata: 4.219150193966925
  landing: 0.0523559357970953
  view-data: 0.7511798976920545
