times:
  edit-metadata: 1.7053041942417622
  landing: 1.0164918582886457
  view-data: 0.8620997406542301
