times:
  edit-metadata: 2.0962513090344146
  landing: 0.1026540290331468
  view-data: 0.6476668369723484
