times:
  edit-metadata: 4.168709102086723
  landing: 0.07924348895903677
  view-data: 0.6928753139218315
