times:
  edit-metadata: 5.208152800332755
  landing: 0.08167352573946118
  view-data: 0.709677442908287
