times:
  edit-metadata: 4.35756372299511
  landing: 0.04624331195373088
  view-data: 0.9275565670104697
