times:
  edit-metadata: 5.684965034946799
  landing: 0.02112172544002533
  view-data: 0.026712259277701378
