times:
  edit-metadata: 1.9992144871503115
  landing: 1.2640724200755358
  view-data: 1.1205035150051117
