times:
  edit-metadata: 1.700682494789362
  landing: 1.2568323723971844
  view-data: 3.4034943841397762
