times:
  edit-metadata: 3.6102906111627817
  landing: 0.020031053572893143
  view-data: 0.11538875568658113
