times:
  edit-metadata: 1.5362804234027863
  landing: 0.8032592423260212
  view-data: 3.280752506107092
