times:
  edit-metadata: 1.5193215236067772
  landing: 1.0463535450398922
  view-data: 3.375722773373127
