times:
  edit-metadata: 1.781893789768219
  landing: 0.9887563101947308
  view-data: 3.430873427540064
