times:
  edit-metadata: 2.500796925276518
  landing: 1.3554205670952797
  view-data: 3.541716765612364
