times:
  edit-metadata: 1.5658472068607807
  landing: 0.8061192147433758
  view-data: 3.3215629681944847
