times:
  edit-metadata: 1.4809645861387253
  landing: 0.788940142840147
  view-data: 3.441038504242897
