times:
  edit-metadata: 1.5414913669228554
  landing: 0.794917568564415
  view-data: 3.567942462861538
