times:
  edit-metadata: 1.4175409190356731
  landing: 0.7957885414361954
  view-data: 3.3437252156436443
