times:
  edit-metadata: 1.3881010487675667
  landing: 0.6702832169830799
  view-data: 3.273550722748041
