times:
  edit-metadata: 1.3984416127204895
  landing: 0.9269616417586803
  view-data: 3.3726086877286434
