times:
  edit-metadata: 1.6572530157864094
  landing: 1.0575151704251766
  view-data: 3.4252454601228237
