times:
  edit-metadata: 1.3360719718039036
  landing: 0.9166576042771339
  view-data: 3.896039977669716
