times:
  edit-metadata: 1.5711566656827927
  landing: 1.0076530165970325
  view-data: 3.366859082132578
