times:
  edit-metadata: 1.7624018713831902
  landing: 0.8612473085522652
  view-data: 3.391800656914711
