times:
  edit-metadata: 1.5287177227437496
  landing: 0.9588128104805946
  view-data: 3.371853828430176
