times:
  edit-metadata: 1.482192113995552
  landing: 0.8113865181803703
  view-data: 3.3361682817339897
