times:
  edit-metadata: 3.1232010573148727
  landing: 1.3346707932651043
  view-data: 4.983208004385233
