times:
  edit-metadata: 1.3836873397231102
  landing: 0.7570427879691124
  view-data: 3.32708490639925
