times:
  edit-metadata: 1.394460916519165
  landing: 1.0174596197903156
  view-data: 3.399546016007662
