times:
  edit-metadata: 1.5143583081662655
  landing: 0.8356403671205044
  view-data: 3.3682024627923965
