times:
  edit-metadata: 1.5291467122733593
  landing: 1.0312409326434135
  view-data: 0.5594360195100307
