times:
  edit-metadata: 2.0533343739807606
  landing: 1.2656479887664318
  view-data: 3.534482631832361
