times:
  edit-metadata: 1.4565692730247974
  landing: 0.9207708314061165
  view-data: 3.373968705534935
