times:
  edit-metadata: 1.4935736432671547
  landing: 0.7821959182620049
  view-data: 3.330981858074665
