times:
  edit-metadata: 1.477669633924961
  landing: 1.0583010837435722
  view-data: 3.476508431136608
