times:
  edit-metadata: 1.91196883097291
  landing: 0.919167086482048
  view-data: 3.3760666623711586
