times:
  edit-metadata: 1.505882166326046
  landing: 0.9871594719588757
  view-data: 3.443769995123148
