times:
  edit-metadata: 1.4303613156080246
  landing: 0.9347846917808056
  view-data: 4.215087879449129
