times:
  edit-metadata: 1.5207985080778599
  landing: 0.9553932063281536
  view-data: 3.3500263579189777
