times:
  edit-metadata: 1.612306147813797
  landing: 0.9683381617069244
  view-data: 3.3893048241734505
