times:
  edit-metadata: 1.4726615250110626
  landing: 0.9539368562400341
  view-data: 3.3521840311586857
