times:
  edit-metadata: 1.3857731111347675
  landing: 0.9115165285766125
  view-data: 3.3465476222336292
