times:
  edit-metadata: 2.1862079985439777
  landing: 1.110512163490057
  view-data: 3.456123985350132
