times:
  edit-metadata: 1.4477331414818764
  landing: 0.8922981880605221
  view-data: 3.3957665748894215
