times:
  edit-metadata: 1.63493025675416
  landing: 0.9936276264488697
  view-data: 3.3471048437058926
