times:
  edit-metadata: 1.4391005001962185
  landing: 1.095683492720127
  view-data: 3.3359725400805473
