times:
  edit-metadata: 1.4477280788123608
  landing: 0.9730805829167366
  view-data: 3.4770977161824703
