times:
  edit-metadata: 1.6291467919945717
  landing: 1.1494998969137669
  view-data: 3.426847755908966
