times:
  edit-metadata: 1.578934159129858
  landing: 0.8498637937009335
  view-data: 3.3580305092036724
