times:
  edit-metadata: 1.32090238109231
  landing: 0.7910416051745415
  view-data: 3.3722925148904324
