times:
  edit-metadata: 1.5133222825825214
  landing: 1.0638720765709877
  view-data: 3.4217511899769306
