times:
  edit-metadata: 1.4719055220484734
  landing: 0.978518009185791
  view-data: 3.312221858650446
