times:
  edit-metadata: 1.4215999394655228
  landing: 0.749748483300209
  view-data: 3.318092003464699
