times:
  edit-metadata: 1.3764257356524467
  landing: 0.9426700994372368
  view-data: 3.3361591659486294
