times:
  edit-metadata: 1.3692346811294556
  landing: 0.9297509454190731
  view-data: 3.354461196810007
