times:
  edit-metadata: 2.4205045104026794
  landing: 1.5567426048219204
  view-data: 3.35568829998374
