times:
  edit-metadata: 1.9099097214639187
  landing: 1.073548436164856
  view-data: 3.6001268327236176
