times:
  edit-metadata: 1.2716395780444145
  landing: 0.8531450293958187
  view-data: 3.3567852303385735
