times:
  edit-metadata: 1.343348678201437
  landing: 0.6856616847217083
  view-data: 3.3217691630125046
