times:
  edit-metadata: 1.3583334796130657
  landing: 0.7205911614000797
  view-data: 3.28424621373415
