times:
  edit-metadata: 1.8357485048472881
  landing: 0.9828861951828003
  view-data: 3.381333578377962
