times:
  edit-metadata: 1.7114495672285557
  landing: 1.426170151680708
  view-data: 3.6163039952516556
