times:
  edit-metadata: 2.1543235294520855
  landing: 1.9475424401462078
  view-data: 3.3008381612598896
