times:
  edit-metadata: 1.575005516409874
  landing: 1.0463098101317883
  view-data: 3.3962248228490353
