times:
  edit-metadata: 1.6736918799579144
  landing: 0.8125428184866905
  view-data: 3.40659961104393
