times:
  edit-metadata: 1.6594799049198627
  landing: 0.8969213254749775
  view-data: 3.327283952385187
