times:
  edit-metadata: 1.3956944607198238
  landing: 0.8506156839430332
  view-data: 3.341528855264187
