times:
  edit-metadata: 1.4522701017558575
  landing: 1.0539629347622395
  view-data: 3.3539330065250397
