times:
  edit-metadata: 1.4346775189042091
  landing: 0.9587548486888409
  view-data: 3.4509169459342957
