times:
  edit-metadata: 1.3707947693765163
  landing: 0.9303726442158222
  view-data: 3.3646435365080833
