times:
  edit-metadata: 1.634355403482914
  landing: 0.9755731225013733
  view-data: 3.4141347855329514
