times:
  edit-metadata: 1.5194115564227104
  landing: 1.0091188959777355
  view-data: 3.355014968663454
