times:
  edit-metadata: 1.6006709896028042
  landing: 0.7146826982498169
  view-data: 3.375884223729372
