times:
  edit-metadata: 1.343565620481968
  landing: 0.9693869240581989
  view-data: 3.3944214284420013
