times:
  edit-metadata: 1.4154653511941433
  landing: 0.6981912069022655
  view-data: 3.2482376396656036
