times:
  edit-metadata: 3.562712475657463
  landing: 1.0748304761946201
  view-data: 3.4132929109036922
