times:
  edit-metadata: 1.6001918651163578
  landing: 1.0168710388243198
  view-data: 3.3209082931280136
