times:
  edit-metadata: 1.6145595535635948
  landing: 0.9239075817167759
  view-data: 3.3964667171239853
