times:
  edit-metadata: 1.3551680035889149
  landing: 0.8916964083909988
  view-data: 3.3313380144536495
