times:
  edit-metadata: 1.595717292279005
  landing: 0.9189002178609371
  view-data: 3.3722129464149475
