times:
  edit-metadata: 1.4941149987280369
  landing: 0.8936379887163639
  view-data: 3.3406060114502907
