times:
  edit-metadata: 1.3025236912071705
  landing: 0.7336931750178337
  view-data: 3.377808704972267
