times:
  edit-metadata: 1.4916597865521908
  landing: 0.7663498595356941
  view-data: 3.3479106537997723
