times:
  edit-metadata: 1.5265695452690125
  landing: 1.2578250393271446
  view-data: 3.3908693827688694
