times:
  edit-metadata: 1.5253719985485077
  landing: 0.9557344391942024
  view-data: 3.621269002556801
