times:
  edit-metadata: 1.3648181408643723
  landing: 0.7650831565260887
  view-data: 3.360755577683449
