times:
  edit-metadata: 1.0723655074834824
  landing: 0.8008476495742798
  view-data: 3.3710177317261696
