times:
  edit-metadata: 1.3366099298000336
  landing: 0.832012914121151
  view-data: 3.334434174001217
