times:
  edit-metadata: 1.5181305781006813
  landing: 0.8189886435866356
  view-data: 3.3333877585828304
