times:
  edit-metadata: 1.6384126022458076
  landing: 0.9450399652123451
  view-data: 3.370405975729227
