times:
  edit-metadata: 1.329872291535139
  landing: 0.8745259530842304
  view-data: 3.372226420789957
