times:
  edit-metadata: 1.360346682369709
  landing: 0.9285362362861633
  view-data: 3.3257064931094646
