times:
  edit-metadata: 1.498968206346035
  landing: 0.898794062435627
  view-data: 3.393217980861664
