times:
  edit-metadata: 1.6314402967691422
  landing: 0.9527104534208775
  view-data: 3.490457449108362
