times:
  edit-metadata: 1.4613199457526207
  landing: 0.8450681529939175
  view-data: 3.3230286315083504
