times:
  edit-metadata: 1.4713866785168648
  landing: 0.8777006343007088
  view-data: 3.3369043804705143
