times:
  edit-metadata: 1.5543499998748302
  landing: 0.9626715928316116
  view-data: 3.37456414103508
