times:
  edit-metadata: 1.4441738687455654
  landing: 0.7988957725465298
  view-data: 3.2407696209847927
