times:
  edit-metadata: 1.5407002456486225
  landing: 0.9249171279370785
  view-data: 3.3453941754996777
