times:
  edit-metadata: 1.4109112918376923
  landing: 1.066532451659441
  view-data: 3.5377915017306805
