times:
  edit-metadata: 1.5790064670145512
  landing: 0.9507279470562935
  view-data: 3.35527091473341
