times:
  edit-metadata: 1.962896317243576
  landing: 1.6429042965173721
  view-data: 3.2671453207731247
