times:
  edit-metadata: 2.3324148133397102
  landing: 1.4888236001133919
  view-data: 3.524569533765316
