times:
  edit-metadata: 1.830250896513462
  landing: 1.3469962775707245
  view-data: 3.502607122063637
