times:
  edit-metadata: 1.7551997601985931
  landing: 1.3291033282876015
  view-data: 3.421326294541359
