times:
  edit-metadata: 3.9195693768560886
  landing: 3.272144604474306
  view-data: 3.3502876199781895
