times:
  edit-metadata: 1.9099492207169533
  landing: 1.376885637640953
  view-data: 3.488030783832073
