times:
  edit-metadata: 3.9206138402223587
  landing: 3.0537792406976223
  view-data: 3.2930153347551823
