times:
  edit-metadata: 1.832895815372467
  landing: 1.9514776691794395
  view-data: 3.496341347694397
