times:
  edit-metadata: 2.2336890399456024
  landing: 2.234741434454918
  view-data: 3.5200279876589775
