times:
  edit-metadata: 3.957156077027321
  landing: 3.1069543659687042
  view-data: 3.3538762480020523
