times:
  edit-metadata: 2.0562655329704285
  landing: 1.517305538058281
  view-data: 3.34567778557539
