times:
  edit-metadata: 3.9709342271089554
  landing: 3.396776434034109
  view-data: 3.2920087911188602
