times:
  edit-metadata: 2.151984892785549
  landing: 1.2484293021261692
  view-data: 3.28673604875803
