times:
  edit-metadata: 1.7931718192994595
  landing: 1.1577139385044575
  view-data: 3.3200613409280777
