times:
  edit-metadata: 1.7386030703783035
  landing: 1.571775197982788
  view-data: 3.314618155360222
