times:
  edit-metadata: 4.19292226806283
  landing: 3.351650532335043
  view-data: 3.475825145840645
