times:
  edit-metadata: 2.141196273267269
  landing: 1.2958344742655754
  view-data: 3.295124687254429
