times:
  edit-metadata: 1.9753236956894398
  landing: 1.4605835117399693
  view-data: 3.3163774088025093
