times:
  edit-metadata: 2.7543893679976463
  landing: 1.782078243792057
  view-data: 3.3800570145249367
