times:
  edit-metadata: 3.8022025749087334
  landing: 3.364297453314066
  view-data: 3.3355774506926537
