times:
  edit-metadata: 3.8318458162248135
  landing: 3.314175896346569
  view-data: 3.339724510908127
