times:
  edit-metadata: 3.8097404912114143
  landing: 3.175683096051216
  view-data: 3.306834977120161
