times:
  edit-metadata: 1.9080097377300262
  landing: 1.3839960843324661
  view-data: 3.3925550878047943
