times:
  edit-metadata: 2.1658168397843838
  landing: 1.533723447471857
  view-data: 3.326838970184326
