times:
  edit-metadata: 1.8113225363194942
  landing: 1.5070542804896832
  view-data: 3.3422143794596195
