times:
  edit-metadata: 4.091746188700199
  landing: 1.5481888577342033
  view-data: 3.720145955681801
