times:
  edit-metadata: 1.8348477557301521
  landing: 1.3306842371821404
  view-data: 3.4839090406894684
