times:
  edit-metadata: 3.86944967135787
  landing: 3.3906733132898808
  view-data: 3.3711876831948757
