times:
  edit-metadata: 3.8284927867352962
  landing: 3.0550269223749638
  view-data: 3.2827585600316525
