times:
  edit-metadata: 1.8208665996789932
  landing: 1.4721540585160255
  view-data: 3.4449508860707283
