times:
  edit-metadata: 1.8241511061787605
  landing: 1.3232997357845306
  view-data: 3.4742913469672203
