times:
  edit-metadata: 4.209864988923073
  landing: 4.011160973459482
  view-data: 3.3685526326298714
