times:
  edit-metadata: 2.4196238070726395
  landing: 1.4764750003814697
  view-data: 3.348222702741623
