times:
  edit-metadata: 2.132179521024227
  landing: 1.7231994718313217
  view-data: 3.3322754353284836
