times:
  edit-metadata: 2.209134392440319
  landing: 7.264818876981735
  view-data: 3.4351223707199097
