times:
  edit-metadata: 1.8942377641797066
  landing: 1.2918733656406403
  view-data: 3.2859028577804565
