times:
  edit-metadata: 2.5095639415085316
  landing: 1.5748595669865608
  view-data: 3.3289475925266743
