times:
  edit-metadata: 2.154599256813526
  landing: 1.369175873696804
  view-data: 3.4940675422549248
