times:
  edit-metadata: 2.268866054713726
  landing: 1.547111377120018
  view-data: 3.5070893466472626
