times:
  edit-metadata: 2.3518670946359634
  landing: 1.442587524652481
  view-data: 3.4706597179174423
