times:
  edit-metadata: 2.5327672697603703
  landing: 1.2353782020509243
  view-data: 3.318914480507374
