times:
  edit-metadata: 2.337071180343628
  landing: 1.3979990631341934
  view-data: 3.42118901014328
