times:
  edit-metadata: 2.484080746769905
  landing: 1.5655773729085922
  view-data: 3.515199564397335
