times:
  edit-metadata: 3.26909539103508
  landing: 2.0417266190052032
  view-data: 3.554926596581936
