times:
  edit-metadata: 2.0945072323083878
  landing: 1.3464590683579445
  view-data: 3.3526201769709587
