times:
  edit-metadata: 3.8077279590070248
  landing: 3.092109654098749
  view-data: 3.3863066993653774
