times:
  edit-metadata: 2.1572521775960922
  landing: 2.2799884602427483
  view-data: 3.4249144196510315
