times:
  edit-metadata: 2.2112744450569153
  landing: 2.012256011366844
  view-data: 3.4254205971956253
