times:
  edit-metadata: 3.782453067600727
  landing: 3.30134729295969
  view-data: 3.2700460478663445
