times:
  edit-metadata: 1.8275439329445362
  landing: 1.2112008556723595
  view-data: 3.3403727374970913
