times:
  edit-metadata: 1.9240220859646797
  landing: 1.4359769597649574
  view-data: 3.5272754579782486
