times:
  edit-metadata: 4.9497593231499195
  landing: 3.7961816303431988
  view-data: 3.38451536744833
