times:
  edit-metadata: 1.8305008113384247
  landing: 1.3138542100787163
  view-data: 3.4671276211738586
