times:
  edit-metadata: 1.8364091292023659
  landing: 1.3156253546476364
  view-data: 3.412561111152172
