times:
  edit-metadata: 1.8694889806210995
  landing: 1.233733355998993
  view-data: 3.362062245607376
