times:
  edit-metadata: 2.116549327969551
  landing: 1.355147436261177
  view-data: 3.4823652803897858
