times:
  edit-metadata: 1.915731981396675
  landing: 1.3090000189840794
  view-data: 3.245124265551567
