times:
  edit-metadata: 1.862461805343628
  landing: 1.2556372806429863
  view-data: 3.4102338552474976
