times:
  edit-metadata: 1.9581702873110771
  landing: 1.2890791669487953
  view-data: 3.4970879554748535
