times:
  edit-metadata: 2.1389106810092926
  landing: 1.6775398179888725
  view-data: 3.5058615133166313
