times:
  edit-metadata: 3.9072075486183167
  landing: 1.829765446484089
  view-data: 3.5488520860671997
