times:
  edit-metadata: 2.2052649930119514
  landing: 1.7382722720503807
  view-data: 3.543162040412426
