times:
  edit-metadata: 3.083973243832588
  landing: 1.5859729871153831
  view-data: 3.361458271741867
