times:
  edit-metadata: 2.1614977791905403
  landing: 1.2912256196141243
  view-data: 3.470524974167347
