times:
  edit-metadata: 3.8411832563579082
  landing: 3.465075511485338
  view-data: 3.2937652058899403
