times:
  edit-metadata: 2.6501219123601913
  landing: 1.8255988210439682
  view-data: 3.5525344982743263
