times:
  edit-metadata: 1.8371942266821861
  landing: 1.3410796523094177
  view-data: 3.4451139345765114
