times:
  edit-metadata: 1.8691102042794228
  landing: 1.5432266891002655
  view-data: 3.3448430225253105
