times:
  edit-metadata: 1.866617001593113
  landing: 1.2865797579288483
  view-data: 4.6890906393527985
