times:
  edit-metadata: 2.4816687926650047
  landing: 1.361051306128502
  view-data: 3.4968689158558846
