times:
  edit-metadata: 1.9691363498568535
  landing: 1.3397764265537262
  view-data: 3.48740503937006
