times:
  edit-metadata: 1.8523505069315434
  landing: 1.3062455169856548
  view-data: 3.3447905108332634
