times:
  edit-metadata: 2.2190268859267235
  landing: 1.3768513202667236
  view-data: 3.313502550125122
