times:
  edit-metadata: 2.683066338300705
  landing: 1.7947995960712433
  view-data: 3.3313133046031
