times:
  edit-metadata: 4.641338471323252
  landing: 3.4933296255767345
  view-data: 3.35921236500144
