times:
  edit-metadata: 2.4487688057124615
  landing: 1.409113597124815
  view-data: 3.396877661347389
