times:
  edit-metadata: 2.0125477388501167
  landing: 1.4832066595554352
  view-data: 3.7636959329247475
