times:
  edit-metadata: 2.302102454006672
  landing: 1.2086666524410248
  view-data: 3.2912320718169212
