times:
  edit-metadata: 1.8066025450825691
  landing: 1.6943808235228062
  view-data: 3.2821249961853027
