times:
  edit-metadata: 3.839984506368637
  landing: 3.3051614351570606
  view-data: 3.356012102216482
