times:
  edit-metadata: 3.7181248776614666
  landing: 3.5866961777210236
  view-data: 3.301206648349762
