times:
  edit-metadata: 3.876518528908491
  landing: 3.1697277761995792
  view-data: 3.3152834810316563
