times:
  edit-metadata: 3.917072828859091
  landing: 3.1385382413864136
  view-data: 3.284207120537758
