times:
  edit-metadata: 1.978134036064148
  landing: 1.1926808282732964
  view-data: 3.292843282222748
