times:
  edit-metadata: 3.7490765526890755
  landing: 3.1840026266872883
  view-data: 3.35245094448328
