times:
  edit-metadata: 1.8047776706516743
  landing: 1.2041634768247604
  view-data: 3.390356082469225
