times:
  edit-metadata: 1.9213931784033775
  landing: 1.48409054428339
  view-data: 3.432032272219658
