times:
  edit-metadata: 2.3212386816740036
  landing: 1.509837880730629
  view-data: 3.496799126267433
