times:
  edit-metadata: 2.296759933233261
  landing: 1.3324586376547813
  view-data: 3.4479883313179016
