times:
  edit-metadata: 2.2325160652399063
  landing: 1.788936734199524
  view-data: 3.4983652234077454
