times:
  edit-metadata: 1.803100548684597
  landing: 1.6304952502250671
  view-data: 3.433035157620907
