times:
  edit-metadata: 2.213041938841343
  landing: 1.5116048455238342
  view-data: 3.3591063916683197
