times:
  edit-metadata: 1.8741601556539536
  landing: 1.2371694296598434
  view-data: 3.3486668094992638
