times:
  edit-metadata: 4.112393323332071
  landing: 3.408614955842495
  view-data: 3.3347378820180893
