times:
  edit-metadata: 2.510512486100197
  landing: 1.5019679442048073
  view-data: 3.502255581319332
