times:
  edit-metadata: 4.0516458079218864
  landing: 3.22474380210042
  view-data: 3.3095660395920277
