times:
  edit-metadata: 1.8576279357075691
  landing: 1.3842469528317451
  view-data: 3.482492633163929
