times:
  edit-metadata: 2.200185649096966
  landing: 1.6287207752466202
  view-data: 3.4348954930901527
