times:
  edit-metadata: 1.8511200919747353
  landing: 1.5705630704760551
  view-data: 3.318942718207836
