times:
  edit-metadata: 3.861161880195141
  landing: 3.2549112774431705
  view-data: 3.2585881613194942
