times:
  edit-metadata: 3.8013677895069122
  landing: 2.43919874727726
  view-data: 3.8853603303432465
