times:
  edit-metadata: 3.9232946522533894
  landing: 3.0993587002158165
  view-data: 3.2553668431937695
