times:
  edit-metadata: 2.213648736476898
  landing: 1.4104873910546303
  view-data: 3.55177141726017
