times:
  edit-metadata: 2.006042830646038
  landing: 1.4904552176594734
  view-data: 3.4434984400868416
