times:
  edit-metadata: 1.9549059383571148
  landing: 1.4103654325008392
  view-data: 3.354841522872448
