times:
  edit-metadata: 1.8240073546767235
  landing: 1.4248675480484962
  view-data: 3.449773371219635
