times:
  edit-metadata: 1.783194176852703
  landing: 1.2316590249538422
  view-data: 3.3714369237422943
