times:
  edit-metadata: 2.626710720360279
  landing: 1.544442005455494
  view-data: 3.3325325027108192
