times:
  edit-metadata: 1.834650196135044
  landing: 1.2242842763662338
  view-data: 3.4276317954063416
