times:
  edit-metadata: 4.256604623049498
  landing: 3.212463390082121
  view-data: 3.288621384650469
