times:
  edit-metadata: 2.2434212267398834
  landing: 1.5351093634963036
  view-data: 3.498199373483658
