times:
  edit-metadata: 1.8779865503311157
  landing: 1.3930210024118423
  view-data: 3.2823628038167953
