times:
  edit-metadata: 2.197837956249714
  landing: 1.2903012707829475
  view-data: 3.429855838418007
