times:
  edit-metadata: 1.8086134307086468
  landing: 1.2267776057124138
  view-data: 3.3766946122050285
