times:
  edit-metadata: 1.8685002774000168
  landing: 1.2827102020382881
  view-data: 3.4909116625785828
