times:
  edit-metadata: 2.2477635219693184
  landing: 1.4109078124165535
  view-data: 3.532122924923897
