times:
  edit-metadata: 5.819059669971466
  landing: 3.805549345910549
  view-data: 3.4050950743258
