times:
  edit-metadata: 2.6599331945180893
  landing: 1.8814084380865097
  view-data: 3.5309684351086617
