times:
  edit-metadata: 2.3244399279356003
  landing: 1.7127160727977753
  view-data: 3.299518957734108
