times:
  edit-metadata: 2.5013460963964462
  landing: 1.2881642282009125
  view-data: 3.526935152709484
