times:
  edit-metadata: 1.8340755999088287
  landing: 1.1483292803168297
  view-data: 3.2604654878377914
