times:
  edit-metadata: 2.4976466447114944
  landing: 2.977922633290291
  view-data: 3.486538626253605
