times:
  edit-metadata: 1.9405433423817158
  landing: 1.2182595282793045
  view-data: 3.3078626170754433
