times:
  edit-metadata: 2.131675146520138
  landing: 1.2913166135549545
  view-data: 3.394310414791107
