times:
  edit-metadata: 1.9564535170793533
  landing: 1.224176786839962
  view-data: 3.2801919132471085
