times:
  edit-metadata: 2.760941244661808
  landing: 1.521794617176056
  view-data: 3.5079932659864426
