times:
  edit-metadata: 4.319890774786472
  landing: 3.3268111161887646
  view-data: 3.3558348640799522
