times:
  edit-metadata: 2.343908615410328
  landing: 1.4776263907551765
  view-data: 3.4637067914009094
