times:
  edit-metadata: 1.827660858631134
  landing: 1.2610899806022644
  view-data: 3.503399707376957
