times:
  edit-metadata: 2.1648367568850517
  landing: 1.4167232066392899
  view-data: 3.367459788918495
