times:
  edit-metadata: 2.127276800572872
  landing: 1.8982319980859756
  view-data: 3.372835509479046
