times:
  edit-metadata: 3.947960913181305
  landing: 3.2331406958401203
  view-data: 3.3092657066881657
