times:
  edit-metadata: 0.5641844120000314
  landing: 0.04936012899997877
  view-data: 0.22358812800030137
