times:
  edit-metadata: 0.5651036719791591
  landing: 0.05767965503036976
  view-data: 0.29562714183703065
