times:
  edit-metadata: 1.4208483272232115
  landing: 0.7752463039942086
  view-data: 3.3881965279579163
