times:
  edit-metadata: 0.46641290094703436
  landing: 0.07724759913980961
  view-data: 0.21505127102136612
