times:
  edit-metadata: 1.4189505986869335
  landing: 0.7756619602441788
  view-data: 3.2934205569326878
