times:
  edit-metadata: 1.3496048096567392
  landing: 0.8747297138907015
  view-data: 3.3863542997278273
