times:
  edit-metadata: 1.3769699037075043
  landing: 0.8450124161317945
  view-data: 3.3912579463794827
