times:
  edit-metadata: 1.4992523957043886
  landing: 0.9524834342300892
  view-data: 3.4754191022366285
