times:
  edit-metadata: 1.6002294477075338
  landing: 0.9296003431081772
  view-data: 3.406948495656252
