times:
  edit-metadata: 0.43882560986094177
  landing: 0.07682319800369442
  view-data: 0.21435602591373026
