times:
  edit-metadata: 1.7535927891731262
  landing: 1.030027512460947
  view-data: 3.393656961619854
