times:
  edit-metadata: 0.5689107289945241
  landing: 0.05105225901934318
  view-data: 0.237101051985519
