times:
  edit-metadata: 1.577543344348669
  landing: 1.0705545209348202
  view-data: 3.4178404733538628
