times:
  edit-metadata: 1.4515049494802952
  landing: 0.9952554106712341
  view-data: 3.2676050551235676
