times:
  edit-metadata: 1.537629496306181
  landing: 0.9832761324942112
  view-data: 3.3739964216947556
