times:
  edit-metadata: 2.1485236026346684
  landing: 1.1947271563112736
  view-data: 3.5261670127511024
