times:
  edit-metadata: 0.4581924141384661
  landing: 0.06948842899873853
  view-data: 0.48076127213425934
