times:
  edit-metadata: 1.7346896901726723
  landing: 1.032896600663662
  view-data: 3.310716025531292
