times:
  edit-metadata: 1.4993216656148434
  landing: 0.9439219012856483
  view-data: 3.365563068538904
