times:
  edit-metadata: 1.4988540317863226
  landing: 0.8574712388217449
  view-data: 3.3922908902168274
