times:
  edit-metadata: 0.46051197103224695
  landing: 0.06811096298042685
  view-data: 0.23828437796328217
