times:
  edit-metadata: 1.4251899868249893
  landing: 0.8713842546567321
  view-data: 3.349024470895529
