times:
  edit-metadata: 1.5975560080260038
  landing: 0.9237843118607998
  view-data: 3.623419536277652
