times:
  edit-metadata: 0.475206259987317
  landing: 0.05294413899537176
  view-data: 0.1974653610959649
