times:
  edit-metadata: 1.5759911127388477
  landing: 0.9904865771532059
  view-data: 3.4270042330026627
