times:
  edit-metadata: 0.46942243102239445
  landing: 0.06525011005578563
  view-data: 0.21830089896684512
