times:
  edit-metadata: 0.7396616730839014
  landing: 0.047167851123958826
  view-data: 0.29504143400117755
