times:
  edit-metadata: 1.470294464379549
  landing: 0.8252165913581848
  view-data: 3.2813899368047714
