times:
  edit-metadata: 1.5372626073658466
  landing: 0.8363159392029047
  view-data: 3.4414562359452248
