times:
  edit-metadata: 1.7655933499336243
  landing: 0.8464149497449398
  view-data: 3.331453323364258
