times:
  edit-metadata: 1.585797119885683
  landing: 0.8328449744731188
  view-data: 3.4159018229693174
