times:
  edit-metadata: 1.5157962362281978
  landing: 5.837532578036189
  view-data: 3.425191830843687
