times:
  edit-metadata: 1.516303245909512
  landing: 0.8110333820804954
  view-data: 0.6108907088637352
