times:
  edit-metadata: 1.4249128960072994
  landing: 0.8859832137823105
  view-data: 3.3297595381736755
