times:
  edit-metadata: 0.5327656829031184
  landing: 0.06502465403173119
  view-data: 0.21403330995235592
