times:
  edit-metadata: 1.5648432299494743
  landing: 0.8595662582665682
  view-data: 3.439560305327177
