times:
  edit-metadata: 0.46285760775208473
  landing: 0.060448259115219116
  view-data: 0.21928559010848403
