times:
  edit-metadata: 1.5591960716992617
  landing: 0.9595621880143881
  view-data: 3.4748744554817677
