times:
  edit-metadata: 1.648959543555975
  landing: 0.8468643203377724
  view-data: 3.390450179576874
