times:
  edit-metadata: 1.313458105782047
  landing: 0.899805641034618
  view-data: 3.4088064660318196
