times:
  edit-metadata: 2.0967674907296896
  landing: 1.1547865588217974
  view-data: 3.5274085430428386
