times:
  edit-metadata: 1.999254560098052
  landing: 0.8416218208149076
  view-data: 3.30069375410676
