times:
  edit-metadata: 1.5554068917408586
  landing: 0.8788715330883861
  view-data: 3.5035853823646903
