times:
  edit-metadata: 1.5237070955336094
  landing: 1.063705500215292
  view-data: 3.3215263970196247
