times:
  edit-metadata: 0.585347113199532
  landing: 0.09294860390946269
  view-data: 0.21757211815565825
