times:
  edit-metadata: 1.4167234329506755
  landing: 0.8322048038244247
  view-data: 3.4054186567664146
