times:
  edit-metadata: 1.532756894826889
  landing: 1.0113495765253901
  view-data: 3.3913901802152395
