times:
  edit-metadata: 1.4297799803316593
  landing: 0.9456699527800083
  view-data: 3.441486019641161
