times:
  edit-metadata: 1.5989636182785034
  landing: 1.102646455168724
  view-data: 3.6474949046969414
