times:
  edit-metadata: 0.4679251126945019
  landing: 0.07393663004040718
  view-data: 0.21120065497234464
