times:
  edit-metadata: 1.556964110583067
  landing: 1.1230275928974152
  view-data: 3.3422575779259205
