times:
  edit-metadata: 1.6741216462105513
  landing: 1.030984403565526
  view-data: 0.597444636747241
