times:
  edit-metadata: 1.5592618398368359
  landing: 0.8282259348779917
  view-data: 3.455747103318572
