times:
  edit-metadata: 1.493347393348813
  landing: 0.8739154972136021
  view-data: 3.389641797170043
