times:
  edit-metadata: 1.5505526699125767
  landing: 0.9301828593015671
  view-data: 3.405535064637661
