times:
  edit-metadata: 0.4733634050935507
  landing: 0.055301218992099166
  view-data: 0.20656932494603097
