times:
  edit-metadata: 1.4208069741725922
  landing: 0.8708301596343517
  view-data: 3.3316923268139362
