times:
  edit-metadata: 0.5869279219768941
  landing: 0.04611105611547828
  view-data: 0.23526571411639452
