times:
  edit-metadata: 1.9133362919092178
  landing: 1.0492728352546692
  view-data: 3.3817029148340225
