times:
  edit-metadata: 0.46779696899466217
  landing: 0.053863106993958354
  view-data: 0.21190008195117116
