times:
  edit-metadata: 1.6185166873037815
  landing: 0.9546366930007935
  view-data: 3.353117026388645
