times:
  edit-metadata: 2.194044561125338
  landing: 1.011824930086732
  view-data: 3.500462585128844
