times:
  edit-metadata: 1.3894085995852947
  landing: 0.7665207106620073
  view-data: 0.6195621974766254
