times:
  edit-metadata: 2.3867680616676807
  landing: 1.018174633383751
  view-data: 3.35648331977427
