times:
  edit-metadata: 1.5382736530154943
  landing: 1.0268544908612967
  view-data: 3.353635285049677
