times:
  edit-metadata: 0.5604719340335578
  landing: 0.06993440201040357
  view-data: 0.2171949939802289
