times:
  edit-metadata: 0.5314204948954284
  landing: 0.07021294627338648
  view-data: 0.21420827694237232
