times:
  edit-metadata: 4.958026587963104
  landing: 2.0898237340152264
  view-data: 4.060201957821846
