times:
  edit-metadata: 1.5389230847358704
  landing: 0.9503194764256477
  view-data: 3.320403531193733
