times:
  edit-metadata: 1.4889381863176823
  landing: 0.7989227045327425
  view-data: 3.427300523966551
