times:
  edit-metadata: 1.5085747969569638
  landing: 0.9595338680082932
  view-data: 3.3288786279736087
