times:
  edit-metadata: 0.46740184095688164
  landing: 0.06418893707450479
  view-data: 0.21987499902024865
