times:
  edit-metadata: 2.096382549032569
  landing: 1.9285625517368317
  view-data: 3.3633260764181614
