times:
  edit-metadata: 1.5761168245226145
  landing: 0.8160604685544968
  view-data: 3.4115166887640953
