times:
  edit-metadata: 1.5165188647806644
  landing: 1.0226920023560524
  view-data: 3.4211260117590427
