times:
  edit-metadata: 1.5334377251565456
  landing: 0.9501431658864021
  view-data: 3.4218181744217873
