times:
  edit-metadata: 1.4350565150380135
  landing: 0.8731776289641857
  view-data: 3.2913153236731887
