times:
  edit-metadata: 1.656957782804966
  landing: 1.1690364740788937
  view-data: 3.3203024230897427
