times:
  edit-metadata: 0.4443749519996345
  landing: 0.07617509318515658
  view-data: 0.2337822187691927
