times:
  edit-metadata: 1.6759121343493462
  landing: 1.1296106278896332
  view-data: 3.3645728565752506
