times:
  edit-metadata: 1.3895353190600872
  landing: 0.9138969033956528
  view-data: 3.334128811955452
