times:
  edit-metadata: 1.4709435179829597
  landing: 0.7597479596734047
  view-data: 3.338268395513296
