times:
  edit-metadata: 1.3412455890793353
  landing: 0.7038273219950497
  view-data: 3.2750221418682486
