times:
  edit-metadata: 0.4732009773142636
  landing: 0.04974116664379835
  view-data: 0.21649329969659448
