times:
  edit-metadata: 1.7629963122308254
  landing: 0.9963051043450832
  view-data: 3.4407429955899715
