times:
  edit-metadata: 1.4467455269768834
  landing: 0.8101544212549925
  view-data: 3.3714574798941612
