times:
  edit-metadata: 1.4627905040979385
  landing: 0.9248555041849613
  view-data: 3.3427397198975086
