times:
  edit-metadata: 1.5879623144865036
  landing: 1.1155188269913197
  view-data: 3.3254886055365205
