times:
  edit-metadata: 1.3872714471071959
  landing: 0.7681363057345152
  view-data: 3.297867449000478
