times:
  edit-metadata: 1.7482205666601658
  landing: 0.9509626664221287
  view-data: 3.298565298318863
