times:
  edit-metadata: 1.6185040511190891
  landing: 0.8919488228857517
  view-data: 3.3682966716587543
