times:
  edit-metadata: 0.45645038899965584
  landing: 0.06260188500164077
  view-data: 0.2242934699752368
