times:
  edit-metadata: 1.4562112353742123
  landing: 0.7734987065196037
  view-data: 3.322612391784787
