times:
  edit-metadata: 1.5030815228819847
  landing: 1.1005165614187717
  view-data: 3.3659241534769535
