times:
  edit-metadata: 0.5672431029961444
  landing: 0.07867162200273015
  view-data: 0.24923303700052202
