times:
  edit-metadata: 1.4745006412267685
  landing: 1.1368530988693237
  view-data: 3.3480060398578644
