times:
  edit-metadata: 1.5621171407401562
  landing: 1.0320649147033691
  view-data: 3.299669064581394
