times:
  edit-metadata: 1.4545793496072292
  landing: 0.9752493537962437
  view-data: 3.3940524533391
