times:
  edit-metadata: 1.4035190492868423
  landing: 0.7768185175955296
  view-data: 3.3798438981175423
