times:
  edit-metadata: 2.3167126988992095
  landing: 1.220467321574688
  view-data: 3.38506081700325
