times:
  edit-metadata: 1.6943073887377977
  landing: 0.7808101791888475
  view-data: 3.358282648026943
