times:
  edit-metadata: 1.6123267523944378
  landing: 1.2375756986439228
  view-data: 3.347937621176243
