times:
  edit-metadata: 1.439972560852766
  landing: 0.9190428294241428
  view-data: 3.3535080701112747
