times:
  edit-metadata: 1.6189724281430244
  landing: 0.744345048442483
  view-data: 3.3913283683359623
