times:
  edit-metadata: 0.4619556637480855
  landing: 0.06434072414413095
  view-data: 0.22026557894423604
