times:
  edit-metadata: 0.4691732230130583
  landing: 0.06620960496366024
  view-data: 0.2231781268492341
