times:
  edit-metadata: 1.5600599460303783
  landing: 0.9982488639652729
  view-data: 3.3386984653770924
