times:
  edit-metadata: 1.7660015635192394
  landing: 1.2115646973252296
  view-data: 3.4568833243101835
