times:
  edit-metadata: 1.5291661731898785
  landing: 1.0317836869508028
  view-data: 3.2754825595766306
