times:
  edit-metadata: 1.6515598259866238
  landing: 1.0536644831299782
  view-data: 3.38272362947464
