times:
  edit-metadata: 0.4571772119961679
  landing: 0.06891036601155065
  view-data: 0.2104568220092915
