times:
  edit-metadata: 1.9060953855514526
  landing: 1.12286420725286
  view-data: 3.4443798661231995
