times:
  edit-metadata: 0.5496796360239387
  landing: 0.045308484230190516
  view-data: 0.22760249394923449
