times:
  edit-metadata: 0.5615700689377263
  landing: 0.0533263199031353
  view-data: 0.21324396808631718
