times:
  edit-metadata: 1.4122578501701355
  landing: 0.8454674296081066
  view-data: 3.3306479938328266
