times:
  edit-metadata: 0.4533394321333617
  landing: 0.06988346809521317
  view-data: 0.23641041805967689
