times:
  edit-metadata: 1.412724481895566
  landing: 0.8999638315290213
  view-data: 3.4096871437504888
