times:
  edit-metadata: 1.3821734860539436
  landing: 0.750140555202961
  view-data: 3.3628928624093533
