times:
  edit-metadata: 1.5695497132837772
  landing: 0.9754541572183371
  view-data: 3.365072386339307
