times:
  edit-metadata: 0.5418364540091716
  landing: 0.07139377202838659
  view-data: 0.24682776298141107
