times:
  edit-metadata: 1.5684032272547483
  landing: 0.789984792470932
  view-data: 3.352887636050582
