times:
  edit-metadata: 0.5610430371016264
  landing: 0.04446705605369061
  view-data: 0.23098911601118743
