times:
  edit-metadata: 0.5460589001886547
  landing: 0.14289605803787708
  view-data: 0.26467176899313927
