times:
  edit-metadata: 2.3598439167253673
  landing: 1.2939380160532892
  view-data: 3.388795723207295
