times:
  edit-metadata: 0.47600305499508977
  landing: 0.07233719481155276
  view-data: 0.2104714699089527
