times:
  edit-metadata: 1.525162484496832
  landing: 0.8414409216493368
  view-data: 3.4659786000847816
