times:
  edit-metadata: 0.4592007410246879
  landing: 0.06556507991626859
  view-data: 0.22282097185961902
