times:
  edit-metadata: 1.8296638634055853
  landing: 1.1480121966451406
  view-data: 3.4558906126767397
