times:
  edit-metadata: 1.3662594417110085
  landing: 0.8206607345491648
  view-data: 3.4074710328131914
