times:
  edit-metadata: 0.531232207082212
  landing: 0.09430752694606781
  view-data: 0.3489367077127099
