times:
  edit-metadata: 0.5263694929890335
  landing: 0.06953212525695562
  view-data: 0.2260348629206419
