times:
  edit-metadata: 2.491576062515378
  landing: 1.6119772177189589
  view-data: 3.4113358464092016
