times:
  edit-metadata: 0.4841200460214168
  landing: 0.05133384792134166
  view-data: 0.21621838805731386
