times:
  edit-metadata: 0.5570879200022318
  landing: 0.057586303002608474
  view-data: 0.21815553100168472
