times:
  edit-metadata: 0.4460230781696737
  landing: 0.07546212896704674
  view-data: 0.35678764386102557
