times:
  edit-metadata: 0.5968830049969256
  landing: 0.16976560605689883
  view-data: 0.22632440458983183
