times:
  edit-metadata: 1.4718952672556043
  landing: 0.9184624785557389
  view-data: 3.4751675883308053
