times:
  edit-metadata: 1.378678373992443
  landing: 0.8148636519908905
  view-data: 3.2842712849378586
