times:
  edit-metadata: 1.4461560053750873
  landing: 0.9765356406569481
  view-data: 3.415432292036712
