times:
  edit-metadata: 1.5648686960339546
  landing: 1.0968160852789879
  view-data: 3.3967669643461704
