times:
  edit-metadata: 1.5362580996006727
  landing: 0.7200490515679121
  view-data: 3.431642059236765
