times:
  edit-metadata: 0.47238213100354187
  landing: 0.04521476698573679
  view-data: 0.2099762069992721
