times:
  edit-metadata: 1.4911356214433908
  landing: 0.9625526554882526
  view-data: 3.3085751570761204
