times:
  edit-metadata: 1.9011006215587258
  landing: 0.9708981877192855
  view-data: 3.3249062383547425
