times:
  edit-metadata: 1.5574330259114504
  landing: 0.842423290014267
  view-data: 3.3634473180864006
