times:
  edit-metadata: 1.5806748867034912
  landing: 0.9190664403140545
  view-data: 3.3620376028120518
