times:
  edit-metadata: 1.6882573920302093
  landing: 0.9419690617360175
  view-data: 3.561119372025132
