times:
  edit-metadata: 0.45795757370069623
  landing: 0.07468333002179861
  view-data: 0.34654563618823886
