times:
  edit-metadata: 0.476256923051551
  landing: 0.06757551082409918
  view-data: 0.21016709320247173
