times:
  edit-metadata: 1.5635476345196366
  landing: 0.9109284617006779
  view-data: 3.4159405138343573
