times:
  edit-metadata: 0.5409236610867083
  landing: 0.04820893472060561
  view-data: 0.21687741577625275
