times:
  edit-metadata: 1.353484459221363
  landing: 0.9627039805054665
  view-data: 3.2973154224455357
