times:
  edit-metadata: 1.8427616879343987
  landing: 1.0877809976227582
  view-data: 3.63052235590294
