times:
  edit-metadata: 0.5034973679576069
  landing: 0.05504828691482544
  view-data: 0.34173653996549547
