times:
  edit-metadata: 1.5309658348560333
  landing: 0.8216333705931902
  view-data: 3.44754384085536
