times:
  edit-metadata: 0.455200357013382
  landing: 0.08299693709705025
  view-data: 0.21118926594499499
