times:
  edit-metadata: 0.49856861599255353
  landing: 0.0486251620168332
  view-data: 0.4694292579952162
