times:
  edit-metadata: 0.47068379400298
  landing: 0.07201064098626375
  view-data: 0.22128968697506934
