times:
  edit-metadata: 1.6648499169386923
  landing: 0.8518469291739166
  view-data: 3.3225069702602923
