times:
  edit-metadata: 0.47465125704184175
  landing: 0.06924602389335632
  view-data: 0.21257200092077255
