times:
  edit-metadata: 1.4656140580773354
  landing: 0.7201824672520161
  view-data: 3.299050956964493
