times:
  edit-metadata: 0.622333618986886
  landing: 0.09719943997333758
  view-data: 0.2499709220137447
