times:
  edit-metadata: 1.7041360028088093
  landing: 1.023400917649269
  view-data: 3.3953334651887417
