times:
  edit-metadata: 1.613805577158928
  landing: 0.8871249556541443
  view-data: 3.427635246887803
