times:
  edit-metadata: 1.3156310468912125
  landing: 0.8648358788341284
  view-data: 3.3802774753421545
