times:
  edit-metadata: 1.5410099560394883
  landing: 0.93242849688977
  view-data: 3.3942200960591435
