times:
  edit-metadata: 1.5825007669627666
  landing: 0.8018770255148411
  view-data: 3.3276566602289677
