times:
  edit-metadata: 1.2847577990032732
  landing: 0.7910060042049736
  view-data: 3.285422747954726
