times:
  edit-metadata: 1.9785254523158073
  landing: 1.1096118092536926
  view-data: 3.320080768316984
