times:
  edit-metadata: 1.5505736097693443
  landing: 1.0897772125899792
  view-data: 3.4242927879095078
