times:
  edit-metadata: 1.4061771119013429
  landing: 0.7550914300372824
  view-data: 3.271888504968956
