times:
  edit-metadata: 1.5656768791377544
  landing: 0.8822705447673798
  view-data: 3.544913861900568
