times:
  edit-metadata: 1.5528525540139526
  landing: 0.8629958690144122
  view-data: 3.3266582268988714
