times:
  edit-metadata: 2.0157825397327542
  landing: 1.2260947059839964
  view-data: 3.5127262929454446
