times:
  edit-metadata: 0.7945825979113579
  landing: 0.04911854583770037
  view-data: 0.27184263709932566
