times:
  edit-metadata: 1.562772760167718
  landing: 0.9821991911157966
  view-data: 3.3622884419746697
