times:
  edit-metadata: 1.4384511299431324
  landing: 0.8910925518721342
  view-data: 3.423946440219879
