times:
  edit-metadata: 2.3012557104229927
  landing: 1.5400597006082535
  view-data: 3.5836769696325064
