times:
  edit-metadata: 1.502066845074296
  landing: 0.7813428994268179
  view-data: 3.452473346143961
