times:
  edit-metadata: 0.4374287792015821
  landing: 0.07048588991165161
  view-data: 0.2034738298971206
