times:
  edit-metadata: 0.44685549999121577
  landing: 0.0841205520555377
  view-data: 0.22000753798056394
