times:
  edit-metadata: 0.4874626682139933
  landing: 0.05564964795485139
  view-data: 0.21329728001728654
