times:
  edit-metadata: 0.47599114500917494
  landing: 0.04534954600967467
  view-data: 0.22642592201009393
