times:
  edit-metadata: 1.6325503811240196
  landing: 0.9434631243348122
  view-data: 3.4252037219703197
