times:
  edit-metadata: 0.45454167504794896
  landing: 0.05912501993589103
  view-data: 0.22798131906893104
