times:
  edit-metadata: 1.4695626343600452
  landing: 0.8740897220559418
  view-data: 3.3960445756092668
