times:
  edit-metadata: 1.66219212859869
  landing: 0.860765565186739
  view-data: 3.425270788371563
