times:
  edit-metadata: 1.6966193243861198
  landing: 1.0649313889443874
  view-data: 3.342159327119589
