times:
  edit-metadata: 0.5019236910156906
  landing: 0.053141231182962656
  view-data: 0.2261291709728539
