times:
  edit-metadata: 0.44389457600027526
  landing: 0.07161185699987982
  view-data: 0.23277508099999977
