times:
  edit-metadata: 1.7118151225149632
  landing: 1.2764430493116379
  view-data: 3.3502662926912308
