times:
  edit-metadata: 1.5158007014542818
  landing: 0.8094674460589886
  view-data: 3.3210379742085934
