times:
  edit-metadata: 1.4480757862329483
  landing: 0.9785174988210201
  view-data: 3.4084022007882595
