times:
  edit-metadata: 1.6198838576674461
  landing: 0.9893552213907242
  view-data: 3.3524546325206757
