times:
  edit-metadata: 1.43829092849046
  landing: 0.7578397057950497
  view-data: 0.5116194505244493
