times:
  edit-metadata: 1.5077475048601627
  landing: 0.7266951575875282
  view-data: 3.3337222579866648
