times:
  edit-metadata: 1.5237292405217886
  landing: 1.1384403072297573
  view-data: 0.5422724206000566
