times:
  edit-metadata: 1.4137165527790785
  landing: 0.81327317468822
  view-data: 3.351410372182727
