times:
  edit-metadata: 1.5587281491607428
  landing: 0.9853165205568075
  view-data: 3.443185720592737
