times:
  edit-metadata: 0.4765620979014784
  landing: 0.06282272399403155
  view-data: 0.21562197199091315
