times:
  edit-metadata: 1.5363488346338272
  landing: 0.9822792820632458
  view-data: 3.384961072355509
