times:
  edit-metadata: 1.475457692053169
  landing: 0.8795706059318036
  view-data: 0.5511280579958111
