times:
  edit-metadata: 1.41929192841053
  landing: 0.9023234136402607
  view-data: 3.3429546542465687
