times:
  edit-metadata: 1.6037526186555624
  landing: 0.8579264022409916
  view-data: 3.443861037492752
