times:
  edit-metadata: 0.48877771594561636
  landing: 0.0458285438362509
  view-data: 0.21233867690898478
