times:
  edit-metadata: 1.4799759220331907
  landing: 0.8037890940904617
  view-data: 3.4161812141537666
