times:
  edit-metadata: 1.551921645179391
  landing: 0.9985266346484423
  view-data: 3.4425709657371044
