times:
  edit-metadata: 1.642140906304121
  landing: 0.8440952077507973
  view-data: 3.430803343653679
