times:
  edit-metadata: 1.5076919719576836
  landing: 0.7423343099653721
  view-data: 3.358958328142762
