times:
  edit-metadata: 1.5200232062488794
  landing: 0.8350904993712902
  view-data: 3.4241626113653183
