times:
  edit-metadata: 1.547468202188611
  landing: 0.9017965756356716
  view-data: 3.4080039504915476
