times:
  edit-metadata: 0.7188477301970124
  landing: 0.06498114997521043
  view-data: 0.31553303729742765
