times:
  edit-metadata: 2.0405426709912717
  landing: 0.8102945936843753
  view-data: 3.413796720094979
