times:
  edit-metadata: 1.6272814273834229
  landing: 1.0384483188390732
  view-data: 3.3820922411978245
