times:
  edit-metadata: 1.5640499014407396
  landing: 0.9563308525830507
  view-data: 3.3775388076901436
