times:
  edit-metadata: 0.5326122832484543
  landing: 0.06854881020262837
  view-data: 0.23386067291721702
