times:
  edit-metadata: 1.6277213878929615
  landing: 1.0655752890743315
  view-data: 3.337640158366412
