times:
  edit-metadata: 0.535591394000221
  landing: 0.04903903898957651
  view-data: 0.23668824500055052
