times:
  edit-metadata: 1.369453564286232
  landing: 0.8750503808259964
  view-data: 3.3424347769469023
