times:
  edit-metadata: 1.6550223119556904
  landing: 0.9819487929344177
  view-data: 3.314897581934929
