times:
  edit-metadata: 0.5439823819324374
  landing: 0.04655818501487374
  view-data: 0.2380750470329076
