times:
  edit-metadata: 0.5254245600663126
  landing: 0.05778102297335863
  view-data: 0.2193016316741705
