times:
  edit-metadata: 1.4678053278476
  landing: 0.861192877870053
  view-data: 3.390815133228898
