times:
  edit-metadata: 1.4666671622544527
  landing: 0.89859623555094
  view-data: 3.7171779898926616
