times:
  edit-metadata: 0.5379125708714128
  landing: 0.10436728782951832
  view-data: 0.21993376407772303
