times:
  edit-metadata: 1.630309758707881
  landing: 0.9925512913614511
  view-data: 3.281119307503104
