times:
  edit-metadata: 1.3815237283706665
  landing: 0.7973551284521818
  view-data: 3.3817295487970114
