times:
  edit-metadata: 0.5435448460048065
  landing: 0.07352998101850972
  view-data: 0.22164987004362047
