times:
  edit-metadata: 1.425921220332384
  landing: 1.0152352079749107
  view-data: 3.2866354919970036
