times:
  edit-metadata: 2.726651467382908
  landing: 1.5633935146033764
  view-data: 3.5119396299123764
