times:
  edit-metadata: 1.4372882097959518
  landing: 0.9975447170436382
  view-data: 3.3689944334328175
