times:
  edit-metadata: 1.4566847067326307
  landing: 0.7452480532228947
  view-data: 3.2445022631436586
