times:
  edit-metadata: 1.3765998156741261
  landing: 0.8213095450773835
  view-data: 3.405650499276817
