times:
  edit-metadata: 1.3495987100759521
  landing: 1.0319103120127693
  view-data: 3.361955274012871
