times:
  edit-metadata: 0.6720508530006555
  landing: 0.07732933100032824
  view-data: 0.2956632970008286
