times:
  edit-metadata: 1.5482093468308449
  landing: 0.7655822355300188
  view-data: 3.3242114800959826
