times:
  edit-metadata: 0.5345926310110372
  landing: 0.08912580498144962
  view-data: 0.21927572999265976
