times:
  edit-metadata: 0.5621801160741597
  landing: 0.05178013606928289
  view-data: 0.21382766996975988
