times:
  edit-metadata: 0.7067803447134793
  landing: 0.11641820892691612
  view-data: 0.27277146838605404
