times:
  edit-metadata: 1.7105175517499447
  landing: 1.0401389505714178
  view-data: 3.509661737829447
