times:
  edit-metadata: 2.0886267703026533
  landing: 1.2001913897693157
  view-data: 3.388234853744507
