times:
  edit-metadata: 0.5270775270182639
  landing: 0.12247900001239032
  view-data: 0.31831709999823943
