times:
  edit-metadata: 1.6803636774420738
  landing: 0.9856648407876492
  view-data: 3.4081356786191463
