times:
  edit-metadata: 0.5597869709963561
  landing: 0.14325287300016498
  view-data: 0.2511757190004573
