times:
  edit-metadata: 0.4619504399597645
  landing: 0.06598979199770838
  view-data: 0.21535211603622884
