times:
  edit-metadata: 1.4147282801568508
  landing: 0.8174317739903927
  view-data: 3.286790616810322
