times:
  edit-metadata: 1.5661777071654797
  landing: 1.1384456381201744
  view-data: 3.3952324874699116
