times:
  edit-metadata: 1.5381959956139326
  landing: 0.882045017555356
  view-data: 3.3724362924695015
