times:
  edit-metadata: 1.5938927307724953
  landing: 0.8783024325966835
  view-data: 3.414083991199732
