times:
  edit-metadata: 1.804233880713582
  landing: 1.4052653275430202
  view-data: 3.579035082831979
