times:
  edit-metadata: 0.7542129708454013
  landing: 0.06841491162776947
  view-data: 0.29005616484209895
