times:
  edit-metadata: 1.4026392810046673
  landing: 1.0544409528374672
  view-data: 3.3995945006608963
