times:
  edit-metadata: 1.5635205581784248
  landing: 0.9631093218922615
  view-data: 3.334218330681324
