times:
  edit-metadata: 1.3973864009603858
  landing: 0.8049736060202122
  view-data: 3.304634189233184
