times:
  edit-metadata: 0.7536369767040014
  landing: 0.123371547088027
  view-data: 0.26391452504321933
