times:
  edit-metadata: 1.4736425019800663
  landing: 0.9083327911794186
  view-data: 3.313912618905306
