times:
  edit-metadata: 0.4575149299998884
  landing: 0.06275150299916277
  view-data: 0.20936510000319686
