times:
  edit-metadata: 1.5540878921747208
  landing: 0.8010111078619957
  view-data: 3.39568935520947
