times:
  edit-metadata: 2.010906497016549
  landing: 1.3729647397994995
  view-data: 3.62351194024086
