times:
  edit-metadata: 0.468555019935593
  landing: 0.06428630603477359
  view-data: 0.22260385798290372
