times:
  edit-metadata: 0.5353898829780519
  landing: 0.06986307702027261
  view-data: 0.21645838697440922
