times:
  edit-metadata: 0.4604209449607879
  landing: 0.0778397370595485
  view-data: 0.21091137896291912
