times:
  edit-metadata: 1.5034848460927606
  landing: 0.9008939601480961
  view-data: 3.417512675980106
