times:
  edit-metadata: 1.5134793892502785
  landing: 0.9458230808377266
  view-data: 3.373620670288801
