times:
  edit-metadata: 1.712860532104969
  landing: 1.018180564045906
  view-data: 3.378653485327959
