times:
  edit-metadata: 2.600198831409216
  landing: 1.61588354408741
  view-data: 3.578318014740944
