times:
  edit-metadata: 1.3055502069182694
  landing: 0.899639334063977
  view-data: 3.418533965945244
