times:
  edit-metadata: 0.8070048140361905
  landing: 0.061205573845654726
  view-data: 0.3345017530955374
