times:
  edit-metadata: 1.5197263471782207
  landing: 0.9450682736933231
  view-data: 3.4801148623228073
