times:
  edit-metadata: 1.7643419802188873
  landing: 0.9764871690422297
  view-data: 3.3844735641032457
