times:
  edit-metadata: 0.45208556397119537
  landing: 0.07391081901732832
  view-data: 0.21891973598394543
