times:
  edit-metadata: 1.3807994704693556
  landing: 0.8165321554988623
  view-data: 3.429147131741047
