times:
  edit-metadata: 1.4669589772820473
  landing: 0.9704369679093361
  view-data: 3.3914552330970764
