times:
  edit-metadata: 0.4869828060036525
  landing: 0.043237383011728525
  view-data: 0.21245227399049327
