times:
  edit-metadata: 1.2758509330451488
  landing: 0.9080691058188677
  view-data: 3.329522982239723
