times:
  edit-metadata: 1.5092171672731638
  landing: 0.8555500488728285
  view-data: 3.4596781078726053
