times:
  edit-metadata: 1.4272776846773922
  landing: 0.7873374181799591
  view-data: 3.357418699655682
