times:
  edit-metadata: 1.5743008442223072
  landing: 0.9798977933824062
  view-data: 3.3816533721983433
