times:
  edit-metadata: 1.3777312561869621
  landing: 0.7893298715353012
  view-data: 3.37173455581069
