times:
  edit-metadata: 0.5397939929971471
  landing: 0.07595746099832468
  view-data: 0.22959227100363933
