times:
  edit-metadata: 1.2923341877758503
  landing: 0.8250576872378588
  view-data: 3.303225187584758
