times:
  edit-metadata: 1.4327242942526937
  landing: 0.8778282795101404
  view-data: 3.466735105961561
