times:
  edit-metadata: 2.2167410012334585
  landing: 1.4117477871477604
  view-data: 3.585262914188206
