times:
  edit-metadata: 1.4200922064483166
  landing: 0.7804176658391953
  view-data: 3.315973173826933
