times:
  edit-metadata: 2.7647082805633545
  landing: 1.4814707227051258
  view-data: 3.4478306770324707
