times:
  edit-metadata: 1.407986253965646
  landing: 1.0245902099413797
  view-data: 3.3478168740402907
