times:
  edit-metadata: 1.7750579044222832
  landing: 1.339500781148672
  view-data: 3.421369507908821
