times:
  edit-metadata: 0.5363943869888317
  landing: 0.07676477398490533
  view-data: 0.24643371600541286
