times:
  edit-metadata: 1.635764218866825
  landing: 0.998716302216053
  view-data: 3.4279881417751312
