times:
  edit-metadata: 1.6961611695587635
  landing: 0.9425225742161274
  view-data: 3.403775680810213
