times:
  edit-metadata: 0.4501634699990973
  landing: 0.06320823996793479
  view-data: 0.21311877499101683
