times:
  edit-metadata: 0.4733746228739619
  landing: 0.06163321202620864
  view-data: 0.2115928230341524
