times:
  edit-metadata: 1.5216764649376273
  landing: 1.0308224465698004
  view-data: 0.6599025689065456
