times:
  edit-metadata: 1.4816858659032732
  landing: 0.9282798301428556
  view-data: 3.425675002159551
