times:
  edit-metadata: 0.4818322809878737
  landing: 0.05097437114454806
  view-data: 0.2078303808812052
