times:
  edit-metadata: 0.46439526000176556
  landing: 0.07326440999167971
  view-data: 0.22323833900736645
