times:
  edit-metadata: 1.3746624067425728
  landing: 0.7421746589243412
  view-data: 3.259584713727236
