times:
  edit-metadata: 1.6172080785036087
  landing: 1.0276436395943165
  view-data: 3.439273912459612
