times:
  edit-metadata: 0.4864665321074426
  landing: 0.052757877158001065
  view-data: 0.20519237988628447
