times:
  edit-metadata: 1.4626489803195
  landing: 0.8349317172542214
  view-data: 3.436977337114513
