times:
  edit-metadata: 1.6150583550333977
  landing: 0.8462937772274017
  view-data: 3.4642503950744867
