times:
  edit-metadata: 1.409703210927546
  landing: 0.9171598423272371
  view-data: 3.307804492302239
