times:
  edit-metadata: 0.4487805988173932
  landing: 0.0631263901013881
  view-data: 0.23213360994122922
