times:
  edit-metadata: 1.5697197448462248
  landing: 0.9370417315512896
  view-data: 3.429556280374527
