times:
  edit-metadata: 0.4780208801385015
  landing: 0.04860334796831012
  view-data: 0.22139942087233067
