times:
  edit-metadata: 1.4792659487575293
  landing: 0.9377166293561459
  view-data: 3.3939573001116514
