times:
  edit-metadata: 0.521068248024676
  landing: 0.09973860596073791
  view-data: 0.21140080597251654
