times:
  edit-metadata: 0.5801398329786025
  landing: 0.05538928002351895
  view-data: 0.23107649997109547
