times:
  edit-metadata: 1.5727542340755463
  landing: 0.853637345135212
  view-data: 3.3839019164443016
