times:
  edit-metadata: 0.4648530569393188
  landing: 0.06241471180692315
  view-data: 0.2130412000697106
