times:
  edit-metadata: 1.5601228848099709
  landing: 0.8363972418010235
  view-data: 3.3498511649668217
