times:
  edit-metadata: 1.464080715086311
  landing: 0.738781773019582
  view-data: 3.4283966766670346
