times:
  edit-metadata: 1.6220687255263329
  landing: 0.8244791105389595
  view-data: 3.3176953978836536
