times:
  edit-metadata: 1.5847364515066147
  landing: 0.9909427091479301
  view-data: 3.3433324955403805
