times:
  edit-metadata: 1.4236654127016664
  landing: 0.882141531445086
  view-data: 3.3134905844926834
