times:
  edit-metadata: 1.786232367157936
  landing: 1.0105439368635416
  view-data: 3.3885969948023558
