times:
  edit-metadata: 1.7960674539208412
  landing: 0.9700763430446386
  view-data: 3.389466680586338
