times:
  edit-metadata: 0.5275876950472593
  landing: 0.08717384201008826
  view-data: 0.22923886799253523
