times:
  edit-metadata: 0.5394399910001084
  landing: 0.06122147699352354
  view-data: 0.22096201599924825
