times:
  edit-metadata: 1.635917041450739
  landing: 1.1506671123206615
  view-data: 3.314034678041935
