times:
  edit-metadata: 2.540129266679287
  landing: 1.4076502807438374
  view-data: 3.4159944877028465
