times:
  edit-metadata: 1.3880452439188957
  landing: 0.761473573744297
  view-data: 3.261997377499938
