times:
  edit-metadata: 1.5206968812271953
  landing: 0.9093647059053183
  view-data: 3.416374607011676
