times:
  edit-metadata: 0.4804730729665607
  landing: 0.04709937307052314
  view-data: 0.22023083991371095
