times:
  edit-metadata: 1.4895334243774414
  landing: 0.9011774277314544
  view-data: 3.37463987339288
