times:
  edit-metadata: 0.5352815040387213
  landing: 0.06335070077329874
  view-data: 0.34157466515898705
