times:
  edit-metadata: 1.6849706582725048
  landing: 1.147229429334402
  view-data: 3.407783657312393
