times:
  edit-metadata: 1.5445611402392387
  landing: 0.8709566853940487
  view-data: 3.3970032669603825
