times:
  edit-metadata: 1.4932524235919118
  landing: 0.8522713491693139
  view-data: 3.414386697113514
