times:
  edit-metadata: 0.6728289648890495
  landing: 0.07050208933651447
  view-data: 0.21866260888054967
