times:
  edit-metadata: 1.5580678768455982
  landing: 0.8794237300753593
  view-data: 3.4370135460048914
