times:
  edit-metadata: 1.4515210762619972
  landing: 0.7733561210334301
  view-data: 3.28365446254611
