times:
  edit-metadata: 1.5468584671616554
  landing: 0.959090031683445
  view-data: 3.416060656309128
