times:
  edit-metadata: 1.6677306927740574
  landing: 0.9780879057943821
  view-data: 3.539903301745653
