times:
  edit-metadata: 1.7000434319488704
  landing: 1.066840615007095
  view-data: 3.2962682970101014
