times:
  edit-metadata: 4.167899223044515
  landing: 0.9766839537769556
  view-data: 3.393096387386322
