times:
  edit-metadata: 1.3968924563378096
  landing: 0.7088962346315384
  view-data: 3.3898757100105286
