times:
  edit-metadata: 2.4245861284434795
  landing: 1.3138738665729761
  view-data: 3.5115046855062246
