times:
  edit-metadata: 1.4976133331656456
  landing: 0.7734021544456482
  view-data: 3.44386538118124
