times:
  edit-metadata: 1.4947467260062695
  landing: 0.9564549997448921
  view-data: 3.3449431397020817
