times:
  edit-metadata: 1.6333040744066238
  landing: 0.9175398945808411
  view-data: 3.3556014373898506
