times:
  edit-metadata: 1.6158842891454697
  landing: 1.4477397352457047
  view-data: 3.5141394585371017
