times:
  edit-metadata: 1.4268790036439896
  landing: 0.834590919315815
  view-data: 3.44517020881176
