times:
  edit-metadata: 1.6843646094202995
  landing: 1.175996758043766
  view-data: 3.430400028824806
