times:
  edit-metadata: 1.508697982877493
  landing: 0.9355093911290169
  view-data: 3.3078048452734947
