times:
  edit-metadata: 1.46295877546072
  landing: 0.8282542824745178
  view-data: 3.4780699014663696
