times:
  edit-metadata: 1.5392561852931976
  landing: 0.8441371023654938
  view-data: 3.285989176481962
