times:
  edit-metadata: 1.5033349208533764
  landing: 0.9482591785490513
  view-data: 3.408506467938423
