times:
  edit-metadata: 1.5502773597836494
  landing: 0.8008923083543777
  view-data: 3.4085336923599243
