times:
  edit-metadata: 1.539230514317751
  landing: 0.9065677151083946
  view-data: 3.331373769789934
