times:
  edit-metadata: 1.4240745157003403
  landing: 0.8209474980831146
  view-data: 3.3761771842837334
