times:
  edit-metadata: 1.4480745270848274
  landing: 0.805439405143261
  view-data: 3.3000967651605606
