times:
  edit-metadata: 1.8384929299354553
  landing: 0.8590456768870354
  view-data: 3.410220019519329
