times:
  edit-metadata: 1.491942510008812
  landing: 0.8469949476420879
  view-data: 3.2671085335314274
