times:
  edit-metadata: 1.4369381219148636
  landing: 0.8166422918438911
  view-data: 3.432465247809887
