times:
  edit-metadata: 1.466474637389183
  landing: 0.902456171810627
  view-data: 3.469832167029381
