times:
  edit-metadata: 1.5023971199989319
  landing: 1.1655382886528969
  view-data: 3.309069350361824
