times:
  edit-metadata: 1.5032121576368809
  landing: 0.8900432251393795
  view-data: 3.308878943324089
