times:
  edit-metadata: 1.7292983382940292
  landing: 1.0450952425599098
  view-data: 3.3623131066560745
