times:
  edit-metadata: 1.5204882770776749
  landing: 0.841470830142498
  view-data: 3.4641482308506966
