times:
  edit-metadata: 1.4811076521873474
  landing: 1.0698812529444695
  view-data: 3.35009678453207
