times:
  edit-metadata: 1.433848075568676
  landing: 0.9224250391125679
  view-data: 3.4722919538617134
