times:
  edit-metadata: 1.4073127172887325
  landing: 0.9208725690841675
  view-data: 3.34634593129158
