times:
  edit-metadata: 1.5326743349432945
  landing: 0.9215745255351067
  view-data: 3.380514346063137
