times:
  edit-metadata: 1.541733544319868
  landing: 0.8717394098639488
  view-data: 3.325643941760063
