times:
  edit-metadata: 1.4686646983027458
  landing: 0.8652999773621559
  view-data: 3.3358245193958282
