times:
  edit-metadata: 1.5551030486822128
  landing: 0.9732739515602589
  view-data: 3.3293702229857445
