times:
  edit-metadata: 1.5845217145979404
  landing: 0.9057099744677544
  view-data: 3.277923062443733
