times:
  edit-metadata: 1.605464968830347
  landing: 0.9154079966247082
  view-data: 3.3215606659650803
