times:
  edit-metadata: 1.5532096847891808
  landing: 0.8111909329891205
  view-data: 3.4554661214351654
