times:
  edit-metadata: 1.4549686163663864
  landing: 0.7932179048657417
  view-data: 3.463137999176979
