times:
  edit-metadata: 2.247505620121956
  landing: 1.2690060287714005
  view-data: 3.7394269555807114
