times:
  edit-metadata: 1.504286214709282
  landing: 0.7940993905067444
  view-data: 3.4651637002825737
