times:
  edit-metadata: 1.4000649340450764
  landing: 0.8166726902127266
  view-data: 3.3085031993687153
