times:
  edit-metadata: 1.500636376440525
  landing: 0.8969680070877075
  view-data: 3.3785500302910805
