times:
  edit-metadata: 1.501881331205368
  landing: 0.7744122818112373
  view-data: 3.49581041932106
