times:
  edit-metadata: 1.6318041235208511
  landing: 1.053609311580658
  view-data: 3.3621177300810814
