times:
  edit-metadata: 1.4706195965409279
  landing: 0.8295310214161873
  view-data: 3.457964152097702
