times:
  edit-metadata: 1.5030634701251984
  landing: 0.9516564011573792
  view-data: 3.4586408510804176
