times:
  edit-metadata: 1.4698465690016747
  landing: 0.9542775899171829
  view-data: 3.3530960604548454
