times:
  edit-metadata: 1.577095441520214
  landing: 0.8000374212861061
  view-data: 3.4605157896876335
