times:
  edit-metadata: 1.4173023700714111
  landing: 0.8159043341875076
  view-data: 3.4351410195231438
