times:
  edit-metadata: 1.451335620135069
  landing: 0.9776219874620438
  view-data: 3.3362333588302135
