times:
  edit-metadata: 1.5367296859622002
  landing: 0.8714197352528572
  view-data: 3.3689907118678093
