times:
  edit-metadata: 1.4946915358304977
  landing: 0.9016189277172089
  view-data: 3.449522778391838
