times:
  edit-metadata: 1.5852396711707115
  landing: 0.9757319018244743
  view-data: 3.5023542642593384
