times:
  edit-metadata: 1.4352231696248055
  landing: 0.8919917121529579
  view-data: 3.4739687219262123
