times:
  edit-metadata: 1.6426545456051826
  landing: 0.8526418171823025
  view-data: 3.2744338400661945
