times:
  edit-metadata: 1.5591579526662827
  landing: 0.8713877946138382
  view-data: 3.547276586294174
