times:
  edit-metadata: 1.459499292075634
  landing: 0.8307669162750244
  view-data: 3.392852209508419
