times:
  edit-metadata: 1.3810721561312675
  landing: 0.9155912175774574
  view-data: 3.427626483142376
