times:
  edit-metadata: 1.5803207829594612
  landing: 0.9226175770163536
  view-data: 3.5432472489774227
