times:
  edit-metadata: 1.4668157286942005
  landing: 0.8777909353375435
  view-data: 3.285342253744602
