times:
  edit-metadata: 1.6581828370690346
  landing: 1.2392617389559746
  view-data: 3.3446208834648132
