times:
  edit-metadata: 1.5285412892699242
  landing: 0.9082431346178055
  view-data: 3.5688501223921776
