times:
  edit-metadata: 1.4408002272248268
  landing: 1.1868434399366379
  view-data: 3.495979145169258
