times:
  edit-metadata: 1.4392309933900833
  landing: 0.8410551398992538
  view-data: 3.4073008447885513
