times:
  edit-metadata: 1.5137544237077236
  landing: 0.8393595032393932
  view-data: 3.299648478627205
