times:
  edit-metadata: 1.447352148592472
  landing: 0.9264726974070072
  view-data: 3.3175049126148224
