times:
  edit-metadata: 1.4979266002774239
  landing: 0.8298408687114716
  view-data: 3.3989593535661697
