times:
  edit-metadata: 1.3816339895129204
  landing: 0.8772438429296017
  view-data: 3.3556378446519375
