times:
  edit-metadata: 1.476486548781395
  landing: 0.9726309776306152
  view-data: 3.4456152617931366
