times:
  edit-metadata: 1.5466161668300629
  landing: 0.9204665496945381
  view-data: 3.4820398315787315
