times:
  edit-metadata: 1.6216663047671318
  landing: 1.0221082419157028
  view-data: 3.2854799702763557
