times:
  edit-metadata: 1.4271532259881496
  landing: 0.878689132630825
  view-data: 3.2999008148908615
