times:
  edit-metadata: 2.069529939442873
  landing: 1.2707981392741203
  view-data: 3.3580675832927227
