times:
  edit-metadata: 1.4380474463105202
  landing: 0.7459115758538246
  view-data: 3.5007816925644875
