times:
  edit-metadata: 1.5727039501070976
  landing: 0.8462985120713711
  view-data: 3.362392380833626
