times:
  edit-metadata: 1.4543558321893215
  landing: 0.8734242618083954
  view-data: 3.4193113297224045
