times:
  edit-metadata: 1.4480850100517273
  landing: 0.831031009554863
  view-data: 3.492036059498787
