times:
  edit-metadata: 1.5639001354575157
  landing: 0.8990287035703659
  view-data: 3.519620031118393
