times:
  edit-metadata: 1.4452272318303585
  landing: 0.8689235933125019
  view-data: 3.345256242901087
