times:
  edit-metadata: 1.488318718969822
  landing: 0.8247885033488274
  view-data: 3.5147964358329773
