times:
  edit-metadata: 4.147530436515808
  landing: 3.1440255120396614
  view-data: 3.8260084465146065
