times:
  edit-metadata: 1.4139219373464584
  landing: 0.837646484375
  view-data: 3.2844203114509583
