times:
  edit-metadata: 1.4771045967936516
  landing: 0.7826836779713631
  view-data: 3.4348700642585754
