times:
  edit-metadata: 2.0429494380950928
  landing: 1.389710173010826
  view-data: 3.280118804425001
