times:
  edit-metadata: 1.9011229798197746
  landing: 1.1186731606721878
  view-data: 3.3818958699703217
