times:
  edit-metadata: 1.5312480032444
  landing: 0.8173741400241852
  view-data: 3.4787790924310684
