times:
  edit-metadata: 1.5102484300732613
  landing: 1.0350433886051178
  view-data: 3.568679817020893
