times:
  edit-metadata: 2.5030442364513874
  landing: 1.6161075048148632
  view-data: 3.355569504201412
