times:
  edit-metadata: 1.7600387334823608
  landing: 0.9462363719940186
  view-data: 3.708815813064575
