times:
  edit-metadata: 1.4477908983826637
  landing: 0.8078383132815361
  view-data: 3.4888709113001823
