times:
  edit-metadata: 1.4774391949176788
  landing: 0.8486519977450371
  view-data: 3.469940036535263
