times:
  edit-metadata: 2.7559558488428593
  landing: 1.523335874080658
  view-data: 3.47494812682271
