times:
  edit-metadata: 1.4582541733980179
  landing: 0.8090368881821632
  view-data: 3.4757950827479362
