times:
  edit-metadata: 1.4434612467885017
  landing: 0.7727078720927238
  view-data: 3.448453277349472
