times:
  edit-metadata: 1.4914327934384346
  landing: 0.7966863736510277
  view-data: 3.5875075981020927
