times:
  edit-metadata: 1.4275836572051048
  landing: 0.7837447673082352
  view-data: 3.418346233665943
