times:
  edit-metadata: 1.4849363341927528
  landing: 0.8553362116217613
  view-data: 3.311123363673687
