times:
  edit-metadata: 1.5121423602104187
  landing: 0.9078430086374283
  view-data: 3.3129374124109745
