times:
  edit-metadata: 2.5660154595971107
  landing: 1.3810253590345383
  view-data: 3.497552089393139
