times:
  edit-metadata: 1.4897912293672562
  landing: 0.8865216411650181
  view-data: 3.3399386927485466
