times:
  edit-metadata: 1.7822067737579346
  landing: 0.9891149140894413
  view-data: 3.308667618781328
