times:
  edit-metadata: 1.4742309153079987
  landing: 0.8844289109110832
  view-data: 3.4516580551862717
