times:
  edit-metadata: 1.6691405810415745
  landing: 0.9800429195165634
  view-data: 3.306266576051712
