times:
  edit-metadata: 2.2230211943387985
  landing: 1.5485706254839897
  view-data: 3.55746316164732
