times:
  edit-metadata: 1.4493813924491405
  landing: 0.863722987473011
  view-data: 3.244584396481514
