times:
  edit-metadata: 1.4562860131263733
  landing: 0.9303581900894642
  view-data: 3.293072510510683
