times:
  edit-metadata: 1.4898583218455315
  landing: 0.9587371908128262
  view-data: 3.2697170227766037
