times:
  edit-metadata: 1.4570336490869522
  landing: 0.7610306143760681
  view-data: 3.509094513952732
