times:
  edit-metadata: 1.5459603071212769
  landing: 0.943091407418251
  view-data: 3.3152108043432236
