times:
  edit-metadata: 1.5888040326535702
  landing: 1.3442756459116936
  view-data: 3.3726525269448757
