times:
  edit-metadata: 1.4566665366292
  landing: 0.847033329308033
  view-data: 3.4623809531331062
