times:
  edit-metadata: 1.4760312885046005
  landing: 0.8424277156591415
  view-data: 3.282430335879326
