times:
  edit-metadata: 1.4169600158929825
  landing: 0.8738652691245079
  view-data: 3.536796987056732
