times:
  edit-metadata: 1.4026980623602867
  landing: 0.8090874627232552
  view-data: 3.5472820177674294
