times:
  edit-metadata: 1.5758302062749863
  landing: 0.963113933801651
  view-data: 3.2782162129879
