times:
  edit-metadata: 1.9207420088350773
  landing: 1.2118914872407913
  view-data: 3.8535084538161755
