times:
  edit-metadata: 1.4328167214989662
  landing: 0.8583857268095016
  view-data: 3.390378959476948
