times:
  edit-metadata: 1.4148764610290527
  landing: 0.8759119212627411
  view-data: 3.586765557527542
