times:
  edit-metadata: 1.4315397590398788
  landing: 0.8798279315233231
  view-data: 3.260673888027668
