times:
  edit-metadata: 1.6331751719117165
  landing: 0.9681470394134521
  view-data: 3.460812360048294
