times:
  edit-metadata: 1.500810019671917
  landing: 0.8044961616396904
  view-data: 3.5071419328451157
