times:
  edit-metadata: 1.482527956366539
  landing: 0.9327266998589039
  view-data: 3.321993090212345
