times:
  edit-metadata: 1.4815095700323582
  landing: 0.8957272097468376
  view-data: 3.307913661003113
