times:
  edit-metadata: 1.4669734314084053
  landing: 0.8467689529061317
  view-data: 3.5518266707658768
