times:
  edit-metadata: 1.4243326522409916
  landing: 0.975668765604496
  view-data: 3.3828402012586594
