times:
  edit-metadata: 1.4635000675916672
  landing: 0.9082649797201157
  view-data: 3.3296232372522354
