times:
  edit-metadata: 1.5679072737693787
  landing: 0.9266819432377815
  view-data: 3.43706426769495
