times:
  edit-metadata: 1.4592877812683582
  landing: 0.905850600451231
  view-data: 3.410942994058132
