times:
  edit-metadata: 1.4510353170335293
  landing: 0.8182318918406963
  view-data: 3.2492256686091423
