times:
  edit-metadata: 1.7076382339000702
  landing: 1.028684712946415
  view-data: 3.4426800832152367
