times:
  edit-metadata: 1.516599364578724
  landing: 0.9753582254052162
  view-data: 3.359947942197323
