times:
  edit-metadata: 1.5514807924628258
  landing: 0.8999037519097328
  view-data: 3.2593258172273636
