times:
  edit-metadata: 1.522205837070942
  landing: 0.8135900497436523
  view-data: 3.581231415271759
