times:
  edit-metadata: 1.5286390110850334
  landing: 0.892366424202919
  view-data: 3.318262778222561
