times:
  edit-metadata: 1.5595731511712074
  landing: 0.9890334904193878
  view-data: 3.548329569399357
