times:
  edit-metadata: 1.6192210838198662
  landing: 0.9838190823793411
  view-data: 3.3516333363950253
