times:
  edit-metadata: 1.7180325835943222
  landing: 0.9360287934541702
  view-data: 3.298385351896286
