times:
  edit-metadata: 1.4828323870897293
  landing: 0.8604639619588852
  view-data: 3.49173104763031
