times:
  edit-metadata: 1.4378462359309196
  landing: 0.8608368262648582
  view-data: 3.3096327781677246
