times:
  edit-metadata: 1.49225315451622
  landing: 0.9158040769398212
  view-data: 3.3218406662344933
