times:
  edit-metadata: 1.533471867442131
  landing: 1.0054531916975975
  view-data: 3.2839276902377605
