times:
  edit-metadata: 1.5616206154227257
  landing: 0.9058799743652344
  view-data: 3.308836657553911
