times:
  edit-metadata: 1.5760201066732407
  landing: 0.8248327225446701
  view-data: 3.43316750228405
