times:
  edit-metadata: 1.5068592876195908
  landing: 0.85140510648489
  view-data: 3.264673165977001
