times:
  edit-metadata: 1.5861757844686508
  landing: 0.8138381019234657
  view-data: 3.4077655598521233
