times:
  edit-metadata: 2.697101280093193
  landing: 1.353345274925232
  view-data: 3.4031590074300766
