times:
  edit-metadata: 1.421089693903923
  landing: 0.91767817735672
  view-data: 3.511611595749855
