times:
  edit-metadata: 1.4162402153015137
  landing: 0.8255888819694519
  view-data: 3.339387435466051
