times:
  edit-metadata: 1.5138387121260166
  landing: 0.9356733523309231
  view-data: 3.3141580000519753
