times:
  edit-metadata: 1.485419001430273
  landing: 1.0059188269078732
  view-data: 3.2886958345770836
