times:
  edit-metadata: 1.4698261991143227
  landing: 0.9032858498394489
  view-data: 3.299882996827364
