times:
  edit-metadata: 2.6395944952964783
  landing: 1.429014839231968
  view-data: 3.390921913087368
