times:
  edit-metadata: 1.5300548449158669
  landing: 0.8164838552474976
  view-data: 3.4336510002613068
