times:
  edit-metadata: 2.0268234871327877
  landing: 1.1995878666639328
  view-data: 3.366213783621788
