times:
  edit-metadata: 1.4870760440826416
  landing: 0.7874534428119659
  view-data: 3.509835682809353
