times:
  edit-metadata: 1.5761255770921707
  landing: 0.8300681710243225
  view-data: 3.4228907749056816
