times:
  edit-metadata: 1.6360861286520958
  landing: 1.014726210385561
  view-data: 3.3362661972641945
