times:
  edit-metadata: 1.4238500222563744
  landing: 0.889728918671608
  view-data: 3.455759637057781
