times:
  edit-metadata: 1.4599484205245972
  landing: 0.7167498916387558
  view-data: 3.2877174839377403
