times:
  edit-metadata: 1.5190644562244415
  landing: 0.7256274744868279
  view-data: 3.3971104845404625
