times:
  edit-metadata: 1.3711865320801735
  landing: 0.7348291426897049
  view-data: 3.3066627234220505
