times:
  edit-metadata: 1.4935781061649323
  landing: 0.7055162116885185
  view-data: 3.2593510672450066
