times:
  edit-metadata: 1.4988770931959152
  landing: 0.7454713582992554
  view-data: 3.429399535059929
