times:
  edit-metadata: 1.4067454859614372
  landing: 0.7607617080211639
  view-data: 3.44364470243454
