times:
  edit-metadata: 1.6922512911260128
  landing: 1.1146892197430134
  view-data: 3.356505513191223
