times:
  edit-metadata: 1.6874175071716309
  landing: 0.8879843652248383
  view-data: 3.405179277062416
