times:
  edit-metadata: 1.6320724003016949
  landing: 0.9433056861162186
  view-data: 3.306148938834667
