times:
  edit-metadata: 1.5371714755892754
  landing: 0.9170548841357231
  view-data: 3.334568753838539
