times:
  edit-metadata: 1.4721904918551445
  landing: 0.7447782158851624
  view-data: 3.389908604323864
