times:
  edit-metadata: 1.5275103598833084
  landing: 0.7203896567225456
  view-data: 3.3038625717163086
