times:
  edit-metadata: 1.5239794626832008
  landing: 0.764839306473732
  view-data: 3.5137693881988525
