times:
  edit-metadata: 1.432667389512062
  landing: 0.7373393177986145
  view-data: 3.3829190135002136
