times:
  edit-metadata: 2.021912582218647
  landing: 0.7352761328220367
  view-data: 3.4729903787374496
