times:
  edit-metadata: 1.5649051144719124
  landing: 0.7996681705117226
  view-data: 3.3285828940570354
