times:
  edit-metadata: 1.9537133425474167
  landing: 0.8479517847299576
  view-data: 3.5796586722135544
