times:
  edit-metadata: 1.3851280137896538
  landing: 0.7806476950645447
  view-data: 3.3946255147457123
