times:
  edit-metadata: 1.577841192483902
  landing: 0.8442665114998817
  view-data: 3.5838646441698074
