times:
  edit-metadata: 1.5489333495497704
  landing: 0.7355062812566757
  view-data: 3.307313159108162
