times:
  edit-metadata: 1.4415274634957314
  landing: 0.7386774495244026
  view-data: 3.268752295523882
