times:
  edit-metadata: 1.554859485477209
  landing: 0.7645331732928753
  view-data: 3.278999086469412
