times:
  edit-metadata: 1.4735731184482574
  landing: 0.8873410224914551
  view-data: 3.443352848291397
