times:
  edit-metadata: 1.5255053415894508
  landing: 0.7852656170725822
  view-data: 3.428215518593788
