times:
  edit-metadata: 1.9283830597996712
  landing: 1.1352747678756714
  view-data: 3.3751128911972046
