times:
  edit-metadata: 1.4782589673995972
  landing: 0.7735385298728943
  view-data: 3.3642626479268074
