times:
  edit-metadata: 1.4371773824095726
  landing: 0.7924648895859718
  view-data: 3.3518306612968445
