times:
  edit-metadata: 1.4279524013400078
  landing: 0.7588024809956551
  view-data: 3.308295451104641
