times:
  edit-metadata: 1.414501741528511
  landing: 0.8021282404661179
  view-data: 3.4834831953048706
