times:
  edit-metadata: 1.4141887351870537
  landing: 0.69934943318367
  view-data: 3.3775497376918793
