times:
  edit-metadata: 3.3443163335323334
  landing: 2.0049656108021736
  view-data: 3.6522251069545746
