times:
  edit-metadata: 1.5972314924001694
  landing: 0.8110455125570297
  view-data: 3.2718787267804146
