times:
  edit-metadata: 1.3929443135857582
  landing: 0.7828181013464928
  view-data: 3.3654248788952827
