times:
  edit-metadata: 1.415746584534645
  landing: 0.7900220155715942
  view-data: 3.448380582034588
