times:
  edit-metadata: 1.402976155281067
  landing: 0.7256149612367153
  view-data: 3.261341627687216
