times:
  edit-metadata: 1.2995723709464073
  landing: 0.8048828989267349
  view-data: 3.3284154012799263
