times:
  edit-metadata: 1.4912708029150963
  landing: 0.7799998745322227
  view-data: 3.353270411491394
