times:
  edit-metadata: 1.4594296738505363
  landing: 0.8002326563000679
  view-data: 3.395899035036564
