times:
  edit-metadata: 1.4171638786792755
  landing: 0.7392052784562111
  view-data: 3.466776743531227
