times:
  edit-metadata: 1.3656533062458038
  landing: 0.7893358394503593
  view-data: 3.475762240588665
