times:
  edit-metadata: 1.4673194736242294
  landing: 0.8136519342660904
  view-data: 3.3058096691966057
