times:
  edit-metadata: 1.5533288978040218
  landing: 0.6924752816557884
  view-data: 3.3167438618838787
