times:
  edit-metadata: 1.3970302157104015
  landing: 0.7269281893968582
  view-data: 3.2712284214794636
