times:
  edit-metadata: 2.0532503351569176
  landing: 1.026367075741291
  view-data: 3.622308276593685
