times:
  edit-metadata: 1.4948507994413376
  landing: 1.0427787601947784
  view-data: 3.318076580762863
