times:
  edit-metadata: 1.3767672926187515
  landing: 0.840317465364933
  view-data: 3.5424552485346794
