times:
  edit-metadata: 2.053366981446743
  landing: 1.0088532269001007
  view-data: 3.383015997707844
