times:
  edit-metadata: 1.4121100418269634
  landing: 0.8007328510284424
  view-data: 3.301045723259449
