times:
  edit-metadata: 1.4068067893385887
  landing: 0.8192572966217995
  view-data: 3.3770158514380455
