times:
  edit-metadata: 1.380969077348709
  landing: 0.6987218037247658
  view-data: 3.335100293159485
