times:
  edit-metadata: 1.4616068191826344
  landing: 0.7047259174287319
  view-data: 3.2674098387360573
