times:
  edit-metadata: 1.3395442739129066
  landing: 0.7186964601278305
  view-data: 3.751902051270008
