times:
  edit-metadata: 1.6933702491223812
  landing: 0.8995513617992401
  view-data: 3.643612638115883
