times:
  edit-metadata: 1.5402680411934853
  landing: 0.7915888503193855
  view-data: 3.351937808096409
