times:
  edit-metadata: 1.4469938203692436
  landing: 0.890814408659935
  view-data: 3.267928957939148
