times:
  edit-metadata: 1.4031602963805199
  landing: 0.7825964242219925
  view-data: 3.326930295675993
