times:
  edit-metadata: 1.4179094061255455
  landing: 0.7543076686561108
  view-data: 3.294187866151333
