times:
  edit-metadata: 1.581424817442894
  landing: 0.8269403874874115
  view-data: 3.327182810753584
