times:
  edit-metadata: 1.4552608206868172
  landing: 0.7646138519048691
  view-data: 3.3759236857295036
