times:
  edit-metadata: 1.4350226148962975
  landing: 0.7565395087003708
  view-data: 3.3168075159192085
