times:
  edit-metadata: 1.506336823105812
  landing: 0.8864879570901394
  view-data: 3.36873459815979
