times:
  edit-metadata: 1.3105891793966293
  landing: 0.7665013745427132
  view-data: 3.4229059368371964
