times:
  edit-metadata: 1.888110414147377
  landing: 0.8265291377902031
  view-data: 3.4448207020759583
