times:
  edit-metadata: 1.3544782921671867
  landing: 0.7219195999205112
  view-data: 3.2892817445099354
