times:
  edit-metadata: 1.4288698844611645
  landing: 0.7035334520041943
  view-data: 3.327232889831066
