times:
  edit-metadata: 1.4498059079051018
  landing: 0.7452650815248489
  view-data: 3.462234601378441
