times:
  edit-metadata: 1.4050045013427734
  landing: 0.7873794585466385
  view-data: 3.422068625688553
