times:
  edit-metadata: 1.525522742420435
  landing: 0.8310583233833313
  view-data: 3.33545109257102
