times:
  edit-metadata: 2.4472206607460976
  landing: 1.2131167203187943
  view-data: 3.8642113730311394
