times:
  edit-metadata: 2.113140858709812
  landing: 1.089896410703659
  view-data: 3.654004581272602
