times:
  edit-metadata: 1.639232836663723
  landing: 1.0601763129234314
  view-data: 3.4821440503001213
