times:
  edit-metadata: 1.4778269045054913
  landing: 0.8771132379770279
  view-data: 3.415803086012602
