times:
  edit-metadata: 1.4959718361496925
  landing: 0.7585023529827595
  view-data: 3.3784141428768635
