times:
  edit-metadata: 1.501299723982811
  landing: 1.085004411637783
  view-data: 3.3093991950154305
