times:
  edit-metadata: 1.5348243936896324
  landing: 0.8204960003495216
  view-data: 3.312362380325794
