times:
  edit-metadata: 1.4593369960784912
  landing: 0.7877603620290756
  view-data: 3.404943771660328
