times:
  edit-metadata: 1.4167190827429295
  landing: 0.7303626500070095
  view-data: 3.3138107024133205
