times:
  edit-metadata: 1.6395016461610794
  landing: 0.8800571635365486
  view-data: 3.566186636686325
