times:
  edit-metadata: 1.4740338623523712
  landing: 0.7838029265403748
  view-data: 3.294463813304901
