times:
  edit-metadata: 1.4289244934916496
  landing: 0.72737056016922
  view-data: 3.3990524113178253
