times:
  edit-metadata: 1.4194336868822575
  landing: 1.064466793090105
  view-data: 3.5405317209661007
