times:
  edit-metadata: 1.8348407968878746
  landing: 0.996100939810276
  view-data: 3.4089204259216785
