times:
  edit-metadata: 1.6237571872770786
  landing: 0.8136720880866051
  view-data: 3.437713846564293
