times:
  edit-metadata: 1.4282254092395306
  landing: 0.7332402393221855
  view-data: 3.37068996950984
