times:
  edit-metadata: 1.7005920223891735
  landing: 0.9729603044688702
  view-data: 3.450142417103052
