times:
  edit-metadata: 1.368926577270031
  landing: 0.7418428733944893
  view-data: 3.4096227064728737
