times:
  edit-metadata: 1.5483984537422657
  landing: 0.8090359009802341
  view-data: 3.3113536573946476
