times:
  edit-metadata: 1.5280644297599792
  landing: 0.796724796295166
  view-data: 3.4777832850813866
