times:
  edit-metadata: 1.8228280432522297
  landing: 0.7964440286159515
  view-data: 3.262708980590105
