times:
  edit-metadata: 1.6202459931373596
  landing: 0.7336570397019386
  view-data: 3.4982746690511703
