times:
  edit-metadata: 1.5057415515184402
  landing: 0.7847806736826897
  view-data: 3.5181924179196358
