times:
  edit-metadata: 1.3612801656126976
  landing: 0.869724839925766
  view-data: 3.441768355667591
