times:
  edit-metadata: 1.433077447116375
  landing: 0.7365051507949829
  view-data: 3.378915026783943
