times:
  edit-metadata: 1.4633506573736668
  landing: 0.7563718929886818
  view-data: 3.3178831450641155
