times:
  edit-metadata: 1.5382397323846817
  landing: 0.7672436386346817
  view-data: 3.5658983066678047
