times:
  edit-metadata: 1.5534944832324982
  landing: 0.7778747528791428
  view-data: 3.3307121619582176
