times:
  edit-metadata: 1.3845782354474068
  landing: 0.8333669453859329
  view-data: 3.513397693634033
