times:
  edit-metadata: 1.3583633750677109
  landing: 0.768191434442997
  view-data: 3.3418855890631676
