times:
  edit-metadata: 1.5679827854037285
  landing: 0.944657638669014
  view-data: 3.347171016037464
