times:
  edit-metadata: 1.426155898720026
  landing: 0.7652335427701473
  view-data: 3.321041315793991
