times:
  edit-metadata: 1.7677220441401005
  landing: 0.7435750886797905
  view-data: 3.3184140473604202
