times:
  edit-metadata: 1.4546465650200844
  landing: 0.8325108215212822
  view-data: 3.388127990067005
