times:
  edit-metadata: 1.3907662779092789
  landing: 0.7544320225715637
  view-data: 3.3556354120373726
