times:
  edit-metadata: 1.6871383488178253
  landing: 0.8655950427055359
  view-data: 3.394037425518036
