times:
  edit-metadata: 1.3956373892724514
  landing: 0.7982724048197269
  view-data: 3.326371308416128
