times:
  edit-metadata: 1.4222663417458534
  landing: 0.7409761846065521
  view-data: 3.354439005255699
