times:
  edit-metadata: 1.577446423470974
  landing: 0.905644491314888
  view-data: 3.588676370680332
