times:
  edit-metadata: 1.760238729417324
  landing: 0.8003609329462051
  view-data: 3.39039733633399
