times:
  edit-metadata: 2.169833928346634
  landing: 0.9710444621741772
  view-data: 3.3718134723603725
