times:
  edit-metadata: 1.664520986378193
  landing: 0.8195192217826843
  view-data: 3.309050217270851
