times:
  edit-metadata: 1.43202955275774
  landing: 0.7427510991692543
  view-data: 3.4125086441636086
