times:
  edit-metadata: 1.3663762658834457
  landing: 0.7369529530405998
  view-data: 3.4303678572177887
