times:
  edit-metadata: 1.440413635224104
  landing: 0.8394245095551014
  view-data: 3.3570228032767773
