times:
  edit-metadata: 2.2871849983930588
  landing: 1.0901456847786903
  view-data: 3.6546632274985313
