times:
  edit-metadata: 1.4841810464859009
  landing: 0.7269192263484001
  view-data: 3.4419716745615005
