times:
  edit-metadata: 1.4182651489973068
  landing: 0.9925536252558231
  view-data: 3.2631486542522907
