times:
  edit-metadata: 1.3611443042755127
  landing: 0.7509024813771248
  view-data: 3.4552589878439903
