times:
  edit-metadata: 1.58329226821661
  landing: 0.9011341407895088
  view-data: 0.7404356524348259
