times:
  edit-metadata: 1.4438286125659943
  landing: 0.720713697373867
  view-data: 3.496191903948784
