times:
  edit-metadata: 1.540498360991478
  landing: 0.9451856166124344
  view-data: 3.599965699017048
