times:
  edit-metadata: 1.538668118417263
  landing: 0.803578719496727
  view-data: 3.336948126554489
