times:
  edit-metadata: 1.4624743983149529
  landing: 0.7498944662511349
  view-data: 3.327325876802206
