times:
  edit-metadata: 1.4177444837987423
  landing: 0.7695249691605568
  view-data: 3.3099387660622597
