times:
  edit-metadata: 1.6281495243310928
  landing: 1.0441893115639687
  view-data: 3.3895542919635773
