times:
  edit-metadata: 1.4401196166872978
  landing: 0.8006381168961525
  view-data: 3.2988185212016106
