times:
  edit-metadata: 1.3617395758628845
  landing: 0.7005177661776543
  view-data: 3.3406413570046425
