times:
  edit-metadata: 1.6134419851005077
  landing: 0.8218255490064621
  view-data: 3.327128306031227
