times:
  edit-metadata: 1.4077072888612747
  landing: 0.7056511268019676
  view-data: 3.3785718604922295
