times:
  edit-metadata: 1.72323539853096
  landing: 0.749266479164362
  view-data: 3.3689799904823303
