times:
  edit-metadata: 1.5658520832657814
  landing: 0.8920803517103195
  view-data: 3.269654482603073
