times:
  edit-metadata: 1.385369174182415
  landing: 0.8197019770741463
  view-data: 3.4121085703372955
