times:
  edit-metadata: 1.4196886718273163
  landing: 0.7699757516384125
  view-data: 3.3533245474100113
