times:
  edit-metadata: 1.6335385590791702
  landing: 0.8468032702803612
  view-data: 3.34914044290781
