times:
  edit-metadata: 1.4308416843414307
  landing: 0.7759532928466797
  view-data: 3.4594753831624985
