times:
  edit-metadata: 1.3916428983211517
  landing: 0.7571511119604111
  view-data: 3.504010558128357
