times:
  edit-metadata: 1.4443013742566109
  landing: 0.7697093114256859
  view-data: 3.335484266281128
