times:
  edit-metadata: 1.5064103156328201
  landing: 0.8652698323130608
  view-data: 3.4746414870023727
