times:
  edit-metadata: 1.5021752826869488
  landing: 0.7395452000200748
  view-data: 3.300559014081955
