times:
  edit-metadata: 2.040972273796797
  landing: 0.9466961398720741
  view-data: 3.44553180411458
