times:
  edit-metadata: 1.933384645730257
  landing: 0.9929176457226276
  view-data: 3.5738977044820786
