times:
  edit-metadata: 1.4184736385941505
  landing: 0.7270670905709267
  view-data: 3.4164470732212067
