times:
  edit-metadata: 1.470773283392191
  landing: 0.8733249455690384
  view-data: 3.40192773938179
