times:
  edit-metadata: 1.6338605917990208
  landing: 0.7473717965185642
  view-data: 3.3458470925688744
