times:
  edit-metadata: 2.5821659676730633
  landing: 1.4176914654672146
  view-data: 3.6314584016799927
