times:
  edit-metadata: 1.406286831945181
  landing: 0.7450390085577965
  view-data: 3.252456698566675
