times:
  edit-metadata: 1.4220973774790764
  landing: 0.9653440713882446
  view-data: 3.6283649057149887
