times:
  edit-metadata: 2.2443352788686752
  landing: 1.2716518640518188
  view-data: 3.6659577786922455
