times:
  edit-metadata: 1.415935505181551
  landing: 0.8631671294569969
  view-data: 3.3018509969115257
