times:
  edit-metadata: 1.5751344747841358
  landing: 0.6937706097960472
  view-data: 3.3751024827361107
