times:
  edit-metadata: 1.454377494752407
  landing: 0.793093204498291
  view-data: 3.3133410811424255
