times:
  edit-metadata: 1.3981622830033302
  landing: 0.763521172106266
  view-data: 3.441838525235653
