times:
  edit-metadata: 1.360809131525457
  landing: 0.15993155352771282
  view-data: 0.1165755894035101
