times:
  edit-metadata: 1.3279557134956121
  landing: 0.7392477598041296
  view-data: 3.2987438682466745
