times:
  edit-metadata: 1.4809167198836803
  landing: 0.7662441432476044
  view-data: 3.3867712132632732
