times:
  edit-metadata: 1.415711672976613
  landing: 0.769116897135973
  view-data: 3.3777738651260734
