times:
  edit-metadata: 1.684346493333578
  landing: 0.9451662972569466
  view-data: 3.3306988812983036
