times:
  edit-metadata: 1.472026875242591
  landing: 0.021294713020324707
  view-data: 0.3031292241066694
