times:
  edit-metadata: 0.786486997269094
  landing: 0.11646690918132663
  view-data: 0.24973174277693033
