times:
  edit-metadata: 0.5616038560401648
  landing: 0.0996619580546394
  view-data: 0.20746030297596008
