times:
  edit-metadata: 1.4488851428031921
  landing: 0.8913676729425788
  view-data: 3.645333365071565
