times:
  edit-metadata: 1.554128024727106
  landing: 0.7180561684072018
  view-data: 3.3247459083795547
