times:
  edit-metadata: 1.5727399308234453
  landing: 0.22802235931158066
  view-data: 0.11118130013346672
