times:
  edit-metadata: 1.9003119328990579
  landing: 0.022021922282874584
  view-data: 0.540107561275363
