times:
  edit-metadata: 1.4035125207155943
  landing: 0.021836355328559875
  view-data: 0.31576286256313324
