times:
  edit-metadata: 1.4812330603599548
  landing: 0.8720944691449404
  view-data: 3.3561473432928324
