times:
  edit-metadata: 0.5186252631247044
  landing: 0.041942376643419266
  view-data: 0.19566967198625207
