times:
  edit-metadata: 1.3729340850841254
  landing: 0.8541624760255218
  view-data: 3.3463568459264934
