times:
  edit-metadata: 0.5087212128564715
  landing: 0.04246198758482933
  view-data: 0.2194271171465516
