times:
  edit-metadata: 2.063749562948942
  landing: 0.2765207551419735
  view-data: 0.6669756695628166
