times:
  edit-metadata: 1.3757586171850562
  landing: 0.8917293222621083
  view-data: 3.3108937120996416
