times:
  edit-metadata: 1.362743757199496
  landing: 0.7763431780040264
  view-data: 3.3660985631868243
