times:
  edit-metadata: 1.5060589630156755
  landing: 0.7295310143381357
  view-data: 3.3551605343818665
