times:
  edit-metadata: 1.4226210936903954
  landing: 0.8712461180984974
  view-data: 3.448665540665388
