times:
  edit-metadata: 0.4968545031733811
  landing: 0.05024692974984646
  view-data: 0.1969278622418642
