times:
  edit-metadata: 1.3174312487244606
  landing: 0.11584056634455919
  view-data: 0.09872690960764885
