times:
  edit-metadata: 0.5107258697971702
  landing: 0.04301493056118488
  view-data: 0.21071610786020756
