times:
  edit-metadata: 1.3283721953630447
  landing: 0.8458725586533546
  view-data: 3.2821116857230663
