times:
  edit-metadata: 0.7865983587689698
  landing: 0.05628607235848904
  view-data: 0.22956841299310327
