times:
  edit-metadata: 0.5182476849295199
  landing: 0.049454146064817905
  view-data: 0.2126855910755694
