times:
  edit-metadata: 0.508285216987133
  landing: 0.0499113870318979
  view-data: 0.2097536709625274
