times:
  edit-metadata: 1.3611967070028186
  landing: 0.020590579137206078
  view-data: 0.1167190121486783
