times:
  edit-metadata: 0.5169978500343859
  landing: 0.04361073300242424
  view-data: 0.1993174720555544
