times:
  edit-metadata: 1.4792227512225509
  landing: 0.8056088853627443
  view-data: 3.3506715316325426
