times:
  edit-metadata: 1.9479126408696175
  landing: 0.026377622038125992
  view-data: 0.12370141968131065
