times:
  edit-metadata: 1.6358593720942736
  landing: 0.1586979478597641
  view-data: 0.3367228228598833
