times:
  edit-metadata: 1.448084644973278
  landing: 0.022958594374358654
  view-data: 0.02632218599319458
