times:
  edit-metadata: 0.5081740701571107
  landing: 0.04112677834928036
  view-data: 0.19753908459097147
