times:
  edit-metadata: 1.5340424869209528
  landing: 0.021150663495063782
  view-data: 0.3115538861602545
