times:
  edit-metadata: 1.5864505767822266
  landing: 0.746329877525568
  view-data: 3.457266600802541
