times:
  edit-metadata: 0.5052826721221209
  landing: 0.07446169690228999
  view-data: 0.20809791679494083
