times:
  edit-metadata: 1.331467761658132
  landing: 0.01959223486483097
  view-data: 0.02636074274778366
