times:
  edit-metadata: 0.8051645439118147
  landing: 0.0641320701688528
  view-data: 0.3001148533076048
