times:
  edit-metadata: 1.4078700859099627
  landing: 0.021782847121357918
  view-data: 0.024215776473283768
