times:
  edit-metadata: 1.3892581276595592
  landing: 0.8438047766685486
  view-data: 3.317332748323679
