times:
  edit-metadata: 1.4028147868812084
  landing: 0.7662504017353058
  view-data: 3.2929550893604755
