times:
  edit-metadata: 1.9567839242517948
  landing: 1.2992796823382378
  view-data: 3.550986386835575
