times:
  edit-metadata: 1.4297818839550018
  landing: 0.9099565334618092
  view-data: 3.328428167849779
