times:
  edit-metadata: 1.5341129954904318
  landing: 0.8018398396670818
  view-data: 3.4343477077782154
