times:
  edit-metadata: 1.5583868883550167
  landing: 0.8138281889259815
  view-data: 3.3945079408586025
