times:
  edit-metadata: 1.5459858253598213
  landing: 0.8786947056651115
  view-data: 3.4524532482028008
