times:
  edit-metadata: 0.4877960467711091
  landing: 0.0506762582808733
  view-data: 0.2017312804237008
