times:
  edit-metadata: 2.502827052026987
  landing: 1.2817880176007748
  view-data: 3.949058100581169
