times:
  edit-metadata: 1.5678852275013924
  landing: 0.8632472977042198
  view-data: 3.406553417444229
