times:
  edit-metadata: 0.5154689317569137
  landing: 0.0477245869114995
  view-data: 0.2045618910342455
