times:
  edit-metadata: 1.3795432392507792
  landing: 0.7280276194214821
  view-data: 3.6171134896576405
