times:
  edit-metadata: 0.5039877560921013
  landing: 0.04576569376513362
  view-data: 0.20460215210914612
