times:
  edit-metadata: 1.7006752379238605
  landing: 0.7496651336550713
  view-data: 3.3428832590579987
