times:
  edit-metadata: 1.93838419765234
  landing: 0.9043234866112471
  view-data: 3.252935215830803
