times:
  edit-metadata: 1.4821542762219906
  landing: 4.507192563265562
  view-data: 3.328176327049732
