times:
  edit-metadata: 1.4193638255819678
  landing: 0.13574364595115185
  view-data: 0.4849065290763974
