times:
  edit-metadata: 1.5417242515832186
  landing: 0.14124739542603493
  view-data: 0.18954752385616302
