times:
  edit-metadata: 0.5101721249520779
  landing: 0.0638098050840199
  view-data: 0.21245363494381309
