times:
  edit-metadata: 1.519032908603549
  landing: 0.737421179190278
  view-data: 3.344433933496475
