times:
  edit-metadata: 1.4845237955451012
  landing: 0.21943634748458862
  view-data: 0.12127897515892982
