times:
  edit-metadata: 1.8991963397711515
  landing: 1.1173705980181694
  view-data: 3.6332656126469374
