times:
  edit-metadata: 1.4633568227291107
  landing: 0.7638166919350624
  view-data: 3.3260606415569782
