times:
  edit-metadata: 1.3358549559488893
  landing: 0.12129280157387257
  view-data: 0.11808376293629408
