times:
  edit-metadata: 1.4454323649406433
  landing: 0.024727195501327515
  view-data: 0.10777727328240871
