times:
  edit-metadata: 1.443524825386703
  landing: 0.1013253964483738
  view-data: 0.46773479506373405
