times:
  edit-metadata: 0.6619869860005565
  landing: 0.05086704500718042
  view-data: 0.2526308380183764
