times:
  edit-metadata: 1.4520084634423256
  landing: 0.7801327742636204
  view-data: 3.3580603040754795
