times:
  edit-metadata: 0.497640036046505
  landing: 0.06959588592872024
  view-data: 0.21216109208762646
