times:
  edit-metadata: 0.5114673599600792
  landing: 0.07602185604628175
  view-data: 0.2218722039833665
