times:
  edit-metadata: 1.4463137609418482
  landing: 0.7107592970132828
  view-data: 3.2922780450899154
