times:
  edit-metadata: 1.6769436988979578
  landing: 0.879094697535038
  view-data: 3.4219931680709124
