times:
  edit-metadata: 1.5391859356313944
  landing: 0.8402399756014347
  view-data: 3.4455037713050842
