times:
  edit-metadata: 0.4777531949803233
  landing: 0.061577227897942066
  view-data: 0.20656818011775613
