times:
  edit-metadata: 0.49475817405618727
  landing: 0.0683836709940806
  view-data: 0.2248426160076633
