times:
  edit-metadata: 1.3678835313767195
  landing: 0.7482787482440472
  view-data: 3.5922198463231325
