times:
  edit-metadata: 1.5437918435782194
  landing: 0.8305951524525881
  view-data: 3.3997556176036596
