times:
  edit-metadata: 1.3475904101505876
  landing: 0.11303717736154795
  view-data: 0.02411208301782608
