times:
  edit-metadata: 0.5061663021333516
  landing: 0.07391522591933608
  view-data: 0.2118271009530872
