times:
  edit-metadata: 0.510274819098413
  landing: 0.04544612392783165
  view-data: 0.20041112136095762
