times:
  edit-metadata: 1.4260140815749764
  landing: 0.13286344148218632
  view-data: 0.2400915902107954
