times:
  edit-metadata: 1.3709450662136078
  landing: 0.020573274232447147
  view-data: 0.2681178841739893
