times:
  edit-metadata: 1.5590124502778053
  landing: 0.786220982670784
  view-data: 3.4334707651287317
