times:
  edit-metadata: 1.3471283996477723
  landing: 0.02233966626226902
  view-data: 0.09951046109199524
