times:
  edit-metadata: 0.49789950530976057
  landing: 0.05392178799957037
  view-data: 0.21014938922598958
