times:
  edit-metadata: 1.3202965762466192
  landing: 0.018852977082133293
  view-data: 0.338274534791708
