times:
  edit-metadata: 1.401389967650175
  landing: 0.02223161607980728
  view-data: 0.1281079538166523
