times:
  edit-metadata: 0.5105017219902948
  landing: 0.0725259089958854
  view-data: 0.2163220650400035
