times:
  edit-metadata: 1.7763002086430788
  landing: 0.020426377654075623
  view-data: 0.027731548994779587
