times:
  edit-metadata: 0.4982379220891744
  landing: 0.05936997407115996
  view-data: 0.2130870691034943
