times:
  edit-metadata: 0.631676266901195
  landing: 0.1538431840017438
  view-data: 0.30436874693259597
