times:
  edit-metadata: 1.391077108681202
  landing: 0.019573716446757317
  view-data: 0.1195880388841033
