times:
  edit-metadata: 1.4205084540881217
  landing: 0.7398640289902687
  view-data: 3.3596913660876453
