times:
  edit-metadata: 0.49546826910227537
  landing: 0.040101645048707724
  view-data: 0.20388567307963967
