times:
  edit-metadata: 1.3579677734524012
  landing: 0.7493356205523014
  view-data: 3.3338033445179462
