times:
  edit-metadata: 1.6581468470394611
  landing: 1.0396227575838566
  view-data: 3.445490423589945
