times:
  edit-metadata: 0.7510283590527251
  landing: 0.12057194393128157
  view-data: 0.22047603596001863
