times:
  edit-metadata: 1.6695312857627869
  landing: 1.023308239877224
  view-data: 3.427444253116846
