times:
  edit-metadata: 1.7534030079841614
  landing: 0.8381288088858128
  view-data: 3.2714445292949677
