times:
  edit-metadata: 0.6560693779028952
  landing: 0.07036559982225299
  view-data: 0.33015388203784823
