times:
  edit-metadata: 3.2514768354594707
  landing: 3.406667010858655
  view-data: 4.481821663677692
