times:
  edit-metadata: 1.5554276681505144
  landing: 1.0826836708001792
  view-data: 3.346980439964682
