times:
  edit-metadata: 1.3699802281334996
  landing: 0.1309932665899396
  view-data: 0.12302937638014555
