times:
  edit-metadata: 0.5242516570724547
  landing: 0.04336185660213232
  view-data: 0.20283910585567355
