times:
  edit-metadata: 0.5720874189864844
  landing: 0.08413646405097097
  view-data: 0.20670280093327165
