times:
  edit-metadata: 1.526209531351924
  landing: 0.7653258107602596
  view-data: 3.4539980441331863
