times:
  edit-metadata: 0.4862415730021894
  landing: 0.07561989896930754
  view-data: 0.34222690702881664
