times:
  edit-metadata: 1.2977275530574843
  landing: 0.8167150299996138
  view-data: 3.4716483199736103
