times:
  edit-metadata: 1.3388929860666394
  landing: 0.01911018881946802
  view-data: 0.12285285349935293
