times:
  edit-metadata: 2.1357158552855253
  landing: 0.25659784115850925
  view-data: 0.02496618963778019
