times:
  edit-metadata: 1.4571000860305503
  landing: 0.8219992079539225
  view-data: 3.319724670960568
