times:
  edit-metadata: 0.6458841818384826
  landing: 0.05004265205934644
  view-data: 0.2848503291606903
