times:
  edit-metadata: 0.5128527730703354
  landing: 0.04986781254410744
  view-data: 0.22085007466375828
