times:
  edit-metadata: 0.5017724074423313
  landing: 0.04090266674757004
  view-data: 0.20711415447294712
