times:
  edit-metadata: 1.4765402590855956
  landing: 0.021491861902177334
  view-data: 0.023817469365894794
