times:
  edit-metadata: 1.3613875014707446
  landing: 0.0974135510623455
  view-data: 0.024390706792473793
