times:
  edit-metadata: 1.51544975861907
  landing: 0.7772666625678539
  view-data: 3.404148768633604
