times:
  edit-metadata: 1.4402644373476505
  landing: 0.7996663227677345
  view-data: 3.2833838164806366
