times:
  edit-metadata: 1.3717234265059233
  landing: 0.12365240603685379
  view-data: 0.12642891332507133
