times:
  edit-metadata: 0.5159475980326533
  landing: 0.07203006302006543
  view-data: 0.21962417010217905
