times:
  edit-metadata: 1.7934853956103325
  landing: 1.0355623848736286
  view-data: 3.3810497038066387
