times:
  edit-metadata: 0.5788172709872015
  landing: 0.0818905929918401
  view-data: 0.2198500400118064
