times:
  edit-metadata: 1.7414794340729713
  landing: 0.3263192493468523
  view-data: 0.35699936375021935
