times:
  edit-metadata: 1.3874163809232414
  landing: 0.7475817070808262
  view-data: 3.273393568000756
