times:
  edit-metadata: 1.3772830329835415
  landing: 0.7988423258066177
  view-data: 3.310318421572447
