times:
  edit-metadata: 1.5992187727242708
  landing: 0.8149553630501032
  view-data: 3.4461236502975225
