times:
  edit-metadata: 1.6014663185924292
  landing: 0.15259305015206337
  view-data: 0.3088062610477209
