times:
  edit-metadata: 1.4525052504613996
  landing: 0.1646877769380808
  view-data: 0.44505845848470926
