times:
  edit-metadata: 1.4539958536624908
  landing: 0.13018477894365788
  view-data: 0.3799832724034786
