times:
  edit-metadata: 0.5194646427407861
  landing: 0.045685783959925175
  view-data: 0.1999294115230441
