times:
  edit-metadata: 1.5143571682274342
  landing: 0.9039701484143734
  view-data: 3.3451727516949177
