times:
  edit-metadata: 0.5017307531088591
  landing: 0.04138576611876488
  view-data: 0.20823592133820057
