times:
  edit-metadata: 1.5292606744915247
  landing: 0.01936325430870056
  view-data: 0.3339954949915409
