times:
  edit-metadata: 1.5218153819441795
  landing: 0.8711956441402435
  view-data: 3.365705728530884
