times:
  edit-metadata: 1.615462962538004
  landing: 1.0627273991703987
  view-data: 3.3899459056556225
