times:
  edit-metadata: 1.546967525035143
  landing: 0.7394789848476648
  view-data: 3.3972086794674397
