times:
  edit-metadata: 1.5463940687477589
  landing: 0.7953143585473299
  view-data: 3.3358871685341
