times:
  edit-metadata: 1.3613515933975577
  landing: 0.15985161066055298
  view-data: 0.09666956588625908
