times:
  edit-metadata: 0.6102449239697307
  landing: 0.053090600995346904
  view-data: 0.21752160601317883
