times:
  edit-metadata: 0.4934548500459641
  landing: 0.08142321894410998
  view-data: 0.2113289360422641
