times:
  edit-metadata: 0.5753417160012759
  landing: 0.0861985239898786
  view-data: 0.23348078003618866
