times:
  edit-metadata: 0.49033796903677285
  landing: 0.0705803451128304
  view-data: 0.214163786964491
