times:
  edit-metadata: 1.535904524847865
  landing: 0.7965890243649483
  view-data: 3.4061203338205814
