times:
  edit-metadata: 1.4290640205144882
  landing: 0.022292111068964005
  view-data: 0.12278547883033752
