times:
  edit-metadata: 1.3681524582207203
  landing: 0.020834780298173428
  view-data: 0.028191469609737396
