times:
  edit-metadata: 1.364478137344122
  landing: 0.02007301803678274
  view-data: 0.12445335742086172
