times:
  edit-metadata: 1.3498383108526468
  landing: 0.02309491764754057
  view-data: 0.024163824506103992
