times:
  edit-metadata: 1.438528255559504
  landing: 0.020084965974092484
  view-data: 0.10689334385097027
