times:
  edit-metadata: 1.375563958659768
  landing: 0.01916272658854723
  view-data: 0.025848401710391045
