times:
  edit-metadata: 2.964333463460207
  landing: 0.545672906562686
  view-data: 0.7880864264443517
