times:
  edit-metadata: 1.5320588182657957
  landing: 0.8791115395724773
  view-data: 3.3468677159398794
