times:
  edit-metadata: 1.508271362632513
  landing: 0.9465147629380226
  view-data: 3.435983659699559
