times:
  edit-metadata: 0.4521932457573712
  landing: 0.04990979563444853
  view-data: 0.197744432836771
