times:
  edit-metadata: 1.660762459039688
  landing: 0.04995936993509531
  view-data: 0.5741339875385165
