times:
  edit-metadata: 1.5994431599974632
  landing: 0.23698865622282028
  view-data: 0.45990100875496864
