times:
  edit-metadata: 0.5951327069778927
  landing: 0.07132117199944332
  view-data: 0.21151987498160452
