times:
  edit-metadata: 1.559115916956216
  landing: 0.7875949060544372
  view-data: 3.4124168842099607
