times:
  edit-metadata: 1.6481630057096481
  landing: 0.02011258155107498
  view-data: 0.02564406581223011
