times:
  edit-metadata: 0.5782420341856778
  landing: 0.05450423201546073
  view-data: 0.21416436694562435
