times:
  edit-metadata: 1.4114797208458185
  landing: 0.02386576496064663
  view-data: 0.15951217710971832
