times:
  edit-metadata: 1.5334598359186202
  landing: 0.8504446959123015
  view-data: 3.3863561069592834
