times:
  edit-metadata: 0.4750724667683244
  landing: 0.041510887909680605
  view-data: 0.19360882183536887
