times:
  edit-metadata: 1.8125852458178997
  landing: 0.02076745592057705
  view-data: 0.17018867656588554
