times:
  edit-metadata: 1.5824950099922717
  landing: 0.8331351210363209
  view-data: 3.350975433830172
