times:
  edit-metadata: 1.497470898553729
  landing: 0.8624850418418646
  view-data: 3.431396910920739
