times:
  edit-metadata: 1.3915770202875137
  landing: 0.02197454310953617
  view-data: 0.02588815800845623
