times:
  edit-metadata: 1.4135447572916746
  landing: 0.02053714543581009
  view-data: 0.025871306657791138
