times:
  edit-metadata: 0.5983646269887686
  landing: 0.05091938201803714
  view-data: 0.21601671108510345
