times:
  edit-metadata: 1.3860662216320634
  landing: 0.01953481324017048
  view-data: 0.02761493343859911
