times:
  edit-metadata: 1.4284739661961794
  landing: 0.20334825478494167
  view-data: 0.42084393184632063
