times:
  edit-metadata: 0.5214654467999935
  landing: 0.05909773055464029
  view-data: 0.2092709350399673
