times:
  edit-metadata: 1.463616881519556
  landing: 0.02318030782043934
  view-data: 0.022896396927535534
