times:
  edit-metadata: 4.841019306331873
  landing: 2.0719020441174507
  view-data: 3.8966108448803425
