times:
  edit-metadata: 1.4535322301089764
  landing: 0.022465238347649574
  view-data: 0.3478301577270031
