times:
  edit-metadata: 1.4676201702095568
  landing: 0.7601027050986886
  view-data: 3.411348240915686
