times:
  edit-metadata: 1.4596210289746523
  landing: 0.7514979289844632
  view-data: 3.3148579988628626
