times:
  edit-metadata: 1.3933034166693687
  landing: 0.020587099716067314
  view-data: 0.025599170476198196
