times:
  edit-metadata: 1.5338269770145416
  landing: 0.9496888041030616
  view-data: 3.4591995240189135
