times:
  edit-metadata: 1.7711863592267036
  landing: 0.31517202593386173
  view-data: 0.030761554837226868
