times:
  edit-metadata: 1.5826910100877285
  landing: 0.9286232572048903
  view-data: 3.5647178534418344
