times:
  edit-metadata: 1.696435859426856
  landing: 0.1321575902402401
  view-data: 0.37326798401772976
