times:
  edit-metadata: 0.5201409133151174
  landing: 0.03846599813550711
  view-data: 0.2013150742277503
