times:
  edit-metadata: 1.3592750309035182
  landing: 0.1252338569611311
  view-data: 0.024992814287543297
