times:
  edit-metadata: 0.4920616718009114
  landing: 0.041304062120616436
  view-data: 0.2019685683771968
