times:
  edit-metadata: 1.3933187238872051
  landing: 0.7273812666535378
  view-data: 3.372658345848322
