times:
  edit-metadata: 1.7691224552690983
  landing: 0.9740977175533772
  view-data: 3.4530869498848915
