times:
  edit-metadata: 0.4911583252251148
  landing: 0.05084111727774143
  view-data: 0.19944562390446663
