times:
  edit-metadata: 1.4429519716650248
  landing: 0.02207844704389572
  view-data: 0.2284520547837019
