times:
  edit-metadata: 1.4932101089507341
  landing: 0.15417545102536678
  view-data: 0.1373440157622099
