times:
  edit-metadata: 1.6098234914243221
  landing: 0.775185763835907
  view-data: 3.414569713175297
