times:
  edit-metadata: 1.4086493831127882
  landing: 0.19365309923887253
  view-data: 0.02577030286192894
