times:
  edit-metadata: 1.5414696093648672
  landing: 0.7818633299320936
  view-data: 3.3571725599467754
