times:
  edit-metadata: 1.5841435343027115
  landing: 0.9723041020333767
  view-data: 3.3062079809606075
