times:
  edit-metadata: 0.48387413402087986
  landing: 0.07587086991406977
  view-data: 0.3242745799943805
