times:
  edit-metadata: 1.5180618036538363
  landing: 0.7216770853847265
  view-data: 3.401683809235692
