times:
  edit-metadata: 1.454038966447115
  landing: 0.823063500225544
  view-data: 3.337892275303602
