times:
  edit-metadata: 1.4343328326940536
  landing: 0.021323101595044136
  view-data: 0.10033655911684036
