times:
  edit-metadata: 1.4000557586550713
  landing: 0.8884840831160545
  view-data: 3.3259934410452843
