times:
  edit-metadata: 0.5204293979331851
  landing: 0.05299306707456708
  view-data: 0.22116372897289693
