times:
  edit-metadata: 0.4993429649621248
  landing: 0.06702369393315166
  view-data: 0.21922621200792491
