times:
  edit-metadata: 1.43454662989825
  landing: 0.9419071553274989
  view-data: 3.286217720247805
