times:
  edit-metadata: 1.455188013613224
  landing: 0.02148442715406418
  view-data: 0.25098491087555885
