times:
  edit-metadata: 0.48727519204840064
  landing: 0.06364545691758394
  view-data: 0.2271787030622363
