times:
  edit-metadata: 0.5892235599458218
  landing: 0.0716693070717156
  view-data: 0.20626383973285556
