times:
  edit-metadata: 1.3695871448144317
  landing: 0.019899670034646988
  view-data: 0.5024828929454088
