times:
  edit-metadata: 1.4186875261366367
  landing: 0.21394154243171215
  view-data: 0.023413266986608505
