times:
  edit-metadata: 1.3792077638208866
  landing: 0.01803983934223652
  view-data: 0.13989987410604954
