times:
  edit-metadata: 1.4791512861847878
  landing: 0.14280045963823795
  view-data: 0.31781957298517227
