times:
  edit-metadata: 1.455475950613618
  landing: 0.8078722022473812
  view-data: 3.347492702770978
