times:
  edit-metadata: 0.5744348829903174
  landing: 0.05718127299041953
  view-data: 0.219018978998065
