times:
  edit-metadata: 0.8109331908635795
  landing: 0.04113753419369459
  view-data: 0.29551997082307935
