times:
  edit-metadata: 1.5887733772397041
  landing: 0.9709991253912449
  view-data: 3.3773700185120106
