times:
  edit-metadata: 1.3995673805475235
  landing: 0.11287777591496706
  view-data: 0.25644642021507025
