times:
  edit-metadata: 1.3654103893786669
  landing: 0.01981198601424694
  view-data: 0.15340664982795715
