times:
  edit-metadata: 0.5173448142595589
  landing: 0.05012044217437506
  view-data: 0.201637149322778
