times:
  edit-metadata: 0.5033622430637479
  landing: 0.0437753819860518
  view-data: 0.20251889200881124
