times:
  edit-metadata: 1.8058639653027058
  landing: 0.8062686026096344
  view-data: 3.39959604665637
