times:
  edit-metadata: 1.5229892544448376
  landing: 1.0297396257519722
  view-data: 3.491817742586136
