times:
  edit-metadata: 0.5103926588781178
  landing: 0.040578122017905116
  view-data: 0.22271321387961507
