times:
  edit-metadata: 1.3474870761856437
  landing: 0.02123561967164278
  view-data: 0.026152673177421093
