times:
  edit-metadata: 1.4520144648849964
  landing: 0.7890393333509564
  view-data: 3.3686276986263692
