times:
  edit-metadata: 1.3977923262864351
  landing: 0.021470675244927406
  view-data: 0.027397464960813522
