times:
  edit-metadata: 1.451834195991978
  landing: 0.7672236270736903
  view-data: 3.309941262938082
