times:
  edit-metadata: 1.3700611549429595
  landing: 0.716145555023104
  view-data: 3.2902927799150348
