times:
  edit-metadata: 0.5741746490821242
  landing: 0.06910111475735903
  view-data: 0.21722299279645085
