times:
  edit-metadata: 1.5145996138453484
  landing: 0.02121622860431671
  view-data: 0.344801664352417
