times:
  edit-metadata: 1.4014933295547962
  landing: 0.17574848979711533
  view-data: 0.028441470116376877
