times:
  edit-metadata: 1.3900624103844166
  landing: 0.7531479671597481
  view-data: 3.2782428599894047
