times:
  edit-metadata: 0.5189307020045817
  landing: 0.0410154047422111
  view-data: 0.19883882207795978
