times:
  edit-metadata: 1.349928181618452
  landing: 0.021535297855734825
  view-data: 0.09974874090403318
