times:
  edit-metadata: 1.3763535842299461
  landing: 0.14173949882388115
  view-data: 0.025681722909212112
