times:
  edit-metadata: 1.342562522739172
  landing: 0.9069960452616215
  view-data: 3.403718326240778
