times:
  edit-metadata: 1.3774128826335073
  landing: 0.15981036145240068
  view-data: 0.40507685393095016
