times:
  edit-metadata: 1.6216520257294178
  landing: 1.1502738185226917
  view-data: 3.3883095495402813
