times:
  edit-metadata: 1.5269148238003254
  landing: 0.8304105419665575
  view-data: 3.423112891614437
