times:
  edit-metadata: 1.6059341132640839
  landing: 1.0108736380934715
  view-data: 3.311587691307068
