times:
  edit-metadata: 1.4882295317947865
  landing: 0.7892354130744934
  view-data: 3.376037772744894
