times:
  edit-metadata: 1.3463871702551842
  landing: 0.023056053556501865
  view-data: 0.024583703838288784
