times:
  edit-metadata: 0.5139180030673742
  landing: 0.04406880773603916
  view-data: 0.1974515118636191
