times:
  edit-metadata: 1.4972198382019997
  landing: 0.812104444950819
  view-data: 3.343049343675375
