times:
  edit-metadata: 1.3422763561829925
  landing: 0.02055327035486698
  view-data: 0.10045598074793816
