times:
  edit-metadata: 1.7997104125097394
  landing: 1.202114581130445
  view-data: 3.3773763179779053
