times:
  edit-metadata: 1.515993246808648
  landing: 0.13530390337109566
  view-data: 0.3116495832800865
