times:
  edit-metadata: 0.48269605124369264
  landing: 0.04590419214218855
  view-data: 0.20144385797902942
