times:
  edit-metadata: 1.5521233938634396
  landing: 0.8744212798774242
  view-data: 3.4366787299513817
