times:
  edit-metadata: 1.3880078382790089
  landing: 0.01983090490102768
  view-data: 0.026156682521104813
