times:
  edit-metadata: 1.6250610537827015
  landing: 0.906664852052927
  view-data: 3.4235080629587173
