times:
  edit-metadata: 1.526573609560728
  landing: 0.9173460565507412
  view-data: 3.418525628745556
