times:
  edit-metadata: 0.48169948998838663
  landing: 0.04089208506047726
  view-data: 0.20059412997215986
