times:
  edit-metadata: 1.4936781022697687
  landing: 0.02014538086950779
  view-data: 0.02703397534787655
