times:
  edit-metadata: 0.4851740120066097
  landing: 0.05878439800289925
  view-data: 0.21051778200489935
