times:
  edit-metadata: 0.6094810960348696
  landing: 0.057796476990915835
  view-data: 0.2229406979167834
