times:
  edit-metadata: 1.3909080047160387
  landing: 0.022096144035458565
  view-data: 0.03008885681629181
