times:
  edit-metadata: 1.536083284765482
  landing: 0.9400913417339325
  view-data: 3.3135228380560875
