times:
  edit-metadata: 0.5108184847049415
  landing: 0.0604704269208014
  view-data: 0.32914278842508793
