times:
  edit-metadata: 1.5901604127138853
  landing: 0.7855105325579643
  view-data: 3.4555785078555346
