times:
  edit-metadata: 1.8740603178739548
  landing: 1.2729358300566673
  view-data: 3.468676034361124
