times:
  edit-metadata: 1.4603546760044992
  landing: 0.8911580112762749
  view-data: 3.3686397578567266
