times:
  edit-metadata: 1.3327741948887706
  landing: 0.178616963326931
  view-data: 0.11806479841470718
