times:
  edit-metadata: 1.4586331276223063
  landing: 0.19753818307071924
  view-data: 0.12550909724086523
