times:
  edit-metadata: 0.6079146440024488
  landing: 0.05306914099492133
  view-data: 0.24221491800562944
