times:
  edit-metadata: 1.5494250981137156
  landing: 0.9519230769947171
  view-data: 3.3641172340139747
