times:
  edit-metadata: 1.4605129593983293
  landing: 0.7978142751380801
  view-data: 3.342493006028235
