times:
  edit-metadata: 1.3472369918599725
  landing: 0.020825296640396118
  view-data: 0.12213448993861675
