times:
  edit-metadata: 0.49595936900004745
  landing: 0.07777909887954593
  view-data: 0.21642748988233507
