times:
  edit-metadata: 1.7779541248455644
  landing: 0.1650341022759676
  view-data: 0.025547337718307972
