times:
  edit-metadata: 1.6376879177987576
  landing: 0.9002147279679775
  view-data: 3.362953782081604
