times:
  edit-metadata: 1.4169107330963016
  landing: 0.11946887709200382
  view-data: 0.029825111851096153
