times:
  edit-metadata: 1.357088184915483
  landing: 0.021665283478796482
  view-data: 0.11857142485678196
