times:
  edit-metadata: 1.3699773009866476
  landing: 0.12419483251869678
  view-data: 0.20667052175849676
