times:
  edit-metadata: 1.7187331207096577
  landing: 0.16688073985278606
  view-data: 0.025708885863423347
