times:
  edit-metadata: 0.5282060950994492
  landing: 0.052524127066135406
  view-data: 0.18731171218678355
