times:
  edit-metadata: 1.5634415745735168
  landing: 0.8821386620402336
  view-data: 3.352886453270912
