times:
  edit-metadata: 1.5106980577111244
  landing: 0.7363044414669275
  view-data: 3.409628016874194
