times:
  edit-metadata: 1.3349881432950497
  landing: 0.02163241244852543
  view-data: 0.11929393466562033
