times:
  edit-metadata: 1.4542614072561264
  landing: 0.8427986614406109
  view-data: 3.3280057534575462
