times:
  edit-metadata: 1.3559375619515777
  landing: 0.2063391162082553
  view-data: 0.11969637777656317
