times:
  edit-metadata: 0.48654483299469575
  landing: 0.07242889603367075
  view-data: 0.21446000202558935
