times:
  edit-metadata: 0.5774209570081439
  landing: 0.10515340301208198
  view-data: 0.20706128000165336
