times:
  edit-metadata: 1.3631996233016253
  landing: 0.02021416835486889
  view-data: 0.12454799097031355
