times:
  edit-metadata: 0.5095231491141021
  landing: 0.0401542647741735
  view-data: 0.22146378504112363
