times:
  edit-metadata: 1.5396801009774208
  landing: 0.9076527766883373
  view-data: 3.3413419984281063
