times:
  edit-metadata: 1.4657720234245062
  landing: 0.021529147401452065
  view-data: 0.32046281173825264
