times:
  edit-metadata: 1.4402555003762245
  landing: 0.7518668062984943
  view-data: 3.2778646796941757
