times:
  edit-metadata: 1.3719307510182261
  landing: 0.020208420231938362
  view-data: 0.027043349109590054
