times:
  edit-metadata: 0.5986678786575794
  landing: 0.09251357102766633
  view-data: 0.22156032593920827
