times:
  edit-metadata: 1.4288394972682
  landing: 0.9713132828474045
  view-data: 3.3323220312595367
