times:
  edit-metadata: 1.5985545925796032
  landing: 0.8391589727252722
  view-data: 3.4380043763667345
