times:
  edit-metadata: 1.546929981559515
  landing: 0.9727822616696358
  view-data: 3.34774387255311
