times:
  edit-metadata: 1.5974140763282776
  landing: 0.8113531917333603
  view-data: 3.4432919211685658
