times:
  edit-metadata: 1.5007949862629175
  landing: 0.6674132272601128
  view-data: 3.3308208640664816
