times:
  edit-metadata: 1.5420179329812527
  landing: 0.7759492322802544
  view-data: 3.3294882737100124
