times:
  edit-metadata: 1.340183924883604
  landing: 0.023352861404418945
  view-data: 0.12967352382838726
