times:
  edit-metadata: 1.548627894371748
  landing: 0.8978851474821568
  view-data: 3.32617849111557
