times:
  edit-metadata: 1.3531208951026201
  landing: 0.021707402542233467
  view-data: 0.10054823104292154
