times:
  edit-metadata: 0.4978794479975477
  landing: 0.08930264401715249
  view-data: 0.22155430499697104
