times:
  edit-metadata: 1.4046500185504556
  landing: 0.023326925933361053
  view-data: 0.02714690938591957
