times:
  edit-metadata: 1.5295521318912506
  landing: 0.7065185029059649
  view-data: 3.426841877400875
