times:
  edit-metadata: 1.727001041173935
  landing: 0.27961390651762486
  view-data: 0.17947234213352203
