times:
  edit-metadata: 1.9549156818538904
  landing: 1.3095177952200174
  view-data: 3.405613547191024
