times:
  edit-metadata: 1.547072522342205
  landing: 0.14187918975949287
  view-data: 0.1534386109560728
