times:
  edit-metadata: 1.5643917620182037
  landing: 0.13453550077974796
  view-data: 0.41291049122810364
