times:
  edit-metadata: 1.3672378351911902
  landing: 0.01865872647613287
  view-data: 0.02595513593405485
