times:
  edit-metadata: 1.5063561126589775
  landing: 0.7951922845095396
  view-data: 3.3673033323138952
