times:
  edit-metadata: 0.5116657200269401
  landing: 0.06547112995758653
  view-data: 0.2158071929588914
