times:
  edit-metadata: 0.49044479383155704
  landing: 0.034278154373168945
  view-data: 0.20519557408988476
