times:
  edit-metadata: 1.3629877176135778
  landing: 0.021698828786611557
  view-data: 0.027472935616970062
