times:
  edit-metadata: 1.5705442614853382
  landing: 0.8302017152309418
  view-data: 3.4088841527700424
