times:
  edit-metadata: 1.4780138116329908
  landing: 0.9403403792530298
  view-data: 3.4245112631469965
