times:
  edit-metadata: 1.3941282611340284
  landing: 0.7668918520212173
  view-data: 3.363464927300811
