times:
  edit-metadata: 1.5067360699176788
  landing: 0.8307168064638972
  view-data: 3.364171984605491
