times:
  edit-metadata: 0.4939636797644198
  landing: 0.07006905507296324
  view-data: 0.22017453284934163
