times:
  edit-metadata: 1.5259512951597571
  landing: 0.8394887894392014
  view-data: 3.3320995741523802
