times:
  edit-metadata: 1.441667914390564
  landing: 0.8119953032582998
  view-data: 3.4210411813110113
