times:
  edit-metadata: 0.6088128499686718
  landing: 0.07834156800527126
  view-data: 0.21658638794906437
