times:
  edit-metadata: 1.3421704024076462
  landing: 0.7602033466100693
  view-data: 3.3738283067941666
