times:
  edit-metadata: 1.340078883804381
  landing: 0.020575021393597126
  view-data: 0.025655115954577923
