times:
  edit-metadata: 1.4701606817543507
  landing: 0.7483230903744698
  view-data: 3.4492113403975964
