times:
  edit-metadata: 1.5331684350967407
  landing: 2.0873898342251778
  view-data: 3.41212460026145
