times:
  edit-metadata: 1.3932905457913876
  landing: 0.8745162542909384
  view-data: 3.333974877372384
