times:
  edit-metadata: 0.5377712400004384
  landing: 0.04957597700013139
  view-data: 0.21000356400054443
