times:
  edit-metadata: 1.398422373458743
  landing: 0.6806340273469687
  view-data: 3.313773764297366
