times:
  edit-metadata: 1.7357008643448353
  landing: 0.021695289760828018
  view-data: 0.02769661881029606
