times:
  edit-metadata: 1.5078599508851767
  landing: 0.7859599329531193
  view-data: 3.4241612795740366
