times:
  edit-metadata: 0.48876351793296635
  landing: 0.07436612597666681
  view-data: 0.2240942008793354
