times:
  edit-metadata: 1.823789369314909
  landing: 1.0941354669630527
  view-data: 3.405381992459297
