times:
  edit-metadata: 1.4308888614177704
  landing: 0.02157437615096569
  view-data: 0.02619980461895466
