times:
  edit-metadata: 0.6073957699700259
  landing: 0.047673015971668065
  view-data: 0.23364552401471883
