times:
  edit-metadata: 1.6575936786830425
  landing: 1.1428558425977826
  view-data: 3.666989617049694
