times:
  edit-metadata: 1.452454101294279
  landing: 0.020023666322231293
  view-data: 0.14054229483008385
