times:
  edit-metadata: 1.5493009686470032
  landing: 0.7683839984238148
  view-data: 3.383526112884283
