times:
  edit-metadata: 0.49079080298542976
  landing: 0.04169788397848606
  view-data: 0.20177259389311075
