times:
  edit-metadata: 0.6337161748670042
  landing: 0.11669594794511795
  view-data: 0.23249408812262118
