times:
  edit-metadata: 1.4186922386288643
  landing: 0.8134932518005371
  view-data: 3.3607411552220583
