times:
  edit-metadata: 1.3690831288695335
  landing: 0.7741872165352106
  view-data: 3.3869366412982345
