times:
  edit-metadata: 1.599552035331726
  landing: 0.7942057345062494
  view-data: 3.2921837586909533
