times:
  edit-metadata: 0.5266934901010245
  landing: 0.05703372694551945
  view-data: 0.22422312293201685
