times:
  edit-metadata: 0.4945927090011537
  landing: 0.06746939895674586
  view-data: 0.21133845672011375
