times:
  edit-metadata: 1.3477485869079828
  landing: 0.022252509370446205
  view-data: 0.02498459257185459
