times:
  edit-metadata: 1.4177778507582843
  landing: 0.8580689318478107
  view-data: 3.4780179359950125
