times:
  edit-metadata: 0.5007780879968777
  landing: 0.07016387296607718
  view-data: 0.2271949410205707
