times:
  edit-metadata: 0.5754918581806123
  landing: 0.05033055320382118
  view-data: 0.21159930294379592
