times:
  edit-metadata: 1.5641514360904694
  landing: 0.859874052926898
  view-data: 3.4485688637942076
