times:
  edit-metadata: 1.5635253470391035
  landing: 0.8492613956332207
  view-data: 3.419599186629057
