times:
  edit-metadata: 0.49220769898965955
  landing: 0.048975199926644564
  view-data: 0.20299647375941277
