times:
  edit-metadata: 1.600578535348177
  landing: 1.0820010378956795
  view-data: 3.358455713838339
