times:
  edit-metadata: 1.5069715529680252
  landing: 0.8088317513465881
  view-data: 3.387283332645893
