times:
  edit-metadata: 1.6374883521348238
  landing: 0.27000233717262745
  view-data: 0.1900065541267395
