times:
  edit-metadata: 1.2354682211298496
  landing: 0.7070211172103882
  view-data: 3.2931505150627345
