times:
  edit-metadata: 1.5695689618587494
  landing: 0.806733526289463
  view-data: 3.4006589464843273
