times:
  edit-metadata: 1.5430874805897474
  landing: 0.7212508656084538
  view-data: 3.3957304283976555
