times:
  edit-metadata: 1.3544034827500582
  landing: 0.02293994463980198
  view-data: 0.02825897838920355
