times:
  edit-metadata: 1.877825640141964
  landing: 1.1812529861927032
  view-data: 3.3794221952557564
