times:
  edit-metadata: 1.704890064895153
  landing: 0.958816435188055
  view-data: 3.3803441524505615
