times:
  edit-metadata: 0.6234009051695466
  landing: 0.04927738104015589
  view-data: 0.2085996251553297
