times:
  edit-metadata: 1.3592137973755598
  landing: 0.021575897932052612
  view-data: 0.02548829559236765
