times:
  edit-metadata: 1.4575927592813969
  landing: 0.9131034016609192
  view-data: 3.3359132148325443
