times:
  edit-metadata: 1.54674656316638
  landing: 0.9150501117110252
  view-data: 3.370699603110552
