times:
  edit-metadata: 0.511584653519094
  landing: 0.04084197152405977
  view-data: 0.20322658214718103
