times:
  edit-metadata: 1.4719472681172192
  landing: 0.8789735282771289
  view-data: 3.4818044821731746
