times:
  edit-metadata: 1.4148718731012195
  landing: 0.6652869519311935
  view-data: 3.3055900170002133
