times:
  edit-metadata: 1.3237957740202546
  landing: 0.7830595159903169
  view-data: 3.345385546796024
