times:
  edit-metadata: 0.4818258649902418
  landing: 0.06124805595027283
  view-data: 0.20028994599124417
