times:
  edit-metadata: 1.5082263201475143
  landing: 0.846142590045929
  view-data: 3.461531203240156
