times:
  edit-metadata: 1.6492857672274113
  landing: 0.964181981049478
  view-data: 3.3210404831916094
