times:
  edit-metadata: 1.57832270860672
  landing: 0.8254396058619022
  view-data: 3.4567371793091297
