times:
  edit-metadata: 1.3689330164343119
  landing: 0.02438131347298622
  view-data: 0.11908363085240126
