times:
  edit-metadata: 1.3770831059664488
  landing: 0.022407514974474907
  view-data: 0.1402934119105339
