times:
  edit-metadata: 1.5527430400252342
  landing: 0.7517635636031628
  view-data: 3.376336693763733
