times:
  edit-metadata: 1.4345403276383877
  landing: 0.0218944288790226
  view-data: 0.024942811578512192
