times:
  edit-metadata: 0.5075738069135696
  landing: 0.06340152816846967
  view-data: 0.21127898688428104
