times:
  edit-metadata: 1.523048747330904
  landing: 0.9659889191389084
  view-data: 3.3551779612898827
