times:
  edit-metadata: 1.4483242719434202
  landing: 0.7534702839329839
  view-data: 3.3856176210101694
