times:
  edit-metadata: 1.5573840960860252
  landing: 0.832321036607027
  view-data: 3.3358355164527893
