times:
  edit-metadata: 1.3419959302991629
  landing: 0.11290214210748672
  view-data: 0.41326059587299824
