times:
  edit-metadata: 0.5047093010507524
  landing: 0.049165246076881886
  view-data: 0.20383608480915427
