times:
  edit-metadata: 1.4925619289278984
  landing: 0.18522783182561398
  view-data: 0.27027664706110954
