times:
  edit-metadata: 1.5245146714150906
  landing: 0.9035086184740067
  view-data: 3.3395336270332336
