times:
  edit-metadata: 0.9173671709995688
  landing: 0.1259051100000761
  view-data: 0.2926737890002187
