times:
  edit-metadata: 0.6270365349773783
  landing: 0.1215560199925676
  view-data: 0.22793507599271834
