times:
  edit-metadata: 0.5033109439536929
  landing: 0.04704220313578844
  view-data: 0.20229492522776127
