times:
  edit-metadata: 1.358664957806468
  landing: 0.7521299915388227
  view-data: 3.412806245498359
