times:
  edit-metadata: 0.49997863778844476
  landing: 0.0671337628737092
  view-data: 0.22880945028737187
