times:
  edit-metadata: 0.5123679949901998
  landing: 0.06751361000351608
  view-data: 0.2305679628625512
