times:
  edit-metadata: 1.505559304729104
  landing: 0.7425331622362137
  view-data: 3.39433329179883
