times:
  edit-metadata: 1.5767814554274082
  landing: 0.8616369664669037
  view-data: 3.388177879154682
