times:
  edit-metadata: 1.245426356967073
  landing: 0.21674223500303924
  view-data: 0.26135239197174087
