times:
  edit-metadata: 1.5484571978449821
  landing: 0.9467761181294918
  view-data: 3.345587946474552
