times:
  edit-metadata: 1.3641135143116117
  landing: 0.021741682663559914
  view-data: 0.027173821814358234
