times:
  edit-metadata: 1.3828854290768504
  landing: 0.022644256241619587
  view-data: 0.027669805102050304
