times:
  edit-metadata: 1.4414423778653145
  landing: 0.8598138019442558
  view-data: 3.663620252162218
