times:
  edit-metadata: 1.7943290490657091
  landing: 0.21687453985214233
  view-data: 0.17423446476459503
