times:
  edit-metadata: 1.5222115963697433
  landing: 0.8353115506470203
  view-data: 3.3965441808104515
