times:
  edit-metadata: 0.5835614488460124
  landing: 0.088995770085603
  view-data: 0.29565695114433765
