times:
  edit-metadata: 1.4415473258122802
  landing: 0.018980110064148903
  view-data: 0.12423598300665617
