times:
  edit-metadata: 1.479476480744779
  landing: 0.021724218502640724
  view-data: 0.10391338262706995
