times:
  edit-metadata: 1.43322625849396
  landing: 0.021469886414706707
  view-data: 0.12342348136007786
