times:
  edit-metadata: 1.6803229320794344
  landing: 0.17224562540650368
  view-data: 0.34329749643802643
