times:
  edit-metadata: 0.6059441020042868
  landing: 0.07872666799812578
  view-data: 0.22775036100210855
