times:
  edit-metadata: 1.4663156969472766
  landing: 0.797925503924489
  view-data: 3.3695680145174265
