times:
  edit-metadata: 1.4815831277519464
  landing: 0.7979052364826202
  view-data: 3.4112522564828396
