times:
  edit-metadata: 1.6824570428580046
  landing: 0.1655815038830042
  view-data: 0.04635273665189743
