times:
  edit-metadata: 1.5503853019326925
  landing: 0.8676369544118643
  view-data: 3.3689752090722322
