times:
  edit-metadata: 1.5938056334853172
  landing: 0.9203186929225922
  view-data: 3.4103079438209534
