times:
  edit-metadata: 1.394805183634162
  landing: 0.022551066242158413
  view-data: 0.12197403982281685
