times:
  edit-metadata: 1.329310734756291
  landing: 0.15538803674280643
  view-data: 0.13425746280699968
