times:
  edit-metadata: 1.3680697660893202
  landing: 0.020784602500498295
  view-data: 0.23088419251143932
