times:
  edit-metadata: 1.564604789018631
  landing: 0.8540898784995079
  view-data: 3.4375083073973656
