times:
  edit-metadata: 1.5043120346963406
  landing: 0.2502555809915066
  view-data: 0.3180746752768755
