times:
  edit-metadata: 1.4265111833810806
  landing: 0.023123130202293396
  view-data: 0.02407686784863472
