times:
  edit-metadata: 0.4982288833707571
  landing: 0.042090533301234245
  view-data: 0.20213646069169044
