times:
  edit-metadata: 1.855124182999134
  landing: 0.8691464178264141
  view-data: 3.458663772791624
