times:
  edit-metadata: 0.6805496220476925
  landing: 0.13345696404576302
  view-data: 0.2214840231463313
