times:
  edit-metadata: 1.6239434387534857
  landing: 0.9263178268447518
  view-data: 3.42721142526716
