times:
  edit-metadata: 1.7041126769036055
  landing: 0.8662210926413536
  view-data: 3.4218368120491505
