times:
  edit-metadata: 1.4666247610002756
  landing: 0.18158620409667492
  view-data: 0.22966289520263672
