times:
  edit-metadata: 1.3723948393017054
  landing: 0.021450492553412914
  view-data: 0.0251522958278656
