times:
  edit-metadata: 1.4469475764781237
  landing: 0.022097531706094742
  view-data: 0.16101594269275665
