times:
  edit-metadata: 1.5110879819840193
  landing: 0.7537772115319967
  view-data: 3.514841962605715
