times:
  edit-metadata: 1.3727799328044057
  landing: 0.02356051839888096
  view-data: 0.43551994767040014
