times:
  edit-metadata: 1.3774080090224743
  landing: 0.8277339339256287
  view-data: 3.3338572308421135
