times:
  edit-metadata: 1.3500950746238232
  landing: 0.021825875155627728
  view-data: 0.0277009392157197
