times:
  edit-metadata: 1.5479654259979725
  landing: 0.8315403684973717
  view-data: 3.391764596104622
