times:
  edit-metadata: 1.4499953733757138
  landing: 0.7851104168221354
  view-data: 3.388587273657322
