times:
  edit-metadata: 0.5660299649462104
  landing: 0.06843596789985895
  view-data: 0.31147906510159373
