times:
  edit-metadata: 1.33445281162858
  landing: 0.7787820585072041
  view-data: 3.29201477766037
