times:
  edit-metadata: 1.3701182454824448
  landing: 0.02153878752142191
  view-data: 0.026931474916636944
