times:
  edit-metadata: 1.3440218912437558
  landing: 0.021587032824754715
  view-data: 0.44584595039486885
