times:
  edit-metadata: 2.9404754750430584
  landing: 1.1915314197540283
  view-data: 3.598375244066119
