times:
  edit-metadata: 1.3703535683453083
  landing: 0.02127558086067438
  view-data: 0.11971239745616913
