times:
  edit-metadata: 1.483298345003277
  landing: 0.7902050990378484
  view-data: 3.3708098960341886
