times:
  edit-metadata: 1.7411442883312702
  landing: 0.09424756653606892
  view-data: 0.022548139095306396
