times:
  edit-metadata: 1.3681314885616302
  landing: 0.022467557340860367
  view-data: 0.3286373559385538
