times:
  edit-metadata: 1.5781220141798258
  landing: 0.8231044169515371
  view-data: 3.4258602503687143
