times:
  edit-metadata: 1.343419679440558
  landing: 0.02142646722495556
  view-data: 0.02369820885360241
