times:
  edit-metadata: 1.454181432723999
  landing: 4.755164920352399
  view-data: 3.301462823525071
