times:
  edit-metadata: 1.5283945836126804
  landing: 0.9137592166662216
  view-data: 3.41074301302433
