times:
  edit-metadata: 1.5502035189419985
  landing: 0.760815866291523
  view-data: 3.460214814171195
