times:
  edit-metadata: 1.352359564974904
  landing: 0.02297309599816799
  view-data: 0.4025762127712369
