times:
  edit-metadata: 1.474750348366797
  landing: 0.7703888583928347
  view-data: 3.3620331110432744
