times:
  edit-metadata: 1.5187385668978095
  landing: 0.856266563758254
  view-data: 3.4445829279720783
