times:
  edit-metadata: 1.4461144413799047
  landing: 0.7526928298175335
  view-data: 3.3834546776488423
