times:
  edit-metadata: 1.3840570263564587
  landing: 0.8359888046979904
  view-data: 3.3324720449745655
