times:
  edit-metadata: 1.757660268805921
  landing: 0.021988241001963615
  view-data: 0.02733479905873537
