times:
  edit-metadata: 1.5349768232554197
  landing: 0.020596029236912727
  view-data: 0.13357460126280785
