times:
  edit-metadata: 1.5850702319294214
  landing: 0.021197782829403877
  view-data: 0.29524295777082443
