times:
  edit-metadata: 1.5710051897913218
  landing: 1.048614352941513
  view-data: 3.4416349809616804
