times:
  edit-metadata: 1.4561431761831045
  landing: 0.021456122398376465
  view-data: 0.027058258652687073
