times:
  edit-metadata: 1.6262223022058606
  landing: 0.9893205258995295
  view-data: 3.3855317030102015
