times:
  edit-metadata: 1.3988286536186934
  landing: 0.21141254343092442
  view-data: 0.31790629774332047
