times:
  edit-metadata: 1.3505346728488803
  landing: 0.13598186522722244
  view-data: 0.1198890870437026
