times:
  edit-metadata: 1.5321388710290194
  landing: 0.7975133250001818
  view-data: 3.30552329600323
