times:
  edit-metadata: 0.525800465955399
  landing: 0.04730689700227231
  view-data: 0.22114898508880287
