times:
  edit-metadata: 1.5340297729708254
  landing: 0.7685821051709354
  view-data: 3.3875661520287395
