times:
  edit-metadata: 1.4518841318786144
  landing: 1.0594589374959469
  view-data: 3.3634085804224014
