times:
  edit-metadata: 1.4626132999546826
  landing: 0.7622833689674735
  view-data: 3.410011268220842
