times:
  edit-metadata: 0.7088868530117907
  landing: 0.10070051101502031
  view-data: 0.22930654103402048
