times:
  edit-metadata: 1.4295070357620716
  landing: 0.022386737167835236
  view-data: 0.02570934221148491
