times:
  edit-metadata: 0.5863062390126288
  landing: 0.07420328899752349
  view-data: 0.22596436098683625
