times:
  edit-metadata: 1.3886892506852746
  landing: 0.15123077481985092
  view-data: 0.024143815971910954
