times:
  edit-metadata: 1.3422355353832245
  landing: 0.09465192258358002
  view-data: 0.023608888499438763
