times:
  edit-metadata: 0.5232426226139069
  landing: 0.051533996127545834
  view-data: 0.20174469333142042
