times:
  edit-metadata: 1.4774324572645128
  landing: 0.7434286023490131
  view-data: 3.3718004021793604
