times:
  edit-metadata: 1.4314864724874496
  landing: 0.8257768452167511
  view-data: 3.305905193090439
