times:
  edit-metadata: 1.862611711025238
  landing: 0.26901014149188995
  view-data: 0.22490439377725124
