times:
  edit-metadata: 0.909646752756089
  landing: 0.0655288677662611
  view-data: 0.21588574722409248
