times:
  edit-metadata: 1.3649897770956159
  landing: 0.01891705673187971
  view-data: 0.21535498835146427
