times:
  edit-metadata: 1.44130620919168
  landing: 0.019967375323176384
  view-data: 0.29551499150693417
