times:
  edit-metadata: 0.5019649975001812
  landing: 0.043350317515432835
  view-data: 0.2008081190288067
