times:
  edit-metadata: 1.4464807556942105
  landing: 0.8248878782615066
  view-data: 3.337632494047284
