times:
  edit-metadata: 0.5438810745254159
  landing: 0.040859383530914783
  view-data: 0.20516137219965458
