times:
  edit-metadata: 1.388355866074562
  landing: 0.9053303226828575
  view-data: 3.3976421765983105
