times:
  edit-metadata: 1.4478327222168446
  landing: 0.15295161679387093
  view-data: 0.3634560387581587
