times:
  edit-metadata: 1.4288870841264725
  landing: 0.021818526089191437
  view-data: 0.47798867244273424
