times:
  edit-metadata: 1.4626589063555002
  landing: 0.7684978302568197
  view-data: 3.3940868200734258
