times:
  edit-metadata: 1.542002970352769
  landing: 0.19658626522868872
  view-data: 0.023640488274395466
