times:
  edit-metadata: 1.4043024852871895
  landing: 0.8777904734015465
  view-data: 3.3462973833084106
