times:
  edit-metadata: 1.9214865155518055
  landing: 0.25808274932205677
  view-data: 0.3487055320292711
