times:
  edit-metadata: 0.5267987011466175
  landing: 0.06123671215027571
  view-data: 0.23625060496851802
