times:
  edit-metadata: 1.4543155282735825
  landing: 0.7553210593760014
  view-data: 3.2929460909217596
