times:
  edit-metadata: 1.7365986723452806
  landing: 0.24923985823988914
  view-data: 0.39253343269228935
