times:
  edit-metadata: 1.430026215966791
  landing: 0.7292635329067707
  view-data: 3.3446272008586675
