times:
  edit-metadata: 1.5124652832746506
  landing: 0.9512068945914507
  view-data: 3.368065442889929
