times:
  edit-metadata: 1.5830769930034876
  landing: 0.9438380561769009
  view-data: 3.347884777933359
