times:
  edit-metadata: 1.4945207983255386
  landing: 0.8403633404523134
  view-data: 3.299630094319582
