times:
  edit-metadata: 0.7370207691565156
  landing: 0.04621916590258479
  view-data: 0.28776432294398546
