times:
  edit-metadata: 1.4255130887031555
  landing: 0.8182111540809274
  view-data: 3.39753589220345
