times:
  edit-metadata: 1.748777512460947
  landing: 0.41702175699174404
  view-data: 0.1737828142940998
