times:
  edit-metadata: 1.579922815784812
  landing: 0.12502826005220413
  view-data: 0.4224018417298794
