times:
  edit-metadata: 2.053499113768339
  landing: 0.9199457764625549
  view-data: 3.603371098637581
