times:
  edit-metadata: 1.679023139178753
  landing: 0.7654794678092003
  view-data: 3.3058780152350664
