times:
  edit-metadata: 1.7733471896499395
  landing: 0.26236513815820217
  view-data: 0.4883736874908209
