times:
  edit-metadata: 0.6687684519856703
  landing: 0.14785659199696966
  view-data: 0.23785059500369243
