times:
  edit-metadata: 1.5306282388046384
  landing: 0.832593971863389
  view-data: 3.39631924033165
