times:
  edit-metadata: 1.3760616201907396
  landing: 0.021628621965646744
  view-data: 0.027362019754946232
