times:
  edit-metadata: 1.33087510894984
  landing: 0.09571079537272453
  view-data: 0.02577634807676077
