times:
  edit-metadata: 0.7372509357519448
  landing: 0.11045558471232653
  view-data: 0.2969330660998821
