times:
  edit-metadata: 1.3609601678326726
  landing: 0.11771311610937119
  view-data: 0.10087867081165314
