times:
  edit-metadata: 0.4974348219111562
  landing: 0.07477650803048164
  view-data: 0.20501582603901625
