times:
  edit-metadata: 0.526231731986627
  landing: 0.09054228896275163
  view-data: 0.3561500159557909
