times:
  edit-metadata: 1.8811136418953538
  landing: 1.1817201129160821
  view-data: 3.554066251963377
