times:
  edit-metadata: 1.3833048194646835
  landing: 0.022741282358765602
  view-data: 0.1214313916862011
