times:
  edit-metadata: 0.5105499329511076
  landing: 0.05990764405578375
  view-data: 0.329412005841732
