times:
  edit-metadata: 1.6310629416257143
  landing: 0.8307601120322943
  view-data: 3.466931091621518
