times:
  edit-metadata: 1.4018034003674984
  landing: 0.1665295697748661
  view-data: 0.026896582916378975
