times:
  edit-metadata: 1.5229320917278528
  landing: 0.17531523667275906
  view-data: 0.13718105293810368
