times:
  edit-metadata: 1.4545238497667015
  landing: 0.777745169121772
  view-data: 3.379607434850186
