times:
  edit-metadata: 0.8172292610106524
  landing: 0.12693726702127606
  view-data: 0.30336029699537903
