times:
  edit-metadata: 1.4745205449871719
  landing: 0.8215102918911725
  view-data: 3.2842446798458695
