times:
  edit-metadata: 0.5106062961276621
  landing: 0.0765194739215076
  view-data: 0.2147625219076872
