times:
  edit-metadata: 0.4831582736223936
  landing: 0.041890185326337814
  view-data: 0.2011404000222683
