times:
  edit-metadata: 1.4021016955375671
  landing: 0.8343717604875565
  view-data: 3.308856539428234
