times:
  edit-metadata: 1.562209464609623
  landing: 0.8741111606359482
  view-data: 3.394532438367605
