times:
  edit-metadata: 0.5451685236766934
  landing: 0.043156411964446306
  view-data: 0.21683895261958241
