times:
  edit-metadata: 1.6454206798225641
  landing: 0.18819528631865978
  view-data: 0.5309281963855028
