times:
  edit-metadata: 1.4609120110981166
  landing: 0.7492806976661086
  view-data: 3.3570286696776748
