times:
  edit-metadata: 1.3526814077049494
  landing: 0.01927470602095127
  view-data: 0.028360290452837944
