times:
  edit-metadata: 1.5310808531939983
  landing: 0.8457318097352982
  view-data: 3.446635603904724
