times:
  edit-metadata: 0.5277620470151305
  landing: 0.04803882195847109
  view-data: 0.20797957899048924
