times:
  edit-metadata: 1.5713917277753353
  landing: 0.14978545345366
  view-data: 0.528949610888958
