times:
  edit-metadata: 1.6898255944252014
  landing: 1.0655169300734997
  view-data: 3.428781185299158
