times:
  edit-metadata: 1.675246862694621
  landing: 0.8991919988766313
  view-data: 3.3622729275375605
