times:
  edit-metadata: 1.366557527333498
  landing: 0.8533303774893284
  view-data: 3.563141845166683
