times:
  edit-metadata: 1.3918133564293385
  landing: 0.1203950047492981
  view-data: 0.024189984425902367
