times:
  edit-metadata: 1.5008122753351927
  landing: 0.22973819449543953
  view-data: 0.3417340889573097
