times:
  edit-metadata: 1.8507042601704597
  landing: 1.1988240964710712
  view-data: 3.429530780762434
