times:
  edit-metadata: 1.335426613688469
  landing: 0.7790072932839394
  view-data: 3.2855266109108925
