times:
  edit-metadata: 1.3405645499005914
  landing: 0.02258053608238697
  view-data: 0.026448529213666916
