times:
  edit-metadata: 0.5597813159984071
  landing: 0.05778806201124098
  view-data: 0.22362995600269642
