times:
  edit-metadata: 1.6920363176614046
  landing: 1.0005671344697475
  view-data: 3.4901081547141075
