times:
  edit-metadata: 1.3510811813175678
  landing: 0.020834140479564667
  view-data: 0.025714261457324028
