times:
  edit-metadata: 1.5274564623832703
  landing: 0.8992762640118599
  view-data: 3.4142450504004955
