times:
  edit-metadata: 1.47161521948874
  landing: 0.01913435012102127
  view-data: 0.3423158600926399
