times:
  edit-metadata: 1.525491539388895
  landing: 0.23336539044976234
  view-data: 0.023077547550201416
