times:
  edit-metadata: 1.5067054741084576
  landing: 0.9293027482926846
  view-data: 3.357758104801178
