times:
  edit-metadata: 1.5434594228863716
  landing: 0.7934699095785618
  view-data: 3.40918742492795
