times:
  edit-metadata: 1.4868081472814083
  landing: 0.7520837597548962
  view-data: 3.3291544653475285
