times:
  edit-metadata: 0.5010419299360365
  landing: 0.04966190713457763
  view-data: 0.23742499388754368
