times:
  edit-metadata: 1.798734661191702
  landing: 0.8277042768895626
  view-data: 3.5105393193662167
