times:
  edit-metadata: 0.5028319898992777
  landing: 0.0713560541626066
  view-data: 0.2112945900298655
