times:
  edit-metadata: 0.5578515192028135
  landing: 0.048245936864987016
  view-data: 0.20892370003275573
