times:
  edit-metadata: 1.526825238019228
  landing: 0.7203980861231685
  view-data: 3.276031232904643
