times:
  edit-metadata: 1.4375072196125984
  landing: 0.2619760651141405
  view-data: 0.02529563196003437
