times:
  edit-metadata: 1.3727050153538585
  landing: 0.021939460188150406
  view-data: 0.0286245197057724
