times:
  edit-metadata: 1.350042681209743
  landing: 0.021024776622653008
  view-data: 0.028027082793414593
