times:
  edit-metadata: 1.479718692600727
  landing: 0.02226308360695839
  view-data: 0.13036299124360085
