times:
  edit-metadata: 0.48951713694259524
  landing: 0.09621559316292405
  view-data: 0.2130310069769621
