times:
  edit-metadata: 1.3866758877411485
  landing: 0.02043860126286745
  view-data: 0.12039340194314718
