times:
  edit-metadata: 0.4915654610376805
  landing: 0.08313722303137183
  view-data: 0.21627506194636226
