times:
  edit-metadata: 0.4744766475632787
  landing: 0.04547344893217087
  view-data: 0.19788887538015842
