times:
  edit-metadata: 1.558390666730702
  landing: 0.7864320417866111
  view-data: 3.4577723098918796
