times:
  edit-metadata: 0.5099830580875278
  landing: 0.042843990959227085
  view-data: 0.19731612782925367
