times:
  edit-metadata: 1.349866141565144
  landing: 0.021026878617703915
  view-data: 0.12128837406635284
