times:
  edit-metadata: 0.5691218330030097
  landing: 0.06594011199922534
  view-data: 0.22269455200148514
