times:
  edit-metadata: 0.6008109009999316
  landing: 0.04618015300002298
  view-data: 0.21623006600020744
