times:
  edit-metadata: 0.4875614389893599
  landing: 0.05890445699333213
  view-data: 0.20249429700197652
