times:
  edit-metadata: 0.5187207153066993
  landing: 0.045355113223195076
  view-data: 0.20615633763372898
