times:
  edit-metadata: 1.350223721936345
  landing: 0.12809329479932785
  view-data: 0.09458870999515057
