times:
  edit-metadata: 1.4161343835294247
  landing: 0.19424566812813282
  view-data: 0.023160988464951515
