times:
  edit-metadata: 1.451569908298552
  landing: 0.04915611073374748
  view-data: 0.10014524776488543
