times:
  edit-metadata: 1.635809676721692
  landing: 0.1608477383852005
  view-data: 0.2527851779013872
