times:
  edit-metadata: 1.9802287686616182
  landing: 0.2188821118324995
  view-data: 0.3483986034989357
