times:
  edit-metadata: 2.2689662538468838
  landing: 1.558714708313346
  view-data: 3.471061047166586
