times:
  edit-metadata: 4.158006459474564
  landing: 1.866965712979436
  view-data: 3.9816852547228336
