times:
  edit-metadata: 1.5007385183125734
  landing: 0.9191456381231546
  view-data: 3.348606826737523
