times:
  edit-metadata: 1.4943333566188812
  landing: 0.7152833174914122
  view-data: 3.375389415770769
