times:
  edit-metadata: 0.5070651541464031
  landing: 0.03422291809692979
  view-data: 0.3256168239749968
