times:
  edit-metadata: 0.5929316290130373
  landing: 0.08738913902197964
  view-data: 0.22468231298262253
