times:
  edit-metadata: 1.4735037349164486
  landing: 0.8731674402952194
  view-data: 3.401054732501507
