times:
  edit-metadata: 0.5032934681512415
  landing: 0.050486776046454906
  view-data: 0.19995402405038476
