times:
  edit-metadata: 1.4087460143491626
  landing: 0.12768620532006025
  view-data: 0.12587260827422142
