times:
  edit-metadata: 0.49240992599516176
  landing: 0.06070768200152088
  view-data: 0.21245066200208385
