times:
  edit-metadata: 0.6122841740725562
  landing: 0.048687041038647294
  view-data: 0.22177828499116004
