times:
  edit-metadata: 0.5262798010080587
  landing: 0.06581545001245104
  view-data: 0.35321220799232833
