times:
  edit-metadata: 1.348559893667698
  landing: 0.02555788028985262
  view-data: 0.02652729582041502
