times:
  edit-metadata: 1.7202216368168592
  landing: 0.9526948519051075
  view-data: 3.3763628844171762
