times:
  edit-metadata: 0.5131960920989513
  landing: 0.04660780634731054
  view-data: 0.19689709786325693
