times:
  edit-metadata: 0.5123306317254901
  landing: 0.04472988098859787
  view-data: 0.2135519478470087
