times:
  edit-metadata: 1.5911959884688258
  landing: 0.8274164916947484
  view-data: 3.357183030806482
