times:
  edit-metadata: 1.4562056474387646
  landing: 0.8420765455812216
  view-data: 3.3556697964668274
