times:
  edit-metadata: 1.5044201537966728
  landing: 3.337276976555586
  view-data: 3.3120729736983776
