times:
  edit-metadata: 1.5438963398337364
  landing: 0.9234201461076736
  view-data: 3.4696812741458416
