times:
  edit-metadata: 2.2835136973299086
  landing: 0.8355428841896355
  view-data: 3.700035937130451
