times:
  edit-metadata: 1.3433089461177588
  landing: 0.8831667909398675
  view-data: 3.3247709330171347
