times:
  edit-metadata: 1.3738800957798958
  landing: 0.8404130563139915
  view-data: 3.315289191901684
