times:
  edit-metadata: 1.3672408452257514
  landing: 0.738264724612236
  view-data: 3.386375947855413
