times:
  edit-metadata: 1.5965859950520098
  landing: 1.0052115940488875
  view-data: 3.370832448010333
