times:
  edit-metadata: 1.5532391369342804
  landing: 0.8605814799666405
  view-data: 3.306166836991906
