times:
  edit-metadata: 1.5712222531437874
  landing: 0.8101748935878277
  view-data: 3.404596235603094
