times:
  edit-metadata: 1.6139082964509726
  landing: 0.8071790728718042
  view-data: 3.4199018720537424
