times:
  edit-metadata: 1.4061818905174732
  landing: 0.8245209418237209
  view-data: 3.410627592355013
