times:
  edit-metadata: 1.511026632040739
  landing: 0.7713182028383017
  view-data: 3.3715097829699516
