times:
  edit-metadata: 1.555448442697525
  landing: 0.8366091530770063
  view-data: 3.4905739556998014
