times:
  edit-metadata: 1.4937586188316345
  landing: 0.9881551489233971
  view-data: 3.452772594988346
