times:
  edit-metadata: 1.5439119241200387
  landing: 0.7886753869242966
  view-data: 3.3718330529518425
