times:
  edit-metadata: 1.4782024435698986
  landing: 0.7542072059586644
  view-data: 3.361305464990437
