times:
  edit-metadata: 1.3513202257454395
  landing: 0.7233651112765074
  view-data: 3.3543365616351366
