times:
  edit-metadata: 1.4720386490225792
  landing: 0.8148062117397785
  view-data: 3.3477196283638477
