times:
  edit-metadata: 1.458256256999448
  landing: 0.758773609995842
  view-data: 3.330992478877306
