times:
  edit-metadata: 1.4275376312434673
  landing: 0.7619214430451393
  view-data: 3.280832413583994
