times:
  edit-metadata: 1.415992047637701
  landing: 0.9520296044647694
  view-data: 3.338112287223339
