times:
  edit-metadata: 1.6805198192596436
  landing: 0.8598126657307148
  view-data: 3.4541426599025726
