times:
  edit-metadata: 1.4556301140692085
  landing: 0.7863432609010488
  view-data: 3.3911703990306705
