times:
  edit-metadata: 1.5065600238740444
  landing: 0.8444491289556026
  view-data: 3.3011135049164295
