times:
  edit-metadata: 1.4596928246319294
  landing: 1.0194967202842236
  view-data: 3.366654083132744
