times:
  edit-metadata: 1.683153998106718
  landing: 0.9178911671042442
  view-data: 3.4922516644001007
