times:
  edit-metadata: 1.5420159995555878
  landing: 0.7192470338195562
  view-data: 3.366364860907197
