times:
  edit-metadata: 1.5134944543242455
  landing: 0.9014791063964367
  view-data: 3.3777000717818737
