times:
  edit-metadata: 1.5698716528713703
  landing: 0.8050107806921005
  view-data: 3.3961755838245153
