times:
  edit-metadata: 1.52662549354136
  landing: 0.8985035512596369
  view-data: 3.41694263368845
