times:
  edit-metadata: 1.915763956028968
  landing: 1.181568675674498
  view-data: 3.4164696992374957
