times:
  edit-metadata: 1.5334099009633064
  landing: 0.9656813517212868
  view-data: 3.281121142208576
