times:
  edit-metadata: 1.4473194684833288
  landing: 0.8727136272937059
  view-data: 3.41716091055423
