times:
  edit-metadata: 1.5859753787517548
  landing: 0.9523862786591053
  view-data: 3.3116211742162704
