times:
  edit-metadata: 1.5352058755233884
  landing: 0.8302978733554482
  view-data: 3.4280336862429976
