times:
  edit-metadata: 1.8071153545752168
  landing: 0.8527855593711138
  view-data: 3.3850488578900695
