times:
  edit-metadata: 1.5595511421561241
  landing: 0.9181782566010952
  view-data: 3.389605365693569
