times:
  edit-metadata: 1.5363297015428543
  landing: 0.9218922555446625
  view-data: 3.4173277504742146
