times:
  edit-metadata: 2.4317116290330887
  landing: 1.079399697482586
  view-data: 3.43982507660985
