times:
  edit-metadata: 1.3583939741365612
  landing: 0.7156938691623509
  view-data: 3.302891042083502
