times:
  edit-metadata: 1.9972101897001266
  landing: 1.2339474745094776
  view-data: 3.459668055176735
