times:
  edit-metadata: 1.5699069239199162
  landing: 0.8916791696101427
  view-data: 3.350587135180831
