times:
  edit-metadata: 1.4797806162387133
  landing: 0.7084604762494564
  view-data: 3.32023542560637
