times:
  edit-metadata: 1.5900382176041603
  landing: 0.924404364079237
  view-data: 3.3162659518420696
