times:
  edit-metadata: 1.5800484158098698
  landing: 0.7985604181885719
  view-data: 3.449089800938964
