times:
  edit-metadata: 1.387699268758297
  landing: 0.8744816854596138
  view-data: 3.3637194596230984
