times:
  edit-metadata: 1.4631191429216415
  landing: 0.8420341631863266
  view-data: 3.3303274139761925
