times:
  edit-metadata: 1.5804972909390926
  landing: 0.9569278433918953
  view-data: 3.3594291880726814
