times:
  edit-metadata: 1.6305578537285328
  landing: 0.825783759355545
  view-data: 3.3263230845332146
