times:
  edit-metadata: 1.4043690972030163
  landing: 0.862643513828516
  view-data: 3.3163736388087273
