times:
  edit-metadata: 1.4851565659046173
  landing: 0.7769898995757103
  view-data: 3.3906305683776736
