times:
  edit-metadata: 1.6564386636018753
  landing: 0.8667473867535591
  view-data: 3.462780062109232
