times:
  edit-metadata: 1.4650398860685527
  landing: 0.8350569938775152
  view-data: 3.31753636803478
