times:
  edit-metadata: 1.5753867635503411
  landing: 0.8337392825633287
  view-data: 3.3998586824163795
