times:
  edit-metadata: 1.5168823013082147
  landing: 0.8360705128870904
  view-data: 3.381981794256717
