times:
  edit-metadata: 1.5232670791447163
  landing: 0.8753314055502415
  view-data: 3.421365037560463
