times:
  edit-metadata: 1.5302713327109814
  landing: 0.8456848859786987
  view-data: 3.330843821167946
