times:
  edit-metadata: 1.4349225531332195
  landing: 0.7891803160309792
  view-data: 3.368019896093756
