times:
  edit-metadata: 1.1926379050128162
  landing: 0.2093515659798868
  view-data: 0.22873724502278492
