times:
  edit-metadata: 1.6234840899705887
  landing: 1.0841003619134426
  view-data: 3.376343548297882
