times:
  edit-metadata: 1.5793237537145615
  landing: 0.802363496273756
  view-data: 3.441284818574786
