times:
  edit-metadata: 1.4797062762081623
  landing: 0.7956985328346491
  view-data: 3.4525048788636923
