times:
  edit-metadata: 1.6117023266851902
  landing: 0.7489851340651512
  view-data: 3.414669208228588
