times:
  edit-metadata: 1.6039238646626472
  landing: 0.8154587280005217
  view-data: 3.433861918747425
