times:
  edit-metadata: 1.4840447679162025
  landing: 0.9202635250985622
  view-data: 3.450395353138447
