times:
  edit-metadata: 1.4556954689323902
  landing: 0.6962902005761862
  view-data: 3.2837373167276382
