times:
  edit-metadata: 1.634904446080327
  landing: 0.8779100608080626
  view-data: 3.3813168574124575
