times:
  edit-metadata: 1.4488347806036472
  landing: 0.8507207781076431
  view-data: 3.353327576071024
