times:
  edit-metadata: 1.4453879818320274
  landing: 0.794474103488028
  view-data: 3.359500041231513
