times:
  edit-metadata: 1.4744637161493301
  landing: 1.027131836861372
  view-data: 3.4175556041300297
