times:
  edit-metadata: 1.4790905751287937
  landing: 0.9735742695629597
  view-data: 3.4494357518851757
