times:
  edit-metadata: 1.6949542202055454
  landing: 0.866576936095953
  view-data: 3.4498976040631533
