times:
  edit-metadata: 1.8966478058137
  landing: 1.217128099873662
  view-data: 3.340374222956598
