times:
  edit-metadata: 1.4694146746769547
  landing: 0.8000093325972557
  view-data: 3.3827451802790165
