times:
  edit-metadata: 1.5633817203342915
  landing: 0.8022886924445629
  view-data: 3.3885881453752518
