times:
  edit-metadata: 1.5103556644171476
  landing: 0.7600370477885008
  view-data: 3.410281628370285
