times:
  edit-metadata: 1.4580462239682674
  landing: 0.8241524063050747
  view-data: 3.3146770261228085
