times:
  edit-metadata: 1.5146832093596458
  landing: 1.482133001089096
  view-data: 3.5235140807926655
