times:
  edit-metadata: 1.5381422322243452
  landing: 0.8355815298855305
  view-data: 3.44265228882432
