times:
  edit-metadata: 1.6948096491396427
  landing: 0.9650324881076813
  view-data: 3.370633814483881
