times:
  edit-metadata: 1.532940188422799
  landing: 0.7480180487036705
  view-data: 3.3787724766880274
