times:
  edit-metadata: 1.4652448892593384
  landing: 0.9207307137548923
  view-data: 3.319694045931101
