times:
  edit-metadata: 1.5713909436017275
  landing: 0.7754808878526092
  view-data: 3.6596822710707784
