times:
  edit-metadata: 1.574553944170475
  landing: 1.1151112988591194
  view-data: 3.3558708168566227
