times:
  edit-metadata: 1.7011726908385754
  landing: 0.9333893992006779
  view-data: 3.424526103772223
