times:
  edit-metadata: 1.5392944689374417
  landing: 0.7962545391637832
  view-data: 3.362065029097721
