times:
  edit-metadata: 2.1158710289746523
  landing: 0.992962721735239
  view-data: 3.3629114720970392
