times:
  edit-metadata: 1.6050094589591026
  landing: 0.7306342869997025
  view-data: 3.3338865246623755
