times:
  edit-metadata: 1.4971989076584578
  landing: 0.7263824250549078
  view-data: 3.384196188300848
