times:
  edit-metadata: 1.594481024891138
  landing: 0.9891217015683651
  view-data: 3.344479013234377
