times:
  edit-metadata: 1.4613402276299894
  landing: 0.9508983460254967
  view-data: 3.585070177912712
