times:
  edit-metadata: 2.4450340643525124
  landing: 1.61672780290246
  view-data: 3.3636054694652557
