times:
  edit-metadata: 1.5523718632757664
  landing: 0.7914645187556744
  view-data: 3.4262250550091267
