times:
  edit-metadata: 1.505771866068244
  landing: 0.7179431766271591
  view-data: 3.3947495482861996
