times:
  edit-metadata: 1.4986265357583761
  landing: 0.7769565433263779
  view-data: 3.4104214031249285
