times:
  edit-metadata: 1.5465919133275747
  landing: 0.8842805046588182
  view-data: 3.3925608191639185
