times:
  edit-metadata: 1.4748780098743737
  landing: 0.8193643051199615
  view-data: 3.414288609288633
