times:
  edit-metadata: 1.7141655907034874
  landing: 0.8798438822850585
  view-data: 3.2587455129250884
