times:
  edit-metadata: 1.529304713010788
  landing: 0.8051099590957165
  view-data: 3.4501848816871643
