times:
  edit-metadata: 1.4529720169957727
  landing: 0.7543038879521191
  view-data: 3.3732200590893626
