times:
  edit-metadata: 1.5381376594305038
  landing: 0.9337920267134905
  view-data: 3.3199609760195017
