times:
  edit-metadata: 1.524221058934927
  landing: 0.8111996110528708
  view-data: 3.434935873374343
