times:
  edit-metadata: 1.5411932226270437
  landing: 0.8207755386829376
  view-data: 3.496425598859787
