times:
  edit-metadata: 1.396053796634078
  landing: 0.7565226340666413
  view-data: 3.348266016691923
