times:
  edit-metadata: 1.86259594745934
  landing: 1.101482354104519
  view-data: 3.4165841080248356
