times:
  edit-metadata: 1.4886264419183135
  landing: 0.7640758473426104
  view-data: 3.3679168233647943
