times:
  edit-metadata: 1.5505851320922375
  landing: 0.9723563976585865
  view-data: 3.331974670290947
