times:
  edit-metadata: 1.5581084191799164
  landing: 0.8945212736725807
  view-data: 3.4026673920452595
