times:
  edit-metadata: 1.4449542462825775
  landing: 0.7767754718661308
  view-data: 3.3458527103066444
