times:
  edit-metadata: 1.4309806041419506
  landing: 0.7565766796469688
  view-data: 3.3189846090972424
