times:
  edit-metadata: 1.448759667109698
  landing: 0.8217415879480541
  view-data: 3.2809987626969814
