times:
  edit-metadata: 1.5173629969358444
  landing: 0.8747780565172434
  view-data: 3.3720542155206203
