times:
  edit-metadata: 1.441826619207859
  landing: 0.7845460548996925
  view-data: 3.3301229663193226
