times:
  edit-metadata: 1.513422679156065
  landing: 0.753994831815362
  view-data: 3.409518949687481
