times:
  edit-metadata: 1.4782607089728117
  landing: 0.8525410098955035
  view-data: 3.3453807765617967
