times:
  edit-metadata: 1.4494013218209147
  landing: 0.7690596366301179
  view-data: 3.3399882251396775
