times:
  edit-metadata: 1.4257930852472782
  landing: 0.6800986602902412
  view-data: 3.2735285870730877
