times:
  edit-metadata: 1.5020624194294214
  landing: 0.8634712267667055
  view-data: 3.3085838798433542
