times:
  edit-metadata: 1.539768822491169
  landing: 0.8412159867584705
  view-data: 3.4168598912656307
