times:
  edit-metadata: 1.7226212546229362
  landing: 0.8402613699436188
  view-data: 3.3981825644150376
