times:
  edit-metadata: 1.5277146026492119
  landing: 0.8534569703042507
  view-data: 3.387359654530883
