times:
  edit-metadata: 1.3832489280030131
  landing: 0.7969153199810535
  view-data: 3.4879438979551196
