times:
  edit-metadata: 1.498785674571991
  landing: 0.7841140450909734
  view-data: 3.3658793098293245
