times:
  edit-metadata: 1.621385669335723
  landing: 0.8461475651711226
  view-data: 3.456740329042077
