times:
  edit-metadata: 1.5029723290354013
  landing: 0.7559455633163452
  view-data: 3.405894560739398
