times:
  edit-metadata: 1.494574174284935
  landing: 1.0625246949493885
  view-data: 3.3365650475025177
