times:
  edit-metadata: 1.3611342906951904
  landing: 0.7248020321130753
  view-data: 3.5474465154111385
