times:
  edit-metadata: 1.5650765118189156
  landing: 0.8998561343178153
  view-data: 3.4297205302864313
