times:
  edit-metadata: 1.7376737520098686
  landing: 0.9465618096292019
  view-data: 3.636975262314081
