times:
  edit-metadata: 1.5997992064803839
  landing: 0.9068321827799082
  view-data: 3.395014923065901
