times:
  edit-metadata: 1.4713297598063946
  landing: 0.713482734747231
  view-data: 3.3634869465604424
