times:
  edit-metadata: 1.5581161305308342
  landing: 0.8753825798630714
  view-data: 3.3339401371777058
