times:
  edit-metadata: 1.538026761263609
  landing: 0.773831520229578
  view-data: 3.3979057744145393
