times:
  edit-metadata: 1.5511700080242008
  landing: 0.8513415742199868
  view-data: 3.446728760143742
