times:
  edit-metadata: 1.472530834376812
  landing: 0.8629899062216282
  view-data: 3.291870143264532
