times:
  edit-metadata: 1.4253042992204428
  landing: 0.7094053737819195
  view-data: 3.364742172881961
