times:
  edit-metadata: 1.4961645975708961
  landing: 0.7272491864860058
  view-data: 3.3063115756958723
