times:
  edit-metadata: 1.4645836893469095
  landing: 0.7456088624894619
  view-data: 3.327260997146368
