times:
  edit-metadata: 1.5393531247973442
  landing: 0.7763655185699463
  view-data: 3.4175610784441233
