times:
  edit-metadata: 1.4216116145253181
  landing: 0.9195876680314541
  view-data: 3.3361564241349697
