times:
  edit-metadata: 1.6691478798165917
  landing: 1.1303927302360535
  view-data: 3.396102469880134
