times:
  edit-metadata: 1.5394508875906467
  landing: 0.7927194898948073
  view-data: 3.4018946141004562
