times:
  edit-metadata: 1.3767002099193633
  landing: 0.7402756810188293
  view-data: 3.309203310869634
