times:
  edit-metadata: 1.6670593209564686
  landing: 0.9637309946119785
  view-data: 3.4136920869350433
