times:
  edit-metadata: 1.5471772253513336
  landing: 0.8982502371072769
  view-data: 3.4287236221134663
