times:
  edit-metadata: 1.4652308309450746
  landing: 0.8288612067699432
  view-data: 3.393033791333437
