times:
  edit-metadata: 1.4843870080076158
  landing: 0.8065569261088967
  view-data: 3.354591017588973
