times:
  edit-metadata: 1.5583125734701753
  landing: 0.8494395418092608
  view-data: 3.446851800195873
