times:
  edit-metadata: 1.4393506981432438
  landing: 0.8643244840204716
  view-data: 3.339738916605711
