times:
  edit-metadata: 1.5232397504150867
  landing: 0.7444603554904461
  view-data: 3.3974171206355095
