times:
  edit-metadata: 2.14517521020025
  landing: 1.2811013367027044
  view-data: 3.646799054928124
