times:
  edit-metadata: 1.6417596582323313
  landing: 1.0001745969057083
  view-data: 3.3679706659168005
