times:
  edit-metadata: 1.5528280967846513
  landing: 1.0689765494316816
  view-data: 3.4636260382831097
