times:
  edit-metadata: 1.559825599193573
  landing: 0.8679661732167006
  view-data: 3.4144102577120066
