times:
  edit-metadata: 2.60990640707314
  landing: 1.029547139070928
  view-data: 3.60948374401778
