times:
  edit-metadata: 1.4088896289467812
  landing: 0.8883226364850998
  view-data: 3.422304630279541
