times:
  edit-metadata: 1.5665674675256014
  landing: 0.7718599252402782
  view-data: 3.368910301476717
