times:
  edit-metadata: 1.5722333453595638
  landing: 0.9820052087306976
  view-data: 3.3322722371667624
