times:
  edit-metadata: 1.6588315702974796
  landing: 1.0032870434224606
  view-data: 3.3495057858526707
