times:
  edit-metadata: 1.5755374059081078
  landing: 0.7218860201537609
  view-data: 3.358810678124428
