times:
  edit-metadata: 1.5096957571804523
  landing: 0.7578280009329319
  view-data: 3.4044264256954193
