times:
  edit-metadata: 1.367524076020345
  landing: 0.8578209290280938
  view-data: 3.3675833949819207
