times:
  edit-metadata: 1.5561128351837397
  landing: 0.9274478200823069
  view-data: 3.4562510196119547
