times:
  edit-metadata: 2.3000713288784027
  landing: 1.7197635527700186
  view-data: 3.920908922329545
