times:
  edit-metadata: 1.5340915601700544
  landing: 0.7684704922139645
  view-data: 3.403526423498988
