times:
  edit-metadata: 1.7128465548157692
  landing: 0.9377055391669273
  view-data: 3.3795580565929413
