times:
  edit-metadata: 1.490108111873269
  landing: 0.7251126430928707
  view-data: 3.3373960498720407
