times:
  edit-metadata: 1.5042141042649746
  landing: 0.8155900053679943
  view-data: 3.404477749019861
