times:
  edit-metadata: 2.194944055750966
  landing: 1.1420733407139778
  view-data: 3.4209616649895906
