times:
  edit-metadata: 1.7607675045728683
  landing: 1.0888439491391182
  view-data: 3.4644477665424347
