times:
  edit-metadata: 1.5845678634941578
  landing: 0.9029098339378834
  view-data: 3.506512112915516
