times:
  edit-metadata: 1.486654806882143
  landing: 0.6933321431279182
  view-data: 3.3692823871970177
