times:
  edit-metadata: 2.3419117592275143
  landing: 1.2729073539376259
  view-data: 3.7593231946229935
