times:
  edit-metadata: 1.6082611866295338
  landing: 0.9502053372561932
  view-data: 3.3861128389835358
