times:
  edit-metadata: 1.4705344643443823
  landing: 0.7707365565001965
  view-data: 3.3945490531623363
