times:
  edit-metadata: 1.4737198408693075
  landing: 0.8755295444279909
  view-data: 3.418272078037262
