times:
  edit-metadata: 1.4657322110142559
  landing: 0.8004586489405483
  view-data: 3.360555395949632
