times:
  edit-metadata: 1.3937028208747506
  landing: 0.8342708530835807
  view-data: 3.266289192950353
