times:
  edit-metadata: 3.315885942429304
  landing: 2.090783938765526
  view-data: 3.667618904262781
