times:
  edit-metadata: 1.5478233098983765
  landing: 0.7722443602979183
  view-data: 3.4077758472412825
