times:
  edit-metadata: 1.535936750471592
  landing: 0.806316688656807
  view-data: 3.3969386406242847
