times:
  edit-metadata: 1.5834561754018068
  landing: 0.8798354994505644
  view-data: 3.282924735918641
