times:
  edit-metadata: 1.3592298850417137
  landing: 0.8069507367908955
  view-data: 3.33725730702281
