times:
  edit-metadata: 1.710042867809534
  landing: 0.8882770910859108
  view-data: 3.3388268910348415
