times:
  edit-metadata: 1.593353495001793
  landing: 0.8443314041942358
  view-data: 3.4690801557153463
