times:
  edit-metadata: 1.5044039320200682
  landing: 0.7019277438521385
  view-data: 3.352564102038741
