times:
  edit-metadata: 1.5383275803178549
  landing: 0.7994658313691616
  view-data: 3.4294689185917377
