times:
  edit-metadata: 1.5381367430090904
  landing: 0.9543958082795143
  view-data: 3.4270542562007904
