times:
  edit-metadata: 1.5213175546377897
  landing: 0.7237568087875843
  view-data: 3.3700241073966026
