times:
  edit-metadata: 1.6543551944196224
  landing: 0.9617087915539742
  view-data: 3.40006060898304
