times:
  edit-metadata: 2.0081278569996357
  landing: 1.1303223296999931
  view-data: 3.3408912494778633
