times:
  edit-metadata: 1.4524614880792797
  landing: 0.7532646839972585
  view-data: 3.2969110310077667
