times:
  edit-metadata: 1.4689387567341328
  landing: 0.7522933781147003
  view-data: 3.3727593198418617
