times:
  edit-metadata: 1.4000796899199486
  landing: 0.6546416766941547
  view-data: 3.3507322296500206
