times:
  edit-metadata: 1.6310468222945929
  landing: 0.9175741737708449
  view-data: 3.3703528521582484
