times:
  edit-metadata: 1.426383725949563
  landing: 0.7999882659642026
  view-data: 3.2921861259965226
