times:
  edit-metadata: 1.5873961579054594
  landing: 0.8093357812613249
  view-data: 3.338381666690111
