times:
  edit-metadata: 1.7234517959877849
  landing: 0.745551748201251
  view-data: 3.3328575482591987
