times:
  edit-metadata: 1.439228704199195
  landing: 0.7668611742556095
  view-data: 3.3413877580314875
