times:
  edit-metadata: 1.736942894756794
  landing: 0.8330507045611739
  view-data: 3.458334875293076
