times:
  edit-metadata: 1.626650769263506
  landing: 0.7983991876244545
  view-data: 3.4745571836829185
