times:
  edit-metadata: 1.5663381069898605
  landing: 0.9731811098754406
  view-data: 3.3803547471761703
