times:
  edit-metadata: 1.8435676684603095
  landing: 1.3784790160134435
  view-data: 3.484088455326855
