times:
  edit-metadata: 1.389596365392208
  landing: 0.7258520349860191
  view-data: 3.301631497219205
