times:
  edit-metadata: 1.4996610879898071
  landing: 0.9342098645865917
  view-data: 3.4459686651825905
