times:
  edit-metadata: 1.3689277097582817
  landing: 0.9564616978168488
  view-data: 3.3911257311701775
