times:
  edit-metadata: 1.519098016899079
  landing: 0.95613859500736
  view-data: 3.4339253169018775
