times:
  edit-metadata: 1.526577576994896
  landing: 0.9182475954294205
  view-data: 3.4520894698798656
