times:
  edit-metadata: 1.527174074202776
  landing: 0.7748446073383093
  view-data: 3.3549171574413776
