times:
  edit-metadata: 1.4508776105940342
  landing: 0.999281533062458
  view-data: 3.370211359113455
