times:
  edit-metadata: 1.5563413978088647
  landing: 0.838438575854525
  view-data: 3.38399663195014
