times:
  edit-metadata: 1.5965389348566532
  landing: 0.8909146524965763
  view-data: 3.339821934700012
