times:
  edit-metadata: 1.4457696825265884
  landing: 0.8068330101668835
  view-data: 3.2556208185851574
