times:
  edit-metadata: 1.5291388295590878
  landing: 0.8937578722834587
  view-data: 3.39547011628747
