times:
  edit-metadata: 1.57383818551898
  landing: 0.7293634824454784
  view-data: 3.4269841369241476
