times:
  edit-metadata: 1.5841363668441772
  landing: 0.7782659605145454
  view-data: 3.4114079121500254
