times:
  edit-metadata: 1.468341886997223
  landing: 0.7832066332921386
  view-data: 3.3513250639662147
