times:
  edit-metadata: 1.498705736361444
  landing: 0.8173219682648778
  view-data: 3.307822832837701
