times:
  edit-metadata: 1.2293628118932247
  landing: 0.787322276039049
  view-data: 3.2937317499890924
