times:
  edit-metadata: 1.5792195089161396
  landing: 0.9121688678860664
  view-data: 3.439770568162203
