times:
  edit-metadata: 2.1129970103502274
  landing: 1.505180723965168
  view-data: 3.6693577617406845
