times:
  edit-metadata: 1.478079647757113
  landing: 0.7497169375419617
  view-data: 3.333662645891309
