times:
  edit-metadata: 1.526972122490406
  landing: 0.7609211783856153
  view-data: 3.4023898653686047
