times:
  edit-metadata: 1.9569666218012571
  landing: 0.9822172028943896
  view-data: 3.632673919200897
