times:
  edit-metadata: 1.5273501835763454
  landing: 0.8165646195411682
  view-data: 3.357513729482889
