times:
  edit-metadata: 1.5162579715251923
  landing: 0.8843408692628145
  view-data: 3.3863299638032913
