times:
  edit-metadata: 1.6054299548268318
  landing: 0.8543375842273235
  view-data: 3.445340469479561
