times:
  edit-metadata: 1.4398532547056675
  landing: 0.8132327608764172
  view-data: 3.4025186859071255
