times:
  edit-metadata: 1.510436974465847
  landing: 0.8652226887643337
  view-data: 3.4160419069230556
