times:
  edit-metadata: 1.4868876989930868
  landing: 0.7515495717525482
  view-data: 3.3266512751579285
