times:
  edit-metadata: 1.8202803544700146
  landing: 1.2160305604338646
  view-data: 3.39948408678174
