times:
  edit-metadata: 1.5457055792212486
  landing: 0.8039381243288517
  view-data: 3.3530907668173313
