times:
  edit-metadata: 1.691811639815569
  landing: 0.8870871718972921
  view-data: 3.4237583223730326
