times:
  edit-metadata: 1.5155785270035267
  landing: 0.8371641114354134
  view-data: 3.3641714081168175
