times:
  edit-metadata: 1.48657407425344
  landing: 0.7748460713773966
  view-data: 3.360134271904826
