times:
  edit-metadata: 1.701783299446106
  landing: 0.9685831964015961
  view-data: 3.4682337567210197
