times:
  edit-metadata: 1.3851084150373936
  landing: 0.8974044844508171
  view-data: 3.3308643139898777
