times:
  edit-metadata: 1.5376427732408047
  landing: 0.7724620439112186
  view-data: 3.4070051833987236
