times:
  edit-metadata: 1.5148829109966755
  landing: 1.05446095764637
  view-data: 3.411065708845854
