times:
  edit-metadata: 1.6632238924503326
  landing: 0.832492720335722
  view-data: 3.4537369944155216
