times:
  edit-metadata: 1.6061048731207848
  landing: 0.8743209764361382
  view-data: 3.2937192656099796
