times:
  edit-metadata: 1.4310059510171413
  landing: 0.8436810299754143
  view-data: 3.419358546845615
