times:
  edit-metadata: 1.5411676280200481
  landing: 0.8652214631438255
  view-data: 3.3549711480736732
