times:
  edit-metadata: 1.4532224694266915
  landing: 0.7716395985335112
  view-data: 3.390493705868721
