times:
  edit-metadata: 1.5442721266299486
  landing: 0.8010743409395218
  view-data: 3.4416557997465134
