times:
  edit-metadata: 1.3908447604626417
  landing: 0.6290779989212751
  view-data: 3.281057955697179
