times:
  edit-metadata: 1.5471546836197376
  landing: 0.9056981541216373
  view-data: 3.409728854894638
