times:
  edit-metadata: 1.7689577043056488
  landing: 0.852860577404499
  view-data: 3.4992837384343147
