times:
  edit-metadata: 0.7557754800654948
  landing: 0.12917796382680535
  view-data: 0.23232915112748742
