times:
  edit-metadata: 1.5092121958732605
  landing: 0.7905354760587215
  view-data: 3.397164810448885
