times:
  edit-metadata: 1.4018959440290928
  landing: 0.7373311799019575
  view-data: 3.4027977269142866
