times:
  edit-metadata: 1.514211617410183
  landing: 0.8027327079325914
  view-data: 3.4325531776994467
