times:
  edit-metadata: 1.6028883829712868
  landing: 0.9845823012292385
  view-data: 3.437663033604622
