times:
  edit-metadata: 0.5300271350424737
  landing: 0.052217748016119
  view-data: 0.21507784398272634
