times:
  edit-metadata: 0.5153599081095308
  landing: 0.07169890194199979
  view-data: 0.21649573813192546
