times:
  edit-metadata: 1.4784444491378963
  landing: 0.8412331631407142
  view-data: 3.3703106199391186
