times:
  edit-metadata: 1.3426432982087135
  landing: 0.6606565751135349
  view-data: 3.310172900557518
