times:
  edit-metadata: 1.4302828256040812
  landing: 0.8785619447007775
  view-data: 3.34605198726058
