times:
  edit-metadata: 1.4028297918848693
  landing: 0.7351452647708356
  view-data: 3.372039874084294
