times:
  edit-metadata: 0.5058939250011463
  landing: 0.06485533798695542
  view-data: 0.21672989000217058
