times:
  edit-metadata: 1.536095418035984
  landing: 0.8685887902975082
  view-data: 3.3848733343183994
