times:
  edit-metadata: 1.5334693752229214
  landing: 0.8991089835762978
  view-data: 3.4328252486884594
