times:
  edit-metadata: 1.462316781282425
  landing: 0.8782311491668224
  view-data: 3.3759151212871075
