times:
  edit-metadata: 0.5035708979703486
  landing: 0.06564720720052719
  view-data: 0.21379983006045222
