times:
  edit-metadata: 0.5033188890083693
  landing: 0.06578476703725755
  view-data: 0.21951525000622496
