times:
  edit-metadata: 1.60515471175313
  landing: 0.8351947478950024
  view-data: 3.471473589539528
