times:
  edit-metadata: 1.4674408361315727
  landing: 0.8761273138225079
  view-data: 3.349028568714857
