times:
  edit-metadata: 0.5043851480004378
  landing: 0.07692690899420995
  view-data: 0.22907132399268448
