times:
  edit-metadata: 0.5061587250092998
  landing: 0.10249367001233622
  view-data: 0.19818561401916668
