times:
  edit-metadata: 1.635189838707447
  landing: 0.9861290156841278
  view-data: 3.4806192442774773
