times:
  edit-metadata: 1.6270278953015804
  landing: 0.9989642910659313
  view-data: 3.34326459094882
