times:
  edit-metadata: 1.5494296550750732
  landing: 0.9275606349110603
  view-data: 3.4307549633085728
