times:
  edit-metadata: 1.9174454286694527
  landing: 1.476168915629387
  view-data: 3.7596040703356266
