times:
  edit-metadata: 1.4889991115778685
  landing: 0.8123425282537937
  view-data: 3.391169024631381
