times:
  edit-metadata: 1.41633018408902
  landing: 0.8241039218846709
  view-data: 3.362824229989201
