times:
  edit-metadata: 1.4774418100714684
  landing: 0.9277233444154263
  view-data: 3.3087129965424538
