times:
  edit-metadata: 1.4922190681099892
  landing: 1.085040107369423
  view-data: 3.3348089773207903
