times:
  edit-metadata: 1.422677405178547
  landing: 0.8880084939301014
  view-data: 3.343521047383547
