times:
  edit-metadata: 1.506549445912242
  landing: 0.8492969200015068
  view-data: 3.3367179557681084
