times:
  edit-metadata: 1.4348182501271367
  landing: 0.782978551927954
  view-data: 3.387899858877063
