times:
  edit-metadata: 1.517151404172182
  landing: 0.7306436784565449
  view-data: 3.359654575586319
