times:
  edit-metadata: 1.6233086697757244
  landing: 0.8364264443516731
  view-data: 3.39636804535985
