times:
  edit-metadata: 1.5752984266728163
  landing: 0.7865613289177418
  view-data: 3.447586515918374
