times:
  edit-metadata: 1.5342469215393066
  landing: 0.7779112420976162
  view-data: 3.422304654493928
