times:
  edit-metadata: 1.444227997213602
  landing: 0.7571841739118099
  view-data: 3.325226780027151
