times:
  edit-metadata: 1.5781081058084965
  landing: 0.8189571145921946
  view-data: 3.4054953642189503
