times:
  edit-metadata: 0.5155290580005385
  landing: 0.10910821099969326
  view-data: 0.20730600700335344
