times:
  edit-metadata: 1.5825494434684515
  landing: 1.0056739449501038
  view-data: 3.445383118465543
