times:
  edit-metadata: 1.6794871240854263
  landing: 0.8276000209152699
  view-data: 3.4484987501055
