times:
  edit-metadata: 0.49533750396221876
  landing: 0.07246016897261143
  view-data: 0.35006157867610455
