times:
  edit-metadata: 1.41002704994753
  landing: 0.7010066099464893
  view-data: 3.253940367838368
