times:
  edit-metadata: 2.304713424295187
  landing: 1.3184675052762032
  view-data: 3.397403061389923
