times:
  edit-metadata: 1.552561953663826
  landing: 0.8731026239693165
  view-data: 3.3990874364972115
