times:
  edit-metadata: 1.8307133726775646
  landing: 1.579263174906373
  view-data: 3.4763505589216948
