times:
  edit-metadata: 1.57578887604177
  landing: 0.8034864198416471
  view-data: 3.4176375456154346
