times:
  edit-metadata: 1.3503675274550915
  landing: 0.8904541358351707
  view-data: 3.37679335847497
