times:
  edit-metadata: 1.5319740064442158
  landing: 0.8879981637001038
  view-data: 3.447929736226797
