times:
  edit-metadata: 1.4998186994343996
  landing: 0.7734449896961451
  view-data: 3.316252887248993
