times:
  edit-metadata: 0.5868547940044664
  landing: 0.0763550559640862
  view-data: 0.2382604840095155
