times:
  edit-metadata: 1.5546397157013416
  landing: 0.7589561007916927
  view-data: 3.410945501178503
