times:
  edit-metadata: 1.4502560906112194
  landing: 0.7550912853330374
  view-data: 3.3348170295357704
