times:
  edit-metadata: 1.4675072859972715
  landing: 0.7941282512620091
  view-data: 3.4012267580255866
