times:
  edit-metadata: 1.4152445970103145
  landing: 0.9264633350539953
  view-data: 3.3203689670190215
