times:
  edit-metadata: 0.4966997818555683
  landing: 0.07390764495357871
  view-data: 0.20821627392433584
