times:
  edit-metadata: 0.5149696818552911
  landing: 0.06752400891855359
  view-data: 0.22064894996583462
