times:
  edit-metadata: 1.535001812968403
  landing: 0.972872159909457
  view-data: 3.2958730021491647
