times:
  edit-metadata: 1.5732097625732422
  landing: 0.8876584209501743
  view-data: 3.40170456841588
