times:
  edit-metadata: 1.524918269366026
  landing: 0.829428831115365
  view-data: 3.331079415977001
