times:
  edit-metadata: 1.4241991639137268
  landing: 0.8089778833091259
  view-data: 3.4142079539597034
