times:
  edit-metadata: 1.598674476146698
  landing: 0.7591655999422073
  view-data: 3.3313673473894596
