times:
  edit-metadata: 1.5124142691493034
  landing: 0.7570118922740221
  view-data: 3.3741593565791845
