times:
  edit-metadata: 0.6232468008529395
  landing: 0.11383385700173676
  view-data: 0.26251771207898855
