times:
  edit-metadata: 1.265387557912618
  landing: 0.807063388871029
  view-data: 3.3139470529276878
