times:
  edit-metadata: 0.5129525200463831
  landing: 0.0818457561545074
  view-data: 0.226085223024711
