times:
  edit-metadata: 0.5065010939724743
  landing: 0.06611786200664937
  view-data: 0.20914239902049303
