times:
  edit-metadata: 0.5883488500003295
  landing: 0.10634281500006182
  view-data: 0.21788329100036208
