times:
  edit-metadata: 1.5499885454773903
  landing: 0.8688628636300564
  view-data: 3.3367765173316
