times:
  edit-metadata: 0.5508034969680011
  landing: 0.042271885089576244
  view-data: 0.19637731881812215
