times:
  edit-metadata: 2.275415603071451
  landing: 1.1607477460056543
  view-data: 3.5974870566278696
