times:
  edit-metadata: 1.875277596525848
  landing: 1.4599554715678096
  view-data: 3.517734625376761
