times:
  edit-metadata: 1.6504797097295523
  landing: 0.8779353015124798
  view-data: 3.459710229188204
