times:
  edit-metadata: 1.5150591731071472
  landing: 0.7688309364020824
  view-data: 3.408472066745162
