times:
  edit-metadata: 0.48709221999160945
  landing: 0.08211180899525061
  view-data: 0.21822247502859682
