times:
  edit-metadata: 0.5988217490084935
  landing: 0.06274233700241894
  view-data: 0.30339677099254914
