times:
  edit-metadata: 1.6374849919229746
  landing: 0.8681473359465599
  view-data: 3.310742510482669
