times:
  edit-metadata: 1.5815346464514732
  landing: 0.9548231661319733
  view-data: 3.3476442880928516
