times:
  edit-metadata: 1.2657618867233396
  landing: 0.784457616508007
  view-data: 3.3894696356728673
