times:
  edit-metadata: 1.5366429020650685
  landing: 0.838831027969718
  view-data: 3.317447997163981
