times:
  edit-metadata: 1.5026308150263503
  landing: 0.7990249060094357
  view-data: 3.354480492998846
