times:
  edit-metadata: 0.574225748074241
  landing: 0.06640532391611487
  view-data: 0.21693619899451733
