times:
  edit-metadata: 1.6421404406428337
  landing: 1.0175880305469036
  view-data: 3.476898193359375
