times:
  edit-metadata: 1.642530407756567
  landing: 0.950156930834055
  view-data: 3.4149711318314075
