times:
  edit-metadata: 0.4831137373112142
  landing: 0.07468492817133665
  view-data: 0.21948888013139367
