times:
  edit-metadata: 1.5119928140193224
  landing: 0.8308553397655487
  view-data: 3.3986496925354004
