times:
  edit-metadata: 1.502832654863596
  landing: 0.8581703621894121
  view-data: 3.4385458175092936
