times:
  edit-metadata: 0.5982349379919469
  landing: 0.10096392300329171
  view-data: 0.2278362869983539
