times:
  edit-metadata: 0.5050087830168195
  landing: 0.07954542100196704
  view-data: 0.21526118798647076
