times:
  edit-metadata: 1.5549518624320626
  landing: 0.7936285519972444
  view-data: 3.367894858121872
