times:
  edit-metadata: 1.5577973313629627
  landing: 0.9401034479960799
  view-data: 3.4446385595947504
