times:
  edit-metadata: 1.5460727885365486
  landing: 0.8807885386049747
  view-data: 3.456383116543293
