times:
  edit-metadata: 0.5144490981474519
  landing: 0.0767478491179645
  view-data: 0.2167273974046111
