times:
  edit-metadata: 1.2781775365583599
  landing: 0.8201525541953743
  view-data: 3.4243786768056452
