times:
  edit-metadata: 0.4903906008694321
  landing: 0.062168519012629986
  view-data: 0.20708190998993814
