times:
  edit-metadata: 1.563554808497429
  landing: 0.904781349003315
  view-data: 3.4058548510074615
