times:
  edit-metadata: 1.392681235447526
  landing: 0.8469269368797541
  view-data: 3.3484612964093685
