times:
  edit-metadata: 1.4391135452315211
  landing: 0.8148350110277534
  view-data: 3.3847802518866956
