times:
  edit-metadata: 1.4787371754646301
  landing: 0.7891199719160795
  view-data: 3.417566515505314
