times:
  edit-metadata: 0.5038767661899328
  landing: 0.06677303230389953
  view-data: 0.2229085941798985
