times:
  edit-metadata: 2.576554484665394
  landing: 1.1685554422438145
  view-data: 3.644105840474367
