times:
  edit-metadata: 0.5099164638668299
  landing: 0.07800256507471204
  view-data: 0.2425965811125934
