times:
  edit-metadata: 1.4147447757422924
  landing: 0.8879255838692188
  view-data: 3.3254689686000347
