times:
  edit-metadata: 0.510177199030295
  landing: 0.08048319001682103
  view-data: 0.22415897902101278
