times:
  edit-metadata: 1.3673084676265717
  landing: 0.7963508674874902
  view-data: 3.351625246927142
