times:
  edit-metadata: 1.5683614530134946
  landing: 0.9218299339991063
  view-data: 3.383763061836362
