times:
  edit-metadata: 1.5605504177510738
  landing: 0.7981760241091251
  view-data: 3.414428398013115
