times:
  edit-metadata: 1.5797223299741745
  landing: 0.7920887432992458
  view-data: 3.4070065282285213
