times:
  edit-metadata: 1.5500552407465875
  landing: 8.611074806656688
  view-data: 3.3991026100702584
