times:
  edit-metadata: 1.401332814246416
  landing: 0.965890608727932
  view-data: 3.297304291278124
