times:
  edit-metadata: 1.8378318324685097
  landing: 1.4079723805189133
  view-data: 3.3631178587675095
