times:
  edit-metadata: 1.4946364965289831
  landing: 0.7299064993858337
  view-data: 3.37659577652812
