times:
  edit-metadata: 1.528017058968544
  landing: 0.9215757176280022
  view-data: 3.4569113440811634
