times:
  edit-metadata: 1.536334065720439
  landing: 0.991111671552062
  view-data: 3.467615636996925
