times:
  edit-metadata: 0.5112097599776462
  landing: 0.07491778302937746
  view-data: 0.22290513792540878
