times:
  edit-metadata: 1.9924111254513264
  landing: 0.9873621696606278
  view-data: 3.380652092397213
