times:
  edit-metadata: 1.453491410240531
  landing: 0.7439232310280204
  view-data: 3.331030072644353
