times:
  edit-metadata: 1.5450925081968307
  landing: 0.7268910892307758
  view-data: 3.465172117576003
