times:
  edit-metadata: 0.5778664420358837
  landing: 0.06352905801031739
  view-data: 0.22762207803316414
