times:
  edit-metadata: 0.5073270930442959
  landing: 0.07712130295112729
  view-data: 0.35875324811786413
