times:
  edit-metadata: 0.5687058399926173
  landing: 0.09219977499742527
  view-data: 0.22468732799461577
