times:
  edit-metadata: 1.7627284321933985
  landing: 0.9535442376509309
  view-data: 3.3440112750977278
