times:
  edit-metadata: 1.557194884866476
  landing: 0.8221647255122662
  view-data: 3.27942331507802
