times:
  edit-metadata: 1.4790662061423063
  landing: 0.7412941977381706
  view-data: 3.419019680470228
