times:
  edit-metadata: 1.5424599889665842
  landing: 0.7853445112705231
  view-data: 3.4279582127928734
