times:
  edit-metadata: 1.6132925562560558
  landing: 0.9089871682226658
  view-data: 3.3804432563483715
