times:
  edit-metadata: 0.633382914995309
  landing: 0.12526743503985927
  view-data: 0.24873937701340765
