times:
  edit-metadata: 0.5651622119985404
  landing: 0.08352305500011425
  view-data: 0.22664436299965018
