times:
  edit-metadata: 1.5757637359201908
  landing: 0.966086208820343
  view-data: 3.470396291464567
