times:
  edit-metadata: 0.5128485597670078
  landing: 0.07925865706056356
  view-data: 0.22635253285989165
