times:
  edit-metadata: 1.415479987859726
  landing: 0.8592803366482258
  view-data: 3.336252685636282
