times:
  edit-metadata: 1.9630166329443455
  landing: 0.8688061628490686
  view-data: 3.4343934897333384
