times:
  edit-metadata: 1.5372747229412198
  landing: 0.7967838682234287
  view-data: 3.4209498297423124
