times:
  edit-metadata: 1.4272009138949215
  landing: 2.1618381459265947
  view-data: 3.2809567879885435
