times:
  edit-metadata: 1.5046864561736584
  landing: 0.7658506855368614
  view-data: 3.4325530603528023
