times:
  edit-metadata: 2.060067843645811
  landing: 1.7320351637899876
  view-data: 3.7266849540174007
