times:
  edit-metadata: 1.346770752221346
  landing: 0.8065993823111057
  view-data: 3.4204463101923466
