times:
  edit-metadata: 0.5950583959929645
  landing: 0.0741860419511795
  view-data: 0.22196123492904007
