times:
  edit-metadata: 1.361110994592309
  landing: 0.7841475950554013
  view-data: 3.3750513633713126
