times:
  edit-metadata: 0.629954979987815
  landing: 0.07989558001281694
  view-data: 0.2651277530239895
