times:
  edit-metadata: 0.49621988006401807
  landing: 0.07905881805345416
  view-data: 0.3392780979629606
