times:
  edit-metadata: 0.5213626998011023
  landing: 0.06853674608282745
  view-data: 0.21938965492881835
