times:
  edit-metadata: 3.675899237394333
  landing: 2.239253304898739
  view-data: 3.756725311279297
