times:
  edit-metadata: 1.4591408856213093
  landing: 0.7272656038403511
  view-data: 3.2910701483488083
