times:
  edit-metadata: 1.342533640563488
  landing: 0.8935082331299782
  view-data: 3.3408577293157578
