times:
  edit-metadata: 1.5438882429152727
  landing: 0.8991238512098789
  view-data: 3.4011961510404944
