times:
  edit-metadata: 1.4988866411149502
  landing: 0.8839678540825844
  view-data: 3.431090161204338
