times:
  edit-metadata: 1.4265763580333441
  landing: 0.8164451509946957
  view-data: 3.3103678810875863
