times:
  edit-metadata: 1.5235928241163492
  landing: 0.7962517980486155
  view-data: 3.4447426851838827
