times:
  edit-metadata: 1.4476431775838137
  landing: 0.6405202895402908
  view-data: 3.2928716093301773
