times:
  edit-metadata: 1.4678224890958518
  landing: 0.717668843921274
  view-data: 3.2644244481343776
