times:
  edit-metadata: 1.5137695148587227
  landing: 0.96961834654212
  view-data: 3.3795493356883526
