times:
  edit-metadata: 1.4952996782958508
  landing: 0.7240315414965153
  view-data: 3.4506231360137463
