times:
  edit-metadata: 1.5572713855654001
  landing: 0.76360350754112
  view-data: 3.452655142173171
