times:
  edit-metadata: 1.4446863681077957
  landing: 1.0311972983181477
  view-data: 3.42835346609354
