times:
  edit-metadata: 0.5095180259086192
  landing: 0.045273244148120284
  view-data: 0.21601406391710043
