times:
  edit-metadata: 0.5973173589445651
  landing: 0.06315862899646163
  view-data: 0.2221507339272648
