times:
  edit-metadata: 1.5489046778529882
  landing: 0.7667656857520342
  view-data: 3.3870505578815937
