times:
  edit-metadata: 1.6101323626935482
  landing: 1.2471724599599838
  view-data: 3.3122170604765415
