times:
  edit-metadata: 1.4558853693306446
  landing: 0.9087106809020042
  view-data: 3.3671860806643963
