times:
  edit-metadata: 0.4935544820036739
  landing: 0.07829598500393331
  view-data: 0.22323844279162586
