times:
  edit-metadata: 1.4826038107275963
  landing: 0.806346207857132
  view-data: 3.3528797812759876
