times:
  edit-metadata: 1.5139982607215643
  landing: 0.8400558102875948
  view-data: 3.412632752209902
