times:
  edit-metadata: 0.5104906051419675
  landing: 0.07738406886346638
  view-data: 0.219441071851179
