times:
  edit-metadata: 0.5882642580545507
  landing: 0.07418692897772416
  view-data: 0.24259070603875443
