times:
  edit-metadata: 1.7083845790475607
  landing: 0.7913444908335805
  view-data: 3.307028911774978
