times:
  edit-metadata: 1.531441142782569
  landing: 0.8153515141457319
  view-data: 3.419473521411419
