times:
  edit-metadata: 1.6977736540138721
  landing: 0.9973439648747444
  view-data: 3.385937187820673
