times:
  edit-metadata: 1.494866767898202
  landing: 0.7773978989571333
  view-data: 3.427250826731324
