times:
  edit-metadata: 1.5555043071508408
  landing: 0.8222571536898613
  view-data: 3.400489404797554
