times:
  edit-metadata: 1.5801282292231917
  landing: 1.1243075802922249
  view-data: 3.453575707040727
