times:
  edit-metadata: 1.3818938061594963
  landing: 0.891579769551754
  view-data: 3.3224379643797874
