times:
  edit-metadata: 1.5376695729792118
  landing: 0.804277915507555
  view-data: 3.350300120189786
