times:
  edit-metadata: 1.4830739218741655
  landing: 0.7040616869926453
  view-data: 3.344404798001051
