times:
  edit-metadata: 1.6077779736369848
  landing: 0.8717670235782862
  view-data: 3.309023017063737
