times:
  edit-metadata: 1.5139424987137318
  landing: 0.6748928241431713
  view-data: 3.3421922735869884
