times:
  edit-metadata: 0.5025565878022462
  landing: 0.07963150017894804
  view-data: 0.22943104896694422
