times:
  edit-metadata: 3.341964852064848
  landing: 1.3512539826333523
  view-data: 3.732583325356245
