times:
  edit-metadata: 1.478363212198019
  landing: 0.870328463613987
  view-data: 3.484756138175726
