times:
  edit-metadata: 0.5193606449756771
  landing: 0.07213246799074113
  view-data: 0.22132647410035133
