times:
  edit-metadata: 0.5795898129945272
  landing: 0.07918597300158581
  view-data: 0.2194762150029419
