times:
  edit-metadata: 1.718737080693245
  landing: 1.040245208889246
  view-data: 3.345536481589079
