times:
  edit-metadata: 0.5268194270320237
  landing: 0.051179224043153226
  view-data: 0.21974437008611858
