times:
  edit-metadata: 1.3668125793337822
  landing: 0.8681752905249596
  view-data: 3.2876755110919476
