times:
  edit-metadata: 0.6046978960075649
  landing: 0.058303355996031314
  view-data: 0.21562374700442888
