times:
  edit-metadata: 1.5232659857720137
  landing: 1.0576800350099802
  view-data: 3.299122929573059
