times:
  edit-metadata: 1.5980293080210686
  landing: 0.9245315659791231
  view-data: 3.553600076586008
