times:
  edit-metadata: 1.5546416491270065
  landing: 0.8114071115851402
  view-data: 3.419941682368517
