times:
  edit-metadata: 1.5773184951394796
  landing: 0.7896401640027761
  view-data: 3.3692170213907957
