times:
  edit-metadata: 0.5157627819571644
  landing: 0.06864397809840739
  view-data: 0.23673367593437433
