times:
  edit-metadata: 1.5172969456762075
  landing: 0.8241645693778992
  view-data: 3.3341603130102158
