times:
  edit-metadata: 1.468015629798174
  landing: 1.0290666483342648
  view-data: 3.3767454102635384
