times:
  edit-metadata: 0.5108843499328941
  landing: 0.07507207407616079
  view-data: 0.2185872581321746
