times:
  edit-metadata: 0.503420463996008
  landing: 0.08497856196481735
  view-data: 0.21599506004713476
