times:
  edit-metadata: 0.4924684059806168
  landing: 0.08376540709286928
  view-data: 0.23306212108582258
