times:
  edit-metadata: 1.5080378230195493
  landing: 0.7268693340010941
  view-data: 3.2729139919392765
