times:
  edit-metadata: 1.5570897795259953
  landing: 0.7677639611065388
  view-data: 3.395097540691495
