times:
  edit-metadata: 1.6349280662834644
  landing: 0.9037765823304653
  view-data: 3.4726302698254585
