times:
  edit-metadata: 1.5075252619571984
  landing: 0.9537930190563202
  view-data: 3.365405600052327
