times:
  edit-metadata: 1.5329774282872677
  landing: 0.8861582018435001
  view-data: 3.3748579062521458
