times:
  edit-metadata: 0.5070054499665275
  landing: 0.07207170908804983
  view-data: 0.24149192601907998
