times:
  edit-metadata: 2.313027529977262
  landing: 1.3080968214198947
  view-data: 4.114587661810219
