times:
  edit-metadata: 1.5587687082588673
  landing: 0.7677879836410284
  view-data: 3.416099125519395
