times:
  edit-metadata: 1.4957088138908148
  landing: 0.8730989675968885
  view-data: 3.3103526532649994
