times:
  edit-metadata: 1.529992657713592
  landing: 0.8477925313636661
  view-data: 3.385782178491354
