times:
  edit-metadata: 0.4893540069460869
  landing: 0.07242515799589455
  view-data: 0.20653473096899688
