times:
  edit-metadata: 1.5318752862513065
  landing: 1.442652378231287
  view-data: 3.4108294248580933
