times:
  edit-metadata: 1.757426131516695
  landing: 1.1576025169342756
  view-data: 3.3626577761024237
