times:
  edit-metadata: 1.5924318432807922
  landing: 0.8204798810184002
  view-data: 3.4582985788583755
