times:
  edit-metadata: 1.5152507610619068
  landing: 0.788492526859045
  view-data: 3.3804898150265217
