times:
  edit-metadata: 1.4217839315533638
  landing: 0.6819594204425812
  view-data: 3.295813899487257
