times:
  edit-metadata: 1.3638448361307383
  landing: 0.7083553625270724
  view-data: 3.30483081843704
