times:
  edit-metadata: 1.5470937937498093
  landing: 0.8309602998197079
  view-data: 3.4547498524188995
