times:
  edit-metadata: 0.4926966429920867
  landing: 0.0751677899970673
  view-data: 0.3474631290009711
