times:
  edit-metadata: 1.6302726455032825
  landing: 1.0155625268816948
  view-data: 3.434016264975071
