times:
  edit-metadata: 0.5060000650119036
  landing: 0.07247092598117888
  view-data: 0.22643350414000452
