times:
  edit-metadata: 1.5139992162585258
  landing: 0.8169983364641666
  view-data: 3.3582177832722664
