times:
  edit-metadata: 0.5838212859816849
  landing: 0.08017597405705601
  view-data: 0.23051304800901562
