times:
  edit-metadata: 1.3020199090242386
  landing: 0.7204913350287825
  view-data: 3.3625620510429144
