times:
  edit-metadata: 1.5617757327854633
  landing: 0.8510244935750961
  view-data: 3.462808771058917
