times:
  edit-metadata: 1.4552806429564953
  landing: 0.9951872900128365
  view-data: 3.2879707776010036
