times:
  edit-metadata: 1.570502758026123
  landing: 0.869011364877224
  view-data: 3.3587855948135257
