times:
  edit-metadata: 1.5706717483699322
  landing: 0.9550075344741344
  view-data: 3.4515151735395193
