times:
  edit-metadata: 1.3995456430129707
  landing: 0.7873826060676947
  view-data: 3.2758833040716127
