times:
  edit-metadata: 1.433662161231041
  landing: 0.8809026479721069
  view-data: 3.347220078110695
