times:
  edit-metadata: 1.424322659149766
  landing: 0.849360316991806
  view-data: 3.3349053878337145
