times:
  edit-metadata: 1.4522691313177347
  landing: 0.8250005943700671
  view-data: 3.3984688837081194
