times:
  edit-metadata: 1.3853302020579576
  landing: 0.7543183267116547
  view-data: 3.294492583721876
