times:
  edit-metadata: 1.512737413868308
  landing: 0.8524918369948864
  view-data: 3.3859254103153944
