times:
  edit-metadata: 0.5036567701026797
  landing: 0.07736793300136924
  view-data: 0.22619993705302477
