times:
  edit-metadata: 1.4463678821921349
  landing: 0.8023794991895556
  view-data: 3.456557988189161
