times:
  edit-metadata: 1.5128461457788944
  landing: 0.7162501141428947
  view-data: 3.3879913985729218
