times:
  edit-metadata: 1.44018042832613
  landing: 0.9047556817531586
  view-data: 3.3799446932971478
