times:
  edit-metadata: 1.8894250756129622
  landing: 1.0253989035263658
  view-data: 3.3657561521977186
