times:
  edit-metadata: 1.4593179039657116
  landing: 0.7950642257928848
  view-data: 3.408614484593272
