times:
  edit-metadata: 0.5244990959763527
  landing: 0.07140313507989049
  view-data: 0.22303026891313493
