times:
  edit-metadata: 0.4931960559997606
  landing: 0.07640644200000679
  view-data: 0.21951091900064057
