times:
  edit-metadata: 1.4934013430029154
  landing: 0.7937494143843651
  view-data: 3.357495252043009
