times:
  edit-metadata: 1.52795564616099
  landing: 0.8207721309736371
  view-data: 3.4424079929012805
