times:
  edit-metadata: 0.4941816129721701
  landing: 0.061984271043911576
  view-data: 0.20873426890466362
