times:
  edit-metadata: 1.972915779799223
  landing: 1.190506157465279
  view-data: 3.4458735790103674
