times:
  edit-metadata: 1.5524844639003277
  landing: 0.9993184469640255
  view-data: 3.3529886975884438
