times:
  edit-metadata: 0.49465315899578854
  landing: 0.07717351795872673
  view-data: 0.20489104400621727
