times:
  edit-metadata: 1.574572667479515
  landing: 0.9579584673047066
  view-data: 3.334621634334326
