times:
  edit-metadata: 1.4650424718856812
  landing: 0.7879960238933563
  view-data: 3.3847663812339306
