times:
  edit-metadata: 0.5823965549934655
  landing: 0.0706599189870758
  view-data: 0.3575794900098117
