times:
  edit-metadata: 1.6677528731524944
  landing: 0.9130333103239536
  view-data: 3.304881952702999
