times:
  edit-metadata: 1.6014626547694206
  landing: 0.8424986116588116
  view-data: 3.2841519936919212
