times:
  edit-metadata: 1.473629456013441
  landing: 0.8433994948863983
  view-data: 3.3485078923404217
