times:
  edit-metadata: 0.5058979199966416
  landing: 0.08017683500656858
  view-data: 0.22225167497526854
