times:
  edit-metadata: 0.5303330910392106
  landing: 0.04640822624787688
  view-data: 0.21501599391922355
