times:
  edit-metadata: 1.508599080145359
  landing: 0.9919455908238888
  view-data: 3.583485558629036
