times:
  edit-metadata: 0.4983806438976899
  landing: 0.07555446203332394
  view-data: 0.24078861810266972
