times:
  edit-metadata: 1.5372004015371203
  landing: 0.9594371877610683
  view-data: 3.4530592830851674
