times:
  edit-metadata: 1.6499736849218607
  landing: 0.9069662634283304
  view-data: 3.324360881000757
