times:
  edit-metadata: 1.5420038178563118
  landing: 0.7849789932370186
  view-data: 3.3932600002735853
