times:
  edit-metadata: 1.4531162306666374
  landing: 0.9133812561631203
  view-data: 3.359636303037405
