times:
  edit-metadata: 1.5339656714349985
  landing: 0.7588070370256901
  view-data: 3.4055478125810623
