times:
  edit-metadata: 1.4142308123409748
  landing: 0.7976111471652985
  view-data: 3.3911731485277414
