times:
  edit-metadata: 1.5215273685753345
  landing: 0.8834415562450886
  view-data: 3.386559534817934
