times:
  edit-metadata: 1.4347648061811924
  landing: 0.9328439570963383
  view-data: 3.343758162111044
