times:
  edit-metadata: 1.5375518016517162
  landing: 0.8898794949054718
  view-data: 3.3538208715617657
