times:
  edit-metadata: 1.5615564081817865
  landing: 0.8209609109908342
  view-data: 3.4199630385264754
