times:
  edit-metadata: 1.5720108412206173
  landing: 0.9227412156760693
  view-data: 3.3372416719794273
