times:
  edit-metadata: 0.4775324029615149
  landing: 0.09323358500842005
  view-data: 0.3395724749425426
