times:
  edit-metadata: 1.5171820893883705
  landing: 0.7405704408884048
  view-data: 3.39148217625916
