times:
  edit-metadata: 0.6160850659944117
  landing: 0.12172529799863696
  view-data: 0.2533699020277709
