times:
  edit-metadata: 1.4375051259994507
  landing: 0.7556429319083691
  view-data: 3.4131225869059563
