times:
  edit-metadata: 1.3980732467025518
  landing: 0.9018293768167496
  view-data: 3.353473359718919
