times:
  edit-metadata: 0.5027547820936888
  landing: 0.07786764786578715
  view-data: 0.22034818609245121
