times:
  edit-metadata: 1.5628315843641758
  landing: 1.0883228741586208
  view-data: 3.435148485004902
