times:
  edit-metadata: 1.780075678601861
  landing: 1.1646824087947607
  view-data: 3.3274679672904313
