times:
  edit-metadata: 1.5091067142784595
  landing: 0.6974818389862776
  view-data: 3.3887228444218636
