times:
  edit-metadata: 1.690963297151029
  landing: 1.1266241339035332
  view-data: 3.3906302927061915
