times:
  edit-metadata: 1.5069539435207844
  landing: 0.8547434918582439
  view-data: 3.3236287012696266
