times:
  edit-metadata: 1.3901583403348923
  landing: 0.6867867149412632
  view-data: 3.2705773822963238
