times:
  edit-metadata: 1.4536740854382515
  landing: 0.9020770639181137
  view-data: 3.374445617198944
