times:
  edit-metadata: 1.905591094866395
  landing: 1.0760074332356453
  view-data: 3.3250613724812865
