times:
  edit-metadata: 1.946017101407051
  landing: 1.120850794017315
  view-data: 3.4445464238524437
