times:
  edit-metadata: 1.7506163604557514
  landing: 1.0657582860440016
  view-data: 3.459822105243802
