times:
  edit-metadata: 1.3735134489834309
  landing: 0.8894734382629395
  view-data: 3.3663199730217457
