times:
  edit-metadata: 1.5456478432752192
  landing: 0.8730516540817916
  view-data: 3.4129612492397428
