times:
  edit-metadata: 1.449173854663968
  landing: 0.787165243178606
  view-data: 3.428176593966782
