times:
  edit-metadata: 1.4345184117555618
  landing: 20.205699732527137
  view-data: 3.3579891063272953
