times:
  edit-metadata: 1.6106661073863506
  landing: 0.9586558416485786
  view-data: 3.413935463875532
