times:
  edit-metadata: 1.7728316630236804
  landing: 1.1120637715794146
  view-data: 3.3492904943414032
