times:
  edit-metadata: 2.008109036833048
  landing: 0.734599506482482
  view-data: 4.712506620213389
