times:
  edit-metadata: 1.56256864964962
  landing: 1.0956957526504993
  view-data: 3.3797070309519768
