times:
  edit-metadata: 1.516198631376028
  landing: 0.8867167457938194
  view-data: 3.303855761885643
