times:
  edit-metadata: 1.5508473087102175
  landing: 0.7882032785564661
  view-data: 3.4269601441919804
