times:
  edit-metadata: 0.49008630821481347
  landing: 0.08892209781333804
  view-data: 0.2217892948538065
