times:
  edit-metadata: 1.4537280378863215
  landing: 0.7785635069012642
  view-data: 3.391280301846564
