times:
  edit-metadata: 1.519070541486144
  landing: 0.75229855440557
  view-data: 3.3907450400292873
