times:
  edit-metadata: 1.5495501216500998
  landing: 0.9179013818502426
  view-data: 3.313167743384838
