times:
  edit-metadata: 1.6334828808903694
  landing: 0.835488099604845
  view-data: 3.3636161908507347
