times:
  edit-metadata: 1.1917246369994245
  landing: 0.21145331294974312
  view-data: 0.21840473101474345
