times:
  edit-metadata: 0.49773187981918454
  landing: 0.07014992902986705
  view-data: 0.2105357190594077
