times:
  edit-metadata: 1.4961838498711586
  landing: 0.7951074186712503
  view-data: 3.3870045114308596
