times:
  edit-metadata: 1.5448631048202515
  landing: 0.8198613710701466
  view-data: 3.4018931202590466
