times:
  edit-metadata: 2.0648609343916178
  landing: 1.1494637224823236
  view-data: 3.5102372001856565
