times:
  edit-metadata: 1.721286910586059
  landing: 0.766927033662796
  view-data: 3.465900066308677
