times:
  edit-metadata: 1.7666299156844616
  landing: 1.0318498285487294
  view-data: 3.4009820306673646
