times:
  edit-metadata: 0.4906155429780483
  landing: 0.0650651550386101
  view-data: 0.20932514092419297
