times:
  edit-metadata: 1.6529968976974487
  landing: 0.7387455198913813
  view-data: 3.392160587012768
