times:
  edit-metadata: 1.3140344535931945
  landing: 0.7838304061442614
  view-data: 3.3803977454081178
