times:
  edit-metadata: 1.5903607700020075
  landing: 0.7852106709033251
  view-data: 3.4465805627405643
