times:
  edit-metadata: 0.47833050694316626
  landing: 0.07683495292440057
  view-data: 0.22170155006460845
