times:
  edit-metadata: 1.5663514472544193
  landing: 0.9930033758282661
  view-data: 3.3589135445654392
