times:
  edit-metadata: 1.4902811665087938
  landing: 0.686365345492959
  view-data: 3.3746169954538345
