times:
  edit-metadata: 0.5849449639999875
  landing: 0.06769154299945512
  view-data: 0.22509463300048083
