times:
  edit-metadata: 1.3348408937454224
  landing: 0.6594512015581131
  view-data: 3.301407814025879
