times:
  edit-metadata: 1.4626174569129944
  landing: 0.7287686467170715
  view-data: 3.3651930233463645
