times:
  edit-metadata: 1.4075443968176842
  landing: 0.9861326590180397
  view-data: 3.3518460616469383
