times:
  edit-metadata: 0.6317759320081677
  landing: 0.10264662498957478
  view-data: 0.23266691900789738
