times:
  edit-metadata: 1.4507752857171
  landing: 0.8231046074070036
  view-data: 3.4900589319877326
