times:
  edit-metadata: 1.8190374448895454
  landing: 0.054011598229408264
  view-data: 0.26933955401182175
