times:
  edit-metadata: 2.0635792883113027
  landing: 0.02374133560806513
  view-data: 0.1168917054310441
