times:
  edit-metadata: 0.9978191275149584
  landing: 0.058869803324341774
  view-data: 0.23421900812536478
