times:
  edit-metadata: 1.4629020914435387
  landing: 0.9306595325469971
  view-data: 3.3553363885730505
