times:
  edit-metadata: 0.9732750202529132
  landing: 0.048078921157866716
  view-data: 0.47205478698015213
