times:
  edit-metadata: 1.6889266750076786
  landing: 0.7931978090200573
  view-data: 3.359374191961251
