times:
  edit-metadata: 2.23167940787971
  landing: 0.20118968188762665
  view-data: 0.14205732569098473
