times:
  edit-metadata: 1.9373643714934587
  landing: 0.02166629023849964
  view-data: 0.026587117463350296
