times:
  edit-metadata: 1.5254901199950837
  landing: 0.04654417897108942
  view-data: 0.22115855402080342
