times:
  edit-metadata: 2.060749802738428
  landing: 0.5782972872257233
  view-data: 0.2656948044896126
