times:
  edit-metadata: 1.0795352850109339
  landing: 0.06073739589191973
  view-data: 0.274311960907653
