times:
  edit-metadata: 1.5445424700155854
  landing: 0.042666173016186804
  view-data: 0.22309951100032777
