times:
  edit-metadata: 2.4586798511445522
  landing: 0.020793993026018143
  view-data: 0.025163544341921806
