times:
  edit-metadata: 2.183353714644909
  landing: 1.8412806279957294
  view-data: 0.8182204198092222
