times:
  edit-metadata: 1.4634210402145982
  landing: 0.9509032545611262
  view-data: 3.3856993028894067
