times:
  edit-metadata: 1.4848815612494946
  landing: 0.8441960476338863
  view-data: 3.4283799808472395
