times:
  edit-metadata: 1.8273689119960181
  landing: 0.058251659036614
  view-data: 0.2301295909564942
