times:
  edit-metadata: 1.3155210483819246
  landing: 0.8902018703520298
  view-data: 3.387410221621394
