times:
  edit-metadata: 0.9964100699871778
  landing: 0.05116183799691498
  view-data: 0.25702205498237163
