times:
  edit-metadata: 0.9359985706396401
  landing: 0.051171356812119484
  view-data: 0.21863119676709175
