times:
  edit-metadata: 2.0496403127908707
  landing: 0.16865641623735428
  view-data: 0.11968137882649899
