times:
  edit-metadata: 1.4432655088603497
  landing: 0.9103659391403198
  view-data: 3.3870889544487
