times:
  edit-metadata: 1.9544314350932837
  landing: 0.02007841132581234
  view-data: 0.12638592068105936
