times:
  edit-metadata: 2.2888250946998596
  landing: 1.3956821449100971
  view-data: 3.299438428133726
