times:
  edit-metadata: 2.058226101100445
  landing: 0.022703709080815315
  view-data: 0.4011812303215265
