times:
  edit-metadata: 1.593917716993019
  landing: 0.05826845485717058
  view-data: 0.22617916390299797
