times:
  edit-metadata: 1.7849693447351456
  landing: 0.0591057613492012
  view-data: 0.23564430326223373
