times:
  edit-metadata: 1.5219201818108559
  landing: 1.0161945670843124
  view-data: 3.4076488614082336
