times:
  landing: 0.5497470619999945
  view-data: 0.5562990990000003
