times:
  edit-metadata: 2.0475171711295843
  landing: 0.24588635563850403
  view-data: 0.4447449939325452
