times:
  edit-metadata: 1.9599674995988607
  landing: 1.2306325491517782
  view-data: 3.5404411740601063
