times:
  landing: 0.5587676559999863
  view-data: 0.5634828999999968
