times:
  edit-metadata: 0.971336190123111
  landing: 0.0464112339541316
  view-data: 0.24933995492756367
