times:
  landing: 0.5541928800000164
  view-data: 0.5657949509999867
