times:
  edit-metadata: 1.916038149036467
  landing: 0.1546362778171897
  view-data: 0.12487294524908066
