times:
  edit-metadata: 2.477586690336466
  landing: 0.1392055805772543
  view-data: 0.536215141415596
