times:
  edit-metadata: 1.381316700950265
  landing: 0.927919700043276
  view-data: 3.358884137123823
