times:
  edit-metadata: 0.9419848020042991
  landing: 0.054415405000327155
  view-data: 0.2802002559910761
