times:
  edit-metadata: 1.4969219490885735
  landing: 0.8220443539321423
  view-data: 3.3551420755684376
