times:
  edit-metadata: 1.3767878953367472
  landing: 0.8458052575588226
  view-data: 3.3220281712710857
