times:
  edit-metadata: 1.441409746184945
  landing: 0.7911710180342197
  view-data: 3.339015567675233
