times:
  landing: 0.5532971369999871
  view-data: 0.558153367999978
