times:
  landing: 0.5538913820000175
  view-data: 0.5580748780000135
