times:
  edit-metadata: 1.5399023368954659
  landing: 0.8336548674851656
  view-data: 3.400552147999406
