times:
  edit-metadata: 1.990726200863719
  landing: 0.5400216560810804
  view-data: 0.2651425860822201
