times:
  landing: 0.5427991330000168
  view-data: 0.5468672849999621
