times:
  edit-metadata: 1.5313661992549896
  landing: 0.9088426539674401
  view-data: 3.295414096675813
