times:
  edit-metadata: 2.1251044999808073
  landing: 0.14636919647455215
  view-data: 0.37345926463603973
