times:
  edit-metadata: 1.9694746807217598
  landing: 0.06439044326543808
  view-data: 0.24976754188537598
