times:
  landing: 0.5514456000000223
  view-data: 0.5478566460000138
