times:
  edit-metadata: 1.3791817659512162
  landing: 0.7883490137755871
  view-data: 3.3076561810448766
