times:
  edit-metadata: 1.964651059359312
  landing: 0.11912425793707371
  view-data: 0.13237174600362778
