times:
  landing: 0.5450801069999898
  view-data: 0.5516592199999764
