times:
  edit-metadata: 1.8031970039010048
  landing: 0.055273089557886124
  view-data: 0.25491753593087196
