times:
  landing: 0.5463879600000041
  view-data: 0.5539206480000018
