times:
  edit-metadata: 2.237017836421728
  landing: 1.3984580114483833
  view-data: 3.453126013278961
