times:
  edit-metadata: 1.4619203298352659
  landing: 0.8457415858283639
  view-data: 3.3438824978657067
