times:
  edit-metadata: 1.4523828879464418
  landing: 0.8496810279320925
  view-data: 3.3499933890998363
