times:
  edit-metadata: 2.00129222497344
  landing: 0.7744155954569578
  view-data: 0.2725559324026108
