times:
  landing: 1.0791600370000083
  view-data: 0.5604680799999926
