times:
  landing: 0.5530795509999962
  view-data: 0.5591767989999994
