times:
  edit-metadata: 3.377618983387947
  landing: 0.34126696549355984
  view-data: 0.48614093475043774
