times:
  edit-metadata: 1.0514802257530391
  landing: 0.051683487836271524
  view-data: 0.2584454230964184
