times:
  edit-metadata: 1.4551756493747234
  landing: 1.0197641961276531
  view-data: 3.301029374822974
