times:
  edit-metadata: 1.4523673243820667
  landing: 0.9439480975270271
  view-data: 3.3378596380352974
