times:
  edit-metadata: 2.309741571545601
  landing: 0.20073785074055195
  view-data: 0.43017491325736046
