times:
  edit-metadata: 0.9535799017176032
  landing: 0.05253981426358223
  view-data: 0.24203250464051962
