times:
  edit-metadata: 1.5170716571155936
  landing: 0.046554778004065156
  view-data: 0.22226524306461215
