times:
  landing: 0.566381659000001
  view-data: 0.5655642080000121
