times:
  landing: 0.5494720419999908
  view-data: 0.5567202960000088
