times:
  landing: 0.5465768799999751
  view-data: 0.5472771980000175
