times:
  edit-metadata: 2.0754527878016233
  landing: 0.23094316199421883
  view-data: 0.02515226975083351
