times:
  edit-metadata: 0.9423533499939367
  landing: 0.046987642999738455
  view-data: 0.25942319305613637
