times:
  edit-metadata: 1.9344419613480568
  landing: 0.02176054660230875
  view-data: 0.12519754376262426
