times:
  landing: 1.0892860179999957
  view-data: 0.5622224520000145
