times:
  edit-metadata: 1.9439486963674426
  landing: 0.020859356969594955
  view-data: 0.4436162142083049
