times:
  edit-metadata: 2.2977491095662117
  landing: 0.02054467424750328
  view-data: 0.18674717657268047
