times:
  edit-metadata: 1.0648546512238681
  landing: 0.07925822678953409
  view-data: 0.3378794500604272
