times:
  edit-metadata: 1.603187832981348
  landing: 0.06684043304994702
  view-data: 0.25154466601088643
