times:
  edit-metadata: 1.4356592148542404
  landing: 0.7946071140468121
  view-data: 3.360117446631193
