times:
  edit-metadata: 1.4267975576221943
  landing: 0.9124652966856956
  view-data: 3.410643968731165
