times:
  edit-metadata: 1.4307530280202627
  landing: 0.8999982830137014
  view-data: 3.3825350739061832
