times:
  edit-metadata: 1.4035116098821163
  landing: 0.9128732271492481
  view-data: 3.2803844027221203
