times:
  edit-metadata: 1.6103462940081954
  landing: 0.05489678308367729
  view-data: 0.2503669746220112
