times:
  edit-metadata: 0.9993557557463646
  landing: 0.051972441375255585
  view-data: 0.2587157106027007
