times:
  edit-metadata: 1.1138091119937599
  landing: 0.08253824105486274
  view-data: 0.23453952698037028
