times:
  edit-metadata: 1.523295621998841
  landing: 0.047741093003423885
  view-data: 0.25219316899892874
