times:
  edit-metadata: 1.4643399082124233
  landing: 1.0036857686936855
  view-data: 3.3121819980442524
