times:
  edit-metadata: 2.279316635802388
  landing: 0.1614287607371807
  view-data: 0.027595559135079384
