times:
  edit-metadata: 1.9942927602678537
  landing: 0.13513492792844772
  view-data: 0.13655680790543556
