times:
  edit-metadata: 1.5845187585800886
  landing: 0.4153057988733053
  view-data: 0.2170765958726406
