times:
  landing: 1.063838636000014
  view-data: 0.5572443570000019
