times:
  edit-metadata: 1.5042839981615543
  landing: 0.7930533438920975
  view-data: 3.377666810527444
