times:
  landing: 0.5528839290000178
  view-data: 0.5512366370001018
