times:
  edit-metadata: 2.042325997725129
  landing: 0.019332753494381905
  view-data: 0.022730279713869095
