times:
  edit-metadata: 1.4855059124529362
  landing: 0.9601464085280895
  view-data: 3.404598768800497
