times:
  landing: 0.5536613690000536
  view-data: 0.5546747340000024
