times:
  edit-metadata: 3.157259803265333
  landing: 2.053004916757345
  view-data: 3.6405701003968716
