times:
  edit-metadata: 2.146517165005207
  landing: 1.610734723508358
  view-data: 0.6444497853517532
