times:
  landing: 0.560078806999968
  view-data: 0.5615456059999815
