times:
  edit-metadata: 4.708418658003211
  landing: 1.3569827154278755
  view-data: 3.65933832898736
