times:
  edit-metadata: 1.5458705350756645
  landing: 0.7995834648609161
  view-data: 3.3756131269037724
