times:
  edit-metadata: 1.3240758627653122
  landing: 0.8658222835510969
  view-data: 3.329549820162356
