times:
  edit-metadata: 1.9037282513454556
  landing: 0.023997281678020954
  view-data: 0.11785946879535913
