times:
  landing: 1.0825633879999828
  view-data: 0.5603092119999928
