times:
  edit-metadata: 1.2943577840924263
  landing: 0.08593543199822307
  view-data: 0.36165028903633356
