times:
  edit-metadata: 1.4084834037348628
  landing: 0.9857937097549438
  view-data: 3.3401696207001805
