times:
  edit-metadata: 2.096480706706643
  landing: 0.6006978414952755
  view-data: 0.634597722440958
