times:
  edit-metadata: 1.9975486751645803
  landing: 1.115981336683035
  view-data: 0.6521494276821613
