times:
  edit-metadata: 1.0830440480203833
  landing: 0.05661497000255622
  view-data: 0.2443982609838713
