times:
  edit-metadata: 0.9457562994211912
  landing: 0.05272468272596598
  view-data: 0.2596531203016639
