times:
  edit-metadata: 1.9696312937885523
  landing: 0.021204259246587753
  view-data: 0.02690927032381296
