times:
  landing: 0.5564919889999942
  view-data: 0.5636718909999843
