times:
  landing: 0.5543105909999895
  view-data: 0.554629091999999
