times:
  landing: 0.5575987229999555
  view-data: 0.5753911289999678
