times:
  landing: 0.5488951689999908
  view-data: 0.559164796999994
