times:
  edit-metadata: 1.9463676027953625
  landing: 0.020657342858612537
  view-data: 0.024748755618929863
