times:
  landing: 0.559975546000004
  view-data: 0.5641421130000026
