times:
  edit-metadata: 1.6677897039917298
  landing: 0.07671908900374547
  view-data: 0.24256195698399097
