times:
  edit-metadata: 0.9492071745917201
  landing: 0.060898417606949806
  view-data: 0.23878214228898287
