times:
  edit-metadata: 1.3932750970125198
  landing: 6.415230382233858
  view-data: 3.3279600366950035
