times:
  edit-metadata: 1.9327219715341926
  landing: 0.022160381078720093
  view-data: 0.11980921309441328
