times:
  landing: 0.5570749739999883
  view-data: 0.5657004260000065
