times:
  edit-metadata: 2.3521316684782505
  landing: 0.025614742189645767
  view-data: 0.13484135642647743
