times:
  edit-metadata: 0.9654396350961179
  landing: 0.047702099895104766
  view-data: 0.39959356701001525
