times:
  landing: 0.5545600060000027
  view-data: 0.562321723999986
