times:
  edit-metadata: 1.6470046397298574
  landing: 0.592614071443677
  view-data: 0.6047888863831758
