times:
  edit-metadata: 0.942535562440753
  landing: 0.05052581802010536
  view-data: 0.235261638648808
