times:
  landing: 0.5573404229999994
  view-data: 0.5582923709999932
