times:
  edit-metadata: 1.5698870867490768
  landing: 0.8228634744882584
  view-data: 3.3917333856225014
