times:
  edit-metadata: 1.3457402773201466
  landing: 0.75560237839818
  view-data: 3.413168840110302
