times:
  edit-metadata: 0.9608270293101668
  landing: 0.05214895028620958
  view-data: 0.22740943729877472
