times:
  edit-metadata: 1.1443673750036396
  landing: 0.047887836990412325
  view-data: 0.24983629000780638
