times:
  edit-metadata: 1.6938253139378503
  landing: 0.8476817540358752
  view-data: 3.311917940969579
