times:
  edit-metadata: 1.3630779078230262
  landing: 0.05433546518906951
  view-data: 0.3436851412989199
