times:
  edit-metadata: 1.4359287414699793
  landing: 0.8481447827070951
  view-data: 3.4300315342843533
