times:
  edit-metadata: 1.5062225239817053
  landing: 0.05100303201470524
  view-data: 0.21829482199973427
