times:
  edit-metadata: 1.909759427420795
  landing: 0.11545868124812841
  view-data: 0.024748438969254494
