times:
  edit-metadata: 2.077105230651796
  landing: 0.022283595986664295
  view-data: 0.02475547231733799
