times:
  edit-metadata: 2.0348606295883656
  landing: 0.1154149416834116
  view-data: 0.12733305431902409
