times:
  edit-metadata: 1.0034736869856715
  landing: 0.049774330109357834
  view-data: 0.24000999983400106
