times:
  edit-metadata: 1.4795955307781696
  landing: 0.9572704173624516
  view-data: 3.370038889348507
