times:
  edit-metadata: 0.9261694643646479
  landing: 0.057247960940003395
  view-data: 0.2164933723397553
