times:
  edit-metadata: 1.414315639063716
  landing: 0.8621362168341875
  view-data: 3.3885352620854974
