times:
  edit-metadata: 0.9425908040720969
  landing: 0.05120138102211058
  view-data: 0.2318985479651019
