times:
  landing: 0.5534466020000082
  view-data: 0.5609359599999948
