times:
  edit-metadata: 1.2958985129371285
  landing: 0.877787257079035
  view-data: 3.373684301972389
