times:
  edit-metadata: 3.0429470390081406
  landing: 1.7559824958443642
  view-data: 3.531545091420412
