times:
  edit-metadata: 1.4001903124153614
  landing: 0.8455325476825237
  view-data: 3.3720596423372626
