times:
  edit-metadata: 1.9563011582940817
  landing: 1.2240831647068262
  view-data: 0.6326658148318529
