times:
  edit-metadata: 0.9961362509056926
  landing: 0.05493572819977999
  view-data: 0.24013730697333813
