times:
  edit-metadata: 1.5072828624397516
  landing: 0.8269035387784243
  view-data: 3.381766004487872
