times:
  edit-metadata: 1.9412592891603708
  landing: 1.489369560033083
  view-data: 1.0528928115963936
