times:
  edit-metadata: 1.0667043220018968
  landing: 0.04536312003619969
  view-data: 0.26948192599229515
