times:
  edit-metadata: 1.3842053362168372
  landing: 0.9154368601739407
  view-data: 3.359073983039707
