times:
  edit-metadata: 1.7000414431095123
  landing: 0.05046076001599431
  view-data: 0.31388297211378813
