times:
  edit-metadata: 2.109725207090378
  landing: 0.01853860914707184
  view-data: 0.0246241707354784
