times:
  edit-metadata: 1.500626616179943
  landing: 0.9417618624866009
  view-data: 3.3493639640510082
