times:
  edit-metadata: 3.0365902287885547
  landing: 1.51407231669873
  view-data: 3.3857914488762617
