times:
  edit-metadata: 1.9689586646854877
  landing: 0.05235897749662399
  view-data: 0.23231255635619164
