times:
  edit-metadata: 1.921995386481285
  landing: 0.2029612623155117
  view-data: 0.4476949283853173
