times:
  edit-metadata: 1.7107996679842472
  landing: 2.030644740909338
  view-data: 3.362341169267893
