times:
  edit-metadata: 1.5768215239513665
  landing: 0.0504368687979877
  view-data: 0.23290509497746825
