times:
  edit-metadata: 1.669716876000166
  landing: 1.0196443535387516
  view-data: 3.3277565389871597
