times:
  edit-metadata: 1.8947665560990572
  landing: 0.13281704299151897
  view-data: 0.4171247836202383
