times:
  edit-metadata: 3.089678325690329
  landing: 0.13564259465783834
  view-data: 0.7327531026676297
