times:
  edit-metadata: 2.114177906885743
  landing: 0.6162115316838026
  view-data: 0.29939841479063034
