times:
  landing: 0.5431733189999477
  view-data: 0.5460029609999992
