times:
  edit-metadata: 2.038655711337924
  landing: 0.019556572660803795
  view-data: 0.021932389587163925
