times:
  edit-metadata: 2.177727486938238
  landing: 0.858939852565527
  view-data: 0.3600842412561178
