times:
  edit-metadata: 0.9649453121237457
  landing: 0.04997656727209687
  view-data: 0.23268928984180093
