times:
  landing: 0.5550196169999708
  view-data: 0.560161579999999
