times:
  edit-metadata: 1.6418313570320606
  landing: 1.0017117485404015
  view-data: 3.392557829618454
