times:
  edit-metadata: 1.8811117904260755
  landing: 0.02188716735690832
  view-data: 0.028693843632936478
