times:
  edit-metadata: 1.2483207043260336
  landing: 0.08094190526753664
  view-data: 0.3274859469383955
