times:
  edit-metadata: 2.2185520250350237
  landing: 0.022502616047859192
  view-data: 0.025059573352336884
