times:
  edit-metadata: 0.9191631847061217
  landing: 0.04922884004190564
  view-data: 0.23352734092622995
