times:
  edit-metadata: 1.9213166013360023
  landing: 0.047012507915496826
  view-data: 0.2422993667423725
