times:
  edit-metadata: 1.4728474952280521
  landing: 0.9240994891151786
  view-data: 3.3747085127979517
