times:
  edit-metadata: 1.4904399421066046
  landing: 0.6038783397525549
  view-data: 0.26072690822184086
