times:
  edit-metadata: 1.5406982437707484
  landing: 0.05237583816051483
  view-data: 0.2213038601912558
