times:
  edit-metadata: 1.560811623930931
  landing: 0.9527861326932907
  view-data: 3.4106401912868023
