times:
  edit-metadata: 1.676536962389946
  landing: 1.0888206139206886
  view-data: 3.3354236595332623
