times:
  edit-metadata: 1.5918450132012367
  landing: 0.05161953414790332
  view-data: 0.22060382808558643
