times:
  edit-metadata: 1.9205745719373226
  landing: 0.05570702627301216
  view-data: 0.2446681596338749
