times:
  edit-metadata: 0.9728314570093062
  landing: 0.04987316901679151
  view-data: 0.3518716270045843
