times:
  edit-metadata: 1.6598336640745401
  landing: 1.159922767430544
  view-data: 3.497473945841193
