times:
  edit-metadata: 2.165948236361146
  landing: 0.6165012158453465
  view-data: 0.31010366789996624
