times:
  edit-metadata: 1.0055676200427115
  landing: 0.04867606097832322
  view-data: 0.6290905419737101
