times:
  edit-metadata: 1.898357125930488
  landing: 0.022418633103370667
  view-data: 0.02971877995878458
