times:
  edit-metadata: 1.9432325717061758
  landing: 0.8766804747283459
  view-data: 0.22397598810493946
