times:
  edit-metadata: 1.6378959026187658
  landing: 0.8027545213699341
  view-data: 0.3033669125288725
