times:
  edit-metadata: 1.8330309027805924
  landing: 0.023523765616118908
  view-data: 0.12138935923576355
