times:
  edit-metadata: 0.9275440787896514
  landing: 0.05867038108408451
  view-data: 0.23639678116887808
