times:
  edit-metadata: 2.0351291485130787
  landing: 1.0259302016347647
  view-data: 0.38866676576435566
