times:
  landing: 0.5679993689999776
  view-data: 0.5573145410000109
