times:
  edit-metadata: 2.2173211444169283
  landing: 0.9129799380898476
  view-data: 0.4689479433000088
