times:
  edit-metadata: 1.539523357001599
  landing: 0.0574661270075012
  view-data: 0.2144903530133888
