times:
  landing: 1.1471113360000231
  view-data: 0.5541979719999972
