times:
  edit-metadata: 0.9914426151663065
  landing: 0.05092543317005038
  view-data: 0.22906474396586418
