times:
  edit-metadata: 1.5612094667740166
  landing: 0.05665105301886797
  view-data: 0.2264264039695263
