times:
  edit-metadata: 1.5307804252952337
  landing: 0.836222967132926
  view-data: 3.4408453311771154
