times:
  edit-metadata: 1.5576231010491028
  landing: 0.04561729507986456
  view-data: 0.21561271999962628
