times:
  edit-metadata: 2.283828679472208
  landing: 0.28836282156407833
  view-data: 0.5310543579980731
