times:
  edit-metadata: 1.944156626239419
  landing: 0.13186976220458746
  view-data: 0.12404488399624825
