times:
  edit-metadata: 0.9383789338171482
  landing: 0.04651506710797548
  view-data: 0.23492596996948123
