times:
  edit-metadata: 1.4139389656484127
  landing: 0.5541875828057528
  view-data: 0.24634146876633167
