times:
  edit-metadata: 1.1054619969800115
  landing: 0.08275110693648458
  view-data: 0.24866858078166842
