times:
  edit-metadata: 2.072553215548396
  landing: 0.01839357241988182
  view-data: 0.10367420129477978
