times:
  edit-metadata: 1.536056812852621
  landing: 0.9131473116576672
  view-data: 3.4142539389431477
