times:
  edit-metadata: 1.5139669943600893
  landing: 0.8405197542160749
  view-data: 3.3947327975183725
