times:
  edit-metadata: 1.025620460510254
  landing: 0.04706840217113495
  view-data: 0.23460530675947666
