times:
  edit-metadata: 1.5019746534526348
  landing: 0.7908996194601059
  view-data: 3.368852913379669
