times:
  landing: 0.5580158110000184
  view-data: 0.5630548500000145
