times:
  edit-metadata: 2.2228801725432277
  landing: 0.022424807772040367
  view-data: 0.024983620271086693
