times:
  landing: 0.545263936000083
  view-data: 0.5454001370000015
