times:
  landing: 0.5781395040000348
  view-data: 0.5634496339999941
