times:
  landing: 0.5525120620000052
  view-data: 0.5625312290001148
