times:
  landing: 1.0773777100000075
  view-data: 0.5572750830000359
