times:
  edit-metadata: 1.9973000129684806
  landing: 0.0199194410815835
  view-data: 0.456343793310225
