times:
  landing: 0.5503063200000042
  view-data: 0.5481299350000199
