times:
  edit-metadata: 2.273696528747678
  landing: 1.1590625159442425
  view-data: 0.6469915080815554
