times:
  edit-metadata: 0.953092108014971
  landing: 0.05253504600841552
  view-data: 0.25549448595847934
