times:
  edit-metadata: 1.761813310906291
  landing: 1.068987830542028
  view-data: 3.419852980412543
