times:
  edit-metadata: 1.5694626062177122
  landing: 0.046686518006026745
  view-data: 0.21782826771959662
