times:
  edit-metadata: 2.0425955625250936
  landing: 0.021289322525262833
  view-data: 0.02506257686764002
