times:
  edit-metadata: 1.4021054673939943
  landing: 0.8833255497738719
  view-data: 3.3766253795474768
