times:
  edit-metadata: 1.9524002270773053
  landing: 0.022183429449796677
  view-data: 0.02831729780882597
