times:
  edit-metadata: 1.6206309013068676
  landing: 1.0821884088218212
  view-data: 3.313033986836672
