times:
  edit-metadata: 0.951104175997898
  landing: 0.05106812692247331
  view-data: 0.2540106971282512
