times:
  edit-metadata: 0.9354727249592543
  landing: 0.04913577891420573
  view-data: 0.27457482588943094
