times:
  edit-metadata: 1.7888093441724777
  landing: 0.05422782897949219
  view-data: 0.2595856748521328
