times:
  landing: 1.073985526999877
  view-data: 0.5492488960003357
