times:
  edit-metadata: 1.577815530821681
  landing: 0.7724536107853055
  view-data: 3.2528282944113016
