times:
  edit-metadata: 1.5310673918575048
  landing: 0.8934059962630272
  view-data: 3.383145997300744
