times:
  landing: 1.091376146000016
  view-data: 0.5671565520000286
