times:
  edit-metadata: 1.9639090923592448
  landing: 0.021379202604293823
  view-data: 0.10189099051058292
