times:
  edit-metadata: 2.0051637161523104
  landing: 0.018633268773555756
  view-data: 0.028024308383464813
