times:
  edit-metadata: 1.5236205458641052
  landing: 0.90680181235075
  view-data: 3.3754119649529457
