times:
  landing: 0.5555840660000513
  view-data: 0.5597158970000464
