times:
  edit-metadata: 2.022784948348999
  landing: 0.019584080204367638
  view-data: 0.1430946458131075
