times:
  edit-metadata: 2.2410777639597654
  landing: 0.6216704919934273
  view-data: 0.2555099409073591
