times:
  edit-metadata: 1.4994345642626286
  landing: 0.8051337450742722
  view-data: 3.390026541426778
