times:
  edit-metadata: 2.1868688110262156
  landing: 0.9722398687154055
  view-data: 0.40565017610788345
