times:
  edit-metadata: 2.1672856230288744
  landing: 0.14264602959156036
  view-data: 0.023897526785731316
