times:
  edit-metadata: 1.0316946832463145
  landing: 0.05761219561100006
  view-data: 0.21653658477589488
