times:
  edit-metadata: 2.0293306428939104
  landing: 0.1750201266258955
  view-data: 0.02558099664747715
