times:
  edit-metadata: 1.880951195023954
  landing: 0.02202824130654335
  view-data: 0.09906320832669735
