times:
  edit-metadata: 1.0345073863863945
  landing: 0.05005933716893196
  view-data: 0.23929912969470024
