times:
  edit-metadata: 1.6847534514963627
  landing: 1.100875236093998
  view-data: 3.366210665553808
