times:
  edit-metadata: 1.9516437873244286
  landing: 0.05393456667661667
  view-data: 0.24163856357336044
