times:
  edit-metadata: 1.5377571024000645
  landing: 0.9076132923364639
  view-data: 3.3670699633657932
