times:
  edit-metadata: 1.542321002110839
  landing: 0.9644303377717733
  view-data: 3.324786340817809
