times:
  edit-metadata: 1.882192543707788
  landing: 0.021076135337352753
  view-data: 0.12444234918802977
