times:
  edit-metadata: 1.621973967179656
  landing: 0.773966720327735
  view-data: 0.22241552360355854
