times:
  edit-metadata: 1.9535817438736558
  landing: 0.024769979529082775
  view-data: 0.026458049193024635
