times:
  edit-metadata: 0.9036791729740798
  landing: 0.046603451017290354
  view-data: 0.2297434681095183
