times:
  edit-metadata: 1.4855167949572206
  landing: 0.7941279639489949
  view-data: 3.325412135804072
