times:
  edit-metadata: 1.8935254784300923
  landing: 0.023472515866160393
  view-data: 0.12274955399334431
