times:
  edit-metadata: 0.9363235807977617
  landing: 0.04590722359716892
  view-data: 0.23557670880109072
