times:
  edit-metadata: 2.0095877945423126
  landing: 1.3262380184605718
  view-data: 3.4060876863077283
