times:
  edit-metadata: 2.3610391737893224
  landing: 0.020954330451786518
  view-data: 0.026878703385591507
