times:
  edit-metadata: 1.05089458898874
  landing: 0.04883868602337316
  view-data: 0.2916615079739131
