times:
  edit-metadata: 1.9177150800824165
  landing: 6.131411937996745
  view-data: 1.2548613548278809
