times:
  edit-metadata: 1.0185822939965874
  landing: 0.06387750315479934
  view-data: 0.5367247879039496
