times:
  edit-metadata: 1.9110288992524147
  landing: 0.023316068574786186
  view-data: 0.1237578634172678
