times:
  landing: 0.5451874599999655
  view-data: 0.545344861999979
