times:
  edit-metadata: 1.21129121305421
  landing: 0.04683182900771499
  view-data: 0.4148811181075871
