times:
  landing: 0.5585108579999769
  view-data: 0.5682021069999905
