times:
  landing: 0.5603896929999905
  view-data: 0.5597340439999812
