times:
  edit-metadata: 1.8389119617640972
  landing: 1.3418677560985088
  view-data: 3.430890753865242
