times:
  edit-metadata: 1.9834825526922941
  landing: 0.020037868060171604
  view-data: 0.1966729974374175
