times:
  edit-metadata: 1.5090303346514702
  landing: 0.8278099112212658
  view-data: 3.4081074446439743
