times:
  edit-metadata: 2.453917372971773
  landing: 0.259406466037035
  view-data: 0.5463195592164993
