times:
  edit-metadata: 2.052165726199746
  landing: 0.04783887602388859
  view-data: 0.2917054072022438
