times:
  edit-metadata: 1.880532257258892
  landing: 1.0790339298546314
  view-data: 3.4918168634176254
