times:
  edit-metadata: 1.2741374662145972
  landing: 0.745175858028233
  view-data: 3.290601681917906
