times:
  edit-metadata: 1.5531462850049138
  landing: 0.053645330015569925
  view-data: 0.2229153101798147
