times:
  edit-metadata: 2.048843021504581
  landing: 0.12014889251440763
  view-data: 0.44144714158028364
