times:
  edit-metadata: 0.9614706388674676
  landing: 0.05409910995513201
  view-data: 0.2132647093385458
