times:
  edit-metadata: 1.584956469014287
  landing: 0.0554758720099926
  view-data: 0.22414749104063958
