times:
  edit-metadata: 0.9624892398715019
  landing: 0.04926942801102996
  view-data: 0.25943562714383006
