times:
  edit-metadata: 1.3647394888103008
  landing: 0.8944776281714439
  view-data: 3.3601393550634384
