times:
  edit-metadata: 1.826659731566906
  landing: 0.05488511174917221
  view-data: 0.2436661496758461
