times:
  edit-metadata: 1.7851490676403046
  landing: 0.04959401488304138
  view-data: 0.23396125808358192
