times:
  edit-metadata: 0.9469331591390073
  landing: 0.047707869205623865
  view-data: 0.23338463623076677
