times:
  edit-metadata: 1.9328749729320407
  landing: 0.02048622816801071
  view-data: 0.12337941490113735
