times:
  edit-metadata: 1.9248370742425323
  landing: 0.021344806998968124
  view-data: 0.024201614782214165
