times:
  edit-metadata: 1.3302068361081183
  landing: 0.08100596396252513
  view-data: 0.3322315337136388
