times:
  edit-metadata: 1.9711318220943213
  landing: 1.1182682532817125
  view-data: 0.6220213454216719
