times:
  landing: 0.5558711000000187
  view-data: 0.5517149970000048
