times:
  edit-metadata: 1.506173674017191
  landing: 0.8002998121082783
  view-data: 3.41530673019588
