times:
  edit-metadata: 1.0140629252418876
  landing: 0.053944217041134834
  view-data: 0.23751370329409838
