times:
  edit-metadata: 1.0177158499136567
  landing: 0.04623084794729948
  view-data: 0.2390214530751109
