times:
  edit-metadata: 1.0327080274000764
  landing: 0.04890892840921879
  view-data: 0.23569707199931145
