times:
  edit-metadata: 1.7941878736019135
  landing: 0.053918514400720596
  view-data: 0.2704767659306526
