times:
  edit-metadata: 1.3840792439877987
  landing: 1.03158213570714
  view-data: 3.383061036467552
