times:
  edit-metadata: 2.449059068225324
  landing: 0.019975483417510986
  view-data: 0.02404495980590582
