times:
  edit-metadata: 0.9803386400453746
  landing: 0.04555239388719201
  view-data: 0.26706603029742837
