times:
  edit-metadata: 0.9668792486190796
  landing: 0.05054910946637392
  view-data: 0.25874753948301077
