times:
  edit-metadata: 0.9507729420438409
  landing: 0.05198822997044772
  view-data: 0.3526033499510959
