times:
  edit-metadata: 1.5363697316497564
  landing: 0.6431091632694006
  view-data: 0.2321810368448496
