times:
  edit-metadata: 2.171854866668582
  landing: 0.5717267338186502
  view-data: 0.6465077009052038
