times:
  edit-metadata: 2.057217700406909
  landing: 0.7701628617942333
  view-data: 0.3697200156748295
