times:
  edit-metadata: 2.3574810046702623
  landing: 0.42121006548404694
  view-data: 0.4243978802114725
