times:
  edit-metadata: 1.9291152460500598
  landing: 0.16096708830446005
  view-data: 0.025738675147294998
