times:
  landing: 0.558423978999997
  view-data: 0.5678715789999842
