times:
  edit-metadata: 1.5100335639435798
  landing: 0.047982375835999846
  view-data: 0.22962560504674911
