times:
  edit-metadata: 1.040113303810358
  landing: 0.050579704344272614
  view-data: 0.24603258166462183
