times:
  edit-metadata: 0.9719430371187627
  landing: 0.048505101818591356
  view-data: 0.2616449010092765
