times:
  edit-metadata: 2.464695367962122
  landing: 0.1448872648179531
  view-data: 0.3944733217358589
