times:
  edit-metadata: 1.536850054981187
  landing: 1.0242875679396093
  view-data: 3.382677392102778
