times:
  edit-metadata: 2.0366334598511457
  landing: 1.6109935324639082
  view-data: 1.165247529745102
