times:
  edit-metadata: 1.4474105313420296
  landing: 0.9732638299465179
  view-data: 3.400656469166279
