times:
  edit-metadata: 1.7938181646168232
  landing: 0.05500422790646553
  view-data: 0.23279856517910957
