times:
  edit-metadata: 0.9525699950754642
  landing: 0.05581397004425526
  view-data: 0.37961782701313496
