times:
  edit-metadata: 1.9532381110002461
  landing: 0.05057910500181606
  view-data: 0.24822379399847705
