times:
  landing: 0.5611036530000035
  view-data: 0.5594034559999841
