times:
  edit-metadata: 1.5242664758116007
  landing: 0.9741605557501316
  view-data: 3.3400398083031178
