times:
  edit-metadata: 2.0088259410113096
  landing: 0.05890588462352753
  view-data: 0.25033360347151756
