times:
  edit-metadata: 1.874270730651915
  landing: 0.11690699309110641
  view-data: 0.025331532582640648
