times:
  edit-metadata: 2.0709147308953106
  landing: 1.3443042151629925
  view-data: 3.6344129778444767
