times:
  edit-metadata: 0.9053058600984514
  landing: 0.05024587409570813
  view-data: 0.21546655893325806
