times:
  edit-metadata: 1.8150023147463799
  landing: 0.05077114701271057
  view-data: 0.2493736818432808
