times:
  landing: 1.0650239309999279
  view-data: 0.5651317929999777
