times:
  edit-metadata: 1.8909634938463569
  landing: 0.11814314126968384
  view-data: 0.024389472790062428
