times:
  edit-metadata: 0.9425067520933226
  landing: 0.04992550902534276
  view-data: 0.24199335800949484
