times:
  edit-metadata: 1.0026592686772346
  landing: 0.053192042745649815
  view-data: 0.24409546237438917
