times:
  edit-metadata: 2.4251103829592466
  landing: 0.21456031501293182
  view-data: 0.5031816028058529
