times:
  edit-metadata: 1.4256135076284409
  landing: 0.865555178374052
  view-data: 3.3106731176376343
