times:
  edit-metadata: 0.9739915388636291
  landing: 0.051039502024650574
  view-data: 0.2390097752213478
