times:
  edit-metadata: 1.5448170388117433
  landing: 0.8475725492462516
  view-data: 3.4507496440783143
