times:
  edit-metadata: 1.5027466006577015
  landing: 0.8023479524999857
  view-data: 3.338879533112049
