times:
  edit-metadata: 1.6763606257736683
  landing: 0.8868442345410585
  view-data: 3.3741429783403873
