times:
  edit-metadata: 1.912734248675406
  landing: 0.21049040742218494
  view-data: 0.1852679057046771
