times:
  edit-metadata: 1.5426304070279002
  landing: 0.060892966110259295
  view-data: 0.23098930390551686
