times:
  landing: 0.5546893289999844
  view-data: 0.5613269469999977
