times:
  edit-metadata: 1.9132125936448574
  landing: 1.1343562882393599
  view-data: 3.4607138242572546
