times:
  edit-metadata: 1.5475786477327347
  landing: 0.9085067305713892
  view-data: 3.408488482236862
