times:
  edit-metadata: 2.027408428490162
  landing: 0.12219902127981186
  view-data: 0.4078639354556799
