times:
  landing: 1.0863152940000305
  view-data: 0.581727232999981
