times:
  edit-metadata: 1.0968408289918443
  landing: 0.05192941000859719
  view-data: 0.3604694959940389
