times:
  landing: 0.5616309689999639
  view-data: 0.5615865690000419
