times:
  landing: 0.5598077550000085
  view-data: 0.5522536430000002
