times:
  edit-metadata: 2.326945958659053
  landing: 0.2432893067598343
  view-data: 0.13132428750395775
