times:
  edit-metadata: 0.9479544339997119
  landing: 0.04401539399987087
  view-data: 0.23707721399978254
