times:
  edit-metadata: 1.0795835219905712
  landing: 0.048146105953492224
  view-data: 0.26814554998418316
