times:
  landing: 1.588659602000007
  view-data: 1.090659426000002
