times:
  edit-metadata: 1.8907183185219765
  landing: 0.05538647621870041
  view-data: 0.23254815861582756
