times:
  edit-metadata: 0.963823928963393
  landing: 0.050604160875082016
  view-data: 1.0386360010597855
