times:
  edit-metadata: 2.2595063038170338
  landing: 0.6917076334357262
  view-data: 0.29547160491347313
