times:
  edit-metadata: 1.2541836681775749
  landing: 0.05487928260117769
  view-data: 0.29187864111736417
