times:
  edit-metadata: 1.5039868634194136
  landing: 0.7801163475960493
  view-data: 3.30028479360044
