times:
  edit-metadata: 2.4160112561658025
  landing: 0.1365447100251913
  view-data: 0.7034837948158383
