times:
  edit-metadata: 0.9083674787543714
  landing: 0.05461283074691892
  view-data: 0.21598754730075598
