times:
  edit-metadata: 1.9442532695829868
  landing: 0.046204350888729095
  view-data: 0.23045211285352707
