times:
  edit-metadata: 2.6014407025650144
  landing: 1.4545484241098166
  view-data: 3.6158374221995473
