times:
  edit-metadata: 1.892372276633978
  landing: 0.051430705934762955
  view-data: 0.23779214918613434
