times:
  edit-metadata: 1.5393323376774788
  landing: 0.9697589501738548
  view-data: 3.3839035630226135
