times:
  edit-metadata: 1.6651485934853554
  landing: 1.1283770464360714
  view-data: 3.3931228555738926
