times:
  landing: 0.559725308092311
  view-data: 0.5527057370636612
