times:
  edit-metadata: 1.0075314030982554
  landing: 0.0519773717969656
  view-data: 0.23348445119336247
