times:
  edit-metadata: 1.963185828179121
  landing: 0.021377800032496452
  view-data: 0.38648448791354895
