times:
  edit-metadata: 1.5232755118049681
  landing: 0.04993129521608353
  view-data: 0.2196332816965878
