times:
  edit-metadata: 1.922407129779458
  landing: 0.12752776872366667
  view-data: 0.029221137054264545
