times:
  edit-metadata: 1.3703953605145216
  landing: 0.885582267306745
  view-data: 3.3647797042503953
