times:
  edit-metadata: 2.140967722982168
  landing: 1.1332685146480799
  view-data: 0.25161196663975716
