times:
  landing: 0.5521729490000098
  view-data: 0.5550316479999537
