times:
  edit-metadata: 0.9239871148020029
  landing: 0.04381783492863178
  view-data: 0.2836919939145446
