times:
  landing: 1.0758572109999989
  view-data: 0.5587338519999889
