times:
  edit-metadata: 0.9316529789939523
  landing: 0.047141818795353174
  view-data: 0.21443532314151525
