times:
  edit-metadata: 1.312994287814945
  landing: 0.0434242682531476
  view-data: 0.26677162339910865
