times:
  edit-metadata: 1.9441608749330044
  landing: 0.02037999965250492
  view-data: 0.11986733600497246
