times:
  edit-metadata: 1.072107667918317
  landing: 0.04708210506942123
  view-data: 0.25223037402611226
