times:
  edit-metadata: 1.5606854241341352
  landing: 0.8916061669588089
  view-data: 0.21850260719656944
