times:
  landing: 0.5530976449999798
  view-data: 0.5549100579999902
