times:
  edit-metadata: 1.499022476375103
  landing: 0.7607485596090555
  view-data: 3.4339001830667257
