times:
  edit-metadata: 1.9362054383382201
  landing: 0.1175479656085372
  view-data: 0.12140374258160591
