times:
  landing: 1.0699628910000456
  view-data: 0.5544549400000278
