times:
  edit-metadata: 1.2349736290052533
  landing: 0.14310759073123336
  view-data: 0.4004982737824321
