times:
  edit-metadata: 1.5175327975302935
  landing: 0.8461271803826094
  view-data: 3.4472209960222244
