times:
  edit-metadata: 0.9593998896889389
  landing: 0.049862594809383154
  view-data: 0.24614408891648054
