times:
  edit-metadata: 1.0105400951579213
  landing: 0.04793941881507635
  view-data: 0.23900643503293395
