times:
  edit-metadata: 2.1718754954636097
  landing: 0.0587218701839447
  view-data: 0.28884964995086193
