times:
  edit-metadata: 1.975516488775611
  landing: 0.0231515159830451
  view-data: 0.12042005080729723
