times:
  edit-metadata: 1.014397578081116
  landing: 0.044769441010430455
  view-data: 0.35745107801631093
