times:
  edit-metadata: 1.504857785999775
  landing: 0.9858378730714321
  view-data: 3.4019694924354553
