times:
  edit-metadata: 1.7199522890150547
  landing: 1.0354404710233212
  view-data: 3.353439688682556
