times:
  edit-metadata: 1.83936673309654
  landing: 0.049149560974910855
  view-data: 0.23715350008569658
