times:
  edit-metadata: 1.0312247551046312
  landing: 0.04664194001816213
  view-data: 0.2610152359120548
