times:
  landing: 0.5471821630000022
  view-data: 0.5508721049999963
