times:
  edit-metadata: 1.1894279401749372
  landing: 0.05562642542645335
  view-data: 0.23228898271918297
