times:
  edit-metadata: 0.9606267309281975
  landing: 0.04627309995703399
  view-data: 0.24520553299225867
