times:
  edit-metadata: 2.6496467478573322
  landing: 0.9085155241191387
  view-data: 4.388102907687426
