times:
  edit-metadata: 1.5492861840175465
  landing: 0.05190820503048599
  view-data: 0.2124724140157923
