times:
  edit-metadata: 0.9402708979323506
  landing: 0.0566466199234128
  view-data: 0.24452422931790352
