times:
  edit-metadata: 2.3684806460514665
  landing: 0.12788536306470633
  view-data: 0.15305787604302168
