times:
  edit-metadata: 2.3006116282194853
  landing: 0.17471528239548206
  view-data: 0.4480280242860317
