times:
  landing: 1.077002445000005
  view-data: 0.5623907149999923
