times:
  landing: 1.0579441170000052
  view-data: 0.5509169739999891
