times:
  edit-metadata: 1.8949319375678897
  landing: 0.020479854196310043
  view-data: 0.027178398333489895
