times:
  edit-metadata: 1.0570868770591915
  landing: 0.05577071802690625
  view-data: 0.24552915710955858
