times:
  edit-metadata: 2.462215455248952
  landing: 0.17054869793355465
  view-data: 0.38930322974920273
