times:
  edit-metadata: 1.0628398510161787
  landing: 0.04503173497505486
  view-data: 0.5222589370096102
