times:
  edit-metadata: 1.3929669922217727
  landing: 0.04832419008016586
  view-data: 0.3362517929635942
