times:
  edit-metadata: 1.9655352151021361
  landing: 0.02254879754036665
  view-data: 0.024868431501090527
