times:
  edit-metadata: 1.5231986950384453
  landing: 0.0571520219091326
  view-data: 0.22397570894099772
