times:
  edit-metadata: 0.9678244641982019
  landing: 0.05309880571439862
  view-data: 0.22229723306372762
