times:
  edit-metadata: 1.4892832152545452
  landing: 0.9451221320778131
  view-data: 3.4956141840666533
