times:
  edit-metadata: 1.9239771198481321
  landing: 0.021881776861846447
  view-data: 0.027688324451446533
