times:
  edit-metadata: 1.5898290879558772
  landing: 0.05405578808858991
  view-data: 0.22310402197763324
