times:
  edit-metadata: 0.9416672240477055
  landing: 0.048307185992598534
  view-data: 0.24096603109501302
