times:
  edit-metadata: 1.9575402103364468
  landing: 0.05859549343585968
  view-data: 0.2448788918554783
