times:
  edit-metadata: 1.0616132669965737
  landing: 0.057784942007856444
  view-data: 0.3742295859847218
