times:
  edit-metadata: 1.0806144028902054
  landing: 0.07823971007019281
  view-data: 0.2866037436760962
