times:
  edit-metadata: 1.2701080162078142
  landing: 0.7797988150268793
  view-data: 3.584053555969149
