times:
  edit-metadata: 0.9204959962517023
  landing: 0.050623366609215736
  view-data: 0.23991184495389462
