times:
  edit-metadata: 1.04120250698179
  landing: 0.08095342002343386
  view-data: 0.35915977001423016
