times:
  edit-metadata: 1.9586989134550095
  landing: 0.05190039798617363
  view-data: 0.2535493038594723
