times:
  landing: 0.5514486109999837
  view-data: 0.5512702989999809
