times:
  edit-metadata: 1.89634052477777
  landing: 0.12269963882863522
  view-data: 0.4118639174848795
