times:
  landing: 0.554906054000071
  view-data: 0.5567860779999592
