times:
  edit-metadata: 1.4925582632422447
  landing: 0.9119760897010565
  view-data: 3.4079456366598606
