times:
  edit-metadata: 1.4006699547171593
  landing: 0.8069790294393897
  view-data: 3.395307771861553
