times:
  edit-metadata: 1.3883021157234907
  landing: 0.9163958001881838
  view-data: 3.3741609305143356
