times:
  edit-metadata: 1.959988672286272
  landing: 0.01887456513941288
  view-data: 0.023183781653642654
