times:
  edit-metadata: 1.9799498030915856
  landing: 0.11934447195380926
  view-data: 0.4196820976212621
