times:
  edit-metadata: 2.0062149558216333
  landing: 0.021366121247410774
  view-data: 0.3449676316231489
