times:
  edit-metadata: 1.4096568620298058
  landing: 0.09775025601265952
  view-data: 0.28552191599737853
