times:
  landing: 1.0789177909999808
  view-data: 0.5605335349999905
