times:
  edit-metadata: 1.942058764398098
  landing: 0.6274949219077826
  view-data: 0.34466348960995674
