times:
  landing: 1.0827236809999476
  view-data: 0.5577610350001123
