times:
  edit-metadata: 1.54419307410717
  landing: 0.9683133512735367
  view-data: 3.4234582148492336
