times:
  edit-metadata: 1.5539318919181824
  landing: 1.0677271522581577
  view-data: 3.2915008552372456
