times:
  edit-metadata: 1.515508208423853
  landing: 0.5848852191120386
  view-data: 0.23120670206844807
