times:
  edit-metadata: 2.190621431916952
  landing: 0.13235560804605484
  view-data: 0.026837488636374474
