times:
  edit-metadata: 1.8164930120110512
  landing: 0.05316485837101936
  view-data: 0.24351372197270393
