times:
  edit-metadata: 1.5556084159761667
  landing: 0.8503325246274471
  view-data: 3.445903291925788
