times:
  edit-metadata: 1.5066013224422932
  landing: 0.9404766224324703
  view-data: 3.3884674329310656
