times:
  edit-metadata: 1.5224619070068002
  landing: 0.05021341913379729
  view-data: 0.21822162484750152
