times:
  edit-metadata: 1.0522651625797153
  landing: 0.053442398086190224
  view-data: 0.2692912435159087
