times:
  edit-metadata: 1.9109421400353312
  landing: 0.022135013714432716
  view-data: 0.11992801167070866
