times:
  edit-metadata: 1.0703939439999886
  landing: 0.05491933199982668
  view-data: 0.2832006319999891
