times:
  edit-metadata: 1.5142693482339382
  landing: 1.0109893530607224
  view-data: 3.4157261922955513
