times:
  landing: 0.5533611199999768
  view-data: 0.5727785189999963
