times:
  edit-metadata: 1.9652904067188501
  landing: 0.020279619842767715
  view-data: 0.026399643160402775
