times:
  edit-metadata: 2.0046370271593332
  landing: 0.6999648157507181
  view-data: 0.26307670772075653
