times:
  landing: 0.5574986970000282
  view-data: 0.5547380660000272
