times:
  landing: 1.0785036479999803
  view-data: 0.5566355590000285
