times:
  edit-metadata: 1.8878153441473842
  landing: 0.021423215046525
  view-data: 0.02537611499428749
