times:
  edit-metadata: 0.9529669509502128
  landing: 0.04619203496258706
  view-data: 0.252916363067925
