times:
  landing: 0.5588859140000011
  view-data: 0.5754431389999866
