times:
  edit-metadata: 1.4161729784682393
  landing: 0.9045366710051894
  view-data: 3.363084333948791
