times:
  edit-metadata: 1.5246625784784555
  landing: 0.9308647606521845
  view-data: 3.4173398669809103
