times:
  edit-metadata: 1.6140453480184078
  landing: 0.9054065383970737
  view-data: 3.366240005940199
