times:
  edit-metadata: 1.5865119579975726
  landing: 0.047683323005912825
  view-data: 0.2295206350099761
