times:
  edit-metadata: 0.9446151439915411
  landing: 0.044491331034805626
  view-data: 0.25642136100213975
