times:
  edit-metadata: 2.1825701743364334
  landing: 0.05424178019165993
  view-data: 0.24956604838371277
