times:
  edit-metadata: 1.5459203282371163
  landing: 0.052910964004695415
  view-data: 0.22367537673562765
