times:
  edit-metadata: 2.0002498142421246
  landing: 0.01995123829692602
  view-data: 0.4807012090459466
