times:
  edit-metadata: 0.9183852858841419
  landing: 0.048673951998353004
  view-data: 0.24965446814894676
