times:
  landing: 0.5607062240000005
  view-data: 0.5603827250000109
