times:
  edit-metadata: 1.5377936228178442
  landing: 0.053256401093676686
  view-data: 0.22975735506042838
