times:
  edit-metadata: 0.9374911389313638
  landing: 0.04875485901720822
  view-data: 0.3981136049842462
