times:
  edit-metadata: 1.4041505479253829
  landing: 0.87997823394835
  view-data: 3.397305495105684
