times:
  edit-metadata: 2.451466279104352
  landing: 0.059237752109766006
  view-data: 0.29025694355368614
