times:
  edit-metadata: 1.0332784662023187
  landing: 0.06050083599984646
  view-data: 0.36206725612282753
