times:
  landing: 1.1623936989999493
  view-data: 0.5571565809999584
