times:
  landing: 0.5587620079999738
  view-data: 0.5547300810000024
