times:
  edit-metadata: 1.9483448658138514
  landing: 0.020918305963277817
  view-data: 0.025888092815876007
