times:
  edit-metadata: 0.9618161160033196
  landing: 0.05052917398279533
  view-data: 0.24936542502837256
