times:
  edit-metadata: 0.9148129159584641
  landing: 0.04701475100591779
  view-data: 0.255531155038625
