times:
  edit-metadata: 1.3857192150317132
  landing: 0.9510566610842943
  view-data: 3.4003593400120735
