times:
  edit-metadata: 1.5317618930130266
  landing: 0.0480322030489333
  view-data: 0.22314440796617419
