times:
  landing: 1.60914845100001
  view-data: 1.0752918500000135
