times:
  edit-metadata: 1.5022896640002728
  landing: 0.048836973030120134
  view-data: 0.22329063701909035
