times:
  edit-metadata: 1.9873366924002767
  landing: 0.02078594919294119
  view-data: 0.027492109686136246
