times:
  edit-metadata: 1.5524773262441158
  landing: 0.8368130829185247
  view-data: 3.355073556303978
