times:
  edit-metadata: 2.8462410867214203
  landing: 0.20368772186338902
  view-data: 0.4418964609503746
