times:
  landing: 0.5449862039999971
  view-data: 0.5536954109999783
