times:
  edit-metadata: 1.9711718000471592
  landing: 1.0886639188975096
  view-data: 0.6298627182841301
