times:
  edit-metadata: 2.0958781242370605
  landing: 0.6051931269466877
  view-data: 0.6339402161538601
