times:
  edit-metadata: 0.9400143630045932
  landing: 0.05224606700357981
  view-data: 0.3636987050122116
