times:
  edit-metadata: 1.91608408652246
  landing: 0.9849749282002449
  view-data: 3.4424073919653893
