times:
  edit-metadata: 2.05283566378057
  landing: 0.9423063937574625
  view-data: 0.2845911644399166
