times:
  edit-metadata: 1.5031789876520634
  landing: 0.825171709060669
  view-data: 3.446832951158285
