times:
  landing: 0.5760165960000165
  view-data: 0.5596918259999768
