times:
  edit-metadata: 1.8252477049827576
  landing: 0.04676522687077522
  view-data: 0.2444753460586071
