times:
  edit-metadata: 1.0073784561827779
  landing: 0.05023815901950002
  view-data: 0.24178758636116982
