times:
  edit-metadata: 0.9995327680371702
  landing: 0.054535169154405594
  view-data: 0.28797224909067154
