times:
  edit-metadata: 1.8801769511774182
  landing: 1.1396443797275424
  view-data: 3.4314740179106593
