times:
  landing: 0.5673346670000114
  view-data: 0.5581776950000119
