times:
  edit-metadata: 2.058097967877984
  landing: 0.1384504046291113
  view-data: 0.2473042756319046
