times:
  edit-metadata: 1.7639943698886782
  landing: 0.05826598801650107
  view-data: 0.26989703183062375
