times:
  edit-metadata: 1.4059818051755428
  landing: 0.9944545291364193
  view-data: 3.283004142343998
