times:
  edit-metadata: 1.5696776509284973
  landing: 0.9750480800867081
  view-data: 3.3775066398084164
