times:
  edit-metadata: 1.6584275793284178
  landing: 0.6893848013132811
  view-data: 0.5004587434232235
