times:
  edit-metadata: 1.0003647380508482
  landing: 0.04628118081018329
  view-data: 0.3813418841455132
