times:
  edit-metadata: 1.5308627802878618
  landing: 0.8871194906532764
  view-data: 3.434781989082694
