times:
  edit-metadata: 1.488930745050311
  landing: 0.9087472730316222
  view-data: 3.3860672721639276
