times:
  edit-metadata: 0.942346807976719
  landing: 0.04780691099585965
  view-data: 0.26397497404832393
