times:
  edit-metadata: 1.7917915061116219
  landing: 0.052958447486162186
  view-data: 0.26387644559144974
