times:
  edit-metadata: 2.0505622159689665
  landing: 0.6010251715779305
  view-data: 0.24554679356515408
