times:
  edit-metadata: 1.6130916122347116
  landing: 0.5808109045028687
  view-data: 0.29428947530686855
