times:
  edit-metadata: 1.9234651485458016
  landing: 0.117977200075984
  view-data: 0.02561122551560402
