times:
  edit-metadata: 1.6055998739320785
  landing: 0.04644232499413192
  view-data: 0.24366146908141673
