times:
  edit-metadata: 1.9296225905418396
  landing: 0.02524685487151146
  view-data: 0.027093952521681786
