times:
  edit-metadata: 1.1420061672106385
  landing: 0.07875245623290539
  view-data: 0.2657865770161152
