times:
  edit-metadata: 2.61534708365798
  landing: 0.024505894631147385
  view-data: 0.6893068812787533
