times:
  edit-metadata: 2.006310051307082
  landing: 0.6074109710752964
  view-data: 0.35384904965758324
