times:
  landing: 1.0748057969999536
  view-data: 0.5627048559999821
