times:
  edit-metadata: 2.115330195054412
  landing: 0.1936077792197466
  view-data: 0.02414046972990036
