times:
  edit-metadata: 0.9738162530120462
  landing: 0.04800699301995337
  view-data: 0.2775685249362141
