times:
  edit-metadata: 1.5220183650963008
  landing: 0.047706928104162216
  view-data: 0.2192479963414371
