times:
  edit-metadata: 1.534307142952457
  landing: 0.05132749996846542
  view-data: 0.22138657997129485
