times:
  landing: 0.5471596159999876
  view-data: 0.5524385239999958
