times:
  landing: 0.5438407429999756
  view-data: 0.5539821750000158
