times:
  edit-metadata: 1.5399196818470955
  landing: 0.05890014814212918
  view-data: 0.2270080428570509
