times:
  edit-metadata: 1.2761081359931268
  landing: 0.07671542200841941
  view-data: 0.31193836699821986
