times:
  edit-metadata: 1.9003106588497758
  landing: 0.022183428518474102
  view-data: 0.12498083151876926
