times:
  edit-metadata: 1.0724287539924262
  landing: 0.05263851099880412
  view-data: 0.2701236190041527
