times:
  edit-metadata: 1.875633167102933
  landing: 0.8550341706722975
  view-data: 0.3683449234813452
