times:
  edit-metadata: 2.1090401522815228
  landing: 1.7386394664645195
  view-data: 0.8331240024417639
