times:
  edit-metadata: 1.430857852101326
  landing: 0.9634680487215519
  view-data: 3.3432849533855915
