times:
  edit-metadata: 1.812110461294651
  landing: 1.2168518155813217
  view-data: 3.466320764273405
