times:
  edit-metadata: 1.3782164878211915
  landing: 0.8985311752185225
  view-data: 3.4070475762709975
