times:
  edit-metadata: 1.0631685251137242
  landing: 0.04846597695723176
  view-data: 0.2513376739807427
