times:
  edit-metadata: 1.9847408551722765
  landing: 0.6924120504409075
  view-data: 0.3717600367963314
