times:
  landing: 0.5557086199999617
  view-data: 0.5581521240000029
