times:
  edit-metadata: 1.51528431288898
  landing: 0.8373789805918932
  view-data: 3.404568921774626
