times:
  edit-metadata: 2.1246498078107834
  landing: 1.176776822656393
  view-data: 0.6579138562083244
