times:
  edit-metadata: 2.0025048572570086
  landing: 0.13607020303606987
  view-data: 0.024151960387825966
