times:
  landing: 0.5573610179999946
  view-data: 0.5523872249999897
