times:
  edit-metadata: 0.9575793603435159
  landing: 0.0507463039830327
  view-data: 0.23572608828544617
