times:
  edit-metadata: 2.0495766438543797
  landing: 0.6572893708944321
  view-data: 0.2491697445511818
