times:
  edit-metadata: 0.9097875109873712
  landing: 0.05843543913215399
  view-data: 0.22928109532222152
