times:
  landing: 1.0988526099999945
  view-data: 0.5597140719999629
