times:
  edit-metadata: 1.3460734551772475
  landing: 0.06839666981250048
  view-data: 0.26776108192279935
