times:
  landing: 0.5610468779999849
  view-data: 0.564359646000014
