times:
  landing: 0.5564604499999746
  view-data: 0.5570561889999794
