times:
  landing: 0.5681089150000105
  view-data: 0.5610757770000134
