times:
  landing: 0.5544440070000292
  view-data: 0.5505740879999621
