times:
  edit-metadata: 1.925181183964014
  landing: 0.02183812391012907
  view-data: 0.025429080240428448
