times:
  landing: 0.5468214850000095
  view-data: 0.5479777010000078
