times:
  edit-metadata: 1.0114741739816964
  landing: 0.052791872061789036
  view-data: 0.24105827882885933
