times:
  edit-metadata: 1.0157260363921523
  landing: 0.049338056705892086
  view-data: 0.24661202542483807
