times:
  landing: 0.5513480509999908
  view-data: 0.5572909199999856
