times:
  edit-metadata: 1.450106579810381
  landing: 0.8850538060069084
  view-data: 3.266248632222414
