times:
  edit-metadata: 1.3864985555410385
  landing: 0.9062552154064178
  view-data: 3.3046533055603504
