times:
  edit-metadata: 0.9486421339679509
  landing: 0.05139744305051863
  view-data: 0.23502584896050394
