times:
  edit-metadata: 1.561579482164234
  landing: 0.05276159686036408
  view-data: 0.21957763214595616
