times:
  edit-metadata: 1.5085536949336529
  landing: 0.9632288888096809
  view-data: 3.3309912271797657
