times:
  edit-metadata: 2.344634411856532
  landing: 0.27041097544133663
  view-data: 0.38776598311960697
