times:
  landing: 1.075974321999979
  view-data: 0.5556189149999966
