times:
  edit-metadata: 1.4688440468162298
  landing: 0.9660179745405912
  view-data: 3.398551896214485
