times:
  edit-metadata: 2.003910282626748
  landing: 0.021425089798867702
  view-data: 0.023254094645380974
