times:
  edit-metadata: 1.9082807740196586
  landing: 0.020709282718598843
  view-data: 0.02803665306419134
