times:
  edit-metadata: 1.5420733653008938
  landing: 0.9919662792235613
  view-data: 0.37919745594263077
