times:
  edit-metadata: 0.9394041677005589
  landing: 0.056814763229340315
  view-data: 0.22930144798010588
