times:
  edit-metadata: 1.5202981350012124
  landing: 0.0499844450969249
  view-data: 0.2269943170249462
