times:
  landing: 0.5436564610000119
  view-data: 0.5647143799999981
