times:
  edit-metadata: 1.0122838150709867
  landing: 0.056274035945534706
  view-data: 0.23010322730988264
