times:
  edit-metadata: 0.9426183830946684
  landing: 0.05560286669060588
  view-data: 0.22475497610867023
