times:
  edit-metadata: 2.1802460849285126
  landing: 0.5950903482735157
  view-data: 0.3469429388642311
