times:
  edit-metadata: 1.9999633990228176
  landing: 1.1651242766529322
  view-data: 0.6420881766825914
