times:
  edit-metadata: 1.6169533770298585
  landing: 0.04943267599446699
  view-data: 0.2318302599596791
