times:
  landing: 0.5552111970000055
  view-data: 0.5590999030000035
