times:
  edit-metadata: 2.288365311920643
  landing: 0.6072037499397993
  view-data: 0.6451869979500771
