times:
  edit-metadata: 2.060180502012372
  landing: 0.19080216996371746
  view-data: 0.02605959214270115
