times:
  edit-metadata: 1.4366622976958752
  landing: 0.9699166230857372
  view-data: 3.423290431499481
