times:
  landing: 0.5560351299999979
  view-data: 0.5605903609999814
