times:
  edit-metadata: 1.0655693130102009
  landing: 0.050218559976201504
  view-data: 0.26861419598571956
