times:
  landing: 1.149269299999986
  view-data: 0.5577326089999985
