times:
  edit-metadata: 1.6249766047112644
  landing: 0.055072609800845385
  view-data: 0.21280558221042156
