times:
  edit-metadata: 1.8113845139741898
  landing: 0.052828770130872726
  view-data: 0.2472316473722458
