times:
  edit-metadata: 1.529377806931734
  landing: 0.755620650947094
  view-data: 3.318838147446513
