times:
  edit-metadata: 2.1854582522064447
  landing: 0.795504642650485
  view-data: 0.271433187648654
