times:
  edit-metadata: 2.446018336340785
  landing: 0.2420534733682871
  view-data: 0.27527075819671154
