times:
  edit-metadata: 1.5692145181819797
  landing: 0.9313166979700327
  view-data: 3.298933655023575
