times:
  edit-metadata: 1.978096043691039
  landing: 1.1563978171907365
  view-data: 3.3965068217366934
