times:
  landing: 1.0715657750000105
  view-data: 0.5604325820000042
