times:
  edit-metadata: 1.723871961236
  landing: 5.863139431923628
  view-data: 3.354915838688612
