times:
  landing: 0.557613023000016
  view-data: 0.5647743199999979
