times:
  edit-metadata: 2.2748112697154284
  landing: 0.02750831376761198
  view-data: 0.044789948500692844
