times:
  edit-metadata: 1.000331680290401
  landing: 0.05732274102047086
  view-data: 0.2347275959327817
