times:
  edit-metadata: 1.4903640430420637
  landing: 0.7997767515480518
  view-data: 3.4157121758908033
