times:
  edit-metadata: 1.596657716203481
  landing: 0.056513058952987194
  view-data: 0.21597868110984564
