times:
  landing: 0.5650038889999962
  view-data: 0.0721497219999776
