times:
  edit-metadata: 1.1162496139877476
  landing: 0.05021433799993247
  view-data: 0.23720685500302352
