times:
  edit-metadata: 0.96187870495487
  landing: 0.047813600045628846
  view-data: 0.35768311098217964
