times:
  edit-metadata: 1.991460746154189
  landing: 0.6209521200507879
  view-data: 0.2584547679871321
