times:
  edit-metadata: 0.981833091005683
  landing: 0.04800269240513444
  view-data: 0.23430981626734138
