times:
  edit-metadata: 1.499043870717287
  landing: 1.0929353348910809
  view-data: 3.340326391160488
