times:
  edit-metadata: 0.9645988931879401
  landing: 0.0570996617898345
  view-data: 0.39825258776545525
