times:
  edit-metadata: 2.004225891083479
  landing: 0.126419173553586
  view-data: 0.41562668420374393
