times:
  edit-metadata: 2.042233457788825
  landing: 0.020017778500914574
  view-data: 0.3711972404271364
