times:
  edit-metadata: 2.3214425519108772
  landing: 0.19628391601145267
  view-data: 0.3906641211360693
