times:
  edit-metadata: 1.5717816762626171
  landing: 0.9867504686117172
  view-data: 3.3100116457790136
