times:
  edit-metadata: 0.9590538670308888
  landing: 0.07852893997915089
  view-data: 0.25862007681280375
