times:
  edit-metadata: 1.9307080218568444
  landing: 0.11973776388913393
  view-data: 0.4553399132564664
