times:
  edit-metadata: 1.0359258679673076
  landing: 0.0574135510250926
  view-data: 0.24791842000558972
