times:
  edit-metadata: 2.1084995213896036
  landing: 0.05057486146688461
  view-data: 0.13324349373579025
