times:
  edit-metadata: 1.5468729080166668
  landing: 0.050350732170045376
  view-data: 0.22159364516846836
