times:
  edit-metadata: 1.6989234460052103
  landing: 0.04955874592997134
  view-data: 0.21429888089187443
