times:
  landing: 0.5625706980000018
  view-data: 0.5601730929999746
