times:
  edit-metadata: 1.9601867711171508
  landing: 1.1499880980700254
  view-data: 3.506530744023621
