times:
  landing: 0.5650936060000049
  view-data: 0.5739932270000168
