times:
  edit-metadata: 1.6324263300048187
  landing: 0.043589306995272636
  view-data: 0.2275012269965373
