times:
  edit-metadata: 1.2120728599838912
  landing: 0.0552603080868721
  view-data: 0.2811478963121772
