times:
  edit-metadata: 2.048045553267002
  landing: 0.15825102012604475
  view-data: 0.42313894629478455
