times:
  edit-metadata: 1.5140530983917415
  landing: 0.8345935451798141
  view-data: 3.5204657618887722
