times:
  landing: 1.1215976579999847
  view-data: 0.5607231590000197
