times:
  landing: 1.6239118710000184
  view-data: 0.5645800270000336
