times:
  edit-metadata: 1.0198963419534266
  landing: 0.047276592114940286
  view-data: 0.26364107080735266
