times:
  edit-metadata: 1.4985461197793484
  landing: 0.5802939869463444
  view-data: 0.33232164941728115
