times:
  edit-metadata: 0.9452762128785253
  landing: 0.054306741803884506
  view-data: 0.2521495334804058
