times:
  edit-metadata: 1.5379331440199167
  landing: 0.05080984113737941
  view-data: 0.22109175194054842
