times:
  edit-metadata: 1.6312624050769955
  landing: 0.04791087587364018
  view-data: 0.2173182270489633
