times:
  edit-metadata: 2.019131040200591
  landing: 0.020580723881721497
  view-data: 0.424836503341794
