times:
  edit-metadata: 1.8929187208414078
  landing: 0.019686673767864704
  view-data: 0.5591163104400039
