times:
  edit-metadata: 1.3721760585904121
  landing: 0.8210902865976095
  view-data: 3.283391460776329
