times:
  edit-metadata: 1.9189903950318694
  landing: 0.02250898815691471
  view-data: 0.025251425802707672
