times:
  edit-metadata: 2.1347609516233206
  landing: 0.5770543403923512
  view-data: 0.6439578533172607
