times:
  edit-metadata: 2.0062925554811954
  landing: 0.8775751329958439
  view-data: 0.6105570867657661
