times:
  edit-metadata: 1.41783288680017
  landing: 0.7826316952705383
  view-data: 3.3561066705733538
