times:
  landing: 0.5532981089999964
  view-data: 0.558963838000011
