times:
  edit-metadata: 1.127102192986058
  landing: 0.04268836200935766
  view-data: 0.277395241020713
