times:
  edit-metadata: 1.9304164545610547
  landing: 0.19419347122311592
  view-data: 0.026204850524663925
