times:
  edit-metadata: 1.9062840677797794
  landing: 0.05789235979318619
  view-data: 0.23798105865716934
