times:
  landing: 0.5494079589999501
  view-data: 0.5550034870000218
