times:
  edit-metadata: 2.1495739184319973
  landing: 0.9541701544076204
  view-data: 0.4249325208365917
