times:
  edit-metadata: 0.9434761749580503
  landing: 0.046023417729884386
  view-data: 0.37243370106443763
