times:
  edit-metadata: 2.1835380755364895
  landing: 0.776489207521081
  view-data: 0.3507712632417679
