times:
  edit-metadata: 1.5698123099282384
  landing: 0.0573755600489676
  view-data: 0.22649591194931418
