times:
  edit-metadata: 2.2123908065259457
  landing: 0.2522944211959839
  view-data: 0.023346617817878723
