times:
  landing: 0.5688310920000106
  view-data: 0.05235158100001058
