times:
  edit-metadata: 0.9228415139950812
  landing: 0.05057379603385925
  view-data: 0.22117763990536332
