times:
  edit-metadata: 2.0845620315521955
  landing: 0.022736292332410812
  view-data: 0.024807218462228775
