times:
  edit-metadata: 2.178837079554796
  landing: 0.6237426865845919
  view-data: 0.6546403300017118
