times:
  edit-metadata: 1.540063802152872
  landing: 0.051655255258083344
  view-data: 0.22087394772097468
