times:
  edit-metadata: 0.9111531637609005
  landing: 0.06179788801819086
  view-data: 0.21609305310994387
