times:
  edit-metadata: 1.584877090062946
  landing: 0.08094781497493386
  view-data: 0.2655354670714587
