times:
  edit-metadata: 2.1611035214737058
  landing: 0.021016288548707962
  view-data: 0.030577792786061764
