times:
  edit-metadata: 2.0268504302948713
  landing: 1.3524135556071997
  view-data: 0.8328769449144602
