times:
  edit-metadata: 2.3186780251562595
  landing: 0.021266769617795944
  view-data: 0.39421564154326916
