times:
  edit-metadata: 1.576235743239522
  landing: 0.6732913926243782
  view-data: 0.42136666737496853
