times:
  landing: 1.0779865580000205
  view-data: 0.5657134990000259
