times:
  edit-metadata: 1.496806312352419
  landing: 0.9094639681279659
  view-data: 3.391824685037136
