times:
  edit-metadata: 1.5650982898660004
  landing: 0.05201394692994654
  view-data: 0.21235008793883026
