times:
  edit-metadata: 1.8832853818312287
  landing: 0.01977700926363468
  view-data: 0.4755593230947852
