times:
  edit-metadata: 1.9231203626841307
  landing: 0.022437503561377525
  view-data: 0.11898046359419823
