times:
  edit-metadata: 1.8124787993729115
  landing: 0.051609497517347336
  view-data: 0.26208630204200745
