times:
  landing: 1.1020494999999926
  view-data: 0.5538763449999919
