times:
  edit-metadata: 0.9578680787235498
  landing: 0.05712440796196461
  view-data: 0.24845867045223713
