times:
  edit-metadata: 0.9547487309901044
  landing: 0.05143120401771739
  view-data: 0.4003452900215052
