times:
  edit-metadata: 1.9482956435531378
  landing: 0.023484883829951286
  view-data: 0.02499918732792139
