times:
  edit-metadata: 1.4283130541443825
  landing: 0.9876970797777176
  view-data: 4.4949125200510025
