times:
  landing: 1.0748884739999767
  view-data: 0.5607797989999881
