times:
  edit-metadata: 1.666597796138376
  landing: 0.04900779528543353
  view-data: 0.2703725202009082
