times:
  edit-metadata: 1.906523922458291
  landing: 0.020900309085845947
  view-data: 0.026047161780297756
