times:
  edit-metadata: 1.464259259402752
  landing: 1.001958116889
  view-data: 3.3139306362718344
