times:
  edit-metadata: 0.9137840331532061
  landing: 0.05583586869761348
  view-data: 0.2168638319708407
