times:
  edit-metadata: 2.0989660969935358
  landing: 1.046502802055329
  view-data: 3.5646567000076175
