times:
  landing: 0.5572311180000042
  view-data: 0.5556039980000378
