times:
  landing: 0.555079701000011
  view-data: 0.5604755709999836
