times:
  edit-metadata: 0.9177827509120107
  landing: 0.054393860045820475
  view-data: 0.2386622168123722
