times:
  edit-metadata: 1.6179444529116154
  landing: 19.449878312647343
  view-data: 3.374553505331278
