times:
  landing: 1.0683440239999982
  view-data: 0.5587330210000232
