times:
  edit-metadata: 1.5947555198799819
  landing: 0.05077586299739778
  view-data: 0.22686998499557376
