times:
  edit-metadata: 2.0204537409590557
  landing: 0.02522497600875795
  view-data: 0.030993147986009717
