times:
  edit-metadata: 2.5581428427249193
  landing: 1.2260893564671278
  view-data: 3.4749477356672287
