times:
  edit-metadata: 1.9151112409308553
  landing: 0.022519350983202457
  view-data: 0.12366332951933146
