times:
  edit-metadata: 1.9800212122499943
  landing: 0.161077119410038
  view-data: 0.02487737312912941
