times:
  edit-metadata: 2.6425917707383633
  landing: 2.234421042725444
  view-data: 3.6933957636356354
