times:
  edit-metadata: 1.4828790370374918
  landing: 0.9081728532910347
  view-data: 3.2712069675326347
