times:
  edit-metadata: 1.4573839381337166
  landing: 0.9921096600592136
  view-data: 3.349334515631199
