times:
  landing: 0.5675134709999838
  view-data: 0.5664448669999729
