times:
  edit-metadata: 2.2502478919923306
  landing: 0.24734080769121647
  view-data: 0.43282884918153286
