times:
  edit-metadata: 1.9574461784213781
  landing: 0.6863612867891788
  view-data: 0.36191017366945744
