times:
  edit-metadata: 1.4060225076973438
  landing: 0.805007491260767
  view-data: 3.2866847813129425
