times:
  edit-metadata: 2.0749549344182014
  landing: 0.18106490559875965
  view-data: 0.4471934996545315
