times:
  edit-metadata: 1.0244371420703828
  landing: 0.0549618867225945
  view-data: 0.4870204026810825
