times:
  landing: 0.5528652849999958
  view-data: 0.5534194929999785
