times:
  edit-metadata: 1.9226993853226304
  landing: 0.019997606985270977
  view-data: 0.026582843624055386
