times:
  edit-metadata: 1.5162571880500764
  landing: 0.048747976892627776
  view-data: 0.21363232098519802
