times:
  edit-metadata: 1.8891443684697151
  landing: 0.0456685908138752
  view-data: 0.23119653388857841
