times:
  edit-metadata: 1.3919341750442982
  landing: 0.9377384185791016
  view-data: 3.3210711255669594
