times:
  edit-metadata: 1.3615580459591001
  landing: 0.8354733500164002
  view-data: 3.3602174289990216
