times:
  edit-metadata: 1.8030415251851082
  landing: 0.058910027146339417
  view-data: 0.24408018961548805
