times:
  edit-metadata: 0.9094005119986832
  landing: 0.05298983817920089
  view-data: 0.2198570896871388
