times:
  edit-metadata: 1.5895365602336824
  landing: 0.05469512892886996
  view-data: 0.2264088853262365
