times:
  edit-metadata: 1.5209150351583958
  landing: 0.7943663001060486
  view-data: 3.399040939286351
