times:
  landing: 0.5559658330000161
  view-data: 0.5648279979999984
