times:
  landing: 0.5540859799999964
  view-data: 0.5580511800000068
