times:
  edit-metadata: 2.4776805117726326
  landing: 1.8474293872714043
  view-data: 3.6451179459691048
