times:
  edit-metadata: 1.6483097220771015
  landing: 0.053150190971791744
  view-data: 0.23337651905603707
