times:
  edit-metadata: 0.9604811621829867
  landing: 0.05138695891946554
  view-data: 0.6164418142288923
