times:
  landing: 1.1363828409999996
  view-data: 0.5705681520000212
