times:
  edit-metadata: 1.9521034369245172
  landing: 0.02070523612201214
  view-data: 0.025722354650497437
