times:
  edit-metadata: 1.5252055749297142
  landing: 0.6140525359660387
  view-data: 0.41867888160049915
