times:
  edit-metadata: 1.525062283501029
  landing: 1.181165943853557
  view-data: 3.3743061805143952
