times:
  edit-metadata: 1.9397045727819204
  landing: 0.01956832129508257
  view-data: 0.1349286688491702
