times:
  edit-metadata: 0.8956227982416749
  landing: 0.05630205711349845
  view-data: 0.22450843919068575
