times:
  edit-metadata: 1.5529775929171592
  landing: 0.047599848941899836
  view-data: 0.21897166699636728
