times:
  edit-metadata: 1.0369677999988198
  landing: 0.05437797214835882
  view-data: 0.25036927312612534
