times:
  landing: 0.5565684390000172
  view-data: 0.5635385429999928
