times:
  edit-metadata: 1.5412365270312876
  landing: 0.046578565845265985
  view-data: 0.21343544800765812
