times:
  edit-metadata: 1.8870265539735556
  landing: 0.02165873534977436
  view-data: 0.12128308694809675
