times:
  edit-metadata: 1.037884155055508
  landing: 0.050530703039839864
  view-data: 0.2652521620038897
