times:
  edit-metadata: 2.1812228839844465
  landing: 0.14582703076303005
  view-data: 0.3699463028460741
