times:
  landing: 1.0605995569999322
  view-data: 0.5529465019999407
