times:
  landing: 0.5511257420000106
  view-data: 0.5565703780000035
