times:
  edit-metadata: 1.199821535999945
  landing: 0.09398360900013358
  view-data: 0.4733618350001052
