times:
  edit-metadata: 1.0675407899543643
  landing: 0.06940090004354715
  view-data: 0.23070987220853567
