times:
  edit-metadata: 1.6167218290502205
  landing: 0.05717610300052911
  view-data: 0.22012414003256708
