times:
  landing: 0.5543780849999962
  view-data: 0.5554231449999918
