times:
  landing: 0.5564768760000334
  view-data: 0.5629711920000204
