times:
  edit-metadata: 1.5842042732983828
  landing: 0.866034634411335
  view-data: 0.3412652164697647
