times:
  edit-metadata: 1.4383678752928972
  landing: 0.8549679666757584
  view-data: 3.302643856033683
