times:
  landing: 0.5575289209998573
  view-data: 0.5592939350001416
