times:
  edit-metadata: 1.9836226888000965
  landing: 0.14837108179926872
  view-data: 0.4266061298549175
