times:
  edit-metadata: 1.4496199265122414
  landing: 1.4908803403377533
  view-data: 0.6949450802057981
