times:
  edit-metadata: 1.8628202676773071
  landing: 0.05439655855298042
  view-data: 0.2377512790262699
