times:
  edit-metadata: 1.0806604289682582
  landing: 0.053308671980630606
  view-data: 0.25136139802634716
