times:
  edit-metadata: 1.300425766967237
  landing: 0.8760041305795312
  view-data: 0.5787603417411447
