times:
  landing: 0.5535309350000261
  view-data: 0.5601737320000097
