times:
  edit-metadata: 2.0205647628754377
  landing: 0.18174729123711586
  view-data: 0.47027967777103186
