times:
  edit-metadata: 2.2981868903152645
  landing: 1.4255485460162163
  view-data: 3.334636443760246
