times:
  edit-metadata: 1.380747176706791
  landing: 0.8649674579501152
  view-data: 3.438424501568079
