times:
  edit-metadata: 0.9880037591792643
  landing: 0.05754087516106665
  view-data: 0.3698058659210801
