times:
  landing: 0.6205500330000291
  view-data: 0.5581197040000347
