times:
  edit-metadata: 1.2962547182105482
  landing: 0.04346042079851031
  view-data: 0.26468342635780573
