times:
  edit-metadata: 1.4872176814824343
  landing: 0.8101549874991179
  view-data: 3.412116901949048
