times:
  landing: 1.0728319629999987
  view-data: 0.5560374009999691
