times:
  edit-metadata: 2.025803068652749
  landing: 0.7153920941054821
  view-data: 0.37189406529068947
