times:
  landing: 1.091291692000027
  view-data: 0.5583736190000081
