times:
  edit-metadata: 1.8954699728637934
  landing: 0.023315448313951492
  view-data: 0.22586835082620382
