times:
  edit-metadata: 2.1344753075391054
  landing: 0.021492986008524895
  view-data: 0.372696440666914
