times:
  edit-metadata: 1.16947822298971
  landing: 0.08967732699238695
  view-data: 0.39781992402276956
