times:
  edit-metadata: 0.9489917239407077
  landing: 0.04638633597642183
  view-data: 0.2582032170612365
