times:
  edit-metadata: 1.6959865093231201
  landing: 1.1577305421233177
  view-data: 3.383655149489641
