times:
  edit-metadata: 1.6232519447803497
  landing: 0.9485843069851398
  view-data: 3.427436701953411
