times:
  edit-metadata: 1.5335139147937298
  landing: 0.979253526777029
  view-data: 3.3378380462527275
