times:
  edit-metadata: 2.0199187994003296
  landing: 0.11478627100586891
  view-data: 0.23694969713687897
