times:
  landing: 0.5638001920000306
  view-data: 0.5594370710000476
