times:
  edit-metadata: 1.515946839004755
  landing: 0.046080828993581235
  view-data: 0.2295644169789739
