times:
  edit-metadata: 2.0020333006978035
  landing: 0.024132082238793373
  view-data: 0.36274860985577106
