times:
  landing: 0.5838291999999683
  view-data: 0.5606346360000316
