times:
  edit-metadata: 1.8489936888217926
  landing: 0.05560864880681038
  view-data: 0.23569362610578537
