times:
  edit-metadata: 2.0930121205747128
  landing: 0.018837222829461098
  view-data: 0.5076038539409637
