times:
  edit-metadata: 1.9499760307371616
  landing: 0.05474726855754852
  view-data: 0.24442609399557114
