times:
  landing: 1.0870066559999998
  view-data: 0.5470429480000121
