times:
  edit-metadata: 1.5230947434902191
  landing: 0.9057430475950241
  view-data: 3.4265535548329353
