times:
  landing: 1.6327042523771524
  view-data: 0.6120679117739201
