times:
  landing: 1.1431831329999795
  view-data: 0.5570280270000012
