times:
  edit-metadata: 1.6317169517278671
  landing: 0.8533066436648369
  view-data: 3.4389641769230366
