times:
  edit-metadata: 1.3511847369372845
  landing: 0.8858415968716145
  view-data: 3.3733227886259556
