times:
  landing: 1.6229792610000118
  view-data: 0.558957816999964
