times:
  edit-metadata: 1.5674703270196915
  landing: 0.054720676969736814
  view-data: 0.23104739119298756
