times:
  edit-metadata: 1.9336880734190345
  landing: 0.02140996605157852
  view-data: 0.027020854875445366
