times:
  edit-metadata: 1.9218857856467366
  landing: 0.021365362219512463
  view-data: 0.025540671311318874
