times:
  edit-metadata: 1.5462150685489178
  landing: 0.9350101426243782
  view-data: 3.341719564050436
