times:
  edit-metadata: 1.0464452737942338
  landing: 0.051398687064647675
  view-data: 0.23618981800973415
