times:
  edit-metadata: 3.0883691273629665
  landing: 0.3015456646680832
  view-data: 0.30781796015799046
