times:
  edit-metadata: 1.426460549235344
  landing: 0.4568562675267458
  view-data: 0.25353342294692993
