times:
  edit-metadata: 1.0562426042743027
  landing: 0.045831019058823586
  view-data: 0.2336800559423864
