times:
  edit-metadata: 1.8294915966689587
  landing: 0.05209768936038017
  view-data: 0.22889843583106995
