times:
  edit-metadata: 1.8791283033788204
  landing: 0.044981516897678375
  view-data: 0.2317555919289589
