times:
  edit-metadata: 1.4589509549550712
  landing: 0.9225365419406444
  view-data: 3.647035037050955
