times:
  landing: 0.554417763999993
  view-data: 0.5596528930000204
