times:
  edit-metadata: 2.2130651120096445
  landing: 0.5863413605839014
  view-data: 0.2848742753267288
