times:
  edit-metadata: 1.9375273399055004
  landing: 0.054067838937044144
  view-data: 0.2413434199988842
