times:
  edit-metadata: 0.9480868238024414
  landing: 0.04781130887567997
  view-data: 0.24059463385492563
