times:
  edit-metadata: 1.4910018630325794
  landing: 0.9464315921068192
  view-data: 3.383438266813755
