times:
  landing: 0.5537405000000035
  view-data: 0.05840957300000582
