times:
  edit-metadata: 0.972355417907238
  landing: 0.05446804501116276
  view-data: 0.34465508349239826
