times:
  edit-metadata: 2.398424598388374
  landing: 0.24934855848550797
  view-data: 0.5508361849933863
