times:
  edit-metadata: 1.5347936729958747
  landing: 0.05400472498149611
  view-data: 0.22854973099310882
