times:
  edit-metadata: 1.9579359702765942
  landing: 0.01987283304333687
  view-data: 0.14715271443128586
