times:
  edit-metadata: 2.3536116871982813
  landing: 0.02137051522731781
  view-data: 0.4737084452062845
