times:
  edit-metadata: 2.0636111311614513
  landing: 0.21704340167343616
  view-data: 0.025175053626298904
