times:
  edit-metadata: 1.5381737869465724
  landing: 0.04440910497214645
  view-data: 0.21737440093420446
