times:
  edit-metadata: 1.6542399700265378
  landing: 0.06895595183596015
  view-data: 0.27009792416356504
