times:
  edit-metadata: 1.067640331981238
  landing: 0.05971766303991899
  view-data: 0.2845718610333279
