times:
  landing: 1.083507472000008
  view-data: 0.5606544089999943
