times:
  landing: 0.5615241769999955
  view-data: 0.5634952890000022
