times:
  edit-metadata: 1.0969626840669662
  landing: 0.049877549055963755
  view-data: 0.38327353401109576
