times:
  edit-metadata: 1.4070673882961273
  landing: 0.9080172926187515
  view-data: 3.3144716322422028
