times:
  edit-metadata: 0.9237847747281194
  landing: 0.05210311384871602
  view-data: 0.22299649706110358
