times:
  edit-metadata: 2.2799868951551616
  landing: 0.05460311402566731
  view-data: 0.3151319029275328
