times:
  landing: 1.5883426240000063
  view-data: 0.5657341869999755
