times:
  edit-metadata: 1.0809858799912035
  landing: 0.04581141518428922
  view-data: 0.27849543606862426
