times:
  edit-metadata: 1.9158281004056334
  landing: 0.02158621232956648
  view-data: 0.09931294433772564
