times:
  edit-metadata: 1.9012482864782214
  landing: 0.022107169032096863
  view-data: 0.02585700899362564
