times:
  edit-metadata: 1.2454038141295314
  landing: 0.05100171314552426
  view-data: 0.2515046652406454
