times:
  edit-metadata: 1.4329963028430939
  landing: 0.7739767134189606
  view-data: 3.3135181851685047
