times:
  edit-metadata: 1.3696722069289535
  landing: 0.9054262519348413
  view-data: 3.355404212139547
