times:
  edit-metadata: 1.4937176574021578
  landing: 0.7957703098654747
  view-data: 3.3174428958445787
