times:
  edit-metadata: 2.9415409173816442
  landing: 0.2477006521075964
  view-data: 0.40597892366349697
