times:
  edit-metadata: 0.9334936621598899
  landing: 0.04416037676855922
  view-data: 0.21946715377271175
