times:
  edit-metadata: 1.820199440997385
  landing: 0.0502692139998544
  view-data: 0.22720388200104935
