times:
  edit-metadata: 1.8965157866477966
  landing: 0.021366012282669544
  view-data: 0.024940584786236286
