times:
  landing: 0.5640391150000141
  view-data: 0.5675134579999792
