times:
  edit-metadata: 2.8759451266378164
  landing: 0.4019062705338001
  view-data: 0.42780615389347076
