times:
  edit-metadata: 2.105286931619048
  landing: 0.21576926857233047
  view-data: 0.39518547616899014
