times:
  edit-metadata: 1.7817455329932272
  landing: 0.058318294992204756
  view-data: 0.2348611619672738
