times:
  edit-metadata: 1.9080605069175363
  landing: 0.9079885398969054
  view-data: 3.4045945797115564
