times:
  landing: 1.1176008979999779
  view-data: 0.5575782440000125
