times:
  landing: 0.5791111949999959
  view-data: 0.5568896780000046
