times:
  landing: 0.5532665319999523
  view-data: 0.5641706459999796
