times:
  edit-metadata: 1.851337242871523
  landing: 1.093758899718523
  view-data: 3.392302295193076
