times:
  edit-metadata: 1.9551309030503035
  landing: 0.8024002928286791
  view-data: 0.29336229898035526
