times:
  edit-metadata: 1.5894680637866259
  landing: 0.9613787848502398
  view-data: 0.25149559043347836
