times:
  edit-metadata: 1.9974073013290763
  landing: 0.020860571414232254
  view-data: 0.41565877106040716
