times:
  edit-metadata: 4.887851814000896
  landing: 0.3711461680013599
  view-data: 0.036805542000365676
