times:
  edit-metadata: 1.5116423089057207
  landing: 0.8757275929674506
  view-data: 3.301660740748048
