times:
  edit-metadata: 1.9525175262242556
  landing: 0.018871457315981388
  view-data: 0.24089251644909382
