times:
  edit-metadata: 1.4316161088645458
  landing: 0.9944092314690351
  view-data: 3.3859528452157974
