times:
  edit-metadata: 1.643597092013806
  landing: 0.054923181887716055
  view-data: 0.24245228804647923
