times:
  edit-metadata: 3.4589077215641737
  landing: 0.7810321133583784
  view-data: 0.2857876121997833
