times:
  edit-metadata: 1.9103174321353436
  landing: 0.02087165880948305
  view-data: 0.023906683549284935
