times:
  edit-metadata: 1.4326631561852992
  landing: 0.8163960059173405
  view-data: 3.4139859857968986
