times:
  edit-metadata: 1.638377898139879
  landing: 0.051515277940779924
  view-data: 0.2407638910226524
