times:
  edit-metadata: 1.918207662180066
  landing: 0.019079157151281834
  view-data: 0.023984556086361408
