times:
  edit-metadata: 1.9741131234914064
  landing: 0.6149779874831438
  view-data: 0.35155984945595264
