times:
  landing: 0.553360788999953
  view-data: 0.5555811430000404
