times:
  landing: 0.557419350000032
  view-data: 0.5536676739999962
