times:
  landing: 1.5913938119999784
  view-data: 0.5601087009999901
