times:
  edit-metadata: 1.9617799585685134
  landing: 0.019881957210600376
  view-data: 0.12023068964481354
