times:
  landing: 1.0719549159999815
  view-data: 0.5550945040000101
