times:
  edit-metadata: 2.0926896575838327
  landing: 0.9494148809462786
  view-data: 0.5798226911574602
