times:
  edit-metadata: 1.7910553738474846
  landing: 0.046596985310316086
  view-data: 0.2606237456202507
