times:
  landing: 0.5603439410000135
  view-data: 0.5569781550000243
