times:
  edit-metadata: 1.4030901975929737
  landing: 0.9967848919332027
  view-data: 3.285504601895809
