times:
  landing: 1.0681258659999457
  view-data: 0.5557722810000314
