times:
  edit-metadata: 1.3956023142673075
  landing: 0.8410142068751156
  view-data: 3.371394167188555
