times:
  edit-metadata: 1.525789886713028
  landing: 0.04451626818627119
  view-data: 0.21632925420999527
