times:
  edit-metadata: 1.5572526175528765
  landing: 1.7590794786810875
  view-data: 0.6552751529961824
