times:
  edit-metadata: 1.418986964970827
  landing: 0.8580535687506199
  view-data: 3.271782234311104
