times:
  edit-metadata: 1.3244588077068329
  landing: 1.0780457742512226
  view-data: 3.3242328241467476
