times:
  edit-metadata: 1.8328004851937294
  landing: 0.057874422520399094
  view-data: 0.2387632466852665
