times:
  edit-metadata: 1.8372530250344425
  landing: 0.08697269600816071
  view-data: 0.23752210102975368
