times:
  edit-metadata: 1.4270536750555038
  landing: 0.8774112239480019
  view-data: 3.347359985113144
