times:
  edit-metadata: 2.061678661033511
  landing: 0.19603903032839298
  view-data: 0.3262148406356573
