times:
  edit-metadata: 1.7075517429038882
  landing: 0.055458229035139084
  view-data: 0.2235557958483696
