times:
  edit-metadata: 1.0896813559811562
  landing: 0.04932136199204251
  view-data: 0.3099734230199829
