times:
  edit-metadata: 1.512120682746172
  landing: 0.9816495813429356
  view-data: 3.38758048042655
