times:
  edit-metadata: 1.9781861193478107
  landing: 0.16452224180102348
  view-data: 0.22837151680141687
