times:
  edit-metadata: 1.9385269088670611
  landing: 1.2648220676928759
  view-data: 3.453175473958254
