times:
  edit-metadata: 1.6691878838464618
  landing: 0.058922677068039775
  view-data: 0.21810647496022284
