times:
  edit-metadata: 2.009149804711342
  landing: 0.05932362750172615
  view-data: 0.23356866464018822
