times:
  edit-metadata: 1.9427613727748394
  landing: 0.5754156429320574
  view-data: 0.6417271308600903
