times:
  edit-metadata: 1.017985346261412
  landing: 0.07375061186030507
  view-data: 0.29641429195180535
