times:
  edit-metadata: 0.9463431659969501
  landing: 0.04742038797121495
  view-data: 0.2895481919986196
