times:
  edit-metadata: 2.0388019178062677
  landing: 0.7328531593084335
  view-data: 0.37399171479046345
