times:
  edit-metadata: 1.3598329946398735
  landing: 0.7715466320514679
  view-data: 3.3065453991293907
