times:
  edit-metadata: 1.062169217999326
  landing: 0.04570986500038998
  view-data: 0.37962320799852023
