times:
  edit-metadata: 1.5654074400663376
  landing: 0.8884879276156425
  view-data: 3.5172728933393955
