times:
  edit-metadata: 2.031332505866885
  landing: 0.13890754245221615
  view-data: 0.12197794392704964
