times:
  edit-metadata: 1.371908184955828
  landing: 0.9156853100284934
  view-data: 3.274800249026157
