times:
  edit-metadata: 1.539089862984838
  landing: 0.04314963100478053
  view-data: 0.22933801199542359
