times:
  edit-metadata: 1.5166739039123058
  landing: 0.7840309403836727
  view-data: 3.3966909423470497
