times:
  edit-metadata: 1.5235748067498207
  landing: 0.853181092068553
  view-data: 3.3914504162967205
