times:
  edit-metadata: 1.4001585580408573
  landing: 0.9620847702026367
  view-data: 3.355364467948675
