times:
  edit-metadata: 2.1090406980365515
  landing: 0.12510978989303112
  view-data: 0.2468065284192562
