times:
  landing: 0.5739184610000052
  view-data: 0.5579629050000108
