times:
  edit-metadata: 1.5426538698375225
  landing: 0.825360793620348
  view-data: 3.38426486030221
