times:
  edit-metadata: 2.182116949930787
  landing: 0.07105138804763556
  view-data: 0.2923119249753654
