times:
  edit-metadata: 0.9180836551822722
  landing: 0.052080167923122644
  view-data: 0.23472977802157402
