times:
  edit-metadata: 1.5090815369039774
  landing: 0.8435492757707834
  view-data: 3.4215264413505793
