times:
  edit-metadata: 1.5172715592198074
  landing: 0.05204156320542097
  view-data: 0.21766077261418104
