times:
  edit-metadata: 1.8841910799965262
  landing: 0.023076582700014114
  view-data: 0.1290567433461547
