times:
  edit-metadata: 2.1579596009105444
  landing: 0.2981323003768921
  view-data: 0.16701428219676018
