times:
  edit-metadata: 1.4898773749591783
  landing: 0.0524937950540334
  view-data: 0.22224029200151563
