times:
  edit-metadata: 2.0965715777128935
  landing: 1.2063195202499628
  view-data: 0.3846716284751892
