times:
  edit-metadata: 1.3496432416141033
  landing: 0.9715349823236465
  view-data: 3.4527343530207872
