times:
  edit-metadata: 1.77184075769037
  landing: 1.4354586694389582
  view-data: 3.726508542895317
