times:
  edit-metadata: 1.5222509559243917
  landing: 0.7956293653696775
  view-data: 3.338285978883505
