times:
  landing: 0.5694471859999339
  view-data: 0.5521143839999922
