times:
  edit-metadata: 1.2757597360759974
  landing: 0.04433469194918871
  view-data: 0.2541917720809579
