times:
  edit-metadata: 2.5228516440838575
  landing: 0.25436013750731945
  view-data: 0.16575945913791656
