times:
  edit-metadata: 1.8991655297577381
  landing: 0.047834139317274094
  view-data: 0.2325042076408863
