times:
  edit-metadata: 1.6669013879727572
  landing: 0.07878953497856855
  view-data: 0.22403703909367323
