times:
  edit-metadata: 2.136974062770605
  landing: 1.2534305788576603
  view-data: 3.3624517023563385
