times:
  edit-metadata: 1.7463289871811867
  landing: 1.139536939561367
  view-data: 3.4230224825441837
