times:
  edit-metadata: 1.5252466015517712
  landing: 0.9943176098167896
  view-data: 3.368433076888323
