times:
  edit-metadata: 1.3966905027627945
  landing: 0.914366977289319
  view-data: 3.3482488384470344
