times:
  edit-metadata: 1.2315398970094975
  landing: 0.09870113999932073
  view-data: 0.29774043199722655
