times:
  edit-metadata: 1.5507774576544762
  landing: 0.8099358268082142
  view-data: 3.4422557577490807
