times:
  edit-metadata: 0.9706244878470898
  landing: 0.0555986100807786
  view-data: 0.2174191027879715
