times:
  landing: 1.0619177670000113
  view-data: 0.5655992240000103
