times:
  edit-metadata: 1.6487943530082703
  landing: 1.1200246919179335
  view-data: 3.33941992407199
