times:
  edit-metadata: 1.3785825020167977
  landing: 0.8190196009818465
  view-data: 3.3328720899298787
