times:
  edit-metadata: 2.396003730595112
  landing: 0.5862170401960611
  view-data: 0.6798029653728008
