times:
  edit-metadata: 1.5696201019454747
  landing: 0.05891687818802893
  view-data: 0.23035199008882046
