times:
  edit-metadata: 1.9093916742131114
  landing: 0.019773255102336407
  view-data: 0.026839766651391983
