times:
  edit-metadata: 1.4325692160055041
  landing: 0.9485677760094404
  view-data: 3.446595906279981
