times:
  edit-metadata: 1.9163793353363872
  landing: 0.11701398529112339
  view-data: 0.12094453629106283
