times:
  edit-metadata: 1.9491770081222057
  landing: 0.05064287781715393
  view-data: 0.2386631779372692
