times:
  edit-metadata: 0.9447907959111035
  landing: 0.05140414275228977
  view-data: 0.2654080707579851
