times:
  edit-metadata: 1.4764332189806737
  landing: 0.046223156969062984
  view-data: 0.21698324097087607
