times:
  edit-metadata: 1.4984045717865229
  landing: 0.9290363974869251
  view-data: 3.4112892765551805
