times:
  edit-metadata: 2.269118679687381
  landing: 0.19241727888584137
  view-data: 0.670955603942275
