times:
  edit-metadata: 0.9825971680038492
  landing: 0.05013240600237623
  view-data: 0.26519424699654337
