times:
  edit-metadata: 1.4184920955449343
  landing: 0.8489306382834911
  view-data: 3.383927222341299
