times:
  edit-metadata: 1.7763400953263044
  landing: 0.08983608800917864
  view-data: 0.2813555640168488
