times:
  edit-metadata: 1.0445875860750675
  landing: 0.04902471788227558
  view-data: 0.3528926861472428
