times:
  landing: 1.0719414659999984
  view-data: 0.5605185860000006
