times:
  edit-metadata: 1.5366373248398304
  landing: 0.8153101801872253
  view-data: 3.496336804702878
