times:
  edit-metadata: 1.3941836757585406
  landing: 0.8864413700066507
  view-data: 3.320444197859615
