times:
  edit-metadata: 1.53915043361485
  landing: 0.8692077789455652
  view-data: 3.324048936367035
