times:
  edit-metadata: 2.074734603986144
  landing: 0.02238876186311245
  view-data: 0.13770770467817783
