times:
  landing: 1.082995512000025
  view-data: 0.5611364200000253
