times:
  edit-metadata: 0.9512098729610443
  landing: 0.05242831609211862
  view-data: 0.2515126820653677
