times:
  edit-metadata: 1.4825700130313635
  landing: 0.7986806109547615
  view-data: 3.3866504672914743
