times:
  edit-metadata: 2.0852614231407642
  landing: 1.1576754786074162
  view-data: 3.5121884867548943
