times:
  edit-metadata: 1.9642295259982347
  landing: 1.6104690190404654
  view-data: 0.6381066162139177
