times:
  edit-metadata: 1.5560007239982951
  landing: 0.054639119014609605
  view-data: 0.23420647799503058
