times:
  landing: 0.5752560089999861
  view-data: 0.5716020479999884
