times:
  edit-metadata: 1.9776922687888145
  landing: 0.6321296282112598
  view-data: 0.4772499483078718
