times:
  edit-metadata: 1.5135365463793278
  landing: 0.8767727501690388
  view-data: 3.446613697335124
