times:
  edit-metadata: 1.560968109057285
  landing: 0.05391481309197843
  view-data: 0.22871620999649167
