times:
  edit-metadata: 1.9036063374951482
  landing: 0.0218573659658432
  view-data: 0.02367408759891987
