times:
  landing: 0.5575324329999773
  view-data: 0.5597320060000186
