times:
  landing: 1.079218967000088
  view-data: 0.5571170330000541
