times:
  edit-metadata: 1.5364314330508932
  landing: 0.052180874976329505
  view-data: 0.2205558760324493
