times:
  edit-metadata: 1.0631826017051935
  landing: 0.07998477621003985
  view-data: 0.2567730830051005
