times:
  edit-metadata: 1.4929973166435957
  landing: 0.8873671758919954
  view-data: 3.4178470112383366
