times:
  edit-metadata: 1.4936304278671741
  landing: 0.8088436778634787
  view-data: 3.4240051954984665
