times:
  edit-metadata: 2.08245550096035
  landing: 0.1985504925251007
  view-data: 0.35520273447036743
