times:
  edit-metadata: 2.1435345616191626
  landing: 0.02145577222108841
  view-data: 0.15149000659585
