times:
  landing: 2.410907139070332
  view-data: 0.03232182702049613
