times:
  edit-metadata: 1.3879839964210987
  landing: 0.9327317401766777
  view-data: 3.4064330346882343
