times:
  landing: 0.5562038550000068
  view-data: 0.5680281559999969
