times:
  edit-metadata: 2.0161956679075956
  landing: 0.020299628376960754
  view-data: 0.34727866388857365
