times:
  edit-metadata: 1.4826236367225647
  landing: 0.9414175786077976
  view-data: 3.3581514544785023
