times:
  edit-metadata: 1.930169863626361
  landing: 0.02273345272988081
  view-data: 0.026860471814870834
