times:
  edit-metadata: 2.260719422250986
  landing: 0.023340916261076927
  view-data: 0.4935316853225231
