times:
  edit-metadata: 2.5605298820883036
  landing: 0.027835609391331673
  view-data: 0.4155208244919777
