times:
  edit-metadata: 1.8939384566619992
  landing: 0.020980303175747395
  view-data: 0.11704432871192694
