times:
  edit-metadata: 1.4382474969606847
  landing: 0.29696919897105545
  view-data: 0.28325251501519233
