times:
  edit-metadata: 1.988882990553975
  landing: 0.5554564464837313
  view-data: 0.259425051510334
