times:
  edit-metadata: 1.9736039601266384
  landing: 0.12229750026017427
  view-data: 0.42281074449419975
