times:
  landing: 0.5557628610000052
  view-data: 0.5571888420000164
