times:
  edit-metadata: 1.5075716376304626
  landing: 0.8544454388320446
  view-data: 3.4408373311161995
