times:
  edit-metadata: 1.9236169625073671
  landing: 0.022284855134785175
  view-data: 0.026924721896648407
