times:
  edit-metadata: 1.3616485018283129
  landing: 0.8170351702719927
  view-data: 4.920789297670126
