times:
  edit-metadata: 1.029860254842788
  landing: 0.05533779226243496
  view-data: 0.22533339587971568
