times:
  edit-metadata: 1.934297924861312
  landing: 0.020836977288126945
  view-data: 0.023430694825947285
