times:
  edit-metadata: 1.637506203027442
  landing: 0.053313869051635265
  view-data: 0.22008702903985977
