times:
  edit-metadata: 1.672347002895549
  landing: 0.05798919405788183
  view-data: 0.22559897904284298
