times:
  edit-metadata: 1.5436963569372892
  landing: 0.8977298177778721
  view-data: 3.3386169373989105
