times:
  edit-metadata: 1.3926351852715015
  landing: 0.866768479347229
  view-data: 3.2643190398812294
