times:
  edit-metadata: 2.4718826357275248
  landing: 0.3443044815212488
  view-data: 0.29605454206466675
