times:
  landing: 1.1087106950000134
  view-data: 0.5686100300000021
