times:
  edit-metadata: 1.5177585911005735
  landing: 0.8345074448734522
  view-data: 3.472839107736945
