times:
  landing: 1.6043984440000258
  view-data: 0.5604081779999888
