times:
  edit-metadata: 0.9707827279344201
  landing: 0.05600854707881808
  view-data: 0.3636052766814828
