times:
  edit-metadata: 1.8966851076111197
  landing: 0.11902954708784819
  view-data: 0.11826561018824577
