times:
  edit-metadata: 1.3953207582235336
  landing: 0.8665887452661991
  view-data: 3.333879228681326
