times:
  edit-metadata: 2.005526512861252
  landing: 1.061523176729679
  view-data: 0.5876394081860781
