times:
  edit-metadata: 2.2634512409567833
  landing: 0.02216953970491886
  view-data: 0.5114037934690714
