times:
  landing: 2.1241437460000157
  view-data: 0.5594870890000152
