times:
  edit-metadata: 1.4833689276129007
  landing: 0.84081906452775
  view-data: 3.43295656517148
