times:
  edit-metadata: 1.9241430507972836
  landing: 0.02039058692753315
  view-data: 0.1017415327951312
