times:
  edit-metadata: 2.3416111953556538
  landing: 0.8636599220335484
  view-data: 0.4441178161650896
