times:
  edit-metadata: 1.3653629878535867
  landing: 0.11955551616847515
  view-data: 0.48029090790078044
