times:
  landing: 0.5655382829999951
  view-data: 0.05228878300002293
