times:
  edit-metadata: 1.5253397449851036
  landing: 0.9975615888834
  view-data: 3.465046301484108
