times:
  edit-metadata: 1.5794615189079195
  landing: 0.05335106491111219
  view-data: 0.21930641098879278
