times:
  edit-metadata: 2.073303911834955
  landing: 0.019681187346577644
  view-data: 0.028035487979650497
