times:
  landing: 1.1114264850000097
  view-data: 0.5537577510000062
