times:
  edit-metadata: 0.9313976361881942
  landing: 0.05269039794802666
  view-data: 0.2567614808212966
