times:
  edit-metadata: 1.5542634762823582
  landing: 1.0521379485726357
  view-data: 3.3716367930173874
