times:
  edit-metadata: 0.9457243180368096
  landing: 0.046126469038426876
  view-data: 0.2402945589274168
