times:
  edit-metadata: 1.406093057245016
  landing: 0.8532130979001522
  view-data: 3.2979851961135864
