times:
  edit-metadata: 2.111824546009302
  landing: 0.022656796500086784
  view-data: 0.10722423158586025
