times:
  edit-metadata: 1.494878189638257
  landing: 0.8950545564293861
  view-data: 3.3774662539362907
