times:
  landing: 0.5500216390000219
  view-data: 0.552951237000002
