times:
  edit-metadata: 2.03364684432745
  landing: 0.6801001615822315
  view-data: 0.49186324141919613
