times:
  edit-metadata: 1.8960533291101456
  landing: 0.0530853345990181
  view-data: 0.24617230147123337
