times:
  landing: 0.5636494530000107
  view-data: 0.07712008300001116
