times:
  edit-metadata: 0.939767537638545
  landing: 0.04458694439381361
  view-data: 0.22824091836810112
