times:
  edit-metadata: 1.1539009045809507
  landing: 0.06716661108657718
  view-data: 0.2992145186290145
