times:
  landing: 0.567027319999994
  view-data: 0.5667610190000119
