times:
  landing: 1.593121454999988
  view-data: 0.5667612799999802
