times:
  edit-metadata: 3.82796323398361
  landing: 0.18062040401855484
  view-data: 0.4502858490450308
