times:
  edit-metadata: 1.5903621688485146
  landing: 0.9054120071232319
  view-data: 3.297662626951933
