times:
  edit-metadata: 2.150011919438839
  landing: 0.24012059718370438
  view-data: 0.4124035034328699
