times:
  edit-metadata: 1.4253146201372147
  landing: 0.8679166026413441
  view-data: 3.6267663687467575
