times:
  edit-metadata: 1.4055649507790804
  landing: 0.8302371688187122
  view-data: 3.4273178614676
