times:
  edit-metadata: 1.952295821160078
  landing: 0.8289013430476189
  view-data: 0.3879309296607971
