times:
  edit-metadata: 2.125182210467756
  landing: 1.402035741135478
  view-data: 3.381525750271976
