times:
  edit-metadata: 2.1708676274865866
  landing: 0.1994953453540802
  view-data: 0.12336385250091553
