times:
  landing: 1.1325081229999796
  view-data: 0.5612480039999923
