times:
  edit-metadata: 1.8715887144207954
  landing: 0.0484708808362484
  view-data: 0.23450317606329918
