times:
  landing: 0.541852155000015
  view-data: 0.5527022999999929
