times:
  edit-metadata: 0.9881150680594146
  landing: 0.05004796199500561
  view-data: 0.36258895113132894
