times:
  landing: 0.5616267119999918
  view-data: 0.557220706999999
