times:
  landing: 0.556324568999969
  view-data: 0.5769423929999675
