times:
  edit-metadata: 1.6353759260382503
  landing: 0.9389502300182357
  view-data: 3.3503006760729477
