times:
  edit-metadata: 2.516914142295718
  landing: 0.022119389846920967
  view-data: 0.4390145521610975
