times:
  edit-metadata: 1.9908813554793596
  landing: 0.02168041281402111
  view-data: 0.38252040557563305
