times:
  edit-metadata: 1.5803663090337068
  landing: 0.05950387800112367
  view-data: 0.23603890091180801
