times:
  landing: 1.0777282220000188
  view-data: 0.5601805230000139
