times:
  edit-metadata: 0.9484849227592349
  landing: 0.05147674912586808
  view-data: 0.21940589183941483
