times:
  edit-metadata: 1.5744783896952868
  landing: 0.851965019479394
  view-data: 3.4211166091263294
