times:
  edit-metadata: 1.9000201970338821
  landing: 1.2760636452585459
  view-data: 3.705582736991346
