times:
  edit-metadata: 2.0436644665896893
  landing: 0.019545570015907288
  view-data: 0.12361364252865314
