times:
  landing: 0.5574163830000032
  view-data: 0.5559697249999829
