times:
  edit-metadata: 2.073479587212205
  landing: 0.1401277780532837
  view-data: 0.6018502712249756
