times:
  edit-metadata: 1.9356177151203156
  landing: 1.044984208419919
  view-data: 0.33166990615427494
