times:
  edit-metadata: 1.9546877825632691
  landing: 0.023653090000152588
  view-data: 0.026628779247403145
