times:
  edit-metadata: 1.922633921727538
  landing: 0.02215761039406061
  view-data: 0.02501940168440342
