times:
  edit-metadata: 1.4493328630924225
  landing: 0.9293803796172142
  view-data: 3.355069775134325
