times:
  edit-metadata: 2.0918602403253317
  landing: 0.020222285762429237
  view-data: 0.11384331062436104
