times:
  edit-metadata: 1.611330660060048
  landing: 0.8127765227109194
  view-data: 3.4034958742558956
