times:
  edit-metadata: 1.5567835457623005
  landing: 1.3656085394322872
  view-data: 3.354680899530649
