times:
  edit-metadata: 1.476624382659793
  landing: 0.839424492791295
  view-data: 3.3611290976405144
