times:
  edit-metadata: 1.6138003580272198
  landing: 0.9735790975391865
  view-data: 3.381033029407263
