times:
  edit-metadata: 1.5843826085329056
  landing: 1.0270347259938717
  view-data: 3.3292925357818604
