times:
  edit-metadata: 1.453950421884656
  landing: 0.9893779149278998
  view-data: 3.505979229696095
