times:
  edit-metadata: 1.5441453251987696
  landing: 0.8358941841870546
  view-data: 3.441917397081852
