times:
  edit-metadata: 1.390680791810155
  landing: 0.8496474139392376
  view-data: 3.3660615757107735
