times:
  edit-metadata: 1.8666432360187173
  landing: 1.0624228287488222
  view-data: 3.748189903795719
