times:
  edit-metadata: 1.6190409995615482
  landing: 0.943560354411602
  view-data: 3.366656392812729
