times:
  edit-metadata: 1.5006706139538437
  landing: 0.8949701860547066
  view-data: 3.296550657134503
