times:
  edit-metadata: 1.4525889633223414
  landing: 0.9234904749318957
  view-data: 3.3790104128420353
