times:
  edit-metadata: 2.275418274104595
  landing: 0.9377595353871584
  view-data: 3.4292713329195976
