times:
  edit-metadata: 1.4112766794860363
  landing: 0.7654958441853523
  view-data: 3.3022754341363907
