times:
  edit-metadata: 1.4264109190553427
  landing: 1.0078134816139936
  view-data: 3.325817720964551
