times:
  edit-metadata: 1.4446980692446232
  landing: 0.9702879190444946
  view-data: 3.3932037837803364
