times:
  edit-metadata: 1.4378342404961586
  landing: 0.837661862373352
  view-data: 3.281522750854492
