times:
  edit-metadata: 1.403195075923577
  landing: 0.8401763710426167
  view-data: 3.344332295935601
