times:
  edit-metadata: 1.555782113224268
  landing: 0.8865044564008713
  view-data: 3.4283468909561634
