times:
  edit-metadata: 1.3876549676060677
  landing: 0.7915631085634232
  view-data: 3.325275730341673
