times:
  edit-metadata: 1.4297911413013935
  landing: 0.9041290618479252
  view-data: 3.3311104103922844
