times:
  edit-metadata: 1.4952982068061829
  landing: 0.9062047954648733
  view-data: 3.3315277732908726
