times:
  edit-metadata: 1.456919084303081
  landing: 0.8873236943036318
  view-data: 3.3529320610687137
