times:
  edit-metadata: 1.51144939661026
  landing: 0.7237508296966553
  view-data: 3.343943938612938
