times:
  edit-metadata: 1.4274012967944145
  landing: 0.9277500659227371
  view-data: 3.4565777964890003
