times:
  edit-metadata: 1.5344740115106106
  landing: 0.7548454068601131
  view-data: 3.372878136113286
