times:
  edit-metadata: 1.5949700083583593
  landing: 0.8876351602375507
  view-data: 3.4193716011941433
