times:
  edit-metadata: 1.5607375912368298
  landing: 0.8579327762126923
  view-data: 3.3566868901252747
