times:
  edit-metadata: 1.5303238313645124
  landing: 0.8374505061656237
  view-data: 3.3761451952159405
