times:
  edit-metadata: 1.3721859566867352
  landing: 0.8731882534921169
  view-data: 0.5888761468231678
