times:
  edit-metadata: 1.504044871777296
  landing: 1.0023292116820812
  view-data: 3.3529760427773
