times:
  edit-metadata: 1.5169461630284786
  landing: 0.8557190485298634
  view-data: 3.356500703841448
