times:
  edit-metadata: 1.455569620244205
  landing: 0.9180365176871419
  view-data: 3.412519609555602
