times:
  edit-metadata: 1.398362027015537
  landing: 0.8146070560906082
  view-data: 3.3661281981039792
