times:
  edit-metadata: 1.5463034771382809
  landing: 1.007640477269888
  view-data: 3.4134079813957214
