times:
  edit-metadata: 1.7957940995693207
  landing: 1.0448929592967033
  view-data: 3.383697211742401
