times:
  edit-metadata: 1.489484545076266
  landing: 0.8474535909481347
  view-data: 3.4037226799409837
