times:
  edit-metadata: 1.558834247291088
  landing: 0.8308068681508303
  view-data: 3.425294406712055
