times:
  edit-metadata: 1.704502829350531
  landing: 1.025628762319684
  view-data: 3.365948455873877
