times:
  edit-metadata: 1.454461932182312
  landing: 0.9723439961671829
  view-data: 3.2729780077934265
