times:
  edit-metadata: 1.3056544900173321
  landing: 0.8238702300004661
  view-data: 3.4026564409723505
