times:
  edit-metadata: 2.1715232469141483
  landing: 1.0678558927029371
  view-data: 3.682451607659459
