times:
  edit-metadata: 1.4405600186437368
  landing: 1.0688247997313738
  view-data: 3.359668780118227
