times:
  edit-metadata: 1.4801596514880657
  landing: 0.912929680198431
  view-data: 3.3425009436905384
