times:
  edit-metadata: 1.5081894025206566
  landing: 0.8937133178114891
  view-data: 3.414042253047228
