times:
  edit-metadata: 1.8040080573409796
  landing: 0.990647416561842
  view-data: 3.4172279462218285
