times:
  edit-metadata: 1.5111202336847782
  landing: 0.8920103311538696
  view-data: 3.4165717847645283
