times:
  edit-metadata: 2.02655684389174
  landing: 0.8762734057381749
  view-data: 3.4096968919038773
