times:
  edit-metadata: 1.4263142980635166
  landing: 0.9711308404803276
  view-data: 3.3599146604537964
