times:
  edit-metadata: 1.4921863917261362
  landing: 0.7902994956821203
  view-data: 3.4350892454385757
