times:
  edit-metadata: 1.4587840214371681
  landing: 0.7703355811536312
  view-data: 3.401646200567484
