times:
  edit-metadata: 1.4949967730790377
  landing: 0.8183689024299383
  view-data: 3.2771668508648872
