times:
  edit-metadata: 1.660576295107603
  landing: 1.1577589996159077
  view-data: 3.3930099569261074
