times:
  edit-metadata: 1.5216758102178574
  landing: 0.9653841257095337
  view-data: 3.345524225383997
