times:
  edit-metadata: 2.104703183285892
  landing: 1.2558122798800468
  view-data: 3.5418324591591954
