times:
  edit-metadata: 1.4728921875357628
  landing: 0.8499290160834789
  view-data: 3.353973839432001
