times:
  edit-metadata: 1.5006914492696524
  landing: 0.842588884755969
  view-data: 3.393047678284347
