times:
  edit-metadata: 1.7223302405327559
  landing: 0.9621947016566992
  view-data: 3.287977498024702
