times:
  edit-metadata: 1.501295878086239
  landing: 0.8363842340186238
  view-data: 3.3227779208682477
