times:
  edit-metadata: 1.5557562727481127
  landing: 0.7737613469362259
  view-data: 3.38706068508327
