times:
  edit-metadata: 1.5549938189797103
  landing: 1.0083621125668287
  view-data: 3.3884130530059338
