times:
  edit-metadata: 1.896337117999792
  landing: 1.22008041664958
  view-data: 3.402534406632185
