times:
  edit-metadata: 1.4472544025629759
  landing: 0.8345658723264933
  view-data: 3.3838314712047577
