times:
  edit-metadata: 1.4388971636071801
  landing: 0.8696464542299509
  view-data: 3.427900700829923
