times:
  edit-metadata: 1.4616703307256103
  landing: 0.8437834298238158
  view-data: 3.48855019826442
