times:
  edit-metadata: 1.950946606695652
  landing: 1.3908216878771782
  view-data: 3.4284470975399017
