times:
  edit-metadata: 1.521631732583046
  landing: 0.8671128079295158
  view-data: 3.4730258341878653
