times:
  edit-metadata: 1.5950391478836536
  landing: 0.9773361869156361
  view-data: 3.398817654699087
