times:
  edit-metadata: 1.7285485416650772
  landing: 1.0090188160538673
  view-data: 3.33269215375185
