times:
  edit-metadata: 1.4381119552999735
  landing: 0.8635548669844866
  view-data: 3.3874967638403177
