times:
  edit-metadata: 1.4581349268555641
  landing: 0.8500113729387522
  view-data: 3.4339952636510134
