times:
  edit-metadata: 1.5609881319105625
  landing: 0.777881070971489
  view-data: 3.422336997464299
