times:
  edit-metadata: 2.1967271380126476
  landing: 1.3639437817037106
  view-data: 3.414446260780096
