times:
  edit-metadata: 1.4124010661616921
  landing: 0.7788709374144673
  view-data: 3.3847611229866743
