times:
  edit-metadata: 1.420527696609497
  landing: 0.8127972297370434
  view-data: 3.4055823367089033
