times:
  edit-metadata: 1.5159637778997421
  landing: 0.9022016525268555
  view-data: 3.356605052947998
