times:
  edit-metadata: 1.6507936790585518
  landing: 0.8289558049291372
  view-data: 3.446982292458415
