times:
  edit-metadata: 1.3838283531367779
  landing: 0.9260789304971695
  view-data: 3.362393207848072
