times:
  edit-metadata: 1.570327814668417
  landing: 0.976355392485857
  view-data: 3.43229852989316
