times:
  edit-metadata: 1.439050940796733
  landing: 0.9129849909804761
  view-data: 3.3074584319256246
