times:
  edit-metadata: 1.6901280119782314
  landing: 1.2808732039993629
  view-data: 3.3144904139917344
