times:
  edit-metadata: 1.662603317759931
  landing: 1.150103191845119
  view-data: 3.2895994912832975
