times:
  edit-metadata: 1.484621874988079
  landing: 0.9738773480057716
  view-data: 3.362029030919075
