times:
  edit-metadata: 1.5718742199242115
  landing: 0.7721093278378248
  view-data: 3.382394539192319
