times:
  edit-metadata: 1.566289272159338
  landing: 0.9352426417171955
  view-data: 3.3518256098031998
