times:
  edit-metadata: 2.417648274451494
  landing: 1.7778498344123363
  view-data: 3.381717188283801
