times:
  edit-metadata: 1.460225046845153
  landing: 0.8180693290196359
  view-data: 3.4186209870968014
