times:
  edit-metadata: 1.893766138702631
  landing: 1.2021078653633595
  view-data: 3.4137586019933224
