times:
  edit-metadata: 1.5947918388992548
  landing: 0.8226287942379713
  view-data: 3.40848645567894
