times:
  edit-metadata: 1.5215501938946545
  landing: 0.857220547972247
  view-data: 3.4489853559061885
