times:
  edit-metadata: 1.492935243062675
  landing: 0.8115853238850832
  view-data: 3.3345727920532227
