times:
  edit-metadata: 1.465314512141049
  landing: 0.9155936390161514
  view-data: 3.33518757391721
