times:
  edit-metadata: 1.2078952619922347
  landing: 0.20272167201619595
  view-data: 0.2273281030356884
