times:
  edit-metadata: 1.4085085280239582
  landing: 0.8717484921216965
  view-data: 3.4146775379776955
