times:
  edit-metadata: 1.412455739453435
  landing: 0.747911037877202
  view-data: 3.3039016537368298
