times:
  edit-metadata: 1.497749850153923
  landing: 0.957512628287077
  view-data: 3.336587017402053
