times:
  edit-metadata: 1.9645719025284052
  landing: 1.0863778991624713
  view-data: 3.5131246941164136
