times:
  edit-metadata: 1.478407122194767
  landing: 0.8590414747595787
  view-data: 3.3657986307516694
