times:
  edit-metadata: 1.6220272984355688
  landing: 0.8395913485437632
  view-data: 3.404546979814768
