times:
  edit-metadata: 1.3972386410459876
  landing: 0.8054993741679937
  view-data: 3.353667689021677
