times:
  edit-metadata: 1.4098944133147597
  landing: 5.533362343907356
  view-data: 3.2863396210595965
