times:
  edit-metadata: 1.451452175155282
  landing: 0.9037817735224962
  view-data: 3.382542449980974
