times:
  edit-metadata: 1.4556123483926058
  landing: 0.821164121851325
  view-data: 3.3909240663051605
