times:
  edit-metadata: 1.4556184788234532
  landing: 0.8567769438959658
  view-data: 3.3489499180577695
