times:
  edit-metadata: 1.731761321425438
  landing: 1.0364287085831165
  view-data: 3.695913903415203
