times:
  edit-metadata: 1.4949617150705308
  landing: 0.9320588358677924
  view-data: 3.523802794981748
