times:
  edit-metadata: 1.5202893745154142
  landing: 0.7818416226655245
  view-data: 3.3644794560968876
