times:
  edit-metadata: 1.6192276068031788
  landing: 0.7677324023097754
  view-data: 3.417904833331704
