times:
  edit-metadata: 1.5248832646757364
  landing: 0.8208597153425217
  view-data: 3.275876920670271
