times:
  edit-metadata: 1.6102122776210308
  landing: 0.943202055990696
  view-data: 3.3681027106940746
