times:
  edit-metadata: 1.529210301116109
  landing: 0.8562131132930517
  view-data: 3.431102804839611
