times:
  edit-metadata: 1.437079343944788
  landing: 0.862666841596365
  view-data: 3.286168821156025
