times:
  edit-metadata: 1.404913335107267
  landing: 0.7981677260249853
  view-data: 3.366386945359409
