times:
  edit-metadata: 1.4847235083580017
  landing: 0.8784111943095922
  view-data: 3.398828135803342
