times:
  edit-metadata: 1.5763500854372978
  landing: 1.0174304135143757
  view-data: 3.4565686471760273
