times:
  edit-metadata: 1.5430909059941769
  landing: 1.099146455526352
  view-data: 3.3909603022038937
