times:
  edit-metadata: 1.5586054734885693
  landing: 0.9680896885693073
  view-data: 3.380331564694643
