times:
  edit-metadata: 1.5732014030218124
  landing: 0.8524169102311134
  view-data: 3.3193466886878014
