times:
  edit-metadata: 1.6785529665648937
  landing: 1.0005286671221256
  view-data: 3.414180051535368
