times:
  edit-metadata: 1.5394697990268469
  landing: 0.731824466958642
  view-data: 3.301156736910343
