times:
  edit-metadata: 1.4508794681169093
  landing: 0.8195285811088979
  view-data: 3.7372013460844755
