times:
  edit-metadata: 1.6265740543603897
  landing: 0.9699337221682072
  view-data: 3.3524723015725613
