times:
  edit-metadata: 2.0319888279773295
  landing: 1.0348822167143226
  view-data: 3.455841267015785
