times:
  edit-metadata: 1.5103780329227448
  landing: 0.9920109510421753
  view-data: 3.6488033458590508
