times:
  edit-metadata: 1.4421530943363905
  landing: 0.7006579656153917
  view-data: 3.3470452167093754
