times:
  edit-metadata: 1.5149654038250446
  landing: 0.811403501778841
  view-data: 3.4431637041270733
