times:
  edit-metadata: 1.5465397890657187
  landing: 0.7827303782105446
  view-data: 3.3825797718018293
