times:
  edit-metadata: 1.4108717311173677
  landing: 0.8285186747089028
  view-data: 3.4032568130642176
