times:
  edit-metadata: 1.7013445869088173
  landing: 1.1420076275244355
  view-data: 3.4322742642834783
