times:
  edit-metadata: 1.3306430790107697
  landing: 0.8238124980125576
  view-data: 3.359896454960108
