times:
  edit-metadata: 1.536303088068962
  landing: 0.842213336378336
  view-data: 3.4133343026041985
