times:
  edit-metadata: 1.4334644749760628
  landing: 0.9675904288887978
  view-data: 3.3301344849169254
