times:
  edit-metadata: 1.6281890608370304
  landing: 1.2974710762500763
  view-data: 3.4444949626922607
