times:
  edit-metadata: 1.5462520010769367
  landing: 0.7804081961512566
  view-data: 3.411404635757208
