times:
  edit-metadata: 1.3471498349681497
  landing: 0.8590837731026113
  view-data: 3.3739335630089045
