times:
  edit-metadata: 1.7386082597076893
  landing: 1.0321002779528499
  view-data: 3.362331761047244
