times:
  edit-metadata: 1.758810954168439
  landing: 0.9263182245194912
  view-data: 3.4027686808258295
