times:
  edit-metadata: 1.5334877017885447
  landing: 0.7682542689144611
  view-data: 3.372257648035884
