times:
  edit-metadata: 1.5355018768459558
  landing: 0.866709123365581
  view-data: 3.35770929325372
