times:
  edit-metadata: 1.4642745666205883
  landing: 1.0091501958668232
  view-data: 3.347480695694685
