times:
  edit-metadata: 1.5835336539894342
  landing: 0.8225009795278311
  view-data: 3.3596099503338337
