times:
  edit-metadata: 1.3845100402832031
  landing: 0.7200276665389538
  view-data: 3.2745121233165264
