times:
  edit-metadata: 1.5808052122592926
  landing: 0.8352477326989174
  view-data: 3.4200929328799248
