times:
  edit-metadata: 2.172608822584152
  landing: 1.3639746624976397
  view-data: 3.61959654930979
