times:
  edit-metadata: 1.5964243952184916
  landing: 0.822921883314848
  view-data: 3.4291392769664526
