times:
  edit-metadata: 1.5502769609447569
  landing: 0.9432083939900622
  view-data: 3.348553976044059
