times:
  edit-metadata: 1.5622528968378901
  landing: 0.8517981991171837
  view-data: 3.321874567773193
