times:
  edit-metadata: 1.4892067443579435
  landing: 0.9011159315705299
  view-data: 3.2803966216742992
