times:
  edit-metadata: 1.4882140215486288
  landing: 0.9554367288947105
  view-data: 3.317875660955906
