times:
  edit-metadata: 1.4833431080915034
  landing: 1.0098797623068094
  view-data: 3.4416293031536043
