times:
  edit-metadata: 1.3794794045388699
  landing: 0.7484288066625595
  view-data: 3.2687051482498646
