times:
  edit-metadata: 1.343644187785685
  landing: 0.8287173854187131
  view-data: 3.3945702435448766
