times:
  edit-metadata: 1.9543491341173649
  landing: 1.1340824142098427
  view-data: 3.436830695718527
