times:
  edit-metadata: 1.5977871548384428
  landing: 0.8514784462749958
  view-data: 3.3918475303798914
