times:
  edit-metadata: 1.5043251104652882
  landing: 0.939978577196598
  view-data: 3.3901709504425526
