times:
  edit-metadata: 2.067684283480048
  landing: 1.2887605912983418
  view-data: 3.4441588427871466
