times:
  edit-metadata: 1.5432040244340897
  landing: 0.7829480841755867
  view-data: 3.406095787882805
