times:
  edit-metadata: 1.8749615848064423
  landing: 1.112161062657833
  view-data: 3.3614442832767963
