times:
  edit-metadata: 1.4692214708775282
  landing: 0.834074473939836
  view-data: 3.374790302477777
