times:
  edit-metadata: 1.564280677586794
  landing: 0.8373293876647949
  view-data: 3.4310763105750084
