times:
  edit-metadata: 1.412019845098257
  landing: 0.8783926405012608
  view-data: 3.3678088039159775
