times:
  edit-metadata: 1.4500734508037567
  landing: 0.9032643996179104
  view-data: 3.29112958163023
