times:
  edit-metadata: 1.553059533238411
  landing: 0.9495439473539591
  view-data: 3.449030065909028
