times:
  edit-metadata: 1.4443965554237366
  landing: 1.0380087420344353
  view-data: 3.4196576103568077
