times:
  edit-metadata: 1.4493032358586788
  landing: 0.9270533584058285
  view-data: 3.3469157703220844
