times:
  edit-metadata: 1.6101130209863186
  landing: 0.8229980394244194
  view-data: 3.3509696312248707
