times:
  edit-metadata: 1.5307865217328072
  landing: 0.8620832115411758
  view-data: 3.375521034002304
