times:
  edit-metadata: 1.7546956166625023
  landing: 1.0350187458097935
  view-data: 3.4313434176146984
