times:
  edit-metadata: 1.6114581860601902
  landing: 0.8620928078889847
  view-data: 3.364972535520792
