times:
  edit-metadata: 1.5331778302788734
  landing: 0.9876927882432938
  view-data: 3.3559790141880512
