times:
  edit-metadata: 2.1978356204926968
  landing: 0.9395475015044212
  view-data: 3.296904783695936
