times:
  edit-metadata: 1.5395665988326073
  landing: 0.8519368134438992
  view-data: 3.3739631921052933
