times:
  edit-metadata: 1.473819687962532
  landing: 0.8034414574503899
  view-data: 3.327467041090131
