times:
  edit-metadata: 1.3742535198107362
  landing: 0.8216906429734081
  view-data: 3.360839845845476
