times:
  edit-metadata: 1.459643380716443
  landing: 0.8394098049029708
  view-data: 3.4230579286813736
