times:
  edit-metadata: 1.5900069251656532
  landing: 0.8655446320772171
  view-data: 3.310969654470682
