times:
  edit-metadata: 1.4343764381483197
  landing: 0.8165791472420096
  view-data: 3.3977552615106106
