times:
  edit-metadata: 1.5750073119997978
  landing: 0.8255245313048363
  view-data: 3.4275848492980003
