times:
  edit-metadata: 1.9786729272454977
  landing: 1.0327203292399645
  view-data: 3.556879854761064
