times:
  edit-metadata: 1.5368061177432537
  landing: 0.8129035532474518
  view-data: 3.3165377862751484
