times:
  edit-metadata: 1.4782303869724274
  landing: 0.778141763061285
  view-data: 3.280850764364004
