times:
  edit-metadata: 1.5552075961604714
  landing: 1.3811114747077227
  view-data: 0.6305323988199234
