times:
  edit-metadata: 1.454578461125493
  landing: 0.8187391590327024
  view-data: 3.311031287536025
