times:
  edit-metadata: 1.5204909443855286
  landing: 0.8331432342529297
  view-data: 3.393011335283518
