times:
  edit-metadata: 1.7248604968190193
  landing: 0.8196478802710772
  view-data: 3.3621720764786005
