times:
  edit-metadata: 1.604858674108982
  landing: 1.0121096037328243
  view-data: 3.3509862683713436
