times:
  edit-metadata: 1.4372623711824417
  landing: 0.9184859842061996
  view-data: 3.4193705283105373
