times:
  edit-metadata: 2.1950561851263046
  landing: 1.0610143207013607
  view-data: 3.2776983864605427
