times:
  edit-metadata: 1.4492108635604382
  landing: 0.935189962387085
  view-data: 3.3670989833772182
