times:
  edit-metadata: 1.552742101252079
  landing: 0.9117047972977161
  view-data: 3.3631420619785786
