times:
  edit-metadata: 1.5298444330692291
  landing: 0.8633868880569935
  view-data: 3.3532691970467567
