times:
  edit-metadata: 1.3404018301516771
  landing: 0.7793224109336734
  view-data: 3.3766391230747104
