times:
  edit-metadata: 1.482964150607586
  landing: 0.787250641733408
  view-data: 3.2781153358519077
