times:
  edit-metadata: 2.213115680962801
  landing: 1.1648822166025639
  view-data: 3.4324365109205246
