times:
  edit-metadata: 1.3838116843253374
  landing: 0.8413710221648216
  view-data: 3.387430508621037
