times:
  edit-metadata: 1.4515539966523647
  landing: 20.066483195871115
  view-data: 3.2878700606524944
