times:
  edit-metadata: 1.4989779889583588
  landing: 0.8454283718019724
  view-data: 3.4054339434951544
