times:
  edit-metadata: 1.5857408698648214
  landing: 0.8425189312547445
  view-data: 3.406672080978751
