times:
  edit-metadata: 1.6952955406159163
  landing: 0.9822104591876268
  view-data: 3.5221665427088737
