times:
  edit-metadata: 2.287152588367462
  landing: 1.2819331474602222
  view-data: 3.585629351437092
