times:
  edit-metadata: 1.3839066810905933
  landing: 0.8000164292752743
  view-data: 3.2623368464410305
