times:
  edit-metadata: 1.5580610930919647
  landing: 0.803927231580019
  view-data: 3.467436848208308
