times:
  edit-metadata: 1.680075440555811
  landing: 0.926032368093729
  view-data: 3.3591338545084
