times:
  edit-metadata: 1.4272257052361965
  landing: 0.9097044989466667
  view-data: 3.3402939587831497
