times:
  edit-metadata: 1.3479718416929245
  landing: 0.8178813941776752
  view-data: 3.3382911384105682
