times:
  edit-metadata: 1.6015187045559287
  landing: 1.0667697181925178
  view-data: 3.4357365369796753
