times:
  edit-metadata: 1.6243827268481255
  landing: 0.7898438069969416
  view-data: 3.4122809879481792
