times:
  edit-metadata: 1.373464502976276
  landing: 0.7814258619910106
  view-data: 3.3729662819532678
