times:
  edit-metadata: 1.5510113071650267
  landing: 0.9815965201705694
  view-data: 3.3908700551837683
