times:
  edit-metadata: 1.6396960895508528
  landing: 0.9013333003968
  view-data: 3.449080217629671
