times:
  edit-metadata: 1.8991152942180634
  landing: 1.3138057589530945
  view-data: 3.4060622081160545
