times:
  edit-metadata: 1.5913025233894587
  landing: 0.8265463132411242
  view-data: 3.385037023574114
