times:
  edit-metadata: 1.5632637813687325
  landing: 0.9202660694718361
  view-data: 3.317192245274782
