times:
  edit-metadata: 1.5497528687119484
  landing: 0.8484639264643192
  view-data: 3.4140779078006744
