times:
  edit-metadata: 1.5532577112317085
  landing: 0.9686549343168736
  view-data: 3.4092565178871155
