times:
  edit-metadata: 1.6460190452635288
  landing: 0.924126386642456
  view-data: 3.3032632656395435
