times:
  edit-metadata: 1.543808102607727
  landing: 0.8399894181638956
  view-data: 3.4297328237444162
