times:
  edit-metadata: 1.6937643438577652
  landing: 0.9870557598769665
  view-data: 3.546223897486925
