times:
  edit-metadata: 1.7306940220296383
  landing: 1.099863212555647
  view-data: 3.42780701816082
