times:
  edit-metadata: 1.6382118090987206
  landing: 1.0488897673785686
  view-data: 3.351415865123272
