times:
  edit-metadata: 1.4483029143884778
  landing: 0.9559337645769119
  view-data: 3.3550466736778617
