times:
  edit-metadata: 1.395387209020555
  landing: 0.8325585746206343
  view-data: 3.291019874624908
