times:
  edit-metadata: 1.4871082470053807
  landing: 0.8667365880683064
  view-data: 3.3178854510188103
