times:
  edit-metadata: 1.6372659355401993
  landing: 0.8457661457359791
  view-data: 3.360102068632841
