times:
  edit-metadata: 3.3527378365397453
  landing: 1.156504362821579
  view-data: 3.590101409703493
