times:
  edit-metadata: 1.423452319111675
  landing: 0.8204937879927456
  view-data: 3.408886779099703
