times:
  edit-metadata: 1.7050661041866988
  landing: 0.978180635953322
  view-data: 3.4560952989850193
