times:
  edit-metadata: 1.564626844599843
  landing: 0.9086278788745403
  view-data: 3.4650326687842607
