times:
  edit-metadata: 0.7473299179691821
  landing: 0.04611969692632556
  view-data: 0.19115437590517104
