times:
  landing: 0.560822791000021
  view-data: 0.5701711380000063
