times:
  edit-metadata: 0.6152038648724556
  landing: 0.06256769225001335
  view-data: 0.1980404481291771
