times:
  landing: 1.581638307999981
  view-data: 0.5471598550000181
