times:
  edit-metadata: 1.708101263269782
  landing: 0.02128131501376629
  view-data: 0.024889894761145115
