times:
  edit-metadata: 1.528054129332304
  landing: 0.018866825848817825
  view-data: 0.023151084780693054
