times:
  edit-metadata: 1.345648375339806
  landing: 0.2280442165210843
  view-data: 0.4801156762987375
