times:
  landing: 1.0898202109999602
  view-data: 0.5634956220000049
