times:
  landing: 0.5485485089999997
  view-data: 0.555009106
