times:
  edit-metadata: 1.3194877123460174
  landing: 0.221099897287786
  view-data: 0.14024187065660954
