times:
  edit-metadata: 0.43343011988326907
  landing: 0.04519292991608381
  view-data: 0.1860465668141842
