times:
  landing: 0.5501368049999655
  view-data: 0.5541239359999963
