times:
  edit-metadata: 1.669610969722271
  landing: 0.9498789384961128
  view-data: 3.32143659517169
