times:
  edit-metadata: 1.3194071128964424
  landing: 1.09018134791404
  view-data: 3.3167497450485826
