times:
  edit-metadata: 1.5124782836064696
  landing: 0.703932692296803
  view-data: 3.3742768885567784
