times:
  edit-metadata: 0.4889105847105384
  landing: 0.08311612205579877
  view-data: 0.22796976380050182
