times:
  edit-metadata: 1.29663191922009
  landing: 0.1897984417155385
  view-data: 0.026248364709317684
