times:
  edit-metadata: 0.4897612761706114
  landing: 1.085974358022213
  view-data: 0.5870778225362301
