times:
  edit-metadata: 0.429126046015881
  landing: 0.06858351000119
  view-data: 0.21236669993959367
