times:
  landing: 0.5506941200001165
  view-data: 0.5528482750005423
