times:
  edit-metadata: 1.582865258678794
  landing: 0.8070547394454479
  view-data: 3.412005165591836
