times:
  edit-metadata: 1.2944100862368941
  landing: 0.12106533534824848
  view-data: 0.027093020267784595
