times:
  edit-metadata: 0.5436980072408915
  landing: 0.6408762633800507
  view-data: 0.2978330571204424
