times:
  edit-metadata: 0.6305318151134998
  landing: 0.05363567592576146
  view-data: 0.1979737828951329
