times:
  edit-metadata: 0.5991864260286093
  landing: 1.2654017880558968
  view-data: 0.2860107533633709
