times:
  edit-metadata: 0.5552919041365385
  landing: 2.423962952569127
  view-data: 0.5380043610930443
