times:
  edit-metadata: 0.41353188594803214
  landing: 0.07092301989905536
  view-data: 0.19824143615551293
