times:
  edit-metadata: 1.584849063307047
  landing: 0.9128011874854565
  view-data: 3.3901246935129166
