times:
  edit-metadata: 0.5239083953201771
  landing: 0.05324738472700119
  view-data: 0.18591992929577827
