times:
  edit-metadata: 1.5574365835636854
  landing: 0.88306500390172
  view-data: 3.3858140017837286
