times:
  edit-metadata: 0.5404891148209572
  landing: 0.049573763739317656
  view-data: 0.19133544014766812
