times:
  edit-metadata: 1.3349138498306274
  landing: 0.15665332227945328
  view-data: 0.2270427132025361
