times:
  edit-metadata: 1.4184155529364944
  landing: 0.24114282242953777
  view-data: 0.023685291409492493
