times:
  edit-metadata: 1.5286554866470397
  landing: 0.8210415970534086
  view-data: 3.3009277107194066
