times:
  edit-metadata: 1.5585279688239098
  landing: 0.774364311248064
  view-data: 3.3949385285377502
