times:
  edit-metadata: 1.2903904849663377
  landing: 0.02014125417917967
  view-data: 0.025071721524000168
