times:
  edit-metadata: 1.5536523777991533
  landing: 0.1550584938377142
  view-data: 0.27807415649294853
