times:
  edit-metadata: 1.5180834643542767
  landing: 0.8430068660527468
  view-data: 3.365211008116603
