times:
  edit-metadata: 0.6270828370470554
  landing: 0.0435614149319008
  view-data: 0.32345491310115904
