times:
  edit-metadata: 0.6071454342454672
  landing: 0.5771885439753532
  view-data: 0.19503036327660084
