times:
  edit-metadata: 1.4662911798804998
  landing: 0.7113265972584486
  view-data: 3.395099701359868
