times:
  edit-metadata: 0.6447521448135376
  landing: 0.05036460096016526
  view-data: 0.193395190872252
