times:
  edit-metadata: 1.3344095144420862
  landing: 0.1499327477067709
  view-data: 0.32855269126594067
