times:
  edit-metadata: 0.4519939636811614
  landing: 0.07383047696202993
  view-data: 0.19700977392494678
