times:
  edit-metadata: 0.4965961269917898
  landing: 0.07236822598497383
  view-data: 0.28825090601458214
