times:
  landing: 0.5576283689999855
  view-data: 0.05201288399996429
