times:
  edit-metadata: 0.5082324780523777
  landing: 0.053241990972310305
  view-data: 0.21281458297744393
