times:
  edit-metadata: 0.6275361379957758
  landing: 0.03952547399967443
  view-data: 0.19204612700559665
