times:
  edit-metadata: 0.6601037210784853
  landing: 0.05322285695001483
  view-data: 0.1893186499364674
