times:
  edit-metadata: 0.4810729338787496
  landing: 0.04495244566351175
  view-data: 0.20027466490864754
