times:
  landing: 0.5395601280000619
  view-data: 0.5434508250000363
