times:
  edit-metadata: 0.6498757000081241
  landing: 0.050571716972626746
  view-data: 0.20377851004013792
