times:
  edit-metadata: 1.5725854374468327
  landing: 0.7172060124576092
  view-data: 3.417687252163887
