times:
  edit-metadata: 0.5076136289862916
  landing: 0.07213484001113102
  view-data: 0.21812649897765368
