times:
  landing: 0.5449490699999728
  view-data: 0.5458004829999936
