times:
  edit-metadata: 1.5981502421200275
  landing: 0.885893203318119
  view-data: 3.3461374677717686
