times:
  edit-metadata: 1.4280145857483149
  landing: 0.02117670327425003
  view-data: 0.022838281467556953
