times:
  edit-metadata: 1.2853036057204008
  landing: 0.019678463228046894
  view-data: 0.026429654099047184
