times:
  edit-metadata: 0.8987765423953533
  landing: 0.5499581284821033
  view-data: 0.19491376541554928
