times:
  edit-metadata: 1.3884788695722818
  landing: 0.19091601483523846
  view-data: 0.27958493679761887
