times:
  edit-metadata: 2.2261009998619556
  landing: 1.2932076454162598
  view-data: 3.4677342735230923
