times:
  edit-metadata: 0.6308572439011186
  landing: 0.050814238958992064
  view-data: 0.19596176990307868
