times:
  edit-metadata: 0.5255549177527428
  landing: 0.5806761030107737
  view-data: 0.5801099389791489
