times:
  edit-metadata: 0.4982631109887734
  landing: 0.0770112890022574
  view-data: 0.21561508299782872
