times:
  edit-metadata: 1.5292122475802898
  landing: 0.8233339041471481
  view-data: 3.3440472166985273
