times:
  edit-metadata: 0.5007316609844565
  landing: 0.06174852594267577
  view-data: 0.21448561898432672
