times:
  edit-metadata: 1.296712663024664
  landing: 0.1584441065788269
  view-data: 0.14729917235672474
