times:
  edit-metadata: 2.13988308981061
  landing: 1.1569032706320286
  view-data: 3.5266505293548107
