times:
  edit-metadata: 0.41652254294604063
  landing: 0.06617335800547153
  view-data: 0.20792756392620504
