times:
  edit-metadata: 1.521965105086565
  landing: 0.7515943590551615
  view-data: 3.4218488316982985
