times:
  edit-metadata: 0.6182511411607265
  landing: 0.05866442108526826
  view-data: 0.19168490823358297
