times:
  landing: 1.0744265120000023
  view-data: 0.5562803519999875
