times:
  edit-metadata: 1.3233010647818446
  landing: 0.1923789670690894
  view-data: 0.22883230820298195
