times:
  edit-metadata: 0.47464026790112257
  landing: 0.04210599418729544
  view-data: 0.2023251624777913
