times:
  edit-metadata: 0.43378282710909843
  landing: 0.044523191172629595
  view-data: 0.20715382881462574
