times:
  landing: 1.062992071999986
  view-data: 0.5465117889999931
