times:
  edit-metadata: 0.5159998089075089
  landing: 0.04812411218881607
  view-data: 0.1878601647913456
