times:
  edit-metadata: 1.563699210062623
  landing: 0.7664835881441832
  view-data: 3.400946704670787
