times:
  edit-metadata: 0.49398158118128777
  landing: 0.05237964913249016
  view-data: 0.1953500211238861
