times:
  edit-metadata: 1.4926797980442643
  landing: 1.4385912788566202
  view-data: 4.20300283189863
