times:
  edit-metadata: 1.499389462172985
  landing: 0.017869673669338226
  view-data: 0.3247962258756161
