times:
  edit-metadata: 1.601273238658905
  landing: 1.0185196623206139
  view-data: 3.347835697233677
