times:
  edit-metadata: 2.072902202606201
  landing: 1.26561120711267
  view-data: 3.7882701689377427
