times:
  edit-metadata: 1.390080787241459
  landing: 0.787054879590869
  view-data: 3.3352661915123463
