times:
  edit-metadata: 1.5473197475075722
  landing: 0.6729795355349779
  view-data: 3.332762122154236
