times:
  landing: 0.5466874259999486
  view-data: 0.5497749759999806
