times:
  edit-metadata: 1.3359766099601984
  landing: 0.023998722434043884
  view-data: 0.10225754417479038
