times:
  edit-metadata: 0.49387967959046364
  landing: 0.053298112004995346
  view-data: 0.20428652688860893
