times:
  edit-metadata: 0.5093611404299736
  landing: 0.052569471299648285
  view-data: 0.20045769214630127
