times:
  edit-metadata: 1.28188849799335
  landing: 0.1960141146555543
  view-data: 0.024422061629593372
