times:
  edit-metadata: 0.6014577290043235
  landing: 0.05811495194211602
  view-data: 0.19112571701407433
