times:
  edit-metadata: 1.4949307069182396
  landing: 0.8358472473919392
  view-data: 3.3656172044575214
