times:
  edit-metadata: 2.192166320979595
  landing: 1.1039279662072659
  view-data: 3.464535802602768
