times:
  edit-metadata: 0.4206759068183601
  landing: 0.043011188972741365
  view-data: 0.2062525963410735
