times:
  edit-metadata: 1.5372676886618137
  landing: 0.8129333853721619
  view-data: 3.3925425559282303
