times:
  edit-metadata: 0.63714992813766
  landing: 0.055508334655314684
  view-data: 0.19422749429941177
