times:
  edit-metadata: 1.666228048503399
  landing: 1.0866103246808052
  view-data: 3.445413377135992
