times:
  landing: 0.5508287020000182
  view-data: 0.5537077369999679
