times:
  edit-metadata: 1.3596225380897522
  landing: 0.14693633280694485
  view-data: 0.5183826116845012
