times:
  edit-metadata: 0.4209118290164042
  landing: 0.062288179993629456
  view-data: 0.21291494500474073
