times:
  edit-metadata: 0.6079830629751086
  landing: 0.04829757008701563
  view-data: 0.1946452429983765
