times:
  edit-metadata: 0.4237335050711408
  landing: 0.06510357197839767
  view-data: 0.22786265099421144
