times:
  edit-metadata: 1.2798601957038045
  landing: 0.020021135918796062
  view-data: 0.4570572208613157
