times:
  landing: 0.5478050359999997
  view-data: 0.5536391789999584
