times:
  edit-metadata: 1.3808386847376823
  landing: 0.146444670855999
  view-data: 0.32447415217757225
