times:
  edit-metadata: 1.2970204260200262
  landing: 0.11284739430993795
  view-data: 0.02510212454944849
