times:
  edit-metadata: 0.6238742088899016
  landing: 0.046463411999866366
  view-data: 0.31059563299641013
