times:
  landing: 0.5531435609999562
  view-data: 0.5629618710000273
