times:
  edit-metadata: 0.6485384919214994
  landing: 0.07696034596301615
  view-data: 0.18783318414352834
