times:
  landing: 0.5520836350000025
  view-data: 0.5637255579999874
