times:
  edit-metadata: 0.5908829078543931
  landing: 0.04888931196182966
  view-data: 0.18988322000950575
