times:
  landing: 1.0881466920000094
  view-data: 0.5536982230000262
