times:
  edit-metadata: 1.411724753677845
  landing: 0.042566897347569466
  view-data: 0.3272994887083769
