times:
  edit-metadata: 1.314961084164679
  landing: 0.021009061485528946
  view-data: 0.023957911878824234
