times:
  edit-metadata: 1.2860071584582329
  landing: 0.1762547567486763
  view-data: 0.2898188941180706
