times:
  edit-metadata: 0.5503353141248226
  landing: 0.7565468773245811
  view-data: 0.3093419075012207
