times:
  edit-metadata: 0.4231773861683905
  landing: 0.06561696296557784
  view-data: 0.2175634652376175
