times:
  edit-metadata: 0.44233223400078714
  landing: 0.06327969394624233
  view-data: 0.2169540049508214
