times:
  edit-metadata: 1.382256201468408
  landing: 0.020668339915573597
  view-data: 0.3705839989706874
