times:
  edit-metadata: 1.500381913036108
  landing: 0.8028537817299366
  view-data: 3.306733710691333
