times:
  edit-metadata: 2.0209282701835036
  landing: 1.1350023662671447
  view-data: 3.3769544139504433
