times:
  edit-metadata: 0.8492975190747529
  landing: 0.06982215121388435
  view-data: 0.21669187094084918
