times:
  edit-metadata: 1.4934162013232708
  landing: 0.9196169041097164
  view-data: 3.3921567909419537
