times:
  landing: 0.551695914999982
  view-data: 0.564346305000015
