times:
  edit-metadata: 0.619863333995454
  landing: 0.05435672600287944
  view-data: 0.18483937499695458
