times:
  landing: 1.0768548899999928
  view-data: 0.5522424100000194
