times:
  landing: 0.5512713629999837
  view-data: 0.556997296999981
