times:
  edit-metadata: 0.4843318834900856
  landing: 0.6220087818801403
  view-data: 0.2956942990422249
