times:
  edit-metadata: 0.4900512080639601
  landing: 0.04678785242140293
  view-data: 0.19968395587056875
