times:
  edit-metadata: 1.4458012077957392
  landing: 0.7717297915369272
  view-data: 3.3172493409365416
