times:
  edit-metadata: 0.6260005850344896
  landing: 0.5070642810314894
  view-data: 0.1918190699070692
