times:
  edit-metadata: 0.5026250132359564
  landing: 0.05070799496024847
  view-data: 0.20538190891966224
