times:
  edit-metadata: 0.41879925201646984
  landing: 0.06664940691553056
  view-data: 0.2200002809986472
