times:
  landing: 0.5618629479999981
  view-data: 0.5605846450000058
