times:
  edit-metadata: 0.6148494658991694
  landing: 0.045150639954954386
  view-data: 0.1933971052058041
