times:
  landing: 0.5516779360000328
  view-data: 0.05067332800001623
