times:
  edit-metadata: 1.6381307505071163
  landing: 0.9052170068025589
  view-data: 3.385112836956978
