times:
  edit-metadata: 1.3474381752312183
  landing: 0.01922541670501232
  view-data: 0.12409546785056591
