times:
  edit-metadata: 0.5259894281625748
  landing: 0.05473721772432327
  view-data: 0.19674339517951012
