times:
  landing: 1.0771837230000187
  view-data: 0.5592610499999751
