times:
  edit-metadata: 0.44106148602440953
  landing: 0.04312417283654213
  view-data: 0.18974759802222252
