times:
  edit-metadata: 1.5528674703091383
  landing: 0.7679616399109364
  view-data: 3.391542872413993
