times:
  edit-metadata: 1.3892358532175422
  landing: 0.6981721548363566
  view-data: 3.275183130055666
