times:
  edit-metadata: 0.48677428625524044
  landing: 0.05180273950099945
  view-data: 0.19910550955682993
