times:
  edit-metadata: 0.4222669140435755
  landing: 0.06755112204700708
  view-data: 0.21306858607567847
