times:
  edit-metadata: 0.423527124337852
  landing: 0.06832552701234818
  view-data: 0.19878914719447494
