times:
  edit-metadata: 1.4824136749375612
  landing: 0.8351369588635862
  view-data: 3.3516594630200416
