times:
  edit-metadata: 1.4908276069909334
  landing: 0.7606020970270038
  view-data: 3.4092014925554395
