times:
  edit-metadata: 0.4149725630413741
  landing: 0.06879431195557117
  view-data: 0.2186331709381193
