times:
  edit-metadata: 0.5919852540828288
  landing: 0.048259872011840343
  view-data: 0.18782917712815106
