times:
  edit-metadata: 1.3056259099394083
  landing: 0.16786631383001804
  view-data: 0.38679863326251507
