times:
  edit-metadata: 1.351059970445931
  landing: 0.0222774650901556
  view-data: 0.02396376896649599
