times:
  edit-metadata: 0.5201703906059265
  landing: 1.0732480138540268
  view-data: 0.4010994751006365
