times:
  edit-metadata: 0.6163344229571521
  landing: 0.048213253263384104
  view-data: 0.19338082242757082
