times:
  landing: 0.5455265880000013
  view-data: 0.562375392000007
