times:
  landing: 0.6019488570000249
  view-data: 0.5633869800000184
