times:
  edit-metadata: 1.320650233887136
  landing: 0.022620956413447857
  view-data: 0.027572182938456535
