times:
  edit-metadata: 1.4730095528066158
  landing: 0.2186719998717308
  view-data: 0.16491303965449333
