times:
  edit-metadata: 1.3745602229610085
  landing: 0.14645346626639366
  view-data: 0.4743654206395149
