times:
  edit-metadata: 0.4290888790274039
  landing: 0.06728003500029445
  view-data: 0.21455963799962774
