times:
  edit-metadata: 0.6170050073415041
  landing: 0.3767552897334099
  view-data: 0.19559800252318382
