times:
  edit-metadata: 0.42760565830394626
  landing: 0.043119912035763264
  view-data: 0.19270468223839998
