times:
  edit-metadata: 0.524341706186533
  landing: 0.04674150049686432
  view-data: 0.19706915691494942
