times:
  edit-metadata: 1.5559383295476437
  landing: 0.7212667148560286
  view-data: 3.382443379610777
