times:
  edit-metadata: 1.3343665478751063
  landing: 0.021149695850908756
  view-data: 0.1340905549004674
