times:
  edit-metadata: 1.2849096190184355
  landing: 0.2133385520428419
  view-data: 0.4157838486135006
