times:
  landing: 0.5652688769999941
  view-data: 0.5612665620000143
