times:
  landing: 0.5494323960000429
  view-data: 0.5540966199999957
