times:
  edit-metadata: 1.4000935973599553
  landing: 0.023864002898335457
  view-data: 0.024695640429854393
