times:
  edit-metadata: 1.5617074109613895
  landing: 1.0524285323917866
  view-data: 3.433356385678053
