times:
  edit-metadata: 0.5071543240046594
  landing: 0.04257787700043991
  view-data: 0.1999838699994143
