times:
  edit-metadata: 1.3064543139189482
  landing: 0.20703862328082323
  view-data: 0.12100961711257696
