times:
  landing: 0.5644378240000378
  view-data: 0.5570395150000422
