times:
  edit-metadata: 1.5950254201889038
  landing: 0.7401758767664433
  view-data: 3.3544952366501093
