times:
  edit-metadata: 0.42328028898919
  landing: 0.0702052490087226
  view-data: 0.2102090629923623
