times:
  edit-metadata: 1.8466165531426668
  landing: 1.02501667663455
  view-data: 3.403673816472292
