times:
  edit-metadata: 0.6055441070348024
  landing: 0.046939361840486526
  view-data: 0.1858361167833209
