times:
  edit-metadata: 2.0495022665709257
  landing: 1.3380110710859299
  view-data: 3.6450103782117367
