times:
  edit-metadata: 0.44462608452886343
  landing: 0.04535140283405781
  view-data: 0.20459736604243517
