times:
  landing: 0.5757446540000046
  view-data: 0.5577825510000025
