times:
  landing: 1.0732584759999781
  view-data: 0.5543019870000307
