times:
  edit-metadata: 1.4698075987398624
  landing: 0.8285026773810387
  view-data: 3.2830944769084454
