times:
  edit-metadata: 1.344799056649208
  landing: 0.13364053145051003
  view-data: 0.028897671028971672
