times:
  edit-metadata: 0.42872376018203795
  landing: 0.07495320285670459
  view-data: 0.2089061930309981
