times:
  edit-metadata: 1.5136675271205604
  landing: 0.7600779109634459
  view-data: 3.3774826852604747
