times:
  edit-metadata: 0.5019608698785305
  landing: 0.04875280149281025
  view-data: 0.2063030218705535
