times:
  edit-metadata: 0.5742324721068144
  landing: 1.156136916950345
  view-data: 0.5218105427920818
