times:
  edit-metadata: 1.5845401138067245
  landing: 0.7484456226229668
  view-data: 3.408658917993307
