times:
  edit-metadata: 0.6036317188991234
  landing: 0.04480797494761646
  view-data: 0.19134970393497497
