times:
  edit-metadata: 0.43068009288981557
  landing: 0.043607693165540695
  view-data: 0.19426478631794453
