times:
  edit-metadata: 1.544950183480978
  landing: 0.7213614899665117
  view-data: 3.31341215595603
