times:
  edit-metadata: 0.4599901270121336
  landing: 0.04529555095359683
  view-data: 0.18995688389986753
