times:
  landing: 1.1112150269999574
  view-data: 0.5536017059999949
