times:
  edit-metadata: 0.5860961228609085
  landing: 0.5808815192431211
  view-data: 0.6058580130338669
