times:
  edit-metadata: 1.904944371432066
  landing: 0.17666123807430267
  view-data: 0.1387451384216547
