times:
  edit-metadata: 1.4779935665428638
  landing: 0.7024433687329292
  view-data: 3.2776400297880173
