times:
  landing: 1.0773282370000175
  view-data: 0.5496458779999784
