times:
  edit-metadata: 0.5706759616732597
  landing: 0.5710111744701862
  view-data: 0.589817238971591
