times:
  edit-metadata: 0.5681180208921432
  landing: 0.5768386833369732
  view-data: 0.5992796793580055
