times:
  edit-metadata: 0.6178617340046912
  landing: 0.04950010008178651
  view-data: 0.19244733499363065
