times:
  edit-metadata: 0.7522972403094172
  landing: 0.0708620660007
  view-data: 0.22125309193506837
