times:
  landing: 1.0680325819999439
  view-data: 0.5544129049999924
