times:
  edit-metadata: 0.43911561998538673
  landing: 0.06283689523115754
  view-data: 0.20200451696291566
