times:
  edit-metadata: 1.5271221958100796
  landing: 0.7850628159940243
  view-data: 3.3907765224575996
