times:
  edit-metadata: 0.987664707005024
  landing: 0.1062914349604398
  view-data: 0.2550896708853543
