times:
  edit-metadata: 1.6220395304262638
  landing: 0.022007044404745102
  view-data: 0.02528652921319008
