times:
  edit-metadata: 0.49136806797469035
  landing: 0.07069779298035428
  view-data: 0.22090230201138183
