times:
  landing: 0.5467201630000318
  view-data: 0.5534048960000177
