times:
  edit-metadata: 1.3913840614259243
  landing: 0.11360847763717175
  view-data: 0.024359123781323433
