times:
  edit-metadata: 1.4608378987759352
  landing: 0.022884503938257694
  view-data: 0.4119597505778074
