times:
  edit-metadata: 1.734501913189888
  landing: 0.3484449703246355
  view-data: 0.5281105786561966
