times:
  edit-metadata: 0.5598597433418036
  landing: 0.7740059550851583
  view-data: 0.30449859239161015
