times:
  landing: 0.5502876819999756
  view-data: 0.5502627799999118
