times:
  edit-metadata: 0.5233605238609016
  landing: 0.10401583695784211
  view-data: 0.3171044019982219
