times:
  edit-metadata: 0.5642800820060074
  landing: 0.07699242106173187
  view-data: 0.2224045539041981
