times:
  edit-metadata: 1.5361311193555593
  landing: 0.8043228834867477
  view-data: 3.433232130482793
