times:
  edit-metadata: 1.5363479666411877
  landing: 0.7945949928835034
  view-data: 3.5500170197337866
