times:
  edit-metadata: 0.5071243201382458
  landing: 0.10148524306714535
  view-data: 0.22925914637744427
