times:
  edit-metadata: 1.3036555526778102
  landing: 0.021276184357702732
  view-data: 0.024647576734423637
