times:
  edit-metadata: 0.6186448528897017
  landing: 0.0609205299988389
  view-data: 0.18985498789697886
