times:
  edit-metadata: 1.6031890399754047
  landing: 1.0027204006910324
  view-data: 3.4196288101375103
