times:
  edit-metadata: 1.4852326810359955
  landing: 0.8747154325246811
  view-data: 3.4070021510124207
