times:
  edit-metadata: 1.476870555896312
  landing: 0.7624225642066449
  view-data: 3.3535215267911553
