times:
  edit-metadata: 0.5078483549878001
  landing: 0.04742827359586954
  view-data: 0.2032432220876217
