times:
  landing: 0.552956096999992
  view-data: 0.559904400000022
