times:
  edit-metadata: 1.6028854716569185
  landing: 0.9095716327428818
  view-data: 3.4430066663771868
