times:
  edit-metadata: 0.4214863730594516
  landing: 0.06594725698232651
  view-data: 0.22360018105246127
