times:
  edit-metadata: 0.7569548899773508
  landing: 0.08448677603155375
  view-data: 0.20054181409068406
