times:
  edit-metadata: 0.5363345444202423
  landing: 0.04653650522232056
  view-data: 0.1940992958843708
