times:
  edit-metadata: 1.5957190915942192
  landing: 0.7963177021592855
  view-data: 3.3330484572798014
