times:
  edit-metadata: 0.40846600999793736
  landing: 0.05247512099595042
  view-data: 0.2088008840000839
