times:
  edit-metadata: 1.6819742117077112
  landing: 0.24139735102653503
  view-data: 0.34495812095701694
