times:
  edit-metadata: 1.2952830409631133
  landing: 0.020804465748369694
  view-data: 0.026124619878828526
