times:
  edit-metadata: 0.45727043505758047
  landing: 0.044192999601364136
  view-data: 0.1959382090717554
