times:
  edit-metadata: 0.6388583150692284
  landing: 0.05329602095298469
  view-data: 0.19002370187081397
