times:
  edit-metadata: 0.4198080119676888
  landing: 0.06569664389826357
  view-data: 0.3379011389333755
