times:
  edit-metadata: 0.6294355239951983
  landing: 0.04437678202521056
  view-data: 0.1794201409793459
