times:
  edit-metadata: 1.331747280433774
  landing: 0.23329901695251465
  view-data: 0.12627308443188667
