times:
  edit-metadata: 1.2445849478244781
  landing: 0.1494412710890174
  view-data: 0.02450171299278736
