times:
  edit-metadata: 1.4448824636638165
  landing: 0.9816037528216839
  view-data: 3.29481041431427
