times:
  edit-metadata: 0.542143389582634
  landing: 0.8428782150149345
  view-data: 0.20043864846229553
