times:
  landing: 0.5474081109999815
  view-data: 0.5471520969999801
