times:
  edit-metadata: 1.536487314850092
  landing: 0.8577036745846272
  view-data: 3.347224351018667
