times:
  edit-metadata: 1.3374332999810576
  landing: 0.018817923963069916
  view-data: 0.026584153063595295
