times:
  edit-metadata: 0.5103168460009329
  landing: 0.04755004799881135
  view-data: 0.1939073780013132
