times:
  landing: 1.0815813270000092
  view-data: 0.5592344829999831
