times:
  edit-metadata: 1.338860095012933
  landing: 1.092976233921945
  view-data: 3.291858283802867
