times:
  edit-metadata: 0.567494185641408
  landing: 0.8856767751276493
  view-data: 0.20700186491012573
