times:
  edit-metadata: 0.5917217936366796
  landing: 0.42032590508461
  view-data: 0.3302157372236252
