times:
  landing: 1.0753296240000054
  view-data: 0.5630017990000056
