times:
  edit-metadata: 1.3062680289149284
  landing: 0.1296203639358282
  view-data: 0.3656373303383589
