times:
  edit-metadata: 1.656614413484931
  landing: 0.827204380184412
  view-data: 3.3804248590022326
