times:
  edit-metadata: 1.6048866920173168
  landing: 0.8860719278454781
  view-data: 3.3261061408556998
