times:
  edit-metadata: 0.43732713209465146
  landing: 0.04444268997758627
  view-data: 0.1919926512055099
