times:
  edit-metadata: 0.4331492302007973
  landing: 0.0650785299949348
  view-data: 0.21380169689655304
