times:
  edit-metadata: 0.6095395579468459
  landing: 0.05054697603918612
  view-data: 0.19814206892624497
