times:
  edit-metadata: 0.4169761319644749
  landing: 0.050095191691070795
  view-data: 0.19228710839524865
