times:
  landing: 0.5486729280000304
  view-data: 0.5515523700000244
