times:
  edit-metadata: 1.5113018713891506
  landing: 0.9535371139645576
  view-data: 3.328376479446888
