times:
  edit-metadata: 1.4546222910284996
  landing: 0.7821852006018162
  view-data: 3.268915370106697
