times:
  edit-metadata: 1.354344556108117
  landing: 0.019719064235687256
  view-data: 0.23423537518829107
