times:
  edit-metadata: 0.5431926567107439
  landing: 0.7984641473740339
  view-data: 0.3064099233597517
