times:
  edit-metadata: 1.2997900666669011
  landing: 0.1155142392963171
  view-data: 0.13565037958323956
