times:
  edit-metadata: 1.2926198225468397
  landing: 0.020419209264218807
  view-data: 0.024098165333271027
