times:
  edit-metadata: 0.6081089209765196
  landing: 0.048872752115130424
  view-data: 0.18969248607754707
