times:
  edit-metadata: 1.471357125788927
  landing: 0.8825533539056778
  view-data: 3.418999057263136
