times:
  edit-metadata: 0.49994878843426704
  landing: 1.8354794010519981
  view-data: 0.4097944963723421
