times:
  edit-metadata: 0.47134933806955814
  landing: 0.05427470291033387
  view-data: 0.18985297437757254
