times:
  edit-metadata: 1.3326267842203379
  landing: 0.14370529167354107
  view-data: 0.13619116507470608
