times:
  edit-metadata: 0.43560812110081315
  landing: 0.06811692798510194
  view-data: 0.20849863602779806
