times:
  landing: 0.5882882100000302
  view-data: 0.5565264039999533
