times:
  edit-metadata: 0.5476112626492977
  landing: 0.05366193503141403
  view-data: 0.1973569095134735
