times:
  edit-metadata: 1.4230714719742537
  landing: 0.19659916870296001
  view-data: 0.027190076187253
