times:
  edit-metadata: 1.4052856098860502
  landing: 0.250956229865551
  view-data: 0.34977872483432293
