times:
  edit-metadata: 1.3968082517385483
  landing: 0.8237186074256897
  view-data: 3.287667591124773
