times:
  edit-metadata: 1.3047873573377728
  landing: 0.01881286595016718
  view-data: 0.22846540063619614
