times:
  edit-metadata: 1.674900621175766
  landing: 1.1313692070543766
  view-data: 3.379714999347925
