times:
  edit-metadata: 0.6104894131422043
  landing: 0.5729775130748749
  view-data: 0.18722872249782085
