times:
  edit-metadata: 1.4947299966588616
  landing: 0.7676455862820148
  view-data: 3.4248037859797478
