times:
  edit-metadata: 1.705420758575201
  landing: 1.02657812833786
  view-data: 3.4787389412522316
