times:
  edit-metadata: 1.302305530756712
  landing: 0.21254885010421276
  view-data: 0.3099316917359829
