times:
  edit-metadata: 0.4253209801390767
  landing: 0.06637195707298815
  view-data: 0.21767028886824846
