times:
  edit-metadata: 0.4261703169904649
  landing: 0.06863726698793471
  view-data: 0.20056863606441766
