times:
  edit-metadata: 0.609811756759882
  landing: 0.042304585222154856
  view-data: 0.19456290593370795
