times:
  landing: 0.545279163999993
  view-data: 0.5507124609999892
