times:
  edit-metadata: 1.463233632966876
  landing: 0.019421013072133064
  view-data: 0.025948477908968925
