times:
  edit-metadata: 0.4111631561536342
  landing: 0.06876720301806927
  view-data: 0.20305304904468358
