times:
  edit-metadata: 0.4228733191266656
  landing: 0.06708418810740113
  view-data: 0.2010964450892061
