times:
  edit-metadata: 1.2869216427206993
  landing: 0.11849358770996332
  view-data: 0.024672241881489754
