times:
  landing: 0.6062843240000007
  view-data: 0.5534828660000244
