times:
  edit-metadata: 1.8131133189890534
  landing: 0.8339639710029587
  view-data: 3.311635738937184
