times:
  edit-metadata: 0.531125333160162
  landing: 0.5774699915200472
  view-data: 0.32690414786338806
