times:
  edit-metadata: 0.3977163699455559
  landing: 0.09578905603848398
  view-data: 0.20940817310474813
