times:
  edit-metadata: 0.5715203192085028
  landing: 0.5516209583729506
  view-data: 0.29912917874753475
