times:
  landing: 0.5589074879999316
  view-data: 0.552718882000022
