times:
  edit-metadata: 0.6511874799616635
  landing: 0.09415351692587137
  view-data: 0.21506584202870727
