times:
  edit-metadata: 1.7239290084689856
  landing: 0.023176316171884537
  view-data: 0.13651586137712002
