times:
  edit-metadata: 1.607319112867117
  landing: 0.883069358766079
  view-data: 3.4356200341135263
