times:
  landing: 0.5545837870000128
  view-data: 0.5559400220000157
