times:
  landing: 0.5623430309999549
  view-data: 0.5618058269999437
