times:
  edit-metadata: 1.3461222564801574
  landing: 0.19984686467796564
  view-data: 0.11977981217205524
