times:
  edit-metadata: 1.520083960145712
  landing: 0.7757981549948454
  view-data: 3.3578527215868235
