times:
  landing: 0.5530047020000097
  view-data: 0.5584842279999975
