times:
  edit-metadata: 0.5420887675136328
  landing: 0.5902122985571623
  view-data: 0.30034385062754154
