times:
  edit-metadata: 1.306349592283368
  landing: 0.0198361212387681
  view-data: 0.13927955273538828
