times:
  edit-metadata: 0.4139871601946652
  landing: 0.07060616789385676
  view-data: 0.2156226118095219
