times:
  edit-metadata: 0.5689094010740519
  landing: 0.5442991759628057
  view-data: 0.2006517145782709
