times:
  edit-metadata: 1.3427607538178563
  landing: 0.020790436305105686
  view-data: 0.023377688601613045
