times:
  edit-metadata: 0.4787378069013357
  landing: 0.05223770719021559
  view-data: 0.202097337692976
