times:
  edit-metadata: 0.48386236280202866
  landing: 0.14728392800316215
  view-data: 0.2245794921182096
