times:
  edit-metadata: 0.4906774230003066
  landing: 0.06593714700011333
  view-data: 0.22752394700000877
