times:
  edit-metadata: 0.619311671005562
  landing: 0.04918312397785485
  view-data: 0.17029722477309406
