times:
  landing: 1.0673830730000304
  view-data: 0.5534546109999496
