times:
  landing: 1.0708489009999766
  view-data: 0.5567708730000049
