times:
  edit-metadata: 1.5733427871018648
  landing: 0.7779392600059509
  view-data: 3.4392876643687487
