times:
  edit-metadata: 1.4790266118943691
  landing: 0.7116397749632597
  view-data: 3.387554530054331
