times:
  edit-metadata: 1.4598739314824343
  landing: 0.023808544501662254
  view-data: 0.5157839115709066
