times:
  edit-metadata: 0.5516009479761124
  landing: 0.581078477203846
  view-data: 0.19646205194294453
