times:
  edit-metadata: 1.5859737349674106
  landing: 0.7979059601202607
  view-data: 3.3645234033465385
