times:
  edit-metadata: 0.5329349245876074
  landing: 0.9127108789980412
  view-data: 0.290525708347559
