times:
  edit-metadata: 1.4864654429256916
  landing: 0.878749568015337
  view-data: 3.3134660497307777
