times:
  edit-metadata: 0.6140990930143744
  landing: 0.05222063907422125
  view-data: 0.1991324711125344
