times:
  landing: 0.5494394170000021
  view-data: 0.0515461020000032
