times:
  edit-metadata: 0.5949598849983886
  landing: 0.04417652601841837
  view-data: 0.18879889603704214
