times:
  edit-metadata: 1.535392951220274
  landing: 0.9045575261116028
  view-data: 3.3802467100322247
