times:
  edit-metadata: 1.5838899053633213
  landing: 0.8275369685143232
  view-data: 3.3274845480918884
