times:
  edit-metadata: 0.42467338405549526
  landing: 0.04960678704082966
  view-data: 0.19020987302064896
