times:
  edit-metadata: 0.5714730154722929
  landing: 0.6869711522012949
  view-data: 0.2166735678911209
