times:
  edit-metadata: 1.3624038398265839
  landing: 0.31713757291436195
  view-data: 0.37227737717330456
