times:
  edit-metadata: 1.7252618381753564
  landing: 0.01928995829075575
  view-data: 0.054446673952043056
