times:
  edit-metadata: 0.5027545811608434
  landing: 0.07886286592110991
  view-data: 0.22130354680120945
