times:
  edit-metadata: 1.453830654732883
  landing: 0.7838494391180575
  view-data: 3.3586047370918095
