times:
  edit-metadata: 2.135678132995963
  landing: 0.40670517459511757
  view-data: 0.6608739895746112
