times:
  edit-metadata: 1.5656104441732168
  landing: 0.7790416907519102
  view-data: 3.3580851890146732
