times:
  edit-metadata: 1.520930953323841
  landing: 0.8776462525129318
  view-data: 3.3388978764414787
