times:
  edit-metadata: 1.2829908318817616
  landing: 0.020322658121585846
  view-data: 0.14922770764678717
