times:
  edit-metadata: 0.5401170235127211
  landing: 0.7126093283295631
  view-data: 0.2982497625052929
