times:
  edit-metadata: 1.44880935177207
  landing: 0.02141140028834343
  view-data: 0.1334851197898388
