times:
  landing: 1.0823914079999781
  view-data: 0.5562385540000037
