times:
  edit-metadata: 1.8351630084216595
  landing: 1.1236902847886086
  view-data: 3.4730077907443047
