times:
  edit-metadata: 0.4918277389369905
  landing: 0.06637820100877434
  view-data: 0.22278006293345243
