times:
  landing: 1.0793582640000068
  view-data: 0.5456689239999832
