times:
  edit-metadata: 0.5075692409882322
  landing: 0.0446768969995901
  view-data: 0.21211279899580404
