times:
  edit-metadata: 0.5387744382023811
  landing: 0.05245763063430786
  view-data: 0.19266201183199883
