times:
  landing: 1.067702885000017
  view-data: 0.5592095719999861
