times:
  edit-metadata: 1.5631641373038292
  landing: 0.8185155093669891
  view-data: 3.4249308817088604
