times:
  edit-metadata: 0.49737072200514376
  landing: 0.06674026002292521
  view-data: 0.20885348299634643
