times:
  edit-metadata: 1.8682801369577646
  landing: 1.1010125819593668
  view-data: 3.570238461252302
