times:
  edit-metadata: 0.7201012750156224
  landing: 0.07556051481515169
  view-data: 0.1976507380604744
