times:
  edit-metadata: 1.542387479916215
  landing: 0.7531332857906818
  view-data: 3.3775267601013184
