times:
  edit-metadata: 0.4240506939822808
  landing: 0.06831039395183325
  view-data: 0.22149231296498328
