times:
  edit-metadata: 1.4505437016487122
  landing: 0.8003575690090656
  view-data: 3.419463960453868
