times:
  edit-metadata: 0.488444522023201
  landing: 0.5784005094319582
  view-data: 0.5859166998416185
