times:
  edit-metadata: 1.6241256073117256
  landing: 0.8041135780513287
  view-data: 3.349092174321413
