times:
  landing: 0.5528849849999915
  view-data: 0.5605790220000699
