times:
  landing: 0.5505210030000001
  view-data: 0.5517829769999878
