times:
  edit-metadata: 1.4615824706852436
  landing: 0.6913413647562265
  view-data: 3.312219404615462
