times:
  edit-metadata: 0.46409568283706903
  landing: 0.05713455844670534
  view-data: 0.2059226455166936
