times:
  landing: 1.1241483480000056
  view-data: 0.5587160709999921
