times:
  edit-metadata: 1.6001814189366996
  landing: 1.1892179623246193
  view-data: 3.2890311521477997
