times:
  edit-metadata: 0.41632071579806507
  landing: 0.07194615714251995
  view-data: 0.21091712010093033
