times:
  edit-metadata: 1.3355670906603336
  landing: 0.21486296318471432
  view-data: 0.38569753523916006
