times:
  edit-metadata: 0.4397204779088497
  landing: 0.06734111905097961
  view-data: 0.23586495593190193
