times:
  edit-metadata: 1.4495067968964577
  landing: 0.916986919939518
  view-data: 3.332512781023979
