times:
  landing: 0.5672474589999865
  view-data: 0.5546816890000059
