times:
  edit-metadata: 1.2778406646102667
  landing: 0.021161681972444057
  view-data: 0.48128475062549114
