times:
  edit-metadata: 0.41438817605376244
  landing: 0.06856739497743547
  view-data: 0.2043507460039109
