times:
  edit-metadata: 1.6525003165006638
  landing: 1.2257221713662148
  view-data: 3.423129614442587
