times:
  edit-metadata: 0.5148691516369581
  landing: 0.5509453490376472
  view-data: 0.18464705906808376
