times:
  edit-metadata: 1.298025231808424
  landing: 0.03326848801225424
  view-data: 0.05595133267343044
