times:
  landing: 1.1293148650000262
  view-data: 0.5647682389999886
