times:
  edit-metadata: 0.4351704299915582
  landing: 0.06845711800269783
  view-data: 0.21143511403352022
