times:
  edit-metadata: 0.44769488787278533
  landing: 0.05199680011719465
  view-data: 0.19166880194097757
