times:
  landing: 1.1152034660000254
  view-data: 0.5576953339999591
