times:
  edit-metadata: 1.5687196645885706
  landing: 0.831771282479167
  view-data: 3.4094927720725536
