times:
  edit-metadata: 1.4735298547893763
  landing: 0.01958475448191166
  view-data: 0.2688312288373709
