times:
  edit-metadata: 0.5344062000513077
  landing: 0.05573953688144684
  view-data: 0.19149721041321754
