times:
  edit-metadata: 0.5233637765049934
  landing: 0.050891246646642685
  view-data: 0.1913505122065544
