times:
  edit-metadata: 1.3330373521894217
  landing: 0.12103825435042381
  view-data: 0.3415274750441313
