times:
  edit-metadata: 1.4541415143758059
  landing: 0.13890545815229416
  view-data: 0.14641006477177143
