times:
  edit-metadata: 1.505827844608575
  landing: 0.7798618078231812
  view-data: 3.425038162153214
