times:
  landing: 0.5521290460000046
  view-data: 0.5546169880000207
