times:
  edit-metadata: 1.5034176707267761
  landing: 0.7273520864546299
  view-data: 3.37394879758358
