times:
  edit-metadata: 0.6249891669722274
  landing: 0.05356557306367904
  view-data: 0.19168042798992246
