times:
  edit-metadata: 0.5852050420071464
  landing: 0.1304113270016387
  view-data: 0.2659406859893352
