times:
  edit-metadata: 0.5944778919219971
  landing: 0.5542948767542839
  view-data: 0.1812396589666605
