times:
  edit-metadata: 0.5356559120118618
  landing: 1.4245408475399017
  view-data: 0.40007247030735016
