times:
  edit-metadata: 1.6839178800582886
  landing: 0.9735149256885052
  view-data: 3.383685976266861
