times:
  landing: 1.0617715500000031
  view-data: 0.5523328950000064
