times:
  landing: 1.5795024079999962
  view-data: 0.5596225460000142
