times:
  edit-metadata: 0.8606342519633472
  landing: 0.07747353403829038
  view-data: 0.26528829598100856
