times:
  edit-metadata: 0.6857979837805033
  landing: 0.6348711978644133
  view-data: 0.607214767485857
