times:
  edit-metadata: 0.43038721615448594
  landing: 0.0552387866191566
  view-data: 0.19358502328395844
