times:
  edit-metadata: 2.2768573742359877
  landing: 1.4023353569209576
  view-data: 3.4897229317575693
