times:
  edit-metadata: 0.5497365966439247
  landing: 0.051997993141412735
  view-data: 0.19845528528094292
