times:
  edit-metadata: 0.6079056060407311
  landing: 0.047705925069749355
  view-data: 0.18332515703514218
