times:
  edit-metadata: 1.396300402469933
  landing: 0.020246419124305248
  view-data: 0.23299738857895136
