times:
  edit-metadata: 3.1727432906627655
  landing: 1.3644838202744722
  view-data: 3.2649398613721132
