times:
  edit-metadata: 0.41549589904025197
  landing: 0.04861385701224208
  view-data: 0.1887478530406952
