times:
  edit-metadata: 0.5762951895594597
  landing: 0.5672736838459969
  view-data: 0.5872140657156706
