times:
  landing: 0.5674400949999949
  view-data: 0.558729636999999
