times:
  edit-metadata: 1.3992020450532436
  landing: 0.0209047244861722
  view-data: 0.024042347446084023
