times:
  edit-metadata: 1.4401451125741005
  landing: 0.7813923954963684
  view-data: 3.297029746696353
