times:
  edit-metadata: 0.5319512486457825
  landing: 0.05341578274965286
  view-data: 0.20712655410170555
