times:
  edit-metadata: 1.3496686210855842
  landing: 0.1691574975848198
  view-data: 0.18780969828367233
