times:
  landing: 0.5572746569999936
  view-data: 0.5524503000000323
