times:
  edit-metadata: 0.4114315160550177
  landing: 0.0807081968523562
  view-data: 0.20486742118373513
