times:
  edit-metadata: 0.4718681937083602
  landing: 0.043432533740997314
  view-data: 0.20126566756516695
