times:
  edit-metadata: 1.7384629340376705
  landing: 0.8680513189174235
  view-data: 3.2892421551514417
