times:
  landing: 0.545842867000033
  view-data: 0.5479543989999911
