times:
  edit-metadata: 0.5210271812975407
  landing: 0.04974537715315819
  view-data: 0.19366450235247612
