times:
  edit-metadata: 1.5172666609287262
  landing: 0.01914084330201149
  view-data: 0.02345377393066883
