times:
  edit-metadata: 0.46586886094883084
  landing: 0.046083581168204546
  view-data: 0.19069612072780728
