times:
  edit-metadata: 1.5644245520234108
  landing: 0.8969973754137754
  view-data: 3.3660358916968107
