times:
  edit-metadata: 1.41577916033566
  landing: 0.13623809441924095
  view-data: 0.12473368644714355
