times:
  edit-metadata: 1.5621958561241627
  landing: 0.7884007561951876
  view-data: 3.3949693739414215
