times:
  edit-metadata: 1.4845854230225086
  landing: 0.8028069820720702
  view-data: 3.3795668659731746
