times:
  edit-metadata: 0.4205523969139904
  landing: 0.0540585839189589
  view-data: 0.20936624193564057
