times:
  edit-metadata: 0.5887063592672348
  landing: 1.1442472897469997
  view-data: 0.29614802449941635
