times:
  edit-metadata: 0.4306551581248641
  landing: 0.04799373494461179
  view-data: 0.20698164496570826
