times:
  edit-metadata: 0.9268978759646416
  landing: 0.04529128095600754
  view-data: 0.19602120504714549
