times:
  edit-metadata: 1.6320578968152404
  landing: 0.8992280019447207
  view-data: 3.3976295478641987
