times:
  edit-metadata: 1.749850369989872
  landing: 0.18204142898321152
  view-data: 0.5937566682696342
