times:
  edit-metadata: 1.290180329233408
  landing: 0.1640498898923397
  view-data: 0.0241752490401268
