times:
  edit-metadata: 0.4964745044708252
  landing: 1.0938837379217148
  view-data: 0.5992924757301807
