times:
  edit-metadata: 1.4989995742216706
  landing: 0.7829506015405059
  view-data: 3.3394731963053346
