times:
  edit-metadata: 1.3756502401083708
  landing: 0.13791612163186073
  view-data: 0.12612945213913918
