times:
  edit-metadata: 0.429323545191437
  landing: 0.04660041304305196
  view-data: 0.19444605894386768
