times:
  landing: 1.0652946850000262
  view-data: 0.5560730440000157
