times:
  landing: 0.5521027839999988
  view-data: 0.5547581849999688
