times:
  edit-metadata: 1.5931636216118932
  landing: 0.8140385327860713
  view-data: 3.3666331795975566
