times:
  edit-metadata: 0.522921584546566
  landing: 0.048262495547533035
  view-data: 0.1942015364766121
