times:
  edit-metadata: 1.528922837227583
  landing: 0.6432377751916647
  view-data: 3.387525498867035
