times:
  edit-metadata: 1.55472700484097
  landing: 0.9590616002678871
  view-data: 3.439216375350952
