times:
  edit-metadata: 0.5984698962420225
  landing: 0.04461296508088708
  view-data: 0.19215474091470242
