times:
  edit-metadata: 0.5089375376701355
  landing: 0.5779028721153736
  view-data: 0.5971162281930447
