times:
  edit-metadata: 0.4317532032728195
  landing: 0.044684838969260454
  view-data: 0.2091809269040823
