times:
  edit-metadata: 1.334513707086444
  landing: 0.020973477512598038
  view-data: 0.027522102929651737
