times:
  edit-metadata: 0.41058596782386303
  landing: 0.06756726279854774
  view-data: 0.20913446904160082
