times:
  edit-metadata: 1.5843930877745152
  landing: 0.7041226467117667
  view-data: 3.4091776134446263
