times:
  edit-metadata: 1.2909340308979154
  landing: 0.021108233369886875
  view-data: 0.43569566030055285
