times:
  edit-metadata: 0.5274510718882084
  landing: 0.04949003830552101
  view-data: 0.19618909060955048
