times:
  landing: 0.5587194519999912
  view-data: 0.5542543230000092
