times:
  edit-metadata: 0.4405786218121648
  landing: 0.0438008769415319
  view-data: 0.20158548466861248
