times:
  edit-metadata: 0.4940366894006729
  landing: 2.056401463225484
  view-data: 0.4205910190939903
