times:
  edit-metadata: 0.7755815910641104
  landing: 0.11321868188679218
  view-data: 0.20168412919156253
