times:
  landing: 0.5526647159999811
  view-data: 0.5718996070000344
