times:
  edit-metadata: 1.5777213461697102
  landing: 0.34498594515025616
  view-data: 0.17930540069937706
