times:
  edit-metadata: 0.6297932849265635
  landing: 0.06594630004838109
  view-data: 0.2130980328656733
