times:
  edit-metadata: 0.48244917718693614
  landing: 0.04847197700291872
  view-data: 0.19519199198111892
