times:
  edit-metadata: 0.5074267490417697
  landing: 0.07284372596768662
  view-data: 0.2239000330446288
