times:
  edit-metadata: 1.6666239351034164
  landing: 0.7574707791209221
  view-data: 3.4590693414211273
