times:
  landing: 0.5432035689999566
  view-data: 0.5433482700000241
