times:
  edit-metadata: 0.5262445658445358
  landing: 0.056659795343875885
  view-data: 0.19310591369867325
