times:
  edit-metadata: 1.9289661683142185
  landing: 1.0061762891709805
  view-data: 3.4126972500234842
