times:
  edit-metadata: 0.5671749841421843
  landing: 0.7099564429372549
  view-data: 0.3258042186498642
