times:
  edit-metadata: 0.6546652326360345
  landing: 0.0987904048524797
  view-data: 0.21979500818997622
