times:
  edit-metadata: 0.6161683399695903
  landing: 0.05265914695337415
  view-data: 0.1904561568517238
