times:
  edit-metadata: 1.3887312859296799
  landing: 0.8817307464778423
  view-data: 3.377103019505739
