times:
  edit-metadata: 1.4372350815683603
  landing: 0.12450611963868141
  view-data: 0.02381917554885149
