times:
  edit-metadata: 1.5871147643774748
  landing: 0.2545190081000328
  view-data: 0.3679154794663191
