times:
  edit-metadata: 1.3876361194998026
  landing: 0.02172362059354782
  view-data: 0.16688252240419388
