times:
  edit-metadata: 0.5169467569794506
  landing: 0.08582843001931906
  view-data: 0.22048694198019803
