times:
  edit-metadata: 0.5167229450307786
  landing: 0.06945234630256891
  view-data: 0.23668732168152928
