times:
  edit-metadata: 1.3644116707146168
  landing: 0.21473602391779423
  view-data: 0.31131444685161114
