times:
  landing: 0.5545049709999716
  view-data: 0.5556673090000004
