times:
  edit-metadata: 0.46086767595261335
  landing: 0.04429659666493535
  view-data: 0.19027847005054355
