times:
  landing: 0.5435107001103461
  view-data: 0.5423426670022309
