times:
  edit-metadata: 1.5985714197158813
  landing: 0.7330605089664459
  view-data: 3.443067977204919
