times:
  landing: 1.1130169559999672
  view-data: 0.5558184569999867
