times:
  landing: 0.5484710979999932
  view-data: 0.5438578419999942
