times:
  edit-metadata: 0.5392122808843851
  landing: 0.05298444116488099
  view-data: 0.1985006253235042
