times:
  edit-metadata: 1.3203907189890742
  landing: 0.13974823150783777
  view-data: 0.2678258800879121
