times:
  edit-metadata: 1.2898985939100385
  landing: 0.21717146504670382
  view-data: 0.4508018111810088
