times:
  edit-metadata: 1.5499481949955225
  landing: 0.8602220993489027
  view-data: 3.665506547316909
