times:
  edit-metadata: 0.6220229640603065
  landing: 0.044793855980969965
  view-data: 0.1978244479978457
