times:
  landing: 0.5550761620000344
  view-data: 0.5586323109999967
