times:
  edit-metadata: 0.6079598299693316
  landing: 0.04027997492812574
  view-data: 0.19194401206914335
