times:
  edit-metadata: 0.4740991108119488
  landing: 0.0472917640581727
  view-data: 0.2068980671465397
