times:
  edit-metadata: 1.3705314192920923
  landing: 0.026550427079200745
  view-data: 0.12920122034847736
