times:
  edit-metadata: 1.5217336155474186
  landing: 0.8436294216662645
  view-data: 3.371809896081686
