times:
  landing: 0.5508615969999937
  view-data: 0.556919291999975
