times:
  edit-metadata: 0.5387143604457378
  landing: 0.8104725237935781
  view-data: 0.17991134524345398
