times:
  edit-metadata: 0.5034502036869526
  landing: 0.05312001705169678
  view-data: 0.19276298582553864
