times:
  edit-metadata: 1.5141157049220055
  landing: 1.0594981131143868
  view-data: 3.358801038004458
