times:
  edit-metadata: 0.4388383940095082
  landing: 0.06451188400387764
  view-data: 0.21545699203852564
