times:
  edit-metadata: 1.4296013740822673
  landing: 0.8506229193881154
  view-data: 3.452254705131054
