times:
  edit-metadata: 0.5472627077251673
  landing: 1.1038621421903372
  view-data: 0.6063012853264809
