times:
  landing: 1.0656088399999817
  view-data: 0.5423026670000013
