times:
  edit-metadata: 0.5098479297012091
  landing: 0.566629208624363
  view-data: 0.17960844188928604
