times:
  edit-metadata: 1.2865479486063123
  landing: 0.020276712253689766
  view-data: 0.022527563385665417
