times:
  edit-metadata: 0.4504020996391773
  landing: 0.04607502091675997
  view-data: 0.19728705612942576
