times:
  edit-metadata: 1.4656732780858874
  landing: 0.784263638779521
  view-data: 3.3001561230048537
