times:
  edit-metadata: 1.5166102070361376
  landing: 0.9082309477962554
  view-data: 3.471123941242695
