times:
  edit-metadata: 1.6740392465144396
  landing: 0.26098665595054626
  view-data: 0.16646272502839565
