times:
  edit-metadata: 1.2750379918143153
  landing: 0.13940198253840208
  view-data: 0.3404812952503562
