times:
  edit-metadata: 0.43459757789969444
  landing: 0.06239079171791673
  view-data: 0.21976081281900406
