times:
  edit-metadata: 1.598838827572763
  landing: 0.8751735454425216
  view-data: 3.472411881200969
