times:
  edit-metadata: 0.4228372140787542
  landing: 0.06264948705211282
  view-data: 0.21350841922685504
