times:
  edit-metadata: 1.2739957002922893
  landing: 0.02206171676516533
  view-data: 0.4161887662485242
