times:
  edit-metadata: 1.4603012278676033
  landing: 1.0417042151093483
  view-data: 3.340100821107626
