times:
  landing: 0.5504081189999965
  view-data: 0.5562586279999664
