times:
  edit-metadata: 0.4407315948046744
  landing: 0.045369133818894625
  view-data: 0.1963778268545866
