times:
  landing: 1.0728382820000206
  view-data: 0.5527366219999976
