times:
  edit-metadata: 1.2879805592820048
  landing: 0.02056802250444889
  view-data: 0.02447676006704569
