times:
  landing: 0.5439421799999877
  view-data: 0.5527100390000328
