times:
  edit-metadata: 0.5897993401158601
  landing: 0.045335911912843585
  view-data: 0.19774059997871518
