times:
  landing: 1.0676193699999885
  view-data: 0.5543258469999728
