times:
  edit-metadata: 1.5664780028164387
  landing: 0.890267476439476
  view-data: 3.4089559763669968
