times:
  edit-metadata: 0.547230914235115
  landing: 0.9117143917828798
  view-data: 0.3221445810049772
