times:
  edit-metadata: 1.5653037875890732
  landing: 0.7342133577913046
  view-data: 3.411473587155342
