times:
  edit-metadata: 1.5416731964796782
  landing: 0.15425760298967361
  view-data: 0.022612208500504494
