times:
  edit-metadata: 1.510732064023614
  landing: 0.9573422782123089
  view-data: 3.5280649792402983
