times:
  edit-metadata: 0.5152949132025242
  landing: 0.044769302010536194
  view-data: 0.1926037296652794
