times:
  edit-metadata: 1.4298900160938501
  landing: 0.1896713674068451
  view-data: 0.46696540992707014
