times:
  edit-metadata: 0.4238219247199595
  landing: 0.05287355883046985
  view-data: 0.18943558121100068
