times:
  edit-metadata: 1.4815147183835506
  landing: 0.16721461154520512
  view-data: 0.26018407195806503
