times:
  landing: 1.077676230110228
  view-data: 0.5539226490072906
