times:
  edit-metadata: 1.4858709070831537
  landing: 0.6924023311585188
  view-data: 3.421388402581215
