times:
  landing: 1.0739533799999776
  view-data: 0.5625565809999671
