times:
  edit-metadata: 1.614113412797451
  landing: 0.8843342661857605
  view-data: 3.421813625842333
