times:
  landing: 0.5604656520000049
  view-data: 0.5689106419999916
