times:
  edit-metadata: 0.6493940227665007
  landing: 0.08773237792775035
  view-data: 0.28483400819823146
