times:
  edit-metadata: 1.466085609048605
  landing: 0.833366371691227
  view-data: 3.3354927264153957
