times:
  edit-metadata: 0.42493954999372363
  landing: 0.06499080685898662
  view-data: 0.21595635171979666
