times:
  edit-metadata: 1.4287233352661133
  landing: 0.019404243677854538
  view-data: 0.15607641637325287
