times:
  landing: 1.0805163790000165
  view-data: 0.5564529300000345
