times:
  landing: 0.5473995710000281
  view-data: 0.5558797129999675
