times:
  edit-metadata: 0.43520312011241913
  landing: 0.04352189693599939
  view-data: 0.2049506576731801
