times:
  edit-metadata: 1.6664671339094639
  landing: 0.9808407425880432
  view-data: 3.368611305952072
