times:
  landing: 0.5530946750000112
  view-data: 0.5596476050000092
