times:
  edit-metadata: 2.7461962806992233
  landing: 1.2189771877601743
  view-data: 3.7373967710882425
