times:
  edit-metadata: 0.62812689691782
  landing: 0.3711881600320339
  view-data: 0.30402657575905323
