times:
  edit-metadata: 0.6096072080545127
  landing: 0.04461899516172707
  view-data: 0.18948143790476024
