times:
  edit-metadata: 0.6083187560143415
  landing: 0.05670232800184749
  view-data: 0.18499506398802623
