times:
  edit-metadata: 1.428930395282805
  landing: 0.8048166478984058
  view-data: 3.3988048541359603
