times:
  edit-metadata: 0.5323449894785881
  landing: 0.052927665412425995
  view-data: 0.1940014436841011
