times:
  edit-metadata: 1.4498740695416927
  landing: 0.973897211253643
  view-data: 3.356372408568859
