times:
  edit-metadata: 1.3636103868484497
  landing: 0.0186721533536911
  view-data: 0.02523846924304962
