times:
  edit-metadata: 0.6191028320463374
  landing: 0.05066811898723245
  view-data: 0.17941175098530948
