times:
  edit-metadata: 1.5712129101157188
  landing: 0.7242907918989658
  view-data: 3.389733638614416
