times:
  edit-metadata: 1.5828730762004852
  landing: 0.969989463686943
  view-data: 3.429328590631485
