times:
  edit-metadata: 0.4997599311172962
  landing: 1.0893884133547544
  view-data: 0.597835274413228
