times:
  edit-metadata: 0.493594940751791
  landing: 0.05320777092128992
  view-data: 0.2057588966563344
