times:
  landing: 0.5731426520000014
  view-data: 0.5577415500000029
