times:
  edit-metadata: 1.362996470183134
  landing: 0.023817040026187897
  view-data: 0.31805526837706566
