times:
  edit-metadata: 1.3427464552223682
  landing: 0.019283855333924294
  view-data: 0.14136640448123217
