times:
  edit-metadata: 0.5071518383920193
  landing: 0.6970222964882851
  view-data: 0.2422910500317812
