times:
  edit-metadata: 1.462713633198291
  landing: 0.7726111551746726
  view-data: 3.380485305096954
