times:
  edit-metadata: 1.4438660088926554
  landing: 0.018796428106725216
  view-data: 0.14078338351100683
