times:
  edit-metadata: 0.47290216479450464
  landing: 0.04181398218497634
  view-data: 0.1872879657894373
