times:
  edit-metadata: 1.4339480241760612
  landing: 0.021689248271286488
  view-data: 0.409512422978878
