times:
  edit-metadata: 0.561831871047616
  landing: 0.05350041575729847
  view-data: 0.29385703802108765
