times:
  edit-metadata: 0.6080980260157958
  landing: 0.055473565007559955
  view-data: 0.2074876979459077
