times:
  landing: 0.5538089579999905
  view-data: 0.5590133879999826
