times:
  edit-metadata: 1.5628798380494118
  landing: 0.9298455193638802
  view-data: 3.336501806974411
