times:
  landing: 1.1085542609999948
  view-data: 0.5602065180000295
