times:
  edit-metadata: 0.5336587764322758
  landing: 0.5886628832668066
  view-data: 0.590659886598587
