times:
  edit-metadata: 1.8579257559031248
  landing: 0.27860910817980766
  view-data: 0.8507147170603275
