times:
  edit-metadata: 0.5038085095584393
  landing: 0.05803791806101799
  view-data: 0.19123247265815735
