times:
  edit-metadata: 0.5894233845174313
  landing: 0.7320256773382425
  view-data: 0.30737598799169064
