times:
  edit-metadata: 1.3292821077629924
  landing: 0.16686959192156792
  view-data: 0.4030614700168371
