times:
  edit-metadata: 1.4274386763572693
  landing: 0.8304427117109299
  view-data: 3.2941719330847263
