times:
  edit-metadata: 1.419332455843687
  landing: 0.2241187570616603
  view-data: 0.060530650429427624
