times:
  edit-metadata: 0.42543749511241913
  landing: 0.06558086886070669
  view-data: 0.2067270891275257
