times:
  edit-metadata: 1.3836621567606926
  landing: 0.911552406847477
  view-data: 3.3870329968631268
