times:
  edit-metadata: 0.5180102661252022
  landing: 0.704794492572546
  view-data: 0.2954292371869087
