times:
  edit-metadata: 0.42398908897303045
  landing: 0.0695122359902598
  view-data: 0.1995645510032773
