times:
  landing: 0.5514854980000337
  view-data: 0.5545802139999978
