times:
  landing: 0.555413322999982
  view-data: 0.5492980159999945
