times:
  edit-metadata: 0.5280460715293884
  landing: 0.7751480378210545
  view-data: 0.32577056623995304
