times:
  landing: 0.5799514329999909
  view-data: 0.547421393999997
