times:
  edit-metadata: 0.4934024940012023
  landing: 0.06942999199964106
  view-data: 0.22506393602816388
