times:
  edit-metadata: 0.6401144840056077
  landing: 0.05163605400593951
  view-data: 0.19691755395615473
