times:
  edit-metadata: 1.385366229340434
  landing: 0.09625231102108955
  view-data: 0.02506270445883274
