times:
  edit-metadata: 0.5548793375492096
  landing: 0.055295027792453766
  view-data: 0.1902933344244957
