times:
  landing: 0.5669305030000373
  view-data: 0.5583170659999723
