times:
  edit-metadata: 2.1382385287433863
  landing: 1.0577130150049925
  view-data: 3.7051228266209364
