times:
  edit-metadata: 1.80317691154778
  landing: 0.2611146718263626
  view-data: 0.37782022915780544
