times:
  edit-metadata: 1.5108673889189959
  landing: 0.76143744494766
  view-data: 3.388094549998641
