times:
  edit-metadata: 1.6134382132440805
  landing: 0.8633278980851173
  view-data: 3.5176616087555885
