times:
  edit-metadata: 1.5980497729033232
  landing: 0.022356729954481125
  view-data: 0.32154895551502705
