times:
  edit-metadata: 1.3993362374603748
  landing: 0.020580461248755455
  view-data: 0.22207586839795113
