times:
  edit-metadata: 1.5343958009034395
  landing: 0.732154494151473
  view-data: 3.3953862711787224
