times:
  edit-metadata: 0.6143804211169481
  landing: 0.46956694312393665
  view-data: 0.1776880044490099
