times:
  edit-metadata: 0.6053498713299632
  landing: 0.04897901602089405
  view-data: 0.20029393630102277
