times:
  edit-metadata: 1.575871141627431
  landing: 0.17676842026412487
  view-data: 0.47592996060848236
