times:
  edit-metadata: 0.5034158825874329
  landing: 0.043857332319021225
  view-data: 0.1897427663207054
