times:
  edit-metadata: 0.5989897083491087
  landing: 0.44508106634020805
  view-data: 0.18036578595638275
