times:
  edit-metadata: 1.3810561820864677
  landing: 0.021755220368504524
  view-data: 0.023276248946785927
