times:
  edit-metadata: 0.7029149020090699
  landing: 0.097494225949049
  view-data: 0.19588870322331786
