times:
  edit-metadata: 0.4571430953219533
  landing: 0.04104052856564522
  view-data: 0.19404742494225502
