times:
  landing: 1.0929556800000455
  view-data: 0.5543810289999556
