times:
  edit-metadata: 1.3835165807977319
  landing: 0.13091430440545082
  view-data: 0.24576914682984352
