times:
  edit-metadata: 0.6402830840088427
  landing: 0.043694375024642795
  view-data: 0.19252170500112697
