times:
  edit-metadata: 0.6380712619284168
  landing: 0.04846144700422883
  view-data: 0.19501160795334727
