times:
  landing: 0.5553831039999295
  view-data: 0.5502036319999206
