times:
  edit-metadata: 1.3278748420998454
  landing: 0.023827816359698772
  view-data: 0.24360390473157167
