times:
  edit-metadata: 1.5139690120704472
  landing: 0.7129450840875506
  view-data: 3.321871818974614
