times:
  edit-metadata: 0.5392559543251991
  landing: 0.05580856278538704
  view-data: 0.20013898611068726
