times:
  edit-metadata: 0.5066500352695584
  landing: 0.11942408699542284
  view-data: 0.20276630064472556
