times:
  edit-metadata: 0.4659250723198056
  landing: 0.04770231246948242
  view-data: 0.2082761786878109
