times:
  edit-metadata: 1.3056746693328023
  landing: 0.019949265755712986
  view-data: 0.02546821255236864
