times:
  landing: 1.1212743190000083
  view-data: 0.5531449569999722
