times:
  edit-metadata: 1.3408713731914759
  landing: 0.2439633086323738
  view-data: 0.022400086745619774
