times:
  landing: 0.5523479139999949
  view-data: 0.5565750100000173
