times:
  edit-metadata: 1.5455028302967548
  landing: 0.9081234876066446
  view-data: 3.4158630836755037
