times:
  landing: 0.5491294290000042
  view-data: 0.5530765799999813
