times:
  edit-metadata: 0.5007804897613823
  landing: 0.0499421670101583
  view-data: 0.2030872800387442
