times:
  edit-metadata: 1.6694284724071622
  landing: 0.018734018318355083
  view-data: 0.024563773535192013
