times:
  edit-metadata: 0.5003225430846214
  landing: 0.05725990608334541
  view-data: 0.19344138726592064
