times:
  edit-metadata: 0.49006939493119717
  landing: 1.3748171925544739
  view-data: 0.3994624577462673
