times:
  edit-metadata: 1.309910842217505
  landing: 0.02153114043176174
  view-data: 0.025915322825312614
