times:
  edit-metadata: 1.3107241820544004
  landing: 0.02264822367578745
  view-data: 0.12628395296633244
