times:
  edit-metadata: 1.6803143676370382
  landing: 1.1335659082978964
  view-data: 3.3767589665949345
