times:
  edit-metadata: 1.3165970593690872
  landing: 0.18824442010372877
  view-data: 0.42781098652631044
