times:
  edit-metadata: 1.5812733303755522
  landing: 0.7588475905358791
  view-data: 3.388415712863207
