times:
  edit-metadata: 1.2730341516435146
  landing: 0.020942560397088528
  view-data: 0.025968394242227077
