times:
  landing: 0.5478845619999788
  view-data: 0.5486933679999879
