times:
  landing: 0.5562811359999955
  view-data: 0.5565444040000216
