times:
  landing: 0.5638738060000037
  view-data: 0.5629312000000368
