times:
  edit-metadata: 1.5237799976021051
  landing: 0.7932561207562685
  view-data: 3.3794445283710957
