times:
  edit-metadata: 1.3750099297612906
  landing: 0.7366927266120911
  view-data: 3.3314801417291164
