times:
  edit-metadata: 1.550700981169939
  landing: 0.734674260020256
  view-data: 3.427554700523615
