times:
  landing: 0.5621280400000046
  view-data: 0.0683365450000224
