times:
  edit-metadata: 0.5953728730091825
  landing: 0.05061971500981599
  view-data: 0.19300588895566761
