times:
  edit-metadata: 1.534796955063939
  landing: 0.6290495004504919
  view-data: 4.503733418881893
