times:
  landing: 1.595713260000025
  view-data: 0.5547778220000055
