times:
  edit-metadata: 0.5741174295544624
  landing: 0.7991130203008652
  view-data: 0.3059102240949869
