times:
  edit-metadata: 1.5513317696750164
  landing: 0.8006059117615223
  view-data: 3.4436350762844086
