times:
  edit-metadata: 0.5141581352800131
  landing: 1.109436523169279
  view-data: 0.5819424595683813
