times:
  edit-metadata: 0.5817605685442686
  landing: 0.6656349953263998
  view-data: 0.24452653713524342
