times:
  edit-metadata: 1.3314838828518987
  landing: 0.16345862112939358
  view-data: 0.4692224059253931
