times:
  edit-metadata: 1.5167975090444088
  landing: 0.8338911198079586
  view-data: 3.32740343734622
