times:
  edit-metadata: 1.3819973599165678
  landing: 0.12497620470821857
  view-data: 0.1351266773417592
