times:
  edit-metadata: 1.3577242381870747
  landing: 0.021455219946801662
  view-data: 0.19140764698386192
