times:
  edit-metadata: 0.47539027500897646
  landing: 0.04497184930369258
  view-data: 0.21553994435817003
