times:
  landing: 0.5506161190000114
  view-data: 0.5607180399999834
