times:
  edit-metadata: 1.3364976942539215
  landing: 0.13546038419008255
  view-data: 0.02471909299492836
