times:
  edit-metadata: 0.42913955403491855
  landing: 0.06596637389156967
  view-data: 0.20992959092836827
