times:
  edit-metadata: 0.4274112628772855
  landing: 0.052657162072137
  view-data: 0.209014771040529
