times:
  edit-metadata: 1.3459638375788927
  landing: 0.09576828591525555
  view-data: 0.0275480505079031
