times:
  edit-metadata: 0.4485603761859238
  landing: 0.053523961920291185
  view-data: 0.200916962698102
