times:
  edit-metadata: 0.6630207030102611
  landing: 0.12094243289902806
  view-data: 0.20902096293866634
