times:
  landing: 1.0797369480000043
  view-data: 0.5580037560000051
