times:
  edit-metadata: 0.4381336332298815
  landing: 0.05302171315997839
  view-data: 0.1951600769534707
