times:
  landing: 0.5565718849999826
  view-data: 0.5561717560000261
