times:
  landing: 0.5515842049999264
  view-data: 0.5554250289999345
