times:
  edit-metadata: 0.42210991284810007
  landing: 0.06944440095685422
  view-data: 0.21435810416005552
