times:
  edit-metadata: 1.409757292829454
  landing: 0.24543865211308002
  view-data: 0.1216830899938941
