times:
  edit-metadata: 0.6205149255692959
  landing: 0.5592556018382311
  view-data: 0.21551132015883923
