times:
  edit-metadata: 0.5245403237640858
  landing: 0.8035802561789751
  view-data: 0.20402507856488228
