times:
  edit-metadata: 0.5392894521355629
  landing: 1.4474150575697422
  view-data: 0.666572667658329
