times:
  edit-metadata: 1.808974353596568
  landing: 0.33450058102607727
  view-data: 0.20991414412856102
