times:
  edit-metadata: 0.604247614974156
  landing: 0.050881574978120625
  view-data: 0.18861718999687582
