times:
  edit-metadata: 1.9217526726424694
  landing: 0.7657954720780253
  view-data: 3.5188710736110806
