times:
  edit-metadata: 1.650114081799984
  landing: 0.9904060401022434
  view-data: 3.377597115933895
