times:
  landing: 1.099186981999992
  view-data: 0.5574956209999868
