times:
  edit-metadata: 0.6061965930275619
  landing: 0.045374295208603144
  view-data: 0.19669845513999462
