times:
  edit-metadata: 0.41972960403654724
  landing: 0.06650498299859464
  view-data: 0.2125593590317294
