times:
  edit-metadata: 0.4503483707085252
  landing: 0.045728325843811035
  view-data: 0.19120592018589377
