times:
  landing: 1.0876473120000014
  view-data: 0.5734794500000362
