times:
  landing: 0.5442553849999854
  view-data: 0.5521551889999898
