times:
  edit-metadata: 0.5717919394373894
  landing: 0.7774335965514183
  view-data: 0.19287527166306973
