times:
  edit-metadata: 0.6162681420100853
  landing: 0.04037534596864134
  view-data: 0.1915159429772757
