times:
  landing: 1.1037302629999886
  view-data: 0.5667218179999622
