times:
  edit-metadata: 1.585377525538206
  landing: 0.7937993295490742
  view-data: 3.2540198136121035
