times:
  edit-metadata: 0.5418601185083389
  landing: 0.05285162851214409
  view-data: 0.1941119208931923
