times:
  edit-metadata: 1.9442772082984447
  landing: 0.3289682287722826
  view-data: 0.45857048407197
