times:
  landing: 0.5487241760000074
  view-data: 0.5546898470000201
