times:
  edit-metadata: 1.54264559969306
  landing: 0.8902392499148846
  view-data: 3.4117902740836143
