times:
  edit-metadata: 0.68672342505306
  landing: 0.08775211917236447
  view-data: 0.33557288069278
