times:
  landing: 0.5426300039999887
  view-data: 0.5451593020000018
