times:
  edit-metadata: 1.3629911709576845
  landing: 0.020053692162036896
  view-data: 0.025589721277356148
