times:
  landing: 1.077204767000012
  view-data: 0.5534277739999993
