times:
  edit-metadata: 0.6295813730102964
  landing: 0.045765683986246586
  view-data: 0.20369406294776127
