times:
  edit-metadata: 0.6294532530009747
  landing: 0.04852004900749307
  view-data: 0.1909026209905278
