times:
  edit-metadata: 0.5164796374738216
  landing: 0.057558413594961166
  view-data: 0.1943591795861721
