times:
  landing: 1.0775977399999874
  view-data: 0.5553633320000131
