times:
  edit-metadata: 1.626088598743081
  landing: 0.02703719399869442
  view-data: 0.3674929551780224
