times:
  edit-metadata: 1.4500815719366074
  landing: 0.15872243884950876
  view-data: 0.24387767165899277
