times:
  edit-metadata: 1.3111000750213861
  landing: 0.020578697323799133
  view-data: 0.024646570906043053
