times:
  edit-metadata: 1.387892747297883
  landing: 0.022391613572835922
  view-data: 0.027023019269108772
