times:
  edit-metadata: 0.6040623486042023
  landing: 0.4874378740787506
  view-data: 0.18170733004808426
