times:
  edit-metadata: 0.5024045165628195
  landing: 0.9117671493440866
  view-data: 0.20504211261868477
