times:
  edit-metadata: 1.4749033451080322
  landing: 0.13721254840493202
  view-data: 0.3886312283575535
