times:
  edit-metadata: 1.3950219079852104
  landing: 0.16709008999168873
  view-data: 0.15057199075818062
