times:
  landing: 1.5960746910000125
  view-data: 1.0768877339999676
