times:
  edit-metadata: 1.389109568670392
  landing: 0.023234782740473747
  view-data: 0.025134829804301262
