times:
  edit-metadata: 1.3455617390573025
  landing: 0.850808959454298
  view-data: 3.3325237184762955
