times:
  edit-metadata: 1.3964958116412163
  landing: 0.9336380958557129
  view-data: 3.3035405054688454
