times:
  edit-metadata: 0.4052805870305747
  landing: 0.07379232021048665
  view-data: 0.21079271705821157
