times:
  edit-metadata: 3.729014616459608
  landing: 1.686914749443531
  view-data: 3.8747549168765545
