times:
  edit-metadata: 0.5950060610193759
  landing: 0.04931527306325734
  view-data: 0.19055892794858664
