times:
  edit-metadata: 0.42321813595481217
  landing: 0.07147401780821383
  view-data: 0.21344900783151388
