times:
  edit-metadata: 1.5001448970288038
  landing: 0.12603297643363476
  view-data: 0.026778055354952812
