times:
  edit-metadata: 1.441912891343236
  landing: 0.6799090402200818
  view-data: 3.376184521242976
