times:
  landing: 0.557488329000023
  view-data: 0.555470798999977
