times:
  edit-metadata: 1.4115348868072033
  landing: 0.866111259907484
  view-data: 3.329539604485035
