times:
  edit-metadata: 0.41965479706414044
  landing: 0.06682788603939116
  view-data: 0.2172345439903438
