times:
  landing: 0.6104963180000595
  view-data: 0.5766053839997767
