times:
  edit-metadata: 0.5082281995564699
  landing: 0.7175166122615337
  view-data: 0.20208021625876427
