times:
  edit-metadata: 0.5582043249160051
  landing: 1.1181229557842016
  view-data: 0.6097478363662958
