times:
  edit-metadata: 1.579419019864872
  landing: 0.7930837329477072
  view-data: 3.3913669320754707
