times:
  landing: 0.549149903
  view-data: 0.5494443000000047
