times:
  edit-metadata: 1.5434736460447311
  landing: 0.7695349510759115
  view-data: 3.3967411667108536
