times:
  edit-metadata: 1.3935883305966854
  landing: 0.7492306046187878
  view-data: 3.258837543427944
