times:
  edit-metadata: 0.4235076764598489
  landing: 0.044494655914604664
  view-data: 0.2020052606239915
