times:
  landing: 0.5462177580000116
  view-data: 0.5443760919999932
