times:
  edit-metadata: 0.6188062480650842
  landing: 0.05219635204412043
  view-data: 0.18425192101858556
