times:
  edit-metadata: 0.4424970899708569
  landing: 0.050041351933032274
  view-data: 0.21176586020737886
