times:
  edit-metadata: 0.5540142431855202
  landing: 0.4833821840584278
  view-data: 0.19039502926170826
