times:
  edit-metadata: 1.5844994857907295
  landing: 0.897953812032938
  view-data: 3.4084388501942158
