times:
  edit-metadata: 0.5390420034527779
  landing: 1.3337368723005056
  view-data: 0.4087252486497164
