times:
  edit-metadata: 1.8247267864644527
  landing: 1.424257893115282
  view-data: 3.534496072679758
