times:
  edit-metadata: 1.5261846296489239
  landing: 0.6103039421141148
  view-data: 4.0476987306028605
