times:
  landing: 0.5480507660000171
  view-data: 0.5478896670000495
