times:
  landing: 1.0644480649998513
  view-data: 0.5500971840001512
