times:
  edit-metadata: 1.2963679125532508
  landing: 0.020000685937702656
  view-data: 0.4403509171679616
