times:
  edit-metadata: 1.7438955269753933
  landing: 1.0206454768776894
  view-data: 3.4574987068772316
