times:
  edit-metadata: 1.4485736601054668
  landing: 0.7463504020124674
  view-data: 3.377627233043313
