times:
  edit-metadata: 0.6345107619999908
  landing: 0.04872703703586012
  view-data: 0.19569928798591718
