times:
  edit-metadata: 1.3418641909956932
  landing: 0.019486182369291782
  view-data: 0.12025005556643009
