times:
  edit-metadata: 0.4725853712297976
  landing: 0.04437594022601843
  view-data: 0.20281563978642225
