times:
  edit-metadata: 1.2854482047259808
  landing: 0.12967029493302107
  view-data: 0.4496787777170539
