times:
  edit-metadata: 0.4238660549999622
  landing: 0.06444663999991462
  view-data: 0.212184855000487
