times:
  edit-metadata: 1.54544036090374
  landing: 0.9119562394917011
  view-data: 3.4078136011958122
