times:
  edit-metadata: 1.380041230469942
  landing: 0.021519208326935768
  view-data: 0.3488159906119108
