times:
  landing: 1.071028259000002
  view-data: 0.5530809570000201
