times:
  edit-metadata: 1.3866595681756735
  landing: 0.1792785581201315
  view-data: 0.13925342448055744
