times:
  edit-metadata: 1.4911269806325436
  landing: 0.6882622353732586
  view-data: 3.3507844731211662
