times:
  edit-metadata: 1.5354152154177427
  landing: 0.2857026718556881
  view-data: 0.45895105227828026
