times:
  edit-metadata: 1.5850402587093413
  landing: 0.798712978605181
  view-data: 3.4030992221087217
