times:
  edit-metadata: 1.2562955459579825
  landing: 0.21300751250237226
  view-data: 0.028421719558537006
