times:
  edit-metadata: 1.308125788345933
  landing: 0.019608743488788605
  view-data: 0.46566089149564505
