times:
  edit-metadata: 0.4866874571889639
  landing: 0.04035475105047226
  view-data: 0.20046035014092922
