times:
  edit-metadata: 1.5412474274635315
  landing: 0.7547092791646719
  view-data: 3.400693951174617
