times:
  landing: 0.5545247249999647
  view-data: 0.5563900349999358
