times:
  edit-metadata: 1.341752365231514
  landing: 0.02030187752097845
  view-data: 0.026372636668384075
