times:
  edit-metadata: 1.288817341439426
  landing: 0.019007014110684395
  view-data: 0.4525158051401377
