times:
  landing: 2.253426597919315
  view-data: 0.030872794101014733
