times:
  edit-metadata: 0.5022246749140322
  landing: 0.0710858847014606
  view-data: 0.2137381387874484
