times:
  edit-metadata: 1.5365810124203563
  landing: 0.7734107635915279
  view-data: 3.346475452184677
