times:
  edit-metadata: 1.5595781579613686
  landing: 0.8429308421909809
  view-data: 3.4003837034106255
