times:
  edit-metadata: 0.5655645849765278
  landing: 0.10537375998683274
  view-data: 0.23093481396790594
