times:
  edit-metadata: 1.5807555187493563
  landing: 0.8033471275120974
  view-data: 3.328473860397935
