times:
  edit-metadata: 1.4783295560628176
  landing: 0.7995708775706589
  view-data: 3.348761109635234
