times:
  landing: 1.0705305660003432
  view-data: 0.5506038409998837
