times:
  edit-metadata: 0.43054822692647576
  landing: 0.0674346899613738
  view-data: 0.20852664997801185
