times:
  edit-metadata: 1.5446153040975332
  landing: 0.7361412439495325
  view-data: 3.4143666233867407
