times:
  landing: 1.0945722999999816
  view-data: 0.5477905559999954
