times:
  edit-metadata: 1.4095538556575775
  landing: 0.114711944013834
  view-data: 0.26889429707080126
