times:
  edit-metadata: 0.44664633506909013
  landing: 0.04848254891112447
  view-data: 0.19938173610717058
