times:
  edit-metadata: 0.5038459850475192
  landing: 0.06742389500141144
  view-data: 0.2254003258422017
