times:
  landing: 0.5725840110000036
  view-data: 0.050244724000009455
