times:
  edit-metadata: 1.4266901463270187
  landing: 0.8370288200676441
  view-data: 3.329131808131933
