times:
  edit-metadata: 1.5337150041013956
  landing: 0.753663208335638
  view-data: 3.360551618039608
