times:
  edit-metadata: 1.5557465739548206
  landing: 0.9450617805123329
  view-data: 3.4543925523757935
