times:
  landing: 0.5482367690000274
  view-data: 0.5517192189999491
