times:
  edit-metadata: 1.356380913988687
  landing: 0.8794521529925987
  view-data: 3.3453178140334785
