times:
  edit-metadata: 0.6054664277471602
  landing: 0.0764633291400969
  view-data: 0.20698025077581406
