times:
  edit-metadata: 0.4269157825037837
  landing: 0.043703220784664154
  view-data: 0.20399993658065796
