times:
  edit-metadata: 0.4228255379712209
  landing: 0.06648798700189218
  view-data: 0.21220956201432273
