times:
  edit-metadata: 1.3967137075960636
  landing: 0.8420515768229961
  view-data: 3.319409728050232
