times:
  edit-metadata: 1.567628938704729
  landing: 0.8713332917541265
  view-data: 3.41765483468771
