times:
  edit-metadata: 1.3289413722231984
  landing: 0.020314550027251244
  view-data: 0.025497778318822384
