times:
  edit-metadata: 0.6288725460181013
  landing: 0.04900944701512344
  view-data: 0.18979014697833918
