times:
  landing: 0.5488303840000128
  view-data: 0.5516446370000097
