times:
  edit-metadata: 0.5178323648869991
  landing: 1.0337503980845213
  view-data: 0.29813725501298904
