times:
  edit-metadata: 1.7375427298247814
  landing: 0.996605359017849
  view-data: 3.3746063709259033
