times:
  landing: 0.554074503999999
  view-data: 0.5542546160000086
