times:
  edit-metadata: 0.5936138769611716
  landing: 0.0507478789659217
  view-data: 0.1904567520832643
