times:
  edit-metadata: 0.42723255418241024
  landing: 0.04821629403159022
  view-data: 0.19514086516574025
