times:
  edit-metadata: 1.3463714765384793
  landing: 0.14138370659202337
  view-data: 0.3195811668410897
