times:
  edit-metadata: 1.5445023402571678
  landing: 0.7293160632252693
  view-data: 3.4216797947883606
