times:
  edit-metadata: 0.6120553339715116
  landing: 0.04169917298713699
  view-data: 0.1858932480099611
