times:
  edit-metadata: 0.41648794896900654
  landing: 0.06860399898141623
  view-data: 0.2158124139532447
