times:
  edit-metadata: 1.2907505258917809
  landing: 0.13290045782923698
  view-data: 0.023800019174814224
