times:
  edit-metadata: 0.4652981529943645
  landing: 0.057120736222714186
  view-data: 0.19952201005071402
