times:
  edit-metadata: 0.5205680210201535
  landing: 0.21866134597803466
  view-data: 0.2185587740095798
