times:
  edit-metadata: 1.5435922648757696
  landing: 0.7696129865944386
  view-data: 3.41367769241333
