times:
  edit-metadata: 0.6112030767835677
  landing: 0.05672646593302488
  view-data: 0.1795094241388142
