times:
  edit-metadata: 1.281062813475728
  landing: 0.19966590777039528
  view-data: 0.2937817592173815
