times:
  edit-metadata: 2.0952550964429975
  landing: 1.055096977390349
  view-data: 3.4047994669526815
