times:
  edit-metadata: 0.6126304368954152
  landing: 0.055096809985116124
  view-data: 0.18310078186914325
