times:
  edit-metadata: 1.3008032869547606
  landing: 0.02088211104273796
  view-data: 0.12172304466366768
