times:
  edit-metadata: 0.5207361616194248
  landing: 0.0402848981320858
  view-data: 0.19256233237683773
