times:
  edit-metadata: 0.4712062901817262
  landing: 0.04427675995975733
  view-data: 0.20172979310154915
