times:
  edit-metadata: 0.45018993970006704
  landing: 0.04475032351911068
  view-data: 0.19647858664393425
