times:
  edit-metadata: 1.4334301482886076
  landing: 0.021121736615896225
  view-data: 0.42985324934124947
