times:
  edit-metadata: 0.4200671120197512
  landing: 0.06301003601402044
  view-data: 0.20822099997894838
