times:
  edit-metadata: 0.6437840820290148
  landing: 0.051833328092470765
  view-data: 0.19097537407651544
