times:
  edit-metadata: 0.6205706361215562
  landing: 0.05455323890782893
  view-data: 0.19734686915762722
