times:
  edit-metadata: 1.6230127550661564
  landing: 0.9045688547194004
  view-data: 3.3270127028226852
