times:
  edit-metadata: 0.4214702000026591
  landing: 0.06633598101325333
  view-data: 0.21302643598755822
