times:
  edit-metadata: 0.5489191375672817
  landing: 0.0516018345952034
  view-data: 0.18970323726534843
