times:
  edit-metadata: 0.46332110464572906
  landing: 1.0946760885417461
  view-data: 0.5873262379318476
