times:
  edit-metadata: 0.4228286650031805
  landing: 0.04282491886988282
  view-data: 0.1896456480026245
