times:
  edit-metadata: 1.5084596686065197
  landing: 0.8333992250263691
  view-data: 3.4561189115047455
