times:
  edit-metadata: 1.5739039368927479
  landing: 0.9683622270822525
  view-data: 3.3312389850616455
