times:
  edit-metadata: 1.4287380930036306
  landing: 0.14200903289020061
  view-data: 0.022769801318645477
