times:
  edit-metadata: 1.4691732414066792
  landing: 0.9215066954493523
  view-data: 3.3690907768905163
