times:
  edit-metadata: 0.6606141969095916
  landing: 0.05150215607136488
  view-data: 0.2791477919090539
