times:
  edit-metadata: 0.42495020059868693
  landing: 0.08217011438682675
  view-data: 0.2094936459325254
