times:
  edit-metadata: 0.6048333630897105
  landing: 0.05491022765636444
  view-data: 0.19794064993038774
