times:
  edit-metadata: 0.5020545851439238
  landing: 1.0946491360664368
  view-data: 0.581100245937705
