times:
  landing: 0.5545702320000032
  view-data: 0.5587650459999907
