times:
  edit-metadata: 1.494166560471058
  landing: 0.885941457003355
  view-data: 3.299399621784687
