times:
  edit-metadata: 1.4141981173306704
  landing: 0.19216092582792044
  view-data: 0.438104716129601
