times:
  edit-metadata: 0.4423964498564601
  landing: 0.04909495264291763
  view-data: 0.19615807989612222
