times:
  edit-metadata: 0.5533496309071779
  landing: 0.7757336460053921
  view-data: 0.18059157766401768
