times:
  edit-metadata: 1.6556651443243027
  landing: 0.957756619900465
  view-data: 3.425726465880871
