times:
  edit-metadata: 0.48621430499770213
  landing: 0.06110927800182253
  view-data: 0.2427989759889897
