times:
  edit-metadata: 1.3294769516214728
  landing: 0.20154213719069958
  view-data: 0.20891108084470034
