times:
  edit-metadata: 1.6676200218498707
  landing: 0.9350508414208889
  view-data: 3.440797444432974
