times:
  edit-metadata: 1.4107953049242496
  landing: 0.020163413137197495
  view-data: 0.45157765224575996
