times:
  edit-metadata: 0.4758558119647205
  landing: 0.0813994689960964
  view-data: 0.30207891803001985
