times:
  edit-metadata: 1.3961902167648077
  landing: 0.1245556864887476
  view-data: 0.12306247279047966
