times:
  landing: 1.0709322810000117
  view-data: 0.5559377379999546
