times:
  landing: 0.5494175370000107
  view-data: 0.5569062300000382
