times:
  landing: 1.605844697000009
  view-data: 0.5529299549999678
