times:
  edit-metadata: 0.49534763200063026
  landing: 0.04432087599707302
  view-data: 0.19407462699746247
