times:
  landing: 0.5489197990000321
  view-data: 0.5535304989998622
