times:
  edit-metadata: 1.468409314751625
  landing: 0.9117819406092167
  view-data: 3.251978937536478
