times:
  landing: 1.0967490409999527
  view-data: 0.5590432419999161
