times:
  edit-metadata: 1.3743477892130613
  landing: 0.021100901067256927
  view-data: 0.02867533266544342
