times:
  edit-metadata: 1.696541229262948
  landing: 0.2909031044691801
  view-data: 0.17501411586999893
