times:
  landing: 0.5561428169999942
  view-data: 0.5558655129999863
