times:
  edit-metadata: 1.3730888878926635
  landing: 0.12759528029710054
  view-data: 0.024163544178009033
