times:
  landing: 0.5488095769999859
  view-data: 0.5552528940000059
