times:
  edit-metadata: 0.4241592100006528
  landing: 0.06692383799236268
  view-data: 0.2210430270060897
