times:
  edit-metadata: 1.454135611653328
  landing: 0.8164952509105206
  view-data: 3.3218786865472794
