times:
  edit-metadata: 1.2902827449142933
  landing: 0.022378427907824516
  view-data: 0.43470541294664145
