times:
  edit-metadata: 0.426342043094337
  landing: 0.07161128520965576
  view-data: 0.20928400801494718
