times:
  edit-metadata: 1.2995845451951027
  landing: 0.021374625153839588
  view-data: 0.14381907042115927
