times:
  edit-metadata: 0.5640215575695038
  landing: 0.7916404865682125
  view-data: 0.18079223856329918
