times:
  edit-metadata: 0.6423065400158521
  landing: 0.054103381000459194
  view-data: 0.18498365397681482
