times:
  edit-metadata: 0.5245921709574759
  landing: 0.09737519593909383
  view-data: 0.21089590527117252
