times:
  edit-metadata: 0.42035225383006036
  landing: 0.07043372304178774
  view-data: 0.20954412990249693
