times:
  edit-metadata: 1.3694346779957414
  landing: 0.24871849827468395
  view-data: 0.3577171806246042
