times:
  edit-metadata: 1.4749999903142452
  landing: 0.8927574791014194
  view-data: 3.404274422675371
