times:
  edit-metadata: 0.4635437042452395
  landing: 0.046427319291979074
  view-data: 0.20824425900354981
