times:
  edit-metadata: 0.5405898448079824
  landing: 1.1290735136717558
  view-data: 1.102864632382989
