times:
  edit-metadata: 1.524301189929247
  landing: 0.8539913073182106
  view-data: 3.3512381091713905
