times:
  edit-metadata: 1.5914235720410943
  landing: 0.831091582775116
  view-data: 3.4261838160455227
