times:
  edit-metadata: 1.5405401773750782
  landing: 0.9454128779470921
  view-data: 3.413359310477972
