times:
  edit-metadata: 0.5124031789600849
  landing: 0.051467165350914
  view-data: 0.19253359735012054
