times:
  edit-metadata: 0.55402603559196
  landing: 1.259724574163556
  view-data: 0.29851996898651123
