times:
  edit-metadata: 1.5768430409952998
  landing: 0.8824408613145351
  view-data: 3.3865254474803805
