times:
  landing: 1.0624036269999806
  view-data: 0.544489494000004
