times:
  edit-metadata: 0.6053880080580711
  landing: 0.04258742183446884
  view-data: 0.19821763411164284
