times:
  edit-metadata: 0.8096855231560767
  landing: 0.07287020003423095
  view-data: 0.21328096697106957
