times:
  edit-metadata: 0.5251293685287237
  landing: 1.546899264678359
  view-data: 0.2905425690114498
