times:
  edit-metadata: 1.3850821275264025
  landing: 0.14085321873426437
  view-data: 0.16130761802196503
