times:
  edit-metadata: 0.534104485064745
  landing: 0.052986517548561096
  view-data: 0.19743815436959267
