times:
  edit-metadata: 1.5313525572419167
  landing: 0.8799033127725124
  view-data: 3.486189292743802
