times:
  edit-metadata: 0.526319890996092
  landing: 0.06578604299284052
  view-data: 0.22351333699771203
