times:
  edit-metadata: 1.2957088993862271
  landing: 0.20718001294881105
  view-data: 0.478139441460371
