times:
  edit-metadata: 0.6031329180113971
  landing: 0.040441300021484494
  view-data: 0.1894071529386565
