times:
  edit-metadata: 1.5854950621724129
  landing: 0.23956748098134995
  view-data: 0.32072464376688004
