times:
  edit-metadata: 1.3528148233890533
  landing: 0.020561518147587776
  view-data: 0.12063172832131386
