times:
  edit-metadata: 0.5653286334127188
  landing: 1.0381174739450216
  view-data: 0.4062166213989258
