times:
  edit-metadata: 1.32978799007833
  landing: 0.019981930032372475
  view-data: 0.026090851053595543
