times:
  landing: 0.5688597239999922
  view-data: 0.5623932809999701
