times:
  edit-metadata: 0.4427959858439863
  landing: 0.04469802137464285
  view-data: 0.19071738375350833
