times:
  landing: 0.5998599860000127
  view-data: 0.5558898680000084
