times:
  edit-metadata: 1.5007799826562405
  landing: 0.15938431397080421
  view-data: 0.050236720591783524
