times:
  edit-metadata: 0.5324509218335152
  landing: 0.5017785336822271
  view-data: 0.19264356419444084
