times:
  landing: 0.5522763879999957
  view-data: 0.5547335999999632
