times:
  edit-metadata: 1.583509422838688
  landing: 0.8624022603034973
  view-data: 3.3763870261609554
