times:
  landing: 0.5515298880000046
  view-data: 0.5558779790000017
