times:
  landing: 0.5493614350000087
  view-data: 0.5513714590000234
