times:
  edit-metadata: 1.6916260663419962
  landing: 0.33088431879878044
  view-data: 0.26664508134126663
