times:
  edit-metadata: 0.46465596789494157
  landing: 0.044091095216572285
  view-data: 0.19385093823075294
