times:
  landing: 0.5521352449999881
  view-data: 0.5525992450000103
