times:
  edit-metadata: 1.4401343194767833
  landing: 0.7721720281988382
  view-data: 3.394893515855074
