times:
  edit-metadata: 0.640702486038208
  landing: 0.11575552495196462
  view-data: 0.22226228192448616
