times:
  landing: 1.5949739380000096
  view-data: 0.5563797930000192
