times:
  edit-metadata: 0.48904280783608556
  landing: 0.06782961916178465
  view-data: 0.2133873999118805
