times:
  edit-metadata: 1.4545119553804398
  landing: 0.7409316617995501
  view-data: 3.3984090760350227
