times:
  edit-metadata: 0.7861374319763854
  landing: 0.08400748705025762
  view-data: 0.22354925202671438
