times:
  landing: 0.607071153999982
  view-data: 0.5573522029999936
