times:
  edit-metadata: 1.3037492642179132
  landing: 0.019275326281785965
  view-data: 0.38844732102006674
