times:
  landing: 0.5515867359999902
  view-data: 0.5511217289999877
