times:
  landing: 0.551435964999996
  view-data: 0.557811853999965
