times:
  edit-metadata: 1.5229181423783302
  landing: 0.7579444143921137
  view-data: 3.4128851387649775
