times:
  edit-metadata: 1.6607491225004196
  landing: 0.767930343747139
  view-data: 3.3844326585531235
