times:
  edit-metadata: 0.6162708578631282
  landing: 0.0487688803113997
  view-data: 0.1942127007059753
