times:
  edit-metadata: 0.6653425410040654
  landing: 0.04161147098056972
  view-data: 0.20531387900700793
