times:
  edit-metadata: 0.6030886974185705
  landing: 0.5161414537578821
  view-data: 0.20252316258847713
