times:
  edit-metadata: 1.40885828435421
  landing: 0.13097597658634186
  view-data: 0.02364497259259224
