times:
  landing: 0.5966778979999958
  view-data: 0.5513810980000073
