times:
  edit-metadata: 0.6120601000729948
  landing: 0.043110249913297594
  view-data: 0.1892257200088352
