times:
  edit-metadata: 0.7364425426349044
  landing: 0.11879393924027681
  view-data: 0.2054604492150247
