times:
  edit-metadata: 1.3088516825810075
  landing: 0.020590927451848984
  view-data: 0.024677030742168427
