times:
  edit-metadata: 0.42795762000605464
  landing: 0.07278782001230866
  view-data: 0.20374759001424536
