times:
  edit-metadata: 0.5196591429412365
  landing: 0.0815514080459252
  view-data: 0.21669780602678657
