times:
  edit-metadata: 2.070615401491523
  landing: 1.3550503179430962
  view-data: 3.399213614873588
