times:
  edit-metadata: 1.5637728683650494
  landing: 0.7875806968659163
  view-data: 3.4359203465282917
