times:
  landing: 0.5592477799999642
  view-data: 0.5582936750000158
