times:
  edit-metadata: 0.5685745775699615
  landing: 3.334430182352662
  view-data: 1.220021840184927
