times:
  edit-metadata: 1.7511473908089101
  landing: 1.0525561212562025
  view-data: 3.3918925812467933
