times:
  landing: 0.5445237010000028
  view-data: 0.5513794619999999
