times:
  edit-metadata: 1.642877135425806
  landing: 0.02207537554204464
  view-data: 0.3835370223969221
