times:
  edit-metadata: 1.4131386755034328
  landing: 0.020320460200309753
  view-data: 0.12432412896305323
