times:
  edit-metadata: 1.5430344324558973
  landing: 0.7650023251771927
  view-data: 3.428792743012309
