times:
  edit-metadata: 0.4242053269408643
  landing: 0.0448828162625432
  view-data: 0.20680026384070516
