times:
  edit-metadata: 0.4161767710465938
  landing: 0.07080284599214792
  view-data: 0.21340766490902752
