times:
  edit-metadata: 1.5697160810232162
  landing: 0.8505484443157911
  view-data: 3.4117892496287823
