times:
  edit-metadata: 1.2574064452201128
  landing: 0.12167981080710888
  view-data: 0.1233306210488081
