times:
  edit-metadata: 0.5175147679401562
  landing: 0.07214228995144367
  view-data: 0.21618237195070833
