times:
  edit-metadata: 0.6980533935129642
  landing: 0.6647346653044224
  view-data: 0.23516191355884075
