times:
  edit-metadata: 1.633554993197322
  landing: 0.9978853072971106
  view-data: 3.5063399570062757
