times:
  edit-metadata: 2.2386244433000684
  landing: 1.2758091185241938
  view-data: 3.9076734855771065
