times:
  edit-metadata: 0.4912978634238243
  landing: 0.05447993287816644
  view-data: 0.206509318202734
