times:
  landing: 0.5584814110000025
  view-data: 0.5618163109999728
