times:
  edit-metadata: 0.46178322611376643
  landing: 0.04516641981899738
  view-data: 0.1978990281932056
