times:
  edit-metadata: 1.5533474769908935
  landing: 0.9132513259537518
  view-data: 3.3562870119931176
