times:
  edit-metadata: 1.4577444568276405
  landing: 0.7694745101034641
  view-data: 3.363038804382086
