times:
  edit-metadata: 1.7679344844073057
  landing: 0.7582436576485634
  view-data: 3.475484799593687
