times:
  landing: 0.5548236440000665
  view-data: 0.5551141460000508
