times:
  landing: 1.079897021000079
  view-data: 0.560105202999921
