times:
  edit-metadata: 0.4643684644252062
  landing: 0.05336481984704733
  view-data: 0.19981809798628092
