times:
  edit-metadata: 1.4277504086494446
  landing: 0.8105789683759212
  view-data: 3.3203133530914783
