times:
  landing: 0.5506724359999566
  view-data: 0.5550136869999847
