times:
  edit-metadata: 1.4867590395733714
  landing: 0.8273592926561832
  view-data: 3.3442048504948616
