times:
  edit-metadata: 1.4775096336379647
  landing: 0.8473049476742744
  view-data: 3.283114343881607
