times:
  edit-metadata: 1.2895791959017515
  landing: 0.02066333219408989
  view-data: 0.2992494162172079
