times:
  edit-metadata: 0.6138721518218517
  landing: 1.108826208859682
  view-data: 0.5965843200683594
