times:
  edit-metadata: 1.5482998192310333
  landing: 0.6855648308992386
  view-data: 3.316283605992794
