times:
  edit-metadata: 1.2770914286375046
  landing: 0.12713442742824554
  view-data: 0.28511268459260464
