times:
  edit-metadata: 1.5231378078460693
  landing: 0.9966569468379021
  view-data: 3.371466103941202
