times:
  edit-metadata: 0.42613226200046483
  landing: 0.062661014002515
  view-data: 0.21689249100745656
