times:
  edit-metadata: 1.5510480739176273
  landing: 0.8288261201232672
  view-data: 3.4288487005978823
