times:
  edit-metadata: 1.55473056063056
  landing: 0.9977629892528057
  view-data: 3.4099723994731903
