times:
  edit-metadata: 1.5037274174392223
  landing: 1.189616721123457
  view-data: 3.291115455329418
