times:
  edit-metadata: 1.6221902146935463
  landing: 0.8786632306873798
  view-data: 3.2931063920259476
