times:
  edit-metadata: 0.5219412595033646
  landing: 0.5088807716965675
  view-data: 0.21535818837583065
