times:
  edit-metadata: 0.48745442999643274
  landing: 0.055013992998283356
  view-data: 0.21233073100302136
