times:
  landing: 0.5546809290000283
  view-data: 0.5517421680000325
