times:
  edit-metadata: 0.5709511041641235
  landing: 0.04894929751753807
  view-data: 0.18783599138259888
