times:
  edit-metadata: 0.5206446321681142
  landing: 0.045805648900568485
  view-data: 0.20188660360872746
