times:
  edit-metadata: 0.7717032539658248
  landing: 0.053219548892229795
  view-data: 0.1799303600564599
