times:
  edit-metadata: 2.1001508999615908
  landing: 8.152076726779342
  view-data: 3.551656749099493
