times:
  edit-metadata: 0.5384636400267482
  landing: 0.06462119473144412
  view-data: 0.20621832134202123
