times:
  edit-metadata: 2.0269837407395244
  landing: 0.2836881959810853
  view-data: 0.6719142543151975
