times:
  edit-metadata: 0.40896665293257684
  landing: 0.06717294792179018
  view-data: 0.34257772797718644
