times:
  edit-metadata: 1.5657787956297398
  landing: 0.9060707874596119
  view-data: 3.382996581494808
