times:
  landing: 1.0725555029999896
  view-data: 0.5557174870000381
