times:
  edit-metadata: 1.301216123625636
  landing: 0.02000623382627964
  view-data: 0.13418797217309475
