times:
  edit-metadata: 0.5092779919505119
  landing: 0.054357338696718216
  view-data: 0.1964690200984478
