times:
  landing: 1.0932770060000507
  view-data: 0.5643293190000236
