times:
  edit-metadata: 1.542450975626707
  landing: 0.8049194868654013
  view-data: 3.3983767237514257
