times:
  edit-metadata: 0.618895972147584
  landing: 0.7344313524663448
  view-data: 0.18084313534200191
