times:
  edit-metadata: 1.371415700763464
  landing: 0.01992219965904951
  view-data: 0.24846120085567236
