times:
  edit-metadata: 1.2162917699897662
  landing: 0.30125053599476814
  view-data: 0.30524599604541436
