times:
  edit-metadata: 1.2622492723166943
  landing: 0.7684142421931028
  view-data: 3.336527321487665
