times:
  edit-metadata: 0.5247989147901535
  landing: 0.04677514731884003
  view-data: 0.19497451186180115
