times:
  landing: 0.5587768259999848
  view-data: 0.5631334610000067
