times:
  landing: 1.0865118299999494
  view-data: 0.5676918490000276
