times:
  edit-metadata: 0.4485934446565807
  landing: 0.0440807961858809
  view-data: 0.21389406500384212
