times:
  landing: 0.5592154160000007
  view-data: 0.5629972629999997
