times:
  edit-metadata: 0.5225702449679375
  landing: 0.5247559454292059
  view-data: 0.18753182142972946
