times:
  edit-metadata: 1.4518372751772404
  landing: 0.15631340071558952
  view-data: 0.3172207120805979
