times:
  edit-metadata: 0.5431952774524689
  landing: 0.0507570244371891
  view-data: 0.20166656374931335
