times:
  edit-metadata: 1.3381299106404185
  landing: 0.019155054353177547
  view-data: 0.10124894510954618
