times:
  edit-metadata: 0.47031885012984276
  landing: 0.0673859347589314
  view-data: 0.20760890934616327
