times:
  edit-metadata: 0.4310871008783579
  landing: 0.05784496758133173
  view-data: 0.19574622297659516
