times:
  edit-metadata: 1.6525855287909508
  landing: 1.0396923534572124
  view-data: 3.4402658492326736
