times:
  edit-metadata: 0.512200266122818
  landing: 0.8225916214287281
  view-data: 0.19151167944073677
