times:
  edit-metadata: 0.5161229260265827
  landing: 0.05013463646173477
  view-data: 0.19629259034991264
