times:
  landing: 0.5563634069999921
  view-data: 0.5588567019999573
