times:
  edit-metadata: 1.4118341151624918
  landing: 0.019481872208416462
  view-data: 0.02636631205677986
