times:
  edit-metadata: 2.05675395578146
  landing: 0.9334687348455191
  view-data: 3.5798944644629955
