times:
  edit-metadata: 0.5805757031776011
  landing: 0.04295268701389432
  view-data: 0.18868573009967804
