times:
  edit-metadata: 1.3858517464250326
  landing: 0.020256290212273598
  view-data: 0.022512048482894897
