times:
  edit-metadata: 1.9979811664670706
  landing: 1.289590034633875
  view-data: 3.480560230091214
