times:
  edit-metadata: 0.47880607564002275
  landing: 0.048296426422894
  view-data: 0.20434710197150707
