times:
  edit-metadata: 0.6997859510593116
  landing: 0.0822734150569886
  view-data: 0.20056205801665783
