times:
  edit-metadata: 0.8809206609148532
  landing: 0.08796217385679483
  view-data: 0.1832529380917549
