times:
  edit-metadata: 0.49664518699864857
  landing: 0.07159349699941231
  view-data: 0.2073459700040985
