times:
  edit-metadata: 1.2960957251489162
  landing: 0.20929960627108812
  view-data: 0.02287461794912815
