times:
  edit-metadata: 1.3046966176480055
  landing: 0.019733423367142677
  view-data: 0.12350885849446058
