times:
  edit-metadata: 0.4694390702061355
  landing: 0.05043062288314104
  view-data: 0.32974737603217363
