times:
  edit-metadata: 0.5499156713485718
  landing: 0.04646984487771988
  view-data: 0.19620690867304802
