times:
  edit-metadata: 0.45415331702679396
  landing: 0.05252827424556017
  view-data: 0.5486397268250585
