times:
  edit-metadata: 2.6797502897679806
  landing: 0.9832052066922188
  view-data: 3.385543365031481
