times:
  edit-metadata: 1.561752062290907
  landing: 0.795846451073885
  view-data: 3.5767215080559254
