times:
  edit-metadata: 1.4758583419024944
  landing: 0.77274414524436
  view-data: 3.364828437566757
