times:
  edit-metadata: 2.429136950522661
  landing: 1.440179232507944
  view-data: 3.5222966969013214
