times:
  edit-metadata: 1.5301806181669235
  landing: 0.7528769373893738
  view-data: 3.357198655605316
