times:
  edit-metadata: 1.3874997831881046
  landing: 0.8072911240160465
  view-data: 3.293394323438406
