times:
  edit-metadata: 2.8889278545975685
  landing: 2.0361873023211956
  view-data: 3.9097773768007755
