times:
  edit-metadata: 1.6016619056463242
  landing: 0.8598020672798157
  view-data: 3.3162007927894592
