times:
  edit-metadata: 2.875621037557721
  landing: 1.6101733511313796
  view-data: 3.902579423971474
