times:
  edit-metadata: 2.0408135801553726
  landing: 0.02164222113788128
  view-data: 0.34655107744038105
