times:
  edit-metadata: 2.132337424904108
  landing: 1.0303009133785963
  view-data: 3.3909634770825505
