times:
  edit-metadata: 1.2429986177012324
  landing: 0.8174162730574608
  view-data: 3.4511370109394193
