times:
  edit-metadata: 3.4601272754371166
  landing: 0.04310533404350281
  view-data: 0.05652531422674656
