times:
  edit-metadata: 2.006825566291809
  landing: 0.02031666971743107
  view-data: 0.3407954890280962
