times:
  edit-metadata: 0.9821057268418372
  landing: 0.04651697911322117
  view-data: 0.24121847888454795
