times:
  edit-metadata: 1.5195855740457773
  landing: 1.0230770278722048
  view-data: 3.349851116538048
