times:
  edit-metadata: 2.036100015975535
  landing: 0.1340226698666811
  view-data: 0.02570319175720215
