times:
  edit-metadata: 1.472796306014061
  landing: 1.0934927016496658
  view-data: 3.342650607228279
