times:
  edit-metadata: 1.363295977935195
  landing: 0.7476052520796657
  view-data: 3.2777933767065406
