times:
  edit-metadata: 0.9914071070379578
  landing: 0.04265968798426911
  view-data: 0.2407301909988746
