times:
  edit-metadata: 1.6184197770198807
  landing: 0.13120756100397557
  view-data: 0.29458095799782313
