times:
  edit-metadata: 1.3688523061573505
  landing: 0.7480171700008214
  view-data: 3.3190966239199042
