times:
  edit-metadata: 2.16441679187119
  landing: 0.02285083569586277
  view-data: 0.3156125098466873
