times:
  edit-metadata: 1.479154471307993
  landing: 0.7210054844617844
  view-data: 3.299395725131035
