times:
  edit-metadata: 1.9519603662192822
  landing: 0.021616464480757713
  view-data: 0.024734705686569214
