times:
  edit-metadata: 1.4922569245100021
  landing: 0.8549786079674959
  view-data: 3.4222562834620476
