times:
  edit-metadata: 1.3933730144053698
  landing: 0.7933340799063444
  view-data: 3.3290323857218027
