times:
  edit-metadata: 1.9624311877414584
  landing: 0.02216267865151167
  view-data: 0.02778264321386814
