times:
  edit-metadata: 1.9590167980641127
  landing: 0.021107720211148262
  view-data: 0.027530509047210217
