times:
  edit-metadata: 1.8792637214064598
  landing: 0.019904482178390026
  view-data: 0.11747042462229729
