times:
  edit-metadata: 1.973470315337181
  landing: 0.02225399948656559
  view-data: 0.04774343688040972
