times:
  edit-metadata: 1.634146086871624
  landing: 0.9239444686099887
  view-data: 3.293526272289455
