times:
  edit-metadata: 1.2742484909831546
  landing: 0.07739081600448117
  view-data: 0.26648432901129127
