times:
  edit-metadata: 1.9596835849806666
  landing: 0.02232668735086918
  view-data: 0.12087131757289171
