times:
  edit-metadata: 0.9849339220672846
  landing: 0.04682725993916392
  view-data: 0.2381434089038521
