times:
  edit-metadata: 1.3673561047762632
  landing: 0.821856452152133
  view-data: 3.3466944359242916
