times:
  edit-metadata: 2.1015609931200743
  landing: 0.11830468103289604
  view-data: 0.32952750101685524
