times:
  edit-metadata: 2.0228359680622816
  landing: 0.0231825802475214
  view-data: 0.2804820388555527
