times:
  edit-metadata: 2.363962210714817
  landing: 1.1601000167429447
  view-data: 3.4281204529106617
