times:
  edit-metadata: 1.8526262985542417
  landing: 0.019420720636844635
  view-data: 0.026622407138347626
