times:
  edit-metadata: 1.071431759002735
  landing: 0.0607427880022442
  view-data: 0.25095430899818894
