times:
  edit-metadata: 1.9800786040723324
  landing: 0.9320975206792355
  view-data: 3.3767258003354073
