times:
  edit-metadata: 0.9717146360198967
  landing: 0.05538496299413964
  view-data: 0.24474671203643084
