times:
  edit-metadata: 0.9713362050242722
  landing: 0.05863386997953057
  view-data: 0.25460233399644494
