times:
  edit-metadata: 1.5065054632723331
  landing: 0.8469322994351387
  view-data: 3.558858208358288
