times:
  edit-metadata: 1.4118588757701218
  landing: 0.7902281270362437
  view-data: 3.3959297090768814
