times:
  edit-metadata: 2.6519498489797115
  landing: 1.5111013650894165
  view-data: 3.4287543073296547
