times:
  edit-metadata: 1.4090025201439857
  landing: 0.9067815877497196
  view-data: 3.294941820204258
