times:
  edit-metadata: 0.981672229943797
  landing: 0.044912387151271105
  view-data: 0.23488447116687894
