times:
  edit-metadata: 1.4510995969176292
  landing: 0.8333380054682493
  view-data: 3.4013130515813828
