times:
  edit-metadata: 2.035533733665943
  landing: 0.1974876932799816
  view-data: 0.11592714209109545
