times:
  edit-metadata: 0.9958956820191815
  landing: 0.043583924998529255
  view-data: 0.24028619099408388
