times:
  edit-metadata: 2.2527959253638983
  landing: 0.026198575273156166
  view-data: 0.3548023793846369
