times:
  edit-metadata: 1.3339225873351097
  landing: 0.8919104188680649
  view-data: 3.2877724580466747
