times:
  edit-metadata: 1.0736755053512752
  landing: 0.06585606513544917
  view-data: 0.23793011717498302
