times:
  edit-metadata: 1.247690699994564
  landing: 0.16233756905421615
  view-data: 0.23083807388320565
