times:
  edit-metadata: 2.099726552143693
  landing: 0.02315874584019184
  view-data: 0.027960417792201042
