times:
  edit-metadata: 1.6627233419567347
  landing: 0.8594111055135727
  view-data: 3.3579363767057657
