times:
  edit-metadata: 1.5658437870442867
  landing: 0.8602895028889179
  view-data: 3.409896943718195
