times:
  edit-metadata: 0.967839180957526
  landing: 0.04712000204017386
  view-data: 0.24457871000049636
