times:
  edit-metadata: 1.7477264311164618
  landing: 1.0944425854831934
  view-data: 3.428473277017474
