times:
  edit-metadata: 1.032767687982414
  landing: 0.041868412983603776
  view-data: 0.24174011003924534
