times:
  edit-metadata: 0.9833055560011417
  landing: 0.04761187406256795
  view-data: 0.24279714305885136
