times:
  edit-metadata: 1.9921753238886595
  landing: 0.11515484750270844
  view-data: 0.10490063577890396
