times:
  edit-metadata: 1.873787559568882
  landing: 1.206058718264103
  view-data: 3.366024862974882
