times:
  edit-metadata: 2.1313011087477207
  landing: 0.21753907576203346
  view-data: 0.02553616650402546
