times:
  edit-metadata: 4.127814717590809
  landing: 1.9871228635311127
  view-data: 3.7084894739091396
