times:
  edit-metadata: 1.3756716921925545
  landing: 0.8786434717476368
  view-data: 3.3058782890439034
