times:
  edit-metadata: 1.3287923969328403
  landing: 2.815513478592038
  view-data: 3.322127915918827
