times:
  edit-metadata: 1.9268457349389791
  landing: 0.021802769042551517
  view-data: 0.025829507037997246
