times:
  edit-metadata: 1.9766516434028745
  landing: 0.11436228640377522
  view-data: 0.39973639976233244
