times:
  edit-metadata: 1.0502214548178017
  landing: 0.08348825294524431
  view-data: 0.23667525919154286
