times:
  edit-metadata: 1.538219136185944
  landing: 0.9003099510446191
  view-data: 3.3840727414935827
