times:
  edit-metadata: 1.1001247779931873
  landing: 0.054330745013430715
  view-data: 0.25215905101504177
