times:
  edit-metadata: 2.642924528568983
  landing: 0.20832069031894207
  view-data: 0.15330575220286846
