times:
  edit-metadata: 1.3014895021915436
  landing: 0.05957089690491557
  view-data: 0.36281935311853886
