times:
  edit-metadata: 1.3822164027951658
  landing: 0.8200652268715203
  view-data: 3.367675257846713
