times:
  edit-metadata: 1.9165570363402367
  landing: 0.021028336137533188
  view-data: 0.1231930535286665
