times:
  edit-metadata: 1.0908576209913008
  landing: 0.06124577100854367
  view-data: 0.3770321820047684
