times:
  edit-metadata: 2.868166521191597
  landing: 1.3621503971517086
  view-data: 3.5967997908592224
