times:
  edit-metadata: 2.3340199384838343
  landing: 0.2486186996102333
  view-data: 0.029638169333338737
