times:
  edit-metadata: 2.422043865546584
  landing: 0.22857452742755413
  view-data: 0.022735491394996643
