times:
  edit-metadata: 1.9280917774885893
  landing: 0.020348154939711094
  view-data: 0.3446690058335662
