times:
  edit-metadata: 1.3540057903155684
  landing: 0.880691884085536
  view-data: 3.333750776015222
