times:
  edit-metadata: 0.9605461000464857
  landing: 0.04093257896602154
  view-data: 0.24413440201897174
