times:
  edit-metadata: 1.9090697690844536
  landing: 0.01942306850105524
  view-data: 0.02722883690148592
