times:
  edit-metadata: 1.4440645687282085
  landing: 0.7427127305418253
  view-data: 3.30867363139987
