times:
  edit-metadata: 2.5042478824034333
  landing: 1.2726639723405242
  view-data: 3.415521774441004
