times:
  edit-metadata: 1.3351546097546816
  landing: 0.7416489161550999
  view-data: 3.3851798456162214
