times:
  edit-metadata: 2.0265692370012403
  landing: 0.021016311831772327
  view-data: 0.4450135352090001
