times:
  edit-metadata: 2.2528099678456783
  landing: 1.5484060868620872
  view-data: 3.5871984362602234
