times:
  edit-metadata: 1.6829471848905087
  landing: 1.0419606268405914
  view-data: 3.404502624645829
