times:
  edit-metadata: 1.1028276779688895
  landing: 0.0685979530098848
  view-data: 0.2583599209901877
