times:
  edit-metadata: 2.0802656076848507
  landing: 0.12278334610164165
  view-data: 0.14209362491965294
