times:
  edit-metadata: 1.3122365679591894
  landing: 0.805838786996901
  view-data: 3.219866130966693
