times:
  edit-metadata: 2.8223102260380983
  landing: 0.22537642531096935
  view-data: 0.21299656108021736
