times:
  edit-metadata: 2.0885373605415225
  landing: 0.22849902417510748
  view-data: 0.49051130563020706
