times:
  edit-metadata: 1.5124919526278973
  landing: 0.9579764306545258
  view-data: 3.492710266262293
