times:
  edit-metadata: 2.030676840338856
  landing: 1.2041301559656858
  view-data: 3.5019161188974977
