times:
  edit-metadata: 2.396522630006075
  landing: 0.22048769146203995
  view-data: 0.2828400693833828
