times:
  edit-metadata: 2.0120289139449596
  landing: 0.24736028723418713
  view-data: 0.30189025960862637
