times:
  edit-metadata: 2.2077726516872644
  landing: 0.020239803940057755
  view-data: 0.16232372261583805
