times:
  edit-metadata: 0.9694087690440938
  landing: 0.04908176406752318
  view-data: 0.24044113093987107
