times:
  edit-metadata: 1.8912813449278474
  landing: 0.13599358685314655
  view-data: 0.41944856755435467
