times:
  edit-metadata: 1.5216719284653664
  landing: 0.8055798821151257
  view-data: 3.390634950250387
