times:
  edit-metadata: 2.6885689105838537
  landing: 1.2358421869575977
  view-data: 3.429078871384263
