times:
  edit-metadata: 2.1303432062268257
  landing: 1.3912820182740688
  view-data: 3.4285767935216427
