times:
  edit-metadata: 1.4026903035119176
  landing: 0.912331941537559
  view-data: 3.3188190599903464
