times:
  edit-metadata: 1.5406718775629997
  landing: 0.8355370163917542
  view-data: 3.4545821845531464
