times:
  edit-metadata: 0.9668295758310705
  landing: 0.0458504781126976
  view-data: 0.23857509600929916
