times:
  edit-metadata: 1.372371049132198
  landing: 0.054414800368249416
  view-data: 0.35585309471935034
