times:
  edit-metadata: 1.2052100169239566
  landing: 0.06438241095747799
  view-data: 0.2655301789054647
