times:
  edit-metadata: 0.9571051900275052
  landing: 0.042182513047009706
  view-data: 0.24239906785078347
