times:
  edit-metadata: 1.519023071974516
  landing: 1.305432215332985
  view-data: 3.33636162430048
