times:
  edit-metadata: 1.4120951741933823
  landing: 0.9555993005633354
  view-data: 3.3161169812083244
