times:
  edit-metadata: 2.801752982661128
  landing: 0.22278642654418945
  view-data: 0.6411270927637815
