times:
  edit-metadata: 1.2961245384067297
  landing: 0.8132836129516363
  view-data: 3.442392747849226
