times:
  edit-metadata: 2.0421458426862955
  landing: 0.22805112041532993
  view-data: 0.3353752251714468
