times:
  edit-metadata: 1.6518861576914787
  landing: 0.9597636386752129
  view-data: 3.5273849107325077
