times:
  edit-metadata: 1.5113884024322033
  landing: 1.0610461561009288
  view-data: 3.44082994107157
