times:
  edit-metadata: 1.100441318936646
  landing: 0.046586666256189346
  view-data: 0.25101448595523834
