times:
  edit-metadata: 1.3438416719436646
  landing: 0.7076853234320879
  view-data: 3.2997103054076433
