times:
  edit-metadata: 2.01468887552619
  landing: 0.022441308945417404
  view-data: 0.02630448341369629
