times:
  edit-metadata: 1.2015701979398727
  landing: 0.08409092016518116
  view-data: 0.2622676226310432
