times:
  edit-metadata: 1.4117249799892306
  landing: 0.8566031465306878
  view-data: 3.39480575080961
