times:
  edit-metadata: 1.4735180360730737
  landing: 1.0212909451220185
  view-data: 3.3821641879621893
