times:
  edit-metadata: 1.4008331820368767
  landing: 0.8019298762083054
  view-data: 3.3682524003088474
