times:
  edit-metadata: 1.7723187431693077
  landing: 1.167262952774763
  view-data: 3.3938220627605915
