times:
  edit-metadata: 1.3655418269336224
  landing: 0.7927834447473288
  view-data: 3.3346510641276836
