times:
  edit-metadata: 1.421597819775343
  landing: 2.056838136166334
  view-data: 3.5646698251366615
