times:
  edit-metadata: 1.9422874553129077
  landing: 0.020930929109454155
  view-data: 0.12083999067544937
