times:
  edit-metadata: 1.945828857831657
  landing: 0.020956147462129593
  view-data: 0.18985577765852213
