times:
  edit-metadata: 1.539404422044754
  landing: 0.869795523583889
  view-data: 3.4550753235816956
