times:
  edit-metadata: 1.0614109510206617
  landing: 0.04602840403094888
  view-data: 0.243500174023211
