times:
  edit-metadata: 1.9058975903317332
  landing: 0.022081615403294563
  view-data: 0.45436078030616045
