times:
  edit-metadata: 1.9298837250098586
  landing: 0.021443041041493416
  view-data: 0.12029315903782845
