times:
  edit-metadata: 2.0937984697520733
  landing: 1.1775913462042809
  view-data: 3.3708197996020317
