times:
  edit-metadata: 1.411293680779636
  landing: 0.8078176178969443
  view-data: 3.3705817153677344
