times:
  edit-metadata: 1.9866976328194141
  landing: 0.21709838323295116
  view-data: 0.241516737267375
