times:
  edit-metadata: 2.007235048338771
  landing: 0.24450881220400333
  view-data: 0.023746978491544724
