times:
  edit-metadata: 1.5696366094052792
  landing: 0.7776205632835627
  view-data: 3.46877702511847
