times:
  edit-metadata: 0.9746614589821547
  landing: 0.0537324920296669
  view-data: 0.24167822196613997
