times:
  edit-metadata: 5.172442717477679
  landing: 0.3492903644219041
  view-data: 0.7643248261883855
