times:
  edit-metadata: 1.9245234979316592
  landing: 0.021921195089817047
  view-data: 0.09819200076162815
