times:
  edit-metadata: 1.0923429660033435
  landing: 0.04698218300472945
  view-data: 0.2681746859452687
