times:
  edit-metadata: 2.008595730178058
  landing: 1.2559017748571932
  view-data: 3.3374900920316577
