times:
  edit-metadata: 1.9830884961411357
  landing: 0.023025112226605415
  view-data: 0.025175449438393116
