times:
  edit-metadata: 1.2826520008966327
  landing: 0.04911603219807148
  view-data: 0.2700588428415358
