times:
  edit-metadata: 1.3177083861082792
  landing: 0.74978232011199
  view-data: 3.2836434952914715
