times:
  edit-metadata: 1.4668675605207682
  landing: 0.811343664303422
  view-data: 3.450296077877283
