times:
  edit-metadata: 1.5995704233646393
  landing: 0.9310919269919395
  view-data: 3.425216805189848
