times:
  edit-metadata: 0.9656916559906676
  landing: 0.04930263897404075
  view-data: 0.24903586198342964
