times:
  edit-metadata: 2.3538621868938208
  landing: 1.2725378321483731
  view-data: 3.700439723674208
