times:
  edit-metadata: 2.2956438427791
  landing: 1.30410473421216
  view-data: 3.4894946506246924
