times:
  edit-metadata: 1.9355670735239983
  landing: 0.20691408216953278
  view-data: 0.11480584926903248
