times:
  edit-metadata: 1.9444635668769479
  landing: 0.020649993792176247
  view-data: 0.11821017134934664
