times:
  edit-metadata: 0.9570760580245405
  landing: 0.050891751889139414
  view-data: 0.36712472094222903
