times:
  edit-metadata: 1.15848466695752
  landing: 0.07356488896766677
  view-data: 0.2548348510172218
