times:
  edit-metadata: 1.8937313836067915
  landing: 0.020191135816276073
  view-data: 0.40319482889026403
