times:
  edit-metadata: 1.6510463319718838
  landing: 0.8596351826563478
  view-data: 3.3585662483237684
