times:
  edit-metadata: 1.4968088809400797
  landing: 0.9627110026776791
  view-data: 3.346417708322406
