times:
  edit-metadata: 0.9786260219989344
  landing: 0.043545923079364
  view-data: 0.3765284010441974
