times:
  edit-metadata: 1.4681121297180653
  landing: 0.9774479195475578
  view-data: 3.3603676594793797
