times:
  edit-metadata: 1.3010876271873713
  landing: 0.11521550733596087
  view-data: 0.3358094817958772
