times:
  edit-metadata: 1.942205999046564
  landing: 0.020342200994491577
  view-data: 0.02653577458113432
