times:
  edit-metadata: 1.2800598861649632
  landing: 0.7029621927067637
  view-data: 3.273410366848111
