times:
  edit-metadata: 1.338344401679933
  landing: 0.6988875167444348
  view-data: 3.2965506138280034
