times:
  edit-metadata: 1.3876873478293419
  landing: 0.764056446030736
  view-data: 3.322531258687377
