times:
  edit-metadata: 1.3485396094620228
  landing: 0.7682237233966589
  view-data: 3.303192039951682
