times:
  edit-metadata: 2.0546672642230988
  landing: 1.8656029663980007
  view-data: 3.580891475081444
