times:
  edit-metadata: 2.02108595892787
  landing: 0.16793874092400074
  view-data: 0.2911765705794096
