times:
  edit-metadata: 2.0850903801620007
  landing: 0.09474017098546028
  view-data: 0.026178358122706413
