times:
  edit-metadata: 2.115940861403942
  landing: 0.09717170149087906
  view-data: 0.024309704080224037
