times:
  edit-metadata: 1.4506412260234356
  landing: 0.04782108124345541
  view-data: 0.23390411771833897
