times:
  edit-metadata: 1.931147526949644
  landing: 0.01938667707145214
  view-data: 0.02329184953123331
