times:
  edit-metadata: 1.0717706879368052
  landing: 0.04854458698537201
  view-data: 0.24874336400534958
