times:
  edit-metadata: 1.3578197695314884
  landing: 0.8304843045771122
  view-data: 3.4216123148798943
