times:
  edit-metadata: 1.532740507274866
  landing: 0.940811519511044
  view-data: 3.455938670784235
