times:
  edit-metadata: 1.1169253061525524
  landing: 0.04586639208719134
  view-data: 0.24338127905502915
