times:
  edit-metadata: 3.3360121734440327
  landing: 0.7536242064088583
  view-data: 3.453010907396674
