times:
  edit-metadata: 1.608584400266409
  landing: 1.1456919237971306
  view-data: 3.3739186292514205
