times:
  edit-metadata: 2.3150578532367945
  landing: 0.04260263592004776
  view-data: 0.024811234325170517
