times:
  edit-metadata: 1.5706402994692326
  landing: 0.9828728958964348
  view-data: 3.347154028713703
