times:
  edit-metadata: 2.226389380171895
  landing: 0.020445315167307854
  view-data: 0.02662588469684124
