times:
  edit-metadata: 1.5848461855202913
  landing: 0.8798771370202303
  view-data: 3.3768284656107426
