times:
  edit-metadata: 1.0875085479929112
  landing: 0.04859649995341897
  view-data: 0.2644770829938352
