times:
  edit-metadata: 2.145115532912314
  landing: 0.22930800914764404
  view-data: 0.4156283410266042
