times:
  edit-metadata: 1.5103010758757591
  landing: 0.9516305159777403
  view-data: 3.4907438717782497
