times:
  edit-metadata: 1.5499910376966
  landing: 0.9478271789848804
  view-data: 3.4400447234511375
