times:
  edit-metadata: 1.3588392566889524
  landing: 0.9560314640402794
  view-data: 3.3528485242277384
