times:
  edit-metadata: 1.9180188961327076
  landing: 0.026277449913322926
  view-data: 0.12574308644980192
