times:
  edit-metadata: 0.9771192201878875
  landing: 0.05321743409149349
  view-data: 0.24070687498897314
