times:
  edit-metadata: 2.2480516973882914
  landing: 0.14451160840690136
  view-data: 0.11986118368804455
