times:
  edit-metadata: 2.0920968241989613
  landing: 0.02342073805630207
  view-data: 0.027288073673844337
