times:
  edit-metadata: 0.9704800120089203
  landing: 0.04414914082735777
  view-data: 0.23283056914806366
