times:
  edit-metadata: 1.5498333722352982
  landing: 0.7233908772468567
  view-data: 3.367280937731266
