times:
  edit-metadata: 1.4769537281244993
  landing: 0.7818675115704536
  view-data: 3.292406916618347
