times:
  edit-metadata: 2.664116896688938
  landing: 1.3451937716454268
  view-data: 4.041487008333206
