times:
  edit-metadata: 1.423994991928339
  landing: 1.212573815137148
  view-data: 3.3659274466335773
