times:
  edit-metadata: 1.5140482652932405
  landing: 0.9913764595985413
  view-data: 3.353409346193075
