times:
  edit-metadata: 2.0569312162697315
  landing: 0.11169461347162724
  view-data: 0.024901121854782104
