times:
  edit-metadata: 1.9777426086366177
  landing: 0.01891701016575098
  view-data: 0.024624595418572426
