times:
  edit-metadata: 2.0919532161206007
  landing: 0.021438196301460266
  view-data: 0.11935044638812542
