times:
  edit-metadata: 0.9896796969696879
  landing: 0.043213438941165805
  view-data: 0.23440691002178937
