times:
  edit-metadata: 0.9852071090135723
  landing: 0.05151804396882653
  view-data: 0.25420282408595085
