times:
  edit-metadata: 0.9600811821874231
  landing: 0.04782468290068209
  view-data: 0.24766857107169926
