times:
  edit-metadata: 1.6398444678634405
  landing: 0.9407311929389834
  view-data: 3.3330018841661513
