times:
  edit-metadata: 1.4455541968345642
  landing: 0.9463522285223007
  view-data: 3.3518054373562336
