times:
  edit-metadata: 1.7653663102537394
  landing: 1.0101972194388509
  view-data: 3.3903790721669793
