times:
  edit-metadata: 2.2499099411070347
  landing: 1.4291695468127728
  view-data: 3.6295088715851307
