times:
  edit-metadata: 1.00318091805093
  landing: 0.05181541689671576
  view-data: 0.2259469700511545
