times:
  edit-metadata: 1.9042458981275558
  landing: 0.02156071923673153
  view-data: 0.11910926550626755
