times:
  edit-metadata: 0.9677574471570551
  landing: 0.04864601185545325
  view-data: 0.2273514806292951
