times:
  edit-metadata: 1.497088696807623
  landing: 0.826740738004446
  view-data: 3.3949104957282543
