times:
  edit-metadata: 2.3390000723302364
  landing: 0.4522043764591217
  view-data: 0.14190064184367657
