times:
  edit-metadata: 2.435484768822789
  landing: 0.27644119039177895
  view-data: 0.02461215853691101
