times:
  edit-metadata: 1.4859150536358356
  landing: 0.8230469636619091
  view-data: 3.3674490582197905
