times:
  edit-metadata: 2.0816004276275635
  landing: 0.01930226944386959
  view-data: 0.023493709042668343
