times:
  edit-metadata: 2.040369435213506
  landing: 0.021219490095973015
  view-data: 0.029191902838647366
