times:
  edit-metadata: 1.4591809138655663
  landing: 1.0366807617247105
  view-data: 3.2918987218290567
