times:
  edit-metadata: 1.910981960594654
  landing: 0.022328633815050125
  view-data: 0.02807926107198
