times:
  edit-metadata: 1.1219320900127059
  landing: 0.07367984700249508
  view-data: 0.2661196709959768
