times:
  edit-metadata: 1.4180505368858576
  landing: 0.7631177846342325
  view-data: 3.273845463991165
