times:
  edit-metadata: 2.0448880176991224
  landing: 0.2369592897593975
  view-data: 0.024415278807282448
