times:
  edit-metadata: 1.4824347868561745
  landing: 1.000995371490717
  view-data: 3.472771104425192
