times:
  edit-metadata: 1.4804611653089523
  landing: 0.9163835030049086
  view-data: 3.4286047611385584
