times:
  edit-metadata: 1.8946411041542888
  landing: 0.01945791393518448
  view-data: 0.10341051314026117
