times:
  edit-metadata: 1.613979995250702
  landing: 1.0211810655891895
  view-data: 3.4370997808873653
