times:
  edit-metadata: 1.946488769724965
  landing: 1.612047533504665
  view-data: 3.6111129326745868
