times:
  edit-metadata: 1.8747874526306987
  landing: 0.02126678917557001
  view-data: 0.10663814097642899
