times:
  edit-metadata: 2.350046070292592
  landing: 0.28175321593880653
  view-data: 0.027113663032650948
