times:
  edit-metadata: 1.5464510153979063
  landing: 0.884366987273097
  view-data: 3.297801371663809
