times:
  edit-metadata: 1.42539531015791
  landing: 0.96148951491341
  view-data: 3.482780722901225
