times:
  edit-metadata: 2.039664969779551
  landing: 0.16974840499460697
  view-data: 0.025239475071430206
