times:
  edit-metadata: 1.7471324298530817
  landing: 0.7959987595677376
  view-data: 3.3458572812378407
