times:
  edit-metadata: 1.4157778760418296
  landing: 0.7754800422117114
  view-data: 3.3932377668097615
