times:
  edit-metadata: 1.548915196210146
  landing: 5.603167314082384
  view-data: 3.4390441365540028
