times:
  edit-metadata: 1.6160341016948223
  landing: 1.0777837671339512
  view-data: 3.324265543371439
