times:
  edit-metadata: 1.5283464901149273
  landing: 1.4240714721381664
  view-data: 3.343183346092701
