times:
  edit-metadata: 1.9417397743090987
  landing: 0.09598552621901035
  view-data: 0.12326248362660408
