times:
  edit-metadata: 0.9880009440239519
  landing: 0.04507542308419943
  view-data: 0.2398917800746858
