times:
  edit-metadata: 1.558032587170601
  landing: 0.7175123542547226
  view-data: 3.417179925367236
