times:
  edit-metadata: 1.4308187700808048
  landing: 0.7431851457804441
  view-data: 3.2811288628727198
