times:
  edit-metadata: 0.9757655849971343
  landing: 0.04511081500095315
  view-data: 0.23818232800113037
