times:
  edit-metadata: 1.9550303919240832
  landing: 0.019198312424123287
  view-data: 0.39712617825716734
