times:
  edit-metadata: 0.9814387522637844
  landing: 0.04632896091789007
  view-data: 0.23731726594269276
