times:
  edit-metadata: 1.9500933419913054
  landing: 0.022443816997110844
  view-data: 0.39262148179113865
