times:
  edit-metadata: 1.0618327429983765
  landing: 0.10972474900336238
  view-data: 0.2720411729969783
