times:
  edit-metadata: 1.5608786889351904
  landing: 1.0291871121153235
  view-data: 3.4159202752634883
