times:
  edit-metadata: 1.378215964883566
  landing: 0.9034040234982967
  view-data: 3.2810836881399155
