times:
  edit-metadata: 1.641636734828353
  landing: 0.7887706682085991
  view-data: 3.871277067810297
