times:
  edit-metadata: 1.896164957433939
  landing: 1.1447174288332462
  view-data: 3.433118276298046
