times:
  edit-metadata: 2.1046710442751646
  landing: 0.020345022901892662
  view-data: 0.14532279036939144
