times:
  edit-metadata: 3.004506729543209
  landing: 1.6526948101818562
  view-data: 3.71086267195642
