times:
  edit-metadata: 1.9268374452367425
  landing: 0.13063604664057493
  view-data: 0.024329508654773235
