times:
  edit-metadata: 1.6349143646657467
  landing: 0.940308216959238
  view-data: 3.4485138803720474
