times:
  edit-metadata: 1.5493763387203217
  landing: 0.9799701161682606
  view-data: 3.428022515028715
