times:
  edit-metadata: 1.5624953247606754
  landing: 1.1563682705163956
  view-data: 3.430219754576683
