times:
  edit-metadata: 1.9514308106154203
  landing: 0.021431129425764084
  view-data: 0.028502164408564568
