times:
  edit-metadata: 2.0847939290106297
  landing: 0.020157068967819214
  view-data: 0.13951568491756916
