times:
  edit-metadata: 1.3908860683441162
  landing: 0.05533842369914055
  view-data: 0.2628177679143846
