times:
  edit-metadata: 1.5339892357587814
  landing: 1.0847368501126766
  view-data: 3.455610491335392
