times:
  edit-metadata: 2.3116513174027205
  landing: 0.15358511358499527
  view-data: 0.028698772192001343
