times:
  edit-metadata: 1.91678018681705
  landing: 0.01992636453360319
  view-data: 0.023569158278405666
