times:
  edit-metadata: 2.170776003971696
  landing: 0.022341428324580193
  view-data: 0.14855528250336647
