times:
  edit-metadata: 2.146305339410901
  landing: 0.2246654126793146
  view-data: 0.14075868763029575
