times:
  edit-metadata: 1.616191491484642
  landing: 0.9990710727870464
  view-data: 3.4243501126766205
