times:
  edit-metadata: 1.3681759107857943
  landing: 0.7522757221013308
  view-data: 3.44530282728374
