times:
  edit-metadata: 0.9499805040250067
  landing: 0.042371570016257465
  view-data: 0.373763775016414
