times:
  edit-metadata: 1.913523856550455
  landing: 0.020164615474641323
  view-data: 0.02577656041830778
