times:
  edit-metadata: 2.0791319217532873
  landing: 0.01914786733686924
  view-data: 0.3477248530834913
