times:
  edit-metadata: 1.4254783599171788
  landing: 0.7727111568674445
  view-data: 3.3514556500595063
