times:
  edit-metadata: 1.9911882663145661
  landing: 0.02222532033920288
  view-data: 0.10094726178795099
