times:
  edit-metadata: 1.4931832221336663
  landing: 0.8370767030864954
  view-data: 3.4098705749493092
