times:
  edit-metadata: 1.2966233901679516
  landing: 0.8675936087965965
  view-data: 3.285181066021323
