times:
  edit-metadata: 1.41132145607844
  landing: 0.7196233295835555
  view-data: 3.496638194657862
