times:
  edit-metadata: 2.6080459598451853
  landing: 0.29252668656408787
  view-data: 0.3245226554572582
