times:
  edit-metadata: 1.5145351588726044
  landing: 0.963895570486784
  view-data: 3.3597259372472763
