times:
  edit-metadata: 0.964129552943632
  landing: 0.046283585019409657
  view-data: 0.23838302493095398
