times:
  edit-metadata: 1.335626158863306
  landing: 0.7735643219202757
  view-data: 3.2886209040880203
