times:
  edit-metadata: 2.234473930671811
  landing: 0.02130519226193428
  view-data: 0.3543460052460432
