times:
  edit-metadata: 1.3982957741245627
  landing: 0.8280672868713737
  view-data: 3.345697703771293
