times:
  edit-metadata: 1.128706855000928
  landing: 0.06562674697488546
  view-data: 0.2714279049541801
