times:
  edit-metadata: 0.9971095959190279
  landing: 0.05142890301067382
  view-data: 0.22824327903799713
