times:
  edit-metadata: 1.4838653951883316
  landing: 1.0573875717818737
  view-data: 3.3323960825800896
