times:
  edit-metadata: 1.522821817547083
  landing: 0.9557373598217964
  view-data: 3.4175358843058348
