times:
  edit-metadata: 1.9028700767084956
  landing: 0.02100363001227379
  view-data: 0.11779060680419207
