times:
  edit-metadata: 1.5069761499762535
  landing: 0.7668533660471439
  view-data: 3.4045816492289305
