times:
  edit-metadata: 2.3697657957673073
  landing: 0.30507286079227924
  view-data: 0.33007456734776497
