times:
  edit-metadata: 0.9665944569997009
  landing: 0.048855774000003294
  view-data: 0.23501856500024587
