times:
  edit-metadata: 2.090375028550625
  landing: 0.18425645492970943
  view-data: 0.023910989984869957
