times:
  edit-metadata: 1.6456561014056206
  landing: 0.9739617593586445
  view-data: 3.3043673895299435
