times:
  edit-metadata: 1.287714112084359
  landing: 0.06769782677292824
  view-data: 0.2375201629474759
