times:
  edit-metadata: 2.0725434217602015
  landing: 0.18681209906935692
  view-data: 0.33704647421836853
