times:
  edit-metadata: 1.9333102069795132
  landing: 1.0180287547409534
  view-data: 3.388953361660242
