times:
  edit-metadata: 0.9839005609974265
  landing: 0.054876775946468115
  view-data: 0.24393382482230663
