times:
  edit-metadata: 1.6188939772546291
  landing: 0.7971175387501717
  view-data: 3.4135904740542173
