times:
  edit-metadata: 1.396898178383708
  landing: 0.7622672822326422
  view-data: 3.3613936845213175
