times:
  edit-metadata: 1.4701082836836576
  landing: 0.892649456858635
  view-data: 3.417462873272598
