times:
  edit-metadata: 1.489791365340352
  landing: 0.9441107772290707
  view-data: 3.386381985619664
