times:
  edit-metadata: 1.9054265543818474
  landing: 0.019825692288577557
  view-data: 0.025031371973454952
