times:
  edit-metadata: 1.389273850247264
  landing: 0.7914469372481108
  view-data: 3.3321345895528793
