times:
  edit-metadata: 0.977915195049718
  landing: 0.04876186000183225
  view-data: 0.24365540803410113
