times:
  edit-metadata: 1.081645941012539
  landing: 0.052383744972757995
  view-data: 0.23949649697169662
