times:
  edit-metadata: 1.6034738309681416
  landing: 1.1397528126835823
  view-data: 3.337023165076971
