times:
  edit-metadata: 3.1413143752142787
  landing: 0.3822032706812024
  view-data: 0.46988216880708933
