times:
  edit-metadata: 1.341203484684229
  landing: 0.869342751801014
  view-data: 3.9144171811640263
