times:
  edit-metadata: 1.4105581436306238
  landing: 0.8566996222361922
  view-data: 3.2856684774160385
