times:
  edit-metadata: 1.470338860526681
  landing: 0.8584362231194973
  view-data: 3.314654191955924
