times:
  edit-metadata: 0.976082120090723
  landing: 0.04693838185630739
  view-data: 0.2436716000083834
