times:
  edit-metadata: 1.8900193711742759
  landing: 1.814407047815621
  view-data: 3.4438521806150675
