times:
  edit-metadata: 1.2503624521195889
  landing: 0.7980220881290734
  view-data: 3.3739049560390413
