times:
  edit-metadata: 2.244346681982279
  landing: 1.5082820169627666
  view-data: 3.481754545122385
