times:
  edit-metadata: 2.3708589039742947
  landing: 0.359462708234787
  view-data: 0.41254582442343235
