times:
  edit-metadata: 2.0168764581903815
  landing: 0.16600439231842756
  view-data: 0.43601236678659916
