times:
  edit-metadata: 2.354629760608077
  landing: 0.1578262783586979
  view-data: 0.4315200876444578
