times:
  edit-metadata: 3.399823436513543
  landing: 0.29738533683121204
  view-data: 0.5591512192040682
