times:
  edit-metadata: 1.3055907648522407
  landing: 0.7601147419773042
  view-data: 3.2822084510698915
