times:
  edit-metadata: 1.5243012215942144
  landing: 0.825331206433475
  view-data: 3.306450618430972
