times:
  edit-metadata: 1.6455716080963612
  landing: 1.0668465606868267
  view-data: 3.3916226401925087
