times:
  edit-metadata: 1.0452073269989341
  landing: 0.07162240300385747
  view-data: 0.24920506600028602
