times:
  edit-metadata: 1.4661603085696697
  landing: 0.8052172176539898
  view-data: 3.373831234872341
