times:
  edit-metadata: 1.4619722813367844
  landing: 1.0263913534581661
  view-data: 3.3322832956910133
