times:
  edit-metadata: 1.0530143850483
  landing: 0.047743481933139265
  view-data: 0.24332306499127299
