times:
  edit-metadata: 1.9921007566154003
  landing: 1.228626362979412
  view-data: 3.5796779729425907
