times:
  edit-metadata: 1.7332297265529633
  landing: 1.2017795890569687
  view-data: 3.8189850747585297
