times:
  edit-metadata: 1.5236839279532433
  landing: 1.0599995087832212
  view-data: 3.3244751766324043
