times:
  edit-metadata: 1.3790169637650251
  landing: 0.8703391030430794
  view-data: 3.34883021004498
