times:
  edit-metadata: 1.4872210081666708
  landing: 1.1146778892725706
  view-data: 3.3096594996750355
