times:
  edit-metadata: 1.347065519541502
  landing: 0.9707490019500256
  view-data: 3.357316743582487
