times:
  edit-metadata: 2.54468260332942
  landing: 0.14440514706075191
  view-data: 0.18004108220338821
