times:
  edit-metadata: 1.7419880293309689
  landing: 1.0921334773302078
  view-data: 3.368916392326355
