times:
  edit-metadata: 1.5025476887822151
  landing: 1.0174726620316505
  view-data: 3.3978491090238094
