times:
  edit-metadata: 1.3429458253085613
  landing: 0.7097420264035463
  view-data: 3.322993142530322
