times:
  edit-metadata: 0.9792175539769232
  landing: 0.048116739839315414
  view-data: 0.23910536710172892
