times:
  edit-metadata: 2.1748972553759813
  landing: 0.2395255845040083
  view-data: 0.04834159463644028
