times:
  edit-metadata: 1.366120096296072
  landing: 0.9697054848074913
  view-data: 3.293910887092352
