times:
  edit-metadata: 1.8352689882740378
  landing: 0.9847816918045282
  view-data: 3.378198686055839
