times:
  edit-metadata: 1.3599287370452657
  landing: 0.9371512680081651
  view-data: 3.4630282829748467
