times:
  edit-metadata: 0.9809524319134653
  landing: 0.04846088890917599
  view-data: 0.23711452796123922
