times:
  edit-metadata: 2.022617707028985
  landing: 0.1317660016939044
  view-data: 0.3802485326305032
