times:
  edit-metadata: 1.5669733807444572
  landing: 1.0268059633672237
  view-data: 3.5098060332238674
