times:
  edit-metadata: 1.4762073908932507
  landing: 0.8916815957054496
  view-data: 3.295998025685549
