times:
  edit-metadata: 2.1132841166108847
  landing: 0.24571171589195728
  view-data: 0.027767593041062355
