times:
  edit-metadata: 2.3616528511047363
  landing: 0.2688794080168009
  view-data: 0.3215940576046705
