times:
  edit-metadata: 2.401881607249379
  landing: 0.0203416608273983
  view-data: 0.13854694738984108
