times:
  edit-metadata: 1.6032448075711727
  landing: 0.7596799619495869
  view-data: 3.285522785037756
