times:
  edit-metadata: 1.2830705889500678
  landing: 0.05756010627374053
  view-data: 0.38766257418319583
