times:
  edit-metadata: 0.992617473937571
  landing: 0.051731395069509745
  view-data: 0.24782489519566298
