times:
  edit-metadata: 2.161643898114562
  landing: 0.02123746369034052
  view-data: 0.12135779857635498
