times:
  edit-metadata: 1.5052706561982632
  landing: 0.9731505699455738
  view-data: 3.3135913759469986
