times:
  edit-metadata: 1.444936916232109
  landing: 0.8473754972219467
  view-data: 3.2719276286661625
