times:
  edit-metadata: 1.4114692760631442
  landing: 0.8105133110657334
  view-data: 3.3268153658136725
