times:
  edit-metadata: 1.5120621584355831
  landing: 0.8071485981345177
  view-data: 3.3556983917951584
