times:
  edit-metadata: 1.5037732347846031
  landing: 0.9349535033106804
  view-data: 3.409978959709406
