times:
  edit-metadata: 0.9896434911061078
  landing: 0.052247921004891396
  view-data: 0.24149231216870248
