times:
  edit-metadata: 0.9781627310439944
  landing: 0.04767362913116813
  view-data: 0.23720335797406733
