times:
  edit-metadata: 3.4536857660859823
  landing: 2.910047195851803
  view-data: 3.9040333442389965
