times:
  edit-metadata: 3.8899326408281922
  landing: 0.6380317229777575
  view-data: 0.8592072948813438
