times:
  edit-metadata: 1.539940556511283
  landing: 0.9031824376434088
  view-data: 3.4095747731626034
