times:
  edit-metadata: 1.0332891889847815
  landing: 0.04348280793055892
  view-data: 0.23424038896337152
