times:
  edit-metadata: 1.9901101402938366
  landing: 0.02018278744071722
  view-data: 0.028674031607806683
