times:
  edit-metadata: 1.9876793269068003
  landing: 0.02438829094171524
  view-data: 0.025578496977686882
