times:
  edit-metadata: 2.0577415730804205
  landing: 0.32413897290825844
  view-data: 0.13113348931074142
