times:
  edit-metadata: 1.4669403368607163
  landing: 0.7995075271464884
  view-data: 3.3883008090779185
