times:
  edit-metadata: 1.9390987772494555
  landing: 0.021483330987393856
  view-data: 0.5315238321200013
