times:
  edit-metadata: 2.0684657022356987
  landing: 0.1972611676901579
  view-data: 0.024524401873350143
