times:
  edit-metadata: 0.9805557500803843
  landing: 0.042976381024345756
  view-data: 0.24486210802569985
