times:
  edit-metadata: 1.330317858606577
  landing: 0.7917699571698904
  view-data: 3.3825754523277283
