times:
  edit-metadata: 2.2955726459622383
  landing: 0.9885330088436604
  view-data: 3.5277035124599934
