times:
  edit-metadata: 2.0466637071222067
  landing: 0.21393408626317978
  view-data: 0.025317799299955368
