times:
  edit-metadata: 1.9418283347040415
  landing: 0.02112815622240305
  view-data: 0.12408236414194107
