times:
  edit-metadata: 1.5165563561022282
  landing: 0.9313742034137249
  view-data: 3.3918991275131702
