times:
  edit-metadata: 1.4446065868251026
  landing: 0.8057533469982445
  view-data: 3.3435656810179353
