times:
  edit-metadata: 2.900669714435935
  landing: 0.2196395741775632
  view-data: 0.9545240858569741
