times:
  edit-metadata: 2.3193286173045635
  landing: 0.24259225465357304
  view-data: 0.15810307301580906
