times:
  edit-metadata: 2.072752906009555
  landing: 0.2396497968584299
  view-data: 0.025857076048851013
