times:
  edit-metadata: 1.403422687202692
  landing: 0.7474213447421789
  view-data: 3.4002789724618196
