times:
  edit-metadata: 1.235388042870909
  landing: 0.08223101310431957
  view-data: 0.37081411480903625
