times:
  edit-metadata: 2.076205462217331
  landing: 1.120719313621521
  view-data: 3.3524977788329124
