times:
  edit-metadata: 1.3503059726208448
  landing: 0.7806895729154348
  view-data: 3.254931505769491
