times:
  edit-metadata: 1.701217562891543
  landing: 0.8750134008005261
  view-data: 3.3455471443012357
