times:
  edit-metadata: 1.6651096884161234
  landing: 1.0144457798451185
  view-data: 3.372970873489976
