times:
  edit-metadata: 2.2918896172195673
  landing: 0.26620794273912907
  view-data: 0.3093913719058037
