times:
  edit-metadata: 2.320804938673973
  landing: 0.020444756373763084
  view-data: 0.05996776930987835
