times:
  edit-metadata: 1.512966077774763
  landing: 0.784171910956502
  view-data: 3.359133063815534
