times:
  edit-metadata: 1.6341177076101303
  landing: 0.7573077082633972
  view-data: 3.378427628427744
