times:
  edit-metadata: 1.0551050050416961
  landing: 0.045559637947008014
  view-data: 0.25139601004775614
