times:
  edit-metadata: 1.9352875035256147
  landing: 0.018980564549565315
  view-data: 0.023136360570788383
