times:
  edit-metadata: 1.3764741756021976
  landing: 0.8747396012768149
  view-data: 3.3969270065426826
