times:
  edit-metadata: 2.202601043507457
  landing: 0.22205918282270432
  view-data: 0.1487721335142851
