times:
  edit-metadata: 1.5592222847044468
  landing: 0.9177014827728271
  view-data: 3.2869609147310257
