times:
  edit-metadata: 1.9301732880994678
  landing: 0.02374460082501173
  view-data: 0.13599758595228195
