times:
  edit-metadata: 1.3864179886877537
  landing: 0.7098943367600441
  view-data: 3.3098839949816465
