times:
  edit-metadata: 1.949573921971023
  landing: 0.17885766364634037
  view-data: 0.3107786579057574
