times:
  edit-metadata: 1.4070130065083504
  landing: 0.7816353850066662
  view-data: 3.323927789926529
