times:
  edit-metadata: 1.0994623666629195
  landing: 0.07157015614211559
  view-data: 0.24757864233106375
