times:
  edit-metadata: 1.857735350728035
  landing: 0.020695620216429234
  view-data: 0.10305342823266983
