times:
  edit-metadata: 1.5166577734053135
  landing: 0.8249887675046921
  view-data: 3.4542808029800653
