times:
  edit-metadata: 1.9287579506635666
  landing: 0.12145918793976307
  view-data: 0.11618678458034992
