times:
  edit-metadata: 1.4392916150391102
  landing: 0.8124828413128853
  view-data: 3.375776655972004
