times:
  edit-metadata: 0.9832103468943387
  landing: 0.04591345903463662
  view-data: 0.2490455089136958
