times:
  edit-metadata: 1.975610145367682
  landing: 0.12339651118963957
  view-data: 0.023749176412820816
