times:
  edit-metadata: 1.9481005715206265
  landing: 0.019787359982728958
  view-data: 0.4941291632130742
