times:
  edit-metadata: 1.3800425649387762
  landing: 0.7817971780896187
  view-data: 3.2660347369965166
