times:
  edit-metadata: 2.025852307677269
  landing: 0.02126406505703926
  view-data: 0.026995189487934113
