times:
  edit-metadata: 2.6932824719697237
  landing: 0.30993316881358624
  view-data: 0.3534943237900734
