times:
  edit-metadata: 1.4017190597951412
  landing: 0.8557365871965885
  view-data: 3.2689716666936874
