times:
  edit-metadata: 2.223405208438635
  landing: 7.4900608621537685
  view-data: 3.4749803096055984
