times:
  edit-metadata: 1.9689784329384565
  landing: 0.15577460918575525
  view-data: 0.09988042898476124
