times:
  edit-metadata: 1.5927186351036653
  landing: 0.8701742339180782
  view-data: 3.348721602000296
