times:
  edit-metadata: 1.4054761482402682
  landing: 0.04256565123796463
  view-data: 0.25664569018408656
