times:
  edit-metadata: 2.177717126905918
  landing: 0.211204769089818
  view-data: 0.3584396131336689
