times:
  edit-metadata: 1.969584838487208
  landing: 0.02283752989023924
  view-data: 0.12386980932205915
