times:
  edit-metadata: 2.381704879924655
  landing: 0.22214815393090248
  view-data: 0.02538524940609932
