times:
  edit-metadata: 2.292215196415782
  landing: 0.1482895277440548
  view-data: 0.302119467407465
