times:
  edit-metadata: 1.3457802273333073
  landing: 1.0086797066032887
  view-data: 3.2480058446526527
