times:
  edit-metadata: 0.9756069320719689
  landing: 0.0445955500472337
  view-data: 0.25351075595244765
