times:
  edit-metadata: 2.5933759585022926
  landing: 0.019650300964713097
  view-data: 0.1619065087288618
