times:
  edit-metadata: 1.5643625035881996
  landing: 0.9280456006526947
  view-data: 3.333362393081188
