times:
  edit-metadata: 1.5837036147713661
  landing: 1.0527301356196404
  view-data: 3.3838541507720947
