times:
  edit-metadata: 1.5947059132158756
  landing: 1.0770737417042255
  view-data: 3.3632962331175804
