times:
  edit-metadata: 0.9863330367952585
  landing: 0.04201788711361587
  view-data: 0.24468070012517273
