times:
  edit-metadata: 2.0488411746919155
  landing: 0.2538924440741539
  view-data: 0.2933782283216715
