times:
  edit-metadata: 1.0481163599761203
  landing: 0.05558571399888024
  view-data: 0.24609503796091303
