times:
  edit-metadata: 1.0846696109510958
  landing: 0.040850646793842316
  view-data: 0.3785123098641634
