times:
  edit-metadata: 2.085127040743828
  landing: 0.019821368157863617
  view-data: 0.023229362443089485
