times:
  edit-metadata: 1.7086991593241692
  landing: 1.1536325626075268
  view-data: 3.391345899552107
