times:
  edit-metadata: 1.5058298669755459
  landing: 0.8350365236401558
  view-data: 3.441705845296383
