times:
  edit-metadata: 1.3356247119954787
  landing: 0.29218391398899257
  view-data: 0.30671666300622746
