times:
  edit-metadata: 1.7188995340839028
  landing: 1.0076012120116502
  view-data: 3.4703080999897793
