times:
  edit-metadata: 1.973232926800847
  landing: 0.19887094479054213
  view-data: 0.29271496925503016
