times:
  edit-metadata: 2.6197003526613116
  landing: 0.22248725313693285
  view-data: 0.17553462088108063
