times:
  edit-metadata: 0.9622988780029118
  landing: 0.049843816086649895
  view-data: 0.2397985439747572
