times:
  edit-metadata: 1.9887192696332932
  landing: 0.14576642960309982
  view-data: 0.45247905422002077
