times:
  edit-metadata: 1.985627794638276
  landing: 0.16502679511904716
  view-data: 0.35411023907363415
