times:
  edit-metadata: 1.9646729165688157
  landing: 0.018726949580013752
  view-data: 0.3405280774459243
