times:
  edit-metadata: 2.102437686175108
  landing: 1.0387422516942024
  view-data: 3.482750967144966
