times:
  edit-metadata: 3.154702225700021
  landing: 1.8031855300068855
  view-data: 3.725742554292083
