times:
  edit-metadata: 1.918000491335988
  landing: 0.02066338248550892
  view-data: 0.11734699085354805
