times:
  edit-metadata: 0.9856714969791938
  landing: 0.048299036017851904
  view-data: 0.23929306599893607
