times:
  edit-metadata: 1.5423697172664106
  landing: 0.828891817945987
  view-data: 3.3750080200843513
