times:
  edit-metadata: 1.6962752619292587
  landing: 1.077665971009992
  view-data: 3.3649985040538013
