times:
  edit-metadata: 1.277590398909524
  landing: 0.6798844719305634
  view-data: 3.3233424280770123
