times:
  edit-metadata: 0.9663857229752466
  landing: 0.052051633945666254
  view-data: 0.2414173010038212
