times:
  edit-metadata: 2.031033660285175
  landing: 0.12038215901702642
  view-data: 0.026677650399506092
