times:
  edit-metadata: 1.8961504390463233
  landing: 0.023144817911088467
  view-data: 0.4241914739832282
