times:
  edit-metadata: 1.9353115111589432
  landing: 0.02163434587419033
  view-data: 0.11917812284082174
