times:
  edit-metadata: 2.000745054334402
  landing: 0.02803749404847622
  view-data: 0.025434087961912155
