times:
  edit-metadata: 1.4910948742181063
  landing: 0.8947425931692123
  view-data: 3.568792363628745
