times:
  edit-metadata: 1.4786333292722702
  landing: 1.0760570243000984
  view-data: 3.35486913099885
