times:
  edit-metadata: 1.3378333309665322
  landing: 0.10989203490316868
  view-data: 0.3527634018100798
