times:
  edit-metadata: 1.4268571119755507
  landing: 0.09481406697886996
  view-data: 0.29124398101703264
