times:
  edit-metadata: 2.0669994289055467
  landing: 0.2045230260118842
  view-data: 0.024582713842391968
