times:
  edit-metadata: 0.9900715863332152
  landing: 0.04742357600480318
  view-data: 0.2412448893301189
