times:
  edit-metadata: 1.6398728415369987
  landing: 1.0545128360390663
  view-data: 3.3178716376423836
