times:
  edit-metadata: 1.6133983843028545
  landing: 0.7958555109798908
  view-data: 3.432707102969289
