times:
  edit-metadata: 1.6002800408750772
  landing: 0.8292158488184214
  view-data: 3.340003464370966
