times:
  edit-metadata: 1.4351275898516178
  landing: 0.7405891600064933
  view-data: 3.292585161048919
