times:
  edit-metadata: 1.9985888078808784
  landing: 0.21264416817575693
  view-data: 0.2334869783371687
