times:
  edit-metadata: 2.1109354700893164
  landing: 0.02018062025308609
  view-data: 0.3378036953508854
