times:
  edit-metadata: 2.1199015993624926
  landing: 0.12768695689737797
  view-data: 0.024723054841160774
