times:
  edit-metadata: 2.097456179559231
  landing: 1.6684395149350166
  view-data: 3.45671483874321
