times:
  edit-metadata: 1.545787401497364
  landing: 1.261406198143959
  view-data: 3.358810532838106
