times:
  edit-metadata: 1.5010100593790412
  landing: 0.8328730734065175
  view-data: 3.409466083161533
