times:
  edit-metadata: 1.9404329750686884
  landing: 0.02035600319504738
  view-data: 0.22942697629332542
