times:
  edit-metadata: 0.9854998899390921
  landing: 0.04742249904666096
  view-data: 0.2330864469986409
