times:
  edit-metadata: 1.0962392560004446
  landing: 0.05256154900052934
  view-data: 0.256574523999916
