times:
  edit-metadata: 1.3719328381121159
  landing: 0.791665568947792
  view-data: 3.2847206834703684
