times:
  edit-metadata: 0.9798923786729574
  landing: 0.04999083420261741
  view-data: 0.23773429403081536
