times:
  edit-metadata: 1.9895078632980585
  landing: 0.17212409526109695
  view-data: 0.4480695305392146
