times:
  edit-metadata: 1.648533709347248
  landing: 1.028051484376192
  view-data: 3.4295528642833233
