times:
  edit-metadata: 1.5439418144524097
  landing: 0.8108500726521015
  view-data: 3.3754845783114433
