times:
  edit-metadata: 1.535350501537323
  landing: 1.0658806078135967
  view-data: 3.340952567756176
