times:
  edit-metadata: 1.2701846389099956
  landing: 0.7719897218048573
  view-data: 3.3500939337536693
