times:
  edit-metadata: 2.0981179047375917
  landing: 0.20084176398813725
  view-data: 0.1474588457494974
