times:
  edit-metadata: 1.5525920428335667
  landing: 0.944838160648942
  view-data: 3.3187301233410835
