times:
  edit-metadata: 2.1256054965779185
  landing: 0.2208343017846346
  view-data: 0.030327368527650833
