times:
  edit-metadata: 1.9739596052095294
  landing: 0.020361365750432014
  view-data: 0.4198334068059921
