times:
  edit-metadata: 1.9569285493344069
  landing: 0.02304772660136223
  view-data: 0.027011032216250896
