times:
  edit-metadata: 1.5809031166136265
  landing: 0.8970018681138754
  view-data: 3.3980902675539255
