times:
  edit-metadata: 1.958323335275054
  landing: 0.20774980820715427
  view-data: 0.12574301473796368
