times:
  edit-metadata: 1.9149031303822994
  landing: 0.021681200712919235
  view-data: 0.0256724264472723
