times:
  edit-metadata: 1.5400510616600513
  landing: 0.973176620900631
  view-data: 3.418469648808241
