times:
  edit-metadata: 2.4116984643042088
  landing: 0.025767356157302856
  view-data: 0.1369898784905672
