times:
  edit-metadata: 2.0799883399158716
  landing: 0.22081070765852928
  view-data: 0.2983025498688221
