times:
  edit-metadata: 2.2290595024824142
  landing: 0.25160033255815506
  view-data: 0.3924705721437931
