times:
  edit-metadata: 1.726297840476036
  landing: 1.1565708257257938
  view-data: 3.3091589994728565
