times:
  edit-metadata: 1.1542332090320997
  landing: 0.05624488997273147
  view-data: 0.25620991102186963
