times:
  edit-metadata: 1.4999361960217357
  landing: 0.9856725869467482
  view-data: 3.36226607800927
