times:
  edit-metadata: 1.6400084849447012
  landing: 0.9572224849835038
  view-data: 3.521025339141488
