times:
  edit-metadata: 1.310061088996008
  landing: 0.6990149510093033
  view-data: 3.2840464438777417
