times:
  edit-metadata: 0.9833348660031334
  landing: 0.04292805099976249
  view-data: 0.2391188720066566
