times:
  edit-metadata: 1.4117150083184242
  landing: 0.7898800782859325
  view-data: 3.296050690114498
