times:
  edit-metadata: 2.1626570094376802
  landing: 0.13026016764342785
  view-data: 0.32536303997039795
