times:
  edit-metadata: 1.705790352076292
  landing: 0.9777735993266106
  view-data: 3.365604657679796
