times:
  edit-metadata: 1.9982684198766947
  landing: 0.01929379627108574
  view-data: 0.29654950462281704
