times:
  edit-metadata: 1.2064594738185406
  landing: 0.06646586582064629
  view-data: 0.27942918986082077
