times:
  edit-metadata: 2.514519120566547
  landing: 1.109147198498249
  view-data: 3.7268566451966763
