times:
  edit-metadata: 2.49539839848876
  landing: 0.20059996470808983
  view-data: 0.3082329723984003
