times:
  edit-metadata: 1.4561612159013748
  landing: 0.9091159738600254
  view-data: 3.3457696475088596
