times:
  edit-metadata: 2.1080202106386423
  landing: 0.11936644837260246
  view-data: 0.15351483412086964
