times:
  edit-metadata: 1.6598101742565632
  landing: 0.7209984287619591
  view-data: 3.307693473994732
