times:
  edit-metadata: 1.631137814372778
  landing: 1.3188267461955547
  view-data: 3.400345552712679
