times:
  edit-metadata: 1.3861303012818098
  landing: 1.0902282036840916
  view-data: 3.3507324010133743
