times:
  edit-metadata: 1.067918128799647
  landing: 0.07052320102229714
  view-data: 0.25279541220515966
