times:
  edit-metadata: 1.4787629656493664
  landing: 0.744441032409668
  view-data: 3.2881392128765583
