times:
  edit-metadata: 1.5642506666481495
  landing: 0.8397612683475018
  view-data: 3.4240342639386654
