times:
  edit-metadata: 1.799683790653944
  landing: 1.0483392290771008
  view-data: 3.2981667779386044
