times:
  edit-metadata: 0.978613959858194
  landing: 0.04590848507359624
  view-data: 0.3777261399663985
