times:
  edit-metadata: 2.2475951723754406
  landing: 0.2994477301836014
  view-data: 0.41284617595374584
