times:
  edit-metadata: 1.4316513128578663
  landing: 0.8263867869973183
  view-data: 3.329672232270241
