times:
  edit-metadata: 1.295376192778349
  landing: 0.7024383428506553
  view-data: 3.2609566026367247
