times:
  edit-metadata: 2.04288880713284
  landing: 0.18618603609502316
  view-data: 0.1298625785857439
