times:
  edit-metadata: 1.9484546417370439
  landing: 0.023134745657444
  view-data: 0.11640503164380789
