times:
  edit-metadata: 2.1214067060500383
  landing: 0.18886719644069672
  view-data: 0.02922188676893711
