times:
  edit-metadata: 1.0810850970447063
  landing: 0.05332044092938304
  view-data: 0.26232773205265403
