times:
  edit-metadata: 1.0687260637059808
  landing: 0.06373804621398449
  view-data: 0.24303802382200956
