times:
  edit-metadata: 2.265384016558528
  landing: 1.3886095136404037
  view-data: 3.6284413132816553
