times:
  edit-metadata: 1.6387783251702785
  landing: 0.8393538855016232
  view-data: 3.42025850340724
