times:
  edit-metadata: 2.72228329628706
  landing: 1.6733448598533869
  view-data: 3.96089044213295
