times:
  edit-metadata: 2.2709175273776054
  landing: 1.3958820030093193
  view-data: 3.5960482992231846
