times:
  edit-metadata: 2.534670503810048
  landing: 0.35647487826645374
  view-data: 0.026584239676594734
