times:
  edit-metadata: 1.3950938830384985
  landing: 0.7580543200019747
  view-data: 3.3114596110535786
