times:
  edit-metadata: 1.0827865070023108
  landing: 0.05559693698887713
  view-data: 0.38528974101063795
