times:
  edit-metadata: 1.3607590752653778
  landing: 0.9615938407368958
  view-data: 3.3834669799543917
