times:
  edit-metadata: 1.5534562729299068
  landing: 1.0609220638871193
  view-data: 3.3264605067670345
