times:
  edit-metadata: 1.0314417739864439
  landing: 0.07140254392288625
  view-data: 0.2522065790835768
