times:
  edit-metadata: 1.0747966039925814
  landing: 0.10866046301089227
  view-data: 0.24230975698446855
