times:
  edit-metadata: 1.056094640865922
  landing: 0.05990211293101311
  view-data: 0.23974096681922674
