times:
  edit-metadata: 1.0427781702019274
  landing: 0.06994757615029812
  view-data: 0.24588201893493533
