times:
  edit-metadata: 1.9563890667632222
  landing: 1.4351532366126776
  view-data: 3.4776060339063406
