times:
  edit-metadata: 1.319847353734076
  landing: 0.13649837393313646
  view-data: 0.23635258665308356
