times:
  edit-metadata: 1.4906058087944984
  landing: 1.0603075064718723
  view-data: 3.4511770829558372
