times:
  edit-metadata: 1.275798958959058
  landing: 0.7440635990351439
  view-data: 3.3131219120696187
