times:
  edit-metadata: 1.105823154997779
  landing: 0.05535731799318455
  view-data: 0.25102873900323175
