times:
  edit-metadata: 1.038976770825684
  landing: 0.07381313596852124
  view-data: 0.2386952501256019
