times:
  edit-metadata: 2.0152556523680687
  landing: 0.022682225331664085
  view-data: 0.14899487793445587
