times:
  edit-metadata: 1.2595570711418986
  landing: 0.06657720496878028
  view-data: 0.3666062029078603
