times:
  edit-metadata: 2.898976109921932
  landing: 1.2927280254662037
  view-data: 3.690817154943943
