times:
  edit-metadata: 1.1841594916768372
  landing: 0.13458923576399684
  view-data: 0.3828207729384303
