times:
  edit-metadata: 1.4482107907533646
  landing: 0.9220899045467377
  view-data: 3.3657942563295364
