times:
  edit-metadata: 1.5993036925792694
  landing: 0.8777341209352016
  view-data: 3.3513560630381107
