times:
  edit-metadata: 1.5429589981213212
  landing: 0.8224639957770705
  view-data: 3.3988228300586343
