times:
  edit-metadata: 1.0492358088959008
  landing: 0.04296107706613839
  view-data: 0.24563949508592486
