times:
  edit-metadata: 1.0321695680031553
  landing: 0.052060354966670275
  view-data: 0.24990570999216288
