times:
  edit-metadata: 2.5087432954460382
  landing: 1.4039442352950573
  view-data: 3.8143064212054014
