times:
  edit-metadata: 1.5579829178750515
  landing: 0.9287625104188919
  view-data: 3.3277148082852364
