times:
  edit-metadata: 1.476564939133823
  landing: 0.822248718701303
  view-data: 3.3389178439974785
