times:
  edit-metadata: 1.5431592799723148
  landing: 0.9477155543863773
  view-data: 3.382423609495163
