times:
  edit-metadata: 2.0861645471304655
  landing: 0.021963326260447502
  view-data: 0.4133551884442568
