times:
  edit-metadata: 1.0499842432327569
  landing: 0.06469756690785289
  view-data: 0.25125748896971345
