times:
  edit-metadata: 1.0841530569596216
  landing: 0.04417024599388242
  view-data: 0.25597043603193015
