times:
  edit-metadata: 1.086886285978835
  landing: 0.0521985050290823
  view-data: 0.25097740802448243
