times:
  edit-metadata: 1.1566362339945044
  landing: 0.045711215992923826
  view-data: 0.27092365799762774
