times:
  edit-metadata: 1.5179118551313877
  landing: 0.9147041141986847
  view-data: 3.45783226005733
