times:
  edit-metadata: 1.4586918596178293
  landing: 0.798108534887433
  view-data: 3.330149224959314
