times:
  edit-metadata: 2.028121292591095
  landing: 0.019618980586528778
  view-data: 0.026876229792833328
