times:
  edit-metadata: 1.4144502058625221
  landing: 0.9974862895905972
  view-data: 0.5832269750535488
