times:
  edit-metadata: 2.3339566849172115
  landing: 0.24820062704384327
  view-data: 0.3657656405121088
