times:
  edit-metadata: 1.3325807712972164
  landing: 0.8623947370797396
  view-data: 3.321100629866123
