times:
  edit-metadata: 2.5466873683035374
  landing: 1.6121004577726126
  view-data: 3.974940814077854
