times:
  edit-metadata: 1.5245064869523048
  landing: 0.8145114369690418
  view-data: 3.3778489623218775
