times:
  edit-metadata: 2.3447737861424685
  landing: 0.31968374364078045
  view-data: 0.3473288118839264
