times:
  edit-metadata: 1.1815027371048927
  landing: 0.09198286896571517
  view-data: 0.27863013790920377
