times:
  edit-metadata: 2.0094214361160994
  landing: 0.1288217417895794
  view-data: 0.3369388524442911
