times:
  edit-metadata: 1.18907969299471
  landing: 0.05342892601038329
  view-data: 0.25861910299863666
