times:
  edit-metadata: 1.3667244240641594
  landing: 0.7966139130294323
  view-data: 3.356556799262762
