times:
  edit-metadata: 3.2894027698785067
  landing: 0.02799062244594097
  view-data: 0.17174692638218403
