times:
  edit-metadata: 1.0768693930003792
  landing: 0.05378902499796823
  view-data: 0.24426500796107575
