times:
  edit-metadata: 1.077988487901166
  landing: 0.04374091909267008
  view-data: 0.2521776969078928
