times:
  edit-metadata: 1.5383874103426933
  landing: 0.9280341453850269
  view-data: 3.3964291475713253
