times:
  edit-metadata: 1.7919065915048122
  landing: 0.9614106044173241
  view-data: 3.3354477444663644
