times:
  edit-metadata: 2.279907964169979
  landing: 0.0210562851279974
  view-data: 0.06601691618561745
