times:
  edit-metadata: 1.5315312445163727
  landing: 1.044109869748354
  view-data: 3.391169186681509
