times:
  edit-metadata: 1.671614115126431
  landing: 0.7915119156241417
  view-data: 3.4694922594353557
