times:
  edit-metadata: 1.518336534500122
  landing: 0.8033516593277454
  view-data: 3.4228581115603447
