times:
  edit-metadata: 1.9675206085667014
  landing: 1.1881388910114765
  view-data: 3.3642459576949477
