times:
  edit-metadata: 2.0508072301745415
  landing: 1.468036387115717
  view-data: 3.442450363188982
