times:
  edit-metadata: 1.547790827229619
  landing: 0.8208933938294649
  view-data: 3.3671574108302593
