times:
  edit-metadata: 1.9731418397277594
  landing: 0.20861461386084557
  view-data: 0.02604561299085617
