times:
  edit-metadata: 1.6598680391907692
  landing: 0.9699029065668583
  view-data: 3.4345633424818516
