times:
  edit-metadata: 1.6265451833605766
  landing: 1.0732753658667207
  view-data: 3.3198512084782124
