times:
  edit-metadata: 1.5318951904773712
  landing: 0.9928411841392517
  view-data: 3.33072267845273
