times:
  edit-metadata: 1.402644271031022
  landing: 0.062215425074100494
  view-data: 0.24492952274158597
