times:
  edit-metadata: 1.2472399831749499
  landing: 0.1227972349151969
  view-data: 0.24302702210843563
