times:
  edit-metadata: 1.5232053846120834
  landing: 0.8009733706712723
  view-data: 3.409198949113488
