times:
  edit-metadata: 1.0539845360908657
  landing: 0.07389404298737645
  view-data: 0.2487646760419011
