times:
  edit-metadata: 2.270441699773073
  landing: 0.2675415873527527
  view-data: 0.334657384082675
