times:
  edit-metadata: 1.4395972974598408
  landing: 0.9748972058296204
  view-data: 3.4394326508045197
