times:
  edit-metadata: 1.1006885170936584
  landing: 0.05568898096680641
  view-data: 0.2705730232410133
