times:
  edit-metadata: 1.050669978998485
  landing: 0.06985404800798278
  view-data: 0.5230281679978361
