times:
  edit-metadata: 1.4476322159171104
  landing: 0.9732085466384888
  view-data: 3.406460367143154
