times:
  edit-metadata: 1.5068549644201994
  landing: 0.8275348730385303
  view-data: 3.399920390918851
