times:
  edit-metadata: 1.0445375469280407
  landing: 0.07466071704402566
  view-data: 0.24409780406858772
