times:
  edit-metadata: 1.5975757949054241
  landing: 0.9885839559137821
  view-data: 3.4561295099556446
