times:
  edit-metadata: 1.0944894619751722
  landing: 0.046487389015965164
  view-data: 0.25856750598177314
