times:
  edit-metadata: 1.504688361659646
  landing: 0.8783397320657969
  view-data: 3.4015373568981886
