times:
  edit-metadata: 1.555932205170393
  landing: 0.8191019203513861
  view-data: 3.41670748218894
