times:
  edit-metadata: 1.4578835126012564
  landing: 0.900462793186307
  view-data: 3.387354896403849
