times:
  edit-metadata: 1.401386152021587
  landing: 1.2682255790568888
  view-data: 3.468130925670266
