times:
  edit-metadata: 1.579071894288063
  landing: 0.8165858555585146
  view-data: 3.386752573773265
