times:
  edit-metadata: 1.355062579998048
  landing: 0.07918154000071809
  view-data: 0.2540453370020259
