times:
  edit-metadata: 1.4693942200392485
  landing: 0.9351455755531788
  view-data: 3.4550972431898117
