times:
  edit-metadata: 1.4199243560433388
  landing: 0.9594328519888222
  view-data: 3.5783289060927927
