times:
  edit-metadata: 1.4604938998818398
  landing: 0.9569098241627216
  view-data: 3.321302104741335
