times:
  edit-metadata: 2.913820767775178
  landing: 0.1805717721581459
  view-data: 0.24640200659632683
