times:
  edit-metadata: 1.1007485199952498
  landing: 0.04884762200526893
  view-data: 0.25078133097849786
