times:
  edit-metadata: 1.3557416275143623
  landing: 1.0118740312755108
  view-data: 3.3354299999773502
