times:
  edit-metadata: 1.849350431933999
  landing: 1.2397181447595358
  view-data: 3.406051766127348
