times:
  edit-metadata: 1.9554389119148254
  landing: 0.019091205671429634
  view-data: 0.023352423682808876
