times:
  edit-metadata: 2.2098417598754168
  landing: 0.8838326847180724
  view-data: 3.4056723611429334
