times:
  edit-metadata: 1.5799508653581142
  landing: 1.1673249043524265
  view-data: 3.7113357707858086
