times:
  edit-metadata: 1.5062262676656246
  landing: 0.9500475749373436
  view-data: 3.3661650717258453
