times:
  edit-metadata: 1.4249150957912207
  landing: 0.7968437420204282
  view-data: 3.342761176638305
