times:
  edit-metadata: 1.6232186127454042
  landing: 0.8137944918125868
  view-data: 3.333289436995983
