times:
  edit-metadata: 1.6040457542985678
  landing: 0.9112078454345465
  view-data: 3.3544974960386753
