times:
  edit-metadata: 2.446008924394846
  landing: 0.3065803814679384
  view-data: 0.31793185509741306
