times:
  edit-metadata: 2.3317861445248127
  landing: 0.18387273140251637
  view-data: 0.4528890121728182
