times:
  edit-metadata: 2.360239304602146
  landing: 0.24642484821379185
  view-data: 0.1670490112155676
