times:
  edit-metadata: 1.4347998590674251
  landing: 0.9571240991353989
  view-data: 3.270447233924642
