times:
  edit-metadata: 1.5131179466843605
  landing: 0.8881030306220055
  view-data: 3.3347458094358444
