times:
  edit-metadata: 1.4898675382137299
  landing: 0.8510548286139965
  view-data: 3.2764352075755596
