times:
  edit-metadata: 1.1050700140185654
  landing: 0.048896178137511015
  view-data: 0.2469763197004795
