times:
  edit-metadata: 1.5698882229626179
  landing: 1.1534977480769157
  view-data: 3.3358861915767193
