times:
  edit-metadata: 2.211801491677761
  landing: 0.7107989229261875
  view-data: 3.5924877505749464
