times:
  edit-metadata: 1.9539301376789808
  landing: 0.19881395250558853
  view-data: 0.3078048173338175
