times:
  edit-metadata: 1.0623982949182391
  landing: 0.06109196599572897
  view-data: 0.24556376598775387
