times:
  edit-metadata: 1.0460672583431005
  landing: 0.06720372894778848
  view-data: 0.3759384276345372
