times:
  edit-metadata: 1.3900561891496181
  landing: 0.7684209533035755
  view-data: 3.33467935398221
