times:
  edit-metadata: 1.468663576990366
  landing: 0.8135552294552326
  view-data: 3.3591247648000717
