times:
  edit-metadata: 1.4574863598681986
  landing: 0.851591708837077
  view-data: 3.403862942941487
