times:
  edit-metadata: 1.0878025440033525
  landing: 0.05098004103638232
  view-data: 0.2563831419683993
