times:
  edit-metadata: 2.2016952503472567
  landing: 0.10083264298737049
  view-data: 0.3831863459199667
