times:
  edit-metadata: 2.076086087152362
  landing: 0.01919160783290863
  view-data: 0.32011695951223373
