times:
  edit-metadata: 2.7841926738619804
  landing: 0.019821399822831154
  view-data: 0.48306639306247234
