times:
  edit-metadata: 4.199590839445591
  landing: 2.1546946074813604
  view-data: 4.135638751089573
