times:
  edit-metadata: 2.001224035397172
  landing: 0.20711144246160984
  view-data: 0.3392611350864172
