times:
  edit-metadata: 1.3965000361204147
  landing: 0.912105992436409
  view-data: 3.3339639119803905
