times:
  edit-metadata: 1.0890930257737637
  landing: 0.044923398178070784
  view-data: 0.2400744049809873
