times:
  edit-metadata: 1.3657023459672928
  landing: 0.8376585207879543
  view-data: 3.4028323628008366
