times:
  edit-metadata: 1.0394804158713669
  landing: 0.06251209904439747
  view-data: 0.2367224940098822
