times:
  edit-metadata: 1.4994695000350475
  landing: 0.9215448126196861
  view-data: 3.436229320243001
