times:
  edit-metadata: 1.043820927850902
  landing: 0.07241293601691723
  view-data: 0.23614292684942484
