times:
  edit-metadata: 1.0685728609969374
  landing: 0.07116634999692906
  view-data: 0.246207336007501
