times:
  edit-metadata: 1.5258342400193214
  landing: 0.9225640166550875
  view-data: 3.4394380375742912
