times:
  edit-metadata: 1.5106538627296686
  landing: 0.8646050076931715
  view-data: 3.460381956771016
