times:
  edit-metadata: 1.5257393307983875
  landing: 0.8790961056947708
  view-data: 3.4122742377221584
