times:
  edit-metadata: 1.6238747760653496
  landing: 0.8261131905019283
  view-data: 3.4872614108026028
