times:
  edit-metadata: 1.4661369603127241
  landing: 0.836654169484973
  view-data: 3.349292155355215
