times:
  edit-metadata: 1.3785206628963351
  landing: 0.8949111821129918
  view-data: 3.305425171740353
