times:
  edit-metadata: 1.5241535380482674
  landing: 1.068979797884822
  view-data: 3.543564246967435
