times:
  edit-metadata: 1.504878120496869
  landing: 0.951054310426116
  view-data: 3.4747708532959223
