times:
  edit-metadata: 1.581996375694871
  landing: 0.796979833394289
  view-data: 3.373428652063012
