times:
  edit-metadata: 1.061867434065789
  landing: 0.05762819992378354
  view-data: 0.24634434469044209
