times:
  edit-metadata: 1.525323186069727
  landing: 0.8185312449932098
  view-data: 3.417195115238428
