times:
  edit-metadata: 1.7064435458742082
  landing: 1.1580899991095066
  view-data: 3.410716435406357
