times:
  edit-metadata: 1.499760463833809
  landing: 0.83991439640522
  view-data: 3.3139266595244408
