times:
  edit-metadata: 1.5595955904573202
  landing: 0.7325107678771019
  view-data: 3.400142753496766
