times:
  edit-metadata: 1.9931440185755491
  landing: 0.13277888111770153
  view-data: 0.13022179156541824
