times:
  edit-metadata: 1.5871272273361683
  landing: 1.1995810978114605
  view-data: 3.3286424577236176
