times:
  edit-metadata: 1.5856421627104282
  landing: 0.784651655703783
  view-data: 3.305743508040905
