times:
  edit-metadata: 1.0235951598733664
  landing: 0.06253130920231342
  view-data: 0.2536958169657737
