times:
  edit-metadata: 1.0256090939510614
  landing: 0.05037725903093815
  view-data: 0.26029448490589857
