times:
  edit-metadata: 1.523545265197754
  landing: 0.9507327526807785
  view-data: 3.4075793512165546
