times:
  edit-metadata: 1.564072037115693
  landing: 0.7958829402923584
  view-data: 3.33519035205245
