times:
  edit-metadata: 1.5075036957859993
  landing: 0.7878415435552597
  view-data: 3.399888154119253
