times:
  edit-metadata: 1.2368125347420573
  landing: 0.07030188478529453
  view-data: 0.40153930988162756
