times:
  edit-metadata: 2.0009531155228615
  landing: 0.021778473630547523
  view-data: 0.3128582090139389
