times:
  edit-metadata: 1.3193886457011104
  landing: 0.11811739020049572
  view-data: 0.3551210002042353
