times:
  edit-metadata: 1.0239477821160108
  landing: 0.05763238901272416
  view-data: 0.37804902507923543
