times:
  edit-metadata: 1.0886423108167946
  landing: 0.07588316313922405
  view-data: 0.2512650010176003
