times:
  edit-metadata: 1.2980056572705507
  landing: 0.08221065020188689
  view-data: 0.23932755878195167
