times:
  edit-metadata: 1.832451118156314
  landing: 0.8987589385360479
  view-data: 3.4879229869693518
