times:
  edit-metadata: 1.4457489310298115
  landing: 0.8335257030557841
  view-data: 3.2952710271347314
