times:
  edit-metadata: 1.3621717679779977
  landing: 0.836795459035784
  view-data: 3.3621815179940313
