times:
  edit-metadata: 1.3413687879219651
  landing: 0.821023743133992
  view-data: 3.4301022333092988
