times:
  edit-metadata: 1.4237100160680711
  landing: 0.8311832151375711
  view-data: 3.387673527933657
