times:
  edit-metadata: 2.1879281606525183
  landing: 0.15859124064445496
  view-data: 0.27918244898319244
