times:
  edit-metadata: 1.0376874839421362
  landing: 0.07564261113293469
  view-data: 0.23824226506985724
