times:
  edit-metadata: 1.5125582319451496
  landing: 0.8890630099922419
  view-data: 3.3509815350407735
