times:
  edit-metadata: 2.0048417896032333
  landing: 0.022041013464331627
  view-data: 0.14349864795804024
