times:
  edit-metadata: 1.5727600753307343
  landing: 1.2242356576025486
  view-data: 3.3743818067014217
