times:
  edit-metadata: 1.9633593130856752
  landing: 0.1415849644690752
  view-data: 0.02324722893536091
