times:
  edit-metadata: 2.5032700896263123
  landing: 0.022151878103613853
  view-data: 0.3510596137493849
