times:
  edit-metadata: 4.899761691689491
  landing: 2.417823050171137
  view-data: 3.7314806059002876
