times:
  edit-metadata: 1.3231369680725038
  landing: 1.4640921596437693
  view-data: 3.39071661606431
