times:
  edit-metadata: 1.4565274752676487
  landing: 0.9094434566795826
  view-data: 3.3868198497220874
