times:
  edit-metadata: 2.339303284883499
  landing: 0.023069392889738083
  view-data: 0.37338406033813953
