times:
  edit-metadata: 1.5397092811763287
  landing: 0.9670388139784336
  view-data: 3.4688377641141415
