times:
  edit-metadata: 1.9912320002913475
  landing: 0.13096383027732372
  view-data: 0.026034291833639145
