times:
  edit-metadata: 1.5240958482027054
  landing: 0.8376106768846512
  view-data: 3.3522702287882566
