times:
  edit-metadata: 1.079471361998003
  landing: 0.050832564011216164
  view-data: 0.257626403006725
