times:
  edit-metadata: 2.0664710719138384
  landing: 0.02814088948071003
  view-data: 0.37531440518796444
