times:
  edit-metadata: 1.1036094550509006
  landing: 0.047057559015229344
  view-data: 0.250610493007116
