times:
  edit-metadata: 1.442309068981558
  landing: 0.8539799302816391
  view-data: 3.379172972869128
