times:
  edit-metadata: 1.5158168133348227
  landing: 0.9351412383839488
  view-data: 3.454571520909667
