times:
  edit-metadata: 2.274781558662653
  landing: 0.23122120648622513
  view-data: 0.13451755605638027
