times:
  edit-metadata: 2.0861705243587494
  landing: 0.19118557684123516
  view-data: 0.02720496617257595
