times:
  edit-metadata: 1.067501051002182
  landing: 0.04647942597512156
  view-data: 0.23852795304264873
