times:
  edit-metadata: 1.0452793210006348
  landing: 0.06291261500064138
  view-data: 0.2571001290007189
