times:
  edit-metadata: 2.285610703751445
  landing: 0.1619670670479536
  view-data: 0.28947391360998154
