times:
  edit-metadata: 1.383974812924862
  landing: 0.9090325479628518
  view-data: 3.313524192897603
