times:
  edit-metadata: 1.0766850258223712
  landing: 0.07855245098471642
  view-data: 0.24002681393176317
