times:
  edit-metadata: 2.3861899450421333
  landing: 0.24072946049273014
  view-data: 0.2687733881175518
