times:
  edit-metadata: 1.561184966005385
  landing: 0.9381632581353188
  view-data: 3.769262291956693
