times:
  edit-metadata: 1.3003857461735606
  landing: 0.712520781904459
  view-data: 3.251952021382749
