times:
  edit-metadata: 1.53683315590024
  landing: 0.83541414514184
  view-data: 3.4601358249783516
