times:
  edit-metadata: 1.2867946489714086
  landing: 0.11098214704543352
  view-data: 0.2406180971302092
