times:
  edit-metadata: 1.088691539996944
  landing: 0.0403949419996934
  view-data: 0.2540460140007781
