times:
  edit-metadata: 2.068779243156314
  landing: 0.20091339573264122
  view-data: 0.32561120018363
