times:
  edit-metadata: 2.307251423597336
  landing: 0.8242819719016552
  view-data: 3.4437326826155186
