times:
  edit-metadata: 1.0385152619564906
  landing: 0.0738985100761056
  view-data: 0.24832255893852562
