times:
  edit-metadata: 1.3368736412376165
  landing: 0.8340891283005476
  view-data: 3.3564988635480404
