times:
  edit-metadata: 1.408952433615923
  landing: 1.0190748758614063
  view-data: 3.370687175542116
