times:
  edit-metadata: 2.0015770476311445
  landing: 0.18507918156683445
  view-data: 0.12507369369268417
