times:
  edit-metadata: 3.447630077600479
  landing: 1.8676237799227238
  view-data: 3.742223735898733
