times:
  edit-metadata: 2.793301332741976
  landing: 1.004579022526741
  view-data: 3.5195906199514866
