times:
  edit-metadata: 2.6131592001765966
  landing: 1.4675577646121383
  view-data: 3.8202508008107543
