times:
  edit-metadata: 1.3433235479751602
  landing: 0.21347610600059852
  view-data: 0.313871446007397
