times:
  edit-metadata: 2.0471500027924776
  landing: 0.02014181576669216
  view-data: 0.30655764415860176
