times:
  edit-metadata: 1.021756773116067
  landing: 0.054649659898132086
  view-data: 0.23825170192867517
