times:
  edit-metadata: 1.4232129890006036
  landing: 0.8569169780239463
  view-data: 3.287755769910291
