times:
  edit-metadata: 1.3450548900000285
  landing: 0.08720036799786612
  view-data: 0.2705137459852267
