times:
  edit-metadata: 1.6392693109810352
  landing: 1.2567531391978264
  view-data: 3.3735128045082092
