times:
  edit-metadata: 1.1915244219999295
  landing: 0.1316700660099741
  view-data: 0.3711931279976852
