times:
  edit-metadata: 1.3647718839347363
  landing: 1.040924783796072
  view-data: 3.3433556146919727
