times:
  edit-metadata: 1.562801819294691
  landing: 0.8346508853137493
  view-data: 3.401588801294565
