times:
  edit-metadata: 2.3624240532517433
  landing: 0.2278459519147873
  view-data: 0.17136743664741516
