times:
  edit-metadata: 1.3449514349922538
  landing: 0.055122340098023415
  view-data: 0.24461850058287382
