times:
  edit-metadata: 1.5440269131213427
  landing: 0.8434882126748562
  view-data: 3.4400375951081514
