times:
  edit-metadata: 1.3723201979883015
  landing: 0.8214104841463268
  view-data: 3.482881202129647
