times:
  edit-metadata: 1.6189555004239082
  landing: 0.9784900452941656
  view-data: 3.484039595350623
