times:
  edit-metadata: 1.0686365198343992
  landing: 0.06686767586506903
  view-data: 0.242352114059031
