times:
  edit-metadata: 1.5139858033508062
  landing: 0.9281578250229359
  view-data: 3.4197319354861975
