times:
  edit-metadata: 1.3600787483155727
  landing: 0.8997025825083256
  view-data: 3.384917624294758
