times:
  edit-metadata: 2.013407690450549
  landing: 0.02230302430689335
  view-data: 0.12657085247337818
