times:
  edit-metadata: 1.5818872079253197
  landing: 1.11459618806839
  view-data: 3.4900714568793774
