times:
  edit-metadata: 1.564960615709424
  landing: 0.882674228399992
  view-data: 3.396426359191537
