times:
  edit-metadata: 1.5037234090268612
  landing: 0.8575896695256233
  view-data: 3.3485177606344223
