times:
  edit-metadata: 1.5031942948698997
  landing: 0.960655964910984
  view-data: 3.3346364833414555
