times:
  edit-metadata: 2.4158256351947784
  landing: 0.15129203535616398
  view-data: 0.1560817565768957
