times:
  edit-metadata: 2.9755580574274063
  landing: 1.4408967830240726
  view-data: 3.6256862729787827
