times:
  edit-metadata: 1.7076286748051643
  landing: 1.115865882486105
  view-data: 3.3925923071801662
