times:
  edit-metadata: 2.0626958794891834
  landing: 0.22527894377708435
  view-data: 0.23220596089959145
