times:
  edit-metadata: 1.4151629209518433
  landing: 0.8336316719651222
  view-data: 3.334317937027663
