times:
  edit-metadata: 1.511043831706047
  landing: 0.8227498792111874
  view-data: 3.440051507204771
