times:
  edit-metadata: 1.5338037442415953
  landing: 0.8639670349657536
  view-data: 3.3886728025972843
