times:
  edit-metadata: 2.025219924747944
  landing: 0.14533058367669582
  view-data: 0.1546656098216772
