times:
  edit-metadata: 1.1623611561954021
  landing: 0.138365033082664
  view-data: 0.28057221695780754
