times:
  edit-metadata: 1.4120725095272064
  landing: 0.872259677387774
  view-data: 3.3968889554962516
