times:
  edit-metadata: 2.16001108661294
  landing: 1.450373550876975
  view-data: 3.6217386974021792
