times:
  edit-metadata: 1.5069156158715487
  landing: 0.7953258939087391
  view-data: 3.364893274381757
