times:
  edit-metadata: 1.6089327465742826
  landing: 0.8665718957781792
  view-data: 3.4273174814879894
