times:
  edit-metadata: 1.5248268507421017
  landing: 0.7577953189611435
  view-data: 3.388620600104332
