times:
  edit-metadata: 1.4329854510724545
  landing: 1.088452123105526
  view-data: 3.3599338307976723
