times:
  edit-metadata: 1.64349234290421
  landing: 0.8897706316784024
  view-data: 3.39707171311602
