times:
  edit-metadata: 1.559523731470108
  landing: 0.9024901837110519
  view-data: 3.401351172477007
