times:
  edit-metadata: 1.0225637539988384
  landing: 0.06028460699599236
  view-data: 0.23420989699661732
