times:
  edit-metadata: 1.293185567483306
  landing: 0.822129163891077
  view-data: 3.4031204096972942
