times:
  edit-metadata: 1.6669959351420403
  landing: 1.0926686264574528
  view-data: 3.4285602271556854
