times:
  edit-metadata: 1.069660469000155
  landing: 0.0471345449996079
  view-data: 0.25544385299963324
