times:
  edit-metadata: 1.4994714967906475
  landing: 0.7665664814412594
  view-data: 3.3708807062357664
