times:
  edit-metadata: 1.4960276250494644
  landing: 0.8921256370376796
  view-data: 3.3821080890484154
