times:
  edit-metadata: 2.0435975287109613
  landing: 0.019418228417634964
  view-data: 0.13076848536729813
