times:
  edit-metadata: 1.4948426596820354
  landing: 0.9815262071788311
  view-data: 3.343188092112541
