times:
  edit-metadata: 1.2785488199442625
  landing: 0.15172300906851888
  view-data: 0.2723881360143423
