times:
  edit-metadata: 1.2377284062094986
  landing: 0.07275234116241336
  view-data: 0.25093941716477275
