times:
  edit-metadata: 1.5461754743009806
  landing: 0.8412780780345201
  view-data: 3.40724154189229
