times:
  edit-metadata: 1.0416651050327346
  landing: 0.06516568700317293
  view-data: 0.24356232094578445
