times:
  edit-metadata: 2.076658360660076
  landing: 0.21383064985275269
  view-data: 0.2760793101042509
