times:
  edit-metadata: 1.5381555557250977
  landing: 0.8067158553749323
  view-data: 3.426258796826005
