times:
  edit-metadata: 1.5348060615360737
  landing: 0.9140027351677418
  view-data: 3.315516535192728
