times:
  edit-metadata: 1.5372554399073124
  landing: 0.9599763043224812
  view-data: 3.3794976584613323
