times:
  edit-metadata: 1.4423926137387753
  landing: 0.9179004491306841
  view-data: 3.402760172728449
