times:
  edit-metadata: 1.453097099903971
  landing: 0.837073293980211
  view-data: 3.3942071488127112
