times:
  edit-metadata: 1.5414153970777988
  landing: 0.9221806898713112
  view-data: 3.4125466980040073
