times:
  edit-metadata: 1.0768164270557463
  landing: 0.042661834973841906
  view-data: 0.24273589195217937
