times:
  edit-metadata: 1.0482002089265734
  landing: 0.05840835883282125
  view-data: 0.36844747699797153
