times:
  edit-metadata: 1.5207891445606947
  landing: 0.8255850952118635
  view-data: 3.388700133189559
