times:
  edit-metadata: 1.0900959490099922
  landing: 0.048933991929516196
  view-data: 0.2518141920445487
