times:
  edit-metadata: 1.0648349149851128
  landing: 0.06421019905246794
  view-data: 0.24688971403520554
