times:
  edit-metadata: 1.5066283531486988
  landing: 0.8875200860202312
  view-data: 3.5142025984823704
