times:
  edit-metadata: 1.0867821597494185
  landing: 0.0482534309849143
  view-data: 0.2671780502423644
