times:
  edit-metadata: 1.4692510282620788
  landing: 0.9001829950138927
  view-data: 3.402410212904215
