times:
  edit-metadata: 1.4391245897859335
  landing: 0.8675081878900528
  view-data: 3.3671999098733068
