times:
  edit-metadata: 1.5238308813422918
  landing: 0.769061166793108
  view-data: 3.396342920139432
