times:
  edit-metadata: 1.6161705665290356
  landing: 1.045494720339775
  view-data: 3.3459742665290833
