times:
  edit-metadata: 1.8481432758271694
  landing: 1.1019003670662642
  view-data: 3.342679982073605
