times:
  edit-metadata: 1.3538784049451351
  landing: 0.7828953191637993
  view-data: 3.333014126867056
