times:
  edit-metadata: 1.5350954830646515
  landing: 0.9332381784915924
  view-data: 3.360742572695017
