times:
  edit-metadata: 1.4541173875331879
  landing: 0.9222879447042942
  view-data: 3.3488644137978554
