times:
  edit-metadata: 2.0316861234605312
  landing: 0.01871183142066002
  view-data: 0.3622849564999342
