times:
  edit-metadata: 1.0207431209273636
  landing: 0.06691120401956141
  view-data: 0.39042849699035287
