times:
  edit-metadata: 1.950729327276349
  landing: 0.16025742888450623
  view-data: 0.024824511259794235
