times:
  edit-metadata: 1.4714543679729104
  landing: 0.8718615779653192
  view-data: 3.4196280245669186
