times:
  edit-metadata: 1.0950618090573698
  landing: 0.05118462792597711
  view-data: 0.2522287650499493
