times:
  edit-metadata: 1.3563395580276847
  landing: 0.8189922887831926
  view-data: 3.3238725094124675
