times:
  edit-metadata: 1.540438037365675
  landing: 1.0542269460856915
  view-data: 3.4110779389739037
