times:
  edit-metadata: 2.043424755334854
  landing: 0.12762928754091263
  view-data: 0.1272105984389782
