times:
  edit-metadata: 2.3017721753567457
  landing: 0.021372895687818527
  view-data: 0.28264377638697624
