times:
  edit-metadata: 1.2476116769994405
  landing: 0.11179690399967512
  view-data: 0.37504603900015354
