times:
  edit-metadata: 1.9912808705121279
  landing: 0.18748090602457523
  view-data: 0.28154090978205204
