times:
  edit-metadata: 1.0313793560490012
  landing: 0.07705049915239215
  view-data: 0.2446422940120101
