times:
  edit-metadata: 1.5181695567443967
  landing: 0.8226199131458998
  view-data: 3.3956713369116187
