times:
  edit-metadata: 2.4454916827380657
  landing: 7.777664542198181
  view-data: 3.3362459056079388
