times:
  edit-metadata: 1.4884260930120945
  landing: 0.7640724293887615
  view-data: 3.356254728510976
