times:
  edit-metadata: 1.7187502812594175
  landing: 1.3623848985880613
  view-data: 3.507446426898241
