times:
  edit-metadata: 2.0750906597822905
  landing: 1.6658431272953749
  view-data: 3.6268669720739126
