times:
  edit-metadata: 1.3489497359842062
  landing: 0.7399041466414928
  view-data: 3.362531514838338
