times:
  edit-metadata: 1.4193185605108738
  landing: 0.7743967361748219
  view-data: 3.302264468744397
