times:
  edit-metadata: 1.8034293754026294
  landing: 0.9465233683586121
  view-data: 3.380598404444754
