times:
  edit-metadata: 1.466212355531752
  landing: 0.857137524522841
  view-data: 3.323874835856259
