times:
  edit-metadata: 2.009969962760806
  landing: 0.1515453513711691
  view-data: 0.022608479484915733
