times:
  edit-metadata: 1.0380878520663828
  landing: 0.07530128909274936
  view-data: 0.37869343801867217
