times:
  edit-metadata: 1.5455186646431684
  landing: 0.8359004817903042
  view-data: 3.4224536810070276
