times:
  edit-metadata: 1.874152956996113
  landing: 1.212329347152263
  view-data: 3.4256582078523934
