times:
  edit-metadata: 2.0501304008066654
  landing: 0.1162472628057003
  view-data: 0.025262830778956413
