times:
  edit-metadata: 1.0421640540007502
  landing: 0.05968408899207134
  view-data: 0.2458767530042678
