times:
  edit-metadata: 1.0948574440553784
  landing: 0.04988451628014445
  view-data: 0.24673513369634748
