times:
  edit-metadata: 1.0388533640652895
  landing: 0.06877663196064532
  view-data: 0.2523638450074941
