times:
  edit-metadata: 1.4519458608701825
  landing: 0.825457404833287
  view-data: 3.3453992349095643
