times:
  edit-metadata: 1.4661375544965267
  landing: 0.98900455981493
  view-data: 3.4100489988923073
