times:
  edit-metadata: 1.3402989013120532
  landing: 0.7697233762592077
  view-data: 3.284559091553092
