times:
  edit-metadata: 4.665885105729103
  landing: 2.1216729041188955
  view-data: 4.482221847400069
