times:
  edit-metadata: 1.6043036319315434
  landing: 1.0099440030753613
  view-data: 3.3500393107533455
