times:
  edit-metadata: 2.2349074594676495
  landing: 0.15873711928725243
  view-data: 0.15096795558929443
