times:
  edit-metadata: 1.045221067033708
  landing: 0.059050237003248185
  view-data: 0.2514736329903826
