times:
  edit-metadata: 1.5033904276788235
  landing: 0.7179649844765663
  view-data: 3.3193280436098576
