times:
  edit-metadata: 1.1419734200026141
  landing: 0.0922879669960821
  view-data: 0.24533535000227857
