times:
  edit-metadata: 1.5289008002728224
  landing: 0.8628815934062004
  view-data: 3.408457074314356
