times:
  edit-metadata: 1.6168894916772842
  landing: 1.0395846627652645
  view-data: 3.329649779945612
