times:
  edit-metadata: 1.8577806651592255
  landing: 1.1531976386904716
  view-data: 3.424884209409356
