times:
  edit-metadata: 1.0806653560139239
  landing: 0.07826053502503783
  view-data: 0.2640523430891335
