times:
  edit-metadata: 1.276621918193996
  landing: 0.8402855582535267
  view-data: 3.3004454635083675
