times:
  edit-metadata: 1.3160385770024732
  landing: 0.059939296974334866
  view-data: 0.3024320979602635
