times:
  edit-metadata: 1.061741092999
  landing: 0.048859045025892556
  view-data: 0.2519781719893217
