times:
  edit-metadata: 1.3988990280777216
  landing: 0.8407101714983582
  view-data: 3.3216103110462427
