times:
  edit-metadata: 2.9217496402561665
  landing: 0.04600112698972225
  view-data: 0.34494015388190746
