times:
  edit-metadata: 1.5470067374408245
  landing: 0.8292834684252739
  view-data: 3.4253788329660892
