times:
  edit-metadata: 1.102988839149475
  landing: 0.05090443720109761
  view-data: 0.24564165598712862
