times:
  edit-metadata: 2.1447054091840982
  landing: 0.13466364331543446
  view-data: 0.3949385806918144
