times:
  edit-metadata: 1.568171227350831
  landing: 0.8657710589468479
  view-data: 3.462927592918277
