times:
  edit-metadata: 1.4312127330340445
  landing: 0.8041099733673036
  view-data: 3.4232856733724475
