times:
  edit-metadata: 2.0194274988025427
  landing: 0.15867106430232525
  view-data: 0.026328040286898613
