times:
  edit-metadata: 1.3833484100177884
  landing: 0.8984146602451801
  view-data: 3.4025833448395133
