times:
  edit-metadata: 2.025964543223381
  landing: 1.3801760785281658
  view-data: 3.4270715676248074
