times:
  edit-metadata: 1.5274904407560825
  landing: 0.8748407997190952
  view-data: 3.4427457377314568
