times:
  edit-metadata: 1.6418105401098728
  landing: 0.9669616967439651
  view-data: 3.4348064325749874
