times:
  edit-metadata: 1.7084366008639336
  landing: 1.145796176046133
  view-data: 3.327392503619194
