times:
  edit-metadata: 1.5135681256651878
  landing: 0.9847532771527767
  view-data: 3.3939423859119415
