times:
  edit-metadata: 1.3404900580644608
  landing: 0.0601952220313251
  view-data: 0.3494722549803555
