times:
  edit-metadata: 1.5422741584479809
  landing: 0.9813136868178844
  view-data: 3.330938134342432
