times:
  edit-metadata: 1.1554133740719408
  landing: 0.10882384795695543
  view-data: 0.2773790250066668
