times:
  edit-metadata: 1.99666852876544
  landing: 0.018940573558211327
  view-data: 0.0272079911082983
