times:
  edit-metadata: 1.4752541445195675
  landing: 0.9336021691560745
  view-data: 3.4233777299523354
