times:
  edit-metadata: 1.8446006774902344
  landing: 0.9719843976199627
  view-data: 3.3815043717622757
