times:
  edit-metadata: 1.902482034638524
  landing: 1.2079364396631718
  view-data: 3.492275172844529
