times:
  edit-metadata: 1.482335889711976
  landing: 0.811177421361208
  view-data: 3.4378522243350744
