times:
  edit-metadata: 1.380132231861353
  landing: 1.0155750028789043
  view-data: 3.378401964902878
