times:
  edit-metadata: 1.3967370949685574
  landing: 0.8839861042797565
  view-data: 3.3347899429500103
