times:
  edit-metadata: 1.4192119054496288
  landing: 0.9295168407261372
  view-data: 3.323605787009001
