times:
  edit-metadata: 1.885394137352705
  landing: 1.0561121888458729
  view-data: 3.7356275022029877
