times:
  edit-metadata: 2.300788911059499
  landing: 0.21594074368476868
  view-data: 0.43417668901383877
