times:
  edit-metadata: 2.4029497299343348
  landing: 0.19358285143971443
  view-data: 0.3191608916968107
