times:
  edit-metadata: 2.355661289766431
  landing: 0.27462624944746494
  view-data: 0.14630688540637493
