times:
  edit-metadata: 1.5623488798737526
  landing: 0.9538487363606691
  view-data: 3.447357591241598
