times:
  edit-metadata: 2.8740160800516605
  landing: 2.2346073612570763
  view-data: 3.5855747871100903
