times:
  edit-metadata: 1.5266716312617064
  landing: 0.9140720441937447
  view-data: 3.466315934434533
