times:
  edit-metadata: 1.4809208980295807
  landing: 0.8537873399909586
  view-data: 3.3265991539228708
