times:
  edit-metadata: 1.0215071979910135
  landing: 0.05754623608663678
  view-data: 0.23414267180487514
