times:
  edit-metadata: 2.4768934454768896
  landing: 0.20402739569544792
  view-data: 0.19582352600991726
