times:
  edit-metadata: 1.4951073676347733
  landing: 0.7610211484134197
  view-data: 3.388032916933298
