times:
  edit-metadata: 1.4362328872084618
  landing: 0.8137701563537121
  view-data: 3.324868842959404
