times:
  edit-metadata: 1.5361613538116217
  landing: 0.8067161999642849
  view-data: 3.41133451461792
