times:
  edit-metadata: 1.3585533271543682
  landing: 0.8575506140477955
  view-data: 3.320035141892731
