times:
  edit-metadata: 1.4651048593223095
  landing: 0.8252902403473854
  view-data: 3.338374860584736
