times:
  edit-metadata: 1.0883462629280984
  landing: 0.055171626852825284
  view-data: 0.25015833182260394
