times:
  edit-metadata: 1.6768182590603828
  landing: 0.9422898665070534
  view-data: 3.320687808096409
