times:
  edit-metadata: 2.143653340637684
  landing: 0.22994724288582802
  view-data: 0.26640348322689533
