times:
  edit-metadata: 1.0750775290071033
  landing: 0.04750967497238889
  view-data: 0.24632076401030645
