times:
  edit-metadata: 1.4489660421386361
  landing: 0.8209850289858878
  view-data: 3.4200013717636466
