times:
  edit-metadata: 1.7061283513903618
  landing: 0.9012656155973673
  view-data: 3.2455155458301306
