times:
  edit-metadata: 1.5337169356644154
  landing: 0.9077701838687062
  view-data: 3.4072560500353575
