times:
  edit-metadata: 2.4777862820774317
  landing: 1.2026362936012447
  view-data: 3.6143063800409436
