times:
  edit-metadata: 1.4121147207915783
  landing: 0.9441796243190765
  view-data: 3.3433785922825336
