times:
  edit-metadata: 1.3738693967461586
  landing: 0.8873961642384529
  view-data: 3.255103215575218
