times:
  edit-metadata: 1.095634660217911
  landing: 0.04715162003412843
  view-data: 0.26447045989334583
