times:
  edit-metadata: 1.4136773757636547
  landing: 0.85366415604949
  view-data: 3.3153450302779675
