times:
  edit-metadata: 2.0072948522865772
  landing: 0.022174546495079994
  view-data: 0.33168408274650574
