times:
  edit-metadata: 1.054859217001649
  landing: 0.06771812900115037
  view-data: 0.25568555900099454
