times:
  edit-metadata: 2.171256184577942
  landing: 0.09374025464057922
  view-data: 0.3298982288688421
