times:
  edit-metadata: 1.0387444240041077
  landing: 0.06577451701741666
  view-data: 0.2462254239944741
