times:
  edit-metadata: 1.533711338415742
  landing: 0.8079114379361272
  view-data: 3.4598730308935046
