times:
  edit-metadata: 2.4597260244190693
  landing: 1.2410153839737177
  view-data: 3.535954099148512
