times:
  edit-metadata: 1.6028188988566399
  landing: 1.1523136086761951
  view-data: 3.605440314859152
