times:
  edit-metadata: 1.5018798597157001
  landing: 0.938522182404995
  view-data: 3.4820007793605328
