times:
  edit-metadata: 1.5299626141786575
  landing: 0.9360876753926277
  view-data: 3.29840187728405
