times:
  edit-metadata: 1.0394959860714152
  landing: 0.05739556800108403
  view-data: 0.2507555849151686
