times:
  edit-metadata: 1.0733428800012916
  landing: 0.0666085600387305
  view-data: 0.24412903003394604
