times:
  edit-metadata: 1.5727440901100636
  landing: 1.057733692228794
  view-data: 3.434627152979374
