times:
  edit-metadata: 1.3525064513087273
  landing: 0.8946693018078804
  view-data: 3.361116759479046
