times:
  edit-metadata: 1.459507293999195
  landing: 0.7804061993956566
  view-data: 3.3390973582863808
