times:
  edit-metadata: 1.6704854294657707
  landing: 1.206644106656313
  view-data: 3.363809686154127
