times:
  edit-metadata: 1.0698998300067615
  landing: 0.058566466002957895
  view-data: 0.2532973689958453
