times:
  edit-metadata: 1.9715756457298994
  landing: 1.1842026710510254
  view-data: 3.4710119906812906
