times:
  edit-metadata: 1.0507135028019547
  landing: 0.05979572515934706
  view-data: 0.23964657774195075
