times:
  edit-metadata: 1.0589700730051845
  landing: 0.0674060889868997
  view-data: 0.2575804010266438
