times:
  edit-metadata: 2.0524817164987326
  landing: 0.019825825467705727
  view-data: 0.022738328203558922
