times:
  edit-metadata: 1.1010685511864722
  landing: 0.06353386491537094
  view-data: 0.2550622280687094
