times:
  edit-metadata: 1.756091147661209
  landing: 0.963413461111486
  view-data: 3.5024912105873227
