times:
  edit-metadata: 1.5096008852124214
  landing: 0.8863959424197674
  view-data: 3.3733647037297487
