times:
  edit-metadata: 1.94071626663208
  landing: 0.9327048705890775
  view-data: 3.3833214808255434
