times:
  edit-metadata: 1.0647770003415644
  landing: 0.0837135287001729
  view-data: 0.24841503286734223
