times:
  edit-metadata: 1.5336079113185406
  landing: 0.8082512952387333
  view-data: 3.382416270673275
