times:
  edit-metadata: 1.4581064954400063
  landing: 0.7712375298142433
  view-data: 3.450205519795418
