times:
  edit-metadata: 1.367734432220459
  landing: 0.7931062281131744
  view-data: 3.539619505405426
