times:
  edit-metadata: 1.3877593949437141
  landing: 0.814564049243927
  view-data: 3.4557517543435097
