times:
  edit-metadata: 1.488490268588066
  landing: 0.7970591485500336
  view-data: 3.495182126760483
