times:
  edit-metadata: 1.3719643540680408
  landing: 0.8342852219939232
  view-data: 3.3122135885059834
