times:
  edit-metadata: 1.5989917367696762
  landing: 0.809712365269661
  view-data: 3.369686245918274
