times:
  edit-metadata: 1.5276898369193077
  landing: 0.9419138208031654
  view-data: 3.5743838474154472
