times:
  edit-metadata: 1.540102556347847
  landing: 0.8818368315696716
  view-data: 3.28883458673954
