times:
  edit-metadata: 1.530026562511921
  landing: 0.859839178621769
  view-data: 3.369049832224846
