times:
  edit-metadata: 1.418506234884262
  landing: 0.8005463257431984
  view-data: 3.294653207063675
