times:
  edit-metadata: 1.3718434385955334
  landing: 0.798233300447464
  view-data: 3.24980840831995
