times:
  edit-metadata: 1.4105593673884869
  landing: 1.0242429077625275
  view-data: 3.2792463786900043
