times:
  edit-metadata: 1.5271173566579819
  landing: 0.9603064879775047
  view-data: 3.2940561771392822
