times:
  edit-metadata: 1.4753545373678207
  landing: 0.9678963460028172
  view-data: 3.363924629986286
