times:
  edit-metadata: 2.357250079512596
  landing: 0.9726863987743855
  view-data: 3.782998099923134
