times:
  edit-metadata: 1.5404701605439186
  landing: 0.8149907737970352
  view-data: 3.5027305260300636
