times:
  edit-metadata: 1.4163861945271492
  landing: 0.8271072283387184
  view-data: 3.392693802714348
