times:
  edit-metadata: 1.4712374731898308
  landing: 0.7819530516862869
  view-data: 3.4974318966269493
