times:
  edit-metadata: 1.4814379066228867
  landing: 0.915942408144474
  view-data: 3.3102146610617638
