times:
  edit-metadata: 1.3730236925184727
  landing: 0.8660912849009037
  view-data: 3.248970180749893
