times:
  edit-metadata: 1.6096193343400955
  landing: 0.8663749545812607
  view-data: 3.3048253431916237
