times:
  edit-metadata: 1.3775187879800797
  landing: 0.8137218244373798
  view-data: 3.3145472072064877
