times:
  edit-metadata: 1.643623173236847
  landing: 1.1061845421791077
  view-data: 3.334295205771923
