times:
  edit-metadata: 1.4813753813505173
  landing: 0.7767108380794525
  view-data: 3.5653951913118362
