times:
  edit-metadata: 1.5604312308132648
  landing: 0.8294877931475639
  view-data: 3.265857048332691
