times:
  edit-metadata: 2.0921870172023773
  landing: 1.1406286358833313
  view-data: 3.7299496680498123
