times:
  edit-metadata: 1.3979310877621174
  landing: 0.8592377007007599
  view-data: 3.3577869683504105
