times:
  edit-metadata: 1.3422276005148888
  landing: 0.7615279778838158
  view-data: 3.419155277311802
