times:
  edit-metadata: 1.4139542765915394
  landing: 0.8938250653445721
  view-data: 3.341578185558319
