times:
  edit-metadata: 1.3743137642741203
  landing: 0.796787329018116
  view-data: 3.5338036715984344
