times:
  edit-metadata: 1.4227566570043564
  landing: 0.7411209791898727
  view-data: 3.5670790001749992
