times:
  edit-metadata: 1.7047156728804111
  landing: 0.9743264839053154
  view-data: 3.3247933872044086
