times:
  edit-metadata: 1.4146107509732246
  landing: 0.7375311478972435
  view-data: 3.51020909845829
