times:
  edit-metadata: 1.5360531881451607
  landing: 0.7941918522119522
  view-data: 3.515163116157055
