times:
  edit-metadata: 2.376346528530121
  landing: 1.4721610099077225
  view-data: 3.3398697562515736
