times:
  edit-metadata: 1.5162553191184998
  landing: 0.9162436425685883
  view-data: 3.5984317511320114
