times:
  edit-metadata: 1.385069441050291
  landing: 0.8093794919550419
  view-data: 3.2939420379698277
