times:
  edit-metadata: 1.5521020516753197
  landing: 0.9815554246306419
  view-data: 3.5965453535318375
