times:
  edit-metadata: 1.5211952775716782
  landing: 0.8648223429918289
  view-data: 3.2932968512177467
