times:
  edit-metadata: 1.5473421663045883
  landing: 0.8854688331484795
  view-data: 3.3624771162867546
