times:
  edit-metadata: 1.409614734351635
  landing: 0.8459141366183758
  view-data: 3.3829889856278896
