times:
  edit-metadata: 1.4219798222184181
  landing: 0.8535719439387321
  view-data: 3.288934886455536
