times:
  edit-metadata: 1.635017141699791
  landing: 1.01759784668684
  view-data: 3.611177124083042
