times:
  edit-metadata: 1.4019061923027039
  landing: 0.8184938505291939
  view-data: 3.355999067425728
