times:
  edit-metadata: 1.400976523756981
  landing: 0.7675179541110992
  view-data: 3.5230854898691177
