times:
  edit-metadata: 1.4284839406609535
  landing: 0.8062018156051636
  view-data: 3.3201080337166786
