times:
  edit-metadata: 1.469723716378212
  landing: 0.8103530704975128
  view-data: 3.4824567809700966
