times:
  edit-metadata: 1.407309152185917
  landing: 0.9888330139219761
  view-data: 3.31746743991971
