times:
  edit-metadata: 1.369474619626999
  landing: 0.7764047756791115
  view-data: 3.4556629434227943
