times:
  edit-metadata: 1.4169050306081772
  landing: 0.778542585670948
  view-data: 3.470728874206543
