times:
  edit-metadata: 1.541504129767418
  landing: 0.888901375234127
  view-data: 3.381568741053343
