times:
  edit-metadata: 1.4532334208488464
  landing: 0.89691511541605
  view-data: 3.307397000491619
