times:
  edit-metadata: 2.104177840054035
  landing: 1.306556686758995
  view-data: 3.8045220524072647
