times:
  edit-metadata: 1.540305644273758
  landing: 0.9961247518658638
  view-data: 3.607173301279545
