times:
  edit-metadata: 1.4364963620901108
  landing: 0.7505880817770958
  view-data: 3.431131325662136
