times:
  edit-metadata: 1.532609649002552
  landing: 0.8013445064425468
  view-data: 3.5239359959959984
