times:
  edit-metadata: 1.4026705920696259
  landing: 0.8069231361150742
  view-data: 3.3097713328897953
