times:
  edit-metadata: 1.3756867498159409
  landing: 0.7882276773452759
  view-data: 3.4648765102028847
