times:
  edit-metadata: 3.3467024862766266
  landing: 2.352318413555622
  view-data: 4.335029847919941
