times:
  edit-metadata: 1.5502880439162254
  landing: 0.9556154757738113
  view-data: 3.413796178996563
