times:
  edit-metadata: 1.468432605266571
  landing: 0.7496663928031921
  view-data: 3.462469920516014
