times:
  edit-metadata: 2.0682229325175285
  landing: 1.4561063386499882
  view-data: 3.5979872792959213
