times:
  edit-metadata: 1.5086440369486809
  landing: 0.8200177624821663
  view-data: 3.5302189961075783
