times:
  edit-metadata: 1.4803846180438995
  landing: 0.8975699171423912
  view-data: 3.3906512036919594
