times:
  edit-metadata: 2.2607575617730618
  landing: 1.341375257819891
  view-data: 3.602740593254566
