times:
  edit-metadata: 1.55191919952631
  landing: 0.8471393957734108
  view-data: 3.283965803682804
