times:
  edit-metadata: 1.5615897104144096
  landing: 0.9424846954643726
  view-data: 3.5142671652138233
