times:
  edit-metadata: 1.4371784999966621
  landing: 0.9027441814541817
  view-data: 3.331763193011284
