times:
  edit-metadata: 1.4695439040660858
  landing: 0.7343371734023094
  view-data: 3.504765771329403
