times:
  edit-metadata: 1.491139680147171
  landing: 0.7728212550282478
  view-data: 3.42239747941494
