times:
  edit-metadata: 1.5336851999163628
  landing: 0.8109659776091576
  view-data: 3.5645762011408806
