times:
  edit-metadata: 1.920063704252243
  landing: 1.0942882411181927
  view-data: 3.3582648932933807
