times:
  edit-metadata: 1.6043064445257187
  landing: 0.8004100918769836
  view-data: 3.473566547036171
