times:
  edit-metadata: 1.6784328259527683
  landing: 1.0500551350414753
  view-data: 3.3481544330716133
