times:
  edit-metadata: 1.3930296152830124
  landing: 0.8088751286268234
  view-data: 3.4961995109915733
