times:
  edit-metadata: 1.4339305087924004
  landing: 0.8596041351556778
  view-data: 3.5772803351283073
