times:
  edit-metadata: 1.3741204589605331
  landing: 0.9483705088496208
  view-data: 3.496847130358219
