times:
  edit-metadata: 1.4472819939255714
  landing: 0.8028887957334518
  view-data: 3.326316736638546
