times:
  edit-metadata: 1.3726027309894562
  landing: 0.7456001788377762
  view-data: 3.5393494367599487
