times:
  edit-metadata: 2.851792924106121
  landing: 2.0142957642674446
  view-data: 3.661632262170315
