times:
  edit-metadata: 1.4683138206601143
  landing: 0.752003937959671
  view-data: 3.4582148641347885
