times:
  edit-metadata: 1.5219778642058372
  landing: 0.8135454207658768
  view-data: 3.348139740526676
