times:
  edit-metadata: 1.4580159336328506
  landing: 0.867552250623703
  view-data: 3.3065498769283295
