times:
  edit-metadata: 1.4781873896718025
  landing: 0.7482192292809486
  view-data: 3.4796411767601967
