times:
  edit-metadata: 1.420557089149952
  landing: 0.7540484294295311
  view-data: 3.450046755373478
