times:
  edit-metadata: 1.4290492534637451
  landing: 0.8268455490469933
  view-data: 3.4666242823004723
