times:
  edit-metadata: 2.2209832966327667
  landing: 1.467864714562893
  view-data: 3.80102825909853
