times:
  edit-metadata: 1.4464539140462875
  landing: 0.8209887072443962
  view-data: 3.536913000047207
