times:
  edit-metadata: 1.6123477816581726
  landing: 0.8024151027202606
  view-data: 3.5728626772761345
