times:
  edit-metadata: 1.4078797027468681
  landing: 0.7879141047596931
  view-data: 3.5585567504167557
