times:
  edit-metadata: 1.362412042915821
  landing: 0.8336082994937897
  view-data: 3.373783156275749
