times:
  edit-metadata: 1.3883332535624504
  landing: 0.7969261407852173
  view-data: 3.517485797405243
