times:
  edit-metadata: 1.4772425331175327
  landing: 0.8483200259506702
  view-data: 3.379853893071413
