times:
  edit-metadata: 2.208079472184181
  landing: 1.7831352762877941
  view-data: 3.5885469168424606
