times:
  edit-metadata: 1.406973473727703
  landing: 0.9557139128446579
  view-data: 3.587410055100918
