times:
  edit-metadata: 1.5384989865124226
  landing: 0.8740610182285309
  view-data: 3.316646821796894
