times:
  edit-metadata: 1.4051270708441734
  landing: 0.8531197085976601
  view-data: 4.120603486895561
