times:
  edit-metadata: 1.4028714820742607
  landing: 0.7273106873035431
  view-data: 3.2881220057606697
