times:
  edit-metadata: 1.5156631171703339
  landing: 0.7993922978639603
  view-data: 3.501940242946148
