times:
  edit-metadata: 1.5358861722052097
  landing: 1.2556716576218605
  view-data: 3.5292399637401104
