times:
  edit-metadata: 1.522450104355812
  landing: 0.9050435870885849
  view-data: 3.4476382732391357
