times:
  edit-metadata: 1.451168991625309
  landing: 0.8659063242375851
  view-data: 3.2958208322525024
