times:
  edit-metadata: 1.5482919439673424
  landing: 0.8296157605946064
  view-data: 3.2632744908332825
