times:
  edit-metadata: 1.548132959753275
  landing: 0.9439295567572117
  view-data: 3.326880857348442
