times:
  edit-metadata: 1.5460142455995083
  landing: 0.74790383502841
  view-data: 3.3547882921993732
