times:
  edit-metadata: 1.364619880914688
  landing: 0.833217166364193
  view-data: 3.5102615281939507
