times:
  edit-metadata: 1.651042602956295
  landing: 0.9639836102724075
  view-data: 3.341946266591549
