times:
  edit-metadata: 1.4748734161257744
  landing: 0.7623796090483665
  view-data: 3.457360804080963
