times:
  edit-metadata: 1.4048186466097832
  landing: 0.802388109266758
  view-data: 3.3012952357530594
