times:
  edit-metadata: 1.449162546545267
  landing: 0.8048758953809738
  view-data: 3.3072703927755356
