times:
  edit-metadata: 1.513387706130743
  landing: 0.8212137632071972
  view-data: 3.3042261227965355
