times:
  edit-metadata: 1.521518237888813
  landing: 0.8212765231728554
  view-data: 3.5630751848220825
