times:
  edit-metadata: 1.635846845805645
  landing: 0.8124823980033398
  view-data: 3.3685086332261562
