times:
  edit-metadata: 1.5110580995678902
  landing: 0.863635465502739
  view-data: 3.3778306245803833
