times:
  edit-metadata: 1.479647971689701
  landing: 0.7637451067566872
  view-data: 3.5320366099476814
