times:
  edit-metadata: 1.4659161791205406
  landing: 0.7972231656312943
  view-data: 3.5349295660853386
