times:
  edit-metadata: 1.519390381872654
  landing: 1.010951705276966
  view-data: 3.4632622748613358
