times:
  edit-metadata: 1.3256535455584526
  landing: 0.7696514129638672
  view-data: 3.404856450855732
