times:
  edit-metadata: 1.3596488162875175
  landing: 0.810126967728138
  view-data: 3.2862361930310726
