times:
  edit-metadata: 1.4341625310480595
  landing: 0.9512830376625061
  view-data: 3.2922093123197556
