times:
  edit-metadata: 1.4687816612422466
  landing: 0.8638442791998386
  view-data: 3.36110121011734
