times:
  edit-metadata: 1.4695712104439735
  landing: 0.8211580738425255
  view-data: 3.450692042708397
