times:
  edit-metadata: 1.472921084612608
  landing: 0.7861542999744415
  view-data: 3.2743195854127407
