times:
  edit-metadata: 1.5194600857794285
  landing: 0.8119969367980957
  view-data: 3.3575166538357735
