times:
  edit-metadata: 1.4468857645988464
  landing: 0.7765711322426796
  view-data: 3.4446336179971695
