times:
  edit-metadata: 1.4186743348836899
  landing: 0.8165619447827339
  view-data: 3.5633692517876625
