times:
  edit-metadata: 1.3850219659507275
  landing: 0.8593581840395927
  view-data: 3.3093768656253815
