times:
  edit-metadata: 1.5291963294148445
  landing: 0.849398136138916
  view-data: 3.4785834178328514
