times:
  edit-metadata: 1.4374410882592201
  landing: 0.7974366284906864
  view-data: 3.2859207540750504
