times:
  edit-metadata: 1.429422453045845
  landing: 0.8165354765951633
  view-data: 3.3540752977132797
