times:
  edit-metadata: 1.3850541859865189
  landing: 0.7348091676831245
  view-data: 3.4335377514362335
