times:
  edit-metadata: 1.4084410481154919
  landing: 0.8399083502590656
  view-data: 3.3066183514893055
