times:
  edit-metadata: 1.50176602602005
  landing: 0.8457699678838253
  view-data: 3.309110503643751
