times:
  edit-metadata: 1.4258871600031853
  landing: 0.8026296198368073
  view-data: 3.5238823145627975
