times:
  edit-metadata: 1.359213698655367
  landing: 0.8224176578223705
  view-data: 3.351995725184679
