times:
  edit-metadata: 1.4367337301373482
  landing: 0.8546816259622574
  view-data: 3.530743397772312
