times:
  edit-metadata: 1.4714768715202808
  landing: 0.8342418037354946
  view-data: 3.4131242856383324
