times:
  edit-metadata: 1.4002222903072834
  landing: 0.7996825575828552
  view-data: 3.2943633645772934
