times:
  edit-metadata: 1.3807204104959965
  landing: 0.81395323574543
  view-data: 3.302853185683489
