times:
  edit-metadata: 2.12008224055171
  landing: 1.211576011031866
  view-data: 3.4887737296521664
