times:
  edit-metadata: 2.1077169999480247
  landing: 1.0133818536996841
  view-data: 3.6716853231191635
