times:
  edit-metadata: 1.3777681030333042
  landing: 0.800065916031599
  view-data: 3.2955134473741055
