times:
  edit-metadata: 1.4102391377091408
  landing: 0.7628392949700356
  view-data: 3.3275903910398483
