times:
  edit-metadata: 1.4613122940063477
  landing: 0.8693405091762543
  view-data: 3.374683305621147
