times:
  edit-metadata: 1.5049918293952942
  landing: 0.8379293233156204
  view-data: 3.314706064760685
