times:
  edit-metadata: 1.1740929931402206
  landing: 0.8609244078397751
  view-data: 4.179923817515373
