times:
  edit-metadata: 1.391689732670784
  landing: 0.8878365084528923
  view-data: 3.2878018766641617
