times:
  edit-metadata: 1.4748852737247944
  landing: 0.8368641771376133
  view-data: 3.3407027535140514
