times:
  edit-metadata: 1.4424909949302673
  landing: 0.9847289398312569
  view-data: 3.5314822271466255
