times:
  edit-metadata: 1.4672059938311577
  landing: 0.7467600032687187
  view-data: 3.3679995611310005
