times:
  edit-metadata: 1.5321351662278175
  landing: 0.9208866134285927
  view-data: 3.3824532255530357
