times:
  edit-metadata: 2.0828854218125343
  landing: 1.2188334912061691
  view-data: 3.650028221309185
