times:
  edit-metadata: 1.3152165189385414
  landing: 0.8922352194786072
  view-data: 3.429606080055237
