times:
  edit-metadata: 1.4044724516570568
  landing: 0.8694813214242458
  view-data: 3.3504410460591316
