times:
  edit-metadata: 1.3669196553528309
  landing: 0.8295975252985954
  view-data: 3.2560991756618023
