times:
  edit-metadata: 1.9832534715533257
  landing: 1.0191858485341072
  view-data: 3.5550645291805267
