times:
  edit-metadata: 1.7782553732395172
  landing: 1.046762265264988
  view-data: 3.3724612407386303
