times:
  edit-metadata: 1.396867774426937
  landing: 0.8505477234721184
  view-data: 3.446922667324543
