times:
  edit-metadata: 1.5392556488513947
  landing: 0.8027480393648148
  view-data: 3.3593444526195526
