times:
  edit-metadata: 1.4390454962849617
  landing: 0.781292200088501
  view-data: 3.539729416370392
