times:
  edit-metadata: 1.6882488280534744
  landing: 1.3372228667140007
  view-data: 3.670502595603466
