times:
  edit-metadata: 1.4011165723204613
  landing: 0.7488702572882175
  view-data: 3.246640905737877
