times:
  edit-metadata: 1.5667671672999859
  landing: 0.8321017250418663
  view-data: 3.2700204327702522
