times:
  edit-metadata: 1.4417423754930496
  landing: 0.7572777010500431
  view-data: 3.3186766877770424
