times:
  edit-metadata: 1.3734476417303085
  landing: 0.6794135421514511
  view-data: 3.4824798926711082
