times:
  edit-metadata: 1.4039210639894009
  landing: 0.7849580273032188
  view-data: 3.3103858456015587
