times:
  edit-metadata: 1.7201985865831375
  landing: 0.9550314247608185
  view-data: 3.5091338753700256
