times:
  edit-metadata: 1.4253815114498138
  landing: 0.907315656542778
  view-data: 3.3149568289518356
