times:
  edit-metadata: 1.5176696628332138
  landing: 0.9690729156136513
  view-data: 3.2957964316010475
