times:
  edit-metadata: 1.5044441223144531
  landing: 0.7507144436240196
  view-data: 3.335084728896618
