times:
  edit-metadata: 1.396352380514145
  landing: 0.6761362850666046
  view-data: 3.4835105910897255
