times:
  edit-metadata: 1.4852636456489563
  landing: 0.7825806811451912
  view-data: 3.4764443933963776
