times:
  edit-metadata: 1.58084237575531
  landing: 0.9909905940294266
  view-data: 3.3922150284051895
