times:
  edit-metadata: 1.4793438091874123
  landing: 0.7519044056534767
  view-data: 3.5560926124453545
