times:
  edit-metadata: 1.6245893090963364
  landing: 0.8440177701413631
  view-data: 3.2993407770991325
