times:
  edit-metadata: 1.3611270934343338
  landing: 0.7741265371441841
  view-data: 3.4767672941088676
