times:
  edit-metadata: 1.4224926680326462
  landing: 0.7441510111093521
  view-data: 3.3139501810073853
