times:
  edit-metadata: 1.9304657876491547
  landing: 1.1835142858326435
  view-data: 3.667081244289875
