times:
  edit-metadata: 2.611425906419754
  landing: 1.3193288296461105
  view-data: 3.8333726823329926
