times:
  edit-metadata: 1.4941238835453987
  landing: 0.7902936488389969
  view-data: 3.5352804884314537
