times:
  edit-metadata: 1.5383237339556217
  landing: 0.814822293817997
  view-data: 3.3648771792650223
