times:
  edit-metadata: 1.4735044240951538
  landing: 0.7212984934449196
  view-data: 3.3295169472694397
