times:
  edit-metadata: 1.409210056066513
  landing: 0.6960312724113464
  view-data: 3.407678186893463
