times:
  edit-metadata: 1.4842568039894104
  landing: 0.7157561928033829
  view-data: 3.3237389773130417
