times:
  edit-metadata: 1.3705295249819756
  landing: 0.8035958185791969
  view-data: 3.4781713858246803
