times:
  edit-metadata: 1.9672557786107063
  landing: 0.920963317155838
  view-data: 3.539412595331669
