times:
  edit-metadata: 1.54077909886837
  landing: 0.8012636750936508
  view-data: 3.398959219455719
