times:
  edit-metadata: 1.5806969702243805
  landing: 0.842242032289505
  view-data: 3.3343306556344032
