times:
  edit-metadata: 1.5155434161424637
  landing: 0.7167406976222992
  view-data: 3.5206448659300804
