times:
  edit-metadata: 1.50654835999012
  landing: 0.7440858781337738
  view-data: 3.3293750062584877
