times:
  edit-metadata: 1.438961312174797
  landing: 0.8165357038378716
  view-data: 3.2872396409511566
