times:
  edit-metadata: 1.4672064110636711
  landing: 0.7139429152011871
  view-data: 3.4529252648353577
