times:
  edit-metadata: 1.520364098250866
  landing: 0.7740473933517933
  view-data: 3.286960795521736
