times:
  edit-metadata: 1.5067764185369015
  landing: 0.8063042908906937
  view-data: 3.363031290471554
