times:
  edit-metadata: 1.533657968044281
  landing: 0.6873229667544365
  view-data: 3.380645163357258
