times:
  edit-metadata: 1.5349372774362564
  landing: 0.8819849342107773
  view-data: 3.347906105220318
