times:
  edit-metadata: 1.4092194065451622
  landing: 0.6937651261687279
  view-data: 3.4270864203572273
