times:
  edit-metadata: 1.4634500667452812
  landing: 0.7866838797926903
  view-data: 3.4851040989160538
