times:
  edit-metadata: 1.4443388134241104
  landing: 0.7000807598233223
  view-data: 3.4575795009732246
