times:
  edit-metadata: 1.5094074010849
  landing: 0.7829580828547478
  view-data: 3.292877286672592
