times:
  edit-metadata: 1.4735115468502045
  landing: 0.6731646060943604
  view-data: 3.40845987200737
