times:
  edit-metadata: 1.515668235719204
  landing: 0.7983862012624741
  view-data: 3.389870271086693
