times:
  edit-metadata: 1.4622211754322052
  landing: 0.7493081390857697
  view-data: 3.3537749648094177
