times:
  edit-metadata: 1.533893346786499
  landing: 0.7221680209040642
  view-data: 3.308219864964485
