times:
  edit-metadata: 1.507234625518322
  landing: 0.7576749548316002
  view-data: 3.290828038007021
