times:
  edit-metadata: 1.6937952674925327
  landing: 0.8292538933455944
  view-data: 3.335410960018635
