times:
  edit-metadata: 1.5200674831867218
  landing: 0.6913452446460724
  view-data: 3.396889306604862
