times:
  edit-metadata: 2.3887637741863728
  landing: 1.054769929498434
  view-data: 3.5193012729287148
