times:
  edit-metadata: 1.4141894653439522
  landing: 0.8306972682476044
  view-data: 3.557612396776676
