times:
  edit-metadata: 1.3916562497615814
  landing: 0.7638052329421043
  view-data: 3.3555475175380707
