times:
  edit-metadata: 1.502113588154316
  landing: 0.8061706945300102
  view-data: 3.5594864785671234
