times:
  edit-metadata: 1.4702995084226131
  landing: 0.7617602944374084
  view-data: 3.3776682503521442
