times:
  edit-metadata: 1.5742234401404858
  landing: 0.7940178737044334
  view-data: 3.3174722008407116
