times:
  edit-metadata: 1.353716142475605
  landing: 0.7923458218574524
  view-data: 3.3486298359930515
