times:
  edit-metadata: 1.467566128820181
  landing: 0.6907738968729973
  view-data: 3.3212716206908226
