times:
  edit-metadata: 1.4161643497645855
  landing: 0.7159355580806732
  view-data: 3.347523905336857
