times:
  edit-metadata: 1.5177438482642174
  landing: 0.7386177033185959
  view-data: 3.2843006290495396
