times:
  edit-metadata: 1.4781678318977356
  landing: 0.8122158870100975
  view-data: 3.34158855676651
