times:
  edit-metadata: 1.583763811737299
  landing: 0.9126942306756973
  view-data: 3.3124989941716194
