times:
  edit-metadata: 1.6044597141444683
  landing: 0.8775705322623253
  view-data: 3.417854655534029
