times:
  edit-metadata: 1.4022535681724548
  landing: 0.6937242969870567
  view-data: 3.3756857365369797
