times:
  edit-metadata: 1.6482674703001976
  landing: 0.8750477768480778
  view-data: 3.372011322528124
