times:
  edit-metadata: 1.47189262509346
  landing: 0.7160535752773285
  view-data: 3.473783828318119
