times:
  edit-metadata: 1.4642635509371758
  landing: 0.7277532629668713
  view-data: 3.385795474052429
