times:
  edit-metadata: 1.515786699950695
  landing: 0.7248841598629951
  view-data: 3.4131747409701347
