times:
  edit-metadata: 1.443750575184822
  landing: 0.7034818232059479
  view-data: 3.2642066553235054
