times:
  edit-metadata: 1.449264019727707
  landing: 0.7572264596819878
  view-data: 3.29945819824934
