times:
  edit-metadata: 1.4082660526037216
  landing: 0.7486132271587849
  view-data: 3.3978966884315014
