times:
  edit-metadata: 1.4526866637170315
  landing: 0.7319173663854599
  view-data: 3.3134609423577785
