times:
  edit-metadata: 1.4360379353165627
  landing: 0.7693915590643883
  view-data: 3.300253100693226
