times:
  edit-metadata: 2.2475591599941254
  landing: 0.8113419413566589
  view-data: 3.439524535089731
