times:
  edit-metadata: 1.404068484902382
  landing: 0.7610439360141754
  view-data: 3.4575247317552567
