times:
  edit-metadata: 1.42641931027174
  landing: 0.7209931463003159
  view-data: 3.383488118648529
