times:
  edit-metadata: 1.5396325588226318
  landing: 0.797298476099968
  view-data: 3.5211993977427483
