times:
  edit-metadata: 1.5637033209204674
  landing: 0.7458766773343086
  view-data: 3.30538073182106
