times:
  edit-metadata: 1.5057906061410904
  landing: 0.6865927949547768
  view-data: 3.483310878276825
