times:
  edit-metadata: 1.5297444760799408
  landing: 0.7468607723712921
  view-data: 3.4809840321540833
