times:
  edit-metadata: 1.4812276065349579
  landing: 0.7516202256083488
  view-data: 3.3969322815537453
