times:
  edit-metadata: 1.5186152681708336
  landing: 0.7525321990251541
  view-data: 3.3227061852812767
