times:
  edit-metadata: 1.6052839756011963
  landing: 0.7804930545389652
  view-data: 3.2687464207410812
