times:
  edit-metadata: 1.4303502961993217
  landing: 0.800916250795126
  view-data: 3.2889611646533012
