times:
  edit-metadata: 1.5439601689577103
  landing: 0.6932760402560234
  view-data: 3.263508953154087
