times:
  edit-metadata: 1.4532907381653786
  landing: 0.7407051920890808
  view-data: 3.3265294022858143
