times:
  edit-metadata: 1.4623670801520348
  landing: 0.6938717216253281
  view-data: 3.4866790175437927
