times:
  edit-metadata: 1.3837113231420517
  landing: 0.7167154774069786
  view-data: 3.4283829256892204
