times:
  edit-metadata: 1.577890194952488
  landing: 0.8318261168897152
  view-data: 3.371830642223358
