times:
  edit-metadata: 1.5043487176299095
  landing: 0.7352216392755508
  view-data: 3.4521433413028717
