times:
  edit-metadata: 1.4194722883403301
  landing: 0.7522993981838226
  view-data: 3.299358706921339
