times:
  edit-metadata: 1.446568913757801
  landing: 0.7686751298606396
  view-data: 3.317214123904705
