times:
  edit-metadata: 1.3838955648243427
  landing: 0.7830402329564095
  view-data: 3.3014454394578934
