times:
  edit-metadata: 1.4194544702768326
  landing: 0.7402922809123993
  view-data: 3.473239928483963
