times:
  edit-metadata: 1.4070495069026947
  landing: 0.7323844097554684
  view-data: 3.308125726878643
