times:
  edit-metadata: 1.464090146124363
  landing: 0.7211760804057121
  view-data: 3.3986436277627945
