times:
  edit-metadata: 1.480664201080799
  landing: 0.7653508186340332
  view-data: 3.464847184717655
