times:
  edit-metadata: 1.5281409323215485
  landing: 0.7089049443602562
  view-data: 3.392423387616873
