times:
  edit-metadata: 1.5698791816830635
  landing: 0.7082629650831223
  view-data: 3.5121413990855217
