times:
  edit-metadata: 1.5529467687010765
  landing: 0.7816259376704693
  view-data: 3.3509910479187965
