times:
  edit-metadata: 1.4432301223278046
  landing: 0.6887210831046104
  view-data: 3.3372323364019394
