times:
  edit-metadata: 1.3391088992357254
  landing: 0.7972719371318817
  view-data: 3.4504833966493607
