times:
  edit-metadata: 1.4381119348108768
  landing: 0.7634735144674778
  view-data: 3.2809192426502705
