times:
  edit-metadata: 1.485445000231266
  landing: 0.7265730202198029
  view-data: 3.495662048459053
