times:
  edit-metadata: 1.5908646062016487
  landing: 0.8102568238973618
  view-data: 3.3541753962635994
