times:
  edit-metadata: 1.459717497229576
  landing: 0.710642121732235
  view-data: 3.5441371351480484
