times:
  edit-metadata: 1.5792591981589794
  landing: 0.7161772213876247
  view-data: 3.342121619731188
