times:
  edit-metadata: 1.4790565595030785
  landing: 0.7479195296764374
  view-data: 3.3045724853873253
