times:
  edit-metadata: 1.5160987675189972
  landing: 0.8960844501852989
  view-data: 3.2992748245596886
