times:
  edit-metadata: 1.5000132024288177
  landing: 0.8285961970686913
  view-data: 3.4797431603074074
