times:
  edit-metadata: 1.665120668709278
  landing: 0.8177558779716492
  view-data: 3.3963150456547737
