times:
  edit-metadata: 1.5047196075320244
  landing: 0.8070440143346786
  view-data: 3.4904334098100662
