times:
  edit-metadata: 1.5114906951785088
  landing: 0.6932827420532703
  view-data: 3.329220324754715
