times:
  edit-metadata: 1.6843371540307999
  landing: 0.8438806310296059
  view-data: 3.3111355006694794
