times:
  edit-metadata: 1.3858203440904617
  landing: 0.7479202784597874
  view-data: 3.2855723313987255
