times:
  edit-metadata: 1.6673490889370441
  landing: 0.786438025534153
  view-data: 3.3136221654713154
