times:
  edit-metadata: 1.5144411027431488
  landing: 0.8571561127901077
  view-data: 3.28214780241251
