times:
  edit-metadata: 1.4510821923613548
  landing: 0.7388082221150398
  view-data: 3.4086268171668053
