times:
  edit-metadata: 1.5433148480951786
  landing: 0.7393894195556641
  view-data: 3.4272341206669807
