times:
  edit-metadata: 1.3989936411380768
  landing: 0.7905841544270515
  view-data: 3.387342058122158
