times:
  edit-metadata: 1.3544879108667374
  landing: 0.7131938934326172
  view-data: 3.4847348481416702
