times:
  edit-metadata: 1.4018225073814392
  landing: 0.7199487611651421
  view-data: 3.380885675549507
