times:
  edit-metadata: 1.5202049985527992
  landing: 0.701964981853962
  view-data: 0.5834727510809898
