times:
  edit-metadata: 1.7729476019740105
  landing: 0.9448014050722122
  view-data: 3.370558999478817
