times:
  edit-metadata: 1.6600900739431381
  landing: 0.8248710371553898
  view-data: 3.338569488376379
