times:
  edit-metadata: 2.121657494455576
  landing: 0.9621280841529369
  view-data: 3.374339561909437
