times:
  edit-metadata: 1.4834040850400925
  landing: 0.7050964012742043
  view-data: 3.345450699329376
