times:
  edit-metadata: 1.4155681766569614
  landing: 0.7512553781270981
  view-data: 3.338071160018444
