times:
  edit-metadata: 1.4400166496634483
  landing: 0.7427519261837006
  view-data: 3.5202821493148804
