times:
  edit-metadata: 1.4135988652706146
  landing: 0.8104788661003113
  view-data: 3.344491623342037
