times:
  edit-metadata: 1.413727454841137
  landing: 0.7864684537053108
  view-data: 3.479159601032734
