times:
  edit-metadata: 1.4591401405632496
  landing: 0.7646093182265759
  view-data: 3.336639367043972
