times:
  edit-metadata: 1.4998134225606918
  landing: 0.7790737301111221
  view-data: 3.386217951774597
