times:
  edit-metadata: 2.9400293827056885
  landing: 1.9758879393339157
  view-data: 3.851626478135586
