times:
  edit-metadata: 1.375152848660946
  landing: 0.7513359040021896
  view-data: 3.3712688013911247
