times:
  edit-metadata: 1.4235968627035618
  landing: 0.7030882015824318
  view-data: 3.267599657177925
