times:
  edit-metadata: 1.3753911517560482
  landing: 0.8734919540584087
  view-data: 3.375118300318718
