times:
  edit-metadata: 1.5372660383582115
  landing: 0.9258501157164574
  view-data: 3.441454716026783
