times:
  edit-metadata: 2.571045830845833
  landing: 1.8770101591944695
  view-data: 3.9075688496232033
