times:
  edit-metadata: 1.7636231556534767
  landing: 0.9161989614367485
  view-data: 3.4106036499142647
