times:
  edit-metadata: 1.3643329329788685
  landing: 0.7591255940496922
  view-data: 3.270970690995455
