times:
  edit-metadata: 1.5118375048041344
  landing: 0.7299719601869583
  view-data: 3.452060751616955
