times:
  edit-metadata: 1.5318617820739746
  landing: 0.6707855314016342
  view-data: 3.26126279681921
