times:
  edit-metadata: 1.4813432954251766
  landing: 0.750294666737318
  view-data: 3.2515205182135105
