times:
  edit-metadata: 1.3691719844937325
  landing: 0.7303179651498795
  view-data: 3.572202205657959
