times:
  edit-metadata: 2.106272779405117
  landing: 1.0629668086767197
  view-data: 3.37992262840271
