times:
  edit-metadata: 1.3534379675984383
  landing: 0.7597333043813705
  view-data: 3.4229887202382088
