times:
  edit-metadata: 1.5284573659300804
  landing: 0.8002626895904541
  view-data: 3.278034433722496
