times:
  edit-metadata: 1.4812796153128147
  landing: 0.7171022482216358
  view-data: 3.3436103761196136
