times:
  edit-metadata: 1.3998552858829498
  landing: 0.7307493537664413
  view-data: 3.506961151957512
