times:
  edit-metadata: 1.502537228167057
  landing: 0.8190444260835648
  view-data: 3.4386843740940094
