times:
  edit-metadata: 1.4572259113192558
  landing: 0.7575044333934784
  view-data: 3.2942800633609295
