times:
  edit-metadata: 1.5220740213990211
  landing: 0.735472671687603
  view-data: 3.537645250558853
