times:
  edit-metadata: 1.4917309023439884
  landing: 0.8372182995080948
  view-data: 3.368320304900408
