times:
  edit-metadata: 1.4120464399456978
  landing: 0.7580531314015388
  view-data: 3.2932263687253
