times:
  edit-metadata: 1.5112702026963234
  landing: 0.9947983361780643
  view-data: 3.44496201351285
