times:
  edit-metadata: 1.4519496709108353
  landing: 1.126336619257927
  view-data: 3.515858456492424
