times:
  edit-metadata: 1.4922401532530785
  landing: 0.8326567485928535
  view-data: 3.3596513867378235
