times:
  edit-metadata: 1.4028770104050636
  landing: 0.9405742958188057
  view-data: 3.3216327726840973
