times:
  edit-metadata: 1.284340962767601
  landing: 0.8303661048412323
  view-data: 3.454846501350403
