times:
  edit-metadata: 1.6623177789151669
  landing: 0.7702388130128384
  view-data: 3.3026854768395424
