times:
  edit-metadata: 1.5700189173221588
  landing: 0.7811264246702194
  view-data: 3.4009097144007683
