times:
  edit-metadata: 1.696549117565155
  landing: 0.9154938086867332
  view-data: 3.308352831751108
