times:
  edit-metadata: 1.4585588574409485
  landing: 0.8307985402643681
  view-data: 3.3572116270661354
