times:
  edit-metadata: 1.4379009082913399
  landing: 0.7699590995907784
  view-data: 3.4523073732852936
