times:
  edit-metadata: 1.4334211871027946
  landing: 0.7370132505893707
  view-data: 3.4898572862148285
