times:
  edit-metadata: 1.354937918484211
  landing: 0.9411354102194309
  view-data: 3.2829502187669277
