times:
  edit-metadata: 1.7600231654942036
  landing: 1.0386183522641659
  view-data: 3.3148753941059113
