times:
  edit-metadata: 1.3749903813004494
  landing: 0.7899679057300091
  view-data: 3.3420220501720905
