times:
  edit-metadata: 1.5622139610350132
  landing: 0.831293523311615
  view-data: 3.3230027332901955
