times:
  edit-metadata: 1.5198026895523071
  landing: 0.8690839782357216
  view-data: 3.3640822395682335
