times:
  edit-metadata: 1.5072541236877441
  landing: 0.8361271917819977
  view-data: 3.4755785390734673
