times:
  edit-metadata: 1.4687347784638405
  landing: 0.8455019518733025
  view-data: 3.274160973727703
