times:
  edit-metadata: 1.4874445274472237
  landing: 0.7944075837731361
  view-data: 3.4706810638308525
