times:
  edit-metadata: 2.0924671292304993
  landing: 1.3050374761223793
  view-data: 3.414006657898426
