times:
  edit-metadata: 1.480969250202179
  landing: 0.7611941546201706
  view-data: 3.4352954626083374
