times:
  edit-metadata: 1.5926754474639893
  landing: 0.8309397995471954
  view-data: 3.599569946527481
