times:
  edit-metadata: 1.5099012702703476
  landing: 0.7894023433327675
  view-data: 3.288802169263363
