times:
  edit-metadata: 1.5617391839623451
  landing: 0.7726310938596725
  view-data: 3.4831690788269043
