times:
  edit-metadata: 1.4775435552001
  landing: 0.7038280442357063
  view-data: 3.5169836580753326
