times:
  edit-metadata: 1.4535941109061241
  landing: 0.752086691558361
  view-data: 3.5139769911766052
