times:
  edit-metadata: 1.6441928930580616
  landing: 1.0524709150195122
  view-data: 3.391107454895973
