times:
  edit-metadata: 1.4241782426834106
  landing: 0.7360541597008705
  view-data: 3.4758509770035744
