times:
  edit-metadata: 1.402415044605732
  landing: 0.6763067990541458
  view-data: 3.4623649790883064
