times:
  edit-metadata: 2.0186603739857674
  landing: 1.2738491967320442
  view-data: 3.446885384619236
