times:
  edit-metadata: 1.410173088312149
  landing: 0.7501553893089294
  view-data: 3.4517911076545715
