times:
  edit-metadata: 1.7374461479485035
  landing: 0.8741337209939957
  view-data: 3.336313918232918
