times:
  edit-metadata: 1.557551745325327
  landing: 0.8931753039360046
  view-data: 3.6222418434917927
