times:
  edit-metadata: 1.6232823729515076
  landing: 0.9727366045117378
  view-data: 3.37187372520566
