times:
  edit-metadata: 1.3783282786607742
  landing: 1.0141125656664371
  view-data: 3.3877519629895687
