times:
  edit-metadata: 1.554200455546379
  landing: 0.8037700727581978
  view-data: 3.501036360859871
