times:
  edit-metadata: 1.5017898455262184
  landing: 0.8523924797773361
  view-data: 3.4730482175946236
