times:
  edit-metadata: 1.3505287356674671
  landing: 0.7075990028679371
  view-data: 3.2537151612341404
