times:
  edit-metadata: 1.4611652418971062
  landing: 0.7882618084549904
  view-data: 3.342231400310993
