times:
  edit-metadata: 1.4260193333029747
  landing: 0.8850331529974937
  view-data: 3.5185225531458855
