times:
  edit-metadata: 1.6281575188040733
  landing: 0.9912769645452499
  view-data: 3.5118154883384705
