times:
  edit-metadata: 1.5036558136343956
  landing: 0.9059036895632744
  view-data: 3.5315792560577393
