times:
  edit-metadata: 1.5202859193086624
  landing: 0.8085533380508423
  view-data: 3.3424766659736633
