times:
  edit-metadata: 1.5297423228621483
  landing: 0.7628421932458878
  view-data: 3.4992698058485985
