times:
  edit-metadata: 1.4611390605568886
  landing: 0.8403450101613998
  view-data: 3.320490799844265
