times:
  edit-metadata: 1.384907178580761
  landing: 0.7697631120681763
  view-data: 3.5208446756005287
