times:
  edit-metadata: 1.3970254436135292
  landing: 0.8036294654011726
  view-data: 3.4662788212299347
