times:
  edit-metadata: 1.502753283828497
  landing: 0.802313718944788
  view-data: 3.2649114802479744
