times:
  edit-metadata: 1.5305968225002289
  landing: 0.8462461978197098
  view-data: 3.456700839102268
