times:
  edit-metadata: 1.5357367619872093
  landing: 0.8352939635515213
  view-data: 3.5179789289832115
