times:
  edit-metadata: 1.3705591931939125
  landing: 0.7304885312914848
  view-data: 3.454967923462391
