times:
  edit-metadata: 1.3553929924964905
  landing: 0.8071356117725372
  view-data: 3.319406509399414
