times:
  edit-metadata: 1.402432307600975
  landing: 0.7518815994262695
  view-data: 3.2934958301484585
