times:
  edit-metadata: 1.4696248099207878
  landing: 0.770734079182148
  view-data: 3.481123313307762
