times:
  edit-metadata: 1.351283460855484
  landing: 1.0122026577591896
  view-data: 3.4435384422540665
