times:
  edit-metadata: 1.4355712607502937
  landing: 0.7215372323989868
  view-data: 3.4244514256715775
