times:
  edit-metadata: 1.3161358572542667
  landing: 0.8383829742670059
  view-data: 3.3052224218845367
