times:
  edit-metadata: 1.3524456769227982
  landing: 1.0074840635061264
  view-data: 3.439284086227417
