times:
  edit-metadata: 1.418010637164116
  landing: 0.77645692974329
  view-data: 3.3042862191796303
