times:
  edit-metadata: 1.4496144205331802
  landing: 0.7639077603816986
  view-data: 3.417139634490013
