times:
  edit-metadata: 1.5883441008627415
  landing: 0.8808879740536213
  view-data: 3.3730526864528656
