times:
  edit-metadata: 1.5836342349648476
  landing: 0.8965656235814095
  view-data: 3.435531660914421
