times:
  edit-metadata: 1.438176728785038
  landing: 0.7996534034609795
  view-data: 3.3222308978438377
