times:
  edit-metadata: 1.527580976486206
  landing: 0.7822619080543518
  view-data: 3.3499976843595505
