times:
  edit-metadata: 1.4065862484276295
  landing: 0.832335788756609
  view-data: 3.298881322145462
