times:
  edit-metadata: 1.5008026510477066
  landing: 0.8706063032150269
  view-data: 0.48881276696920395
