times:
  edit-metadata: 1.521683655679226
  landing: 0.7418480440974236
  view-data: 3.4565008729696274
