times:
  edit-metadata: 1.5135086700320244
  landing: 0.949141688644886
  view-data: 3.553340122103691
