times:
  edit-metadata: 1.3768812865018845
  landing: 0.8511243760585785
  view-data: 3.505388468503952
