times:
  edit-metadata: 1.4406970851123333
  landing: 0.8001915216445923
  view-data: 3.321187973022461
