times:
  edit-metadata: 1.5926698297262192
  landing: 0.9150998145341873
  view-data: 3.3353074714541435
