times:
  edit-metadata: 1.3232740089297295
  landing: 1.1223609521985054
  view-data: 3.4363979920744896
