times:
  edit-metadata: 1.4629719406366348
  landing: 0.7765877395868301
  view-data: 3.530350610613823
