times:
  edit-metadata: 1.5314729809761047
  landing: 0.7572867944836617
  view-data: 3.495080590248108
