times:
  edit-metadata: 1.418487161397934
  landing: 0.7786799520254135
  view-data: 3.3070250526070595
