times:
  edit-metadata: 1.3990408219397068
  landing: 0.9404767006635666
  view-data: 3.311009481549263
