times:
  edit-metadata: 1.4436759278178215
  landing: 0.9568633362650871
  view-data: 3.50009623169899
