times:
  edit-metadata: 1.3909329622983932
  landing: 0.8722761832177639
  view-data: 3.345909211784601
