times:
  edit-metadata: 1.9162261709570885
  landing: 1.151033565402031
  view-data: 3.4012760519981384
