times:
  edit-metadata: 1.5000125095248222
  landing: 0.846689261496067
  view-data: 3.5240235403180122
