times:
  edit-metadata: 1.4643815606832504
  landing: 0.8214065805077553
  view-data: 3.3899867460131645
