times:
  edit-metadata: 1.476160779595375
  landing: 0.9410650506615639
  view-data: 3.391034372150898
