times:
  edit-metadata: 1.5648510195314884
  landing: 0.9485159814357758
  view-data: 3.3355202190577984
