times:
  edit-metadata: 1.4647751189768314
  landing: 0.9108248241245747
  view-data: 3.313893646001816
