times:
  edit-metadata: 1.3713035956025124
  landing: 0.8052679225802422
  view-data: 3.4948882460594177
