times:
  edit-metadata: 1.4369186758995056
  landing: 0.7509143576025963
  view-data: 3.522941142320633
