times:
  edit-metadata: 1.5768499746918678
  landing: 0.9176246300339699
  view-data: 3.6631798073649406
