times:
  edit-metadata: 1.4443038329482079
  landing: 0.76360734552145
  view-data: 3.302076503634453
