times:
  edit-metadata: 1.5613296404480934
  landing: 0.850855678319931
  view-data: 3.3291478529572487
