times:
  edit-metadata: 1.4091401174664497
  landing: 0.7493695989251137
  view-data: 3.5311530008912086
