times:
  edit-metadata: 1.494496937841177
  landing: 0.8644602261483669
  view-data: 3.320721037685871
