times:
  edit-metadata: 1.4750856310129166
  landing: 0.7984977141022682
  view-data: 3.3317051604390144
