times:
  edit-metadata: 1.3977372124791145
  landing: 0.7864637151360512
  view-data: 3.2920006066560745
