times:
  edit-metadata: 1.3991373255848885
  landing: 0.7752023562788963
  view-data: 3.539795331656933
