times:
  edit-metadata: 1.6006586477160454
  landing: 0.9787697121500969
  view-data: 3.2647543847560883
