times:
  edit-metadata: 1.4712791293859482
  landing: 0.7706828117370605
  view-data: 3.4782017916440964
