times:
  edit-metadata: 1.5452481396496296
  landing: 0.858900610357523
  view-data: 3.3081120550632477
