times:
  edit-metadata: 1.5357722267508507
  landing: 1.1840905025601387
  view-data: 3.333868857473135
