times:
  edit-metadata: 1.4348984062671661
  landing: 0.7616221122443676
  view-data: 3.326571349054575
