times:
  edit-metadata: 2.283135451376438
  landing: 1.7214171551167965
  view-data: 3.634909048676491
