times:
  edit-metadata: 1.6039273515343666
  landing: 1.180016778409481
  view-data: 3.2787515819072723
