times:
  edit-metadata: 1.8327349238097668
  landing: 1.1018641404807568
  view-data: 3.3747096844017506
