times:
  edit-metadata: 1.549681432545185
  landing: 0.9393965862691402
  view-data: 3.321383807808161
