times:
  edit-metadata: 1.400090180337429
  landing: 0.8167929202318192
  view-data: 3.458297200500965
