times:
  edit-metadata: 1.4164594784379005
  landing: 0.7861619405448437
  view-data: 3.292352218180895
