times:
  edit-metadata: 1.4716648012399673
  landing: 0.7280174940824509
  view-data: 3.4390481784939766
