times:
  edit-metadata: 1.8591374158859253
  landing: 1.0836586654186249
  view-data: 3.5658427253365517
