times:
  edit-metadata: 1.3913737833499908
  landing: 0.7148672863841057
  view-data: 3.4708800464868546
