times:
  edit-metadata: 1.594135232269764
  landing: 0.8337441012263298
  view-data: 3.3176896795630455
