times:
  edit-metadata: 1.4782637730240822
  landing: 0.8348512798547745
  view-data: 3.285569664090872
