times:
  edit-metadata: 1.3846582546830177
  landing: 0.7886350378394127
  view-data: 3.419290043413639
