times:
  edit-metadata: 1.5256208144128323
  landing: 0.7897586859762669
  view-data: 3.2708399295806885
