times:
  edit-metadata: 1.4930319041013718
  landing: 0.7852356508374214
  view-data: 3.4817691519856453
