times:
  edit-metadata: 1.4771459363400936
  landing: 0.916718065738678
  view-data: 3.3432499915361404
