times:
  edit-metadata: 1.4795379638671875
  landing: 0.759544312953949
  view-data: 3.437693417072296
