times:
  edit-metadata: 1.8899500668048859
  landing: 0.9260633289813995
  view-data: 3.481789454817772
