times:
  edit-metadata: 1.5454578399658203
  landing: 0.7798725441098213
  view-data: 3.296947941184044
