times:
  edit-metadata: 1.4661694541573524
  landing: 0.8656968399882317
  view-data: 3.3061609752476215
