times:
  edit-metadata: 1.4498349130153656
  landing: 0.7747283354401588
  view-data: 3.5015871971845627
