times:
  edit-metadata: 1.5611049607396126
  landing: 0.8903153873980045
  view-data: 3.339930694550276
