times:
  edit-metadata: 1.5138824582099915
  landing: 0.8287505507469177
  view-data: 3.301213815808296
