times:
  edit-metadata: 1.5201004706323147
  landing: 0.8680173829197884
  view-data: 3.333132106810808
