times:
  edit-metadata: 1.5076747871935368
  landing: 0.8071058467030525
  view-data: 3.3193024024367332
