times:
  edit-metadata: 1.856432430446148
  landing: 2.501369632780552
  view-data: 3.282251562923193
