times:
  edit-metadata: 1.5280965566635132
  landing: 0.8621881641447544
  view-data: 3.357813872396946
