times:
  edit-metadata: 1.4811977595090866
  landing: 0.7864858098328114
  view-data: 3.3765444569289684
