times:
  edit-metadata: 1.447406955063343
  landing: 0.8730616457760334
  view-data: 3.3056513965129852
