times:
  edit-metadata: 1.5908366367220879
  landing: 0.8613272160291672
  view-data: 3.317744515836239
