times:
  edit-metadata: 1.6541732773184776
  landing: 0.8739435784518719
  view-data: 3.405641060322523
