times:
  edit-metadata: 1.488722138106823
  landing: 0.7363685220479965
  view-data: 3.3304164856672287
