times:
  edit-metadata: 1.7232742384076118
  landing: 1.0383249297738075
  view-data: 3.411252662539482
