times:
  edit-metadata: 1.541513480246067
  landing: 0.777176633477211
  view-data: 3.5458487793803215
