times:
  edit-metadata: 1.3010705411434174
  landing: 0.7377829700708389
  view-data: 3.300629273056984
