times:
  edit-metadata: 1.480898767709732
  landing: 0.7497276812791824
  view-data: 3.359335169196129
