times:
  edit-metadata: 1.419025857001543
  landing: 0.7879075780510902
  view-data: 3.330165360122919
