times:
  edit-metadata: 1.5840460807085037
  landing: 0.9571171328425407
  view-data: 3.2790774181485176
