times:
  edit-metadata: 1.6108763590455055
  landing: 0.8553766086697578
  view-data: 3.371878858655691
