times:
  edit-metadata: 1.3443768322467804
  landing: 0.8665085136890411
  view-data: 3.374413177371025
