times:
  edit-metadata: 1.5274342708289623
  landing: 0.8981530964374542
  view-data: 3.304101638495922
