times:
  edit-metadata: 1.7840123549103737
  landing: 0.9568624347448349
  view-data: 3.554771475493908
