times:
  edit-metadata: 1.542341411113739
  landing: 0.815877191722393
  view-data: 3.5164911970496178
