times:
  edit-metadata: 1.6432381719350815
  landing: 0.8132364451885223
  view-data: 3.4921191558241844
