times:
  edit-metadata: 1.4814185574650764
  landing: 0.7975751683115959
  view-data: 3.4971389025449753
