times:
  edit-metadata: 1.5380451045930386
  landing: 0.8037707060575485
  view-data: 3.38323488086462
