times:
  edit-metadata: 1.4882542863488197
  landing: 0.7174548581242561
  view-data: 3.4550555422902107
