times:
  edit-metadata: 1.4754919931292534
  landing: 0.8002304583787918
  view-data: 3.328946866095066
