times:
  edit-metadata: 1.3794961273670197
  landing: 0.7172139585018158
  view-data: 3.368735134601593
