times:
  edit-metadata: 1.5852737203240395
  landing: 0.8000262342393398
  view-data: 3.3307320922613144
