times:
  edit-metadata: 1.456716027110815
  landing: 0.9265425130724907
  view-data: 3.3355987817049026
