times:
  edit-metadata: 2.003058835864067
  landing: 1.1296546757221222
  view-data: 3.372391115874052
