times:
  edit-metadata: 1.431580901145935
  landing: 0.716311976313591
  view-data: 3.424322620034218
