times:
  edit-metadata: 3.7627746164798737
  landing: 1.5468105599284172
  view-data: 3.723020501434803
