times:
  edit-metadata: 1.572640746831894
  landing: 1.0008932948112488
  view-data: 3.5456212610006332
