times:
  edit-metadata: 1.363846030086279
  landing: 0.8263432271778584
  view-data: 3.3112617507576942
