times:
  edit-metadata: 1.4799655973911285
  landing: 0.8680872060358524
  view-data: 3.348357915878296
