times:
  edit-metadata: 1.531834177672863
  landing: 0.7709501013159752
  view-data: 3.5727536380290985
