times:
  edit-metadata: 1.9341917484998703
  landing: 1.1296869963407516
  view-data: 3.345055289566517
