times:
  edit-metadata: 1.6285477094352245
  landing: 0.911042470484972
  view-data: 3.331246830523014
