times:
  edit-metadata: 2.4321940019726753
  landing: 1.5959626659750938
  view-data: 3.6128881871700287
