times:
  edit-metadata: 1.4663741365075111
  landing: 0.7566307857632637
  view-data: 3.48123237490654
