times:
  edit-metadata: 1.4428290352225304
  landing: 0.7407230511307716
  view-data: 3.28482386469841
