times:
  edit-metadata: 1.5216555669903755
  landing: 0.856755793094635
  view-data: 3.2806432023644447
