times:
  edit-metadata: 1.341422088444233
  landing: 0.7826228812336922
  view-data: 3.469014897942543
