times:
  edit-metadata: 1.5091735646128654
  landing: 0.8090597689151764
  view-data: 3.4865026846528053
