times:
  edit-metadata: 1.5470362734049559
  landing: 0.8053555563092232
  view-data: 3.4102170076221228
