times:
  edit-metadata: 1.7909981273114681
  landing: 1.0163255594670773
  view-data: 3.3288809955120087
