times:
  edit-metadata: 3.094405986368656
  landing: 5.64920512214303
  view-data: 3.4428169019520283
