times:
  edit-metadata: 1.4933809991925955
  landing: 0.8238130193203688
  view-data: 3.44110987521708
