times:
  edit-metadata: 1.4528933241963387
  landing: 0.7664821743965149
  view-data: 3.3624850288033485
