times:
  edit-metadata: 1.5555752851068974
  landing: 0.8125144224613905
  view-data: 3.3966903798282146
