times:
  edit-metadata: 1.6175850331783295
  landing: 1.465101320296526
  view-data: 3.440510842949152
