times:
  edit-metadata: 1.338740210980177
  landing: 0.8625570833683014
  view-data: 3.4073154628276825
