times:
  edit-metadata: 1.5268823076039553
  landing: 0.824775030836463
  view-data: 3.4221434723585844
