times:
  edit-metadata: 1.6785379312932491
  landing: 1.0474832132458687
  view-data: 3.4094638749957085
