times:
  edit-metadata: 1.3713376112282276
  landing: 0.9183915816247463
  view-data: 3.321286704391241
