times:
  edit-metadata: 2.672779358923435
  landing: 1.8870524019002914
  view-data: 3.668446283787489
