times:
  edit-metadata: 1.4019367098808289
  landing: 3.020765133202076
  view-data: 3.2726826816797256
