times:
  edit-metadata: 1.3513145744800568
  landing: 0.7756337486207485
  view-data: 3.4518183767795563
