times:
  edit-metadata: 1.8161078728735447
  landing: 1.2813622653484344
  view-data: 3.5145979449152946
