times:
  edit-metadata: 1.5401839166879654
  landing: 0.7593206316232681
  view-data: 3.4135307632386684
