times:
  edit-metadata: 1.5298879072070122
  landing: 0.7549094147980213
  view-data: 3.4213077817112207
