times:
  edit-metadata: 1.5804133210331202
  landing: 0.8456223197281361
  view-data: 3.42679382301867
