times:
  edit-metadata: 1.5076818093657494
  landing: 0.8365711532533169
  view-data: 3.383134711533785
