times:
  edit-metadata: 1.4840948209166527
  landing: 0.9559743404388428
  view-data: 3.4300975538790226
