times:
  edit-metadata: 1.5007588807493448
  landing: 0.8492819461971521
  view-data: 3.4138703290373087
