times:
  edit-metadata: 1.4491482973098755
  landing: 0.8604381792247295
  view-data: 3.293168108910322
