times:
  edit-metadata: 1.3632799573242664
  landing: 0.7500922754406929
  view-data: 3.697694182395935
