times:
  edit-metadata: 1.5494782663881779
  landing: 0.9136701636016369
  view-data: 3.355954732745886
