times:
  edit-metadata: 1.484019797295332
  landing: 0.8528927862644196
  view-data: 3.429740734398365
