times:
  edit-metadata: 1.6715557537972927
  landing: 1.6946858167648315
  view-data: 3.376240223646164
