times:
  edit-metadata: 1.4959702920168638
  landing: 0.7929945234209299
  view-data: 3.4549703132361174
