times:
  edit-metadata: 1.5429277401417494
  landing: 1.0022060759365559
  view-data: 3.4316781740635633
