times:
  edit-metadata: 1.3702764883637428
  landing: 0.7968114987015724
  view-data: 3.390713110566139
