times:
  edit-metadata: 1.366676226258278
  landing: 0.820074550807476
  view-data: 3.3004361242055893
