times:
  edit-metadata: 1.5869844928383827
  landing: 0.8653729595243931
  view-data: 3.545334003865719
