times:
  edit-metadata: 1.521000375971198
  landing: 0.7699324619024992
  view-data: 3.387127099558711
