times:
  edit-metadata: 1.4355028793215752
  landing: 0.8783981688320637
  view-data: 3.3706000111997128
