times:
  edit-metadata: 2.1244411319494247
  landing: 1.7181880325078964
  view-data: 3.432633202522993
