times:
  edit-metadata: 1.4777418058365583
  landing: 0.7711219601333141
  view-data: 3.4302128423005342
