times:
  edit-metadata: 1.5268967226147652
  landing: 0.8171670231968164
  view-data: 3.4345131162554026
