times:
  edit-metadata: 1.9140280149877071
  landing: 1.1323405914008617
  view-data: 3.5206515975296497
