times:
  edit-metadata: 1.4998822137713432
  landing: 0.9227357693016529
  view-data: 3.4068237021565437
