times:
  edit-metadata: 1.5537322275340557
  landing: 0.9942449368536472
  view-data: 3.3804524019360542
