times:
  edit-metadata: 1.625968798995018
  landing: 1.023651260882616
  view-data: 3.300995636731386
