times:
  edit-metadata: 1.571057539433241
  landing: 0.8702018558979034
  view-data: 3.4592833146452904
