times:
  edit-metadata: 2.338792283087969
  landing: 1.4472453109920025
  view-data: 3.3757040426135063
