times:
  edit-metadata: 1.5121413934975863
  landing: 0.8148212023079395
  view-data: 3.379981091246009
