times:
  edit-metadata: 1.6409995667636395
  landing: 1.0050042010843754
  view-data: 3.37054493278265
