times:
  edit-metadata: 1.4223387017846107
  landing: 0.8315931633114815
  view-data: 3.3157291039824486
