times:
  edit-metadata: 1.3379369042813778
  landing: 0.7158271707594395
  view-data: 3.3155722208321095
