times:
  edit-metadata: 1.466234490275383
  landing: 0.890116486698389
  view-data: 3.8651496917009354
