times:
  edit-metadata: 1.498305182904005
  landing: 0.7838480826467276
  view-data: 3.3154606111347675
