times:
  edit-metadata: 1.5344932712614536
  landing: 0.940142210572958
  view-data: 3.3914423882961273
