times:
  edit-metadata: 1.5185435339808464
  landing: 1.2473267391324043
  view-data: 3.452932082116604
