times:
  edit-metadata: 1.369807668030262
  landing: 0.6676444113254547
  view-data: 3.2913224324584007
