times:
  edit-metadata: 1.9421442709863186
  landing: 1.2245657742023468
  view-data: 4.271766856312752
