times:
  edit-metadata: 1.4596378654241562
  landing: 0.9306728169322014
  view-data: 3.3454249799251556
