times:
  edit-metadata: 1.4981123954057693
  landing: 0.8595280200242996
  view-data: 3.3444210663437843
