times:
  edit-metadata: 1.6653149761259556
  landing: 0.9589803945273161
  view-data: 3.4740913305431604
