times:
  edit-metadata: 1.5119590908288956
  landing: 0.8099438101053238
  view-data: 3.3582459054887295
