times:
  edit-metadata: 1.5075127556920052
  landing: 0.8046451583504677
  view-data: 3.411824267357588
