times:
  edit-metadata: 1.3883567601442337
  landing: 0.7780147977173328
  view-data: 3.3800715133547783
