times:
  edit-metadata: 1.5668244771659374
  landing: 0.9287848621606827
  view-data: 3.355932589620352
