times:
  edit-metadata: 1.5199747271835804
  landing: 0.7730238921940327
  view-data: 3.3617283441126347
