times:
  edit-metadata: 2.049632802605629
  landing: 1.373905312269926
  view-data: 3.4424638748168945
