times:
  edit-metadata: 1.5380611047148705
  landing: 0.9065262340009212
  view-data: 3.4148045480251312
