times:
  edit-metadata: 1.5353762209415436
  landing: 0.8784805126488209
  view-data: 3.3969522416591644
