times:
  edit-metadata: 1.5121088828891516
  landing: 0.7997460905462503
  view-data: 3.4417890906333923
