times:
  edit-metadata: 1.6748750545084476
  landing: 1.1663097515702248
  view-data: 3.3872132524847984
