times:
  edit-metadata: 1.591139268130064
  landing: 0.8725768402218819
  view-data: 3.4586834758520126
