times:
  edit-metadata: 1.5226377807557583
  landing: 0.7728770822286606
  view-data: 3.3992808125913143
