times:
  edit-metadata: 1.53030663728714
  landing: 0.8066867366433144
  view-data: 3.435820383951068
