times:
  edit-metadata: 1.4879188165068626
  landing: 0.9206497631967068
  view-data: 3.3668836541473866
