times:
  edit-metadata: 1.4965827912092209
  landing: 0.8927718549966812
  view-data: 3.3418717570602894
