times:
  edit-metadata: 1.5688970685005188
  landing: 0.9547527395188808
  view-data: 3.3805631808936596
