times:
  edit-metadata: 1.5421254336833954
  landing: 1.068410787731409
  view-data: 3.329219162464142
