times:
  edit-metadata: 1.3881318755447865
  landing: 0.9747361838817596
  view-data: 3.3349012657999992
