times:
  edit-metadata: 1.3350749388337135
  landing: 0.9383596703410149
  view-data: 3.4096653945744038
