times:
  edit-metadata: 1.4994958359748125
  landing: 0.7839129827916622
  view-data: 3.365372782573104
