times:
  edit-metadata: 1.5706008467823267
  landing: 0.7883822675794363
  view-data: 3.4216878078877926
