times:
  edit-metadata: 1.5147959105670452
  landing: 0.7421617247164249
  view-data: 3.3440649304538965
