times:
  edit-metadata: 1.59871019795537
  landing: 0.968646977096796
  view-data: 3.4260373525321484
