times:
  edit-metadata: 1.4957586787641048
  landing: 0.7789082862436771
  view-data: 3.391763288527727
