times:
  edit-metadata: 1.6142265163362026
  landing: 1.037100661545992
  view-data: 3.772625334560871
