times:
  edit-metadata: 1.3956762794405222
  landing: 0.7080572564154863
  view-data: 3.3122781831771135
