times:
  edit-metadata: 1.5065995529294014
  landing: 0.7540521882474422
  view-data: 3.426323076710105
