times:
  edit-metadata: 1.514876876026392
  landing: 0.9587878100574017
  view-data: 3.4583470709621906
