times:
  edit-metadata: 1.3279859982430935
  landing: 0.8025948442518711
  view-data: 3.355826575309038
