times:
  edit-metadata: 1.3871657773852348
  landing: 0.7242181673645973
  view-data: 3.2955900356173515
