times:
  edit-metadata: 1.4393995609134436
  landing: 0.7598041109740734
  view-data: 3.423650411888957
