times:
  edit-metadata: 1.5952301286160946
  landing: 1.0927746891975403
  view-data: 3.3559946604073048
