times:
  edit-metadata: 1.6311395801603794
  landing: 1.1121472120285034
  view-data: 3.2981484681367874
