times:
  edit-metadata: 1.7144935801625252
  landing: 1.0551356673240662
  view-data: 3.4032930359244347
