times:
  edit-metadata: 1.5949214212596416
  landing: 0.8985992930829525
  view-data: 3.45206231251359
