times:
  edit-metadata: 1.6246794946491718
  landing: 1.0989256873726845
  view-data: 3.4097641073167324
