times:
  edit-metadata: 1.5119822025299072
  landing: 0.8183694258332253
  view-data: 3.5628036484122276
