times:
  edit-metadata: 1.519430499523878
  landing: 1.0122676901519299
  view-data: 3.326414741575718
