times:
  edit-metadata: 1.486949635669589
  landing: 0.784402672201395
  view-data: 3.451395330950618
