times:
  edit-metadata: 1.436788648366928
  landing: 0.9028843119740486
  view-data: 3.350215155631304
