times:
  edit-metadata: 1.4871508218348026
  landing: 0.9190624393522739
  view-data: 3.352817039936781
