times:
  edit-metadata: 1.3341773375868797
  landing: 0.7892119195312262
  view-data: 3.309453235939145
