times:
  edit-metadata: 1.3543553091585636
  landing: 0.7269973158836365
  view-data: 3.305962275713682
