times:
  edit-metadata: 1.968210943043232
  landing: 1.0933426171541214
  view-data: 4.4999601524323225
