times:
  edit-metadata: 1.7858836352825165
  landing: 1.1534010022878647
  view-data: 3.6298064030706882
