times:
  edit-metadata: 1.3893687166273594
  landing: 0.9749871343374252
  view-data: 3.3775722682476044
