times:
  edit-metadata: 1.514359425753355
  landing: 0.9821946881711483
  view-data: 3.4121191278100014
