times:
  edit-metadata: 1.66545095667243
  landing: 0.9855956584215164
  view-data: 3.337991215288639
