times:
  edit-metadata: 1.551154289394617
  landing: 0.8816259987652302
  view-data: 3.2832661010324955
