times:
  edit-metadata: 1.6663574911653996
  landing: 1.0843695551156998
  view-data: 3.4195017106831074
