times:
  edit-metadata: 1.6037073396146297
  landing: 1.111554879695177
  view-data: 3.351157244294882
