times:
  edit-metadata: 1.5588693767786026
  landing: 1.0938590951263905
  view-data: 3.3866843208670616
