times:
  edit-metadata: 1.4887598510831594
  landing: 0.8131578527390957
  view-data: 0.6779594700783491
