times:
  edit-metadata: 1.4580283649265766
  landing: 1.0676146820187569
  view-data: 3.3612120002508163
