times:
  edit-metadata: 1.674247395247221
  landing: 0.9545428901910782
  view-data: 3.4068293534219265
