times:
  edit-metadata: 1.5186996944248676
  landing: 0.8997571505606174
  view-data: 3.4077745229005814
