times:
  edit-metadata: 1.7213581763207912
  landing: 1.015311274677515
  view-data: 3.3523638769984245
