times:
  edit-metadata: 1.509837120771408
  landing: 0.88833237439394
  view-data: 3.3655727803707123
