times:
  edit-metadata: 1.4865689426660538
  landing: 0.7695047948509455
  view-data: 3.3530105240643024
