times:
  edit-metadata: 1.5035525113344193
  landing: 0.7433306835591793
  view-data: 3.422260358929634
