times:
  edit-metadata: 3.0458011217415333
  landing: 1.6866231858730316
  view-data: 3.7397583946585655
