times:
  edit-metadata: 1.5114394649863243
  landing: 1.000098817050457
  view-data: 3.371667582541704
