times:
  edit-metadata: 1.5721585415303707
  landing: 0.8480513207614422
  view-data: 3.556796208024025
