times:
  edit-metadata: 1.496733907610178
  landing: 0.8396935276687145
  view-data: 3.3980524949729443
