times:
  edit-metadata: 1.4932977631688118
  landing: 0.9070723541080952
  view-data: 3.398488514125347
