times:
  edit-metadata: 1.4954719319939613
  landing: 0.7746720798313618
  view-data: 3.355252306908369
