times:
  edit-metadata: 1.4601294584572315
  landing: 0.8469017967581749
  view-data: 3.4397464133799076
