times:
  edit-metadata: 1.5329369455575943
  landing: 0.9363239854574203
  view-data: 3.334324464201927
