times:
  edit-metadata: 1.5167484357953072
  landing: 0.8520912453532219
  view-data: 3.410524472594261
