times:
  edit-metadata: 1.5371108762919903
  landing: 1.00322924554348
  view-data: 3.371113296598196
