times:
  edit-metadata: 1.5023496076464653
  landing: 0.9297859892249107
  view-data: 3.4361706376075745
