times:
  edit-metadata: 1.4463447164744139
  landing: 0.14373750798404217
  view-data: 0.2654776033014059
