times:
  edit-metadata: 1.470231568440795
  landing: 0.021851621568202972
  view-data: 0.024460965767502785
