times:
  edit-metadata: 1.5449782963842154
  landing: 0.8440946247428656
  view-data: 3.2714740689843893
