times:
  edit-metadata: 0.6141164530054084
  landing: 0.045528018003096804
  view-data: 0.21591714099486126
