times:
  edit-metadata: 1.3420422114431858
  landing: 0.02209546323865652
  view-data: 0.29409610852599144
