times:
  edit-metadata: 1.4573390139266849
  landing: 0.01999749056994915
  view-data: 0.12706117890775204
