times:
  edit-metadata: 1.4564244821667671
  landing: 0.8605324774980545
  view-data: 3.3897309564054012
