times:
  edit-metadata: 1.6969816889613867
  landing: 0.7815776849165559
  view-data: 3.4378480156883597
