times:
  edit-metadata: 2.0918065533041954
  landing: 1.3529154481366277
  view-data: 3.4961631381884217
