times:
  edit-metadata: 1.4869224485009909
  landing: 0.7209146525710821
  view-data: 3.402439856901765
