times:
  edit-metadata: 1.5241158716380596
  landing: 0.8481548428535461
  view-data: 3.296417508274317
