times:
  edit-metadata: 1.6005401834845543
  landing: 0.1989720370620489
  view-data: 0.3334741182625294
