times:
  edit-metadata: 1.415023136883974
  landing: 0.020965520292520523
  view-data: 0.025307901203632355
