times:
  edit-metadata: 1.4692646022886038
  landing: 0.7412235699594021
  view-data: 3.40611607208848
