times:
  edit-metadata: 1.4611078463494778
  landing: 0.02195967733860016
  view-data: 0.12473292835056782
