times:
  edit-metadata: 1.6016097329556942
  landing: 0.7424760013818741
  view-data: 3.465974111109972
