times:
  edit-metadata: 1.4780989680439234
  landing: 0.022636013105511665
  view-data: 0.025394132360816002
