times:
  edit-metadata: 1.353473144583404
  landing: 0.02170746400952339
  view-data: 0.02507168799638748
