times:
  edit-metadata: 1.4156602807343006
  landing: 0.14093733206391335
  view-data: 0.12256952375173569
