times:
  edit-metadata: 1.5083014406263828
  landing: 1.1712479628622532
  view-data: 3.4611471854150295
