times:
  edit-metadata: 1.3809059355407953
  landing: 0.0200926149263978
  view-data: 0.02677937876433134
