times:
  edit-metadata: 1.462052432820201
  landing: 0.018873946741223335
  view-data: 0.11887786909937859
