times:
  edit-metadata: 1.4098999919369817
  landing: 0.02254745177924633
  view-data: 0.025293372571468353
