times:
  edit-metadata: 0.623945353901945
  landing: 0.04055116802919656
  view-data: 0.22711012291256338
