times:
  edit-metadata: 1.5504375360906124
  landing: 0.7498567961156368
  view-data: 3.3887123968452215
