times:
  edit-metadata: 1.3600433263927698
  landing: 0.02148460131138563
  view-data: 0.023363706655800343
