times:
  edit-metadata: 1.405438357964158
  landing: 0.20577231608331203
  view-data: 0.024226613342761993
