times:
  edit-metadata: 1.5506417285650969
  landing: 0.20351121202111244
  view-data: 0.030547186732292175
