times:
  edit-metadata: 1.3926425268873572
  landing: 0.023534763604402542
  view-data: 0.40022366773337126
