times:
  edit-metadata: 1.4985157176852226
  landing: 1.0828642062842846
  view-data: 3.406040672212839
