times:
  edit-metadata: 1.3731380309909582
  landing: 0.1961622517555952
  view-data: 0.02448835875838995
