times:
  edit-metadata: 1.6746409591287374
  landing: 0.8968408741056919
  view-data: 3.315128767862916
