times:
  edit-metadata: 1.3468513526022434
  landing: 0.019891910254955292
  view-data: 0.33613564260303974
