times:
  edit-metadata: 1.625302016735077
  landing: 0.7927888184785843
  view-data: 3.4069521725177765
