times:
  edit-metadata: 2.0960491709411144
  landing: 0.9031611755490303
  view-data: 3.6482245326042175
