times:
  edit-metadata: 1.2537541119381785
  landing: 0.7607201654464006
  view-data: 0.42967859096825123
