times:
  edit-metadata: 1.349661124870181
  landing: 0.019801254384219646
  view-data: 0.1318386998027563
