times:
  edit-metadata: 1.5676283594220877
  landing: 0.7767982836812735
  view-data: 3.4024876710027456
