times:
  edit-metadata: 1.414796738885343
  landing: 0.020304028876125813
  view-data: 0.20802237652242184
