times:
  edit-metadata: 0.527073172852397
  landing: 0.051831113174557686
  view-data: 0.23609822988510132
