times:
  edit-metadata: 0.5067145330831409
  landing: 0.06888333195820451
  view-data: 0.21033513394650072
