times:
  edit-metadata: 1.447105934843421
  landing: 0.7453121540602297
  view-data: 3.3745748829096556
