times:
  edit-metadata: 1.4846497252583504
  landing: 0.9125993214547634
  view-data: 3.357881546020508
