times:
  edit-metadata: 1.5545704774558544
  landing: 0.8727830536663532
  view-data: 3.4350358210504055
