times:
  edit-metadata: 0.5006447990890592
  landing: 0.05975760403089225
  view-data: 0.21022960892878473
