times:
  edit-metadata: 0.49539473303593695
  landing: 0.06339266407303512
  view-data: 0.22112826898228377
