times:
  edit-metadata: 1.406493884511292
  landing: 0.019857553765177727
  view-data: 0.46194429229944944
