times:
  edit-metadata: 1.7995378077030182
  landing: 1.0823640152812004
  view-data: 3.460623450577259
