times:
  edit-metadata: 1.615010067820549
  landing: 0.9768096394836903
  view-data: 3.3702229149639606
