times:
  edit-metadata: 0.5272980239242315
  landing: 0.04930049111135304
  view-data: 0.2082896928768605
