times:
  edit-metadata: 1.3831242555752397
  landing: 0.023721802048385143
  view-data: 0.024137078784406185
