times:
  edit-metadata: 1.4710887596011162
  landing: 0.8010683134198189
  view-data: 3.3460813164711
