times:
  edit-metadata: 1.490954365581274
  landing: 0.7899169344455004
  view-data: 3.448960527777672
