times:
  edit-metadata: 0.6061258640838787
  landing: 0.07616080204024911
  view-data: 0.21772080601658672
