times:
  edit-metadata: 1.5867515839636326
  landing: 0.8753559961915016
  view-data: 3.423783451318741
