times:
  edit-metadata: 0.6525189779931679
  landing: 0.05610347603214905
  view-data: 0.25283930497244
