times:
  edit-metadata: 1.4385360069572926
  landing: 0.22075171675533056
  view-data: 0.4700829526409507
