times:
  edit-metadata: 1.5192777644842863
  landing: 0.825391124933958
  view-data: 3.3952716141939163
