times:
  edit-metadata: 0.5912118260748684
  landing: 0.04327494406607002
  view-data: 0.21578351594507694
