times:
  edit-metadata: 0.4992440559435636
  landing: 0.060352890053763986
  view-data: 0.20665863598696887
