times:
  edit-metadata: 1.8395736683160067
  landing: 0.2312526497989893
  view-data: 0.42347938008606434
