times:
  edit-metadata: 1.7136315368115902
  landing: 0.14060917869210243
  view-data: 0.3651636727154255
