times:
  edit-metadata: 1.4697012901306152
  landing: 0.8991432972252369
  view-data: 3.349400792270899
