times:
  edit-metadata: 1.4513050820678473
  landing: 0.020428650081157684
  view-data: 0.45847571734339
