times:
  edit-metadata: 2.299407133832574
  landing: 1.4012172501534224
  view-data: 4.054686047136784
