times:
  edit-metadata: 1.539638388901949
  landing: 0.7968908194452524
  view-data: 3.3672788869589567
