times:
  edit-metadata: 1.3430354492738843
  landing: 0.02139521948993206
  view-data: 0.024452236481010914
