times:
  edit-metadata: 1.5778414942324162
  landing: 0.8862718716263771
  view-data: 3.4368295781314373
