times:
  edit-metadata: 0.6075008497573435
  landing: 0.0467690690420568
  view-data: 0.22634425200521946
