times:
  edit-metadata: 1.58377293497324
  landing: 0.2435651235282421
  view-data: 0.1318608671426773
