times:
  edit-metadata: 1.8032446317374706
  landing: 1.4005466774106026
  view-data: 3.484657719731331
