times:
  edit-metadata: 3.0244588404893875
  landing: 1.423069804906845
  view-data: 3.5353292748332024
