times:
  edit-metadata: 1.3492897786200047
  landing: 0.022715157829225063
  view-data: 0.1175954332575202
