times:
  edit-metadata: 1.4657718166708946
  landing: 0.8276113234460354
  view-data: 3.2973982244729996
