times:
  edit-metadata: 1.4350721426308155
  landing: 0.6541463360190392
  view-data: 3.3158558141440153
