times:
  edit-metadata: 1.4124455833807588
  landing: 0.9768874696455896
  view-data: 3.3408957249484956
