times:
  edit-metadata: 1.478490136563778
  landing: 0.024262117221951485
  view-data: 0.2500409223139286
