times:
  edit-metadata: 0.5039609379600734
  landing: 0.07029482396319509
  view-data: 0.21581227891147137
