times:
  edit-metadata: 0.540928774047643
  landing: 0.06376125384122133
  view-data: 0.2090138141065836
