times:
  edit-metadata: 1.324602765031159
  landing: 0.7267817109823227
  view-data: 3.303620472084731
