times:
  edit-metadata: 1.5100823268294334
  landing: 0.8882598541676998
  view-data: 3.4548828527331352
