times:
  edit-metadata: 1.9052549228072166
  landing: 1.0795929655432701
  view-data: 3.4349282644689083
