times:
  edit-metadata: 1.4602783033624291
  landing: 0.23380850721150637
  view-data: 0.13390102982521057
