times:
  edit-metadata: 1.4078893447294831
  landing: 0.8570653917267919
  view-data: 3.337272260338068
