times:
  edit-metadata: 1.4599386593326926
  landing: 0.021825245581567287
  view-data: 0.02825872227549553
