times:
  edit-metadata: 1.4278114400804043
  landing: 0.09715656656771898
  view-data: 0.12190189398825169
