times:
  edit-metadata: 1.4322573766112328
  landing: 0.8474910482764244
  view-data: 3.3272730857133865
