times:
  edit-metadata: 1.775596084073186
  landing: 0.8485117834061384
  view-data: 3.2859280556440353
