times:
  edit-metadata: 1.3613496217876673
  landing: 0.742010947316885
  view-data: 3.3456526743248105
