times:
  edit-metadata: 1.4718002788722515
  landing: 0.9013392180204391
  view-data: 3.348775751888752
