times:
  edit-metadata: 1.525901835411787
  landing: 0.020404336974024773
  view-data: 0.02731814607977867
