times:
  edit-metadata: 1.5325037809088826
  landing: 0.8242356211412698
  view-data: 3.3921204621437937
