times:
  edit-metadata: 0.5061161289922893
  landing: 0.07426325883716345
  view-data: 0.20785399712622166
