times:
  edit-metadata: 1.356057378463447
  landing: 0.020800011232495308
  view-data: 0.10512194875627756
