times:
  edit-metadata: 1.3183808252215385
  landing: 0.11455084010958672
  view-data: 0.10337598156183958
