times:
  edit-metadata: 1.4224317763000727
  landing: 0.14193439669907093
  view-data: 0.3089427687227726
