times:
  edit-metadata: 2.2747002942487597
  landing: 0.4530670139938593
  view-data: 0.6034711534157395
