times:
  edit-metadata: 1.526842214167118
  landing: 0.7363565042614937
  view-data: 3.3491391018033028
