times:
  edit-metadata: 1.6318039614707232
  landing: 0.8655086234211922
  view-data: 3.443735547363758
