times:
  edit-metadata: 0.598705276963301
  landing: 0.043871116009540856
  view-data: 0.21369846106972545
