times:
  edit-metadata: 1.508676689118147
  landing: 0.17655988037586212
  view-data: 0.025011062622070312
