times:
  edit-metadata: 1.3183134607970715
  landing: 0.7152451947331429
  view-data: 3.281504511833191
