times:
  edit-metadata: 1.3853728659451008
  landing: 0.14175538159906864
  view-data: 0.02703611459583044
