times:
  edit-metadata: 1.7331342101097107
  landing: 1.1072438769042492
  view-data: 3.3923194967210293
