times:
  edit-metadata: 0.5736606549980934
  landing: 0.06307634300173959
  view-data: 0.34687915799440816
