times:
  edit-metadata: 1.3650566916912794
  landing: 0.11985871847718954
  view-data: 0.025382515974342823
