times:
  edit-metadata: 1.5618131272494793
  landing: 0.7369637377560139
  view-data: 3.3574975430965424
