times:
  edit-metadata: 2.4579963237047195
  landing: 1.083516463637352
  view-data: 3.402609970420599
