times:
  edit-metadata: 1.3850207799114287
  landing: 0.7916327458806336
  view-data: 3.3760728021152318
