times:
  edit-metadata: 1.4303564466536045
  landing: 0.21232155337929726
  view-data: 0.2847901899367571
