times:
  edit-metadata: 1.4038639618083835
  landing: 0.020262115634977818
  view-data: 0.026345194317400455
