times:
  edit-metadata: 1.5673166755586863
  landing: 0.7414922378957272
  view-data: 3.4086585585027933
