times:
  edit-metadata: 1.4491420720005408
  landing: 0.8465455789119005
  view-data: 3.318291700910777
