times:
  edit-metadata: 1.3985254615545273
  landing: 0.9226001016795635
  view-data: 3.3577956557273865
