times:
  edit-metadata: 1.4330414480064064
  landing: 0.8001943328417838
  view-data: 3.3251693858765066
