times:
  edit-metadata: 2.6451185047626495
  landing: 1.1991618759930134
  view-data: 3.4313005469739437
