times:
  edit-metadata: 0.4997770539484918
  landing: 0.07020932901650667
  view-data: 0.20922962995246053
