times:
  edit-metadata: 1.7086410876363516
  landing: 1.0024282541126013
  view-data: 3.3895062571391463
