times:
  edit-metadata: 1.5122562572360039
  landing: 0.164536627009511
  view-data: 0.1320972442626953
