times:
  edit-metadata: 1.5290897898375988
  landing: 0.7694226615130901
  view-data: 3.419116795063019
