times:
  edit-metadata: 1.4633988216519356
  landing: 0.8889379687607288
  view-data: 3.359137937426567
