times:
  edit-metadata: 0.8321515210000143
  landing: 0.12474785100039298
  view-data: 0.2508069630002865
