times:
  edit-metadata: 1.356430059298873
  landing: 0.11698756460100412
  view-data: 0.026848469860851765
