times:
  edit-metadata: 2.3352962769567966
  landing: 1.1384066939353943
  view-data: 3.350300833582878
