times:
  edit-metadata: 1.7705581933259964
  landing: 0.022196832112967968
  view-data: 0.025608676485717297
