times:
  edit-metadata: 1.4068694077432156
  landing: 0.019193515181541443
  view-data: 0.41520959325134754
