times:
  edit-metadata: 1.6094994973391294
  landing: 0.25107709504663944
  view-data: 0.1537835132330656
