times:
  edit-metadata: 1.3311312273144722
  landing: 0.798711996525526
  view-data: 3.2936297580599785
