times:
  edit-metadata: 1.4956823214888573
  landing: 0.8239964740350842
  view-data: 3.346828461624682
