times:
  edit-metadata: 0.5394913099007681
  landing: 0.04860482504591346
  view-data: 0.21924482006579638
