times:
  edit-metadata: 0.6065424298867583
  landing: 0.09194122813642025
  view-data: 0.283518698066473
