times:
  edit-metadata: 0.48387122992426157
  landing: 0.06002159195486456
  view-data: 0.2090062719071284
