times:
  edit-metadata: 1.3875825479626656
  landing: 0.7125447988510132
  view-data: 3.3134692795574665
