times:
  edit-metadata: 1.5386365596204996
  landing: 0.9964984022080898
  view-data: 3.472661431878805
