times:
  edit-metadata: 1.560295076109469
  landing: 0.7869897610507905
  view-data: 3.343860811088234
