times:
  edit-metadata: 0.5061817809473723
  landing: 0.0527718469966203
  view-data: 0.2112383891362697
