times:
  edit-metadata: 1.382489761337638
  landing: 0.023124689236283302
  view-data: 0.33621181920170784
