times:
  edit-metadata: 1.4451398998498917
  landing: 0.02005288563668728
  view-data: 0.33002088218927383
