times:
  edit-metadata: 1.7580368034541607
  landing: 0.12168904393911362
  view-data: 0.025243004783988
