times:
  edit-metadata: 1.4339034743607044
  landing: 0.792044885456562
  view-data: 3.376413833349943
