times:
  edit-metadata: 1.571465140208602
  landing: 0.7911601345986128
  view-data: 3.4361438155174255
