times:
  edit-metadata: 1.512659976258874
  landing: 0.11707793548703194
  view-data: 0.2500108517706394
