times:
  edit-metadata: 1.5960639286786318
  landing: 0.8192191440612078
  view-data: 3.425773922353983
