times:
  edit-metadata: 1.4754006043076515
  landing: 0.01901637576520443
  view-data: 0.1360272355377674
