times:
  edit-metadata: 1.3889948511496186
  landing: 0.9365073526278138
  view-data: 4.05410935357213
