times:
  edit-metadata: 1.3720156939234585
  landing: 0.6636805750895292
  view-data: 3.3595693460665643
