times:
  edit-metadata: 0.5236887508071959
  landing: 0.05120785511098802
  view-data: 0.20563441282138228
