times:
  edit-metadata: 1.521966814994812
  landing: 0.15175549872219563
  view-data: 0.027878718450665474
