times:
  edit-metadata: 1.461205461062491
  landing: 0.7653290554881096
  view-data: 3.355329293757677
