times:
  edit-metadata: 1.5285820122808218
  landing: 0.7802509907633066
  view-data: 3.4203797057271004
