times:
  edit-metadata: 1.4982343595474958
  landing: 0.02168709971010685
  view-data: 0.3550593163818121
