times:
  edit-metadata: 1.3734404249116778
  landing: 0.019304449670016766
  view-data: 0.026890951208770275
