times:
  edit-metadata: 1.5113415010273457
  landing: 0.882279384881258
  view-data: 3.4285350292921066
