times:
  edit-metadata: 1.3357121832668781
  landing: 0.8058026805520058
  view-data: 3.3582144528627396
