times:
  edit-metadata: 0.5909952539950609
  landing: 0.054424897010903805
  view-data: 0.21826871496159583
