times:
  edit-metadata: 1.5977327823638916
  landing: 0.8039252497255802
  view-data: 3.3692047968506813
