times:
  edit-metadata: 0.5019179949886166
  landing: 0.07210333598777652
  view-data: 0.21136100898729637
