times:
  edit-metadata: 1.4124376755207777
  landing: 0.25363892689347267
  view-data: 0.337534848600626
