times:
  edit-metadata: 1.4257473573088646
  landing: 0.862914688885212
  view-data: 3.32458259165287
