times:
  edit-metadata: 1.8964053727686405
  landing: 0.30864089727401733
  view-data: 0.5141164623200893
