times:
  edit-metadata: 0.6030988758429885
  landing: 0.09537672507576644
  view-data: 0.2590037048794329
