times:
  edit-metadata: 1.7222463861107826
  landing: 0.7720739655196667
  view-data: 3.2730498276650906
