times:
  edit-metadata: 2.1443321462720633
  landing: 0.37141636200249195
  view-data: 0.44586903788149357
