times:
  edit-metadata: 1.3419510116800666
  landing: 0.14473465457558632
  view-data: 0.026321602053940296
