times:
  edit-metadata: 1.417594950646162
  landing: 0.9630008637905121
  view-data: 3.386945666745305
