times:
  edit-metadata: 1.6279245857149363
  landing: 1.0422293487936258
  view-data: 3.4230313138104975
