times:
  edit-metadata: 0.5034667870495468
  landing: 0.06532678101211786
  view-data: 0.3519664341583848
