times:
  edit-metadata: 1.5279679708182812
  landing: 0.9064139313995838
  view-data: 3.442506954073906
