times:
  edit-metadata: 1.7848900649696589
  landing: 0.026257776655256748
  view-data: 0.3366630179807544
