times:
  edit-metadata: 1.466241030022502
  landing: 0.19162054732441902
  view-data: 0.12531655468046665
