times:
  edit-metadata: 1.3710393588989973
  landing: 0.021073969081044197
  view-data: 0.13233482837677002
