times:
  edit-metadata: 1.4501477684825659
  landing: 0.9028175119310617
  view-data: 3.31171640381217
