times:
  edit-metadata: 1.2680425997823477
  landing: 0.7673020176589489
  view-data: 3.301567491609603
