times:
  edit-metadata: 1.406188235618174
  landing: 0.020432964898645878
  view-data: 0.025894232094287872
