times:
  edit-metadata: 1.5152674186974764
  landing: 0.7133156042546034
  view-data: 3.400020921602845
