times:
  edit-metadata: 1.3748971726745367
  landing: 0.1715721283107996
  view-data: 0.3080776445567608
