times:
  edit-metadata: 1.4069990701973438
  landing: 0.02165117207914591
  view-data: 0.11779172718524933
