times:
  edit-metadata: 0.7500435737892985
  landing: 0.10456080082803965
  view-data: 0.22527502803131938
