times:
  edit-metadata: 1.5868024937808514
  landing: 0.7919556070119143
  view-data: 3.4405240043997765
