times:
  edit-metadata: 1.8357910923659801
  landing: 0.33108678087592125
  view-data: 0.35460858047008514
