times:
  edit-metadata: 1.5705958437174559
  landing: 0.7815596554428339
  view-data: 3.462561458349228
