times:
  edit-metadata: 0.5242650089785457
  landing: 0.05994919897057116
  view-data: 0.21087747206911445
