times:
  edit-metadata: 1.5299515537917614
  landing: 0.806635782122612
  view-data: 3.6662615071982145
