times:
  edit-metadata: 1.9819284789264202
  landing: 0.9791370034217834
  view-data: 3.593407009728253
