times:
  edit-metadata: 1.3835726231336594
  landing: 0.8564779795706272
  view-data: 3.3823167867958546
