times:
  edit-metadata: 1.3584923269227147
  landing: 0.12862898781895638
  view-data: 0.4495859928429127
