times:
  edit-metadata: 1.5020079426467419
  landing: 0.3119156751781702
  view-data: 0.3549536019563675
