times:
  edit-metadata: 0.599932923913002
  landing: 0.05136502208188176
  view-data: 0.22110737301409245
