times:
  edit-metadata: 1.6587268952280283
  landing: 0.8840608708560467
  view-data: 3.49198511056602
