times:
  edit-metadata: 1.6609086487442255
  landing: 0.9535751659423113
  view-data: 3.4367799926549196
