times:
  edit-metadata: 1.428228322416544
  landing: 0.8852382004261017
  view-data: 3.406803522258997
