times:
  edit-metadata: 1.83907681517303
  landing: 0.33353039994835854
  view-data: 0.1929916851222515
