times:
  edit-metadata: 1.4950590953230858
  landing: 0.19773275032639503
  view-data: 0.10010013543069363
