times:
  edit-metadata: 1.3570857755839825
  landing: 0.13750778697431087
  view-data: 0.1516377255320549
