times:
  edit-metadata: 1.5292570125311613
  landing: 0.9421368185430765
  view-data: 3.42124205455184
