times:
  edit-metadata: 1.4685333902016282
  landing: 0.7702047759667039
  view-data: 3.385784212499857
