times:
  edit-metadata: 1.574865834787488
  landing: 0.2739542480558157
  view-data: 0.3858675640076399
