times:
  edit-metadata: 0.6786849229829386
  landing: 0.061797186033800244
  view-data: 0.30285621900111437
