times:
  edit-metadata: 1.4114695899188519
  landing: 0.0218135304749012
  view-data: 0.3355941530317068
