times:
  edit-metadata: 2.6731588914990425
  landing: 1.5833566896617413
  view-data: 3.696992587298155
