times:
  edit-metadata: 0.5060059719253331
  landing: 0.05670682096388191
  view-data: 0.22429839405231178
