times:
  edit-metadata: 1.6029611569829285
  landing: 0.8557685916312039
  view-data: 3.363550289068371
