times:
  edit-metadata: 1.4613395240157843
  landing: 0.8126378264278173
  view-data: 3.3836659640073776
