times:
  edit-metadata: 1.6702039875090122
  landing: 0.13177017867565155
  view-data: 0.3269187565892935
