times:
  edit-metadata: 1.3866699626669288
  landing: 0.1591997304931283
  view-data: 0.12910233531147242
