times:
  edit-metadata: 1.3957811938598752
  landing: 1.055151779204607
  view-data: 3.31204997561872
