times:
  edit-metadata: 1.5835560094565153
  landing: 0.9553739000111818
  view-data: 3.46683063544333
