times:
  edit-metadata: 1.4629612248390913
  landing: 0.14257078245282173
  view-data: 0.32172043435275555
