times:
  edit-metadata: 2.0525265987962484
  landing: 0.7250940324738622
  view-data: 3.3968139681965113
