times:
  edit-metadata: 1.5370817352086306
  landing: 0.14860017970204353
  view-data: 0.5287899002432823
