times:
  edit-metadata: 0.6678174915723503
  landing: 0.08561238320544362
  view-data: 0.20976026495918632
