times:
  edit-metadata: 0.614641201987979
  landing: 0.04622892900079023
  view-data: 0.21621013300318737
