times:
  edit-metadata: 1.6071920413523912
  landing: 0.7820098008960485
  view-data: 3.3462170232087374
