times:
  edit-metadata: 1.5227218568325043
  landing: 0.7457558047026396
  view-data: 3.4203011598438025
