times:
  edit-metadata: 2.274862766265869
  landing: 0.12713366001844406
  view-data: 0.2907707057893276
