times:
  edit-metadata: 1.3291358018759638
  landing: 0.7365511751268059
  view-data: 3.285270460881293
