times:
  edit-metadata: 1.5228330381214619
  landing: 0.714713528752327
  view-data: 3.395376820117235
