times:
  edit-metadata: 2.552631441503763
  landing: 0.3076319079846144
  view-data: 0.3983045471832156
