times:
  edit-metadata: 1.481246448121965
  landing: 0.763416436035186
  view-data: 3.391072549857199
