times:
  edit-metadata: 1.3960804715752602
  landing: 0.2582823857665062
  view-data: 0.13980959355831146
