times:
  edit-metadata: 1.3487397655844688
  landing: 0.021745898760855198
  view-data: 0.12168177217245102
