times:
  edit-metadata: 1.3731580022722483
  landing: 0.019246740266680717
  view-data: 0.0277204355224967
