times:
  edit-metadata: 1.5007194448262453
  landing: 0.8563841790892184
  view-data: 3.3808953990228474
