times:
  edit-metadata: 1.7646722979843616
  landing: 0.9551144856959581
  view-data: 3.318864176981151
