times:
  edit-metadata: 2.587667066603899
  landing: 5.300961073487997
  view-data: 3.4670735709369183
