times:
  edit-metadata: 0.49729179590940475
  landing: 0.06548796105198562
  view-data: 0.20553216594271362
