times:
  edit-metadata: 1.3871354358270764
  landing: 0.021822376176714897
  view-data: 0.026529482565820217
