times:
  edit-metadata: 1.7620340511202812
  landing: 1.0582222789525986
  view-data: 3.3720290176570415
