times:
  edit-metadata: 1.4602359244599938
  landing: 0.7327319234609604
  view-data: 3.338149885646999
