times:
  edit-metadata: 1.7657388621009886
  landing: 1.0517777111381292
  view-data: 3.5247083799913526
