times:
  edit-metadata: 1.3825134048238397
  landing: 0.025585133582353592
  view-data: 0.025862240232527256
