times:
  edit-metadata: 1.337592575699091
  landing: 0.09707479178905487
  view-data: 0.4579487117007375
