times:
  edit-metadata: 1.350760373286903
  landing: 0.2370584113523364
  view-data: 0.1321675656363368
