times:
  edit-metadata: 1.604507236275822
  landing: 0.9381512789987028
  view-data: 3.3226433568634093
