times:
  edit-metadata: 1.5783966332674026
  landing: 0.8256791830062866
  view-data: 3.439132284373045
