times:
  edit-metadata: 0.5971758137457073
  landing: 0.04974875599145889
  view-data: 0.22064764983952045
