times:
  edit-metadata: 1.4356797747313976
  landing: 0.9119579493999481
  view-data: 3.391479901969433
