times:
  edit-metadata: 1.4568593874573708
  landing: 0.021899014711380005
  view-data: 0.3681240677833557
