times:
  edit-metadata: 1.502704305574298
  landing: 0.744495278224349
  view-data: 3.3468582276254892
