times:
  edit-metadata: 1.4059668390545994
  landing: 0.7038045240333304
  view-data: 3.2827054490335286
