times:
  edit-metadata: 1.457813311368227
  landing: 1.1705446392297745
  view-data: 3.4091978073120117
