times:
  edit-metadata: 1.3514629695564508
  landing: 0.020533403381705284
  view-data: 0.02383514679968357
