times:
  edit-metadata: 1.4304472645744681
  landing: 0.14498074632138014
  view-data: 0.21763894334435463
