times:
  edit-metadata: 0.4930823019994932
  landing: 0.06791421900015848
  view-data: 0.2085054629997103
