times:
  edit-metadata: 0.5948063310934231
  landing: 0.04793998401146382
  view-data: 0.2315346960676834
