times:
  edit-metadata: 0.6068559419945814
  landing: 0.04918631201144308
  view-data: 0.2357370019890368
