times:
  edit-metadata: 1.4384442241862416
  landing: 0.022308913990855217
  view-data: 0.46782051119953394
