times:
  edit-metadata: 1.7642834894359112
  landing: 0.15397504158318043
  view-data: 0.3757365085184574
