times:
  edit-metadata: 1.4237674083560705
  landing: 0.7534296493977308
  view-data: 3.3778261989355087
