times:
  edit-metadata: 0.5226468150503933
  landing: 0.04969188594259322
  view-data: 0.21264067012816668
