times:
  edit-metadata: 1.4175039576366544
  landing: 0.7538227811455727
  view-data: 3.410982755944133
