times:
  edit-metadata: 0.5936162699945271
  landing: 0.05032313195988536
  view-data: 0.23541507800109684
