times:
  edit-metadata: 0.5256588370539248
  landing: 0.04746167687699199
  view-data: 0.21105061518028378
