times:
  edit-metadata: 1.4399617984890938
  landing: 0.22271118871867657
  view-data: 0.10441958159208298
