times:
  edit-metadata: 1.548304010182619
  landing: 0.998455137014389
  view-data: 3.419644493609667
