times:
  edit-metadata: 1.5172190684825182
  landing: 0.7448562663048506
  view-data: 3.3799835685640574
