times:
  edit-metadata: 1.6063825488090515
  landing: 0.7476040199398994
  view-data: 3.4545714743435383
