times:
  edit-metadata: 1.1613139994442463
  landing: 0.8717765547335148
  view-data: 3.3190194740891457
