times:
  edit-metadata: 1.5497303046286106
  landing: 0.7938251234591007
  view-data: 3.434188552200794
