times:
  edit-metadata: 0.5252550099976361
  landing: 0.05439877207390964
  view-data: 0.20948005886748433
