times:
  edit-metadata: 1.5124822426587343
  landing: 0.7967978846281767
  view-data: 3.3739357609301805
