times:
  edit-metadata: 1.5045300970086828
  landing: 0.8956831169780344
  view-data: 3.38868916395586
