times:
  edit-metadata: 1.6528895497322083
  landing: 0.747893339022994
  view-data: 3.400670003145933
