times:
  edit-metadata: 1.3635434312745929
  landing: 0.021947208791971207
  view-data: 0.4119974775239825
