times:
  edit-metadata: 1.5590021163225174
  landing: 0.7866133525967598
  view-data: 3.3890790678560734
