times:
  edit-metadata: 1.460400783456862
  landing: 0.021192874759435654
  view-data: 0.09941443149000406
