times:
  edit-metadata: 1.640459068119526
  landing: 0.867008768953383
  view-data: 3.3022983446717262
