times:
  edit-metadata: 1.4751648530364037
  landing: 0.8836915604770184
  view-data: 3.3301757127046585
