times:
  edit-metadata: 2.5387867763638496
  landing: 1.7234268933534622
  view-data: 3.5471173897385597
