times:
  edit-metadata: 1.3595214718952775
  landing: 0.021632659249007702
  view-data: 0.11807420756667852
