times:
  edit-metadata: 1.3607671335339546
  landing: 0.021555296145379543
  view-data: 0.12283570971339941
