times:
  edit-metadata: 2.5688118617981672
  landing: 1.6821065321564674
  view-data: 3.763695789501071
