times:
  edit-metadata: 2.7070271419361234
  landing: 0.9622738873586059
  view-data: 3.9774066526442766
