times:
  edit-metadata: 0.8821362839080393
  landing: 0.12077822489663959
  view-data: 0.3016931093297899
