times:
  edit-metadata: 1.4561556773260236
  landing: 0.022794222459197044
  view-data: 0.11911154165863991
