times:
  edit-metadata: 1.544071400538087
  landing: 0.02232702262699604
  view-data: 0.02371043711900711
