times:
  edit-metadata: 1.8666028454899788
  landing: 1.223318938165903
  view-data: 3.348035290837288
