times:
  edit-metadata: 1.4148738086223602
  landing: 0.21230663638561964
  view-data: 0.4451451078057289
