times:
  edit-metadata: 0.49249516800045967
  landing: 0.06740648194681853
  view-data: 0.21958018897566944
