times:
  edit-metadata: 0.7786272470257245
  landing: 0.1471044920035638
  view-data: 0.24087078199954703
