times:
  edit-metadata: 1.3089773539686576
  landing: 0.3334852650295943
  view-data: 0.3067649300210178
