times:
  edit-metadata: 1.4429636225104332
  landing: 0.7729303278028965
  view-data: 3.296479195356369
