times:
  edit-metadata: 1.394061353057623
  landing: 0.21083923429250717
  view-data: 0.34222980961203575
