times:
  edit-metadata: 0.5277915738988668
  landing: 0.05356887704692781
  view-data: 0.21228168904781342
