times:
  edit-metadata: 2.122448168694973
  landing: 1.285952366888523
  view-data: 3.6276622600853443
