times:
  edit-metadata: 1.65126209333539
  landing: 0.7747681755572557
  view-data: 3.4876054916530848
