times:
  edit-metadata: 1.6406319327652454
  landing: 0.8621140699833632
  view-data: 3.3351560439914465
