times:
  edit-metadata: 1.4322926555760205
  landing: 0.7577116452157497
  view-data: 3.361954583786428
