times:
  edit-metadata: 0.4927713999059051
  landing: 0.06165984203107655
  view-data: 0.20675816794391721
