times:
  edit-metadata: 0.5534296720288694
  landing: 0.05633612896781415
  view-data: 0.21060225495602936
