times:
  edit-metadata: 1.9113786537200212
  landing: 0.025731531903147697
  view-data: 0.0551899429410696
