times:
  edit-metadata: 1.341027875430882
  landing: 0.11156296823173761
  view-data: 0.026519520208239555
