times:
  edit-metadata: 1.4556762855499983
  landing: 0.8793135527521372
  view-data: 3.3549883477389812
