times:
  edit-metadata: 1.5129996724426746
  landing: 0.7963398471474648
  view-data: 3.3574738577008247
