times:
  edit-metadata: 0.675331424921751
  landing: 0.05788882402703166
  view-data: 0.2861787099391222
