times:
  edit-metadata: 1.5053629726171494
  landing: 0.1330457702279091
  view-data: 0.3641517646610737
