times:
  edit-metadata: 0.5967151131480932
  landing: 0.05297894403338432
  view-data: 0.3446552506648004
