times:
  edit-metadata: 2.4084024503827095
  landing: 1.1954908110201359
  view-data: 3.810904685407877
