times:
  edit-metadata: 1.4255254212766886
  landing: 0.8046314530074596
  view-data: 3.385083584114909
