times:
  edit-metadata: 1.3641249351203442
  landing: 0.021660498343408108
  view-data: 0.1174722108989954
