times:
  edit-metadata: 1.3514001984149218
  landing: 0.20148588065057993
  view-data: 0.16647727228701115
