times:
  edit-metadata: 1.4429207295179367
  landing: 0.8359415978193283
  view-data: 3.341759990900755
