times:
  edit-metadata: 0.5014555901288986
  landing: 0.06512744911015034
  view-data: 0.21641513309441507
