times:
  edit-metadata: 0.5486090809863526
  landing: 0.0574960480153095
  view-data: 0.2060871169960592
