times:
  edit-metadata: 0.6541169248521328
  landing: 0.0479273940436542
  view-data: 0.2097564279101789
