times:
  edit-metadata: 1.3431770391762257
  landing: 0.021799377165734768
  view-data: 0.023920878767967224
