times:
  edit-metadata: 1.3167686071246862
  landing: 0.19168652407824993
  view-data: 0.39498896710574627
