times:
  edit-metadata: 1.5189014989882708
  landing: 0.21708539500832558
  view-data: 0.3229342848062515
