times:
  edit-metadata: 1.6217744201421738
  landing: 0.7986733969300985
  view-data: 3.45099108107388
