times:
  edit-metadata: 0.7145842178724706
  landing: 0.11315717501565814
  view-data: 0.21115741319954395
