times:
  edit-metadata: 1.516928855329752
  landing: 0.16473570093512535
  view-data: 0.21410257928073406
