times:
  edit-metadata: 1.5166539326310158
  landing: 0.7357327491044998
  view-data: 3.3795435316860676
