times:
  edit-metadata: 1.3914426965638995
  landing: 0.15035073086619377
  view-data: 0.23973233345896006
