times:
  edit-metadata: 1.4306694734841585
  landing: 0.021722596138715744
  view-data: 0.028551418334245682
