times:
  edit-metadata: 1.4703042395412922
  landing: 0.8529770756140351
  view-data: 3.4165660003200173
