times:
  edit-metadata: 1.4620955400168896
  landing: 0.15766973607242107
  view-data: 0.023473920300602913
