times:
  edit-metadata: 1.4817883409559727
  landing: 0.8466408550739288
  view-data: 3.385959606617689
