times:
  edit-metadata: 2.06271792948246
  landing: 1.8600108250975609
  view-data: 3.464305806905031
