times:
  edit-metadata: 1.4780456237494946
  landing: 0.8439212832599878
  view-data: 3.365805311128497
