times:
  edit-metadata: 1.5801545297726989
  landing: 0.8052717372775078
  view-data: 3.4059579032473266
