times:
  edit-metadata: 1.5149878091178834
  landing: 0.7386116827838123
  view-data: 3.29142888286151
