times:
  edit-metadata: 1.6982127102091908
  landing: 0.022521072067320347
  view-data: 0.5640510693192482
