times:
  edit-metadata: 1.6242280565202236
  landing: 1.0620506182312965
  view-data: 3.493672538548708
