times:
  edit-metadata: 1.3764124047011137
  landing: 0.2013015765696764
  view-data: 0.28687878139317036
