times:
  edit-metadata: 1.3738363422453403
  landing: 0.8322794958949089
  view-data: 3.2942539528012276
