times:
  edit-metadata: 1.3936520665884018
  landing: 0.018711840733885765
  view-data: 0.13652555737644434
