times:
  edit-metadata: 1.6808630749583244
  landing: 1.0490160249173641
  view-data: 3.3044185675680637
