times:
  edit-metadata: 1.5898231454193592
  landing: 0.8550080172717571
  view-data: 3.413158293813467
