times:
  edit-metadata: 1.466748919337988
  landing: 0.1872255727648735
  view-data: 0.28182253055274487
