times:
  edit-metadata: 1.47186862770468
  landing: 0.318291449919343
  view-data: 0.3376812990754843
