times:
  edit-metadata: 0.5062089909333736
  landing: 0.06158995907753706
  view-data: 0.2251596669666469
