times:
  edit-metadata: 0.4950704160146415
  landing: 0.07188677601516247
  view-data: 0.34116209601052105
