times:
  edit-metadata: 0.5008408227004111
  landing: 0.06184062594547868
  view-data: 0.20919477799907327
