times:
  edit-metadata: 1.4810713899787515
  landing: 0.8536862728651613
  view-data: 3.6539517550263554
