times:
  edit-metadata: 2.3800318278372288
  landing: 1.1428283099085093
  view-data: 3.5663010850548744
