times:
  edit-metadata: 0.5307224199641496
  landing: 0.04366667219437659
  view-data: 0.21456556697376072
