times:
  edit-metadata: 1.9673932930454612
  landing: 1.1626835260540247
  view-data: 3.3689033878035843
