times:
  edit-metadata: 0.7832561451941729
  landing: 0.1730364658869803
  view-data: 0.26681177597492933
