times:
  edit-metadata: 0.4930637569632381
  landing: 0.06825300701893866
  view-data: 0.2160087521187961
