times:
  edit-metadata: 1.3930231230333447
  landing: 0.02122492715716362
  view-data: 0.11703704670071602
