times:
  edit-metadata: 1.4221105761826038
  landing: 0.023247448727488518
  view-data: 0.027106519788503647
