times:
  edit-metadata: 1.4985792264342308
  landing: 0.9646909739822149
  view-data: 3.3465440729632974
