times:
  edit-metadata: 1.5795712601393461
  landing: 0.7545684557408094
  view-data: 3.4213455747812986
