times:
  edit-metadata: 1.5596566051244736
  landing: 0.7228275332599878
  view-data: 3.3845512699335814
