times:
  edit-metadata: 0.6119560580000325
  landing: 0.045891929999925196
  view-data: 0.22534200900008727
