times:
  edit-metadata: 1.5714176669716835
  landing: 0.7702091597020626
  view-data: 3.4377668276429176
