times:
  edit-metadata: 1.4302922934293747
  landing: 0.762898194603622
  view-data: 3.4186531817540526
