times:
  edit-metadata: 1.4375350512564182
  landing: 0.8659450300037861
  view-data: 3.342705827206373
