times:
  edit-metadata: 0.5064046100014821
  landing: 0.060407706012483686
  view-data: 0.20694387797266245
