times:
  edit-metadata: 1.4917385559529066
  landing: 0.8126170299947262
  view-data: 3.4497388070449233
