times:
  edit-metadata: 1.701939458027482
  landing: 0.8995463009923697
  view-data: 3.421267071738839
