times:
  edit-metadata: 1.5486001754179597
  landing: 0.7952629020437598
  view-data: 3.354650395922363
