times:
  edit-metadata: 0.592413519974798
  landing: 0.08042291307356209
  view-data: 0.2376158410916105
