times:
  edit-metadata: 0.49425912799779326
  landing: 0.058687022974481806
  view-data: 0.20778588799294084
