times:
  edit-metadata: 1.3860048912465572
  landing: 0.20035084709525108
  view-data: 0.11685460805892944
