times:
  edit-metadata: 1.4391669826582074
  landing: 0.0210507120937109
  view-data: 0.026231057941913605
