times:
  edit-metadata: 1.4726475439965725
  landing: 0.19421139545738697
  view-data: 0.024721847847104073
