times:
  edit-metadata: 1.333622144535184
  landing: 0.022388633340597153
  view-data: 0.1408327165991068
