times:
  edit-metadata: 1.4748134426772594
  landing: 0.7327618896961212
  view-data: 3.3677691631019115
