times:
  edit-metadata: 1.5001685805618763
  landing: 0.2627832870930433
  view-data: 0.03373105637729168
