times:
  edit-metadata: 1.3392228500451893
  landing: 0.6892783619696274
  view-data: 3.283457240089774
