times:
  edit-metadata: 1.3726572673767805
  landing: 0.02084062620997429
  view-data: 0.29934023320674896
