times:
  edit-metadata: 0.5350142730167136
  landing: 0.05501988099422306
  view-data: 0.21254603000124916
