times:
  edit-metadata: 1.7199008334428072
  landing: 0.9582906011492014
  view-data: 3.4748508855700493
