times:
  edit-metadata: 1.7642784416675568
  landing: 0.3288856279104948
  view-data: 0.3160927835851908
