times:
  edit-metadata: 1.558380133472383
  landing: 0.9024685816839337
  view-data: 3.425941820256412
