times:
  edit-metadata: 1.4892166890203953
  landing: 0.8815435264259577
  view-data: 3.314972523599863
