times:
  edit-metadata: 1.5623589381575584
  landing: 0.7600830979645252
  view-data: 3.4025823082774878
