times:
  edit-metadata: 1.4014264200814068
  landing: 0.7559362202882767
  view-data: 3.362919806037098
