times:
  edit-metadata: 1.3363088807091117
  landing: 0.11557906772941351
  view-data: 0.4580702530220151
