times:
  edit-metadata: 1.6435168385505676
  landing: 0.9746417962014675
  view-data: 3.487015839666128
