times:
  edit-metadata: 1.6519104577600956
  landing: 0.14173393324017525
  view-data: 0.1909711565822363
