times:
  edit-metadata: 1.4417834337800741
  landing: 0.8246836299076676
  view-data: 3.3576394747942686
