times:
  edit-metadata: 1.51038003701251
  landing: 0.7726411550538614
  view-data: 3.4762514720205218
