times:
  edit-metadata: 1.3222130304202437
  landing: 0.0191268902271986
  view-data: 0.2347895661368966
