times:
  edit-metadata: 0.5949392189941136
  landing: 0.04670635600632522
  view-data: 0.22153587499633431
