times:
  edit-metadata: 1.5418834760785103
  landing: 0.025167295709252357
  view-data: 0.5083273239433765
