times:
  edit-metadata: 0.5405671838670969
  landing: 0.05705327168107033
  view-data: 0.21331545989960432
