times:
  edit-metadata: 0.6026186259987298
  landing: 0.06068434001645073
  view-data: 0.24729019199730828
