times:
  edit-metadata: 1.461794150993228
  landing: 0.14227629825472832
  view-data: 0.3035942167043686
