times:
  edit-metadata: 1.498930349946022
  landing: 0.11810136027634144
  view-data: 0.31720623560249805
