times:
  edit-metadata: 1.8263004906475544
  landing: 1.2290857583284378
  view-data: 3.694210506975651
