times:
  edit-metadata: 1.319405309157446
  landing: 0.7336045221891254
  view-data: 3.375545277958736
