times:
  edit-metadata: 1.5254625007510185
  landing: 0.12952453456819057
  view-data: 0.4546178663149476
