times:
  edit-metadata: 1.3432274237275124
  landing: 0.020465968176722527
  view-data: 0.026867400854825974
