times:
  edit-metadata: 1.503067009150982
  landing: 0.8056240752339363
  view-data: 3.347065381705761
