times:
  edit-metadata: 1.376126809976995
  landing: 0.020842107012867928
  view-data: 0.12468796409666538
