times:
  edit-metadata: 1.4942637346684933
  landing: 0.7610010504722595
  view-data: 3.3614739440381527
