times:
  edit-metadata: 1.3727429378777742
  landing: 0.019725232385098934
  view-data: 0.02529445942491293
