times:
  edit-metadata: 1.3226788009051234
  landing: 0.7484054330270737
  view-data: 3.2739319591782987
