times:
  edit-metadata: 1.508326092734933
  landing: 0.8119395887479186
  view-data: 3.403234380297363
