times:
  edit-metadata: 1.3792186044156551
  landing: 0.8732287362217903
  view-data: 3.336048625409603
