times:
  edit-metadata: 1.5480944719165564
  landing: 0.7360313087701797
  view-data: 3.3938091564923525
