times:
  edit-metadata: 1.5175566300749779
  landing: 0.8383251912891865
  view-data: 3.3832077607512474
