times:
  edit-metadata: 1.5932173300534487
  landing: 0.02411959506571293
  view-data: 0.14794031344354153
