times:
  edit-metadata: 0.5044707650085911
  landing: 0.06329530698712915
  view-data: 0.21567434794269502
