times:
  edit-metadata: 1.642383687198162
  landing: 0.8790047764778137
  view-data: 3.4574645943939686
