times:
  edit-metadata: 1.3454740699380636
  landing: 0.02118583768606186
  view-data: 0.025537854060530663
