times:
  edit-metadata: 0.568920798948966
  landing: 0.05045653798151761
  view-data: 0.22543720004614443
