times:
  edit-metadata: 1.5820910148322582
  landing: 0.8515674322843552
  view-data: 3.476341385394335
