times:
  edit-metadata: 0.6012346795760095
  landing: 0.09126728493720293
  view-data: 0.2940417076461017
