times:
  edit-metadata: 1.5124163217842579
  landing: 0.20240192115306854
  view-data: 0.29587082751095295
