times:
  edit-metadata: 1.5360332764685154
  landing: 0.8576660417020321
  view-data: 3.3982740603387356
