times:
  edit-metadata: 0.7617939759802539
  landing: 0.14983301801839843
  view-data: 0.23971841801539995
