times:
  edit-metadata: 1.4562167506664991
  landing: 0.17078441940248013
  view-data: 0.026103254407644272
