times:
  edit-metadata: 1.3798421304672956
  landing: 0.020378125831484795
  view-data: 0.3592326156795025
