times:
  edit-metadata: 0.5018694521859288
  landing: 0.06229244405403733
  view-data: 0.20781483221799135
