times:
  edit-metadata: 0.625657191965729
  landing: 0.053352946997620165
  view-data: 0.22345397202298045
