times:
  edit-metadata: 1.9471976347267628
  landing: 1.301408864557743
  view-data: 3.8929252810776234
