times:
  edit-metadata: 1.3666260726749897
  landing: 0.7183801811188459
  view-data: 3.3523465264588594
