times:
  edit-metadata: 1.6451183520257473
  landing: 1.0573176182806492
  view-data: 3.4957744516432285
