times:
  edit-metadata: 1.4493746301159263
  landing: 0.02872429881244898
  view-data: 0.026350535452365875
