times:
  edit-metadata: 1.4523156019859016
  landing: 0.7666511842980981
  view-data: 3.413798217661679
