times:
  edit-metadata: 0.7107145651243627
  landing: 0.056598288007080555
  view-data: 0.21787740383297205
