times:
  edit-metadata: 1.5141309965401888
  landing: 0.7220561020076275
  view-data: 3.3981068320572376
