times:
  edit-metadata: 1.6013623755425215
  landing: 0.26227512396872044
  view-data: 0.1387523915618658
