times:
  edit-metadata: 0.5133878730703145
  landing: 0.05738574801944196
  view-data: 0.34455972793512046
