times:
  edit-metadata: 1.48241513594985
  landing: 0.024553023278713226
  view-data: 0.2864730656147003
