times:
  edit-metadata: 1.528168462216854
  landing: 0.8597265779972076
  view-data: 3.4093124382197857
