times:
  edit-metadata: 1.4318196699023247
  landing: 0.8165054768323898
  view-data: 3.2668615505099297
