times:
  edit-metadata: 1.4116232274100184
  landing: 0.02026842813938856
  view-data: 0.026109669357538223
