times:
  edit-metadata: 0.5670118313282728
  landing: 0.05131585104390979
  view-data: 0.35214868700131774
