times:
  edit-metadata: 1.6268970370292664
  landing: 0.8927034437656403
  view-data: 3.3564673829823732
