times:
  edit-metadata: 1.508770347572863
  landing: 0.9043517522513866
  view-data: 3.352264367043972
