times:
  edit-metadata: 1.435182185843587
  landing: 0.19770794361829758
  view-data: 0.13433936052024364
