times:
  edit-metadata: 1.4926348105072975
  landing: 0.7217885591089725
  view-data: 3.32411190867424
