times:
  edit-metadata: 0.7972369720228016
  landing: 0.0775684118270874
  view-data: 0.21212134324014187
