times:
  edit-metadata: 0.5537933669984341
  landing: 0.05963450999115594
  view-data: 0.3396829190023709
