times:
  edit-metadata: 2.0130803287029266
  landing: 1.1400892026722431
  view-data: 4.377964284271002
