times:
  edit-metadata: 0.4903539689257741
  landing: 0.06044893292710185
  view-data: 0.21639395132660866
