times:
  edit-metadata: 0.7888152948580682
  landing: 0.11126722674816847
  view-data: 0.23350775986909866
