times:
  edit-metadata: 1.5470260316506028
  landing: 0.8702256558462977
  view-data: 3.3995564011856914
