times:
  edit-metadata: 1.6118956450372934
  landing: 0.8057876378297806
  view-data: 3.3992476537823677
