times:
  edit-metadata: 1.4561195047572255
  landing: 0.25171464681625366
  view-data: 0.1319911889731884
