times:
  edit-metadata: 0.48412472382187843
  landing: 0.05853645317256451
  view-data: 0.21612182911485434
