times:
  edit-metadata: 0.5470712238457054
  landing: 0.056333363987505436
  view-data: 0.22317195404320955
