times:
  edit-metadata: 1.4125778805464506
  landing: 0.13199316151440144
  view-data: 0.022998474538326263
