times:
  edit-metadata: 1.4679129589349031
  landing: 0.020260469987988472
  view-data: 0.12108263373374939
