times:
  edit-metadata: 1.3057154808193445
  landing: 0.8224727995693684
  view-data: 3.272961862385273
