times:
  edit-metadata: 1.4599420186132193
  landing: 0.8481555171310902
  view-data: 3.3688816418871284
