times:
  edit-metadata: 1.3988357307389379
  landing: 0.13289402332156897
  view-data: 0.09886850044131279
