times:
  edit-metadata: 1.3825330128893256
  landing: 0.021551339887082577
  view-data: 0.026482533663511276
