times:
  edit-metadata: 1.4354594387114048
  landing: 0.8917854614555836
  view-data: 3.341305561363697
