times:
  edit-metadata: 0.5808805366978049
  landing: 0.1175743998028338
  view-data: 0.239354413934052
