times:
  edit-metadata: 1.347487852908671
  landing: 0.020388375036418438
  view-data: 0.024640705436468124
