times:
  edit-metadata: 1.5963852740824223
  landing: 0.36802507378160954
  view-data: 0.16208547167479992
