times:
  edit-metadata: 0.6367770750075579
  landing: 0.1150784209894482
  view-data: 0.3487250370089896
