times:
  edit-metadata: 1.448160920292139
  landing: 0.13558822683990002
  view-data: 0.2985058855265379
