times:
  edit-metadata: 0.6280119360308163
  landing: 0.06286541000008583
  view-data: 0.22635264199925587
