times:
  edit-metadata: 1.4823858393356204
  landing: 0.020601343363523483
  view-data: 0.43452452309429646
