times:
  edit-metadata: 1.3979779165238142
  landing: 0.7221222631633282
  view-data: 3.2671026438474655
