times:
  edit-metadata: 1.492442401126027
  landing: 0.6916781645268202
  view-data: 3.325349221006036
