times:
  edit-metadata: 2.2137059438973665
  landing: 0.17509565129876137
  view-data: 0.029203662648797035
