times:
  edit-metadata: 1.4415618609637022
  landing: 0.24350382015109062
  view-data: 0.14254817180335522
