times:
  edit-metadata: 1.8278108052909374
  landing: 1.1175898723304272
  view-data: 3.3632039949297905
