times:
  edit-metadata: 1.6464661359786987
  landing: 1.186642363667488
  view-data: 3.4208064042031765
