times:
  edit-metadata: 1.6029164865612984
  landing: 0.02609723061323166
  view-data: 0.24712566845119
