times:
  edit-metadata: 1.5104883406311274
  landing: 0.22136972099542618
  view-data: 0.027618084102869034
