times:
  edit-metadata: 1.4955863617360592
  landing: 0.9423190951347351
  view-data: 3.305724397301674
