times:
  edit-metadata: 1.4966542683541775
  landing: 0.7839520554989576
  view-data: 3.376906530931592
