times:
  edit-metadata: 1.3581382613629103
  landing: 0.026781524531543255
  view-data: 0.22568208537995815
