times:
  edit-metadata: 1.5442889630794525
  landing: 0.11964022368192673
  view-data: 0.13400944136083126
