times:
  edit-metadata: 1.3639917988330126
  landing: 0.01956872921437025
  view-data: 0.025263807736337185
