times:
  edit-metadata: 2.013754865154624
  landing: 0.27825628966093063
  view-data: 0.46210758946835995
