times:
  edit-metadata: 1.5282777976244688
  landing: 0.7750051114708185
  view-data: 3.4226240031421185
