times:
  edit-metadata: 1.7740398608148098
  landing: 0.30012756399810314
  view-data: 0.19459009543061256
