times:
  edit-metadata: 1.498534630984068
  landing: 0.9237257577478886
  view-data: 3.3976913392543793
