times:
  edit-metadata: 1.3416940243914723
  landing: 0.021195092238485813
  view-data: 0.02569829672574997
