times:
  edit-metadata: 1.5570772290229797
  landing: 0.8560673650354147
  view-data: 3.411474611610174
