times:
  edit-metadata: 0.510419305996038
  landing: 0.06934581598034129
  view-data: 0.20927058398956433
