times:
  edit-metadata: 1.5301478877663612
  landing: 0.6568763479590416
  view-data: 3.3209280520677567
