times:
  edit-metadata: 0.5240656239911914
  landing: 0.06928299507126212
  view-data: 0.4672685170080513
