times:
  edit-metadata: 1.37085962574929
  landing: 0.018864733166992664
  view-data: 0.12396768759936094
