times:
  edit-metadata: 1.5886417590081692
  landing: 7.352251283824444
  view-data: 3.4185711964964867
