times:
  edit-metadata: 1.3828041516244411
  landing: 0.20042696595191956
  view-data: 0.23956076242029667
