times:
  edit-metadata: 1.579062594100833
  landing: 0.7807723581790924
  view-data: 3.4000407196581364
