times:
  edit-metadata: 0.5042641480686143
  landing: 0.05837251804769039
  view-data: 0.2050525350496173
