times:
  edit-metadata: 1.5207889471203089
  landing: 0.7762760650366545
  view-data: 3.4562945142388344
