times:
  edit-metadata: 0.5135451980168
  landing: 0.06720465002581477
  view-data: 0.21401737595442683
