times:
  edit-metadata: 1.445995006710291
  landing: 0.8140870705246925
  view-data: 3.344556254334748
