times:
  edit-metadata: 1.380430804565549
  landing: 0.01999702677130699
  view-data: 0.023870067670941353
