times:
  edit-metadata: 1.373155322857201
  landing: 0.023177707567811012
  view-data: 0.1406797682866454
