times:
  edit-metadata: 1.413870494812727
  landing: 0.8503502085804939
  view-data: 3.4015124924480915
