times:
  edit-metadata: 1.4498661048710346
  landing: 0.9306686632335186
  view-data: 3.3260417208075523
