times:
  edit-metadata: 0.8140555638819933
  landing: 0.06601647101342678
  view-data: 0.2512737368233502
