times:
  edit-metadata: 0.4869476524181664
  landing: 0.06876484118402004
  view-data: 0.20815715938806534
