times:
  edit-metadata: 1.3113274537026882
  landing: 0.12050376832485199
  view-data: 0.027390318922698498
