times:
  edit-metadata: 0.5112852409947664
  landing: 0.07079408504068851
  view-data: 0.47685288288630545
