times:
  edit-metadata: 0.521347776055336
  landing: 0.05696320300921798
  view-data: 0.21148439100943506
