times:
  edit-metadata: 1.5226566810160875
  landing: 0.8148718997836113
  view-data: 3.4190601985901594
