times:
  edit-metadata: 1.646115225739777
  landing: 0.8042891342192888
  view-data: 3.3260667771101
