times:
  edit-metadata: 0.5215194870252162
  landing: 0.07295631105080247
  view-data: 0.21768538584001362
