times:
  edit-metadata: 1.6455646567046642
  landing: 0.2709056865423918
  view-data: 0.35695679299533367
