times:
  edit-metadata: 1.6036254148930311
  landing: 0.9259351640939713
  view-data: 3.409218007698655
