times:
  edit-metadata: 1.549299281090498
  landing: 0.8021965268999338
  view-data: 3.4094260446727276
