times:
  edit-metadata: 1.4611766431480646
  landing: 0.024281414225697517
  view-data: 0.1465215776115656
