times:
  edit-metadata: 1.8251298340037465
  landing: 1.0195012977346778
  view-data: 3.341943924780935
