times:
  edit-metadata: 1.362167363986373
  landing: 0.023993665352463722
  view-data: 0.12682688795030117
