times:
  edit-metadata: 2.925242405384779
  landing: 0.025005456060171127
  view-data: 0.0533645860850811
