times:
  edit-metadata: 2.0390848852694035
  landing: 0.1581263467669487
  view-data: 0.28374988213181496
