times:
  edit-metadata: 1.5370371211320162
  landing: 0.1682987343519926
  view-data: 0.1431338284164667
