times:
  edit-metadata: 1.7526679299771786
  landing: 0.17354327999055386
  view-data: 0.02549707144498825
