times:
  edit-metadata: 1.8553824350237846
  landing: 0.02060677669942379
  view-data: 0.02621863503009081
