times:
  edit-metadata: 1.6858246754854918
  landing: 0.17818020842969418
  view-data: 0.029597943648695946
