times:
  edit-metadata: 0.5057314250152558
  landing: 0.06287529598921537
  view-data: 0.20509209297597408
