times:
  edit-metadata: 1.5106116198003292
  landing: 0.8541932180523872
  view-data: 3.3792074359953403
