times:
  edit-metadata: 1.4471469894051552
  landing: 0.02130196988582611
  view-data: 0.1275282185524702
