times:
  edit-metadata: 1.3520334772765636
  landing: 0.6861891038715839
  view-data: 3.3325054310262203
