times:
  edit-metadata: 1.3667991673573852
  landing: 0.02508358098566532
  view-data: 0.1205262579023838
