times:
  edit-metadata: 1.350255868397653
  landing: 0.20836608950048685
  view-data: 0.027730238623917103
