times:
  edit-metadata: 2.768182747066021
  landing: 1.5003775153309107
  view-data: 3.899428838863969
