times:
  edit-metadata: 1.4242172231897712
  landing: 0.8114680359140038
  view-data: 3.4269699533469975
