times:
  edit-metadata: 0.5560909759951755
  landing: 0.056476562982425094
  view-data: 0.21536333800759166
