times:
  edit-metadata: 0.6150909420102835
  landing: 0.06920888301101513
  view-data: 0.35909854900091887
