times:
  edit-metadata: 1.5157883260399103
  landing: 0.7171742394566536
  view-data: 3.4005187898874283
