times:
  edit-metadata: 0.5272989279983449
  landing: 0.0494370290034567
  view-data: 0.21782847599388333
