times:
  edit-metadata: 0.5064642841462046
  landing: 0.0710552460514009
  view-data: 0.20561510510742664
