times:
  edit-metadata: 1.4961853250861168
  landing: 0.14139551296830177
  view-data: 0.02998022362589836
