times:
  edit-metadata: 1.5546439629979432
  landing: 0.8168846489861608
  view-data: 3.419832865940407
