times:
  edit-metadata: 1.4649538658559322
  landing: 0.22162403911352158
  view-data: 0.312118174508214
