times:
  edit-metadata: 0.5023660199949518
  landing: 0.058089494006708264
  view-data: 0.21151150402147323
