times:
  edit-metadata: 1.4645599881187081
  landing: 0.0224174652248621
  view-data: 0.024142504669725895
