times:
  edit-metadata: 0.6623074430972338
  landing: 0.13898540381342173
  view-data: 0.20730687072500587
