times:
  edit-metadata: 1.5927317328751087
  landing: 0.7284840494394302
  view-data: 3.428028939291835
