times:
  edit-metadata: 1.6140195429325104
  landing: 0.8765463903546333
  view-data: 3.4495261274278164
