times:
  edit-metadata: 1.4174554385244846
  landing: 0.018746216781437397
  view-data: 0.39260541554540396
