times:
  edit-metadata: 1.6651584235951304
  landing: 0.9152396880090237
  view-data: 3.4848561650142074
