times:
  edit-metadata: 1.4712490737438202
  landing: 0.8159682918339968
  view-data: 3.3280177041888237
