times:
  edit-metadata: 0.5341259900014848
  landing: 0.0480583930038847
  view-data: 0.2165100799902575
