times:
  edit-metadata: 1.5187293328344822
  landing: 0.7818152289837599
  view-data: 3.412355998996645
