times:
  edit-metadata: 0.4921793630346656
  landing: 0.044994075782597065
  view-data: 0.20680000633001328
