times:
  edit-metadata: 0.4554840037599206
  landing: 0.04389337217435241
  view-data: 0.1909163142554462
