times:
  edit-metadata: 2.3044585548341274
  landing: 1.4621643610298634
  view-data: 3.8494391553103924
