times:
  edit-metadata: 1.3268312523141503
  landing: 0.02052569855004549
  view-data: 0.09865337703377008
