times:
  edit-metadata: 0.6512265359051526
  landing: 0.07300756592303514
  view-data: 0.1932387612760067
