times:
  edit-metadata: 1.2849723882973194
  landing: 0.020217373967170715
  view-data: 0.02503702137619257
