times:
  edit-metadata: 0.4515920269768685
  landing: 0.055041874991729856
  view-data: 0.21272146701812744
