times:
  edit-metadata: 0.5080680302344263
  landing: 0.0632042489014566
  view-data: 0.20266959024593234
