times:
  edit-metadata: 1.7843033839017153
  landing: 0.6910173371434212
  view-data: 3.50310062430799
