times:
  edit-metadata: 1.6431970251724124
  landing: 0.9053842099383473
  view-data: 3.2975180465728045
