times:
  edit-metadata: 1.9126303009688854
  landing: 1.1158448942005634
  view-data: 3.284997507929802
