times:
  edit-metadata: 0.5311615150421858
  landing: 0.10282852500677109
  view-data: 0.2704224959015846
