times:
  edit-metadata: 0.39510785415768623
  landing: 0.0395982526242733
  view-data: 0.1953447014093399
