times:
  edit-metadata: 0.4744571619667113
  landing: 0.04047038219869137
  view-data: 0.20757601875811815
