times:
  edit-metadata: 0.4187701200135052
  landing: 0.07430604822002351
  view-data: 0.20036086114123464
