times:
  edit-metadata: 1.4980958923697472
  landing: 0.6279481966048479
  view-data: 3.2894295398145914
