times:
  edit-metadata: 1.2980834757909179
  landing: 0.1191363399848342
  view-data: 0.10358598362654448
