times:
  edit-metadata: 1.2988964607939124
  landing: 0.019333339296281338
  view-data: 0.029666812159121037
