times:
  edit-metadata: 1.3702570889145136
  landing: 0.020183933898806572
  view-data: 0.025485229678452015
