times:
  edit-metadata: 1.5622105239890516
  landing: 0.8764762480277568
  view-data: 3.3202663930132985
