times:
  edit-metadata: 1.5955086462199688
  landing: 0.8668355401605368
  view-data: 3.393088834360242
