times:
  edit-metadata: 1.4741777405142784
  landing: 0.7676665084436536
  view-data: 3.405765922740102
