times:
  edit-metadata: 0.45944129303097725
  landing: 0.04201729875057936
  view-data: 0.19241992756724358
