times:
  edit-metadata: 0.44892902788706124
  landing: 0.05363343795761466
  view-data: 0.2016606740653515
