times:
  edit-metadata: 1.3136314926669002
  landing: 0.020804318599402905
  view-data: 0.02673677820712328
