times:
  edit-metadata: 1.3295315820723772
  landing: 0.02428141701966524
  view-data: 0.12527240253984928
