times:
  edit-metadata: 0.6469723330810666
  landing: 0.042890754994004965
  view-data: 0.19206537120044231
