times:
  edit-metadata: 0.3761439248919487
  landing: 0.03800676763057709
  view-data: 0.19144196808338165
