times:
  edit-metadata: 1.3352268487215042
  landing: 0.1848619133234024
  view-data: 0.35585564374923706
