times:
  edit-metadata: 1.6026438307017088
  landing: 0.15470226854085922
  view-data: 0.3802110478281975
