times:
  edit-metadata: 1.5307806227356195
  landing: 0.7695057857781649
  view-data: 3.4496842194348574
