times:
  edit-metadata: 1.2952551757916808
  landing: 0.02008394245058298
  view-data: 0.1989322518929839
