times:
  edit-metadata: 0.4730780180543661
  landing: 0.045253241900354624
  view-data: 0.20422551315277815
