times:
  edit-metadata: 0.4886530220101122
  landing: 0.05896863300586119
  view-data: 0.24765449500409886
