times:
  edit-metadata: 1.4998378455638885
  landing: 0.7243068479001522
  view-data: 3.2763150706887245
