times:
  edit-metadata: 1.3947567604482174
  landing: 0.179581917822361
  view-data: 0.02720089629292488
