times:
  edit-metadata: 1.4757497385144234
  landing: 0.9778687190264463
  view-data: 3.3299474958330393
