times:
  edit-metadata: 0.4603088730946183
  landing: 0.05123301828280091
  view-data: 0.1896311417222023
