times:
  edit-metadata: 3.448097225278616
  landing: 1.5142231918871403
  view-data: 3.487652387470007
