times:
  edit-metadata: 1.4372900174930692
  landing: 0.12620937172323465
  view-data: 0.4002173785120249
