times:
  edit-metadata: 0.437195293023251
  landing: 0.05301411100663245
  view-data: 0.19463376805651933
