times:
  edit-metadata: 1.292069585993886
  landing: 0.021960151381790638
  view-data: 0.028317313641309738
