times:
  edit-metadata: 1.564052950590849
  landing: 0.8282567085698247
  view-data: 3.467217894271016
