times:
  edit-metadata: 1.8019103039987385
  landing: 1.227214199025184
  view-data: 3.4210836701095104
