times:
  edit-metadata: 0.4562449939548969
  landing: 0.04961201082915068
  view-data: 0.18575513176620007
