times:
  edit-metadata: 1.5678464639931917
  landing: 0.804674532264471
  view-data: 3.4629184622317553
