times:
  edit-metadata: 1.4243373479694128
  landing: 0.8536802502349019
  view-data: 3.384117843117565
