times:
  edit-metadata: 1.4990869220346212
  landing: 0.7839003121480346
  view-data: 3.291044244542718
