times:
  edit-metadata: 0.4785552378743887
  landing: 0.048313634004443884
  view-data: 0.18903904175385833
