times:
  edit-metadata: 0.4655594751238823
  landing: 0.04544593999162316
  view-data: 0.18872771691530943
