times:
  edit-metadata: 0.548963519744575
  landing: 0.05646157776936889
  view-data: 0.19667422864586115
