times:
  edit-metadata: 1.3478369675576687
  landing: 0.6533079482614994
  view-data: 3.2660804092884064
