times:
  edit-metadata: 0.6161499430891126
  landing: 0.05141224688850343
  view-data: 0.18625378399156034
