times:
  edit-metadata: 0.6197363070095889
  landing: 0.03955847298493609
  view-data: 0.19853324998985045
