times:
  edit-metadata: 2.1304156463593245
  landing: 0.8025130648165941
  view-data: 3.3681490644812584
