times:
  edit-metadata: 1.8132419399917126
  landing: 0.642855703830719
  view-data: 3.426790941506624
