times:
  edit-metadata: 0.48898946899862494
  landing: 0.06284579201019369
  view-data: 0.21082306699827313
