times:
  edit-metadata: 0.6239588849712163
  landing: 0.04673749802168459
  view-data: 0.1940522970398888
