times:
  edit-metadata: 1.5033150985836983
  landing: 0.37946526799350977
  view-data: 0.15088777523487806
