times:
  edit-metadata: 1.6168657839298248
  landing: 0.8706474136561155
  view-data: 3.4560048524290323
