times:
  edit-metadata: 0.5124350897967815
  landing: 0.04667074978351593
  view-data: 0.19694168120622635
