times:
  edit-metadata: 0.5292882050853223
  landing: 0.053296306054107845
  view-data: 0.21485747501719743
