times:
  edit-metadata: 0.47092929668724537
  landing: 0.03963515721261501
  view-data: 0.18960641277953982
