times:
  edit-metadata: 1.340156624908559
  landing: 0.8121242700144649
  view-data: 3.288414206006564
