times:
  edit-metadata: 1.7373025063425303
  landing: 0.2100268304347992
  view-data: 0.17992834001779556
