times:
  edit-metadata: 0.42420260299695656
  landing: 0.05375290097435936
  view-data: 0.198635104985442
