times:
  edit-metadata: 0.5012361388653517
  landing: 0.04302167613059282
  view-data: 0.19795353524386883
