times:
  edit-metadata: 1.3599254842847586
  landing: 0.283457612618804
  view-data: 0.02478453889489174
