times:
  edit-metadata: 1.2992075541988015
  landing: 0.0217933040112257
  view-data: 0.42141118459403515
