times:
  edit-metadata: 1.4383582882583141
  landing: 0.7987816371023655
  view-data: 3.293142257258296
