times:
  edit-metadata: 2.402836635708809
  landing: 1.661455669440329
  view-data: 3.693071492947638
