times:
  edit-metadata: 0.4329115329310298
  landing: 0.05071875872090459
  view-data: 0.19296264834702015
