times:
  edit-metadata: 0.3996676541864872
  landing: 0.04759002849459648
  view-data: 0.19093260541558266
