times:
  edit-metadata: 0.41783826499886345
  landing: 0.04995611499907682
  view-data: 0.21046204900630983
