times:
  edit-metadata: 1.6218064557760954
  landing: 0.7999995816498995
  view-data: 3.3975281696766615
