times:
  edit-metadata: 1.4343005800619721
  landing: 0.02119312807917595
  view-data: 0.12037488911300898
