times:
  edit-metadata: 1.3147581554949284
  landing: 0.02131151221692562
  view-data: 0.34440919384360313
