times:
  edit-metadata: 1.8311606794595718
  landing: 0.3515278957784176
  view-data: 0.4121642019599676
