times:
  edit-metadata: 1.8992249704897404
  landing: 1.04654173925519
  view-data: 3.4985987693071365
