times:
  edit-metadata: 0.644851875025779
  landing: 0.041867769905366004
  view-data: 0.1937177770305425
