times:
  edit-metadata: 1.584283359348774
  landing: 0.7651978246867657
  view-data: 3.410639388486743
