times:
  edit-metadata: 1.431292830966413
  landing: 0.019093146547675133
  view-data: 0.4081016546115279
