times:
  edit-metadata: 1.5001362152397633
  landing: 1.3836671598255634
  view-data: 3.3821937665343285
