times:
  edit-metadata: 1.441226277500391
  landing: 0.020168081857264042
  view-data: 0.09949131961911917
