times:
  edit-metadata: 1.4426091890782118
  landing: 0.02033048588782549
  view-data: 0.12122788187116385
