times:
  edit-metadata: 1.3324072565883398
  landing: 0.1806974597275257
  view-data: 0.025230785831809044
