times:
  edit-metadata: 1.6920445747673512
  landing: 0.8540164567530155
  view-data: 3.3734529986977577
