times:
  edit-metadata: 0.48493549320846796
  landing: 0.04322924464941025
  view-data: 0.20821932051330805
