times:
  edit-metadata: 1.567932158242911
  landing: 0.7585379569791257
  view-data: 3.4024193109944463
