times:
  edit-metadata: 1.3000508388504386
  landing: 0.02204649057239294
  view-data: 0.1018210630863905
