times:
  edit-metadata: 0.6041023649740964
  landing: 0.04507167497649789
  view-data: 0.18242974416352808
