times:
  edit-metadata: 1.6497354097664356
  landing: 0.8196849059313536
  view-data: 3.49168498814106
