times:
  edit-metadata: 0.6149556110613048
  landing: 0.041582189965993166
  view-data: 0.19287039013579488
