times:
  edit-metadata: 0.45891135511919856
  landing: 0.04530152911320329
  view-data: 0.2046856670640409
