times:
  edit-metadata: 0.46978026116266847
  landing: 0.04741979483515024
  view-data: 0.1916729169897735
