times:
  edit-metadata: 0.6300182020058855
  landing: 0.04914031899534166
  view-data: 0.1942118500592187
