times:
  edit-metadata: 1.3793633989989758
  landing: 0.1289800563827157
  view-data: 0.39715047366917133
