times:
  edit-metadata: 1.5084144491702318
  landing: 0.7787947598844767
  view-data: 3.412925187498331
