times:
  edit-metadata: 1.3630410935729742
  landing: 0.1696756649762392
  view-data: 0.21992693841457367
