times:
  edit-metadata: 0.47039704816415906
  landing: 0.04970038682222366
  view-data: 0.1939038150012493
