times:
  edit-metadata: 1.4794075228273869
  landing: 0.8354314751923084
  view-data: 3.35222174692899
