times:
  edit-metadata: 0.6322056839708239
  landing: 0.047527404967695475
  view-data: 0.19544601399684325
