times:
  edit-metadata: 1.5311110857874155
  landing: 0.8222064860165119
  view-data: 3.4164975751191378
