times:
  edit-metadata: 1.3623185027390718
  landing: 0.02623729407787323
  view-data: 0.1624053567647934
