times:
  edit-metadata: 0.5569919049739838
  landing: 0.04583326494321227
  view-data: 0.21454001404345036
