times:
  edit-metadata: 1.9839257961139083
  landing: 0.24925228487700224
  view-data: 0.5481416182592511
