times:
  edit-metadata: 1.3246549554169178
  landing: 0.22624518908560276
  view-data: 0.14566011913120747
