times:
  edit-metadata: 1.444822240038775
  landing: 0.7571151829324663
  view-data: 3.3171640979126096
