times:
  edit-metadata: 1.5748171135783195
  landing: 0.7610741220414639
  view-data: 3.371204163879156
