times:
  edit-metadata: 0.6231632919516414
  landing: 0.048104034969583154
  view-data: 0.20010836306028068
