times:
  edit-metadata: 1.3507542829029262
  landing: 0.7490758069325238
  view-data: 3.3850943020079285
