times:
  edit-metadata: 0.6365360930212773
  landing: 0.045549525995738804
  view-data: 0.20016446098452434
