times:
  edit-metadata: 1.7588214613497257
  landing: 0.7468925639986992
  view-data: 3.4016138538718224
