times:
  edit-metadata: 1.2891160883009434
  landing: 0.020975643768906593
  view-data: 0.026978622190654278
