times:
  edit-metadata: 0.5641971840523183
  landing: 0.07224573701387271
  view-data: 0.2126985560171306
