times:
  edit-metadata: 0.5872413879260421
  landing: 0.05313628097064793
  view-data: 0.19064316293224692
