times:
  edit-metadata: 0.47883748169988394
  landing: 0.04488650429993868
  view-data: 0.20008055865764618
