times:
  edit-metadata: 0.46260193595662713
  landing: 0.05011088587343693
  view-data: 0.19625021098181605
