times:
  edit-metadata: 1.5829143859446049
  landing: 0.7758569419384003
  view-data: 3.324149552732706
