times:
  edit-metadata: 2.355566067621112
  landing: 1.2811644449830055
  view-data: 3.5099893659353256
