times:
  edit-metadata: 1.5443224385380745
  landing: 0.833951786160469
  view-data: 3.438155334442854
