times:
  edit-metadata: 0.5235209846869111
  landing: 0.04666571784764528
  view-data: 0.2017326494678855
