times:
  edit-metadata: 1.38954490236938
  landing: 0.114726223051548
  view-data: 0.33040969632565975
