times:
  edit-metadata: 0.48439087299630046
  landing: 0.04037562292069197
  view-data: 0.19510702090337873
