times:
  edit-metadata: 0.6138505190610886
  landing: 0.042496152222156525
  view-data: 0.18524489016272128
