times:
  edit-metadata: 1.6782561391592026
  landing: 0.7935910206288099
  view-data: 3.4284138679504395
