times:
  edit-metadata: 1.7134906630963087
  landing: 0.02584860473871231
  view-data: 0.041234664618968964
