times:
  edit-metadata: 1.4494827445596457
  landing: 0.021250182762742043
  view-data: 0.026338737457990646
