times:
  edit-metadata: 1.6807208275422454
  landing: 0.8910996140912175
  view-data: 3.4409464430063963
