times:
  edit-metadata: 1.2984879463911057
  landing: 0.019442157819867134
  view-data: 0.10074893292039633
