times:
  edit-metadata: 0.8347520889947191
  landing: 0.06054928491357714
  view-data: 0.19709741603583097
