times:
  edit-metadata: 1.5470398254692554
  landing: 0.7185515016317368
  view-data: 3.3581007570028305
