times:
  edit-metadata: 1.3739951495081186
  landing: 0.3640273502096534
  view-data: 0.023247605189681053
