times:
  edit-metadata: 1.3590390998870134
  landing: 0.11780102085322142
  view-data: 0.025893918238580227
