times:
  edit-metadata: 1.4879045905545354
  landing: 0.8077343050390482
  view-data: 3.3390304557979107
