times:
  edit-metadata: 3.7721068374812603
  landing: 2.1692612282931805
  view-data: 3.5955033004283905
