times:
  edit-metadata: 0.6790946731343865
  landing: 0.05493037682026625
  view-data: 0.19992107711732388
