times:
  edit-metadata: 1.395532545633614
  landing: 0.11441988684237003
  view-data: 0.17887335270643234
