times:
  edit-metadata: 1.3228462105616927
  landing: 0.02264101803302765
  view-data: 0.11809470970183611
