times:
  edit-metadata: 2.289244396612048
  landing: 0.28331477008759975
  view-data: 0.3991044647991657
