times:
  edit-metadata: 2.0753182470798492
  landing: 0.9694486055523157
  view-data: 3.352289102971554
