times:
  edit-metadata: 1.789681140333414
  landing: 1.2366033010184765
  view-data: 3.373452488332987
