times:
  edit-metadata: 0.4905197648331523
  landing: 0.07012833002954721
  view-data: 0.2074330192990601
