times:
  edit-metadata: 1.7431480325758457
  landing: 0.6268257573246956
  view-data: 3.4106725361198187
