times:
  edit-metadata: 0.4303116169758141
  landing: 0.07522192317992449
  view-data: 0.21107290219515562
