times:
  edit-metadata: 0.5236994372680783
  landing: 0.046242611948400736
  view-data: 0.3487313869409263
