times:
  edit-metadata: 1.3870306927710772
  landing: 0.023028542287647724
  view-data: 0.03180861007422209
