times:
  edit-metadata: 1.337435506284237
  landing: 0.01993792038410902
  view-data: 0.12026226799935102
