times:
  edit-metadata: 1.4095612987875938
  landing: 0.02315925993025303
  view-data: 0.31941526755690575
