times:
  edit-metadata: 0.41636795504018664
  landing: 0.09281025594100356
  view-data: 0.21361508197151124
