times:
  edit-metadata: 0.7389268283732235
  landing: 0.11712967325001955
  view-data: 0.2988810930401087
