times:
  edit-metadata: 2.768644716590643
  landing: 1.1332756578922272
  view-data: 3.5148839987814426
