times:
  edit-metadata: 0.510914781014435
  landing: 0.06547023390885442
  view-data: 0.2117694190237671
