times:
  edit-metadata: 1.4462252631783485
  landing: 0.02120580431073904
  view-data: 0.12144382670521736
