times:
  edit-metadata: 0.42809800896793604
  landing: 0.05379814188927412
  view-data: 0.34107437217608094
