times:
  edit-metadata: 0.4989902093075216
  landing: 0.09357628505676985
  view-data: 0.2050486309453845
