times:
  edit-metadata: 0.6293043061159551
  landing: 0.04794779000803828
  view-data: 0.18901152489706874
