times:
  edit-metadata: 0.6309066188987345
  landing: 0.04942468402441591
  view-data: 0.19196903402917087
