times:
  edit-metadata: 1.5150775536894798
  landing: 0.9170380551367998
  view-data: 3.3669567964971066
