times:
  edit-metadata: 0.43714227294549346
  landing: 0.07159863191191107
  view-data: 0.21844742610119283
