times:
  edit-metadata: 1.5360923558473587
  landing: 0.798880685120821
  view-data: 3.4013690538704395
