times:
  edit-metadata: 0.5987683080602437
  landing: 0.04518045193981379
  view-data: 0.19031088997144252
