times:
  edit-metadata: 0.5942032019956969
  landing: 0.04998480103677139
  view-data: 0.1981551750213839
