times:
  edit-metadata: 0.6538277259096503
  landing: 0.04898101231083274
  view-data: 0.19102469831705093
