times:
  edit-metadata: 0.41200774163007736
  landing: 0.05301826819777489
  view-data: 0.19299430400133133
