times:
  edit-metadata: 0.6331461559748277
  landing: 0.04058386303950101
  view-data: 0.19605868007056415
