times:
  edit-metadata: 0.6189656269853003
  landing: 0.04539730795659125
  view-data: 0.19077947700861841
