times:
  edit-metadata: 1.3519194927066565
  landing: 0.019385695457458496
  view-data: 0.13380367867648602
