times:
  edit-metadata: 1.5622683204710484
  landing: 0.8536672666668892
  view-data: 3.411944765597582
