times:
  edit-metadata: 0.5291257729986683
  landing: 0.057913779019145295
  view-data: 0.22057325800415128
