times:
  edit-metadata: 0.6326925321482122
  landing: 0.045700158923864365
  view-data: 0.19461613800376654
