times:
  edit-metadata: 0.6173418681137264
  landing: 0.047161208000034094
  view-data: 0.19438973627984524
