times:
  edit-metadata: 1.3885191399604082
  landing: 0.019257888197898865
  view-data: 0.42529032565653324
