times:
  edit-metadata: 1.3290369920432568
  landing: 0.02061487827450037
  view-data: 0.09489783085882664
