times:
  edit-metadata: 0.4844359066337347
  landing: 0.035386853851377964
  view-data: 0.20086276065558195
