times:
  edit-metadata: 1.514202605932951
  landing: 0.8804503940045834
  view-data: 3.3527733013033867
