times:
  edit-metadata: 0.5291379787959158
  landing: 0.05099975178018212
  view-data: 0.21262749517336488
