times:
  edit-metadata: 0.6350177868735045
  landing: 0.04140564100816846
  view-data: 0.19626226695254445
