times:
  edit-metadata: 1.5162879582494497
  landing: 0.42796412482857704
  view-data: 0.36290365643799305
