times:
  edit-metadata: 0.4486163938418031
  landing: 0.050652270670980215
  view-data: 0.21386411227285862
