times:
  edit-metadata: 0.5191712630912662
  landing: 0.06409966014325619
  view-data: 0.2177755539305508
