times:
  edit-metadata: 1.5474447049200535
  landing: 0.7501157857477665
  view-data: 3.3513655439019203
