times:
  edit-metadata: 1.8575321361422539
  landing: 1.2235980927944183
  view-data: 3.3359104618430138
