times:
  edit-metadata: 0.4592754952609539
  landing: 0.042088523507118225
  view-data: 0.19600991811603308
