times:
  edit-metadata: 0.4700391539372504
  landing: 0.0585180320776999
  view-data: 0.19989662803709507
