times:
  edit-metadata: 0.6384585909545422
  landing: 0.05107489903457463
  view-data: 0.18419101578183472
