times:
  edit-metadata: 1.593328420072794
  landing: 0.8752519898116589
  view-data: 3.4089510291814804
