times:
  edit-metadata: 1.6856666840612888
  landing: 0.7026189435273409
  view-data: 3.3359495978802443
