times:
  edit-metadata: 0.4632284608669579
  landing: 0.036933541763573885
  view-data: 0.19195690844208002
