times:
  edit-metadata: 1.4432309791445732
  landing: 0.6719871573150158
  view-data: 3.3195456974208355
