times:
  edit-metadata: 1.427524734288454
  landing: 0.7072125636041164
  view-data: 3.3432750329375267
