times:
  edit-metadata: 1.6044439189136028
  landing: 0.9605932533740997
  view-data: 3.32627684623003
