times:
  edit-metadata: 2.7039402462542057
  landing: 1.7611294966191053
  view-data: 3.703038901090622
