times:
  edit-metadata: 1.9910413045436144
  landing: 0.8401264287531376
  view-data: 3.6096861995756626
