times:
  edit-metadata: 1.4006828851997852
  landing: 0.023217028938233852
  view-data: 0.02973242662847042
