times:
  edit-metadata: 1.5558313317596912
  landing: 0.01965939812362194
  view-data: 0.02527652308344841
