times:
  edit-metadata: 1.7136291898787022
  landing: 1.0077829658985138
  view-data: 3.420722521841526
