times:
  edit-metadata: 0.4141895219217986
  landing: 0.0911687919870019
  view-data: 0.1946979829808697
