times:
  edit-metadata: 1.3454098487272859
  landing: 0.02142095658928156
  view-data: 0.121863579377532
