times:
  edit-metadata: 0.570383794605732
  landing: 0.04705645143985748
  view-data: 0.18824929371476173
