times:
  edit-metadata: 0.39673466910608113
  landing: 0.06557296100072563
  view-data: 0.20157798193395138
