times:
  edit-metadata: 1.4843092374503613
  landing: 0.8202083110809326
  view-data: 3.37807958945632
