times:
  edit-metadata: 1.8803386483341455
  landing: 0.024001913145184517
  view-data: 0.41245989315211773
