times:
  edit-metadata: 0.45339711202541366
  landing: 0.0478147390531376
  view-data: 0.20968787901801988
