times:
  edit-metadata: 1.613194340839982
  landing: 0.15924064815044403
  view-data: 0.27146158553659916
