times:
  edit-metadata: 1.4528238885104656
  landing: 0.8328633178025484
  view-data: 3.3824162371456623
