times:
  edit-metadata: 0.38811520114541054
  landing: 0.047524090856313705
  view-data: 0.20000990107655525
