times:
  edit-metadata: 1.4086633790284395
  landing: 0.09383332543075085
  view-data: 0.45027118269354105
