times:
  edit-metadata: 1.3374420963227749
  landing: 0.22528823092579842
  view-data: 0.2409607209265232
