times:
  edit-metadata: 1.316037773154676
  landing: 0.020695902407169342
  view-data: 0.12134798895567656
