times:
  edit-metadata: 0.4968727068044245
  landing: 0.11423486704006791
  view-data: 0.2181563307531178
