times:
  edit-metadata: 1.308136934414506
  landing: 0.021061159670352936
  view-data: 0.10108721256256104
