times:
  edit-metadata: 2.8287679087370634
  landing: 2.000080931931734
  view-data: 3.374607751145959
