times:
  edit-metadata: 1.510627287440002
  landing: 0.8668995173648
  view-data: 3.56581112369895
