times:
  edit-metadata: 0.7355346428230405
  landing: 0.16258198115974665
  view-data: 0.38600788032636046
