times:
  edit-metadata: 0.5525284428149462
  landing: 0.056054867804050446
  view-data: 0.2120697507634759
