times:
  edit-metadata: 1.4859337359666824
  landing: 0.021799150854349136
  view-data: 0.4236271847039461
