times:
  edit-metadata: 0.4734329148195684
  landing: 0.04907089192420244
  view-data: 0.19119542418047786
