times:
  edit-metadata: 1.3021593168377876
  landing: 0.02008989453315735
  view-data: 0.11927025485783815
