times:
  edit-metadata: 1.7315347790718079
  landing: 0.020787191577255726
  view-data: 0.0240578418597579
