times:
  edit-metadata: 1.9102466814219952
  landing: 0.7298890519887209
  view-data: 3.286884745582938
