times:
  edit-metadata: 1.4373734081164002
  landing: 0.021836621686816216
  view-data: 0.2733312025666237
