times:
  edit-metadata: 2.1778989331796765
  landing: 1.528106413781643
  view-data: 3.3328454475849867
