times:
  edit-metadata: 0.6113030249252915
  landing: 0.04154746199492365
  view-data: 0.20221783907618374
