times:
  edit-metadata: 0.44803631003014743
  landing: 0.058583861915394664
  view-data: 0.21228446904569864
