times:
  edit-metadata: 0.633416302036494
  landing: 0.040133298840373755
  view-data: 0.19820832274854183
