times:
  edit-metadata: 1.3590116584673524
  landing: 0.020211637020111084
  view-data: 0.028727621771395206
