times:
  edit-metadata: 0.6066492819227278
  landing: 0.04083178099244833
  view-data: 0.18598584993742406
