times:
  edit-metadata: 2.7497202195227146
  landing: 1.8702362105250359
  view-data: 3.8298900797963142
