times:
  edit-metadata: 0.3872595370048657
  landing: 0.0693767179036513
  view-data: 0.24340580601710826
