times:
  edit-metadata: 2.5504278913140297
  landing: 1.5689750332385302
  view-data: 3.314100267365575
