times:
  edit-metadata: 1.531788159161806
  landing: 1.137882474809885
  view-data: 3.341886442154646
