times:
  edit-metadata: 1.4705205981153995
  landing: 0.7856288428884
  view-data: 3.353183130035177
