times:
  edit-metadata: 1.537059474736452
  landing: 0.829071344807744
  view-data: 3.361643448472023
