times:
  edit-metadata: 0.45022680307738483
  landing: 0.06186615093611181
  view-data: 0.2103733508847654
