times:
  edit-metadata: 0.6753019620082341
  landing: 0.06093556497944519
  view-data: 0.1885675800149329
