times:
  edit-metadata: 0.4583930722437799
  landing: 0.04081391170620918
  view-data: 0.19248435413464904
