times:
  edit-metadata: 1.8459808882325888
  landing: 0.8357671834528446
  view-data: 3.472268210723996
