times:
  edit-metadata: 1.609804043546319
  landing: 0.8060983065515757
  view-data: 3.358858872205019
