times:
  edit-metadata: 0.4498876640573144
  landing: 0.04396215779706836
  view-data: 0.1828511548228562
