times:
  edit-metadata: 1.2669619470834732
  landing: 0.019712574779987335
  view-data: 0.02828507125377655
