times:
  edit-metadata: 0.41717564407736063
  landing: 0.0698143276385963
  view-data: 0.3392361579462886
