times:
  edit-metadata: 4.102037940174341
  landing: 1.3251454196870327
  view-data: 3.4254931062459946
