times:
  edit-metadata: 0.6531302779912949
  landing: 0.07252302207052708
  view-data: 0.20157615607604384
