times:
  edit-metadata: 0.4689226420596242
  landing: 0.041815799195319414
  view-data: 0.1879114480689168
