times:
  edit-metadata: 1.3213074039667845
  landing: 0.017981043085455894
  view-data: 0.21425746381282806
