times:
  edit-metadata: 0.3813907131552696
  landing: 0.04125155135989189
  view-data: 0.1880684606730938
