times:
  edit-metadata: 1.6940013198181987
  landing: 1.0421087089926004
  view-data: 3.4592630825936794
