times:
  edit-metadata: 0.4497265792451799
  landing: 0.05720054777339101
  view-data: 0.19596205605193973
