times:
  edit-metadata: 1.5135014969855547
  landing: 0.1955043189227581
  view-data: 0.02486633136868477
