times:
  edit-metadata: 0.37968703359365463
  landing: 0.039430007338523865
  view-data: 0.19309595599770546
