times:
  edit-metadata: 1.3801018577069044
  landing: 0.020674467086791992
  view-data: 0.12162604555487633
