times:
  edit-metadata: 1.6626451686024666
  landing: 0.8875484094023705
  view-data: 3.412512991577387
