times:
  edit-metadata: 0.4350347190629691
  landing: 0.07354319794103503
  view-data: 0.20417287317104638
