times:
  edit-metadata: 1.8379202336072922
  landing: 1.0000523887574673
  view-data: 3.736966796219349
