times:
  edit-metadata: 0.6326419949764386
  landing: 0.05369408999104053
  view-data: 0.2234565169783309
