times:
  edit-metadata: 2.760915979743004
  landing: 1.2209577895700932
  view-data: 3.6849644891917706
