times:
  edit-metadata: 1.6448095068335533
  landing: 0.9939114972949028
  view-data: 3.4236854799091816
