times:
  edit-metadata: 1.6855238545686007
  landing: 0.2576877847313881
  view-data: 0.14500685594975948
