times:
  edit-metadata: 1.312866478227079
  landing: 0.0199185311794281
  view-data: 0.02774993795901537
