times:
  edit-metadata: 3.2511450070887804
  landing: 1.6947976499795914
  view-data: 3.6963790878653526
