times:
  edit-metadata: 1.4663505139760673
  landing: 0.7423984631896019
  view-data: 3.360420417971909
