times:
  edit-metadata: 0.5015738809997856
  landing: 0.06514868700014631
  view-data: 0.20950982799968187
