times:
  edit-metadata: 1.46117639914155
  landing: 0.7282577604055405
  view-data: 3.3417877722531557
