times:
  edit-metadata: 0.4607133730314672
  landing: 0.05384294409304857
  view-data: 0.2076113629154861
