times:
  edit-metadata: 1.3008793648332357
  landing: 0.02361447922885418
  view-data: 0.28228108771145344
