times:
  edit-metadata: 1.2913943706080317
  landing: 0.02133314684033394
  view-data: 0.02490757405757904
