times:
  edit-metadata: 1.324026738293469
  landing: 0.020015960559248924
  view-data: 0.09956783894449472
