times:
  edit-metadata: 1.6070710085332394
  landing: 0.7697645295411348
  view-data: 3.4372087754309177
