times:
  edit-metadata: 1.4000623188912868
  landing: 0.787264249753207
  view-data: 3.364398844074458
