times:
  edit-metadata: 0.46259889501379803
  landing: 0.0536527750082314
  view-data: 0.20107660099165514
