times:
  edit-metadata: 0.5952822510153055
  landing: 0.044138271012343466
  view-data: 0.17902721196878701
