times:
  edit-metadata: 1.6835373789072037
  landing: 0.9172303192317486
  view-data: 3.510341417044401
