times:
  edit-metadata: 1.4956328254193068
  landing: 0.8503461368381977
  view-data: 3.34887208789587
