times:
  edit-metadata: 1.29856217186898
  landing: 0.021424979902803898
  view-data: 0.029390241019427776
