times:
  edit-metadata: 0.46896781865507364
  landing: 0.045212394557893276
  view-data: 0.20289773866534233
