times:
  edit-metadata: 1.3479655217379332
  landing: 0.8482410609722137
  view-data: 3.386830195784569
