times:
  edit-metadata: 1.3687241151928902
  landing: 0.02280365861952305
  view-data: 0.0296032652258873
