times:
  edit-metadata: 1.3237260151654482
  landing: 0.02177433669567108
  view-data: 0.026398043148219585
