times:
  edit-metadata: 1.632338797673583
  landing: 0.7575634391978383
  view-data: 3.5200016889721155
