times:
  edit-metadata: 1.3287534229457378
  landing: 0.02060415968298912
  view-data: 0.38631703332066536
