times:
  edit-metadata: 2.0637358278036118
  landing: 1.4715900979936123
  view-data: 3.568905096501112
