times:
  edit-metadata: 0.6466937139630318
  landing: 0.05367577401921153
  view-data: 0.1829130770638585
