times:
  edit-metadata: 1.4378873420646414
  landing: 0.7975200249347836
  view-data: 3.328863778966479
