times:
  edit-metadata: 0.40160539996577427
  landing: 0.06906447699293494
  view-data: 0.20620104699628428
