times:
  edit-metadata: 0.3920222967863083
  landing: 0.04435392841696739
  view-data: 0.19018583744764328
