times:
  edit-metadata: 0.6444277069531381
  landing: 0.12457939400337636
  view-data: 0.22882375307381153
