times:
  edit-metadata: 2.885911602526903
  landing: 1.0442469790577888
  view-data: 3.396248571574688
