times:
  edit-metadata: 1.9703835844993591
  landing: 1.1423211731016636
  view-data: 3.4795080348849297
