times:
  edit-metadata: 1.5455210879445076
  landing: 0.8142239786684513
  view-data: 3.424289770424366
