times:
  edit-metadata: 0.45281436992809176
  landing: 0.04430432617664337
  view-data: 0.1879190430045128
