times:
  edit-metadata: 1.7277487963438034
  landing: 0.8026182353496552
  view-data: 3.362138632684946
