times:
  edit-metadata: 1.4760367972776294
  landing: 0.7904154295101762
  view-data: 3.3877898352220654
