times:
  edit-metadata: 0.6200043489225209
  landing: 0.04823198588564992
  view-data: 0.17832704912871122
