times:
  edit-metadata: 0.6351367180031957
  landing: 0.049622209000517614
  view-data: 0.19423855398781598
