times:
  edit-metadata: 0.39138080598786473
  landing: 0.08607757394202054
  view-data: 0.2529771610861644
