times:
  edit-metadata: 0.4819095563143492
  landing: 0.049188137985765934
  view-data: 0.1941193942911923
