times:
  edit-metadata: 0.45934629905968904
  landing: 0.04669270105659962
  view-data: 0.19718425022438169
