times:
  edit-metadata: 3.230665173381567
  landing: 1.8065623976290226
  view-data: 3.8624558225274086
