times:
  edit-metadata: 0.5523783229291439
  landing: 0.04457754269242287
  view-data: 0.1930565945804119
