times:
  edit-metadata: 1.4216882437467575
  landing: 0.12089293263852596
  view-data: 0.13154807779937983
