times:
  edit-metadata: 0.4714163187891245
  landing: 0.046205236576497555
  view-data: 0.20551001653075218
