times:
  edit-metadata: 1.3100539706647396
  landing: 0.02083330601453781
  view-data: 0.02537401020526886
