times:
  edit-metadata: 0.5063619349966757
  landing: 0.06587641895748675
  view-data: 0.22273011005017906
