times:
  edit-metadata: 1.3293894976377487
  landing: 0.021621366031467915
  view-data: 0.026962921023368835
