times:
  edit-metadata: 1.433979557827115
  landing: 0.02191154658794403
  view-data: 0.34098303876817226
