times:
  edit-metadata: 0.5007542369421571
  landing: 0.06294590490870178
  view-data: 0.2121934280730784
