times:
  edit-metadata: 1.5271200630813837
  landing: 0.8136877715587616
  view-data: 3.322238566353917
