times:
  edit-metadata: 0.44406034611165524
  landing: 0.0604954338632524
  view-data: 0.33747847890481353
