times:
  edit-metadata: 0.4020644500851631
  landing: 0.04378042742609978
  view-data: 0.19275033473968506
