times:
  edit-metadata: 0.6335829200106673
  landing: 0.044346702023176476
  view-data: 0.19321980199310929
