times:
  edit-metadata: 1.3922873567789793
  landing: 0.19675040431320667
  view-data: 0.024222519248723984
