times:
  edit-metadata: 1.298048723489046
  landing: 0.022580435499548912
  view-data: 0.023909653536975384
