times:
  edit-metadata: 0.6948801940307021
  landing: 0.05821230914443731
  view-data: 0.22036493103951216
