times:
  edit-metadata: 2.1294106356799603
  landing: 1.5714685879647732
  view-data: 3.830129936337471
