times:
  edit-metadata: 4.169906869530678
  landing: 2.4683887232095003
  view-data: 4.097423569299281
