times:
  edit-metadata: 0.5727615340147167
  landing: 0.047817429003771394
  view-data: 0.18395521701313555
