times:
  edit-metadata: 1.4675749018788338
  landing: 0.8084289580583572
  view-data: 3.298924684524536
