times:
  edit-metadata: 1.276631351094693
  landing: 0.894457567948848
  view-data: 3.334194832947105
