times:
  edit-metadata: 0.4052581936120987
  landing: 0.04417874664068222
  view-data: 0.19381071999669075
