times:
  edit-metadata: 1.562912177061662
  landing: 0.761062981095165
  view-data: 3.352166741969995
