times:
  edit-metadata: 0.48115103505551815
  landing: 0.046436064876616
  view-data: 0.1947627915069461
