times:
  edit-metadata: 1.6018876321613789
  landing: 0.27582085505127907
  view-data: 0.21725276298820972
