times:
  edit-metadata: 1.8964566104114056
  landing: 0.4049537144601345
  view-data: 0.1493143830448389
