times:
  edit-metadata: 1.3078519310802221
  landing: 0.019693096168339252
  view-data: 0.12067181803286076
