times:
  edit-metadata: 1.619444064795971
  landing: 0.7801327998749912
  view-data: 3.3950241352431476
