times:
  edit-metadata: 0.47385305911302567
  landing: 0.04661795683205128
  view-data: 0.19473392330110073
