times:
  edit-metadata: 1.3862148262560368
  landing: 0.24343549646437168
  view-data: 0.3156124986708164
