times:
  edit-metadata: 0.7872322942130268
  landing: 0.0712476868648082
  view-data: 0.2019577210303396
