times:
  edit-metadata: 1.5245008952915668
  landing: 0.8129144385457039
  view-data: 3.356224913150072
