times:
  edit-metadata: 1.300841549411416
  landing: 0.023775902576744556
  view-data: 0.02658219076693058
