times:
  edit-metadata: 1.3916736068204045
  landing: 0.022015297785401344
  view-data: 0.1226150169968605
