times:
  edit-metadata: 3.2118162773549557
  landing: 1.3384838365018368
  view-data: 3.6702424697577953
