times:
  edit-metadata: 0.5457988719572313
  landing: 0.09962724102661014
  view-data: 0.21784583904081956
