times:
  edit-metadata: 0.6300649959594011
  landing: 0.042510931845754385
  view-data: 0.19128045602701604
