times:
  edit-metadata: 0.4286832930520177
  landing: 0.06805847492069006
  view-data: 0.22264854912646115
