times:
  edit-metadata: 1.5174905993044376
  landing: 0.9854483343660831
  view-data: 3.34478522837162
