times:
  edit-metadata: 2.826407864689827
  landing: 1.4822327326983213
  view-data: 4.045837480574846
