times:
  edit-metadata: 1.4514438388869166
  landing: 0.042413974180817604
  view-data: 0.46846748515963554
