times:
  edit-metadata: 1.287138244137168
  landing: 0.022381871938705444
  view-data: 0.3278710851445794
