times:
  edit-metadata: 0.4670129809528589
  landing: 0.04418135713785887
  view-data: 0.1991141140460968
