times:
  edit-metadata: 1.294887707568705
  landing: 0.020040467381477356
  view-data: 0.02574352268129587
