times:
  edit-metadata: 1.3204406015574932
  landing: 0.0227720458060503
  view-data: 0.028039767406880856
