times:
  edit-metadata: 1.5537849962711334
  landing: 0.8651609029620886
  view-data: 3.3835011534392834
