times:
  edit-metadata: 0.48743090499192476
  landing: 0.048351410776376724
  view-data: 0.1949390470981598
