times:
  edit-metadata: 1.4355225791223347
  landing: 5.200602116063237
  view-data: 3.3083578599616885
