times:
  edit-metadata: 1.429012312553823
  landing: 0.02447507530450821
  view-data: 0.3432222818955779
