times:
  edit-metadata: 0.4040362127125263
  landing: 0.04843011498451233
  view-data: 0.20789039880037308
