times:
  edit-metadata: 0.4701682940358296
  landing: 0.0659009029623121
  view-data: 0.20717360900016502
