times:
  edit-metadata: 1.3834121208637953
  landing: 0.17774618417024612
  view-data: 0.023643914610147476
