times:
  edit-metadata: 0.4776091752573848
  landing: 0.04109676228836179
  view-data: 0.18567184219136834
