times:
  edit-metadata: 0.6980154779739678
  landing: 0.03473507892340422
  view-data: 0.1989388670772314
