times:
  edit-metadata: 1.5519300028681755
  landing: 0.8030858170241117
  view-data: 3.3891783971339464
