times:
  edit-metadata: 0.614047730807215
  landing: 0.05038418900221586
  view-data: 0.1963577289134264
