times:
  edit-metadata: 0.6455479469150305
  landing: 0.05152727523818612
  view-data: 0.20535870594903827
