times:
  edit-metadata: 1.4568790458142757
  landing: 0.9419127590954304
  view-data: 3.425176590681076
