times:
  edit-metadata: 0.6506559039698914
  landing: 0.04109118494670838
  view-data: 0.1945899649290368
