times:
  edit-metadata: 1.4915558397769928
  landing: 0.7422237452119589
  view-data: 3.330085577443242
