times:
  edit-metadata: 0.44841913087293506
  landing: 0.03883545007556677
  view-data: 0.19743417715653777
