times:
  edit-metadata: 0.5817258839961141
  landing: 0.0805992069945205
  view-data: 0.24073141999542713
