times:
  edit-metadata: 1.4730353076010942
  landing: 0.7846580948680639
  view-data: 3.3432006360962987
