times:
  edit-metadata: 0.6326512261293828
  landing: 0.041847928892821074
  view-data: 0.19282454624772072
