times:
  edit-metadata: 1.2867818819358945
  landing: 0.020905951038002968
  view-data: 0.02561549749225378
