times:
  edit-metadata: 0.4523678209952777
  landing: 0.05090157799713779
  view-data: 0.19126028100436088
