times:
  edit-metadata: 0.3973587811924517
  landing: 0.06091106706298888
  view-data: 0.20231496216729283
