times:
  edit-metadata: 1.3491567689925432
  landing: 0.022994395345449448
  view-data: 0.12340216152369976
