times:
  edit-metadata: 1.3617452597245574
  landing: 0.022331801243126392
  view-data: 0.12048375140875578
