times:
  edit-metadata: 0.4049855809425935
  landing: 0.0547492119949311
  view-data: 0.23548175301402807
