times:
  edit-metadata: 1.7765364982187748
  landing: 0.021096128039062023
  view-data: 0.46146267000585794
