times:
  edit-metadata: 1.566228773444891
  landing: 0.8509152848273516
  view-data: 3.448977392166853
