times:
  edit-metadata: 1.4777350090444088
  landing: 0.8752079978585243
  view-data: 3.3749343156814575
