times:
  edit-metadata: 1.5954368747770786
  landing: 0.7828554287552834
  view-data: 3.418797368183732
