times:
  edit-metadata: 1.3399975262582302
  landing: 0.1299789994955063
  view-data: 0.02618071623146534
