times:
  edit-metadata: 1.7544231018982828
  landing: 0.9064687206409872
  view-data: 3.4910787558183074
