times:
  edit-metadata: 0.5322586020047311
  landing: 0.07032693101791665
  view-data: 0.25639835200854577
