times:
  edit-metadata: 0.49811445362865925
  landing: 0.05088608665391803
  view-data: 0.18209875095635653
