times:
  edit-metadata: 1.6726739313453436
  landing: 0.6820698454976082
  view-data: 3.526446023955941
