times:
  edit-metadata: 1.5284960828721523
  landing: 0.9513250291347504
  view-data: 3.461007244884968
