times:
  edit-metadata: 1.3006145674735308
  landing: 0.11668890621513128
  view-data: 0.11739659123122692
