times:
  edit-metadata: 1.4024190083146095
  landing: 0.721575777977705
  view-data: 3.2419313974678516
