times:
  edit-metadata: 0.47670171596109867
  landing: 0.053194527979940176
  view-data: 0.20122652919963002
