times:
  edit-metadata: 1.9931472758762538
  landing: 1.0663144928403199
  view-data: 3.4384733489714563
