times:
  edit-metadata: 0.588766380911693
  landing: 0.04666334204375744
  view-data: 0.18496980308555067
