times:
  edit-metadata: 1.4940855782479048
  landing: 0.6833749525249004
  view-data: 3.330240808427334
