times:
  edit-metadata: 0.6395137519575655
  landing: 0.044146817992441356
  view-data: 0.19510841998271644
