times:
  edit-metadata: 0.3998340405523777
  landing: 0.04140695929527283
  view-data: 0.19607074931263924
