times:
  edit-metadata: 0.4513137163594365
  landing: 0.04612069018185139
  view-data: 0.308166298083961
