times:
  edit-metadata: 0.43907734588719904
  landing: 0.04819149919785559
  view-data: 0.20922067994251847
