times:
  edit-metadata: 0.40978133699991304
  landing: 0.06260140599988517
  view-data: 0.20322818199929316
