times:
  edit-metadata: 0.47246006364002824
  landing: 0.04344379575923085
  view-data: 0.19052430195733905
