times:
  edit-metadata: 0.4426878481172025
  landing: 0.06145073100924492
  view-data: 0.20694538415409625
