times:
  edit-metadata: 1.218765669502318
  landing: 0.8088622894138098
  view-data: 3.3172619119286537
