times:
  edit-metadata: 1.3356073535978794
  landing: 0.20160721614956856
  view-data: 0.30985110253095627
