times:
  edit-metadata: 1.7681131092831492
  landing: 0.02439315151423216
  view-data: 0.024137805216014385
