times:
  edit-metadata: 0.5889360248111188
  landing: 0.05787082202732563
  view-data: 0.19358207285404205
