times:
  edit-metadata: 0.4872594689950347
  landing: 0.06489827204495668
  view-data: 0.2202453559730202
