times:
  edit-metadata: 0.4830309427343309
  landing: 0.04145085113123059
  view-data: 0.19124545203521848
