times:
  edit-metadata: 2.8114378824830055
  landing: 2.061755219474435
  view-data: 4.1456445679068565
