times:
  edit-metadata: 0.6425716440426186
  landing: 0.0426879619481042
  view-data: 0.18876558903139085
