times:
  edit-metadata: 3.7054867204278708
  landing: 1.3202080689370632
  view-data: 3.7463738173246384
