times:
  edit-metadata: 1.3098417334258556
  landing: 0.026885395869612694
  view-data: 0.028714473359286785
