times:
  edit-metadata: 2.180585592985153
  landing: 1.6098689287900925
  view-data: 3.35097935795784
