times:
  edit-metadata: 0.5310615650378168
  landing: 0.05733282398432493
  view-data: 0.1870486536063254
