times:
  edit-metadata: 2.3139778561890125
  landing: 1.6993249468505383
  view-data: 3.3916430696845055
