times:
  edit-metadata: 1.68461087718606
  landing: 0.9384412486106157
  view-data: 3.3195969201624393
