times:
  edit-metadata: 1.3291204683482647
  landing: 0.21671030670404434
  view-data: 0.23482230491936207
