times:
  edit-metadata: 1.5407430841587484
  landing: 0.7962312609888613
  view-data: 3.372280703159049
