times:
  edit-metadata: 0.5232629890087992
  landing: 0.0520972030935809
  view-data: 0.2196666500531137
