times:
  edit-metadata: 1.315429762005806
  landing: 0.021981949917972088
  view-data: 0.024744855239987373
