times:
  edit-metadata: 0.6327041339827701
  landing: 0.04065815301146358
  view-data: 0.2001921329938341
