times:
  edit-metadata: 0.40995134599506855
  landing: 0.07112931300071068
  view-data: 0.22478197500458919
