times:
  edit-metadata: 2.853662423789501
  landing: 1.4305453281849623
  view-data: 3.4479359593242407
