times:
  edit-metadata: 1.439186055213213
  landing: 0.68645971827209
  view-data: 3.3611036594957113
