times:
  edit-metadata: 0.6536685922183096
  landing: 0.05644466495141387
  view-data: 0.2645683530718088
