times:
  edit-metadata: 1.4157118210569024
  landing: 0.020298948511481285
  view-data: 0.025876655243337154
