times:
  edit-metadata: 1.3093528235331178
  landing: 0.020649735815823078
  view-data: 0.13788648881018162
