times:
  edit-metadata: 0.9128931380109861
  landing: 0.10771026002475992
  view-data: 0.19476119201863185
