times:
  edit-metadata: 1.3365959292277694
  landing: 0.020697577856481075
  view-data: 0.026310265064239502
