times:
  edit-metadata: 1.4307678742334247
  landing: 0.02451814617961645
  view-data: 0.026112008839845657
