times:
  edit-metadata: 0.4351432400289923
  landing: 0.05015025002649054
  view-data: 0.19664407899836078
