times:
  edit-metadata: 1.3014420652762055
  landing: 0.017895884811878204
  view-data: 0.4167620977386832
