times:
  edit-metadata: 1.8803066555410624
  landing: 0.9058052282780409
  view-data: 3.5309355463832617
