times:
  edit-metadata: 1.861638056114316
  landing: 0.7250225562602282
  view-data: 3.3378954883664846
