times:
  edit-metadata: 0.41988644492812455
  landing: 0.0640874330420047
  view-data: 0.1966433620546013
