times:
  edit-metadata: 1.3241460211575031
  landing: 0.02149161323904991
  view-data: 0.02591125015169382
