times:
  edit-metadata: 1.3263315027579665
  landing: 0.022335483692586422
  view-data: 0.39992500003427267
