times:
  edit-metadata: 0.6255170232616365
  landing: 0.0449504847638309
  view-data: 0.18868826376274228
