times:
  edit-metadata: 1.6483637802302837
  landing: 1.0070137456059456
  view-data: 3.3352253325283527
