times:
  edit-metadata: 0.47067064326256514
  landing: 0.045568638015538454
  view-data: 0.19514159113168716
