times:
  edit-metadata: 0.5569789079017937
  landing: 0.058680341113358736
  view-data: 0.205807626247406
