times:
  edit-metadata: 2.002139840275049
  landing: 1.1519295945763588
  view-data: 3.5572071708738804
