times:
  edit-metadata: 0.431011273059994
  landing: 0.04760176199488342
  view-data: 0.21605897694826126
