times:
  edit-metadata: 0.5056506309774704
  landing: 0.06196032901061699
  view-data: 0.21937310800421983
