times:
  edit-metadata: 1.368459863588214
  landing: 0.07304279692471027
  view-data: 0.1797513673081994
