times:
  edit-metadata: 0.47718143509700894
  landing: 0.038425044156610966
  view-data: 0.1916443700902164
