times:
  edit-metadata: 1.6735879071056843
  landing: 0.824709702283144
  view-data: 3.4648821353912354
