times:
  edit-metadata: 0.8109154880003189
  landing: 0.1825699880000684
  view-data: 0.24433925099992848
