times:
  edit-metadata: 1.6377330739051104
  landing: 0.3293662518262863
  view-data: 0.025193892419338226
