times:
  edit-metadata: 1.3338246550410986
  landing: 0.020755592733621597
  view-data: 0.026566358283162117
