times:
  edit-metadata: 0.4169373589102179
  landing: 0.053688704036176205
  view-data: 0.2067333678714931
