times:
  edit-metadata: 0.6438650640193373
  landing: 0.040837179869413376
  view-data: 0.19109671912156045
