times:
  edit-metadata: 0.42556494614109397
  landing: 0.058065107092261314
  view-data: 0.21891944017261267
