times:
  edit-metadata: 1.4837405160069466
  landing: 0.30984416976571083
  view-data: 0.3830540459603071
