times:
  edit-metadata: 1.3160818181931973
  landing: 0.02055207919329405
  view-data: 0.024408490397036076
