times:
  edit-metadata: 0.5068285589950392
  landing: 0.05684149800072191
  view-data: 0.20332632499776082
