times:
  edit-metadata: 0.45780013129115105
  landing: 0.04951853817328811
  view-data: 0.19530887622386217
