times:
  edit-metadata: 1.3779226019978523
  landing: 0.02321027871221304
  view-data: 0.4409736255183816
