times:
  edit-metadata: 0.45639022206887603
  landing: 0.05388893187046051
  view-data: 0.1907809996046126
