times:
  edit-metadata: 1.3595047034323215
  landing: 0.13373892195522785
  view-data: 0.024978969246149063
