times:
  edit-metadata: 0.49376448208931834
  landing: 0.07292347098700702
  view-data: 0.22060031490400434
