times:
  edit-metadata: 0.4047497808933258
  landing: 0.0416128896176815
  view-data: 0.19417069479823112
