times:
  edit-metadata: 1.5374644007533789
  landing: 0.8609002297744155
  view-data: 3.46426969114691
