times:
  edit-metadata: 0.4490976179949939
  landing: 0.05124589893966913
  view-data: 0.2063470189459622
