times:
  edit-metadata: 1.9436291176825762
  landing: 0.7179897259920835
  view-data: 3.3183745965361595
