times:
  edit-metadata: 1.3444659039378166
  landing: 0.023191003128886223
  view-data: 0.12754146568477154
