times:
  edit-metadata: 1.5094558838754892
  landing: 0.7501343749463558
  view-data: 3.3102489188313484
