times:
  edit-metadata: 1.3414406990632415
  landing: 0.10915505979210138
  view-data: 0.32903333753347397
