times:
  edit-metadata: 0.6260766158811748
  landing: 0.04631469398736954
  view-data: 0.1933239190839231
