times:
  edit-metadata: 1.4067783188074827
  landing: 0.018519312143325806
  view-data: 0.02349499613046646
