times:
  edit-metadata: 0.4999660262838006
  landing: 0.10434855613857508
  view-data: 0.20430334098637104
