times:
  edit-metadata: 1.586045945994556
  landing: 0.32363690808415413
  view-data: 0.5040140505880117
