times:
  edit-metadata: 1.530794059857726
  landing: 0.17778893560171127
  view-data: 0.43216271698474884
