times:
  edit-metadata: 1.3433109857141972
  landing: 0.150012930855155
  view-data: 0.1343432515859604
