times:
  edit-metadata: 1.596721064299345
  landing: 1.1660172194242477
  view-data: 3.360497437417507
