times:
  edit-metadata: 0.4418350039049983
  landing: 0.051219859858974814
  view-data: 0.21169980289414525
