times:
  edit-metadata: 0.6189473329577595
  landing: 0.04813530785031617
  view-data: 0.18518310505896807
