times:
  edit-metadata: 0.7423457121476531
  landing: 0.05692203622311354
  view-data: 0.2758968509733677
