times:
  edit-metadata: 1.4202003851532936
  landing: 0.8309233896434307
  view-data: 3.2930200695991516
