times:
  edit-metadata: 0.5287528280168772
  landing: 0.11309199407696724
  view-data: 0.2419113521464169
