times:
  edit-metadata: 1.6737328339368105
  landing: 1.075391998514533
  view-data: 3.4032751973718405
