times:
  edit-metadata: 1.282195745036006
  landing: 0.11787258461117744
  view-data: 0.024194879457354546
