times:
  edit-metadata: 0.44587440602481365
  landing: 0.05137013806961477
  view-data: 0.19737944402731955
