times:
  edit-metadata: 1.3317716959863901
  landing: 0.021892267279326916
  view-data: 0.024093004874885082
