times:
  edit-metadata: 0.4732525940053165
  landing: 0.03806863399222493
  view-data: 0.1931072659790516
