times:
  edit-metadata: 0.44833434792235494
  landing: 0.041701601818203926
  view-data: 0.19229199830442667
