times:
  edit-metadata: 0.665520244743675
  landing: 0.1079459679313004
  view-data: 0.2662394028156996
