times:
  edit-metadata: 1.822589933872223
  landing: 0.9414289891719818
  view-data: 3.588450089097023
