times:
  edit-metadata: 2.3593881148844957
  landing: 1.3727732319384813
  view-data: 3.4336794950067997
