times:
  edit-metadata: 3.808758432045579
  landing: 3.304507475346327
  view-data: 3.2788488417863846
