times:
  edit-metadata: 1.549945549108088
  landing: 0.021731143817305565
  view-data: 0.29168957751244307
