times:
  edit-metadata: 1.356454212218523
  landing: 0.021534888073801994
  view-data: 0.026308955624699593
