times:
  edit-metadata: 1.9338189586997032
  landing: 0.9884014800190926
  view-data: 3.37911332026124
