times:
  edit-metadata: 0.49181046104058623
  landing: 0.05920386500656605
  view-data: 0.22714033699594438
