times:
  edit-metadata: 1.38619873393327
  landing: 0.130547558888793
  view-data: 0.3979697208851576
