times:
  edit-metadata: 1.4689916195347905
  landing: 0.7442483017221093
  view-data: 3.3746568551287055
