times:
  edit-metadata: 1.391484035179019
  landing: 0.19071762263774872
  view-data: 0.024202687665820122
