times:
  edit-metadata: 2.1998327262699604
  landing: 1.1429748237133026
  view-data: 3.525065239518881
