times:
  edit-metadata: 0.623639496974647
  landing: 0.0470485340047162
  view-data: 0.18746388299041428
