times:
  edit-metadata: 1.466883759945631
  landing: 0.1876510065048933
  view-data: 0.3246091194450855
