times:
  edit-metadata: 3.98344805277884
  landing: 1.4434603992849588
  view-data: 3.6184596307575703
