times:
  edit-metadata: 1.6455432809889317
  landing: 0.8701774589717388
  view-data: 3.410558335483074
