times:
  edit-metadata: 1.381644622888416
  landing: 0.8586771772243083
  view-data: 3.3229728043079376
