times:
  edit-metadata: 1.8206068184226751
  landing: 0.8673040699213743
  view-data: 3.540671830996871
