times:
  edit-metadata: 0.47763197124004364
  landing: 0.03949840320274234
  view-data: 0.18181108497083187
