times:
  edit-metadata: 0.5490236080004252
  landing: 0.05400888300209772
  view-data: 0.2534783789960784
