times:
  edit-metadata: 1.2886752393096685
  landing: 0.0196634940803051
  view-data: 0.02471597120165825
