times:
  edit-metadata: 1.4898077733814716
  landing: 0.9474267698824406
  view-data: 3.375659789890051
