times:
  edit-metadata: 1.5207183100283146
  landing: 0.8699839822947979
  view-data: 3.5078892428427935
