times:
  edit-metadata: 1.3201130479574203
  landing: 0.019296232610940933
  view-data: 0.022394567728042603
