times:
  edit-metadata: 0.47654611384496093
  landing: 0.03800155222415924
  view-data: 0.18899385910481215
