times:
  edit-metadata: 1.595567014068365
  landing: 0.8342582285404205
  view-data: 3.4339925460517406
