times:
  edit-metadata: 0.4620662610977888
  landing: 0.039391690865159035
  view-data: 0.18805045867338777
