times:
  edit-metadata: 1.5347380340099335
  landing: 0.8384740501642227
  view-data: 3.6295741461217403
