times:
  edit-metadata: 0.6458121391478926
  landing: 0.05491818394511938
  view-data: 0.1869977288879454
