times:
  edit-metadata: 2.4127296525985003
  landing: 3.3176570124924183
  view-data: 3.900801146402955
