times:
  edit-metadata: 3.1459484603255987
  landing: 1.9981579519808292
  view-data: 3.6426732651889324
