times:
  edit-metadata: 1.3062850311398506
  landing: 0.022244375199079514
  view-data: 0.10338039696216583
