times:
  edit-metadata: 1.308856837975327
  landing: 0.2172691390151158
  view-data: 0.30657398101175204
