times:
  edit-metadata: 1.5065042283385992
  landing: 0.24462007358670235
  view-data: 0.15797675773501396
