times:
  edit-metadata: 1.5256969975307584
  landing: 0.8041329802945256
  view-data: 3.4547687508165836
