times:
  edit-metadata: 1.358408740721643
  landing: 0.021563734859228134
  view-data: 0.1007073549553752
