times:
  edit-metadata: 1.7167169768363237
  landing: 0.9054630054160953
  view-data: 3.37307982891798
