times:
  edit-metadata: 1.555089259520173
  landing: 0.2367421928793192
  view-data: 0.41534946858882904
