times:
  edit-metadata: 0.524411209858954
  landing: 0.06791807105764747
  view-data: 0.25375233869999647
