times:
  edit-metadata: 0.6170363209675997
  landing: 0.049806649098172784
  view-data: 0.1746409758925438
