times:
  edit-metadata: 0.47312457021325827
  landing: 0.04849056899547577
  view-data: 0.2012932519428432
