times:
  edit-metadata: 0.6749958209693432
  landing: 0.05475655902409926
  view-data: 0.18137718900106847
