times:
  edit-metadata: 0.6078848228789866
  landing: 0.04178498010151088
  view-data: 0.18113054521381855
