times:
  edit-metadata: 1.3812550157308578
  landing: 0.02368785161525011
  view-data: 0.023916909471154213
