times:
  edit-metadata: 0.6360145770013332
  landing: 0.04545202013105154
  view-data: 0.18301616981625557
