times:
  edit-metadata: 0.6470970630180091
  landing: 0.04768410394899547
  view-data: 0.18335523596033454
