times:
  edit-metadata: 1.3296159552410245
  landing: 0.02084084041416645
  view-data: 0.10153779480606318
