times:
  edit-metadata: 0.49710834259167314
  landing: 0.055897836573421955
  view-data: 0.1880855900235474
