times:
  edit-metadata: 1.6968953758478165
  landing: 1.0648183189332485
  view-data: 3.341597530990839
