times:
  edit-metadata: 1.551537662744522
  landing: 0.8939556330442429
  view-data: 3.387268453836441
