times:
  edit-metadata: 0.6257463890360668
  landing: 0.05228606500895694
  view-data: 0.19644903199514374
