times:
  edit-metadata: 1.4733273386955261
  landing: 0.8647633083164692
  view-data: 3.297422580420971
