times:
  edit-metadata: 1.8428622260689735
  landing: 1.0573649555444717
  view-data: 3.495135996490717
