times:
  edit-metadata: 0.41983031993731856
  landing: 0.06319292285479605
  view-data: 0.21178462309762836
