times:
  edit-metadata: 1.7207214329391718
  landing: 0.3499520216137171
  view-data: 0.31424466148018837
