times:
  edit-metadata: 1.390981643460691
  landing: 0.01954448688775301
  view-data: 0.3992981184273958
