times:
  edit-metadata: 1.370202660560608
  landing: 0.7881391979753971
  view-data: 3.3527123890817165
