times:
  edit-metadata: 1.3376031136140227
  landing: 0.022068869322538376
  view-data: 0.028136185370385647
