times:
  edit-metadata: 1.4847222911193967
  landing: 0.7574875680729747
  view-data: 3.4542309753596783
