times:
  edit-metadata: 0.4761742651462555
  landing: 0.04764622589573264
  view-data: 0.18107157479971647
