times:
  edit-metadata: 1.6144282668828964
  landing: 0.7993260342627764
  view-data: 3.4106961861252785
