times:
  edit-metadata: 0.6319689799565822
  landing: 0.04224307299591601
  view-data: 0.19507944595534354
