times:
  edit-metadata: 0.4796594036743045
  landing: 0.057490657083690166
  view-data: 0.35026178415864706
