times:
  edit-metadata: 1.649264296516776
  landing: 0.6709842048585415
  view-data: 3.421464638784528
