times:
  edit-metadata: 1.6432412527501583
  landing: 1.0363441035151482
  view-data: 3.4728997722268105
