times:
  edit-metadata: 1.5689520239830017
  landing: 0.7937732934951782
  view-data: 3.4071869179606438
