times:
  edit-metadata: 2.041943270713091
  landing: 1.179495356976986
  view-data: 3.311284616589546
