times:
  edit-metadata: 3.773778986185789
  landing: 1.1098552457988262
  view-data: 4.039125148206949
