times:
  edit-metadata: 0.4695495362393558
  landing: 0.04590400122106075
  view-data: 0.19691303558647633
