times:
  edit-metadata: 2.0014128144830465
  landing: 1.1040472202003002
  view-data: 3.2721426375210285
