times:
  edit-metadata: 0.7052411483600736
  landing: 0.04395274305716157
  view-data: 0.21515052299946547
