times:
  edit-metadata: 1.6705118268728256
  landing: 0.803454551845789
  view-data: 3.4079319834709167
