times:
  edit-metadata: 1.4407238028943539
  landing: 0.8235577642917633
  view-data: 3.3411764949560165
