times:
  edit-metadata: 0.6697211591526866
  landing: 0.04596031201072037
  view-data: 0.22475168202072382
