times:
  edit-metadata: 0.628650257945992
  landing: 0.04393106303177774
  view-data: 0.31969906797166914
