times:
  edit-metadata: 1.488068921957165
  landing: 0.7450045300647616
  view-data: 3.3190771059598774
