times:
  edit-metadata: 2.170405335724354
  landing: 0.9288654923439026
  view-data: 3.540229568257928
