times:
  edit-metadata: 1.4525914005935192
  landing: 1.0579618886113167
  view-data: 3.3343863636255264
