times:
  edit-metadata: 1.3254367727786303
  landing: 0.02040957286953926
  view-data: 0.02512274030596018
