times:
  edit-metadata: 1.5793463215231895
  landing: 0.8057580851018429
  view-data: 3.414242770522833
