times:
  edit-metadata: 1.2954002376645803
  landing: 0.020056607201695442
  view-data: 0.12413464672863483
