times:
  edit-metadata: 0.4655269621871412
  landing: 0.06617969507351518
  view-data: 0.22562349308282137
