times:
  edit-metadata: 1.521897953003645
  landing: 0.8693185746669769
  view-data: 3.406631261110306
