times:
  edit-metadata: 0.6381561951711774
  landing: 0.04204493807628751
  view-data: 0.19491644483059645
