times:
  edit-metadata: 1.6165120592340827
  landing: 0.7520910920575261
  view-data: 3.3712910749018192
