times:
  edit-metadata: 0.6261643669568002
  landing: 0.03924943698802963
  view-data: 0.19354514201404527
