times:
  edit-metadata: 0.44424852600786835
  landing: 0.050793890026398
  view-data: 0.3397962439339608
