times:
  edit-metadata: 0.5316276919911616
  landing: 0.046205049962736666
  view-data: 0.22515068802749738
