times:
  edit-metadata: 1.303830076009035
  landing: 0.021141158416867256
  view-data: 0.025233115069568157
