times:
  edit-metadata: 0.5315402540145442
  landing: 0.0474258289905265
  view-data: 0.21688004699535668
