times:
  edit-metadata: 1.4681211886927485
  landing: 0.11246539279818535
  view-data: 0.3981435839086771
