times:
  edit-metadata: 4.780873376876116
  landing: 1.9741288796067238
  view-data: 3.4284507669508457
