times:
  edit-metadata: 1.5495101027190685
  landing: 1.1360050030052662
  view-data: 3.3392254672944546
