times:
  edit-metadata: 0.4293385230121203
  landing: 0.0633576600230299
  view-data: 0.20763473998522386
