times:
  edit-metadata: 0.7054118379019201
  landing: 0.04765507718548179
  view-data: 0.21156638441607356
