times:
  edit-metadata: 1.883917497470975
  landing: 1.2119295289739966
  view-data: 3.479314169846475
