times:
  edit-metadata: 1.6777175460010767
  landing: 0.7407803479582071
  view-data: 3.395089525729418
