times:
  edit-metadata: 1.9578527957201004
  landing: 0.6640025395900011
  view-data: 3.407275652512908
