times:
  edit-metadata: 1.5572148635983467
  landing: 0.927912350744009
  view-data: 3.3660084921866655
