times:
  edit-metadata: 0.4609260321594775
  landing: 0.05140586011111736
  view-data: 0.18965041264891624
