times:
  edit-metadata: 2.2828193865716457
  landing: 0.048805782571434975
  view-data: 0.05725144036114216
