times:
  edit-metadata: 1.3184135630726814
  landing: 0.018692157231271267
  view-data: 0.02428052294999361
