times:
  edit-metadata: 1.4648584458045661
  landing: 0.8152295451145619
  view-data: 3.425740938866511
