times:
  edit-metadata: 2.4731687791645527
  landing: 2.033337913453579
  view-data: 3.794467844069004
