times:
  edit-metadata: 0.4806019510142505
  landing: 0.041163919027894735
  view-data: 0.18840833194553852
