times:
  edit-metadata: 1.75172882899642
  landing: 0.29019565880298615
  view-data: 0.45362469367682934
