times:
  edit-metadata: 0.6269749961793423
  landing: 0.04737165500409901
  view-data: 0.1808922798372805
