times:
  edit-metadata: 1.538062997162342
  landing: 0.940790556371212
  view-data: 3.3927890956401825
