times:
  edit-metadata: 1.3103670440614223
  landing: 0.13328907825052738
  view-data: 0.024087755009531975
