times:
  edit-metadata: 1.349498700350523
  landing: 0.01933781336992979
  view-data: 0.12225072737783194
