times:
  edit-metadata: 1.2735509686172009
  landing: 0.020110024139285088
  view-data: 0.023628147318959236
