times:
  edit-metadata: 0.5011066100560129
  landing: 0.04909048089757562
  view-data: 0.19952189596369863
