times:
  edit-metadata: 2.3993954146280885
  landing: 0.7517513167113066
  view-data: 0.5697398353368044
