times:
  edit-metadata: 0.6335654142312706
  landing: 0.038349215406924486
  view-data: 0.1886869091540575
