times:
  edit-metadata: 1.8526368215680122
  landing: 0.8745396696031094
  view-data: 3.438134290277958
