times:
  edit-metadata: 1.5202243216335773
  landing: 0.8445347547531128
  view-data: 3.3206912837922573
