times:
  edit-metadata: 1.3584629148244858
  landing: 0.01933884434401989
  view-data: 0.38080241717398167
