times:
  edit-metadata: 0.4042569799348712
  landing: 0.06093734875321388
  view-data: 0.20455128885805607
