times:
  edit-metadata: 1.3201045403257012
  landing: 0.021861565299332142
  view-data: 0.11938320007175207
