times:
  edit-metadata: 0.6337283280445263
  landing: 0.04469402600079775
  view-data: 0.19255133799742907
