times:
  edit-metadata: 1.5967413168400526
  landing: 0.33125882036983967
  view-data: 0.3804289400577545
