times:
  edit-metadata: 1.7261698432266712
  landing: 1.1147790849208832
  view-data: 3.357116252183914
