times:
  edit-metadata: 0.47637040354311466
  landing: 0.049681310541927814
  view-data: 0.20704963244497776
