times:
  edit-metadata: 0.47656926698982716
  landing: 0.03909721877425909
  view-data: 0.18721314705908298
