times:
  edit-metadata: 1.6178785413503647
  landing: 0.12800497561693192
  view-data: 0.4026539586484432
