times:
  edit-metadata: 1.5708340285345912
  landing: 0.8075245274230838
  view-data: 3.374935341067612
