times:
  edit-metadata: 0.6000562901608646
  landing: 0.04997515003196895
  view-data: 0.1831504269503057
