times:
  edit-metadata: 0.392916489392519
  landing: 0.05093810707330704
  view-data: 0.19298338890075684
