times:
  edit-metadata: 1.4297197367995977
  landing: 0.02047213353216648
  view-data: 0.45226674899458885
