times:
  edit-metadata: 0.531113852004637
  landing: 0.03922824899927946
  view-data: 0.19966311199823394
