times:
  edit-metadata: 1.717774409800768
  landing: 0.9551060162484646
  view-data: 3.378259591758251
