times:
  edit-metadata: 1.402648588642478
  landing: 0.01986950822174549
  view-data: 0.026333754882216454
