times:
  edit-metadata: 1.5711082555353642
  landing: 1.167696121148765
  view-data: 3.476699274033308
