times:
  edit-metadata: 0.6152311889454722
  landing: 0.05092646391130984
  view-data: 0.19494163617491722
