times:
  edit-metadata: 0.6245477488264441
  landing: 0.04493714589625597
  view-data: 0.18975715013220906
