times:
  edit-metadata: 0.43156892596744
  landing: 0.05225167400203645
  view-data: 0.20766017702408135
