times:
  edit-metadata: 0.48831527298898436
  landing: 0.06944968599418644
  view-data: 0.33834514299815055
