times:
  edit-metadata: 1.4046767428517342
  landing: 0.02156281378120184
  view-data: 0.398591042496264
