times:
  edit-metadata: 1.9483834840357304
  landing: 1.1948469243943691
  view-data: 3.382674727588892
