times:
  edit-metadata: 0.6306234109215438
  landing: 0.04985956405289471
  view-data: 0.18539705593138933
