times:
  edit-metadata: 0.6239933320321143
  landing: 0.04169690702110529
  view-data: 0.18827750999480486
