times:
  edit-metadata: 0.45777529990300536
  landing: 0.033790068700909615
  view-data: 0.19023010786622763
