times:
  edit-metadata: 1.4700459986925125
  landing: 0.7210850529372692
  view-data: 3.3347902446985245
