times:
  edit-metadata: 0.4239107370376587
  landing: 0.10062544792890549
  view-data: 0.22315297811292112
