times:
  edit-metadata: 1.4888477623462677
  landing: 0.7960976921021938
  view-data: 3.3173275999724865
