times:
  edit-metadata: 0.5192397125065327
  landing: 0.04517167806625366
  view-data: 0.19382454454898834
