times:
  edit-metadata: 1.4869178920052946
  landing: 0.8003049530088902
  view-data: 3.3828141409903765
