times:
  edit-metadata: 0.6275671820621938
  landing: 0.052883090917021036
  view-data: 0.1932780579663813
