times:
  edit-metadata: 0.6328308309894055
  landing: 0.06068293808493763
  view-data: 0.1923027919838205
