times:
  edit-metadata: 1.3845179798081517
  landing: 0.1584159890189767
  view-data: 0.21610719338059425
