times:
  edit-metadata: 0.42506292485632
  landing: 0.06903289305046201
  view-data: 0.20188250113278627
