times:
  edit-metadata: 1.4941786769777536
  landing: 2.288252480328083
  view-data: 3.736405037343502
