times:
  edit-metadata: 0.47468886710703373
  landing: 0.0437665362842381
  view-data: 0.1928172307088971
