times:
  edit-metadata: 1.495082094334066
  landing: 0.7602582219988108
  view-data: 3.3735583713278174
