times:
  edit-metadata: 0.6243914070073515
  landing: 0.047791789984330535
  view-data: 0.19478180701844394
