times:
  edit-metadata: 0.47574757412075996
  landing: 0.044775047339499
  view-data: 0.19719032291322947
