times:
  edit-metadata: 1.3113671047613025
  landing: 0.024924064986407757
  view-data: 0.3993254639208317
