times:
  edit-metadata: 0.6294935459736735
  landing: 0.04229640890844166
  view-data: 0.1924182770308107
