times:
  edit-metadata: 5.342998185195029
  landing: 1.3234054083004594
  view-data: 4.218887050636113
