times:
  edit-metadata: 0.6199880009517074
  landing: 0.04729969007894397
  view-data: 0.19630658579990268
