times:
  edit-metadata: 0.6027905959635973
  landing: 0.058111579972319305
  view-data: 0.18036796001251787
