times:
  edit-metadata: 1.952611155807972
  landing: 0.294700613245368
  view-data: 0.35245342645794153
