times:
  edit-metadata: 1.468496595043689
  landing: 0.8043504720553756
  view-data: 3.3554976787418127
