times:
  edit-metadata: 0.462916505523026
  landing: 0.054351276718080044
  view-data: 0.19161602202802896
