times:
  edit-metadata: 1.5880967425182462
  landing: 0.8848504275083542
  view-data: 3.466732146218419
