times:
  edit-metadata: 0.46869238652288914
  landing: 0.041798477061092854
  view-data: 0.20801547076553106
