times:
  edit-metadata: 0.4067600592970848
  landing: 0.043546464294195175
  view-data: 0.19442152231931686
