times:
  edit-metadata: 0.5185892890003743
  landing: 0.03906020399972476
  view-data: 0.19015888400008407
