times:
  edit-metadata: 1.3838747499976307
  landing: 0.6818532119505107
  view-data: 3.292175782029517
