times:
  edit-metadata: 1.310383478179574
  landing: 0.019327396526932716
  view-data: 0.02810025494545698
