times:
  edit-metadata: 0.6137540659401566
  landing: 0.03910600405652076
  view-data: 0.19674718496389687
