times:
  edit-metadata: 1.4671589862555265
  landing: 0.8596647549420595
  view-data: 3.2927800975739956
