times:
  edit-metadata: 1.3025222960859537
  landing: 0.020342642441391945
  view-data: 0.12635831534862518
