times:
  edit-metadata: 0.4005315139947925
  landing: 0.057417304982664064
  view-data: 0.19402168202213943
