times:
  edit-metadata: 0.4449002188630402
  landing: 0.044395937118679285
  view-data: 0.20576345594599843
