times:
  edit-metadata: 1.5633190360385925
  landing: 0.836220660014078
  view-data: 3.467033821856603
