times:
  edit-metadata: 0.4903615936636925
  landing: 0.044190975837409496
  view-data: 0.1991938641294837
