times:
  edit-metadata: 1.4877283659297973
  landing: 0.8997677599545568
  view-data: 3.380478110979311
