times:
  edit-metadata: 1.3480624724179506
  landing: 0.2313791811466217
  view-data: 0.025337867438793182
