times:
  edit-metadata: 1.6149504445493221
  landing: 0.9609751179814339
  view-data: 3.3434849120676517
