times:
  edit-metadata: 1.345311482436955
  landing: 0.11226538754999638
  view-data: 0.42839446291327477
