times:
  edit-metadata: 0.39893751963973045
  landing: 0.04181007295846939
  view-data: 0.19548525288701057
