times:
  edit-metadata: 1.4692376181483269
  landing: 0.15665492042899132
  view-data: 0.31841498054564
