times:
  edit-metadata: 0.6256676710036118
  landing: 0.040359013990382664
  view-data: 0.19458807399496436
