times:
  edit-metadata: 1.411104223690927
  landing: 0.195758824236691
  view-data: 0.12420003674924374
