times:
  edit-metadata: 1.4670520387589931
  landing: 0.021462203934788704
  view-data: 0.35440183244645596
