times:
  edit-metadata: 1.52791066467762
  landing: 0.16347123309969902
  view-data: 0.3623402938246727
