times:
  edit-metadata: 0.6325022500241175
  landing: 0.037767493980936706
  view-data: 0.19903893303126097
