times:
  edit-metadata: 1.4212422068230808
  landing: 0.8446821027901024
  view-data: 3.3348442860879004
