times:
  edit-metadata: 0.73217294504866
  landing: 0.08164309384301305
  view-data: 0.2084701331332326
