times:
  edit-metadata: 1.874005250632763
  landing: 0.7727253157645464
  view-data: 3.5240324940532446
