times:
  edit-metadata: 1.8927944377064705
  landing: 1.0649969037622213
  view-data: 3.452880946919322
