times:
  edit-metadata: 0.6172537207603455
  landing: 0.04506355570629239
  view-data: 0.19445640919730067
