times:
  edit-metadata: 0.4561822437681258
  landing: 0.04593735607340932
  view-data: 0.19354938669130206
