times:
  edit-metadata: 1.445786182768643
  landing: 0.8377799661830068
  view-data: 3.3342583011835814
