times:
  edit-metadata: 0.7033450198359787
  landing: 0.0957006230019033
  view-data: 0.2106915400363505
