times:
  edit-metadata: 1.4044281207025051
  landing: 0.7215903559699655
  view-data: 3.3021020079031587
