times:
  edit-metadata: 1.3587739169597626
  landing: 0.022152669727802277
  view-data: 0.026467081159353256
