times:
  edit-metadata: 1.4730337373912334
  landing: 0.8808863237500191
  view-data: 3.350212685763836
