times:
  edit-metadata: 0.4661561041139066
  landing: 0.05321073904633522
  view-data: 0.550714397802949
