times:
  edit-metadata: 0.5148361176252365
  landing: 0.04274045303463936
  view-data: 0.2056567184627056
