times:
  edit-metadata: 2.4496028814464808
  landing: 1.094843052327633
  view-data: 3.436154656112194
