times:
  edit-metadata: 1.9026522412896156
  landing: 1.346369929611683
  view-data: 3.3988060243427753
