times:
  edit-metadata: 1.8092651758342981
  landing: 0.17804819159209728
  view-data: 0.35871605202555656
