times:
  edit-metadata: 2.054540127515793
  landing: 1.022581148892641
  view-data: 3.403658464550972
