times:
  edit-metadata: 2.9331258721649647
  landing: 2.175046019256115
  view-data: 3.8762958981096745
