times:
  edit-metadata: 1.4302383102476597
  landing: 0.02022738754749298
  view-data: 0.0234006829559803
