times:
  edit-metadata: 2.1989019215106964
  landing: 1.6611183173954487
  view-data: 3.3513442911207676
