times:
  edit-metadata: 1.3371829874813557
  landing: 0.12879674695432186
  view-data: 0.12097874656319618
