times:
  edit-metadata: 1.3313514972105622
  landing: 0.0222520949319005
  view-data: 0.12222953792661428
