times:
  edit-metadata: 0.49655246501788497
  landing: 0.07886715931817889
  view-data: 0.2920612511225045
