times:
  edit-metadata: 1.3474136479198933
  landing: 0.7250363808125257
  view-data: 3.3173488918691874
