times:
  edit-metadata: 0.6406606808304787
  landing: 0.04344609007239342
  view-data: 0.1918085189536214
