times:
  edit-metadata: 1.7067757789045572
  landing: 0.04909760132431984
  view-data: 0.024125710129737854
