times:
  edit-metadata: 1.545409247977659
  landing: 0.8062669078353792
  view-data: 3.309477288974449
