times:
  edit-metadata: 1.3334370227530599
  landing: 0.022061072289943695
  view-data: 0.4392739674076438
