times:
  edit-metadata: 0.46801017690449953
  landing: 0.06501000467687845
  view-data: 0.21254752995446324
