times:
  edit-metadata: 0.5567093873396516
  landing: 0.05159577261656523
  view-data: 0.21693367371335626
