times:
  edit-metadata: 0.5027391659095883
  landing: 0.03812278574332595
  view-data: 0.19951409101486206
