times:
  edit-metadata: 0.4167648230213672
  landing: 0.08219286799430847
  view-data: 0.22846204100642353
