times:
  edit-metadata: 0.6363319789525121
  landing: 0.055979253025725484
  view-data: 0.1795195851009339
