times:
  edit-metadata: 0.48523116298019886
  landing: 0.06451802561059594
  view-data: 0.20519061805680394
