times:
  edit-metadata: 0.4707007948309183
  landing: 0.05025304760783911
  view-data: 0.18721053376793861
