times:
  edit-metadata: 1.2721222303807735
  landing: 0.020556269213557243
  view-data: 0.02508838102221489
