times:
  edit-metadata: 1.4929592479020357
  landing: 0.7965883072465658
  view-data: 3.4256542287766933
