times:
  edit-metadata: 1.5392199587076902
  landing: 0.8206213880330324
  view-data: 3.394852811470628
