times:
  edit-metadata: 1.4537303671240807
  landing: 0.7179101537913084
  view-data: 3.3473497983068228
