times:
  edit-metadata: 1.4171633441001177
  landing: 0.02174481190741062
  view-data: 0.14465638622641563
