times:
  edit-metadata: 0.67695003002882
  landing: 0.05290384590625763
  view-data: 0.19298052694648504
