times:
  edit-metadata: 0.47260781889781356
  landing: 0.039968003053218126
  view-data: 0.18957121204584837
