times:
  edit-metadata: 1.492945758625865
  landing: 0.7813913933932781
  view-data: 3.557976521551609
