times:
  edit-metadata: 0.42571514984592795
  landing: 0.05258324299938977
  view-data: 0.20551494602113962
