times:
  edit-metadata: 3.096096906810999
  landing: 1.2327185049653053
  view-data: 3.7155077066272497
