times:
  edit-metadata: 1.3540979586541653
  landing: 0.019414735957980156
  view-data: 0.024328352883458138
