times:
  edit-metadata: 0.4945584461092949
  landing: 0.046049896627664566
  view-data: 0.19516478665173054
