times:
  edit-metadata: 1.8867323324084282
  landing: 0.34332554787397385
  view-data: 0.2702430374920368
