times:
  edit-metadata: 1.908466674387455
  landing: 1.0544382072985172
  view-data: 3.548465732485056
