times:
  edit-metadata: 0.6381315150065348
  landing: 0.0458349259570241
  view-data: 0.1975582509767264
