times:
  edit-metadata: 0.47508555091917515
  landing: 0.048970756120979786
  view-data: 0.20553133636713028
