times:
  edit-metadata: 1.2786357747390866
  landing: 0.022664298303425312
  view-data: 0.025800181552767754
