times:
  edit-metadata: 1.6357634086161852
  landing: 0.69958964176476
  view-data: 3.5095085352659225
