times:
  edit-metadata: 3.9534462857991457
  landing: 2.601116243749857
  view-data: 3.619572263211012
