times:
  edit-metadata: 3.668605402112007
  landing: 1.785123823210597
  view-data: 4.10870772972703
