times:
  edit-metadata: 1.332854075357318
  landing: 0.018939264118671417
  view-data: 0.027502557262778282
