times:
  edit-metadata: 0.541140662971884
  landing: 0.051587208989076316
  view-data: 0.21387877297820523
