times:
  edit-metadata: 0.6337674170499668
  landing: 0.04389956209342927
  view-data: 0.18885340995620936
