times:
  edit-metadata: 1.4467385858297348
  landing: 0.7528215199708939
  view-data: 3.2902922928333282
