times:
  edit-metadata: 1.5090122818946838
  landing: 0.9240112975239754
  view-data: 3.3268936574459076
