times:
  edit-metadata: 1.442461758852005
  landing: 0.7632621824741364
  view-data: 3.474272385239601
