times:
  edit-metadata: 1.5675064362585545
  landing: 0.8675931543111801
  view-data: 3.378139417618513
