times:
  edit-metadata: 1.657999910414219
  landing: 0.9741609022021294
  view-data: 3.3614967986941338
