times:
  edit-metadata: 1.4080887883901596
  landing: 0.8778118640184402
  view-data: 3.3302353844046593
