times:
  edit-metadata: 1.439856618642807
  landing: 0.7313020080327988
  view-data: 3.3693090230226517
