times:
  edit-metadata: 1.5543460473418236
  landing: 1.0450514294207096
  view-data: 3.3284354098141193
