times:
  edit-metadata: 1.4962879121303558
  landing: 0.9226971790194511
  view-data: 3.3355358988046646
