times:
  edit-metadata: 1.5121442675590515
  landing: 0.8844323754310608
  view-data: 3.337544411420822
