times:
  edit-metadata: 1.4260325878858566
  landing: 0.7029864192008972
  view-data: 3.357282616198063
