times:
  edit-metadata: 1.5260381326079369
  landing: 0.8262826204299927
  view-data: 3.517452172935009
