times:
  edit-metadata: 1.4774140268564224
  landing: 0.7406496405601501
  view-data: 3.5299449637532234
