times:
  edit-metadata: 1.400245264172554
  landing: 0.7678219527006149
  view-data: 3.512245737016201
