times:
  edit-metadata: 1.3957040533423424
  landing: 0.7348721101880074
  view-data: 3.507419042289257
