times:
  edit-metadata: 1.3751667030155659
  landing: 0.7493852712213993
  view-data: 3.2861492298543453
