times:
  edit-metadata: 1.5814719572663307
  landing: 0.8969488516449928
  view-data: 3.3136756271123886
