times:
  edit-metadata: 1.470692403614521
  landing: 0.7739447839558125
  view-data: 3.345817159861326
