times:
  edit-metadata: 1.5524109601974487
  landing: 0.8937150537967682
  view-data: 3.3101956248283386
