times:
  edit-metadata: 1.6541975289583206
  landing: 0.9537476971745491
  view-data: 3.5028587728738785
