times:
  edit-metadata: 1.4499198980629444
  landing: 1.0539853237569332
  view-data: 3.340070679783821
