times:
  edit-metadata: 1.4718934260308743
  landing: 0.883641704916954
  view-data: 3.339365992695093
