times:
  edit-metadata: 1.4408872053027153
  landing: 0.8270948752760887
  view-data: 3.3725286945700645
