times:
  edit-metadata: 1.3980466425418854
  landing: 0.8189808614552021
  view-data: 3.364194318652153
