times:
  edit-metadata: 1.5436196103692055
  landing: 0.8382676057517529
  view-data: 3.323188330978155
