times:
  edit-metadata: 2.692262589931488
  landing: 2.185865141451359
  view-data: 3.5409396663308144
