times:
  edit-metadata: 1.4171422347426414
  landing: 0.8366307467222214
  view-data: 3.376976430416107
