times:
  edit-metadata: 1.46358310431242
  landing: 0.8432416766881943
  view-data: 3.3317455798387527
