times:
  edit-metadata: 1.4549338594079018
  landing: 0.9599900990724564
  view-data: 3.628061465919018
