times:
  edit-metadata: 1.4096961617469788
  landing: 0.8036032766103745
  view-data: 3.425584055483341
