times:
  edit-metadata: 1.3839557617902756
  landing: 0.7473210617899895
  view-data: 3.4076132103800774
