times:
  edit-metadata: 1.5547322928905487
  landing: 0.8671800158917904
  view-data: 3.2864768728613853
