times:
  edit-metadata: 1.3682265430688858
  landing: 0.788684144616127
  view-data: 3.571264699101448
