times:
  edit-metadata: 1.5355703234672546
  landing: 0.8900798559188843
  view-data: 3.2911780700087547
