times:
  edit-metadata: 1.48394326120615
  landing: 0.9314980879426003
  view-data: 3.333455629646778
