times:
  edit-metadata: 1.4832295626401901
  landing: 0.7539497390389442
  view-data: 3.45756496489048
