times:
  edit-metadata: 2.0769281312823296
  landing: 1.1373014450073242
  view-data: 3.3178872540593147
