times:
  edit-metadata: 1.540343515574932
  landing: 0.7211342081427574
  view-data: 3.538356736302376
