times:
  edit-metadata: 1.4171163029968739
  landing: 0.743303969502449
  view-data: 3.263623647391796
