times:
  edit-metadata: 1.5037138536572456
  landing: 0.7728503718972206
  view-data: 3.4669185504317284
