times:
  edit-metadata: 1.446643091738224
  landing: 0.955816850066185
  view-data: 3.415797360241413
