times:
  edit-metadata: 1.4149915724992752
  landing: 0.8883607462048531
  view-data: 3.584285743534565
