times:
  edit-metadata: 1.5715800262987614
  landing: 0.9501429796218872
  view-data: 3.3424035646021366
