times:
  edit-metadata: 1.4471717365086079
  landing: 0.8833083361387253
  view-data: 3.319038476794958
