times:
  edit-metadata: 1.4452530667185783
  landing: 0.7111639827489853
  view-data: 3.5405880585312843
