times:
  edit-metadata: 1.4705165550112724
  landing: 0.8311706781387329
  view-data: 3.3382711485028267
