times:
  edit-metadata: 1.3685226663947105
  landing: 0.7035168707370758
  view-data: 3.533405788242817
