times:
  edit-metadata: 2.259455807507038
  landing: 1.2350109964609146
  view-data: 3.5698018223047256
