times:
  edit-metadata: 1.4356284588575363
  landing: 0.8156300485134125
  view-data: 3.4875974357128143
