times:
  edit-metadata: 1.4667232930660248
  landing: 0.7909130342304707
  view-data: 3.273901954293251
