times:
  edit-metadata: 2.030102975666523
  landing: 0.7860831320285797
  view-data: 3.285019636154175
