times:
  edit-metadata: 1.5139151252806187
  landing: 0.8184161297976971
  view-data: 3.348122164607048
