times:
  edit-metadata: 1.3548572435975075
  landing: 0.920786913484335
  view-data: 3.3174135014414787
