times:
  edit-metadata: 1.5155705139040947
  landing: 0.8229337856173515
  view-data: 3.4851448386907578
