times:
  edit-metadata: 1.4342273361980915
  landing: 0.8130420781672001
  view-data: 3.3740269914269447
