times:
  edit-metadata: 1.575033277273178
  landing: 0.9150761961936951
  view-data: 3.562475398182869
