times:
  edit-metadata: 1.4766188561916351
  landing: 1.021852269768715
  view-data: 3.56630826741457
