times:
  edit-metadata: 1.552605964243412
  landing: 0.7903189733624458
  view-data: 3.5294883623719215
