times:
  edit-metadata: 1.396163746714592
  landing: 0.8806030303239822
  view-data: 3.4578371942043304
