times:
  edit-metadata: 1.4463167078793049
  landing: 0.7834140956401825
  view-data: 3.529726020991802
