times:
  edit-metadata: 1.4020612388849258
  landing: 0.7598128914833069
  view-data: 3.385696090757847
