times:
  edit-metadata: 2.313824512064457
  landing: 1.4616858810186386
  view-data: 3.476454146206379
