times:
  edit-metadata: 1.8364508524537086
  landing: 0.8868084698915482
  view-data: 3.446962133049965
