times:
  edit-metadata: 1.4605919122695923
  landing: 0.9469007663428783
  view-data: 3.3192687891423702
