times:
  edit-metadata: 1.4536943808197975
  landing: 0.8365400284528732
  view-data: 3.357048612087965
