times:
  edit-metadata: 1.4714871160686016
  landing: 0.7638416849076748
  view-data: 3.264298941940069
