times:
  edit-metadata: 1.5278033912181854
  landing: 1.0430788919329643
  view-data: 3.4968412071466446
