times:
  edit-metadata: 1.4199330285191536
  landing: 0.8323181495070457
  view-data: 3.3988037034869194
