times:
  edit-metadata: 1.5334664732217789
  landing: 0.7838179171085358
  view-data: 3.52922610193491
