times:
  edit-metadata: 1.9728284627199173
  landing: 1.1302536651492119
  view-data: 3.772425949573517
