times:
  edit-metadata: 1.5012702830135822
  landing: 0.7692145816981792
  view-data: 3.2954000905156136
