times:
  edit-metadata: 1.5644144117832184
  landing: 0.7573625072836876
  view-data: 3.4613251984119415
