times:
  edit-metadata: 1.4902762845158577
  landing: 0.9196269288659096
  view-data: 3.484455145895481
