times:
  edit-metadata: 1.7987966388463974
  landing: 0.9999004676938057
  view-data: 3.338524278253317
