times:
  edit-metadata: 1.4131188988685608
  landing: 0.8235018253326416
  view-data: 3.449640028178692
