times:
  edit-metadata: 1.4216988198459148
  landing: 0.8207387328147888
  view-data: 3.406273566186428
