times:
  edit-metadata: 1.4546356946229935
  landing: 1.0064824521541595
  view-data: 3.282194383442402
