times:
  edit-metadata: 1.417172133922577
  landing: 0.7822621464729309
  view-data: 3.244607884436846
