times:
  edit-metadata: 1.58205908536911
  landing: 0.8381371200084686
  view-data: 3.583660863339901
