times:
  edit-metadata: 1.5585929229855537
  landing: 0.8891057670116425
  view-data: 3.334619838744402
