times:
  edit-metadata: 1.7081844620406628
  landing: 0.9340034052729607
  view-data: 3.2919871285557747
