times:
  edit-metadata: 1.49387738853693
  landing: 0.7778834328055382
  view-data: 3.524643987417221
