times:
  edit-metadata: 1.5467031300067902
  landing: 0.8604738414287567
  view-data: 3.5322394892573357
