times:
  edit-metadata: 1.5200577788054943
  landing: 0.96285555139184
  view-data: 3.3671358451247215
