times:
  edit-metadata: 1.3665849603712559
  landing: 0.7805461585521698
  view-data: 3.3482627607882023
