times:
  edit-metadata: 1.3880561962723732
  landing: 0.8575912639498711
  view-data: 3.5756385922431946
