times:
  edit-metadata: 1.9022612869739532
  landing: 1.4468753039836884
  view-data: 3.550657883286476
