times:
  edit-metadata: 1.4040270447731018
  landing: 0.8202163204550743
  view-data: 3.4781252071261406
