times:
  edit-metadata: 1.4778285175561905
  landing: 0.831853412091732
  view-data: 3.3335876762866974
