times:
  edit-metadata: 1.6428146660327911
  landing: 0.8967462331056595
  view-data: 3.310874417424202
