times:
  edit-metadata: 1.398739155381918
  landing: 0.8292741999030113
  view-data: 3.3025071546435356
