times:
  edit-metadata: 1.8560556471347809
  landing: 0.9374276250600815
  view-data: 3.459626577794552
