times:
  edit-metadata: 1.5244028121232986
  landing: 0.9249119460582733
  view-data: 3.4697645753622055
