times:
  edit-metadata: 1.460341066122055
  landing: 0.774224542081356
  view-data: 3.5847554430365562
