times:
  edit-metadata: 1.521117139607668
  landing: 0.7689745016396046
  view-data: 3.327636457979679
