times:
  edit-metadata: 1.4528223499655724
  landing: 0.7692773416638374
  view-data: 3.5615810230374336
