times:
  edit-metadata: 1.4900863245129585
  landing: 0.7785330414772034
  view-data: 3.3375506475567818
