times:
  edit-metadata: 1.5074823051691055
  landing: 0.8771768361330032
  view-data: 3.5191383063793182
