times:
  edit-metadata: 1.4394790530204773
  landing: 0.7613485604524612
  view-data: 3.5524737909436226
