times:
  edit-metadata: 1.3767390325665474
  landing: 0.7900029867887497
  view-data: 3.4789983108639717
