times:
  edit-metadata: 1.5117657482624054
  landing: 0.8653944879770279
  view-data: 3.4311563372612
