times:
  edit-metadata: 1.5687375217676163
  landing: 0.8319977819919586
  view-data: 3.520271711051464
