times:
  edit-metadata: 1.5215199664235115
  landing: 0.8720693327486515
  view-data: 3.308200716972351
