times:
  edit-metadata: 1.4615585133433342
  landing: 0.8315819278359413
  view-data: 3.5424390211701393
