times:
  edit-metadata: 1.5266486629843712
  landing: 0.772098533809185
  view-data: 3.267343647778034
