times:
  edit-metadata: 1.5831094160676003
  landing: 0.8853578269481659
  view-data: 3.558506242930889
