times:
  edit-metadata: 1.5059386231005192
  landing: 0.8816262148320675
  view-data: 3.307255145162344
