times:
  edit-metadata: 1.5269946195185184
  landing: 0.8738024011254311
  view-data: 3.37905727699399
