times:
  edit-metadata: 1.4697635248303413
  landing: 0.8298174887895584
  view-data: 3.4771242141723633
