times:
  edit-metadata: 1.4369763657450676
  landing: 0.782096765935421
  view-data: 3.424168713390827
