times:
  edit-metadata: 1.4843632727861404
  landing: 0.808429442346096
  view-data: 3.462537944316864
