times:
  edit-metadata: 1.4861332960426807
  landing: 1.1202674694359303
  view-data: 3.289866268634796
