times:
  edit-metadata: 1.4833922386169434
  landing: 0.8987165316939354
  view-data: 3.31987277418375
