times:
  edit-metadata: 1.5028944537043571
  landing: 0.741960234940052
  view-data: 3.60527390986681
