times:
  edit-metadata: 1.4384075663983822
  landing: 0.7693983800709248
  view-data: 3.360523097217083
