times:
  edit-metadata: 2.535942692309618
  landing: 1.5424948893487453
  view-data: 3.8968522287905216
