times:
  edit-metadata: 1.5698840022087097
  landing: 0.8886332288384438
  view-data: 3.3176611810922623
