times:
  edit-metadata: 1.4405123628675938
  landing: 0.9959100037813187
  view-data: 3.3332053907215595
