times:
  edit-metadata: 2.0570902973413467
  landing: 1.2645323500037193
  view-data: 3.346838839352131
