times:
  edit-metadata: 1.4645745605230331
  landing: 0.7835289016366005
  view-data: 3.386166177690029
