times:
  edit-metadata: 1.6272973418235779
  landing: 0.9553803168237209
  view-data: 3.318820506334305
