times:
  edit-metadata: 1.676907006651163
  landing: 0.8441037274897099
  view-data: 3.3391320444643497
