times:
  edit-metadata: 1.436329834163189
  landing: 0.7737633734941483
  view-data: 3.316228050738573
