times:
  edit-metadata: 1.4293992333114147
  landing: 0.7925327569246292
  view-data: 3.321025349199772
