times:
  edit-metadata: 1.5941776484251022
  landing: 0.9486415237188339
  view-data: 3.3717307448387146
