times:
  edit-metadata: 1.56311447173357
  landing: 0.7563240230083466
  view-data: 3.5685135200619698
