times:
  edit-metadata: 1.3921570107340813
  landing: 0.8167360238730907
  view-data: 3.357352092862129
