times:
  edit-metadata: 1.4462884068489075
  landing: 0.8593770414590836
  view-data: 3.3389244377613068
