times:
  edit-metadata: 1.4958429038524628
  landing: 0.8193216286599636
  view-data: 3.3663007505238056
