times:
  edit-metadata: 1.3371535912156105
  landing: 0.7897083461284637
  view-data: 3.490032561123371
