times:
  edit-metadata: 1.4670565277338028
  landing: 0.8764420039951801
  view-data: 3.290195070207119
