times:
  edit-metadata: 1.435806691646576
  landing: 0.8093079105019569
  view-data: 3.6114907935261726
