times:
  edit-metadata: 2.0181420296430588
  landing: 0.9108454808592796
  view-data: 3.63925863802433
