times:
  edit-metadata: 1.42700657248497
  landing: 0.8316893503069878
  view-data: 3.3335302248597145
