times:
  edit-metadata: 1.731887198984623
  landing: 0.8730024322867393
  view-data: 3.5863416343927383
