times:
  edit-metadata: 1.5325188413262367
  landing: 0.8904405385255814
  view-data: 3.5711916089057922
