times:
  edit-metadata: 1.7948745004832745
  landing: 1.0388739444315434
  view-data: 3.364930596202612
