times:
  edit-metadata: 1.7120326310396194
  landing: 0.9012369140982628
  view-data: 3.442648570984602
