times:
  edit-metadata: 1.5356600061058998
  landing: 0.7238003090023994
  view-data: 3.5638437271118164
