times:
  edit-metadata: 1.439301811158657
  landing: 0.7382091358304024
  view-data: 3.3771449998021126
