times:
  edit-metadata: 1.4632637947797775
  landing: 0.7230605036020279
  view-data: 3.3224735856056213
