times:
  edit-metadata: 1.4912380278110504
  landing: 0.8300801068544388
  view-data: 3.3819455727934837
