times:
  edit-metadata: 1.5395057126879692
  landing: 0.8569614328444004
  view-data: 3.308619372546673
