times:
  edit-metadata: 1.477116398513317
  landing: 0.8211202509701252
  view-data: 3.3190218955278397
