times:
  edit-metadata: 1.4427971541881561
  landing: 0.7530158311128616
  view-data: 3.480672776699066
