times:
  edit-metadata: 1.473533108830452
  landing: 0.7770217508077621
  view-data: 3.4883329644799232
