times:
  edit-metadata: 1.4957397729158401
  landing: 0.8657157868146896
  view-data: 3.546300031244755
