times:
  edit-metadata: 1.4466565623879433
  landing: 0.7237578853964806
  view-data: 3.563970759510994
