times:
  edit-metadata: 1.556244783103466
  landing: 0.8024628348648548
  view-data: 3.271980557590723
