times:
  edit-metadata: 1.3634323924779892
  landing: 0.7821542769670486
  view-data: 3.458591230213642
