times:
  edit-metadata: 1.4409723617136478
  landing: 0.9385383203625679
  view-data: 3.3078800588846207
