times:
  edit-metadata: 1.405907467007637
  landing: 0.7538211643695831
  view-data: 3.5277886390686035
