times:
  edit-metadata: 1.4188370406627655
  landing: 0.8073873743414879
  view-data: 3.5232483819127083
