times:
  edit-metadata: 1.4164306670427322
  landing: 0.7946783602237701
  view-data: 3.5717280507087708
