times:
  edit-metadata: 1.4627490565180779
  landing: 0.9609095752239227
  view-data: 3.2782315760850906
