times:
  edit-metadata: 1.4206481948494911
  landing: 0.7889731824398041
  view-data: 3.284160427749157
