times:
  edit-metadata: 1.3969694525003433
  landing: 0.7803442105650902
  view-data: 3.4642732739448547
