times:
  edit-metadata: 1.8480868972837925
  landing: 0.9504883736371994
  view-data: 3.32981713488698
