times:
  edit-metadata: 1.424424171447754
  landing: 0.7715635299682617
  view-data: 3.318944476544857
