times:
  edit-metadata: 2.1706994883716106
  landing: 1.4044496156275272
  view-data: 3.55770193785429
