times:
  edit-metadata: 1.3670585416257381
  landing: 0.8144618719816208
  view-data: 3.3092718347907066
