times:
  edit-metadata: 1.5978415496647358
  landing: 0.9010666571557522
  view-data: 3.2926971055567265
