times:
  edit-metadata: 1.3917775005102158
  landing: 0.7181499376893044
  view-data: 3.41574327647686
