times:
  edit-metadata: 1.5155304670333862
  landing: 0.8140454962849617
  view-data: 3.3737517967820168
