times:
  edit-metadata: 1.6354333199560642
  landing: 0.7694059945642948
  view-data: 3.2791250832378864
