times:
  edit-metadata: 1.397750087082386
  landing: 0.7959137931466103
  view-data: 3.3728320747613907
