times:
  edit-metadata: 1.5033696666359901
  landing: 0.8523115441203117
  view-data: 3.4841464683413506
