times:
  edit-metadata: 1.410800576210022
  landing: 0.8149583786725998
  view-data: 3.4024863243103027
