times:
  edit-metadata: 1.9922234937548637
  landing: 1.3527159467339516
  view-data: 3.5841818898916245
