times:
  edit-metadata: 1.7502543181180954
  landing: 0.7531871274113655
  view-data: 3.3341210335493088
