times:
  edit-metadata: 1.4902487322688103
  landing: 0.8024448677897453
  view-data: 3.3222339153289795
