times:
  edit-metadata: 1.508419580757618
  landing: 0.7765859067440033
  view-data: 3.499525897204876
