times:
  edit-metadata: 1.5628551244735718
  landing: 0.8352243304252625
  view-data: 3.5287415087223053
