times:
  edit-metadata: 1.5215056240558624
  landing: 0.786854200065136
  view-data: 3.418647952377796
