times:
  edit-metadata: 1.3998680636286736
  landing: 0.7145206108689308
  view-data: 3.477120980620384
