times:
  edit-metadata: 1.3805049434304237
  landing: 0.8319777511060238
  view-data: 3.327386535704136
