times:
  edit-metadata: 1.7540298774838448
  landing: 0.815477728843689
  view-data: 3.4908769875764847
