times:
  edit-metadata: 1.444431021809578
  landing: 1.077418975532055
  view-data: 3.3911296725273132
