times:
  edit-metadata: 1.505480706691742
  landing: 0.8124002888798714
  view-data: 3.309429779648781
