times:
  edit-metadata: 1.49592687189579
  landing: 0.8758471086621284
  view-data: 3.321747239679098
