times:
  edit-metadata: 1.4066201150417328
  landing: 0.7750451788306236
  view-data: 3.3923769146203995
