times:
  edit-metadata: 1.4568244144320488
  landing: 0.7324162349104881
  view-data: 3.501924730837345
