times:
  edit-metadata: 1.5139404460787773
  landing: 0.796246349811554
  view-data: 3.56410663574934
