times:
  edit-metadata: 1.3873884417116642
  landing: 0.8121928349137306
  view-data: 3.320381984114647
