times:
  edit-metadata: 1.339989334344864
  landing: 0.8086244836449623
  view-data: 3.4576408937573433
