times:
  edit-metadata: 1.4101112931966782
  landing: 0.7482204437255859
  view-data: 3.276056408882141
