times:
  edit-metadata: 1.4700644314289093
  landing: 0.755400076508522
  view-data: 3.5801932513713837
