times:
  edit-metadata: 1.4352318868041039
  landing: 0.7442562505602837
  view-data: 3.3548461012542248
