times:
  edit-metadata: 1.5642381310462952
  landing: 0.8736449256539345
  view-data: 3.5760733857750893
