times:
  edit-metadata: 1.3189331889152527
  landing: 0.7535426244139671
  view-data: 3.509705990552902
