times:
  edit-metadata: 1.4409493505954742
  landing: 0.8291201516985893
  view-data: 3.5083580017089844
