times:
  edit-metadata: 2.0545475259423256
  landing: 1.0792738385498524
  view-data: 3.3814381398260593
