times:
  edit-metadata: 1.436381459236145
  landing: 0.8096107579767704
  view-data: 3.297653168439865
