times:
  edit-metadata: 1.5592853985726833
  landing: 0.8251334652304649
  view-data: 3.3104609698057175
