times:
  edit-metadata: 1.6519381180405617
  landing: 0.9008160121738911
  view-data: 3.3504691645503044
