times:
  edit-metadata: 1.3822400495409966
  landing: 0.8157909289002419
  view-data: 3.346907127648592
