times:
  edit-metadata: 1.5449992641806602
  landing: 0.7770545333623886
  view-data: 3.4445135295391083
