times:
  edit-metadata: 1.9003763385117054
  landing: 1.5558268763124943
  view-data: 3.5367721915245056
