times:
  edit-metadata: 1.7205678522586823
  landing: 0.8163262717425823
  view-data: 3.306017614901066
