times:
  edit-metadata: 2.6875578686594963
  landing: 1.2176847979426384
  view-data: 3.350108377635479
