times:
  edit-metadata: 1.3713435754179955
  landing: 0.8625523075461388
  view-data: 3.474002033472061
