times:
  edit-metadata: 1.4718017652630806
  landing: 0.8179181441664696
  view-data: 3.3549450412392616
