times:
  edit-metadata: 1.460587427020073
  landing: 0.7645929530262947
  view-data: 3.513624384999275
