times:
  edit-metadata: 1.5371006093919277
  landing: 1.0244091115891933
  view-data: 3.3669285215437412
