times:
  edit-metadata: 1.4706017673015594
  landing: 0.8463700488209724
  view-data: 3.5365188121795654
