times:
  edit-metadata: 1.5015851855278015
  landing: 0.8048377931118011
  view-data: 3.476652644574642
