times:
  edit-metadata: 2.6983559876680374
  landing: 1.240819975733757
  view-data: 3.610957808792591
