times:
  edit-metadata: 1.4747586846351624
  landing: 0.7709147408604622
  view-data: 3.3667757511138916
