times:
  edit-metadata: 1.347123384475708
  landing: 0.8874357417225838
  view-data: 3.5130553916096687
