times:
  edit-metadata: 1.4517692625522614
  landing: 0.8131571114063263
  view-data: 3.5554256588220596
