times:
  edit-metadata: 1.4797372929751873
  landing: 1.0207081884145737
  view-data: 3.2834015488624573
