times:
  edit-metadata: 1.546362355351448
  landing: 0.8012484237551689
  view-data: 3.4882509112358093
