times:
  edit-metadata: 1.3872842639684677
  landing: 0.8333511166274548
  view-data: 3.3142719604074955
