times:
  edit-metadata: 1.3962541446089745
  landing: 0.836064275354147
  view-data: 3.2977222613990307
