times:
  edit-metadata: 1.6232769675552845
  landing: 1.0286765955388546
  view-data: 3.336659148335457
