times:
  edit-metadata: 1.3844867870211601
  landing: 0.7691541090607643
  view-data: 3.3961443305015564
