times:
  edit-metadata: 1.4227610640227795
  landing: 0.9006017819046974
  view-data: 3.324481051415205
