times:
  edit-metadata: 1.611609198153019
  landing: 0.7954924032092094
  view-data: 3.3152061700820923
