times:
  edit-metadata: 1.3610999584197998
  landing: 0.8290179148316383
  view-data: 3.295473176985979
