times:
  edit-metadata: 2.0650443881750107
  landing: 1.3422301933169365
  view-data: 3.604278638958931
