times:
  edit-metadata: 1.506897933781147
  landing: 0.9198339506983757
  view-data: 3.310629416257143
