times:
  edit-metadata: 1.5004622861742973
  landing: 0.8029373213648796
  view-data: 3.546969957649708
