times:
  edit-metadata: 2.0214576050639153
  landing: 1.1012194976210594
  view-data: 3.354119248688221
