times:
  edit-metadata: 1.597397405654192
  landing: 0.8351634070277214
  view-data: 3.3982565961778164
