times:
  edit-metadata: 1.4095292016863823
  landing: 0.741749569773674
  view-data: 3.489183194935322
