times:
  edit-metadata: 1.424575474113226
  landing: 0.8142865039408207
  view-data: 3.323180839419365
