times:
  edit-metadata: 1.3923257812857628
  landing: 0.7721623778343201
  view-data: 3.5290055871009827
