times:
  edit-metadata: 1.471951238811016
  landing: 0.8521121367812157
  view-data: 3.4431875348091125
