times:
  edit-metadata: 1.4356531202793121
  landing: 0.8244957514107227
  view-data: 3.3289178647100925
