times:
  edit-metadata: 1.422232262790203
  landing: 0.8339720591902733
  view-data: 3.672929495573044
