times:
  edit-metadata: 1.4047803804278374
  landing: 0.7638038396835327
  view-data: 3.3993044570088387
