times:
  edit-metadata: 1.4265597984194756
  landing: 0.8545631803572178
  view-data: 3.32283241674304
