times:
  edit-metadata: 2.1993868201971054
  landing: 1.0765426494181156
  view-data: 3.394509058445692
