times:
  edit-metadata: 1.4270048439502716
  landing: 0.7807806730270386
  view-data: 3.4922184348106384
