times:
  edit-metadata: 1.4670825153589249
  landing: 0.7614558860659599
  view-data: 3.643603526055813
