times:
  edit-metadata: 1.698034979403019
  landing: 0.9435324370861053
  view-data: 3.2919853031635284
