times:
  edit-metadata: 1.4894957803189754
  landing: 0.8670262023806572
  view-data: 3.2708133533596992
