times:
  edit-metadata: 1.4977771453559399
  landing: 0.8920050039887428
  view-data: 3.268465455621481
