times:
  edit-metadata: 1.5057118460536003
  landing: 0.8674587644636631
  view-data: 3.351887349039316
