times:
  edit-metadata: 3.014253407716751
  landing: 1.6907214969396591
  view-data: 4.267530649900436
