times:
  edit-metadata: 1.6294261738657951
  landing: 1.0057301819324493
  view-data: 3.7490799352526665
