times:
  edit-metadata: 1.4395595528185368
  landing: 0.8432650677859783
  view-data: 3.4229325354099274
