times:
  edit-metadata: 2.2582014314830303
  landing: 1.480675119906664
  view-data: 3.5154328495264053
