times:
  edit-metadata: 1.4577461555600166
  landing: 0.8846842125058174
  view-data: 3.502216063439846
