times:
  edit-metadata: 1.5245320945978165
  landing: 0.9113103002309799
  view-data: 3.351453199982643
