times:
  edit-metadata: 1.390805121511221
  landing: 0.8786147125065327
  view-data: 3.266463842242956
