times:
  edit-metadata: 1.452912911772728
  landing: 0.8059706911444664
  view-data: 3.474741041660309
