times:
  edit-metadata: 1.397119328379631
  landing: 0.8063075542449951
  view-data: 3.3469742834568024
