times:
  edit-metadata: 4.129721015691757
  landing: 2.3363355696201324
  view-data: 4.029094941914082
