times:
  edit-metadata: 1.4138068705797195
  landing: 0.7211738601326942
  view-data: 3.435150071978569
