times:
  edit-metadata: 1.4505145251750946
  landing: 1.0242936834692955
  view-data: 3.3013735972344875
