times:
  edit-metadata: 1.540077917277813
  landing: 0.7651374414563179
  view-data: 3.4877573400735855
