times:
  edit-metadata: 1.4908630102872849
  landing: 0.7511381879448891
  view-data: 3.560209631919861
