times:
  edit-metadata: 1.3804583847522736
  landing: 0.8062076792120934
  view-data: 3.2654475197196007
