times:
  edit-metadata: 1.5596385300159454
  landing: 0.9905254244804382
  view-data: 3.5946487113833427
