times:
  edit-metadata: 1.4970744997262955
  landing: 0.7245603054761887
  view-data: 3.455178774893284
