times:
  edit-metadata: 1.4090622812509537
  landing: 0.7601436376571655
  view-data: 3.4551280811429024
