times:
  edit-metadata: 1.6125732064247131
  landing: 0.8551970720291138
  view-data: 3.291150741279125
