times:
  edit-metadata: 1.4584547579288483
  landing: 0.7362428456544876
  view-data: 3.518874391913414
