times:
  edit-metadata: 1.480105921626091
  landing: 0.884755477309227
  view-data: 3.308134950697422
