times:
  edit-metadata: 1.8928156085312366
  landing: 1.3211576454341412
  view-data: 3.356014873832464
