times:
  edit-metadata: 1.385693732649088
  landing: 0.8565303906798363
  view-data: 3.311059545725584
