times:
  edit-metadata: 1.413857389241457
  landing: 0.8139438889920712
  view-data: 3.28629382699728
