times:
  edit-metadata: 1.4752196073532104
  landing: 0.7931665107607841
  view-data: 3.526493564248085
