times:
  edit-metadata: 1.6919821351766586
  landing: 1.10873431712389
  view-data: 3.4835271164774895
