times:
  edit-metadata: 1.4313931316137314
  landing: 0.7736153453588486
  view-data: 3.4768182188272476
