times:
  edit-metadata: 1.4324422478675842
  landing: 0.8333713561296463
  view-data: 3.553835414350033
