times:
  edit-metadata: 1.580533318221569
  landing: 0.8650768846273422
  view-data: 3.3264920711517334
