times:
  edit-metadata: 1.502360723912716
  landing: 0.799349382519722
  view-data: 3.5580261200666428
