times:
  edit-metadata: 1.4402475506067276
  landing: 0.8003202900290489
  view-data: 3.3139874041080475
