times:
  edit-metadata: 1.6545380130410194
  landing: 0.8198834136128426
  view-data: 3.4062824323773384
