times:
  edit-metadata: 1.4112812653183937
  landing: 0.7971050664782524
  view-data: 3.250601001083851
