times:
  edit-metadata: 1.3591709583997726
  landing: 0.7500949203968048
  view-data: 3.338071260601282
