times:
  edit-metadata: 1.3920749425888062
  landing: 0.7809876501560211
  view-data: 3.3100921362638474
