times:
  edit-metadata: 1.4306836873292923
  landing: 0.7947274446487427
  view-data: 3.503940761089325
