times:
  edit-metadata: 1.4160593003034592
  landing: 0.8212259113788605
  view-data: 3.4817787185311317
