times:
  edit-metadata: 1.4534261748194695
  landing: 0.7848052382469177
  view-data: 3.548791326582432
