times:
  edit-metadata: 1.4786188006401062
  landing: 0.784618929028511
  view-data: 3.341072991490364
