times:
  edit-metadata: 1.4259938076138496
  landing: 0.8083397597074509
  view-data: 3.54006265103817
