times:
  edit-metadata: 1.5309044644236565
  landing: 0.7575414851307869
  view-data: 3.510483108460903
