times:
  edit-metadata: 1.3721985444426537
  landing: 0.7609616816043854
  view-data: 3.453686498105526
