times:
  edit-metadata: 1.4116255939006805
  landing: 0.9396399557590485
  view-data: 3.4349775686860085
