times:
  edit-metadata: 1.5837003886699677
  landing: 0.8333237245678902
  view-data: 3.5019215419888496
