times:
  edit-metadata: 1.4953982383012772
  landing: 0.8377400189638138
  view-data: 3.3784674555063248
