times:
  edit-metadata: 1.4581583328545094
  landing: 0.8530196622014046
  view-data: 3.341306984424591
