times:
  edit-metadata: 1.4990450888872147
  landing: 0.7396676018834114
  view-data: 3.526850238442421
