times:
  edit-metadata: 2.012052871286869
  landing: 1.151296317577362
  view-data: 3.477368377149105
