times:
  edit-metadata: 1.5084577351808548
  landing: 0.80274897813797
  view-data: 3.3090386986732483
