times:
  edit-metadata: 1.4366600289940834
  landing: 0.7540960907936096
  view-data: 3.506667695939541
