times:
  edit-metadata: 1.4538635909557343
  landing: 0.956837423145771
  view-data: 3.3655090034008026
