times:
  edit-metadata: 1.3879927322268486
  landing: 0.7793589308857918
  view-data: 3.4224973022937775
