times:
  edit-metadata: 1.4683533571660519
  landing: 0.8158585950732231
  view-data: 3.297643553465605
