times:
  edit-metadata: 1.5145186334848404
  landing: 0.9482235908508301
  view-data: 3.349399521946907
