times:
  edit-metadata: 1.366613108664751
  landing: 0.8389417715370655
  view-data: 3.3609867729246616
