times:
  edit-metadata: 1.6610162481665611
  landing: 0.916331097483635
  view-data: 3.348043128848076
