times:
  edit-metadata: 1.4629452601075172
  landing: 0.8989787995815277
  view-data: 3.426249872893095
