times:
  edit-metadata: 1.6594089344143867
  landing: 1.161525472998619
  view-data: 3.701841101050377
