times:
  edit-metadata: 1.4992089346051216
  landing: 0.8160506263375282
  view-data: 3.268395908176899
