times:
  edit-metadata: 1.5707231909036636
  landing: 0.8639339655637741
  view-data: 3.3196442760527134
