times:
  edit-metadata: 1.5520507246255875
  landing: 0.885941781103611
  view-data: 3.5209337025880814
