times:
  edit-metadata: 1.550270289182663
  landing: 1.0308481007814407
  view-data: 3.313227817416191
