times:
  edit-metadata: 1.3563513681292534
  landing: 0.7185055762529373
  view-data: 3.3740274310112
