times:
  edit-metadata: 1.3953400701284409
  landing: 0.7033650800585747
  view-data: 3.4835393503308296
