times:
  edit-metadata: 1.416181817650795
  landing: 0.8052476644515991
  view-data: 3.4525898322463036
