times:
  edit-metadata: 1.7656121626496315
  landing: 0.9812116250395775
  view-data: 3.3538208454847336
