times:
  edit-metadata: 2.9202870056033134
  landing: 0.731143556535244
  view-data: 3.2580104991793633
