times:
  edit-metadata: 1.4265803098678589
  landing: 0.757358230650425
  view-data: 3.426306925714016
