times:
  edit-metadata: 1.3970510810613632
  landing: 0.7447739914059639
  view-data: 3.348992735147476
