times:
  edit-metadata: 1.4414551183581352
  landing: 0.7797348499298096
  view-data: 3.4682390689849854
