times:
  edit-metadata: 1.444057673215866
  landing: 0.8226760625839233
  view-data: 3.5221526250243187
