times:
  edit-metadata: 1.468547984957695
  landing: 0.710659071803093
  view-data: 3.3317617028951645
