times:
  edit-metadata: 1.426474153995514
  landing: 0.769398145377636
  view-data: 3.5057664662599564
