times:
  edit-metadata: 1.469822883605957
  landing: 0.7559943348169327
  view-data: 3.3872053995728493
