times:
  edit-metadata: 1.487453617155552
  landing: 0.9577810242772102
  view-data: 3.497877962887287
