times:
  edit-metadata: 1.5820616260170937
  landing: 0.872858315706253
  view-data: 3.5448714941740036
