times:
  edit-metadata: 1.5927509143948555
  landing: 0.8078333213925362
  view-data: 3.5147114992141724
