times:
  edit-metadata: 1.401421144604683
  landing: 0.7512981072068214
  view-data: 3.4134343042969704
