times:
  edit-metadata: 1.3221771642565727
  landing: 0.8126584589481354
  view-data: 3.3765177130699158
