times:
  edit-metadata: 1.4200983047485352
  landing: 0.7287367954850197
  view-data: 3.593210756778717
