times:
  edit-metadata: 1.3828590586781502
  landing: 0.8814349696040154
  view-data: 3.492326959967613
