times:
  edit-metadata: 1.452316902577877
  landing: 0.7675700411200523
  view-data: 3.380806654691696
