times:
  edit-metadata: 1.3686667755246162
  landing: 0.7872747629880905
  view-data: 3.3871462121605873
