times:
  edit-metadata: 1.5152844488620758
  landing: 0.7848594859242439
  view-data: 3.490231990814209
