times:
  edit-metadata: 1.4642697423696518
  landing: 0.8231443241238594
  view-data: 3.50982429087162
