times:
  edit-metadata: 1.4195903316140175
  landing: 0.7808976322412491
  view-data: 3.4731279462575912
