times:
  edit-metadata: 1.5283848568797112
  landing: 0.7857168614864349
  view-data: 3.3033361583948135
