times:
  edit-metadata: 1.6978242471814156
  landing: 1.2457835003733635
  view-data: 3.4764296412467957
