times:
  edit-metadata: 1.4379558563232422
  landing: 0.8121323212981224
  view-data: 3.5371191054582596
