times:
  edit-metadata: 1.3989610224962234
  landing: 0.7847758829593658
  view-data: 3.3177764117717743
