times:
  edit-metadata: 1.348916731774807
  landing: 0.7810666263103485
  view-data: 3.3825209364295006
