times:
  edit-metadata: 1.6871697679162025
  landing: 0.8108990043401718
  view-data: 3.5210372507572174
