times:
  edit-metadata: 1.3090068325400352
  landing: 0.7345298081636429
  view-data: 3.450414352118969
