times:
  edit-metadata: 1.3832824751734734
  landing: 0.8583166003227234
  view-data: 3.443982668220997
