times:
  edit-metadata: 1.4875058010220528
  landing: 0.7596980556845665
  view-data: 3.537735804915428
