times:
  edit-metadata: 1.4665680080652237
  landing: 0.7429366260766983
  view-data: 3.492224395275116
