times:
  edit-metadata: 1.4401968494057655
  landing: 0.8518960326910019
  view-data: 3.520393818616867
