times:
  edit-metadata: 1.4698530808091164
  landing: 0.7352621406316757
  view-data: 3.339179441332817
