times:
  edit-metadata: 1.402066096663475
  landing: 0.7979737669229507
  view-data: 3.3083144649863243
