times:
  edit-metadata: 1.4496457055211067
  landing: 0.8505480661988258
  view-data: 3.529644511640072
