times:
  edit-metadata: 1.4428072944283485
  landing: 0.7544821724295616
  view-data: 3.286764934659004
