times:
  edit-metadata: 1.5718356892466545
  landing: 0.8379742130637169
  view-data: 3.6014761477708817
