times:
  edit-metadata: 1.4584478065371513
  landing: 0.7578473165631294
  view-data: 0.6749332919716835
