times:
  edit-metadata: 1.4883290380239487
  landing: 0.7807970196008682
  view-data: 3.280900575220585
