times:
  edit-metadata: 1.338548183441162
  landing: 0.8046416565775871
  view-data: 3.4947645515203476
