times:
  edit-metadata: 1.4083779826760292
  landing: 0.7705791518092155
  view-data: 3.4724047034978867
