times:
  edit-metadata: 1.3530209586024284
  landing: 0.7200537994503975
  view-data: 3.439418099820614
