times:
  edit-metadata: 1.4436656758189201
  landing: 0.8221447393298149
  view-data: 3.4444300830364227
