times:
  edit-metadata: 1.3884581178426743
  landing: 0.7170538455247879
  view-data: 3.4145650193095207
