times:
  edit-metadata: 1.3531332463026047
  landing: 0.7669465020298958
  view-data: 3.5998537465929985
