times:
  edit-metadata: 1.3871560022234917
  landing: 0.6897420734167099
  view-data: 3.2877718582749367
