times:
  edit-metadata: 2.0487350523471832
  landing: 1.3040607869625092
  view-data: 3.5277012661099434
