times:
  edit-metadata: 1.415175385773182
  landing: 0.78297308832407
  view-data: 3.326998069882393
