times:
  edit-metadata: 1.370237484574318
  landing: 0.9208408817648888
  view-data: 3.5179622173309326
