times:
  edit-metadata: 1.5908740311861038
  landing: 0.7626083567738533
  view-data: 3.3797111585736275
