times:
  edit-metadata: 1.3883702382445335
  landing: 0.7990479022264481
  view-data: 3.3297911509871483
