times:
  edit-metadata: 1.5459644496440887
  landing: 0.7832265123724937
  view-data: 3.370625503361225
