times:
  edit-metadata: 1.764717921614647
  landing: 0.8487474545836449
  view-data: 3.389715686440468
