times:
  edit-metadata: 1.4030401036143303
  landing: 0.7436867132782936
  view-data: 3.506104439496994
