times:
  edit-metadata: 1.4919198527932167
  landing: 0.9047491922974586
  view-data: 3.354497507214546
