times:
  edit-metadata: 1.5036113262176514
  landing: 0.72698824852705
  view-data: 3.5117851719260216
