times:
  edit-metadata: 1.40139589458704
  landing: 0.8207906559109688
  view-data: 3.4703627824783325
