times:
  edit-metadata: 1.4319177642464638
  landing: 0.7285656929016113
  view-data: 3.422095589339733
