times:
  edit-metadata: 1.476506918668747
  landing: 0.9778562933206558
  view-data: 3.486517310142517
