times:
  edit-metadata: 1.4015094488859177
  landing: 0.8759975135326385
  view-data: 3.4463615268468857
