times:
  edit-metadata: 1.5181152746081352
  landing: 0.813753217458725
  view-data: 3.3024600371718407
