times:
  edit-metadata: 1.5621015951037407
  landing: 0.784754753112793
  view-data: 3.4868767634034157
