times:
  edit-metadata: 1.3723559007048607
  landing: 1.0225787684321404
  view-data: 3.432979591190815
