times:
  edit-metadata: 1.6621915623545647
  landing: 0.8606833145022392
  view-data: 3.345594234764576
