times:
  edit-metadata: 1.4844533652067184
  landing: 0.7969928830862045
  view-data: 3.494325578212738
