times:
  edit-metadata: 1.3783598989248276
  landing: 0.739713616669178
  view-data: 3.420343942940235
