times:
  edit-metadata: 1.3744812160730362
  landing: 0.842496357858181
  view-data: 3.445677377283573
