times:
  edit-metadata: 1.6741078197956085
  landing: 1.0396498888731003
  view-data: 3.4627491533756256
