times:
  edit-metadata: 1.517069086432457
  landing: 0.7428475767374039
  view-data: 3.382866069674492
