times:
  edit-metadata: 1.3157425373792648
  landing: 0.7277692705392838
  view-data: 3.477255158126354
