times:
  edit-metadata: 4.53413425385952
  landing: 2.685474671423435
  view-data: 3.713180311024189
