times:
  edit-metadata: 1.520977459847927
  landing: 0.802855595946312
  view-data: 3.432880125939846
