times:
  edit-metadata: 1.375422827899456
  landing: 0.8261251598596573
  view-data: 3.4446834102272987
