times:
  edit-metadata: 1.4950780272483826
  landing: 1.0240416377782822
  view-data: 3.37551811337471
