times:
  edit-metadata: 1.4433150589466095
  landing: 0.8044020533561707
  view-data: 3.527714118361473
