times:
  edit-metadata: 1.4129692539572716
  landing: 0.7999015897512436
  view-data: 0.5482125133275986
