times:
  edit-metadata: 1.4812817722558975
  landing: 0.7349893972277641
  view-data: 3.4773920625448227
