times:
  edit-metadata: 1.6138072088360786
  landing: 0.9469049721956253
  view-data: 3.340666711330414
