times:
  edit-metadata: 1.4154167771339417
  landing: 0.8146895095705986
  view-data: 3.314608968794346
