times:
  edit-metadata: 1.388827107846737
  landing: 0.7211241722106934
  view-data: 3.3425466418266296
