times:
  edit-metadata: 1.355091579258442
  landing: 0.7194304391741753
  view-data: 3.386785812675953
