times:
  edit-metadata: 1.4082280173897743
  landing: 0.7004283517599106
  view-data: 3.548583500087261
