times:
  edit-metadata: 1.3917732015252113
  landing: 0.7143605649471283
  view-data: 3.5294992923736572
