times:
  edit-metadata: 1.4680891036987305
  landing: 0.799403078854084
  view-data: 3.445678688585758
