times:
  edit-metadata: 2.2817148864269257
  landing: 1.349257081747055
  view-data: 3.75266669690609
