times:
  edit-metadata: 1.4794977977871895
  landing: 0.870290644466877
  view-data: 3.293090559542179
