times:
  edit-metadata: 1.3578363060951233
  landing: 0.7536525204777718
  view-data: 3.600809745490551
