times:
  edit-metadata: 2.1051371172070503
  landing: 1.2106333747506142
  view-data: 3.6728169471025467
