times:
  edit-metadata: 1.493724636733532
  landing: 0.8078943341970444
  view-data: 3.5286682173609734
