times:
  edit-metadata: 1.5132902935147285
  landing: 0.8881907388567924
  view-data: 3.503273479640484
