times:
  edit-metadata: 1.405296839773655
  landing: 0.8333060443401337
  view-data: 3.3797881081700325
