times:
  edit-metadata: 1.3561636880040169
  landing: 0.7663792744278908
  view-data: 3.295318156480789
