times:
  edit-metadata: 1.4427756369113922
  landing: 0.6903376430273056
  view-data: 3.4458456337451935
