times:
  edit-metadata: 1.5639629811048508
  landing: 0.7042822539806366
  view-data: 3.3730447217822075
