times:
  edit-metadata: 1.330892227590084
  landing: 0.7266092970967293
  view-data: 3.473889760673046
