times:
  edit-metadata: 1.4393064826726913
  landing: 0.7326742708683014
  view-data: 3.5168063938617706
