times:
  edit-metadata: 2.0857313200831413
  landing: 1.6296432167291641
  view-data: 3.5883210077881813
