times:
  edit-metadata: 1.3080500029027462
  landing: 0.6717821583151817
  view-data: 3.3278754353523254
