times:
  edit-metadata: 2.1682846806943417
  landing: 1.5955934450030327
  view-data: 3.840350352227688
