times:
  edit-metadata: 1.7434357553720474
  landing: 0.9498790092766285
  view-data: 3.3943449407815933
