times:
  edit-metadata: 1.3675914481282234
  landing: 0.9143864288926125
  view-data: 3.346444793045521
