times:
  edit-metadata: 1.5356773007661104
  landing: 0.8281241022050381
  view-data: 0.6394342444837093
