times:
  edit-metadata: 1.400068562477827
  landing: 0.6308249644935131
  view-data: 3.294492956250906
