times:
  edit-metadata: 1.3705234862864017
  landing: 0.9154210351407528
  view-data: 3.310779895633459
