times:
  edit-metadata: 1.4193416684865952
  landing: 0.8523186817765236
  view-data: 3.3247595727443695
