times:
  edit-metadata: 1.9977828860282898
  landing: 1.11422635987401
  view-data: 3.571298312395811
