times:
  edit-metadata: 1.5300508365035057
  landing: 0.7234553210437298
  view-data: 3.3989703692495823
