times:
  edit-metadata: 1.538545910269022
  landing: 0.8404449671506882
  view-data: 3.4113525860011578
