times:
  edit-metadata: 1.6141068786382675
  landing: 1.2142412513494492
  view-data: 3.4583637677133083
