times:
  edit-metadata: 1.5665354505181313
  landing: 0.7741412408649921
  view-data: 3.380445249378681
