times:
  edit-metadata: 1.5107203051447868
  landing: 0.7400347515940666
  view-data: 3.3511741645634174
