times:
  edit-metadata: 1.5488061923533678
  landing: 0.770270062610507
  view-data: 3.423742474988103
