times:
  edit-metadata: 1.4947867132723331
  landing: 0.7525217663496733
  view-data: 3.4100886415690184
