times:
  edit-metadata: 1.5151635594666004
  landing: 0.81098997220397
  view-data: 3.408204138278961
