times:
  edit-metadata: 1.4416185058653355
  landing: 0.9157350622117519
  view-data: 3.3949096985161304
