times:
  edit-metadata: 1.474637195467949
  landing: 0.6578610725700855
  view-data: 3.329464588314295
