times:
  edit-metadata: 1.4800349734723568
  landing: 0.8655913211405277
  view-data: 3.469964772462845
