times:
  edit-metadata: 1.3925021477043629
  landing: 0.8928894437849522
  view-data: 3.356577131897211
