times:
  edit-metadata: 1.4528893865644932
  landing: 0.9364282414317131
  view-data: 3.3917463943362236
