times:
  edit-metadata: 1.3873748145997524
  landing: 0.8618297129869461
  view-data: 3.3545415364205837
