times:
  edit-metadata: 1.2743924744427204
  landing: 1.0066795609891415
  view-data: 3.4103089347481728
