times:
  edit-metadata: 1.3817580305039883
  landing: 0.8611802794039249
  view-data: 3.366196356713772
