times:
  edit-metadata: 1.7505647912621498
  landing: 1.0638998970389366
  view-data: 3.383413217961788
