times:
  edit-metadata: 1.3818890005350113
  landing: 0.9444643706083298
  view-data: 3.3671720661222935
