times:
  edit-metadata: 1.5499920547008514
  landing: 0.7843372337520123
  view-data: 3.446722723543644
