times:
  edit-metadata: 1.5093424879014492
  landing: 0.7820112761110067
  view-data: 3.4321328941732645
