times:
  edit-metadata: 2.2389762699604034
  landing: 1.0084360428154469
  view-data: 3.404275067150593
