times:
  edit-metadata: 1.4909569174051285
  landing: 0.8070545047521591
  view-data: 3.400525502860546
