times:
  edit-metadata: 1.3871637806296349
  landing: 0.913082804530859
  view-data: 3.3351178094744682
