times:
  edit-metadata: 1.5583731569349766
  landing: 0.9933965466916561
  view-data: 3.4726371616125107
