times:
  edit-metadata: 1.309404794126749
  landing: 0.9943110421299934
  view-data: 3.527136340737343
