times:
  edit-metadata: 1.493975143879652
  landing: 0.7659937329590321
  view-data: 3.4175300523638725
