times:
  edit-metadata: 1.5059908274561167
  landing: 0.7420430425554514
  view-data: 3.3568788301199675
