times:
  edit-metadata: 1.6371496692299843
  landing: 1.1291996389627457
  view-data: 3.4302065186202526
