times:
  edit-metadata: 2.0516820065677166
  landing: 1.2633710466325283
  view-data: 3.4642311185598373
