times:
  edit-metadata: 1.5995453149080276
  landing: 0.8780332952737808
  view-data: 3.3668380677700043
