times:
  edit-metadata: 1.471334245055914
  landing: 0.8469762429594994
  view-data: 3.3534889332950115
