times:
  edit-metadata: 1.5126479752361774
  landing: 0.7379300594329834
  view-data: 3.357797246426344
