times:
  edit-metadata: 1.4906909000128508
  landing: 0.7554889768362045
  view-data: 3.4293502755463123
