times:
  edit-metadata: 1.3662202693521976
  landing: 0.865769412368536
  view-data: 3.3503120206296444
