times:
  edit-metadata: 1.5171630382537842
  landing: 1.1483273394405842
  view-data: 3.3731837682425976
