times:
  edit-metadata: 1.6740570105612278
  landing: 0.9780855625867844
  view-data: 3.337801229208708
