times:
  edit-metadata: 1.5033009871840477
  landing: 0.7487484272569418
  view-data: 3.4184971284121275
