times:
  edit-metadata: 2.6166316606104374
  landing: 1.288037609308958
  view-data: 3.3914229422807693
