times:
  edit-metadata: 1.4275928474962711
  landing: 0.9632587172091007
  view-data: 3.3607299514114857
