times:
  edit-metadata: 1.4259430840611458
  landing: 0.8871571905910969
  view-data: 3.388934951275587
