times:
  edit-metadata: 1.3559459634125233
  landing: 0.7985249944031239
  view-data: 3.321037318557501
