times:
  edit-metadata: 1.4496940709650517
  landing: 0.9076200574636459
  view-data: 3.3633443154394627
