times:
  edit-metadata: 1.3840680569410324
  landing: 0.7546971254050732
  view-data: 3.3485552184283733
