times:
  edit-metadata: 1.8812661096453667
  landing: 1.0285700559616089
  view-data: 3.4432779774069786
