times:
  edit-metadata: 1.645237136632204
  landing: 1.0687561184167862
  view-data: 3.486274752765894
