times:
  edit-metadata: 2.007433395832777
  landing: 1.1101672612130642
  view-data: 3.366110198199749
