times:
  edit-metadata: 1.3557811826467514
  landing: 0.7121304906904697
  view-data: 3.267097767442465
