times:
  edit-metadata: 1.3968896456062794
  landing: 0.9320230074226856
  view-data: 3.3503572531044483
