times:
  edit-metadata: 1.5520800948143005
  landing: 0.8195603564381599
  view-data: 3.4436413310468197
