times:
  edit-metadata: 1.3398592360317707
  landing: 0.8680480644106865
  view-data: 3.4011965319514275
