times:
  edit-metadata: 2.3491018377244473
  landing: 1.4923761263489723
  view-data: 3.4234154149889946
