times:
  edit-metadata: 1.4331598207354546
  landing: 1.0020781606435776
  view-data: 3.3264084085822105
