times:
  edit-metadata: 2.158070169389248
  landing: 1.0065193809568882
  view-data: 3.3958980664610863
