times:
  edit-metadata: 1.6101139597594738
  landing: 1.1008011884987354
  view-data: 3.502018664032221
