times:
  edit-metadata: 1.5807096511125565
  landing: 0.7507323548197746
  view-data: 3.4017055705189705
