times:
  edit-metadata: 1.6835412830114365
  landing: 1.2901402525603771
  view-data: 3.5057422034442425
