times:
  edit-metadata: 1.6165005154907703
  landing: 0.8124225735664368
  view-data: 3.4297196213155985
