times:
  edit-metadata: 1.5256026647984982
  landing: 0.8960598446428776
  view-data: 3.3542498536407948
