times:
  edit-metadata: 1.5913729891180992
  landing: 0.8976548463106155
  view-data: 3.477198000997305
