times:
  edit-metadata: 1.533422313630581
  landing: 0.9171563871204853
  view-data: 3.4103859700262547
