times:
  edit-metadata: 1.3151469007134438
  landing: 0.8147263862192631
  view-data: 3.326398842036724
