times:
  edit-metadata: 1.4594179838895798
  landing: 0.9952183440327644
  view-data: 3.377509582787752
