times:
  edit-metadata: 1.6837991625070572
  landing: 0.7176743447780609
  view-data: 3.3850847147405148
