times:
  edit-metadata: 1.4913614708930254
  landing: 0.8038615118712187
  view-data: 3.4767311103641987
