times:
  edit-metadata: 1.5105884987860918
  landing: 0.7656152304261923
  view-data: 3.4474334474653006
