times:
  edit-metadata: 1.3515674136579037
  landing: 0.8699694499373436
  view-data: 3.3718047700822353
