times:
  edit-metadata: 1.4990260675549507
  landing: 0.9965477250516415
  view-data: 3.441032811999321
