times:
  edit-metadata: 2.145841371268034
  landing: 1.2505381889641285
  view-data: 3.335047136992216
