times:
  edit-metadata: 1.531008493155241
  landing: 0.9143616557121277
  view-data: 3.4342403896152973
