times:
  edit-metadata: 1.5243088118731976
  landing: 0.9129470773041248
  view-data: 3.368530035018921
