times:
  edit-metadata: 1.3584581837058067
  landing: 0.7083218134939671
  view-data: 3.361868914216757
