times:
  edit-metadata: 1.3153644129633904
  landing: 0.8580211326479912
  view-data: 3.301674962043762
