times:
  edit-metadata: 1.6686871536076069
  landing: 1.0570317171514034
  view-data: 3.4666114673018456
