times:
  edit-metadata: 1.406974408775568
  landing: 0.8906225524842739
  view-data: 3.3486699536442757
