times:
  edit-metadata: 1.7174404934048653
  landing: 1.0297734998166561
  view-data: 3.6949659287929535
