times:
  edit-metadata: 1.5038665384054184
  landing: 0.7687133811414242
  view-data: 3.3963577188551426
