times:
  edit-metadata: 1.4517710767686367
  landing: 0.9562088660895824
  view-data: 3.3532716892659664
