times:
  edit-metadata: 1.340649325400591
  landing: 0.7680605873465538
  view-data: 3.270305175334215
