times:
  edit-metadata: 1.5075055062770844
  landing: 0.8591444380581379
  view-data: 3.3396355845034122
