times:
  edit-metadata: 1.4396965391933918
  landing: 0.6797872148454189
  view-data: 3.3574115745723248
