times:
  edit-metadata: 1.4079312235116959
  landing: 0.8114979416131973
  view-data: 3.335964258760214
