times:
  edit-metadata: 1.636859953403473
  landing: 0.9718218855559826
  view-data: 3.3730100356042385
