times:
  edit-metadata: 1.4095853865146637
  landing: 0.7299817055463791
  view-data: 3.3378669768571854
