times:
  edit-metadata: 1.5849674381315708
  landing: 0.7631655186414719
  view-data: 3.447383441030979
