times:
  edit-metadata: 1.6397690325975418
  landing: 1.1458054222166538
  view-data: 3.415083773434162
