times:
  edit-metadata: 1.48060348816216
  landing: 0.7530499286949635
  view-data: 3.428560320287943
