times:
  edit-metadata: 1.8112052418291569
  landing: 0.9555393755435944
  view-data: 3.7586792409420013
