times:
  edit-metadata: 1.6834369897842407
  landing: 1.1329651847481728
  view-data: 3.848904002457857
