times:
  edit-metadata: 1.3791434317827225
  landing: 1.0844970531761646
  view-data: 3.2960229367017746
