times:
  edit-metadata: 1.7806035242974758
  landing: 0.8794083446264267
  view-data: 3.5263473466038704
