times:
  edit-metadata: 1.4220677576959133
  landing: 0.9170673489570618
  view-data: 3.356105964630842
