times:
  edit-metadata: 1.49312200024724
  landing: 0.8684568256139755
  view-data: 3.299653436988592
