times:
  edit-metadata: 1.5151895694434643
  landing: 0.7907948307693005
  view-data: 3.4365479722619057
