times:
  edit-metadata: 1.507900282740593
  landing: 0.8965347893536091
  view-data: 3.412290833890438
