times:
  edit-metadata: 1.5261155925691128
  landing: 0.8629453144967556
  view-data: 3.367523543536663
