times:
  edit-metadata: 1.5399273075163364
  landing: 0.8832908160984516
  view-data: 3.3957683257758617
