times:
  edit-metadata: 1.5380806718021631
  landing: 0.7458867635577917
  view-data: 3.404451536014676
