times:
  edit-metadata: 1.4575716108083725
  landing: 0.7450621724128723
  view-data: 3.542333133518696
