times:
  edit-metadata: 1.4492975324392319
  landing: 0.8045391291379929
  view-data: 3.321621596813202
