times:
  edit-metadata: 1.4261882901191711
  landing: 0.7448014132678509
  view-data: 3.3892159834504128
