times:
  edit-metadata: 1.4154941625893116
  landing: 0.7343586161732674
  view-data: 3.2784386575222015
