times:
  edit-metadata: 1.4353400096297264
  landing: 0.7239483073353767
  view-data: 3.5052033960819244
