times:
  edit-metadata: 1.4837094470858574
  landing: 0.8049732819199562
  view-data: 3.287272185087204
