times:
  edit-metadata: 2.4884959533810616
  landing: 1.7374539002776146
  view-data: 3.452358052134514
