times:
  edit-metadata: 1.6485201232135296
  landing: 0.8478932157158852
  view-data: 3.3165055364370346
