times:
  edit-metadata: 1.3847845420241356
  landing: 0.69861701130867
  view-data: 3.47834175825119
