times:
  edit-metadata: 3.5000129975378513
  landing: 1.7374123223125935
  view-data: 3.4159754551947117
