times:
  edit-metadata: 1.4982537403702736
  landing: 0.8480810150504112
  view-data: 3.5436759293079376
