times:
  edit-metadata: 1.4819454215466976
  landing: 0.7660311087965965
  view-data: 3.3071586787700653
