times:
  edit-metadata: 1.4251167476177216
  landing: 0.7367138117551804
  view-data: 3.2849607169628143
