times:
  edit-metadata: 1.4200382456183434
  landing: 0.7557361871004105
  view-data: 3.534165620803833
