times:
  edit-metadata: 1.3872077092528343
  landing: 0.7843221798539162
  view-data: 3.297245755791664
