times:
  edit-metadata: 1.4706633388996124
  landing: 0.7764667309820652
  view-data: 3.3508449755609035
