times:
  edit-metadata: 1.4615628719329834
  landing: 0.8427696824073792
  view-data: 3.4794148728251457
