times:
  edit-metadata: 1.4189236387610435
  landing: 0.7537179738283157
  view-data: 3.447331063449383
