times:
  edit-metadata: 2.349520929157734
  landing: 1.501403458416462
  view-data: 3.692879244685173
