times:
  edit-metadata: 1.484703779220581
  landing: 0.7689561918377876
  view-data: 3.561274379491806
