times:
  edit-metadata: 1.4160100035369396
  landing: 0.747333750128746
  view-data: 3.363756489008665
