times:
  edit-metadata: 1.5311288833618164
  landing: 0.7896826565265656
  view-data: 3.3009719848632812
