times:
  edit-metadata: 1.4273301512002945
  landing: 0.7626204490661621
  view-data: 3.3376104533672333
