times:
  edit-metadata: 1.385194107890129
  landing: 0.7950106151401997
  view-data: 3.3308646269142628
