times:
  edit-metadata: 1.451591119170189
  landing: 0.7616777867078781
  view-data: 3.4654606729745865
