times:
  edit-metadata: 1.5314806029200554
  landing: 0.9840057939291
  view-data: 3.353134959936142
