times:
  edit-metadata: 1.4803274273872375
  landing: 0.7619176208972931
  view-data: 3.4264592453837395
