times:
  edit-metadata: 1.4971208572387695
  landing: 0.9658398032188416
  view-data: 3.5001152232289314
