times:
  edit-metadata: 1.5503955744206905
  landing: 0.8385734371840954
  view-data: 3.419209875166416
