times:
  edit-metadata: 1.6346006095409393
  landing: 0.8783385157585144
  view-data: 3.359699599444866
