times:
  edit-metadata: 1.5502801015973091
  landing: 0.8120507895946503
  view-data: 3.8094426542520523
