times:
  edit-metadata: 1.5453485548496246
  landing: 0.87881700694561
  view-data: 3.364919014275074
