times:
  edit-metadata: 1.3456236831843853
  landing: 1.0218646638095379
  view-data: 3.3432795368134975
