times:
  edit-metadata: 1.4380213841795921
  landing: 0.8722546994686127
  view-data: 3.5206618532538414
