times:
  edit-metadata: 1.4502732530236244
  landing: 0.7366759404540062
  view-data: 3.4610031098127365
