times:
  edit-metadata: 1.512265995144844
  landing: 0.7674982398748398
  view-data: 3.4139809161424637
