times:
  edit-metadata: 1.3898125030100346
  landing: 0.701984342187643
  view-data: 3.2790534757077694
