times:
  edit-metadata: 1.5322917699813843
  landing: 0.8091342523694038
  view-data: 3.5765831395983696
