times:
  edit-metadata: 1.4435025788843632
  landing: 0.8648720346391201
  view-data: 3.3096478171646595
