times:
  edit-metadata: 1.4006699286401272
  landing: 0.7304800599813461
  view-data: 3.4211446680128574
