times:
  edit-metadata: 1.4322755634784698
  landing: 0.7355573251843452
  view-data: 3.4243453815579414
