times:
  edit-metadata: 1.4718201011419296
  landing: 0.7536607757210732
  view-data: 3.406510751694441
