times:
  edit-metadata: 1.51371780782938
  landing: 0.7722961455583572
  view-data: 3.5231419801712036
