times:
  edit-metadata: 1.4010168388485909
  landing: 0.7264686264097691
  view-data: 3.3425024561583996
