times:
  edit-metadata: 1.4347668439149857
  landing: 0.7507900446653366
  view-data: 3.5050970166921616
