times:
  edit-metadata: 1.4186406508088112
  landing: 0.7568418905138969
  view-data: 3.507438063621521
