times:
  edit-metadata: 1.3827884942293167
  landing: 0.7154608368873596
  view-data: 3.4841924235224724
