times:
  edit-metadata: 1.524490550160408
  landing: 0.7822884395718575
  view-data: 3.3771258145570755
