times:
  edit-metadata: 2.401933688670397
  landing: 1.0260268710553646
  view-data: 3.5942285135388374
