times:
  edit-metadata: 1.6511758416891098
  landing: 0.8317338824272156
  view-data: 3.3479947932064533
