times:
  edit-metadata: 1.4560031443834305
  landing: 0.815985918045044
  view-data: 3.358709290623665
