times:
  edit-metadata: 1.4474038556218147
  landing: 0.8546215146780014
  view-data: 3.4841245859861374
