times:
  edit-metadata: 1.7237227633595467
  landing: 0.9870636314153671
  view-data: 3.533805400133133
