times:
  edit-metadata: 1.384271051734686
  landing: 0.7997308857738972
  view-data: 3.3135600425302982
