times:
  edit-metadata: 1.4787342622876167
  landing: 0.7355966717004776
  view-data: 3.5236244797706604
