times:
  edit-metadata: 1.4091997295618057
  landing: 0.7870986461639404
  view-data: 3.570577308535576
