times:
  edit-metadata: 1.9791767410933971
  landing: 0.8326388970017433
  view-data: 3.379902333021164
