times:
  edit-metadata: 1.447243358939886
  landing: 0.8530282117426395
  view-data: 3.3597981929779053
