times:
  edit-metadata: 3.050797536969185
  landing: 1.1294795610010624
  view-data: 3.462252449244261
