times:
  edit-metadata: 1.4850321561098099
  landing: 0.9700114354491234
  view-data: 3.3521969206631184
