times:
  edit-metadata: 1.4310797899961472
  landing: 0.7489485517144203
  view-data: 3.510234974324703
