times:
  edit-metadata: 3.3797551319003105
  landing: 2.276730388402939
  view-data: 3.7740146219730377
