times:
  edit-metadata: 1.4817733690142632
  landing: 0.7711924016475677
  view-data: 3.3296460434794426
