times:
  edit-metadata: 1.4899513199925423
  landing: 0.7795303240418434
  view-data: 3.2915246672928333
