times:
  edit-metadata: 1.7306977584958076
  landing: 0.7520868852734566
  view-data: 3.4979364946484566
