times:
  edit-metadata: 1.554166004061699
  landing: 0.8037547022104263
  view-data: 3.3311809301376343
