times:
  edit-metadata: 1.4920708760619164
  landing: 0.7732946872711182
  view-data: 3.5657528191804886
