times:
  edit-metadata: 1.4344297498464584
  landing: 0.7517760619521141
  view-data: 3.364698179066181
