times:
  edit-metadata: 1.5190987847745419
  landing: 0.8794107660651207
  view-data: 3.330012284219265
