times:
  edit-metadata: 1.5069244876503944
  landing: 0.7313161343336105
  view-data: 3.47809000313282
