times:
  edit-metadata: 1.4033207148313522
  landing: 0.7615430504083633
  view-data: 3.502820312976837
