times:
  edit-metadata: 1.4819328635931015
  landing: 0.8410821333527565
  view-data: 3.3222881108522415
