times:
  edit-metadata: 2.5081146582961082
  landing: 1.2831514962017536
  view-data: 3.4535277746617794
