times:
  edit-metadata: 1.6542297378182411
  landing: 0.8984135650098324
  view-data: 3.584830854088068
