times:
  edit-metadata: 1.5242701917886734
  landing: 0.7509000226855278
  view-data: 3.4421235769987106
