times:
  edit-metadata: 1.4087607562541962
  landing: 0.7829926088452339
  view-data: 3.3637938126921654
