times:
  edit-metadata: 1.409804806113243
  landing: 0.7394754365086555
  view-data: 3.5186356753110886
