times:
  edit-metadata: 1.4863009825348854
  landing: 0.8082180730998516
  view-data: 3.325121905654669
