times:
  edit-metadata: 1.485266737639904
  landing: 0.7852168269455433
  view-data: 3.2929805740714073
