times:
  edit-metadata: 1.485202845185995
  landing: 0.8928895443677902
  view-data: 3.3288162499666214
