times:
  edit-metadata: 1.550249807536602
  landing: 0.9196851253509521
  view-data: 3.5568420737981796
