times:
  edit-metadata: 1.4771648719906807
  landing: 0.7928709909319878
  view-data: 3.4824501276016235
