times:
  edit-metadata: 1.7110427096486092
  landing: 0.9656096249818802
  view-data: 3.5288207307457924
