times:
  edit-metadata: 1.3439896553754807
  landing: 0.7781014814972878
  view-data: 3.4298819676041603
