times:
  edit-metadata: 1.49711237475276
  landing: 0.6794086433947086
  view-data: 3.299564555287361
