times:
  edit-metadata: 1.4169330075383186
  landing: 0.9155352562665939
  view-data: 3.4096988812088966
