times:
  edit-metadata: 1.5142505541443825
  landing: 0.7683300450444221
  view-data: 3.3532413616776466
