times:
  edit-metadata: 1.5925665572285652
  landing: 1.0282903015613556
  view-data: 3.505765289068222
