times:
  edit-metadata: 1.4847536534070969
  landing: 0.7036311775445938
  view-data: 3.2938244938850403
