times:
  edit-metadata: 1.4938592463731766
  landing: 0.7675527669489384
  view-data: 3.2498513534665108
