times:
  edit-metadata: 1.464459776878357
  landing: 0.7942604720592499
  view-data: 3.58742655813694
