times:
  edit-metadata: 1.5509966649115086
  landing: 0.7698096223175526
  view-data: 3.3223719485104084
