times:
  edit-metadata: 1.4735872521996498
  landing: 0.7620247080922127
  view-data: 3.4981836676597595
