times:
  edit-metadata: 1.3649143613874912
  landing: 0.754052497446537
  view-data: 3.378457810729742
