times:
  edit-metadata: 1.5222722962498665
  landing: 0.8582850880920887
  view-data: 3.3411012813448906
