times:
  edit-metadata: 1.717392761260271
  landing: 1.009739801287651
  view-data: 3.309912219643593
