times:
  edit-metadata: 1.4867227897047997
  landing: 0.8215880393981934
  view-data: 3.5093537867069244
