times:
  edit-metadata: 1.5761814042925835
  landing: 1.0764876306056976
  view-data: 3.4901125729084015
