times:
  edit-metadata: 1.489315889775753
  landing: 0.8600625917315483
  view-data: 3.4911284744739532
