times:
  edit-metadata: 1.4531173780560493
  landing: 0.7530873641371727
  view-data: 3.499885082244873
