times:
  edit-metadata: 1.485052838921547
  landing: 0.8275993056595325
  view-data: 3.292850039899349
