times:
  edit-metadata: 1.4249005541205406
  landing: 0.7443593069911003
  view-data: 3.319913439452648
