times:
  edit-metadata: 1.3781148456037045
  landing: 0.7448174729943275
  view-data: 3.2599373310804367
