times:
  edit-metadata: 1.5054507181048393
  landing: 0.7438818514347076
  view-data: 3.5183935537934303
