times:
  edit-metadata: 1.714771181344986
  landing: 0.7378183007240295
  view-data: 3.6161560639739037
