times:
  edit-metadata: 1.4619662389159203
  landing: 0.8228633925318718
  view-data: 3.472847618162632
