times:
  edit-metadata: 1.5944644622504711
  landing: 0.850060909986496
  view-data: 3.340608522295952
