times:
  edit-metadata: 1.4211870767176151
  landing: 0.8254547342658043
  view-data: 3.2923950850963593
