times:
  edit-metadata: 1.4208066686987877
  landing: 0.7454066127538681
  view-data: 3.398200787603855
