times:
  edit-metadata: 1.4296887442469597
  landing: 0.8467844389379025
  view-data: 3.386135369539261
