times:
  edit-metadata: 1.6057850867509842
  landing: 0.9497718401253223
  view-data: 3.337193377315998
