times:
  edit-metadata: 1.4580185189843178
  landing: 0.7499163150787354
  view-data: 3.4477210268378258
