times:
  edit-metadata: 1.4344470538198948
  landing: 0.7788424640893936
  view-data: 3.350418198853731
