times:
  edit-metadata: 1.367444772273302
  landing: 0.7135924138128757
  view-data: 3.302337519824505
