times:
  edit-metadata: 1.3597582578659058
  landing: 0.7227508947253227
  view-data: 3.444744788110256
