times:
  edit-metadata: 1.591420166194439
  landing: 0.9584565684199333
  view-data: 3.4804986640810966
