times:
  edit-metadata: 1.5317673534154892
  landing: 0.751207172870636
  view-data: 3.4369536340236664
