times:
  edit-metadata: 1.3781230859458447
  landing: 0.8457832969725132
  view-data: 3.3685933016240597
