times:
  edit-metadata: 1.5858487784862518
  landing: 1.089454174041748
  view-data: 3.339986577630043
