times:
  edit-metadata: 1.439236395061016
  landing: 0.8185797519981861
  view-data: 3.282378740608692
