times:
  edit-metadata: 1.4318619668483734
  landing: 0.713689312338829
  view-data: 3.4293820932507515
