times:
  edit-metadata: 1.5202024802565575
  landing: 0.7334716022014618
  view-data: 3.5158033668994904
