times:
  edit-metadata: 1.4857128262519836
  landing: 0.7839612290263176
  view-data: 3.522376149892807
