times:
  edit-metadata: 1.5602722354233265
  landing: 0.7797647267580032
  view-data: 3.3342243432998657
