times:
  edit-metadata: 1.5071178898215294
  landing: 0.726403996348381
  view-data: 3.527326114475727
