times:
  edit-metadata: 1.4612643346190453
  landing: 0.786851305514574
  view-data: 3.3624456375837326
