times:
  edit-metadata: 1.5906398855149746
  landing: 0.7320884987711906
  view-data: 3.3060851469635963
