times:
  edit-metadata: 1.4315608963370323
  landing: 0.7444011755287647
  view-data: 3.324778590351343
