times:
  edit-metadata: 1.4746962413191795
  landing: 0.880068801343441
  view-data: 3.3274713456630707
