times:
  edit-metadata: 1.4563528820872307
  landing: 0.841254323720932
  view-data: 3.3549680337309837
