times:
  edit-metadata: 1.3936737477779388
  landing: 0.9254869744181633
  view-data: 3.2894959188997746
