times:
  edit-metadata: 1.4584185034036636
  landing: 0.7614424973726273
  view-data: 3.3217926993966103
