times:
  edit-metadata: 1.5100056007504463
  landing: 0.8417658507823944
  view-data: 3.3371727019548416
