times:
  edit-metadata: 2.7920292392373085
  landing: 1.5994136407971382
  view-data: 3.4431328177452087
