times:
  edit-metadata: 2.5806289985775948
  landing: 1.693373717367649
  view-data: 3.6391016468405724
