times:
  edit-metadata: 1.4531897231936455
  landing: 0.7210362702608109
  view-data: 3.4468657448887825
