times:
  edit-metadata: 1.7968232445418835
  landing: 0.9173802174627781
  view-data: 3.438479594886303
