times:
  edit-metadata: 1.4024637043476105
  landing: 0.7594198733568192
  view-data: 3.465739108622074
