times:
  edit-metadata: 1.4082994498312473
  landing: 0.7899712063372135
  view-data: 3.325780313462019
