times:
  edit-metadata: 1.3973181284964085
  landing: 0.7510620057582855
  view-data: 3.3605574183166027
