times:
  edit-metadata: 1.3846537843346596
  landing: 0.8243620172142982
  view-data: 3.379233255982399
