times:
  edit-metadata: 1.3909802585840225
  landing: 0.8028134554624557
  view-data: 3.3260447457432747
