times:
  edit-metadata: 1.4303438253700733
  landing: 0.7636233046650887
  view-data: 3.3399010412395
