times:
  edit-metadata: 1.6750007942318916
  landing: 0.8740131333470345
  view-data: 3.4468837156891823
