times:
  edit-metadata: 1.4266575425863266
  landing: 0.772072434425354
  view-data: 3.498559705913067
