times:
  edit-metadata: 1.417767807841301
  landing: 0.6798586770892143
  view-data: 3.518172323703766
