times:
  edit-metadata: 2.2319862693548203
  landing: 1.5153444707393646
  view-data: 3.7317748963832855
