times:
  edit-metadata: 1.6499866098165512
  landing: 0.7599320709705353
  view-data: 3.4865790382027626
