times:
  edit-metadata: 1.515210460871458
  landing: 0.7975020445883274
  view-data: 3.375355441123247
