times:
  edit-metadata: 2.287859871983528
  landing: 1.2038176245987415
  view-data: 3.7020020708441734
