times:
  edit-metadata: 1.3483605161309242
  landing: 0.83871840685606
  view-data: 3.465303935110569
