times:
  edit-metadata: 1.4727533161640167
  landing: 0.8830121234059334
  view-data: 3.3500136137008667
