times:
  edit-metadata: 1.5393056422472
  landing: 0.8761684969067574
  view-data: 3.6427080631256104
