times:
  edit-metadata: 1.3836220428347588
  landing: 0.7801119238138199
  view-data: 3.299111381173134
