times:
  edit-metadata: 1.4173270985484123
  landing: 0.9463984295725822
  view-data: 3.417475901544094
