times:
  edit-metadata: 1.357370089739561
  landing: 0.9102147482335567
  view-data: 3.436315316706896
