times:
  edit-metadata: 1.416038379073143
  landing: 0.8848733156919479
  view-data: 3.3877612948417664
