times:
  edit-metadata: 1.3951680958271027
  landing: 0.8810643330216408
  view-data: 3.342105731368065
