times:
  edit-metadata: 1.4029021561145782
  landing: 0.9166687056422234
  view-data: 3.512366108596325
