times:
  edit-metadata: 1.481123425066471
  landing: 0.9188309162855148
  view-data: 3.377084329724312
