times:
  edit-metadata: 1.5974791571497917
  landing: 1.0441528223454952
  view-data: 3.319987639784813
