times:
  edit-metadata: 1.3465869426727295
  landing: 0.8567303121089935
  view-data: 3.6361968368291855
