times:
  edit-metadata: 1.6960053332149982
  landing: 1.0432173125445843
  view-data: 3.3625871054828167
