times:
  edit-metadata: 1.502572875469923
  landing: 0.8874287158250809
  view-data: 3.3399016708135605
