times:
  edit-metadata: 1.4460798986256123
  landing: 0.8395167738199234
  view-data: 3.3224555738270283
