times:
  edit-metadata: 1.5124835073947906
  landing: 1.1630733385682106
  view-data: 3.352612227201462
