times:
  edit-metadata: 1.4852758795022964
  landing: 0.8260735496878624
  view-data: 3.4227282479405403
