times:
  edit-metadata: 1.424033097922802
  landing: 0.802818238735199
  view-data: 3.489446684718132
