times:
  edit-metadata: 1.3836128786206245
  landing: 0.90961654484272
  view-data: 3.624429330229759
