times:
  edit-metadata: 1.542274072766304
  landing: 0.9201072044670582
  view-data: 3.3632762022316456
