times:
  edit-metadata: 1.3774482980370522
  landing: 0.8468828573822975
  view-data: 3.588288903236389
