times:
  edit-metadata: 1.4840827360749245
  landing: 1.3031418099999428
  view-data: 3.5408226922154427
