times:
  edit-metadata: 1.4425019770860672
  landing: 0.8112802654504776
  view-data: 3.421474076807499
