times:
  edit-metadata: 1.435242734849453
  landing: 0.7721662595868111
  view-data: 3.4181578531861305
