times:
  edit-metadata: 1.5106716230511665
  landing: 0.8931483626365662
  view-data: 3.483983226120472
