times:
  edit-metadata: 1.3374302461743355
  landing: 0.8092969506978989
  view-data: 3.297630451619625
