times:
  edit-metadata: 1.6336304619908333
  landing: 0.8735015764832497
  view-data: 3.451092131435871
