times:
  edit-metadata: 1.3859236612915993
  landing: 0.8437339216470718
  view-data: 3.75088407099247
