times:
  edit-metadata: 1.5147448629140854
  landing: 0.780069150030613
  view-data: 3.460592567920685
