times:
  edit-metadata: 1.4453943222761154
  landing: 0.8936710059642792
  view-data: 3.526376709342003
