times:
  edit-metadata: 1.4162280708551407
  landing: 0.9234996140003204
  view-data: 3.3430712297558784
