times:
  edit-metadata: 1.0986310988664627
  landing: 0.8190833106637001
  view-data: 3.5494577288627625
