times:
  edit-metadata: 1.523108720779419
  landing: 0.819144532084465
  view-data: 3.4422362074255943
