times:
  edit-metadata: 1.5262433513998985
  landing: 0.7604929432272911
  view-data: 3.5443878918886185
