times:
  edit-metadata: 1.7300139665603638
  landing: 0.9743810556828976
  view-data: 3.3236811384558678
