times:
  edit-metadata: 1.5116013064980507
  landing: 0.8699446618556976
  view-data: 3.3472057804465294
