times:
  edit-metadata: 1.4640918001532555
  landing: 0.8881799131631851
  view-data: 3.3029537349939346
