times:
  edit-metadata: 1.3428728058934212
  landing: 0.7724753171205521
  view-data: 3.5613547787070274
