times:
  edit-metadata: 1.764395333826542
  landing: 1.1731013655662537
  view-data: 3.689976640045643
