times:
  edit-metadata: 1.3983020037412643
  landing: 0.9225179329514503
  view-data: 3.4874676167964935
