times:
  edit-metadata: 1.4271890074014664
  landing: 0.8322035893797874
  view-data: 3.2823314890265465
