times:
  edit-metadata: 1.4741889983415604
  landing: 1.070797547698021
  view-data: 3.4716208204627037
