times:
  edit-metadata: 1.5616248175501823
  landing: 0.9437493681907654
  view-data: 3.4400442764163017
