times:
  edit-metadata: 1.4704437032341957
  landing: 0.8628118485212326
  view-data: 3.4141601845622063
