times:
  edit-metadata: 1.373896449804306
  landing: 0.7860993668437004
  view-data: 3.4794732481241226
