times:
  edit-metadata: 1.955868974328041
  landing: 1.3216702789068222
  view-data: 3.6597827449440956
