times:
  edit-metadata: 1.1970513984560966
  landing: 0.8926956281065941
  view-data: 3.4574721828103065
