times:
  edit-metadata: 1.8236581832170486
  landing: 1.2277155295014381
  view-data: 3.551535151898861
