times:
  edit-metadata: 1.4392197951674461
  landing: 0.7659777775406837
  view-data: 3.4279432147741318
