times:
  edit-metadata: 1.3467951230704784
  landing: 0.8639818802475929
  view-data: 3.305660966783762
