times:
  edit-metadata: 1.3991325348615646
  landing: 0.78995531052351
  view-data: 3.425158269703388
