times:
  edit-metadata: 1.493903987109661
  landing: 0.8906102180480957
  view-data: 3.3041015937924385
