times:
  edit-metadata: 1.6984047666192055
  landing: 1.1333054825663567
  view-data: 3.5472230464220047
