times:
  edit-metadata: 2.7120475843548775
  landing: 1.2594160288572311
  view-data: 3.458407662808895
