times:
  edit-metadata: 1.409493811428547
  landing: 0.8027280494570732
  view-data: 3.4722907468676567
