times:
  edit-metadata: 1.4352344945073128
  landing: 0.7854849696159363
  view-data: 3.4372108578681946
