times:
  edit-metadata: 2.125134624540806
  landing: 1.2863427475094795
  view-data: 3.344448171555996
