times:
  edit-metadata: 1.641516961157322
  landing: 0.9104921519756317
  view-data: 3.2741847038269043
