times:
  edit-metadata: 2.730867002159357
  landing: 1.1677009277045727
  view-data: 3.6769543923437595
