times:
  edit-metadata: 1.343417800962925
  landing: 0.9232183620333672
  view-data: 3.6427982449531555
