times:
  edit-metadata: 1.888558492064476
  landing: 1.234772078692913
  view-data: 3.4619100689888
