times:
  edit-metadata: 1.4911043383181095
  landing: 0.9288065694272518
  view-data: 3.278624501079321
