times:
  edit-metadata: 1.3921149373054504
  landing: 0.7875949889421463
  view-data: 3.465641602873802
