times:
  edit-metadata: 1.6775709092617035
  landing: 1.0100229382514954
  view-data: 3.513090282678604
