times:
  edit-metadata: 1.4711299240589142
  landing: 0.7299408987164497
  view-data: 3.366173319518566
