times:
  edit-metadata: 1.3764444887638092
  landing: 0.8735579326748848
  view-data: 3.397869735956192
