times:
  edit-metadata: 1.4591908380389214
  landing: 0.7876718640327454
  view-data: 3.2837661430239677
