times:
  edit-metadata: 1.60208660364151
  landing: 1.0228696577250957
  view-data: 3.3589914105832577
