times:
  edit-metadata: 1.395266205072403
  landing: 0.9215297922492027
  view-data: 3.683038182556629
