times:
  edit-metadata: 1.4319011121988297
  landing: 0.7976967692375183
  view-data: 3.556786336004734
