times:
  edit-metadata: 1.5647879466414452
  landing: 1.018410138785839
  view-data: 3.548844315111637
