times:
  edit-metadata: 1.719587579369545
  landing: 1.0937524661421776
  view-data: 3.2728018686175346
