times:
  edit-metadata: 1.3979398161172867
  landing: 0.7888579294085503
  view-data: 3.3783065751194954
