times:
  edit-metadata: 2.118232674896717
  landing: 1.1184106394648552
  view-data: 3.502779521048069
