times:
  edit-metadata: 1.2832288146018982
  landing: 0.8738588914275169
  view-data: 3.543541707098484
