times:
  edit-metadata: 1.4570595473051071
  landing: 0.8021474853157997
  view-data: 3.543841503560543
