times:
  edit-metadata: 1.427976816892624
  landing: 0.7734963521361351
  view-data: 3.4366240575909615
