times:
  edit-metadata: 1.447222352027893
  landing: 0.8876869231462479
  view-data: 3.495256409049034
