times:
  edit-metadata: 1.527220405638218
  landing: 0.8462778627872467
  view-data: 3.3458331376314163
