times:
  edit-metadata: 1.4455857053399086
  landing: 0.7777931541204453
  view-data: 3.4823589995503426
