times:
  edit-metadata: 1.387068510055542
  landing: 0.8120965138077736
  view-data: 3.514625996351242
