times:
  edit-metadata: 1.3866360932588577
  landing: 0.78339783847332
  view-data: 3.4268388375639915
