times:
  edit-metadata: 1.4104464650154114
  landing: 0.8137849569320679
  view-data: 3.4435870349407196
