times:
  edit-metadata: 1.5507853478193283
  landing: 0.7961159646511078
  view-data: 3.4717580527067184
