times:
  edit-metadata: 1.5450233295559883
  landing: 0.8564777970314026
  view-data: 3.4330978989601135
