times:
  edit-metadata: 1.4283224940299988
  landing: 0.8615253269672394
  view-data: 3.4159319549798965
