times:
  edit-metadata: 1.499794416129589
  landing: 0.8846276924014091
  view-data: 3.6496239081025124
