times:
  edit-metadata: 1.4080491214990616
  landing: 0.7944493815302849
  view-data: 3.4629276543855667
