times:
  edit-metadata: 1.4331628382205963
  landing: 0.8215921819210052
  view-data: 3.4190919771790504
