times:
  edit-metadata: 1.5011939033865929
  landing: 0.9050965905189514
  view-data: 3.33655796200037
