times:
  edit-metadata: 1.2969594448804855
  landing: 0.782216340303421
  view-data: 3.483480006456375
