times:
  edit-metadata: 1.5818154364824295
  landing: 0.8842955827713013
  view-data: 3.409357987344265
