times:
  edit-metadata: 1.437367007136345
  landing: 1.297499731183052
  view-data: 3.318446785211563
