times:
  edit-metadata: 1.5811188966035843
  landing: 0.7614796236157417
  view-data: 3.5184339582920074
