times:
  edit-metadata: 1.6278330981731415
  landing: 0.9895765483379364
  view-data: 3.3405825793743134
