times:
  edit-metadata: 1.4956224709749222
  landing: 1.05775935202837
  view-data: 3.5132793188095093
