times:
  edit-metadata: 1.5343471691012383
  landing: 1.0798377469182014
  view-data: 3.338805615901947
