times:
  edit-metadata: 1.3907474875450134
  landing: 0.9020250216126442
  view-data: 3.435353472828865
