times:
  edit-metadata: 1.9802672415971756
  landing: 0.9961158186197281
  view-data: 3.615035243332386
