times:
  edit-metadata: 2.088124267756939
  landing: 1.0478715002536774
  view-data: 3.7150229290127754
