times:
  edit-metadata: 1.6064076237380505
  landing: 0.9776813983917236
  view-data: 3.3256743028759956
