times:
  edit-metadata: 1.3829025849699974
  landing: 0.8117544129490852
  view-data: 3.4543852284550667
