times:
  edit-metadata: 1.3996039479970932
  landing: 0.7767227292060852
  view-data: 3.4375860393047333
