times:
  edit-metadata: 1.6273018792271614
  landing: 0.8830438852310181
  view-data: 3.8527525439858437
