times:
  edit-metadata: 1.389855995774269
  landing: 0.8156119659543037
  view-data: 3.4479856565594673
