times:
  edit-metadata: 1.4085566699504852
  landing: 0.8516491949558258
  view-data: 3.4243669882416725
