times:
  edit-metadata: 1.3855102881789207
  landing: 0.8035682663321495
  view-data: 3.454562045633793
