times:
  edit-metadata: 1.4943429455161095
  landing: 0.8682009354233742
  view-data: 3.4714144840836525
