times:
  edit-metadata: 1.5094263479113579
  landing: 0.888976763933897
  view-data: 3.342815723270178
