times:
  edit-metadata: 1.5737041011452675
  landing: 0.740027591586113
  view-data: 3.376773588359356
