times:
  edit-metadata: 1.419668011367321
  landing: 0.8286366388201714
  view-data: 3.4381584748625755
