times:
  edit-metadata: 1.4921599626541138
  landing: 0.8536201044917107
  view-data: 3.5054681822657585
