times:
  edit-metadata: 1.4931300058960915
  landing: 0.8331550434231758
  view-data: 3.3382240682840347
