times:
  edit-metadata: 1.4782129675149918
  landing: 0.8224361687898636
  view-data: 3.367219015955925
