times:
  edit-metadata: 1.5120516568422318
  landing: 0.979037456214428
  view-data: 3.319251973181963
