times:
  edit-metadata: 1.5516747906804085
  landing: 0.8536786884069443
  view-data: 3.5483077988028526
