times:
  edit-metadata: 1.6344879493117332
  landing: 0.9334968701004982
  view-data: 3.376996621489525
