times:
  edit-metadata: 1.4633149206638336
  landing: 0.8554001152515411
  view-data: 3.568471238017082
