times:
  edit-metadata: 1.5746288374066353
  landing: 0.8598796352744102
  view-data: 3.315121904015541
