times:
  edit-metadata: 1.3959279656410217
  landing: 0.7530840635299683
  view-data: 3.478222034871578
