times:
  edit-metadata: 2.1683912724256516
  landing: 1.2246451303362846
  view-data: 3.658040940761566
