times:
  edit-metadata: 1.5145803168416023
  landing: 0.8142910972237587
  view-data: 3.5312317311763763
