times:
  edit-metadata: 1.5310062989592552
  landing: 0.7540738582611084
  view-data: 3.316443584859371
