times:
  edit-metadata: 1.35819311439991
  landing: 0.810264065861702
  view-data: 3.406284049153328
