times:
  edit-metadata: 1.44772769510746
  landing: 0.7522504404187202
  view-data: 3.481338746845722
