times:
  edit-metadata: 1.4971256628632545
  landing: 0.8975072354078293
  view-data: 3.546275310218334
