times:
  edit-metadata: 1.3573526740074158
  landing: 0.8329449519515038
  view-data: 3.5406724959611893
