times:
  edit-metadata: 1.3218401074409485
  landing: 0.7444150149822235
  view-data: 3.4281948432326317
