times:
  edit-metadata: 1.5288751721382141
  landing: 0.9423484653234482
  view-data: 3.370733492076397
