times:
  edit-metadata: 1.5715003535151482
  landing: 0.8422093316912651
  view-data: 3.5073539912700653
