times:
  edit-metadata: 1.4510568678379059
  landing: 0.8358066082000732
  view-data: 3.4936275258660316
