times:
  edit-metadata: 1.4234311133623123
  landing: 1.0951740145683289
  view-data: 3.4188639000058174
