times:
  edit-metadata: 1.3281542733311653
  landing: 0.6879406496882439
  view-data: 3.4028777703642845
