times:
  edit-metadata: 1.4257449135184288
  landing: 0.7436106950044632
  view-data: 3.5109705105423927
