times:
  edit-metadata: 2.19769037514925
  landing: 1.3213059976696968
  view-data: 3.4212144687771797
