times:
  edit-metadata: 1.5770258381962776
  landing: 0.7964998409152031
  view-data: 3.2575295493006706
