times:
  edit-metadata: 1.8884631842374802
  landing: 0.9433725252747536
  view-data: 3.293924942612648
