times:
  edit-metadata: 1.4365714117884636
  landing: 0.7832138985395432
  view-data: 3.5593523159623146
