times:
  edit-metadata: 1.4863825738430023
  landing: 0.8430677130818367
  view-data: 3.347554177045822
