times:
  edit-metadata: 1.411361537873745
  landing: 0.7587972581386566
  view-data: 3.450297996401787
