times:
  edit-metadata: 1.363304816186428
  landing: 0.7203991040587425
  view-data: 3.524080529808998
