times:
  edit-metadata: 1.392748773097992
  landing: 0.7413786575198174
  view-data: 3.4749226942658424
