times:
  edit-metadata: 1.4268517941236496
  landing: 0.7182306572794914
  view-data: 3.4892397299408913
