times:
  edit-metadata: 1.3714820519089699
  landing: 0.8085285872220993
  view-data: 3.523816354572773
