times:
  edit-metadata: 1.853120118379593
  landing: 1.0666469112038612
  view-data: 3.723779447376728
