times:
  edit-metadata: 1.8407205194234848
  landing: 0.8491053059697151
  view-data: 3.356959715485573
