times:
  edit-metadata: 1.3771243020892143
  landing: 0.7625746726989746
  view-data: 3.3074385970830917
