times:
  edit-metadata: 1.4252699986100197
  landing: 0.7144030928611755
  view-data: 3.3734963461756706
