times:
  edit-metadata: 1.5244993716478348
  landing: 0.6983519569039345
  view-data: 3.522396706044674
