times:
  edit-metadata: 1.4462063908576965
  landing: 0.7433459758758545
  view-data: 3.5456206277012825
