times:
  edit-metadata: 1.4621164724230766
  landing: 0.7987721115350723
  view-data: 3.472565218806267
