times:
  edit-metadata: 1.312019370496273
  landing: 0.8109617307782173
  view-data: 3.5646285340189934
