times:
  edit-metadata: 1.3758945614099503
  landing: 0.7944793850183487
  view-data: 3.3670711368322372
