times:
  edit-metadata: 1.3815578520298004
  landing: 0.7548443526029587
  view-data: 3.272954724729061
