times:
  edit-metadata: 1.5225527957081795
  landing: 0.8050143048167229
  view-data: 3.4403008446097374
