times:
  edit-metadata: 1.4836705401539803
  landing: 0.7580112293362617
  view-data: 3.438526563346386
