times:
  edit-metadata: 1.4834463447332382
  landing: 0.8047319278120995
  view-data: 3.540241725742817
