times:
  edit-metadata: 1.486349105834961
  landing: 0.8253408223390579
  view-data: 3.2861865758895874
