times:
  edit-metadata: 1.4873898848891258
  landing: 0.8095270693302155
  view-data: 3.3668528720736504
