times:
  edit-metadata: 1.4252095595002174
  landing: 0.8572494313120842
  view-data: 3.372511699795723
