times:
  edit-metadata: 1.3157144039869308
  landing: 0.7555694058537483
  view-data: 3.4340588822960854
