times:
  edit-metadata: 1.3650778830051422
  landing: 0.7352035418152809
  view-data: 3.5120372027158737
