times:
  edit-metadata: 1.8214572966098785
  landing: 1.2143781632184982
  view-data: 3.3876558244228363
