times:
  edit-metadata: 1.4089480191469193
  landing: 0.9389802068471909
  view-data: 3.5088448971509933
