times:
  edit-metadata: 1.4627777263522148
  landing: 0.7381370738148689
  view-data: 3.486820176243782
