times:
  edit-metadata: 1.4417219534516335
  landing: 0.7096098139882088
  view-data: 3.508504942059517
