times:
  edit-metadata: 1.1497830599546432
  landing: 0.712923988699913
  view-data: 3.549487844109535
