times:
  edit-metadata: 1.4053817316889763
  landing: 0.8332646936178207
  view-data: 3.514807939529419
