times:
  edit-metadata: 1.4099561646580696
  landing: 0.7498863637447357
  view-data: 3.4482968747615814
