times:
  edit-metadata: 1.5298987552523613
  landing: 0.7810981348156929
  view-data: 3.541152685880661
