times:
  edit-metadata: 1.4104294925928116
  landing: 0.7818241938948631
  view-data: 3.409675031900406
