times:
  edit-metadata: 1.4491065368056297
  landing: 0.7699891477823257
  view-data: 3.331010825932026
