times:
  edit-metadata: 1.3511928096413612
  landing: 1.232521690428257
  view-data: 3.473687842488289
