times:
  edit-metadata: 1.4464272782206535
  landing: 0.6925057098269463
  view-data: 3.4902520403265953
