times:
  edit-metadata: 1.4549752101302147
  landing: 0.7477206364274025
  view-data: 3.4941464588046074
