times:
  edit-metadata: 1.1050965338945389
  landing: 0.7722021415829659
  view-data: 3.524037055671215
