times:
  edit-metadata: 1.533493995666504
  landing: 0.7635103389620781
  view-data: 3.504187159240246
