times:
  edit-metadata: 1.3590789213776588
  landing: 0.7303631007671356
  view-data: 3.4600508734583855
