times:
  edit-metadata: 1.3737599924206734
  landing: 0.6820329129695892
  view-data: 3.423462398350239
