times:
  edit-metadata: 1.4044270515441895
  landing: 0.9230940714478493
  view-data: 3.6628242284059525
