times:
  edit-metadata: 1.404143050312996
  landing: 0.7640751898288727
  view-data: 3.50099965184927
