times:
  edit-metadata: 2.685630112886429
  landing: 2.3880854323506355
  view-data: 3.7401707768440247
