times:
  edit-metadata: 1.461615651845932
  landing: 0.7501537129282951
  view-data: 3.456244044005871
