times:
  edit-metadata: 1.3429520279169083
  landing: 0.8589999228715897
  view-data: 3.50705549120903
