times:
  edit-metadata: 1.3637519925832748
  landing: 0.7146430388092995
  view-data: 3.4635221287608147
