times:
  edit-metadata: 1.4164072275161743
  landing: 0.6981984004378319
  view-data: 3.514049381017685
