times:
  edit-metadata: 1.3806137293577194
  landing: 0.8019589781761169
  view-data: 3.464173711836338
