times:
  edit-metadata: 1.4342238530516624
  landing: 0.7832260876893997
  view-data: 3.312860831618309
