times:
  edit-metadata: 1.46437406539917
  landing: 0.880542203783989
  view-data: 3.5678139328956604
