times:
  edit-metadata: 1.4568920284509659
  landing: 0.8436453714966774
  view-data: 3.4938449189066887
