times:
  edit-metadata: 1.3602147474884987
  landing: 0.7116481512784958
  view-data: 3.520577348768711
