times:
  edit-metadata: 1.3964995294809341
  landing: 0.75169288367033
  view-data: 3.5062691271305084
