times:
  edit-metadata: 1.4503137916326523
  landing: 0.7417200058698654
  view-data: 3.508081778883934
