times:
  edit-metadata: 1.4223288148641586
  landing: 0.8295154497027397
  view-data: 3.5217794105410576
