times:
  edit-metadata: 1.4681042432785034
  landing: 0.7386357113718987
  view-data: 3.3637515157461166
