times:
  edit-metadata: 1.5790242329239845
  landing: 0.9346259906888008
  view-data: 3.423969551920891
