times:
  edit-metadata: 1.3391086533665657
  landing: 0.7489520683884621
  view-data: 3.2863395512104034
