times:
  edit-metadata: 1.3567372485995293
  landing: 0.7736474275588989
  view-data: 3.3211426213383675
