times:
  edit-metadata: 1.4282927513122559
  landing: 0.7631215155124664
  view-data: 3.5341604575514793
