times:
  edit-metadata: 1.4209770485758781
  landing: 0.7036463394761086
  view-data: 3.4884197935462
