times:
  edit-metadata: 1.4772541224956512
  landing: 0.7269825264811516
  view-data: 3.4468728601932526
