times:
  edit-metadata: 1.3420727401971817
  landing: 0.7957932651042938
  view-data: 3.28638706356287
