times:
  edit-metadata: 2.3280621469020844
  landing: 1.617650955915451
  view-data: 3.7604195922613144
