times:
  edit-metadata: 1.4934375435113907
  landing: 0.7209297269582748
  view-data: 3.3668550103902817
