times:
  edit-metadata: 1.4500897973775864
  landing: 0.919793039560318
  view-data: 3.556422971189022
