times:
  edit-metadata: 1.494937725365162
  landing: 0.808065839111805
  view-data: 3.4268746227025986
