times:
  edit-metadata: 1.0343384600710124
  landing: 0.052034809021279216
  view-data: 0.3798503789585084
