times:
  edit-metadata: 1.6450963392853737
  landing: 1.0193572528660297
  view-data: 3.407545879483223
