times:
  edit-metadata: 1.8050001449882984
  landing: 1.0842246059328318
  view-data: 3.4381459448486567
