times:
  edit-metadata: 1.0180198189336807
  landing: 0.07288574986159801
  view-data: 0.27322928700596094
