times:
  edit-metadata: 1.5606983322650194
  landing: 0.8811515048146248
  view-data: 3.3831236325204372
