times:
  edit-metadata: 2.008008185774088
  landing: 1.110301312059164
  view-data: 3.404544002376497
