times:
  edit-metadata: 1.531724140048027
  landing: 1.0101059526205063
  view-data: 3.3669788651168346
