times:
  edit-metadata: 1.4267791179008782
  landing: 0.8150467784143984
  view-data: 3.3561557177454233
