times:
  edit-metadata: 1.0045615860726684
  landing: 0.07027819310314953
  view-data: 0.3774798570666462
