times:
  edit-metadata: 1.059005618095398
  landing: 0.05104003893211484
  view-data: 0.24250523699447513
