times:
  edit-metadata: 1.9040293358266354
  landing: 1.2905549816787243
  view-data: 3.4199113622307777
