times:
  edit-metadata: 1.4479501228779554
  landing: 1.0977891441434622
  view-data: 3.738021608442068
