times:
  edit-metadata: 1.432973250048235
  landing: 0.8934772738721222
  view-data: 3.3387130019254982
