times:
  edit-metadata: 1.4807652682065964
  landing: 1.03895827755332
  view-data: 3.380662512034178
