times:
  edit-metadata: 1.4318269658833742
  landing: 0.7816669838503003
  view-data: 3.3140822001732886
