times:
  edit-metadata: 1.4984050020575523
  landing: 0.9326584888622165
  view-data: 3.3760084197856486
