times:
  edit-metadata: 1.0083874780102633
  landing: 0.08169834699947387
  view-data: 0.24669253797037527
