times:
  edit-metadata: 1.5383199453353882
  landing: 1.0500385835766792
  view-data: 3.321573968976736
