times:
  edit-metadata: 1.4121950697153807
  landing: 0.822775699198246
  view-data: 3.3629278196021914
