times:
  edit-metadata: 1.4060027692466974
  landing: 0.8659114488400519
  view-data: 3.3592725628986955
