times:
  edit-metadata: 1.5388411059975624
  landing: 0.8124844320118427
  view-data: 3.4459388442337513
