times:
  edit-metadata: 1.5920779518783092
  landing: 0.8413055106066167
  view-data: 3.353777067735791
