times:
  edit-metadata: 0.9929932351224124
  landing: 0.07710246881470084
  view-data: 0.382423201110214
