times:
  edit-metadata: 1.7336385771632195
  landing: 1.2564093060791492
  view-data: 3.40598364174366
