times:
  edit-metadata: 1.4397574737668037
  landing: 0.84925577044487
  view-data: 3.314247637987137
