times:
  edit-metadata: 0.9765389361418784
  landing: 0.08713723998516798
  view-data: 0.238803697982803
