times:
  edit-metadata: 1.7443907726556063
  landing: 1.07128494232893
  view-data: 3.375418597832322
