times:
  edit-metadata: 1.539352972060442
  landing: 0.9967096140608191
  view-data: 3.3532838271930814
