times:
  edit-metadata: 1.4328189678490162
  landing: 0.9669509679079056
  view-data: 3.4809405244886875
