times:
  edit-metadata: 1.0111414608545601
  landing: 0.06627268716692924
  view-data: 0.24076005211099982
