times:
  edit-metadata: 1.6690621461020783
  landing: 0.823784876964055
  view-data: 3.2638954439898953
