times:
  edit-metadata: 1.4090039283037186
  landing: 0.9390409924089909
  view-data: 3.3337421379983425
