times:
  edit-metadata: 1.6316233314573765
  landing: 0.9814755693078041
  view-data: 3.472381606698036
