times:
  edit-metadata: 1.6720257364213467
  landing: 1.0258432403206825
  view-data: 3.3378437235951424
