times:
  edit-metadata: 1.6907156985253096
  landing: 1.056553678587079
  view-data: 3.42604498565197
