times:
  edit-metadata: 1.5300126448273659
  landing: 0.9142888635396957
  view-data: 3.441451895982027
