times:
  edit-metadata: 1.4384887809865177
  landing: 0.801700979936868
  view-data: 3.3384969830513
