times:
  edit-metadata: 1.4504547100514174
  landing: 1.1847852179780602
  view-data: 3.28242711070925
