times:
  edit-metadata: 1.4719237920362502
  landing: 0.8877204328309745
  view-data: 3.445093862945214
