times:
  edit-metadata: 2.064822591841221
  landing: 1.2690719813108444
  view-data: 3.47867688909173
