times:
  edit-metadata: 1.5060000894591212
  landing: 0.8754506148397923
  view-data: 3.387428424321115
