times:
  edit-metadata: 1.380412582308054
  landing: 2.2505497075617313
  view-data: 3.318905685096979
