times:
  edit-metadata: 0.785540985991247
  landing: 0.08250447094906121
  view-data: 0.2337837259983644
