times:
  edit-metadata: 1.6575520900078118
  landing: 0.9453594340011477
  view-data: 3.371797016938217
