times:
  edit-metadata: 1.4255080008879304
  landing: 8.07701819203794
  view-data: 3.300752516835928
