times:
  edit-metadata: 1.7206492237746716
  landing: 1.1016995161771774
  view-data: 3.3048111125826836
