times:
  edit-metadata: 1.507056774571538
  landing: 1.0570809869095683
  view-data: 3.5207580802962184
