times:
  edit-metadata: 1.605203341692686
  landing: 1.0560988560318947
  view-data: 3.3889044634997845
