times:
  edit-metadata: 1.5529267452657223
  landing: 1.03607914224267
  view-data: 3.3086112458258867
