times:
  edit-metadata: 0.8040293459780514
  landing: 0.07093854900449514
  view-data: 0.23145086999284104
