times:
  edit-metadata: 1.6572200320661068
  landing: 1.1989040225744247
  view-data: 3.3611279390752316
