times:
  edit-metadata: 1.4901468269526958
  landing: 0.9486418105661869
  view-data: 3.371239796280861
