times:
  edit-metadata: 1.0488547060085693
  landing: 0.06359782700019423
  view-data: 0.2707151400099974
