times:
  edit-metadata: 1.604294141754508
  landing: 0.9146400056779385
  view-data: 3.400373660027981
