times:
  edit-metadata: 1.059360498096794
  landing: 0.05961169395595789
  view-data: 0.2438304298557341
