times:
  edit-metadata: 1.4117929870262742
  landing: 0.893601865042001
  view-data: 3.3332048789598048
