times:
  edit-metadata: 2.3124605529010296
  landing: 1.328246358782053
  view-data: 3.690266977995634
