times:
  edit-metadata: 1.0331797180697322
  landing: 0.06660586502403021
  view-data: 0.25109479180537164
