times:
  edit-metadata: 1.7632145136594772
  landing: 0.9983865022659302
  view-data: 3.445978097617626
