times:
  edit-metadata: 1.0164410551078618
  landing: 0.05298805306665599
  view-data: 0.24525099899619818
