times:
  edit-metadata: 1.0221939538605511
  landing: 0.06887258309870958
  view-data: 0.3887037499807775
