times:
  edit-metadata: 1.0383302648551762
  landing: 0.04824473196640611
  view-data: 0.2435648289974779
