times:
  edit-metadata: 1.6319920551031828
  landing: 0.8835214301943779
  view-data: 3.397048957645893
