times:
  edit-metadata: 1.0024909959174693
  landing: 0.07088588795159012
  view-data: 0.25470441801007837
