times:
  edit-metadata: 0.9927625299897045
  landing: 0.06984210200607777
  view-data: 0.24085012613795698
