times:
  edit-metadata: 1.1121444660238922
  landing: 0.06455282995011657
  view-data: 0.26232864696066827
