times:
  edit-metadata: 1.554582841694355
  landing: 0.9393378980457783
  view-data: 3.308799162507057
