times:
  edit-metadata: 1.4290516898036003
  landing: 0.7708852617070079
  view-data: 3.414990088902414
