times:
  edit-metadata: 1.6625175923109055
  landing: 1.0447944812476635
  view-data: 3.3507205583155155
