times:
  edit-metadata: 1.5373471453785896
  landing: 1.157833456993103
  view-data: 3.3009269796311855
