times:
  edit-metadata: 2.6426374558359385
  landing: 1.5485348710790277
  view-data: 3.6137188617140055
