times:
  edit-metadata: 1.0256519536487758
  landing: 0.06871236488223076
  view-data: 0.2474470636807382
