times:
  edit-metadata: 1.5127867478877306
  landing: 0.8069657310843468
  view-data: 3.391051398590207
