times:
  edit-metadata: 1.5234503597021103
  landing: 0.8867911733686924
  view-data: 3.415268264710903
