times:
  edit-metadata: 1.5350869409739971
  landing: 0.8190303035080433
  view-data: 3.383229261264205
