times:
  edit-metadata: 1.5172429606318474
  landing: 0.7812999747693539
  view-data: 3.4047473333775997
