times:
  edit-metadata: 1.5452871304005384
  landing: 0.7910811249166727
  view-data: 3.44754377938807
