times:
  edit-metadata: 1.3888347810134292
  landing: 0.7668684129603207
  view-data: 3.2910680340137333
