times:
  edit-metadata: 1.3619263768196106
  landing: 0.8829632699489594
  view-data: 3.300172906368971
