times:
  edit-metadata: 1.5073388740420341
  landing: 0.9561896361410618
  view-data: 3.4101056158542633
