times:
  edit-metadata: 1.5127129312604666
  landing: 0.8010860905051231
  view-data: 3.3934771958738565
