times:
  edit-metadata: 1.56180901825428
  landing: 0.9555192030966282
  view-data: 3.3674926795065403
