times:
  edit-metadata: 2.229587350040674
  landing: 1.3669984117150307
  view-data: 0.7234330466017127
