times:
  edit-metadata: 1.0513066807761788
  landing: 0.05138616496697068
  view-data: 0.26105274306610227
