times:
  edit-metadata: 1.5561457872390747
  landing: 1.0178630761802197
  view-data: 3.441615369170904
