times:
  edit-metadata: 1.5268744435161352
  landing: 0.8288340400904417
  view-data: 3.3976638093590736
