times:
  edit-metadata: 1.6358189657330513
  landing: 1.0672820042818785
  view-data: 3.4828319642692804
