times:
  edit-metadata: 1.4548672214150429
  landing: 0.9991626963019371
  view-data: 3.336573764681816
