times:
  edit-metadata: 1.4426363818347454
  landing: 0.8684707032516599
  view-data: 3.417869350872934
