times:
  edit-metadata: 1.9054775787517428
  landing: 1.188868003897369
  view-data: 3.4044327894225717
