times:
  edit-metadata: 1.4229724071919918
  landing: 0.8155192285776138
  view-data: 3.43539784476161
