times:
  edit-metadata: 1.933603785932064
  landing: 1.3183969408273697
  view-data: 3.3395694084465504
