times:
  edit-metadata: 1.4172258051112294
  landing: 0.889895536005497
  view-data: 3.3559344420209527
