times:
  edit-metadata: 1.429578222334385
  landing: 0.9197959899902344
  view-data: 3.3229073211550713
