times:
  edit-metadata: 1.6543260319158435
  landing: 0.9577131783589721
  view-data: 3.3544423850253224
