times:
  edit-metadata: 1.7489857729524374
  landing: 0.8954416960477829
  view-data: 3.2852302249521017
