times:
  edit-metadata: 1.4299626909196377
  landing: 1.029235064983368
  view-data: 3.415489237755537
