times:
  edit-metadata: 1.5377179235219955
  landing: 0.8047632090747356
  view-data: 3.413159642368555
