times:
  edit-metadata: 1.5345586705952883
  landing: 0.9181126244366169
  view-data: 3.353854464367032
