times:
  edit-metadata: 2.432175051420927
  landing: 1.4591782465577126
  view-data: 3.5442875865846872
