times:
  edit-metadata: 1.552871722728014
  landing: 1.0083364993333817
  view-data: 3.404296338558197
