times:
  edit-metadata: 1.5243975836783648
  landing: 0.8932110331952572
  view-data: 3.435640199109912
