times:
  edit-metadata: 1.5364662073552608
  landing: 0.9804343208670616
  view-data: 3.3766976445913315
