times:
  edit-metadata: 1.4519810359925032
  landing: 0.8958263238891959
  view-data: 3.3584345085546374
