times:
  edit-metadata: 1.5452361889183521
  landing: 0.8702669888734818
  view-data: 3.43232548981905
