times:
  edit-metadata: 1.0200123460963368
  landing: 0.07331352191977203
  view-data: 0.27754933293908834
