times:
  edit-metadata: 1.5891189873218536
  landing: 1.0443621054291725
  view-data: 3.3554633036255836
