times:
  edit-metadata: 1.5974907390773296
  landing: 1.1303192302584648
  view-data: 3.338092401623726
