times:
  edit-metadata: 1.4457619115710258
  landing: 0.9286095835268497
  view-data: 3.3520072624087334
