times:
  edit-metadata: 1.616174215450883
  landing: 1.0937724355608225
  view-data: 3.5411044619977474
