times:
  edit-metadata: 0.7817090910393745
  landing: 0.06478936300845817
  view-data: 0.2419759730109945
