times:
  edit-metadata: 1.544381771236658
  landing: 1.0049301590770483
  view-data: 3.297951238229871
