times:
  edit-metadata: 1.6510518299182877
  landing: 0.9514023400843143
  view-data: 3.323994882986881
