times:
  edit-metadata: 1.6368955289945006
  landing: 1.0555880300235003
  view-data: 3.3459168329136446
