times:
  edit-metadata: 1.385523147881031
  landing: 0.8299555964767933
  view-data: 3.399204671382904
