times:
  edit-metadata: 1.5852081887423992
  landing: 0.9604568518698215
  view-data: 3.4489539824426174
