times:
  edit-metadata: 1.5517593808472157
  landing: 0.815468018874526
  view-data: 3.364358313381672
