times:
  edit-metadata: 1.0675421010237187
  landing: 0.07411472604144365
  view-data: 0.2852184879593551
