times:
  edit-metadata: 1.5163159696385264
  landing: 0.9472034964710474
  view-data: 3.4403511537238955
