times:
  edit-metadata: 1.4125753305852413
  landing: 0.8894109092652798
  view-data: 3.2748774737119675
