times:
  edit-metadata: 1.143969274009578
  landing: 0.14921280508860946
  view-data: 0.26658476202283055
