times:
  edit-metadata: 1.4522269684821367
  landing: 0.9496253337711096
  view-data: 3.3116932418197393
