times:
  edit-metadata: 1.564091233536601
  landing: 0.9944965709000826
  view-data: 3.4214916806668043
