times:
  edit-metadata: 1.0269834339851514
  landing: 0.04795427998760715
  view-data: 0.24037081602727994
