times:
  edit-metadata: 1.524213757365942
  landing: 1.0722017362713814
  view-data: 3.399748757481575
