times:
  edit-metadata: 1.6470728479325771
  landing: 1.1813380233943462
  view-data: 3.451037283986807
