times:
  edit-metadata: 1.0255525129614398
  landing: 0.07070152799133211
  view-data: 0.24768374604173005
