times:
  edit-metadata: 1.4554359465837479
  landing: 0.9922309778630733
  view-data: 3.342273071408272
