times:
  edit-metadata: 1.4968760684132576
  landing: 0.9387663975358009
  view-data: 3.3113789670169353
