times:
  edit-metadata: 0.9875854121055454
  landing: 0.0681023879442364
  view-data: 0.25620127306319773
