times:
  edit-metadata: 1.4845023788511753
  landing: 0.7598414197564125
  view-data: 3.3465197421610355
