times:
  edit-metadata: 1.0064199330518022
  landing: 0.06416830304078758
  view-data: 0.25634653703309596
