times:
  edit-metadata: 1.4851577132940292
  landing: 1.1880958266556263
  view-data: 3.369543459266424
