times:
  edit-metadata: 1.4231163002550602
  landing: 0.9249252453446388
  view-data: 3.293601617217064
