times:
  edit-metadata: 1.4273493196815252
  landing: 0.8633121978491545
  view-data: 3.370289508253336
