times:
  edit-metadata: 1.7423741146922112
  landing: 0.959481555968523
  view-data: 3.424257580190897
