times:
  edit-metadata: 1.5492317155003548
  landing: 0.8593400456011295
  view-data: 3.391600599512458
