times:
  edit-metadata: 1.0482124459231272
  landing: 0.07809837604872882
  view-data: 0.2805058740777895
