times:
  edit-metadata: 1.4965718183666468
  landing: 0.8803338017314672
  view-data: 3.38276894018054
