times:
  edit-metadata: 1.4463074561208487
  landing: 1.0140037350356579
  view-data: 3.3632531948387623
