times:
  edit-metadata: 1.3743047110037878
  landing: 0.8802285940619186
  view-data: 3.553348719025962
