times:
  edit-metadata: 1.8177288924343884
  landing: 1.188464327249676
  view-data: 3.3722637868486345
