times:
  edit-metadata: 1.6281154472380877
  landing: 0.9920963887125254
  view-data: 3.3409730195999146
