times:
  edit-metadata: 1.570083923637867
  landing: 0.966541301459074
  view-data: 3.3233426101505756
