times:
  edit-metadata: 0.9924486549571157
  landing: 0.06348604499362409
  view-data: 0.2419811668805778
