times:
  edit-metadata: 1.080234256980475
  landing: 0.05057285400107503
  view-data: 0.24055223100003786
