times:
  edit-metadata: 1.3529624305665493
  landing: 0.8368205511942506
  view-data: 3.3254085443913937
