times:
  edit-metadata: 1.2728667850024067
  landing: 0.21185917902039364
  view-data: 0.23785767797380686
