times:
  edit-metadata: 1.6014050617814064
  landing: 1.1099655479192734
  view-data: 3.3831395134329796
