times:
  edit-metadata: 1.0011729600373656
  landing: 0.0716741350479424
  view-data: 0.25169693608768284
