times:
  edit-metadata: 1.5217095892876387
  landing: 0.9195343814790249
  view-data: 3.4856655076146126
