times:
  edit-metadata: 1.5942505914717913
  landing: 0.9753690119832754
  view-data: 3.4955346696078777
