times:
  edit-metadata: 1.0538492209743708
  landing: 0.05596083193086088
  view-data: 0.25135614397004247
