times:
  edit-metadata: 0.9857246859464794
  landing: 0.07664919504895806
  view-data: 0.2688392121344805
