times:
  edit-metadata: 1.562819855287671
  landing: 0.7985654305666685
  view-data: 3.3647580053657293
