times:
  edit-metadata: 0.998170014936477
  landing: 0.06141979503445327
  view-data: 0.24675474409013987
