times:
  edit-metadata: 1.5377026880159974
  landing: 0.8891100101172924
  view-data: 3.60183210298419
