times:
  edit-metadata: 1.9986384101212025
  landing: 1.5614297837018967
  view-data: 3.3578111976385117
