times:
  edit-metadata: 1.509623528458178
  landing: 0.9610605388879776
  view-data: 3.3732530688866973
