times:
  edit-metadata: 1.688371654599905
  landing: 0.961422760039568
  view-data: 3.4474330246448517
