times:
  edit-metadata: 1.0720114720170386
  landing: 0.053086656029336154
  view-data: 0.24006309401011094
