times:
  edit-metadata: 1.6430550124496222
  landing: 0.9556319490075111
  view-data: 3.426604751497507
