times:
  edit-metadata: 1.4665683917701244
  landing: 1.0602345690131187
  view-data: 3.3619296476244926
