times:
  edit-metadata: 1.5063982270658016
  landing: 0.8486903910525143
  view-data: 3.394635339966044
