times:
  edit-metadata: 1.0441220367792994
  landing: 0.07106151687912643
  view-data: 0.2565729219932109
