times:
  edit-metadata: 1.4146514497697353
  landing: 1.0356928408145905
  view-data: 3.3461111783981323
