times:
  edit-metadata: 1.5520667005330324
  landing: 0.8397961463779211
  view-data: 3.439820496365428
