times:
  edit-metadata: 1.3430976532399654
  landing: 0.8039225153625011
  view-data: 3.3451787047088146
