times:
  edit-metadata: 0.9908807817846537
  landing: 0.08197654783725739
  view-data: 0.24708215706050396
