times:
  edit-metadata: 1.5475971344858408
  landing: 0.8416935671120882
  view-data: 3.3793631400913
