times:
  edit-metadata: 1.421295447042212
  landing: 0.7843792010098696
  view-data: 3.3241059449501336
