times:
  edit-metadata: 1.4258902296423912
  landing: 0.9925266988575459
  view-data: 3.412596944719553
