times:
  edit-metadata: 1.4121675631031394
  landing: 0.8661535391584039
  view-data: 3.292374742217362
