times:
  edit-metadata: 1.5127199292182922
  landing: 1.1406424641609192
  view-data: 3.4322377741336823
