times:
  edit-metadata: 1.5153594762086868
  landing: 1.059672899544239
  view-data: 3.296878293156624
