times:
  edit-metadata: 1.536170108243823
  landing: 0.8890665676444769
  view-data: 3.3886807207018137
