times:
  edit-metadata: 1.0098945470526814
  landing: 0.07616698008496314
  view-data: 0.2344846399500966
