times:
  edit-metadata: 1.02432048402261
  landing: 0.05953808198682964
  view-data: 0.25097935693338513
