times:
  edit-metadata: 2.2506766840815544
  landing: 1.5794413909316063
  view-data: 3.5254687145352364
