times:
  edit-metadata: 1.0469649309525266
  landing: 0.08659059705678374
  view-data: 0.2795134059851989
