times:
  edit-metadata: 1.4016941525042057
  landing: 0.7335538920015097
  view-data: 3.284504719078541
