times:
  edit-metadata: 1.5653932821005583
  landing: 0.9935318287461996
  view-data: 3.3191987704485655
