times:
  edit-metadata: 1.482069544494152
  landing: 0.835663441568613
  view-data: 3.262264557182789
