times:
  edit-metadata: 1.3921358766965568
  landing: 0.8458334477618337
  view-data: 3.42511466704309
