times:
  edit-metadata: 1.514846857637167
  landing: 0.8032483495771885
  view-data: 3.3657102547585964
