times:
  edit-metadata: 1.5309648793190718
  landing: 0.8512429110705853
  view-data: 3.4688068199902773
