times:
  edit-metadata: 4.498591592069715
  landing: 1.3539994852617383
  view-data: 4.196787673048675
