times:
  edit-metadata: 1.5486698281019926
  landing: 1.0042170130182058
  view-data: 3.3320341820362955
