times:
  edit-metadata: 1.407366368919611
  landing: 1.0305247567594051
  view-data: 3.303591150790453
