times:
  edit-metadata: 0.987488164100796
  landing: 0.07927543204277754
  view-data: 0.23928017891012132
