times:
  edit-metadata: 1.5452211499214172
  landing: 0.9489253237843513
  view-data: 3.3882549107074738
