times:
  edit-metadata: 1.5707962680608034
  landing: 0.8154788445681334
  view-data: 3.4027815628796816
