times:
  edit-metadata: 1.5718862251378596
  landing: 1.0818514521233737
  view-data: 3.3342571882531047
