times:
  edit-metadata: 0.9942569946870208
  landing: 0.06005837768316269
  view-data: 0.2789512937888503
