times:
  edit-metadata: 1.0271642038132995
  landing: 0.056260199984535575
  view-data: 0.24057950801216066
