times:
  edit-metadata: 1.5352351982146502
  landing: 0.9505846854299307
  view-data: 3.3842083159834146
