times:
  edit-metadata: 1.067789911001455
  landing: 0.04964075399766443
  view-data: 0.23920794999867212
