times:
  edit-metadata: 1.0123061150079593
  landing: 0.09073098399676383
  view-data: 0.25571801303885877
