times:
  edit-metadata: 1.9297392424196005
  landing: 1.1993497824296355
  view-data: 3.4691224889829755
