times:
  edit-metadata: 2.3991543632000685
  landing: 1.226836770772934
  view-data: 3.366795890033245
