times:
  edit-metadata: 0.9748062989674509
  landing: 0.07753557502292097
  view-data: 0.37415939290076494
