times:
  edit-metadata: 1.0130653840024024
  landing: 0.06971436692401767
  view-data: 0.26975993695668876
