times:
  edit-metadata: 1.4997725151479244
  landing: 0.8266878705471754
  view-data: 3.354574041441083
