times:
  edit-metadata: 1.4218952939845622
  landing: 1.0526954408269376
  view-data: 3.382656360976398
