times:
  edit-metadata: 1.3234233311377466
  landing: 0.7210928399581462
  view-data: 3.343627657974139
