times:
  edit-metadata: 1.5321543328464031
  landing: 0.8836553059518337
  view-data: 3.471838179975748
