times:
  edit-metadata: 0.8038864720147103
  landing: 0.0646245310199447
  view-data: 0.2581199469859712
