times:
  edit-metadata: 0.9691008948720992
  landing: 0.07559218094684184
  view-data: 0.2699152131099254
