times:
  edit-metadata: 0.9830598179250956
  landing: 0.07414914481341839
  view-data: 0.4029907090589404
