times:
  edit-metadata: 1.6628619022667408
  landing: 1.1793398968875408
  view-data: 3.344818849116564
