times:
  edit-metadata: 1.6565669234842062
  landing: 1.0576588567346334
  view-data: 3.381557167507708
