times:
  edit-metadata: 1.5517266914248466
  landing: 0.8498623762279749
  view-data: 3.447825100272894
