times:
  edit-metadata: 1.5651796087622643
  landing: 1.0611575040966272
  view-data: 3.363381812348962
