times:
  edit-metadata: 3.3738125041127205
  landing: 1.8687212876975536
  view-data: 3.426917113363743
