times:
  edit-metadata: 1.0024353660000997
  landing: 0.07084121899970341
  view-data: 0.2557257429998572
