times:
  edit-metadata: 1.448049433529377
  landing: 0.8227140810340643
  view-data: 3.341906912624836
