times:
  edit-metadata: 1.589888360351324
  landing: 0.7403792068362236
  view-data: 3.3632900193333626
