times:
  edit-metadata: 0.9859282239922322
  landing: 0.05054232900147326
  view-data: 0.2637962510052603
