times:
  edit-metadata: 1.4310041405260563
  landing: 0.907293900847435
  view-data: 3.3335498636588454
