times:
  edit-metadata: 1.5740273110568523
  landing: 0.8689293731004
  view-data: 3.4099344052374363
