times:
  edit-metadata: 1.5465600863099098
  landing: 1.007464624941349
  view-data: 3.406166657805443
