times:
  edit-metadata: 2.041993275284767
  landing: 1.7016165927052498
  view-data: 3.564549695700407
