times:
  edit-metadata: 1.4008040484040976
  landing: 0.8479079511016607
  view-data: 3.2626514118164778
