times:
  edit-metadata: 1.5375608801841736
  landing: 0.9767478499561548
  view-data: 3.3830293836072087
