times:
  edit-metadata: 2.3283177046105266
  landing: 0.9287433158606291
  view-data: 3.37598757725209
