times:
  edit-metadata: 1.446856489405036
  landing: 0.7824209611862898
  view-data: 3.384415600448847
