times:
  edit-metadata: 1.5234119277447462
  landing: 0.7933858297765255
  view-data: 3.3867340460419655
