times:
  edit-metadata: 1.6903495229780674
  landing: 1.0322090238332748
  view-data: 3.4253642819821835
