times:
  edit-metadata: 1.5287051163613796
  landing: 0.7946673892438412
  view-data: 3.3805739618837833
