times:
  edit-metadata: 1.4985428117215633
  landing: 0.8066239655017853
  view-data: 3.4151267167180777
