times:
  edit-metadata: 1.4005565149709582
  landing: 0.969678889028728
  view-data: 3.3772553470917046
