times:
  edit-metadata: 1.539437348023057
  landing: 0.7896750513464212
  view-data: 3.3801242858171463
