times:
  edit-metadata: 1.4544629901647568
  landing: 0.8933304138481617
  view-data: 3.3933996185660362
