times:
  edit-metadata: 1.0915403469698504
  landing: 0.0700746999355033
  view-data: 0.2324229460209608
