times:
  edit-metadata: 1.5801602192223072
  landing: 0.8634555004537106
  view-data: 3.4485241025686264
