times:
  edit-metadata: 1.0367878209799528
  landing: 0.04926401699776761
  view-data: 0.36504880400025286
