times:
  edit-metadata: 1.5061861388385296
  landing: 0.7704919911921024
  view-data: 3.352256640791893
