times:
  edit-metadata: 1.49707767739892
  landing: 0.8752423524856567
  view-data: 3.4445213302969933
