times:
  edit-metadata: 1.494856335222721
  landing: 0.9126859344542027
  view-data: 3.276626657694578
