times:
  edit-metadata: 1.502026591449976
  landing: 0.8024105969816446
  view-data: 3.3564054388552904
