times:
  edit-metadata: 1.4351137727499008
  landing: 1.028822347521782
  view-data: 3.3328403681516647
