times:
  edit-metadata: 1.4847761653363705
  landing: 0.7984794545918703
  view-data: 3.3231743052601814
