times:
  edit-metadata: 1.4691767916083336
  landing: 1.6963884867727757
  view-data: 3.32498636841774
