times:
  edit-metadata: 1.5024872347712517
  landing: 0.9946619160473347
  view-data: 3.3788681626319885
