times:
  edit-metadata: 1.043159694003407
  landing: 0.05265012301970273
  view-data: 0.24566115502966568
