times:
  edit-metadata: 1.5157995596528053
  landing: 1.0712699592113495
  view-data: 3.3677418492734432
