times:
  edit-metadata: 1.7610422857105732
  landing: 1.2075181417167187
  view-data: 3.826404470950365
