times:
  edit-metadata: 1.5445464700460434
  landing: 0.8723250217735767
  view-data: 3.4294142685830593
