times:
  edit-metadata: 1.668379731476307
  landing: 0.987083625048399
  view-data: 3.310724161565304
