times:
  edit-metadata: 2.512411827221513
  landing: 1.4752482390031219
  view-data: 3.617763132788241
