times:
  edit-metadata: 1.250024776905775
  landing: 0.16454444895498455
  view-data: 0.3482367070391774
