times:
  edit-metadata: 1.539072711020708
  landing: 0.8130850754678249
  view-data: 3.3376893512904644
