times:
  edit-metadata: 1.4239309774711728
  landing: 0.8434027982875705
  view-data: 3.413028948009014
