times:
  edit-metadata: 1.4317595632746816
  landing: 0.8031341210007668
  view-data: 3.391104456037283
