times:
  edit-metadata: 1.649995420128107
  landing: 0.9551594592630863
  view-data: 3.3361086919903755
