times:
  edit-metadata: 1.5647360431030393
  landing: 0.9015722759068012
  view-data: 3.404708649031818
