times:
  edit-metadata: 1.4576525315642357
  landing: 1.0092964135110378
  view-data: 3.3985353894531727
