times:
  edit-metadata: 1.4077260680496693
  landing: 0.9671964794397354
  view-data: 3.349163044244051
