times:
  edit-metadata: 1.904485609382391
  landing: 1.179448127746582
  view-data: 3.464918214827776
