times:
  edit-metadata: 1.4290092587471008
  landing: 0.9517462961375713
  view-data: 3.335956387221813
