times:
  edit-metadata: 1.5678065083920956
  landing: 1.0572384484112263
  view-data: 3.3454399295151234
