times:
  edit-metadata: 1.015709935920313
  landing: 0.07537892810069025
  view-data: 0.24053678498603404
