times:
  edit-metadata: 1.5137844774872065
  landing: 0.8435619715601206
  view-data: 3.3970067761838436
