times:
  edit-metadata: 1.548241840209812
  landing: 0.8337456360459328
  view-data: 3.41259924788028
