times:
  edit-metadata: 1.5262443590909243
  landing: 0.8466851897537708
  view-data: 3.3878651913255453
