times:
  edit-metadata: 1.438819364644587
  landing: 0.8501027440652251
  view-data: 3.4267989844083786
