times:
  edit-metadata: 1.377806268632412
  landing: 0.688192468136549
  view-data: 3.2916590683162212
