times:
  edit-metadata: 2.9441657550632954
  landing: 1.1282516606152058
  view-data: 3.972701132297516
