times:
  edit-metadata: 1.938607720658183
  landing: 0.9523769039660692
  view-data: 3.4541711378842592
