times:
  edit-metadata: 1.4802879132330418
  landing: 0.9507952928543091
  view-data: 3.3437240347266197
