times:
  edit-metadata: 2.2808670923113823
  landing: 1.4350641146302223
  view-data: 3.3882606141269207
