times:
  edit-metadata: 2.054284993559122
  landing: 1.6541853584349155
  view-data: 3.4528442695736885
