times:
  edit-metadata: 1.4295215755701065
  landing: 1.0057549439370632
  view-data: 3.3704081512987614
