times:
  edit-metadata: 1.0049705340061337
  landing: 0.06921898503787816
  view-data: 0.27108348393812776
