times:
  edit-metadata: 1.4498448064550757
  landing: 0.8954117596149445
  view-data: 3.367336882278323
