times:
  edit-metadata: 1.543725909665227
  landing: 1.0284753143787384
  view-data: 3.4352388065308332
