times:
  edit-metadata: 1.9462485611438751
  landing: 1.0462351329624653
  view-data: 3.357220873236656
