times:
  edit-metadata: 1.0333194572012872
  landing: 0.06584393116645515
  view-data: 0.26130987307988107
