times:
  edit-metadata: 1.5930010918527842
  landing: 0.9558046851307154
  view-data: 3.359792524948716
