times:
  edit-metadata: 1.5234681889414787
  landing: 0.8607163485139608
  view-data: 3.382168984040618
