times:
  edit-metadata: 1.5877374801784754
  landing: 0.7834878452122211
  view-data: 3.4378231279551983
