times:
  edit-metadata: 0.9702795000048354
  landing: 0.07430696999654174
  view-data: 0.25895110599230975
