times:
  edit-metadata: 1.6212070677429438
  landing: 0.9508783351629972
  view-data: 3.4634369760751724
