times:
  edit-metadata: 1.3231959827244282
  landing: 0.723468255251646
  view-data: 3.3178133331239223
