times:
  edit-metadata: 1.5096187801100314
  landing: 0.8007689318619668
  view-data: 3.3840594510547817
