times:
  edit-metadata: 1.0817596249980852
  landing: 0.06457076699007303
  view-data: 0.26605384598951787
