times:
  edit-metadata: 1.424493188969791
  landing: 0.8494085250422359
  view-data: 3.593056625686586
