times:
  edit-metadata: 3.9536594413220882
  landing: 2.227476119995117
  view-data: 4.2172547578811646
