times:
  edit-metadata: 1.0279717890080065
  landing: 0.07264440204016864
  view-data: 0.2420652019791305
