times:
  edit-metadata: 1.7448614849708974
  landing: 1.0629633367061615
  view-data: 3.379994843620807
