times:
  edit-metadata: 1.0817000460228883
  landing: 0.08458736795000732
  view-data: 0.26522171398391947
