times:
  edit-metadata: 1.5083593763411045
  landing: 2.07906542904675
  view-data: 3.338466076180339
