times:
  edit-metadata: 1.4933620132505894
  landing: 1.0477605648338795
  view-data: 3.502394761890173
