times:
  edit-metadata: 2.5121822245419025
  landing: 1.4909304138273
  view-data: 3.55161639302969
