times:
  edit-metadata: 1.4563825568184257
  landing: 0.8058308325707912
  view-data: 3.369834969751537
