times:
  edit-metadata: 1.4899896513670683
  landing: 0.7790076714009047
  view-data: 3.3492483999580145
