times:
  edit-metadata: 1.6590368319302797
  landing: 0.8531955908983946
  view-data: 3.4093947615474463
