times:
  edit-metadata: 1.0383956199511886
  landing: 0.07036649202927947
  view-data: 0.2552606500685215
