times:
  edit-metadata: 1.5733209811151028
  landing: 1.1200808361172676
  view-data: 3.338611129671335
