times:
  edit-metadata: 1.38697577919811
  landing: 0.8522012801840901
  view-data: 3.502109918743372
