times:
  edit-metadata: 1.4392835274338722
  landing: 0.8313156310468912
  view-data: 3.4081989880651236
