times:
  edit-metadata: 1.5481044920161366
  landing: 0.8735961671918631
  view-data: 3.399160783737898
