times:
  edit-metadata: 0.9970329590141773
  landing: 0.07605941081419587
  view-data: 0.26160528184846044
