times:
  edit-metadata: 1.4448363622650504
  landing: 0.9368064580485225
  view-data: 3.3858068282715976
