times:
  edit-metadata: 1.088089704979211
  landing: 0.061075654812157154
  view-data: 0.2546550650149584
