times:
  edit-metadata: 1.5060667116194963
  landing: 0.7920936848968267
  view-data: 3.4505226854234934
