times:
  edit-metadata: 1.6915392633527517
  landing: 0.11583997309207916
  view-data: 0.10029220394790173
