times:
  landing: 0.5452137640000103
  view-data: 0.546705989000003
