times:
  edit-metadata: 1.5063892919570208
  landing: 0.7648696955293417
  view-data: 3.4627379029989243
