times:
  edit-metadata: 2.011365618556738
  landing: 0.02862045168876648
  view-data: 0.4508194215595722
