times:
  edit-metadata: 1.4651790633797646
  landing: 0.8890510275959969
  view-data: 3.4401459973305464
