times:
  edit-metadata: 0.6743569779209793
  landing: 0.05044736200943589
  view-data: 0.2047734479419887
