times:
  edit-metadata: 0.6372486189939082
  landing: 0.0866399509832263
  view-data: 0.27037491009104997
