times:
  edit-metadata: 0.7891213051043451
  landing: 0.08056579111143947
  view-data: 0.21417290484532714
