times:
  landing: 0.5522246460000133
  view-data: 0.5525615650001328
