times:
  edit-metadata: 1.732358567416668
  landing: 0.020974313840270042
  view-data: 0.02779277227818966
