times:
  edit-metadata: 1.712337363511324
  landing: 0.0919833229854703
  view-data: 0.1215879749506712
