times:
  edit-metadata: 1.2188125178217888
  landing: 0.04690800607204437
  view-data: 0.213166993111372
