times:
  edit-metadata: 0.7044005133211613
  landing: 0.04359776107594371
  view-data: 0.20587027072906494
