times:
  landing: 0.5627641080000103
  view-data: 0.5630966379999904
