times:
  edit-metadata: 1.3071413352154195
  landing: 1.236517176963389
  view-data: 3.2928017270751297
