times:
  edit-metadata: 1.306473920121789
  landing: 1.0914550721645355
  view-data: 0.6144226156175137
