times:
  landing: 0.5491295089999824
  view-data: 0.5519865889999949
