times:
  edit-metadata: 1.2514124270528555
  landing: 0.5574872680008411
  view-data: 0.2071890700608492
