times:
  edit-metadata: 1.3885673829354346
  landing: 0.8517100852914155
  view-data: 3.239687191788107
