times:
  edit-metadata: 0.8337270109914243
  landing: 0.04400369292125106
  view-data: 0.3594539207406342
