times:
  edit-metadata: 1.2898535588756204
  landing: 0.8133859680965543
  view-data: 0.4410574799403548
