times:
  edit-metadata: 1.6958833411335945
  landing: 0.019649280235171318
  view-data: 0.02613391075283289
