times:
  edit-metadata: 1.7348103802651167
  landing: 0.022167755290865898
  view-data: 0.024284101091325283
