times:
  edit-metadata: 0.703008271753788
  landing: 0.04154385905712843
  view-data: 0.21442199405282736
