times:
  edit-metadata: 1.6715537533164024
  landing: 0.8093849085271358
  view-data: 0.3142073303461075
