times:
  edit-metadata: 1.3593062460422516
  landing: 1.005248837172985
  view-data: 3.333151213824749
