times:
  edit-metadata: 1.9716275203973055
  landing: 0.1657471749931574
  view-data: 0.6627471148967743
