times:
  edit-metadata: 1.3825389631092548
  landing: 0.5736399833112955
  view-data: 0.6312626209110022
