times:
  edit-metadata: 1.4728819746524096
  landing: 0.8507664874196053
  view-data: 3.514307176694274
