times:
  edit-metadata: 0.7108086803928018
  landing: 0.048545836471021175
  view-data: 0.20155222341418266
