times:
  edit-metadata: 1.6073705907911062
  landing: 0.02123921737074852
  view-data: 0.023866476491093636
