times:
  edit-metadata: 1.2999129011295736
  landing: 0.8307343409396708
  view-data: 3.418945217039436
