times:
  edit-metadata: 1.6860443810001016
  landing: 0.7826421968638897
  view-data: 3.2894488649908453
