times:
  edit-metadata: 1.652205677703023
  landing: 0.11652291193604469
  view-data: 0.3487287908792496
