times:
  edit-metadata: 0.9226262349984609
  landing: 0.04363971900602337
  view-data: 0.20492697799636517
