times:
  edit-metadata: 1.8032788056880236
  landing: 0.022691944614052773
  view-data: 0.1022217757999897
