times:
  landing: 1.083919862000016
  view-data: 0.5966989200000512
