times:
  edit-metadata: 0.7405926426872611
  landing: 0.04403203725814819
  view-data: 0.20994067378342152
