times:
  edit-metadata: 1.658328527584672
  landing: 0.02204476948827505
  view-data: 0.11918020527809858
