times:
  edit-metadata: 1.5447702170349658
  landing: 0.8977209040895104
  view-data: 0.7325462009757757
