times:
  edit-metadata: 1.6993114259094
  landing: 0.020431796088814735
  view-data: 0.09735837299376726
