times:
  edit-metadata: 0.7614386939676479
  landing: 0.08405353501439095
  view-data: 0.25840729498304427
