times:
  edit-metadata: 1.283754602074623
  landing: 0.04421480372548103
  view-data: 0.21522627770900726
