times:
  edit-metadata: 1.2524480409920216
  landing: 0.040671687573194504
  view-data: 0.2169017679989338
