times:
  edit-metadata: 1.576174683868885
  landing: 1.0336704179644585
  view-data: 3.336418893188238
