times:
  edit-metadata: 0.8708986937999725
  landing: 0.08543889969587326
  view-data: 0.1971599431708455
