times:
  edit-metadata: 1.4146250858902931
  landing: 6.007854368537664
  view-data: 3.3946513533592224
