times:
  edit-metadata: 1.675055744126439
  landing: 0.018648581579327583
  view-data: 0.02359957993030548
