times:
  landing: 0.5583426590000045
  view-data: 0.5562918910000008
