times:
  edit-metadata: 1.6521795094013214
  landing: 0.019813796505331993
  view-data: 0.22542655747383833
