times:
  landing: 1.068608098999988
  view-data: 0.553554690999988
