times:
  edit-metadata: 0.7657284130109474
  landing: 0.08100508799543604
  view-data: 0.22978804598096758
