times:
  edit-metadata: 1.8953141830861568
  landing: 0.020481932908296585
  view-data: 0.02498299442231655
