times:
  edit-metadata: 0.8416301892139018
  landing: 0.05364216212183237
  view-data: 0.22212714981287718
