times:
  landing: 0.5620831820000376
  view-data: 0.06806659199997966
