times:
  edit-metadata: 1.4222245030105114
  landing: 0.8342529982328415
  view-data: 3.3027954511344433
