times:
  edit-metadata: 0.7517533889040351
  landing: 0.04726086603477597
  view-data: 0.48950248677283525
