times:
  landing: 1.6976207180414349
  view-data: 0.031270164065063
