times:
  landing: 0.5602014750000421
  view-data: 0.5609422790000167
