times:
  edit-metadata: 0.9476304100826383
  landing: 0.08246303908526897
  view-data: 0.3387868902646005
