times:
  edit-metadata: 1.853410528972745
  landing: 0.02084541507065296
  view-data: 0.25383884832262993
