times:
  edit-metadata: 0.8852801490575075
  landing: 0.047391315922141075
  view-data: 0.2032116160262376
