times:
  edit-metadata: 1.3977231495082378
  landing: 0.8229175684973598
  view-data: 3.352642304264009
