times:
  edit-metadata: 1.5507860407233238
  landing: 0.9252581596374512
  view-data: 3.3803778514266014
