times:
  landing: 0.5676978420000296
  view-data: 0.5535846590000233
