times:
  edit-metadata: 1.7203000476583838
  landing: 0.0226713502779603
  view-data: 0.029727529734373093
