times:
  edit-metadata: 1.6478318674489856
  landing: 0.21251578908413649
  view-data: 0.20069385413080454
