times:
  edit-metadata: 1.9316773358732462
  landing: 0.12262158840894699
  view-data: 0.43225492537021637
