times:
  edit-metadata: 0.9377717811148614
  landing: 0.04922760487534106
  view-data: 0.2029039580374956
