times:
  edit-metadata: 0.7370796562172472
  landing: 0.052522774785757065
  view-data: 0.21847551641985774
