times:
  landing: 1.0745824949999587
  view-data: 0.5548844940000208
