times:
  edit-metadata: 1.3486534841358662
  landing: 0.834109278395772
  view-data: 0.29038466326892376
