times:
  edit-metadata: 0.9312311459798366
  landing: 0.05482051707804203
  view-data: 0.18967969110235572
