times:
  edit-metadata: 1.6852853205054998
  landing: 0.13763521052896976
  view-data: 0.023980064317584038
