times:
  edit-metadata: 0.70905910898
  landing: 0.0490276631899178
  view-data: 0.2006430863402784
