times:
  edit-metadata: 0.6620238369796425
  landing: 0.05672666197642684
  view-data: 0.3789323780220002
