times:
  edit-metadata: 1.2908976934850216
  landing: 0.8173424303531647
  view-data: 0.4909517951309681
