times:
  edit-metadata: 1.653217462822795
  landing: 0.020053881220519543
  view-data: 0.026241324841976166
