times:
  edit-metadata: 0.644145228958223
  landing: 0.109066842996981
  view-data: 0.27666008000960574
