times:
  edit-metadata: 1.31278314627707
  landing: 1.0885464400053024
  view-data: 0.43111426569521427
