times:
  edit-metadata: 1.7187964338809252
  landing: 0.018764713779091835
  view-data: 0.022528870031237602
