times:
  edit-metadata: 1.464411063119769
  landing: 0.05754465237259865
  view-data: 0.3236839286983013
