times:
  edit-metadata: 0.792831561062485
  landing: 0.049438511952757835
  view-data: 0.3578798300586641
