times:
  landing: 1.0697724469999912
  view-data: 0.5599290010000004
