times:
  edit-metadata: 1.647559903562069
  landing: 0.0216140728443861
  view-data: 0.12026682309806347
