times:
  landing: 0.5539653430000726
  view-data: 0.5497389910000265
