times:
  edit-metadata: 0.8427513097412884
  landing: 0.07519416604191065
  view-data: 0.23300764802843332
