times:
  edit-metadata: 1.0404240302741528
  landing: 1.1978366989642382
  view-data: 0.3271811902523041
