times:
  landing: 0.5582103920000918
  view-data: 0.6147564799999827
