times:
  edit-metadata: 1.5300731174647808
  landing: 0.8272768445312977
  view-data: 3.355727445334196
