times:
  landing: 0.5583153310000171
  view-data: 0.569226757000024
