times:
  edit-metadata: 1.502309001982212
  landing: 0.9539498910307884
  view-data: 3.3033306263387203
