times:
  edit-metadata: 1.6130371624603868
  landing: 0.02131693158298731
  view-data: 0.12312683276832104
