times:
  landing: 0.548553064999993
  view-data: 0.5670240949999936
