times:
  edit-metadata: 1.6635331399738789
  landing: 0.12584762461483479
  view-data: 0.36869960464537144
