times:
  edit-metadata: 1.4563189819455147
  landing: 1.0129315946251154
  view-data: 0.5511627998203039
