times:
  edit-metadata: 0.764115616097115
  landing: 0.08286122302524745
  view-data: 0.2546718540834263
