times:
  edit-metadata: 1.310208022594452
  landing: 0.05118291825056076
  view-data: 0.21296501904726028
