times:
  edit-metadata: 1.3767234683036804
  landing: 0.9260856620967388
  view-data: 3.3748465478420258
