times:
  edit-metadata: 1.4650977905839682
  landing: 0.8003996293991804
  view-data: 3.4171791076660156
