times:
  edit-metadata: 0.7251719287596643
  landing: 0.050640062894672155
  view-data: 0.23761909594759345
