times:
  edit-metadata: 3.1450128331780434
  landing: 0.41820692270994186
  view-data: 0.4228965202346444
