times:
  edit-metadata: 1.83438868727535
  landing: 0.020452404394745827
  view-data: 0.024033233523368835
