times:
  edit-metadata: 2.312543883919716
  landing: 0.2868208084255457
  view-data: 0.3638420756906271
