times:
  edit-metadata: 1.2353801429271698
  landing: 0.057166777551174164
  view-data: 0.21482620015740395
