times:
  landing: 0.5563236270000118
  view-data: 0.5603161290000003
