times:
  edit-metadata: 0.7143406490795314
  landing: 0.04997710511088371
  view-data: 0.20425037806853652
