times:
  edit-metadata: 1.4800626672804356
  landing: 0.9986658059060574
  view-data: 3.357789386063814
