times:
  edit-metadata: 1.777090147137642
  landing: 1.1170462556183338
  view-data: 3.3793307058513165
