times:
  edit-metadata: 0.6314282478997484
  landing: 0.05594519502483308
  view-data: 0.23694124689791352
