times:
  edit-metadata: 1.2773188166320324
  landing: 0.053352922201156616
  view-data: 0.2157839611172676
