times:
  edit-metadata: 1.663299748674035
  landing: 0.02295204997062683
  view-data: 0.026114773005247116
