times:
  edit-metadata: 1.2023825533688068
  landing: 0.04279978573322296
  view-data: 0.21261217072606087
