times:
  edit-metadata: 1.679146478883922
  landing: 0.019983322359621525
  view-data: 0.12244897335767746
