times:
  edit-metadata: 3.2534006163477898
  landing: 0.5486004874110222
  view-data: 0.2031501829624176
