times:
  edit-metadata: 1.5213158465921879
  landing: 0.9214548021554947
  view-data: 3.3511238917708397
