times:
  edit-metadata: 1.677840607240796
  landing: 0.15647264942526817
  view-data: 0.12295201420783997
