times:
  edit-metadata: 0.9506108276546001
  landing: 0.04473104001954198
  view-data: 0.20504429982975125
