times:
  edit-metadata: 1.4573510959744453
  landing: 0.8564754165709019
  view-data: 3.3547658808529377
