times:
  edit-metadata: 2.2820544503629208
  landing: 0.024732207879424095
  view-data: 0.21002067159861326
