times:
  edit-metadata: 1.6413112413138151
  landing: 0.02195620257407427
  view-data: 0.025507894344627857
