times:
  edit-metadata: 0.9574745410354808
  landing: 0.05311874998733401
  view-data: 0.19397022493649274
