times:
  landing: 0.5533967860000075
  view-data: 0.5539513250000141
