times:
  edit-metadata: 1.7008969001471996
  landing: 0.1915358044207096
  view-data: 0.38137665018439293
