times:
  edit-metadata: 0.7457658685743809
  landing: 0.04487261362373829
  view-data: 0.20924943126738071
