times:
  landing: 0.5526008239999953
  view-data: 0.5542980570000111
