times:
  edit-metadata: 0.9498038600431755
  landing: 0.05194150999886915
  view-data: 0.20814636099385098
