times:
  edit-metadata: 1.3432010002434254
  landing: 0.9255648739635944
  view-data: 3.3655289597809315
