times:
  edit-metadata: 1.652443046681583
  landing: 0.02209873404353857
  view-data: 0.024576579220592976
