times:
  edit-metadata: 1.3115050420165062
  landing: 1.3575747851282358
  view-data: 0.30318943597376347
