times:
  landing: 1.098332997
  view-data: 0.5580684570000187
