times:
  edit-metadata: 0.7129442058503628
  landing: 0.0441314522176981
  view-data: 0.33581028040498495
