times:
  edit-metadata: 0.9513946208171546
  landing: 0.046142566949129105
  view-data: 0.3339903228916228
