times:
  edit-metadata: 1.148869039490819
  landing: 0.5689488034695387
  view-data: 0.1965057235211134
