times:
  edit-metadata: 1.5458775758743286
  landing: 0.8068170864135027
  view-data: 3.3721983078867197
