times:
  landing: 1.061972601999969
  view-data: 0.5502122500000155
