times:
  edit-metadata: 1.3334203902631998
  landing: 0.0589485727250576
  view-data: 0.20915021002292633
