times:
  edit-metadata: 1.657352046109736
  landing: 0.21714818943291903
  view-data: 0.37280460447072983
