times:
  landing: 0.5542145210000058
  view-data: 0.5579138859999944
