times:
  edit-metadata: 1.3993770480155945
  landing: 0.9454111121594906
  view-data: 3.499869391322136
