times:
  edit-metadata: 1.4474972179159522
  landing: 0.9639708849135786
  view-data: 3.37900057900697
