times:
  edit-metadata: 1.6545200226828456
  landing: 0.024675930850207806
  view-data: 0.0970512218773365
