times:
  edit-metadata: 1.4543644208461046
  landing: 0.8001723950728774
  view-data: 0.4864799417555332
