times:
  edit-metadata: 1.8032664265483618
  landing: 0.02165690530091524
  view-data: 0.02533978596329689
