times:
  landing: 0.5598982479999677
  view-data: 0.5643487739999955
