times:
  landing: 0.5519933969999897
  view-data: 0.5544611990000021
