times:
  edit-metadata: 0.9325434940401465
  landing: 0.055343730142340064
  view-data: 0.24005391006357968
