times:
  edit-metadata: 1.7254516407847404
  landing: 0.01960806641727686
  view-data: 0.12365292478352785
