times:
  edit-metadata: 1.652407132089138
  landing: 0.02125994861125946
  view-data: 0.4514594320207834
