times:
  edit-metadata: 1.364147536456585
  landing: 0.7888615392148495
  view-data: 3.3791886270046234
