times:
  edit-metadata: 1.9176708832383156
  landing: 1.11469154804945
  view-data: 3.3946816846728325
