times:
  edit-metadata: 1.4124541697092354
  landing: 0.8202354097738862
  view-data: 3.3562013367190957
