times:
  landing: 0.5462474210000323
  view-data: 0.5521249159999684
