times:
  edit-metadata: 0.6688093589618802
  landing: 0.05215033900458366
  view-data: 0.5111805840861052
