times:
  edit-metadata: 1.703755771741271
  landing: 0.022580888122320175
  view-data: 0.029525581747293472
