times:
  edit-metadata: 0.7523413333110511
  landing: 0.045406409073621035
  view-data: 0.20676166517660022
