times:
  edit-metadata: 1.3484852518886328
  landing: 0.7662086468189955
  view-data: 3.3012740425765514
