times:
  edit-metadata: 1.5950005799531937
  landing: 1.1293908804655075
  view-data: 3.368252370506525
