times:
  edit-metadata: 0.7342418099869974
  landing: 0.05191644898150116
  view-data: 0.2518153699929826
