times:
  edit-metadata: 1.4085698700509965
  landing: 0.908153953962028
  view-data: 0.501507995184511
