times:
  edit-metadata: 1.3397393897175789
  landing: 0.9109158515930176
  view-data: 3.48934493213892
