times:
  edit-metadata: 1.1461690500145778
  landing: 0.05324113299138844
  view-data: 0.21046304597985
