times:
  edit-metadata: 1.6100310878828168
  landing: 0.020680448040366173
  view-data: 0.026018635369837284
