times:
  edit-metadata: 0.7181106839561835
  landing: 0.06264420901425183
  view-data: 0.23023336299229413
