times:
  edit-metadata: 1.1725671906024218
  landing: 0.8533419035375118
  view-data: 0.21977215260267258
