times:
  edit-metadata: 0.7262512296438217
  landing: 0.05449777375906706
  view-data: 0.21672174986451864
