times:
  edit-metadata: 1.2381669469177723
  landing: 0.051866959780454636
  view-data: 0.21316469833254814
