times:
  edit-metadata: 1.31110081076622
  landing: 0.8329907124862075
  view-data: 3.2657718118280172
