times:
  landing: 1.0791242390000093
  view-data: 0.5571031140000287
