times:
  edit-metadata: 1.557436591014266
  landing: 0.8434945121407509
  view-data: 3.4269188828766346
