times:
  edit-metadata: 1.3280643057078123
  landing: 0.7754521872848272
  view-data: 3.330568078905344
