times:
  edit-metadata: 1.6268397942185402
  landing: 0.15283608809113503
  view-data: 0.4858202915638685
