times:
  edit-metadata: 0.6901397840119898
  landing: 0.0438405959866941
  view-data: 0.2197760441340506
