times:
  edit-metadata: 0.9725109379505739
  landing: 0.05817484704311937
  view-data: 0.20579421904403716
