times:
  edit-metadata: 1.0596794548910111
  landing: 0.050896598026156425
  view-data: 0.2091181119903922
