times:
  edit-metadata: 1.447313979268074
  landing: 0.9797109216451645
  view-data: 3.3551829010248184
