times:
  edit-metadata: 1.5196634028106928
  landing: 0.8095832709223032
  view-data: 3.328178184106946
