times:
  edit-metadata: 1.4886382855474949
  landing: 0.9122723825275898
  view-data: 3.266525737941265
