times:
  landing: 0.5583832310000503
  view-data: 0.567012477999981
