times:
  edit-metadata: 1.0214066549669951
  landing: 0.0527245260309428
  view-data: 0.1983094688039273
