times:
  edit-metadata: 0.9862360148690641
  landing: 0.052104437025263906
  view-data: 0.19366711098700762
