times:
  edit-metadata: 1.3132550809532404
  landing: 1.1384372524917126
  view-data: 0.6351375486701727
