times:
  edit-metadata: 1.7774792276322842
  landing: 0.19443879090249538
  view-data: 0.26386699080467224
