times:
  landing: 1.0665296250000154
  view-data: 0.5544689230000017
