times:
  edit-metadata: 1.6977846007794142
  landing: 0.18330864794552326
  view-data: 0.34845963306725025
