times:
  edit-metadata: 1.475593039765954
  landing: 0.7948692552745342
  view-data: 3.315313382074237
