times:
  edit-metadata: 1.4102000892162323
  landing: 0.8401205129921436
  view-data: 3.410067953169346
