times:
  edit-metadata: 2.2242679186165333
  landing: 1.099196832627058
  view-data: 3.508034162223339
