times:
  edit-metadata: 1.6575619699433446
  landing: 0.021577492356300354
  view-data: 0.4512612046673894
