times:
  edit-metadata: 1.667030181735754
  landing: 0.020752393640577793
  view-data: 0.025048043578863144
