times:
  edit-metadata: 1.7234305860474706
  landing: 0.020794088020920753
  view-data: 0.1266445005312562
