times:
  edit-metadata: 1.036665164399892
  landing: 0.06695078685879707
  view-data: 0.3512305589392781
