times:
  edit-metadata: 1.84910511597991
  landing: 1.3045664429664612
  view-data: 3.4430662281811237
