times:
  edit-metadata: 1.3532203622162342
  landing: 0.5040803644806147
  view-data: 0.21689389273524284
