times:
  landing: 0.5549086659999887
  view-data: 0.5621441180000204
