times:
  edit-metadata: 0.9498230669414625
  landing: 0.04487185995094478
  view-data: 0.20440502010751516
