times:
  landing: 0.5558664799999917
  view-data: 0.5643969799999979
