times:
  edit-metadata: 1.4465458765625954
  landing: 0.8666421547532082
  view-data: 3.3461542446166277
