times:
  edit-metadata: 1.3070541583001614
  landing: 0.7806804478168488
  view-data: 3.317385457456112
