times:
  edit-metadata: 1.6549491360783577
  landing: 0.02130330353975296
  view-data: 0.12235284131020308
