times:
  edit-metadata: 0.944373473059386
  landing: 0.04723182809539139
  view-data: 0.20757495099678636
