times:
  edit-metadata: 0.7105220928788185
  landing: 0.05233123805373907
  view-data: 0.20084637682884932
