times:
  edit-metadata: 0.6441685240715742
  landing: 0.055050350027158856
  view-data: 0.23602856206707656
