times:
  edit-metadata: 1.4873291440308094
  landing: 0.8352942373603582
  view-data: 3.3727672789245844
