times:
  edit-metadata: 0.7313521038740873
  landing: 0.042853317223489285
  view-data: 0.20931977313011885
