times:
  edit-metadata: 1.3392023798078299
  landing: 0.7835617922246456
  view-data: 0.3530624806880951
