times:
  edit-metadata: 1.8720920104533434
  landing: 0.136834766715765
  view-data: 0.16510681621730328
