times:
  edit-metadata: 1.7134365942329168
  landing: 0.023281059227883816
  view-data: 0.14029213227331638
