times:
  edit-metadata: 1.2527629397809505
  landing: 0.054209448397159576
  view-data: 0.20882367342710495
