times:
  edit-metadata: 1.6119993925094604
  landing: 0.023768994957208633
  view-data: 0.025155549868941307
