times:
  edit-metadata: 1.45806397870183
  landing: 0.9487080276012421
  view-data: 3.3269220292568207
