times:
  edit-metadata: 0.7900814730674028
  landing: 0.048038423992693424
  view-data: 0.2426432748325169
