times:
  edit-metadata: 0.6808185459813103
  landing: 0.06686519598588347
  view-data: 0.3627258579945192
