times:
  edit-metadata: 1.708235552534461
  landing: 0.14206413738429546
  view-data: 0.02846471779048443
