times:
  edit-metadata: 1.4390543922781944
  landing: 0.9781594201922417
  view-data: 3.327301252633333
