times:
  edit-metadata: 0.9596992500592023
  landing: 0.05107518704608083
  view-data: 0.19860193389467895
