times:
  edit-metadata: 0.667490900028497
  landing: 0.0423427369678393
  view-data: 0.24812602897873148
