times:
  edit-metadata: 0.940642676083371
  landing: 0.04863074794411659
  view-data: 0.20258856215514243
