times:
  edit-metadata: 1.7376183308660984
  landing: 1.3288127407431602
  view-data: 3.4033376835286617
