times:
  edit-metadata: 1.7253137631341815
  landing: 1.038326796144247
  view-data: 3.3612046698108315
