times:
  edit-metadata: 1.3126125540584326
  landing: 0.6467965170741081
  view-data: 0.3297214638441801
