times:
  edit-metadata: 0.9300422910600901
  landing: 0.05175952997524291
  view-data: 0.2133725689491257
