times:
  edit-metadata: 0.985084030078724
  landing: 0.04569524200633168
  view-data: 0.2329894790891558
