times:
  edit-metadata: 1.2213202938437462
  landing: 0.04399152845144272
  view-data: 0.21439029648900032
