times:
  edit-metadata: 1.3775649638846517
  landing: 0.8036488420329988
  view-data: 3.3683770089410245
