times:
  edit-metadata: 0.8790092229610309
  landing: 0.04477583395782858
  view-data: 0.20785018196329474
