times:
  landing: 1.0861375910000106
  view-data: 0.5677698910000117
