times:
  edit-metadata: 1.8826119247823954
  landing: 0.11064280569553375
  view-data: 0.028718484565615654
