times:
  edit-metadata: 1.3250239174813032
  landing: 1.3857529424130917
  view-data: 0.5667082294821739
