times:
  edit-metadata: 0.704243681859225
  landing: 0.05319448187947273
  view-data: 0.3531820229254663
