times:
  edit-metadata: 1.36953780206386
  landing: 0.9117557649733499
  view-data: 3.356991079985164
