times:
  edit-metadata: 0.9534958549775183
  landing: 0.056093507213518023
  view-data: 0.2011921771336347
