times:
  edit-metadata: 0.9282078350661322
  landing: 0.05262610700447112
  view-data: 0.20687371806707233
