times:
  edit-metadata: 0.6914953009691089
  landing: 0.08038254105485976
  view-data: 0.5055100561585277
