times:
  edit-metadata: 1.486264512175694
  landing: 0.831824199995026
  view-data: 0.6454366128891706
