times:
  edit-metadata: 1.2201977521181107
  landing: 0.053823065012693405
  view-data: 0.21501915529370308
