times:
  edit-metadata: 0.7363794820266776
  landing: 0.0520249999826774
  view-data: 0.387854938977398
