times:
  edit-metadata: 0.6521986278239638
  landing: 0.0688076859805733
  view-data: 0.2380937070120126
