times:
  edit-metadata: 1.525972206145525
  landing: 0.8324442058801651
  view-data: 3.4059185311198235
