times:
  edit-metadata: 1.3059812430292368
  landing: 1.631948972120881
  view-data: 1.1405010893940926
