times:
  edit-metadata: 1.5516884848475456
  landing: 1.0390677377581596
  view-data: 3.39333363994956
