times:
  edit-metadata: 1.2495614290237427
  landing: 0.04476819187402725
  view-data: 0.21108712255954742
