times:
  edit-metadata: 1.6193565763533115
  landing: 0.02131988201290369
  view-data: 0.02523449994623661
