times:
  edit-metadata: 1.1458313059993088
  landing: 0.05233182999654673
  view-data: 0.20210281500476412
