times:
  edit-metadata: 1.4037253428250551
  landing: 0.812915762886405
  view-data: 3.3809551000595093
