times:
  landing: 0.5556752919999894
  view-data: 0.0552813270000172
