times:
  edit-metadata: 2.153738159686327
  landing: 0.3673012778162956
  view-data: 0.4111417420208454
