times:
  landing: 0.5532228889999828
  view-data: 0.055570721999998796
