times:
  edit-metadata: 1.800998318940401
  landing: 0.1480973158031702
  view-data: 0.3313813079148531
