times:
  edit-metadata: 1.4503355049528182
  landing: 0.08651602128520608
  view-data: 0.29780788300558925
