times:
  edit-metadata: 1.0433314070105553
  landing: 0.05906466720625758
  view-data: 0.20702198892831802
