times:
  edit-metadata: 0.9027607846073806
  landing: 0.057226563803851604
  view-data: 0.19992317678406835
