times:
  edit-metadata: 1.6597067303955555
  landing: 1.1142957098782063
  view-data: 3.367574919015169
