times:
  edit-metadata: 1.6605745498090982
  landing: 1.1191728506237268
  view-data: 3.350066401064396
