times:
  landing: 0.5486761340000044
  view-data: 0.5484266280000156
