times:
  landing: 1.0672750169999858
  view-data: 0.556502705999975
