times:
  edit-metadata: 3.217113859951496
  landing: 0.2074188133701682
  view-data: 0.38962684758007526
