times:
  edit-metadata: 1.2615194357931614
  landing: 0.050131067633628845
  view-data: 0.2125934325158596
