times:
  edit-metadata: 1.4041849672794342
  landing: 0.9191944003105164
  view-data: 3.305194042623043
