times:
  edit-metadata: 0.6942722878884524
  landing: 0.07302354997955263
  view-data: 0.5075690359808505
