times:
  edit-metadata: 1.6386231034994125
  landing: 0.1465889923274517
  view-data: 0.5172934718430042
