times:
  edit-metadata: 1.6724520307034254
  landing: 0.021916987374424934
  view-data: 0.41127931140363216
