times:
  landing: 0.5583477399999879
  view-data: 0.5615811669999857
