times:
  edit-metadata: 1.308340523391962
  landing: 1.0999006852507591
  view-data: 0.6071042362600565
