times:
  edit-metadata: 0.7288410859982832
  landing: 0.06389150200266158
  view-data: 0.20924879200174473
