times:
  edit-metadata: 1.7389669138938189
  landing: 0.020085031166672707
  view-data: 0.3985127154737711
