times:
  edit-metadata: 0.7215674929320812
  landing: 0.08102542604319751
  view-data: 0.2522886540973559
