times:
  edit-metadata: 1.668189718388021
  landing: 0.020367112942039967
  view-data: 0.4260587189346552
