times:
  landing: 0.5573955469999987
  view-data: 0.5617001190000224
