times:
  edit-metadata: 1.8185404799878597
  landing: 0.21441027335822582
  view-data: 0.42160132713615894
