times:
  edit-metadata: 0.721902705001412
  landing: 0.07709967199480161
  view-data: 0.254483826996875
