times:
  edit-metadata: 0.7088293200358748
  landing: 0.05478302203118801
  view-data: 0.242308986838907
