times:
  edit-metadata: 0.7595227281562984
  landing: 0.05251174932345748
  view-data: 0.20056290412321687
