times:
  edit-metadata: 1.8560747355222702
  landing: 0.8360904809087515
  view-data: 3.4904982009902596
