times:
  edit-metadata: 1.6994069647043943
  landing: 1.1208275388926268
  view-data: 3.5492217522114515
