times:
  landing: 0.5613076260000298
  view-data: 0.550879544000054
