times:
  edit-metadata: 0.9653803860128392
  landing: 0.059124265011632815
  view-data: 0.19181596898124553
