times:
  edit-metadata: 1.4485973538830876
  landing: 0.8685311349108815
  view-data: 0.6557742487639189
