times:
  edit-metadata: 1.013923114980571
  landing: 0.047104244004003704
  view-data: 0.21023835998494178
