times:
  edit-metadata: 0.7202054848894477
  landing: 0.054111048579216
  view-data: 0.21688002441078424
