times:
  edit-metadata: 1.6667373236268759
  landing: 0.01900856476277113
  view-data: 0.025757676921784878
