times:
  landing: 0.5445086799999785
  view-data: 0.5483521729999836
