times:
  edit-metadata: 0.9566540368832648
  landing: 0.048540230840444565
  view-data: 0.3110294402576983
