times:
  edit-metadata: 1.0252152308821678
  landing: 0.057711507892236114
  view-data: 0.19868079107254744
