times:
  edit-metadata: 1.6459470931440592
  landing: 0.018590284511446953
  view-data: 0.022431954741477966
