times:
  edit-metadata: 0.7878437950275838
  landing: 0.07161879306659102
  view-data: 0.2419769917614758
