times:
  edit-metadata: 0.9166970670048613
  landing: 0.051375737006310374
  view-data: 0.20014080699183978
