times:
  edit-metadata: 1.7367773922160268
  landing: 0.02056414633989334
  view-data: 0.02829680312424898
