times:
  edit-metadata: 1.2134872376918793
  landing: 0.05052372068166733
  view-data: 0.21740096807479858
