times:
  edit-metadata: 0.7171420082449913
  landing: 0.05454512592405081
  view-data: 0.2031642822548747
