times:
  landing: 1.5895431950000045
  view-data: 0.561097664000016
