times:
  edit-metadata: 0.7129516135901213
  landing: 0.043579574674367905
  view-data: 0.22293661814182997
