times:
  edit-metadata: 1.6568219354376197
  landing: 0.02218882367014885
  view-data: 0.024389391764998436
