times:
  edit-metadata: 0.6956327069783583
  landing: 0.06214759798604064
  view-data: 0.25200891701388173
