times:
  edit-metadata: 2.0177463442087173
  landing: 1.0146267712116241
  view-data: 3.4546099714934826
