times:
  landing: 0.5439839829999755
  view-data: 0.5591270850000001
