times:
  landing: 0.5538202409999826
  view-data: 0.5572854879999909
