times:
  edit-metadata: 1.6444056071341038
  landing: 0.20138107519596815
  view-data: 0.22511151898652315
