times:
  edit-metadata: 1.2090157978236675
  landing: 0.058562271296978
  view-data: 0.21182667836546898
