times:
  edit-metadata: 1.3681389968842268
  landing: 0.571535512804985
  view-data: 0.6514945663511753
