times:
  edit-metadata: 3.420967775000463
  landing: 0.46773476700036554
  view-data: 0.41734327300036966
