times:
  edit-metadata: 0.6328417580807582
  landing: 0.049918598029762506
  view-data: 0.2330065689748153
