times:
  edit-metadata: 1.5082120522856712
  landing: 1.1297988705337048
  view-data: 3.4618203453719616
