times:
  edit-metadata: 0.9008591950405389
  landing: 0.05168516596313566
  view-data: 0.20036671694833785
