times:
  landing: 0.5841365329999917
  view-data: 0.5618288320000033
