times:
  edit-metadata: 1.6357149742543697
  landing: 0.01931898668408394
  view-data: 0.14111589454114437
