times:
  edit-metadata: 0.771359040401876
  landing: 0.04240046814084053
  view-data: 0.22028031386435032
