times:
  edit-metadata: 1.6402481039986014
  landing: 0.10358448140323162
  view-data: 0.1958603234961629
