times:
  edit-metadata: 0.9141354677267373
  landing: 0.05096722673624754
  view-data: 0.20852032583206892
