times:
  edit-metadata: 1.522180624306202
  landing: 0.04978355020284653
  view-data: 0.2043246254324913
