times:
  edit-metadata: 0.8861692709906492
  landing: 0.05139588698511943
  view-data: 0.3290839940018486
