times:
  edit-metadata: 1.1725716218352318
  landing: 0.04713459685444832
  view-data: 0.2133125364780426
