times:
  edit-metadata: 1.2544560469686985
  landing: 0.048655834048986435
  view-data: 0.21115203946828842
