times:
  edit-metadata: 1.2145277243107557
  landing: 0.5785618983209133
  view-data: 0.3249713759869337
