times:
  edit-metadata: 1.9345508087426424
  landing: 0.14055402390658855
  view-data: 0.21740518137812614
