times:
  edit-metadata: 1.935331366956234
  landing: 0.14346181228756905
  view-data: 0.16773085109889507
