times:
  edit-metadata: 2.0869543300941586
  landing: 0.9385175667703152
  view-data: 3.3724298272281885
