times:
  edit-metadata: 1.7635733895003796
  landing: 0.18949694372713566
  view-data: 0.48953940346837044
