times:
  edit-metadata: 1.414434276521206
  landing: 0.9835893362760544
  view-data: 3.268666807562113
