times:
  edit-metadata: 1.559394651092589
  landing: 0.8474805710138753
  view-data: 0.7060941759264097
