times:
  edit-metadata: 1.0862618740648031
  landing: 0.7062173504382372
  view-data: 0.315525284036994
