times:
  edit-metadata: 0.6229620689991862
  landing: 0.04364599590189755
  view-data: 0.23621775885112584
