times:
  edit-metadata: 1.3229074701666832
  landing: 1.620153957977891
  view-data: 0.6352547015994787
