times:
  edit-metadata: 1.5051274467259645
  landing: 0.7833547908812761
  view-data: 0.5247880425304174
