times:
  edit-metadata: 2.063791261985898
  landing: 0.2127123922109604
  view-data: 0.4399472139775753
