times:
  edit-metadata: 1.609499211423099
  landing: 0.020795520395040512
  view-data: 0.12601099349558353
