times:
  edit-metadata: 1.2890896163880825
  landing: 0.04999317601323128
  view-data: 0.21436120569705963
