times:
  edit-metadata: 1.332993671298027
  landing: 0.7907479051500559
  view-data: 0.5598304774612188
