times:
  landing: 1.0787265939999884
  view-data: 0.5592023429999813
