times:
  edit-metadata: 2.046112209558487
  landing: 0.3403386529535055
  view-data: 0.33614212833344936
