times:
  edit-metadata: 1.7112406600499526
  landing: 0.019192559993825853
  view-data: 0.0234926690463908
