times:
  edit-metadata: 1.0303190890699625
  landing: 0.8004607632756233
  view-data: 0.4561607763171196
