times:
  edit-metadata: 1.5028883293271065
  landing: 0.6990768015384674
  view-data: 3.2752659246325493
