times:
  edit-metadata: 1.5460422672331333
  landing: 1.0441933162510395
  view-data: 3.3726586028933525
