times:
  edit-metadata: 0.8639293648302555
  landing: 0.04249560507014394
  view-data: 0.20828600507229567
