times:
  edit-metadata: 1.5073469802737236
  landing: 0.9657656699419022
  view-data: 3.4436388574540615
