times:
  edit-metadata: 2.305667508393526
  landing: 1.2367013162001967
  view-data: 3.694914232008159
