times:
  edit-metadata: 1.3755557425320148
  landing: 0.90232278034091
  view-data: 3.364531923085451
