times:
  edit-metadata: 1.3405130789615214
  landing: 0.8837576578371227
  view-data: 3.4170585428364575
