times:
  edit-metadata: 1.7785479640588164
  landing: 0.01918262057006359
  view-data: 0.09964212868362665
