times:
  edit-metadata: 1.6582757774740458
  landing: 0.19586176797747612
  view-data: 0.42105088755488396
