times:
  edit-metadata: 1.6674901461228728
  landing: 0.02076161652803421
  view-data: 0.4991538468748331
