times:
  edit-metadata: 0.9301491979858838
  landing: 0.04737262200796977
  view-data: 0.20425472303759307
