times:
  edit-metadata: 1.4151767492294312
  landing: 0.8369047362357378
  view-data: 0.3335387110710144
