times:
  edit-metadata: 1.739482143893838
  landing: 0.020990148186683655
  view-data: 0.3032223619520664
