times:
  edit-metadata: 1.6412559850141406
  landing: 0.022556102834641933
  view-data: 0.02589182462543249
