times:
  landing: 0.5557507620000024
  view-data: 0.5586063210000702
