times:
  edit-metadata: 1.2522768024355173
  landing: 0.7286532297730446
  view-data: 0.30885221622884274
