times:
  landing: 0.5582664450000152
  view-data: 0.5559054160000017
