times:
  landing: 0.5502348059999917
  view-data: 0.5564384060000123
