times:
  landing: 1.067487026000009
  view-data: 0.5503619059999778
