times:
  edit-metadata: 1.4562444873154163
  landing: 0.8188987914472818
  view-data: 0.5657708719372749
