times:
  landing: 1.0811174930000789
  view-data: 0.5571218149999595
