times:
  edit-metadata: 2.1647070525214076
  landing: 1.099443613551557
  view-data: 3.4033825593069196
