times:
  edit-metadata: 1.5536743458360434
  landing: 0.9648542515933514
  view-data: 3.2631560675799847
