times:
  edit-metadata: 1.5355275310575962
  landing: 0.9319927375763655
  view-data: 3.3723422586917877
