times:
  edit-metadata: 1.6022362932562828
  landing: 1.0077324360609055
  view-data: 3.358451474457979
