times:
  edit-metadata: 0.7098663337528706
  landing: 0.04284146334975958
  view-data: 0.22931146528571844
