times:
  landing: 1.0790646880000168
  view-data: 0.5672092039999939
