times:
  edit-metadata: 0.7588268890976906
  landing: 0.054597171023488045
  view-data: 0.23947436083108187
