times:
  edit-metadata: 1.657586770132184
  landing: 0.172066580504179
  view-data: 0.4746656734496355
