times:
  edit-metadata: 1.250342484563589
  landing: 0.055739350616931915
  view-data: 0.22089234739542007
