times:
  edit-metadata: 0.8101779241114855
  landing: 0.08807532815262675
  view-data: 0.2811559778638184
