times:
  edit-metadata: 0.7625410752370954
  landing: 0.055171357467770576
  view-data: 0.2039869762957096
