times:
  landing: 0.5461918670000045
  view-data: 0.5496285019999902
