times:
  edit-metadata: 1.66002899967134
  landing: 0.8643382079899311
  view-data: 3.442305436357856
