times:
  landing: 0.5490960810000161
  view-data: 0.5574086400000056
