times:
  edit-metadata: 1.1014554409994162
  landing: 0.04979515399918455
  view-data: 0.22013174499988963
