times:
  edit-metadata: 1.7961221598088741
  landing: 0.1712087281048298
  view-data: 0.13746590353548527
