times:
  edit-metadata: 1.7527797650545835
  landing: 0.02507566660642624
  view-data: 0.1317406613379717
