times:
  edit-metadata: 0.927648507989943
  landing: 0.05941338092088699
  view-data: 0.20362357492558658
