times:
  edit-metadata: 1.6826768713071942
  landing: 0.023868045769631863
  view-data: 0.12157837115228176
