times:
  landing: 0.5527223260000085
  view-data: 0.5579600979999952
