times:
  edit-metadata: 1.750512843951583
  landing: 0.026965364813804626
  view-data: 0.028023529797792435
