times:
  edit-metadata: 0.6640803688205779
  landing: 0.05212891800329089
  view-data: 0.19991994462907314
