times:
  edit-metadata: 2.0081469314172864
  landing: 0.05217664781957865
  view-data: 0.5237676855176687
