times:
  landing: 0.5655145599999969
  view-data: 0.5558633040000132
