times:
  edit-metadata: 1.5897297505289316
  landing: 0.020540285855531693
  view-data: 0.12151919584721327
