times:
  edit-metadata: 1.7694181315600872
  landing: 0.17485098727047443
  view-data: 0.2648446001112461
