times:
  edit-metadata: 0.7062086760997772
  landing: 0.048046029172837734
  view-data: 0.2026251689530909
