times:
  edit-metadata: 1.162492224946618
  landing: 0.5834788959473372
  view-data: 0.5707318913191557
