times:
  edit-metadata: 2.555798217654228
  landing: 0.15942749567329884
  view-data: 0.5193863157182932
