times:
  edit-metadata: 1.3702993262559175
  landing: 1.0078838095068932
  view-data: 0.42713802866637707
