times:
  edit-metadata: 1.4961347039788961
  landing: 0.9297190122306347
  view-data: 3.3897678665816784
