times:
  edit-metadata: 0.925081314984709
  landing: 0.04926784592680633
  view-data: 0.19622374814935029
