times:
  landing: 0.5528284780000092
  view-data: 0.55458809000001
