times:
  edit-metadata: 0.9391312960069627
  landing: 0.06201442307792604
  view-data: 0.2036066190339625
