times:
  edit-metadata: 0.9211723949993029
  landing: 0.041560556972399354
  view-data: 0.19972440495621413
