times:
  edit-metadata: 1.6500833174213767
  landing: 0.02099085971713066
  view-data: 0.027313973754644394
