times:
  edit-metadata: 1.7132313502952456
  landing: 0.1969922110438347
  view-data: 0.02313883975148201
