times:
  edit-metadata: 0.7165411849855445
  landing: 0.07858823100104928
  view-data: 0.256810899998527
