times:
  edit-metadata: 1.5399844646453857
  landing: 0.8789211772382259
  view-data: 3.462105331942439
