times:
  edit-metadata: 1.4255998488515615
  landing: 0.05704127810895443
  view-data: 0.243224011734128
