times:
  edit-metadata: 0.9725741827860475
  landing: 0.04697262588888407
  view-data: 0.19655113108456135
