times:
  edit-metadata: 1.3591887950897217
  landing: 0.8676645252853632
  view-data: 3.3700698167085648
