times:
  edit-metadata: 1.6695415684953332
  landing: 0.025541252456605434
  view-data: 0.028268433175981045
