times:
  edit-metadata: 0.6899219320621341
  landing: 0.05063086003065109
  view-data: 0.25094156502746046
