times:
  edit-metadata: 1.3992447685450315
  landing: 0.9461135361343622
  view-data: 0.32055806554853916
