times:
  edit-metadata: 1.396874338388443
  landing: 0.9587908014655113
  view-data: 3.3392051495611668
