times:
  edit-metadata: 1.3942272625863552
  landing: 0.5655162557959557
  view-data: 0.3232045639306307
