times:
  landing: 0.5560185869999827
  view-data: 0.5656802389999882
