times:
  edit-metadata: 1.2134877257049084
  landing: 1.0125324632972479
  view-data: 0.6712772399187088
