times:
  landing: 1.0854902899999956
  view-data: 0.5581597430000329
