times:
  edit-metadata: 1.5060545057058334
  landing: 0.9476623125374317
  view-data: 3.3982947021722794
