times:
  edit-metadata: 0.6280080219730735
  landing: 0.05616823607124388
  view-data: 0.2454596390016377
