times:
  landing: 0.5564187999999604
  view-data: 0.5504550870000458
