times:
  edit-metadata: 1.226734347641468
  landing: 0.055316634476184845
  view-data: 0.21429863944649696
