times:
  landing: 1.1308640649999973
  view-data: 0.5612619280000217
