times:
  edit-metadata: 1.721134027466178
  landing: 0.02229476347565651
  view-data: 0.02613496035337448
