times:
  landing: 1.0636601580000047
  view-data: 0.5585247209999693
