times:
  edit-metadata: 0.7220417028293014
  landing: 0.05582397198304534
  view-data: 0.19892265228554606
