times:
  edit-metadata: 0.6610018860083073
  landing: 0.05807317700237036
  view-data: 0.24494522402528673
