times:
  edit-metadata: 1.7209625225514174
  landing: 0.024992648512125015
  view-data: 0.3181145917624235
