times:
  edit-metadata: 1.3161528259515762
  landing: 0.8724557273089886
  view-data: 0.3309731688350439
