times:
  landing: 1.1087886523455381
  view-data: 0.5717063453048468
