times:
  edit-metadata: 2.891051707789302
  landing: 1.1671259310096502
  view-data: 3.7315357057377696
