times:
  edit-metadata: 0.6963605508208275
  landing: 0.04441484296694398
  view-data: 0.2033507344312966
