times:
  edit-metadata: 0.860943476203829
  landing: 0.07729675900191069
  view-data: 0.46879766788333654
