times:
  edit-metadata: 0.8761485849972814
  landing: 0.05070604907814413
  view-data: 0.2062490489333868
