times:
  edit-metadata: 1.9189985459670424
  landing: 0.9815123733133078
  view-data: 3.4594602836295962
