times:
  edit-metadata: 1.4982008822262287
  landing: 0.8611705005168915
  view-data: 3.504431214183569
