times:
  edit-metadata: 2.0572988130152225
  landing: 1.3167436486110091
  view-data: 3.498497470282018
