times:
  edit-metadata: 0.7334989989176393
  landing: 0.0489807678386569
  view-data: 0.20264093205332756
