times:
  edit-metadata: 1.377433423884213
  landing: 0.8307570051401854
  view-data: 3.3516521574929357
