times:
  landing: 0.5477223060000256
  view-data: 0.5581561299999862
