times:
  edit-metadata: 0.7565365020127501
  landing: 0.0788025310030207
  view-data: 0.25617371799307875
