times:
  edit-metadata: 0.8942330720019527
  landing: 0.05822503298986703
  view-data: 0.25050862302305177
