times:
  edit-metadata: 0.9570896109798923
  landing: 0.05226706503890455
  view-data: 0.20728100708220154
