times:
  edit-metadata: 0.9462116410722956
  landing: 0.05159484897740185
  view-data: 0.2019284429261461
