times:
  edit-metadata: 1.8798044472932816
  landing: 0.24902944825589657
  view-data: 0.20671007595956326
