times:
  edit-metadata: 0.8993349689990282
  landing: 0.04715870087966323
  view-data: 0.20268306881189346
