times:
  edit-metadata: 1.667925126850605
  landing: 0.15012818947434425
  view-data: 0.32524278201162815
