times:
  edit-metadata: 1.7154990546405315
  landing: 0.17667469382286072
  view-data: 0.029234034940600395
