times:
  edit-metadata: 0.9222180020296946
  landing: 0.041549528017640114
  view-data: 0.20446318900212646
