times:
  edit-metadata: 1.4507502503693104
  landing: 0.828228896483779
  view-data: 3.404981378465891
