times:
  edit-metadata: 1.9902409855276346
  landing: 1.45023690816015
  view-data: 3.539721881970763
