times:
  edit-metadata: 1.6889575347304344
  landing: 0.19862758554518223
  view-data: 0.35829756408929825
