times:
  edit-metadata: 1.5513561107218266
  landing: 1.063464444130659
  view-data: 3.4612777940928936
