times:
  edit-metadata: 1.4927784092724323
  landing: 0.9149662666022778
  view-data: 3.373487561941147
