times:
  edit-metadata: 0.6801435059169307
  landing: 0.043467849027365446
  view-data: 0.22459085297305137
