times:
  landing: 1.0811692460000017
  view-data: 0.5518132600000172
