times:
  edit-metadata: 1.398591456003487
  landing: 0.8345295460894704
  view-data: 3.369041135068983
