times:
  edit-metadata: 1.4126103669404984
  landing: 0.5731324162334204
  view-data: 0.6259034350514412
