times:
  landing: 0.5534230019999882
  view-data: 0.5557549200000267
