times:
  edit-metadata: 0.9040288490068633
  landing: 0.04683012698660605
  view-data: 0.20279902798938565
