times:
  edit-metadata: 1.6765260975807905
  landing: 0.1777091734111309
  view-data: 0.23580543417483568
