times:
  edit-metadata: 0.6833697981201112
  landing: 0.05424740398302674
  view-data: 0.2064355588518083
