times:
  edit-metadata: 1.6585488338023424
  landing: 0.02103603072464466
  view-data: 0.39312375895678997
