times:
  edit-metadata: 0.6275244196876884
  landing: 0.04151718085631728
  view-data: 0.231579780112952
