times:
  edit-metadata: 2.990842889994383
  landing: 0.9508087420836091
  view-data: 3.724136723205447
