times:
  edit-metadata: 0.6584422206506133
  landing: 0.04907382233068347
  view-data: 0.36827488243579865
