times:
  edit-metadata: 0.8740532810334116
  landing: 0.05062310001812875
  view-data: 0.20167733100242913
