times:
  edit-metadata: 0.7196069373749197
  landing: 0.059531536884605885
  view-data: 0.2015767078846693
