times:
  edit-metadata: 1.7903480976819992
  landing: 0.0211709663271904
  view-data: 0.15359427966177464
