times:
  edit-metadata: 0.970068491064012
  landing: 0.07769579719752073
  view-data: 0.2412495710887015
