times:
  edit-metadata: 1.2348566316068172
  landing: 0.05289357900619507
  view-data: 0.21170775592327118
