times:
  edit-metadata: 1.7868786873295903
  landing: 0.02056763879954815
  view-data: 0.40355734899640083
