times:
  edit-metadata: 1.3314199820160866
  landing: 0.821906128898263
  view-data: 0.5585977789014578
