times:
  edit-metadata: 1.4668593257665634
  landing: 0.9992369413375854
  view-data: 3.4050767682492733
