times:
  edit-metadata: 1.4516970999538898
  landing: 0.9933362938463688
  view-data: 3.394736770540476
