times:
  edit-metadata: 0.6549982329888735
  landing: 0.050707868998870254
  view-data: 0.6234331649902742
