times:
  landing: 0.5506963130000031
  view-data: 0.5473675160000084
