times:
  edit-metadata: 1.355945299146697
  landing: 0.8451718599535525
  view-data: 3.379313015844673
