times:
  edit-metadata: 0.7194126443937421
  landing: 0.054921260103583336
  view-data: 0.22298394236713648
