times:
  edit-metadata: 1.5195545963943005
  landing: 0.8011191133409739
  view-data: 3.3386764153838158
