times:
  edit-metadata: 1.0198287561070174
  landing: 0.0512867730576545
  view-data: 0.2178219819907099
