times:
  landing: 0.5492729849999876
  view-data: 0.5484401790000106
