times:
  edit-metadata: 0.9280267930589616
  landing: 0.05464658187702298
  view-data: 0.20610817591659725
