times:
  edit-metadata: 1.255096424371004
  landing: 0.054719146341085434
  view-data: 0.21630127727985382
