times:
  edit-metadata: 1.5159079805016518
  landing: 1.0755285546183586
  view-data: 3.337843656539917
