times:
  edit-metadata: 1.566845016553998
  landing: 0.7950555793941021
  view-data: 3.4116930328309536
