times:
  edit-metadata: 1.574139341711998
  landing: 1.0980427525937557
  view-data: 3.4885066701099277
