times:
  edit-metadata: 1.3672930337488651
  landing: 0.049739159643650055
  view-data: 0.2095421589910984
