times:
  edit-metadata: 1.4341585487127304
  landing: 0.9090346600860357
  view-data: 3.397029245272279
