times:
  edit-metadata: 1.711132725700736
  landing: 0.12211866304278374
  view-data: 0.3579674232751131
