times:
  edit-metadata: 1.1333337889518589
  landing: 0.05601895693689585
  view-data: 0.2870034120278433
