times:
  edit-metadata: 1.3696798458695412
  landing: 0.7949367165565491
  view-data: 3.347571585327387
