times:
  landing: 0.6323721730000216
  view-data: 0.5947164419999922
