times:
  edit-metadata: 1.684761050157249
  landing: 0.020889468491077423
  view-data: 0.02796027809381485
