times:
  edit-metadata: 1.2862018719315529
  landing: 0.05136197432875633
  view-data: 0.2223067544400692
