times:
  edit-metadata: 1.69905417971313
  landing: 0.021157752722501755
  view-data: 0.4645853005349636
