times:
  edit-metadata: 1.94841399602592
  landing: 1.188781725242734
  view-data: 3.653223153203726
