times:
  edit-metadata: 0.9507067548111081
  landing: 0.05034896498546004
  view-data: 0.27792082726955414
