times:
  edit-metadata: 0.9007048979401588
  landing: 0.0939473481848836
  view-data: 0.35038001276552677
