times:
  edit-metadata: 0.7884398959868122
  landing: 0.05084286801866256
  view-data: 0.26426092901965603
