times:
  landing: 0.5516675270000064
  view-data: 0.5689298780000058
