times:
  edit-metadata: 1.5672598900273442
  landing: 0.8996633095666766
  view-data: 3.4253828432410955
