times:
  edit-metadata: 1.4194747620495036
  landing: 0.7906610559439287
  view-data: 3.2828059049788862
