times:
  edit-metadata: 0.9839062108658254
  landing: 0.057706003077328205
  view-data: 0.2025892734527588
