times:
  edit-metadata: 0.8724057269282639
  landing: 0.050958499778062105
  view-data: 0.208049229811877
