times:
  edit-metadata: 1.562431642320007
  landing: 0.8609699821099639
  view-data: 3.383233927655965
