times:
  edit-metadata: 1.4404843281954527
  landing: 0.5362800545990467
  view-data: 0.21057480201125145
