times:
  edit-metadata: 1.4227325189858675
  landing: 1.115510631352663
  view-data: 0.6443074010312557
