times:
  edit-metadata: 2.186344813555479
  landing: 0.2594229318201542
  view-data: 0.024015089496970177
