times:
  edit-metadata: 1.68206559214741
  landing: 0.02187929768115282
  view-data: 0.02799348346889019
