times:
  edit-metadata: 1.4195895828306675
  landing: 0.8352789767086506
  view-data: 3.356117283925414
