times:
  landing: 0.5583317410000177
  view-data: 0.5665238649999935
