times:
  edit-metadata: 1.412438340485096
  landing: 0.8144919350743294
  view-data: 3.3132416158914566
