times:
  edit-metadata: 1.454090341925621
  landing: 1.0991397500038147
  view-data: 3.391554292291403
