times:
  edit-metadata: 1.3003387562930584
  landing: 0.5786191616207361
  view-data: 0.6298759039491415
