times:
  edit-metadata: 2.5612008664757013
  landing: 0.32071012258529663
  view-data: 0.6400279495865107
