times:
  edit-metadata: 1.4763750731945038
  landing: 0.8556238859891891
  view-data: 3.3941680155694485
