times:
  edit-metadata: 1.384963727556169
  landing: 0.8491978254169226
  view-data: 3.434904341585934
