times:
  edit-metadata: 1.4384827632457018
  landing: 1.208894807845354
  view-data: 0.6448483616113663
