times:
  edit-metadata: 0.7464374890114414
  landing: 0.051813003999996
  view-data: 0.270561274010106
