times:
  landing: 0.5491781560000106
  view-data: 0.558047815000009
