times:
  edit-metadata: 1.6275338241830468
  landing: 0.02183681260794401
  view-data: 0.026429062709212303
