times:
  edit-metadata: 1.088447964983061
  landing: 0.060151564015541226
  view-data: 0.20437589596258476
