times:
  landing: 1.0810288049999883
  view-data: 0.554321668
