times:
  landing: 0.5609617640000124
  view-data: 0.569099940000001
