times:
  landing: 0.5624520920000009
  view-data: 0.07117122299999323
