times:
  landing: 0.5581352480000135
  view-data: 0.5593280509999943
