times:
  edit-metadata: 0.635194790083915
  landing: 0.04842442600056529
  view-data: 0.2600682759657502
