times:
  edit-metadata: 1.3526940364390612
  landing: 1.810257961973548
  view-data: 0.45617242716252804
