times:
  edit-metadata: 1.3910745719913393
  landing: 0.8145808100234717
  view-data: 3.3867002790793777
