times:
  edit-metadata: 1.237461781827733
  landing: 0.06597305904142559
  view-data: 0.22421324299648404
