times:
  landing: 0.5487276829999246
  view-data: 0.5502462840000817
