times:
  edit-metadata: 1.6876911045983434
  landing: 0.09637580439448357
  view-data: 0.02386432606726885
