times:
  landing: 1.0732850930000382
  view-data: 0.5588757950000058
