times:
  edit-metadata: 1.7426247037947178
  landing: 0.021489141508936882
  view-data: 0.029548339545726776
