times:
  edit-metadata: 2.211064233444631
  landing: 0.9363053385168314
  view-data: 3.402356087230146
