times:
  edit-metadata: 0.6626547449268401
  landing: 0.07871321693528444
  view-data: 0.24740824894979596
