times:
  edit-metadata: 2.136224078014493
  landing: 1.3710864055901766
  view-data: 3.5098894834518433
