times:
  edit-metadata: 1.398393101990223
  landing: 0.5531227346509695
  view-data: 0.23867326974868774
