times:
  edit-metadata: 1.7008033320307732
  landing: 0.020350568927824497
  view-data: 0.13988254312425852
