times:
  edit-metadata: 1.4960503317415714
  landing: 0.8634823840111494
  view-data: 3.3805952593684196
