times:
  edit-metadata: 1.3541080658324063
  landing: 0.8202898921445012
  view-data: 3.4232929730787873
