times:
  edit-metadata: 1.2881082706153393
  landing: 0.05599129945039749
  view-data: 0.213460061699152
