times:
  edit-metadata: 0.6904605099989567
  landing: 0.06865631300024688
  view-data: 0.36032637901371345
