times:
  landing: 0.6226652860000002
  view-data: 0.5622427819999984
