times:
  edit-metadata: 1.3712032679468393
  landing: 0.8645319025963545
  view-data: 3.369990026578307
