times:
  edit-metadata: 1.5962359048426151
  landing: 1.1388034857809544
  view-data: 3.3337354622781277
