times:
  edit-metadata: 1.2955688312649727
  landing: 1.616754038259387
  view-data: 0.31404347345232964
