times:
  landing: 0.5520678139999973
  view-data: 0.5626833679999663
