times:
  landing: 0.55008511799997
  view-data: 0.5595561580000208
