times:
  edit-metadata: 1.41932762414217
  landing: 0.9183349432423711
  view-data: 3.4080197382718325
