times:
  landing: 0.5564824940000221
  view-data: 0.5610489219999977
