times:
  edit-metadata: 0.8649539109319448
  landing: 0.051846974063664675
  view-data: 0.2331793033517897
