times:
  edit-metadata: 1.5200917590409517
  landing: 0.8562433794140816
  view-data: 3.41789579577744
