times:
  edit-metadata: 1.2294227499514818
  landing: 0.05274564027786255
  view-data: 0.2149682752788067
