times:
  edit-metadata: 1.4204133991152048
  landing: 0.5617992077022791
  view-data: 0.23091092891991138
