times:
  edit-metadata: 1.3146389070898294
  landing: 2.6596455220133066
  view-data: 0.614673301577568
