times:
  edit-metadata: 1.3540239594876766
  landing: 1.0232573989778757
  view-data: 3.4014024883508682
