times:
  edit-metadata: 0.7077885577455163
  landing: 0.04931710194796324
  view-data: 0.24535649083554745
