times:
  edit-metadata: 1.525233168154955
  landing: 0.8642893247306347
  view-data: 3.411749131977558
