times:
  landing: 0.5533869620000189
  view-data: 0.5487340230000086
