times:
  edit-metadata: 1.3601189479231834
  landing: 0.966069009155035
  view-data: 3.306274350732565
