times:
  edit-metadata: 1.683532951399684
  landing: 0.1410689875483513
  view-data: 0.3087774720042944
