times:
  landing: 1.0682536480000238
  view-data: 0.5625208059999807
