times:
  edit-metadata: 1.3896706122905016
  landing: 0.879678803961724
  view-data: 3.406737944111228
