times:
  edit-metadata: 0.7209449480287731
  landing: 0.058074511121958494
  view-data: 0.19780941493809223
