times:
  landing: 1.0680872779998936
  view-data: 0.5555980690000979
