times:
  edit-metadata: 0.6925296359695494
  landing: 0.051617142977193
  view-data: 0.3589237480191514
