times:
  edit-metadata: 1.831237819045782
  landing: 0.21101153641939163
  view-data: 0.3682691119611263
