times:
  edit-metadata: 1.6237433664500713
  landing: 0.20034878887236118
  view-data: 0.30758467875421047
