times:
  edit-metadata: 1.2100656814873219
  landing: 0.04761491343379021
  view-data: 0.2167491689324379
