times:
  edit-metadata: 1.5323428455740213
  landing: 0.7587889451533556
  view-data: 0.5602535419166088
