times:
  edit-metadata: 0.9608613819582388
  landing: 0.053623648011125624
  view-data: 0.2009784309193492
