times:
  edit-metadata: 1.625183429569006
  landing: 0.02274299319833517
  view-data: 0.02371245063841343
