times:
  edit-metadata: 0.6913072215393186
  landing: 0.047957608476281166
  view-data: 0.24108511116355658
