times:
  landing: 0.5622864130000096
  view-data: 0.5606434310000168
