times:
  edit-metadata: 1.4479253739118576
  landing: 1.0182187715545297
  view-data: 0.5996222449466586
