times:
  edit-metadata: 1.6913794074207544
  landing: 0.1382310427725315
  view-data: 0.37693270295858383
