times:
  edit-metadata: 1.7068783417344093
  landing: 0.022446904331445694
  view-data: 0.4205210208892822
