times:
  edit-metadata: 1.7131537841632962
  landing: 0.020991616882383823
  view-data: 0.11935263220220804
