times:
  landing: 1.0783409890000257
  view-data: 0.5579091150000011
