times:
  edit-metadata: 0.6365036319475621
  landing: 0.048951631993986666
  view-data: 0.2508244620403275
