times:
  edit-metadata: 1.6850316803902388
  landing: 0.024181224405765533
  view-data: 0.1299230009317398
