times:
  edit-metadata: 0.6766403000801802
  landing: 0.04835773538798094
  view-data: 0.24568650824949145
