times:
  edit-metadata: 0.7048371098935604
  landing: 0.05098803294822574
  view-data: 0.22189060924574733
