times:
  edit-metadata: 1.1975039020180702
  landing: 0.051769427955150604
  view-data: 0.2094893902540207
