times:
  edit-metadata: 0.9397715181112289
  landing: 0.043630583910271525
  view-data: 0.20478347386233509
