times:
  landing: 0.5401542460000144
  view-data: 0.5485091369999964
