times:
  edit-metadata: 1.439578339457512
  landing: 0.6179049760103226
  view-data: 0.6349222715944052
