times:
  edit-metadata: 1.7263325871899724
  landing: 0.019667976535856724
  view-data: 0.02494790591299534
