times:
  edit-metadata: 1.2325692735612392
  landing: 0.05738715082406998
  view-data: 0.21539342030882835
