times:
  edit-metadata: 1.399903655052185
  landing: 0.8459135182201862
  view-data: 3.322953235358
