times:
  edit-metadata: 0.6358840910252184
  landing: 0.052527580002788454
  view-data: 0.3544215500005521
