times:
  edit-metadata: 1.7398092187941074
  landing: 1.1762578077614307
  view-data: 3.5048841908574104
