times:
  edit-metadata: 1.1478448528796434
  landing: 0.3806543592363596
  view-data: 0.3347085826098919
