times:
  edit-metadata: 1.4118889793753624
  landing: 0.7957111326977611
  view-data: 0.5131000969558954
