times:
  edit-metadata: 1.3079557735472918
  landing: 0.9289972241967916
  view-data: 0.47642313688993454
