times:
  edit-metadata: 0.9205276460852474
  landing: 0.04859696887433529
  view-data: 0.1984321610070765
