times:
  edit-metadata: 1.6906552650034428
  landing: 0.021607812494039536
  view-data: 0.13456992618739605
