times:
  edit-metadata: 1.3869434352964163
  landing: 0.8434278313070536
  view-data: 0.3309922907501459
