times:
  landing: 0.5535897519999935
  view-data: 0.5539478519999648
