times:
  edit-metadata: 1.7184470752254128
  landing: 0.27621075697243214
  view-data: 0.37631563283503056
