times:
  edit-metadata: 0.771363983862102
  landing: 0.07960136793553829
  view-data: 0.23494016891345382
