times:
  edit-metadata: 0.6823525978252292
  landing: 0.044336284045130014
  view-data: 0.20004884526133537
