times:
  edit-metadata: 0.9063534230226651
  landing: 0.046981556923128664
  view-data: 0.20678839297033846
