times:
  landing: 1.078924255000004
  view-data: 0.5569250540000041
