times:
  edit-metadata: 1.6436213254928589
  landing: 0.11847992148250341
  view-data: 0.02815055288374424
