times:
  edit-metadata: 1.6406870344653726
  landing: 0.11665889155119658
  view-data: 0.025688201189041138
