times:
  edit-metadata: 1.7336750831454992
  landing: 0.020258944481611252
  view-data: 0.12920173816382885
