times:
  edit-metadata: 0.7189676808193326
  landing: 0.044590932317078114
  view-data: 0.21015407610684633
