times:
  edit-metadata: 0.9035984560032375
  landing: 0.05317129602190107
  view-data: 0.21883032098412514
