times:
  edit-metadata: 1.723025033250451
  landing: 0.13972122967243195
  view-data: 0.025156021118164062
