times:
  edit-metadata: 1.4837763719260693
  landing: 1.0339293950237334
  view-data: 0.4965464919805527
