times:
  edit-metadata: 1.1118888184428215
  landing: 0.370222344994545
  view-data: 0.20672748051583767
