times:
  edit-metadata: 0.6697907480411232
  landing: 0.07928872900083661
  view-data: 0.36514969798736274
