times:
  edit-metadata: 0.6402433189796284
  landing: 0.051192636019550264
  view-data: 0.389677842031233
