times:
  edit-metadata: 1.4572960319928825
  landing: 0.8833240089006722
  view-data: 3.3801936199888587
