times:
  edit-metadata: 1.4365603160113096
  landing: 0.6424489635974169
  view-data: 0.22751100361347198
