times:
  edit-metadata: 1.3534184601157904
  landing: 0.053066693246364594
  view-data: 0.3136728275567293
