times:
  edit-metadata: 1.680525449104607
  landing: 0.023058274760842323
  view-data: 0.12457917351275682
