times:
  edit-metadata: 1.3976077940315008
  landing: 0.589431757107377
  view-data: 0.22665059193968773
