times:
  edit-metadata: 1.138925202190876
  landing: 0.056188326328992844
  view-data: 0.20504024997353554
