times:
  edit-metadata: 0.7431311649270356
  landing: 0.049140234012156725
  view-data: 0.21893654903396964
