times:
  landing: 0.5508014509999839
  view-data: 0.5536097330000302
