times:
  edit-metadata: 1.298460902646184
  landing: 1.1949847433716059
  view-data: 0.32174823991954327
