times:
  edit-metadata: 1.6606200635433197
  landing: 0.2131373006850481
  view-data: 0.024549412541091442
