times:
  edit-metadata: 0.6861441861838102
  landing: 0.05440080305561423
  view-data: 0.34489820525050163
