times:
  edit-metadata: 1.665542846545577
  landing: 0.022966776974499226
  view-data: 0.11731386557221413
