times:
  edit-metadata: 0.7412090925499797
  landing: 0.05180537700653076
  view-data: 0.21072667744010687
