times:
  edit-metadata: 0.7372719557024539
  landing: 0.04273536475375295
  view-data: 0.20114388084039092
