times:
  edit-metadata: 1.3568874150514603
  landing: 0.8061384037137032
  view-data: 3.3182328045368195
