times:
  edit-metadata: 1.5120879309251904
  landing: 0.8465456254780293
  view-data: 3.6827869825065136
