times:
  edit-metadata: 1.4996471107006073
  landing: 1.016606915742159
  view-data: 3.4517925418913364
