times:
  edit-metadata: 0.9099030331708491
  landing: 0.06685057398863137
  view-data: 0.20195024693384767
