times:
  edit-metadata: 1.3830420337617397
  landing: 1.0018104799091816
  view-data: 3.360981721431017
