times:
  edit-metadata: 1.548549422994256
  landing: 0.9907258208841085
  view-data: 3.305287105962634
