times:
  edit-metadata: 1.0190011539962143
  landing: 0.051328660221770406
  view-data: 0.21100534102879465
