times:
  edit-metadata: 1.2345537543296814
  landing: 0.04852284863591194
  view-data: 0.20540301129221916
