times:
  landing: 1.0765632220000043
  view-data: 0.5548361280000051
