times:
  edit-metadata: 0.6390673909336329
  landing: 0.04664249601773918
  view-data: 0.24670408596284688
