times:
  edit-metadata: 1.7180927079170942
  landing: 0.22045463509857655
  view-data: 0.15439932979643345
