times:
  edit-metadata: 1.3626141026616096
  landing: 0.867438156157732
  view-data: 3.3479721266776323
