times:
  landing: 0.5465405809999879
  view-data: 0.5575527039999884
