times:
  edit-metadata: 0.9608092750422657
  landing: 0.057381632970646024
  view-data: 0.2000833791680634
