times:
  landing: 0.5441120239999861
  view-data: 0.5437418189999903
