times:
  edit-metadata: 0.9854988509323448
  landing: 0.050122209126129746
  view-data: 0.20237683900631964
