times:
  edit-metadata: 1.6227876394987106
  landing: 0.11646869778633118
  view-data: 0.025177815929055214
