times:
  edit-metadata: 0.6657974435947835
  landing: 0.04503871966153383
  view-data: 0.251875514164567
