times:
  edit-metadata: 1.696135706268251
  landing: 0.019528170116245747
  view-data: 0.02584503684192896
