times:
  edit-metadata: 1.479223265312612
  landing: 1.1345440214499831
  view-data: 3.3923446889966726
