times:
  edit-metadata: 1.486031536012888
  landing: 0.9521121419966221
  view-data: 3.3310884423553944
