times:
  edit-metadata: 0.928785155992955
  landing: 0.057841761998133734
  view-data: 0.20707676200254355
