times:
  edit-metadata: 1.5142628122121096
  landing: 0.7822874505072832
  view-data: 0.5778883285820484
