times:
  edit-metadata: 3.57960731908679
  landing: 1.8680305294692516
  view-data: 3.531439635902643
