times:
  edit-metadata: 1.298220232129097
  landing: 0.6339296884834766
  view-data: 0.6328408755362034
