times:
  landing: 1.0694266060000075
  view-data: 0.5589457970000069
