times:
  edit-metadata: 0.7363957883790135
  landing: 0.05375638231635094
  view-data: 0.3494775202125311
