times:
  edit-metadata: 0.7842412041500211
  landing: 0.09621595917269588
  view-data: 0.23811861220747232
