times:
  edit-metadata: 1.336859131231904
  landing: 0.5959160644561052
  view-data: 0.20472514629364014
