times:
  edit-metadata: 1.4645379520952702
  landing: 0.9233401659876108
  view-data: 3.3048113267868757
