times:
  edit-metadata: 1.8989321608096361
  landing: 0.14151769317686558
  view-data: 0.027971560135483742
