times:
  edit-metadata: 1.5648268572986126
  landing: 0.8588376305997372
  view-data: 3.5068459697067738
