times:
  edit-metadata: 1.5009506773203611
  landing: 1.0002638082951307
  view-data: 0.5753161925822496
