times:
  edit-metadata: 0.6518737199949101
  landing: 0.07538069802103564
  view-data: 0.24349489901214838
