times:
  edit-metadata: 1.3522939011454582
  landing: 0.7694678790867329
  view-data: 3.338936995714903
