times:
  landing: 0.5605609130000175
  view-data: 0.5482295860000477
