times:
  edit-metadata: 1.472864918410778
  landing: 0.8795718029141426
  view-data: 3.386274442076683
