times:
  landing: 0.5494243200000142
  view-data: 0.5557094629999995
