times:
  edit-metadata: 0.6950158418621868
  landing: 0.07346387207508087
  view-data: 0.2436704400461167
