times:
  edit-metadata: 0.6757190038915724
  landing: 0.0746800908818841
  view-data: 0.3667766209691763
