times:
  edit-metadata: 1.619547177106142
  landing: 1.0792310275137424
  view-data: 3.377947699278593
