times:
  edit-metadata: 0.7158622150309384
  landing: 0.04767216369509697
  view-data: 0.20471908804029226
