times:
  landing: 1.065290464000043
  view-data: 1.0764767119999874
