times:
  landing: 1.0675327430000152
  view-data: 0.5516495599999871
