times:
  edit-metadata: 1.6674124374985695
  landing: 0.02056292537599802
  view-data: 0.02496232371777296
