times:
  landing: 0.5546614239999599
  view-data: 0.5489016280000669
