times:
  edit-metadata: 1.3971293410286307
  landing: 0.9016359690576792
  view-data: 0.5561809614300728
