times:
  landing: 1.0755310619999818
  view-data: 0.5548173490000181
