times:
  landing: 0.5587683659999811
  view-data: 0.5577432179999846
