times:
  edit-metadata: 1.4792436900315806
  landing: 0.23814684100216255
  view-data: 0.293870882014744
