times:
  edit-metadata: 0.732478644233197
  landing: 0.05099408607929945
  view-data: 0.2031840467825532
