times:
  edit-metadata: 0.723781906068325
  landing: 0.053489772602915764
  view-data: 0.21340304519981146
