times:
  edit-metadata: 1.4918849505484104
  landing: 0.8026785030961037
  view-data: 3.438544299453497
