times:
  edit-metadata: 0.9016361290123314
  landing: 0.038117151940241456
  view-data: 0.20540192199405283
