times:
  landing: 0.55760655200001
  view-data: 0.5647250890000066
