times:
  edit-metadata: 0.6838037299457937
  landing: 0.08390519814565778
  view-data: 0.49224844784475863
