times:
  edit-metadata: 1.4004057440906763
  landing: 0.8717167740687728
  view-data: 0.723501943051815
