times:
  edit-metadata: 1.5249129589647055
  landing: 0.8356595225632191
  view-data: 3.378634750843048
