times:
  edit-metadata: 1.2059962414205074
  landing: 0.05499234423041344
  view-data: 0.2126852199435234
