times:
  edit-metadata: 1.527800727635622
  landing: 0.8034843485802412
  view-data: 3.3741830568760633
