times:
  edit-metadata: 1.2785364501178265
  landing: 0.044741541147232056
  view-data: 0.21604472398757935
