times:
  edit-metadata: 0.931667004013434
  landing: 0.04902739898534492
  view-data: 0.20312369498424232
