times:
  edit-metadata: 0.6647300980985165
  landing: 0.09358667070046067
  view-data: 0.365125868935138
