times:
  edit-metadata: 1.235592756420374
  landing: 0.6680860556662083
  view-data: 0.4367738254368305
