times:
  edit-metadata: 1.3082766644656658
  landing: 0.7442978490144014
  view-data: 3.3427741173654795
