times:
  edit-metadata: 1.6626516450196505
  landing: 0.023968281224370003
  view-data: 0.29712056554853916
