times:
  landing: 0.6141326289999824
  view-data: 0.5531694339999831
