times:
  edit-metadata: 1.6455987701192498
  landing: 0.020453717559576035
  view-data: 0.4035534719005227
