times:
  edit-metadata: 0.7197743076831102
  landing: 0.05372780514881015
  view-data: 0.3571150223724544
