times:
  edit-metadata: 1.4869269505143166
  landing: 0.9705985803157091
  view-data: 0.5812829155474901
