times:
  edit-metadata: 0.7336527389707044
  landing: 0.047427168930880725
  view-data: 0.25536871107760817
