times:
  edit-metadata: 1.4232498379424214
  landing: 0.8631892739795148
  view-data: 3.395001301076263
