times:
  edit-metadata: 0.6645936369895935
  landing: 0.08648688899120316
  view-data: 0.4200933090178296
