times:
  edit-metadata: 1.8426849506795406
  landing: 0.020180117338895798
  view-data: 0.02301378734409809
