times:
  edit-metadata: 1.3956680223345757
  landing: 0.48707286827266216
  view-data: 0.21023963578045368
