times:
  edit-metadata: 1.6690062237903476
  landing: 0.022087547928094864
  view-data: 0.023938986472785473
