times:
  edit-metadata: 2.790443494915962
  landing: 0.5317792454734445
  view-data: 0.6917891977354884
