times:
  edit-metadata: 0.6798715842887759
  landing: 0.0525290509685874
  view-data: 0.20508818281814456
