times:
  edit-metadata: 1.468995900824666
  landing: 0.7514455243945122
  view-data: 3.412933399900794
