times:
  edit-metadata: 1.3859741142950952
  landing: 0.8159910091198981
  view-data: 0.5480358810164034
