times:
  edit-metadata: 1.2825593445450068
  landing: 1.6188896521925926
  view-data: 0.6132075414061546
