times:
  edit-metadata: 0.7060290399822406
  landing: 0.074217175017111
  view-data: 0.2672483879723586
