times:
  edit-metadata: 0.972219224087894
  landing: 0.051684970036149025
  view-data: 0.19808783079497516
