times:
  edit-metadata: 1.6329285288229585
  landing: 0.02073753159493208
  view-data: 0.027586668729782104
