times:
  edit-metadata: 0.9289971450343728
  landing: 0.06527593499049544
  view-data: 0.3485334161669016
