times:
  edit-metadata: 1.6915986444801092
  landing: 0.1355879008769989
  view-data: 0.24463280756026506
