times:
  edit-metadata: 5.162067806348205
  landing: 0.29016478173434734
  view-data: 0.18511224165558815
