times:
  landing: 1.0671489450000138
  view-data: 0.5545209949999901
