times:
  edit-metadata: 1.2769221924245358
  landing: 1.662921167910099
  view-data: 0.7792662475258112
