times:
  edit-metadata: 1.6893482208251953
  landing: 0.022207578644156456
  view-data: 0.19722095225006342
