times:
  edit-metadata: 1.3784745559096336
  landing: 0.6053650174289942
  view-data: 0.8977886624634266
