times:
  edit-metadata: 1.3788601140258834
  landing: 0.8831867449916899
  view-data: 3.594743410940282
