times:
  edit-metadata: 0.8213591510429978
  landing: 0.04921748861670494
  view-data: 0.7256492218002677
