times:
  edit-metadata: 0.9123142748139799
  landing: 0.04178074561059475
  view-data: 0.20810765493661165
