times:
  edit-metadata: 1.5220468267798424
  landing: 1.1339820064604282
  view-data: 3.368353597819805
