times:
  edit-metadata: 0.9229088770225644
  landing: 0.04902663012035191
  view-data: 0.21480328985489905
