times:
  edit-metadata: 1.5938915889710188
  landing: 0.02021688222885132
  view-data: 0.222713322378695
