times:
  landing: 0.5576385100000039
  view-data: 0.5635539419999986
