times:
  edit-metadata: 1.6732628056779504
  landing: 0.0200057215988636
  view-data: 0.40596754755824804
