times:
  edit-metadata: 1.315496813505888
  landing: 0.8358594886958599
  view-data: 3.3064303509891033
