times:
  edit-metadata: 1.6504901526495814
  landing: 0.019544382579624653
  view-data: 0.023827161639928818
