times:
  edit-metadata: 1.2797786965966225
  landing: 0.04559112340211868
  view-data: 0.20892957225441933
