times:
  landing: 0.5531357200000002
  view-data: 0.5531523210000273
