times:
  edit-metadata: 2.7520205192267895
  landing: 1.351122159510851
  view-data: 3.616148943081498
