times:
  edit-metadata: 1.3900544084608555
  landing: 1.01164791546762
  view-data: 0.5472228843718767
