times:
  edit-metadata: 1.513983078300953
  landing: 1.1230115182697773
  view-data: 3.3643094785511494
