times:
  edit-metadata: 2.084357530809939
  landing: 0.14225673954933882
  view-data: 0.037375232204794884
