times:
  edit-metadata: 0.6794810179999331
  landing: 0.05571333300031256
  view-data: 0.26040208699851064
