times:
  landing: 0.5554863919999775
  view-data: 0.5630056919999902
