times:
  edit-metadata: 1.2939968039281666
  landing: 0.7238626703619957
  view-data: 3.281438895035535
