times:
  edit-metadata: 1.3660243470221758
  landing: 1.0952162835747004
  view-data: 0.6128110606223345
