times:
  edit-metadata: 1.671285136602819
  landing: 0.020456360653042793
  view-data: 0.028237965889275074
