times:
  edit-metadata: 0.6396309710107744
  landing: 0.050512565998360515
  view-data: 0.34632128081284463
