times:
  edit-metadata: 1.8258518241345882
  landing: 0.02172652818262577
  view-data: 0.02503514476120472
