times:
  edit-metadata: 1.7688914481550455
  landing: 0.2027837596833706
  view-data: 0.4171836879104376
