times:
  edit-metadata: 0.892058745957911
  landing: 0.05442097899504006
  view-data: 0.19942006201017648
