times:
  edit-metadata: 1.2766735777258873
  landing: 0.052202753722667694
  view-data: 0.2165791392326355
