times:
  edit-metadata: 1.7156301233917475
  landing: 0.020961766131222248
  view-data: 0.028053556568920612
