times:
  edit-metadata: 1.0560133513063192
  landing: 1.0640422068536282
  view-data: 0.32078992389142513
