times:
  edit-metadata: 1.339376840973273
  landing: 0.8295897471252829
  view-data: 3.3581611190456897
