times:
  edit-metadata: 1.6863390607759356
  landing: 0.11687258537858725
  view-data: 0.5944391200318933
