times:
  edit-metadata: 1.5583390146493912
  landing: 0.9241297543048859
  view-data: 3.408424708992243
