times:
  landing: 0.5528670010000099
  view-data: 0.5631619110000088
