times:
  edit-metadata: 0.9185821427963674
  landing: 0.044212086126208305
  view-data: 0.19757506297901273
