times:
  edit-metadata: 1.5490543991327286
  landing: 1.0834578350186348
  view-data: 3.6223617792129517
