times:
  edit-metadata: 1.4753057025372982
  landing: 0.6254637707024813
  view-data: 0.23970280773937702
