times:
  landing: 0.5447576010000148
  view-data: 0.549086055000032
