times:
  edit-metadata: 1.517007015645504
  landing: 0.7726506721228361
  view-data: 0.5699904505163431
