times:
  edit-metadata: 1.4082461073994637
  landing: 0.053350865840911865
  view-data: 0.20470161363482475
