times:
  edit-metadata: 1.9007621444761753
  landing: 0.17613558284938335
  view-data: 0.6245960462838411
