times:
  edit-metadata: 1.564311821013689
  landing: 0.8407765682786703
  view-data: 3.38540100120008
