times:
  edit-metadata: 1.509599257260561
  landing: 0.9844584744423628
  view-data: 3.3789278008043766
