times:
  edit-metadata: 0.7113784309476614
  landing: 0.04396019596606493
  view-data: 0.2059759357944131
