times:
  edit-metadata: 1.129823476076126
  landing: 0.9442379716783762
  view-data: 0.3270536083728075
