times:
  edit-metadata: 1.32989551872015
  landing: 0.8787905890494585
  view-data: 3.3423286583274603
