times:
  edit-metadata: 1.3107242956757545
  landing: 0.7521034982055426
  view-data: 0.21662742272019386
