times:
  edit-metadata: 0.9329352520871907
  landing: 0.05286016198806465
  view-data: 0.211993157165125
