times:
  edit-metadata: 1.2751955203711987
  landing: 0.8450525589287281
  view-data: 3.4002977460622787
