times:
  edit-metadata: 1.8176630300004035
  landing: 0.9201877489686012
  view-data: 3.3959676459198818
