times:
  landing: 0.5502887030000068
  view-data: 0.5539478690000124
