times:
  edit-metadata: 1.35240697581321
  landing: 0.8379382500424981
  view-data: 3.353134276345372
