times:
  edit-metadata: 1.621605096384883
  landing: 0.19862168841063976
  view-data: 0.02795304451137781
