times:
  edit-metadata: 0.8886620090343058
  landing: 0.052554167923517525
  view-data: 0.20491089497227222
