times:
  edit-metadata: 1.6751731596887112
  landing: 0.02133072353899479
  view-data: 0.1258832747116685
