times:
  landing: 1.092586497999946
  view-data: 0.5507353850002801
