times:
  edit-metadata: 0.7128890017047524
  landing: 0.049144751857966185
  view-data: 0.2015435048379004
