times:
  landing: 0.5561074670000039
  view-data: 0.561774019000012
