times:
  edit-metadata: 1.6491489270702004
  landing: 0.019635687582194805
  view-data: 0.11957025155425072
