times:
  edit-metadata: 0.9019757700152695
  landing: 0.05678019195329398
  view-data: 0.20125444093719125
