times:
  edit-metadata: 1.6173002161085606
  landing: 1.0486331172287464
  view-data: 3.3538844361901283
