times:
  edit-metadata: 0.7440943857654929
  landing: 0.045744034461677074
  view-data: 0.2230633059516549
