times:
  edit-metadata: 1.1944329179823399
  landing: 0.05447067320346832
  view-data: 0.21313625574111938
