times:
  landing: 1.0852106860000106
  view-data: 0.5538323690000198
