times:
  edit-metadata: 1.3402334786951542
  landing: 1.0375791005790234
  view-data: 3.228923201560974
