times:
  edit-metadata: 0.8705345729831606
  landing: 0.05044611683115363
  view-data: 0.1980053789447993
