times:
  edit-metadata: 0.641501486999914
  landing: 0.047660299998824485
  view-data: 0.2502848959993571
