times:
  edit-metadata: 1.3744348902255297
  landing: 0.9545429944992065
  view-data: 0.4336483720690012
