times:
  edit-metadata: 1.514571912586689
  landing: 0.8900428842753172
  view-data: 3.434069812297821
