times:
  edit-metadata: 1.7098315758630633
  landing: 0.020843365229666233
  view-data: 0.025270319543778896
