times:
  edit-metadata: 1.3332359734922647
  landing: 0.8819470182061195
  view-data: 0.4258711449801922
