times:
  edit-metadata: 0.9482472690287977
  landing: 0.05229124310426414
  view-data: 0.20090116700157523
