times:
  edit-metadata: 2.1458156555891037
  landing: 0.305305203422904
  view-data: 0.18152505345642567
