times:
  edit-metadata: 1.393207489978522
  landing: 0.8921394890639931
  view-data: 3.342594754183665
