times:
  landing: 0.5519435580000049
  view-data: 0.5616617980000171
