times:
  edit-metadata: 1.2947692833840847
  landing: 0.5687373131513596
  view-data: 0.635349640622735
