times:
  edit-metadata: 0.6716707148589194
  landing: 0.07585919881239533
  view-data: 0.49756053322926164
