times:
  edit-metadata: 1.027625826653093
  landing: 0.10633772471919656
  view-data: 0.40478432178497314
