times:
  edit-metadata: 0.8102539889514446
  landing: 0.08026864798739552
  view-data: 0.2545025171712041
