times:
  edit-metadata: 1.626126155257225
  landing: 0.02360326051712036
  view-data: 0.02616075612604618
