times:
  edit-metadata: 1.2836624942719936
  landing: 0.049223411828279495
  view-data: 0.22133314236998558
