times:
  edit-metadata: 1.5659738555550575
  landing: 1.0345598235726357
  view-data: 3.429740872234106
