times:
  edit-metadata: 0.7587378400057787
  landing: 0.062045179001870565
  view-data: 0.2533707970069372
