times:
  edit-metadata: 1.7019543452188373
  landing: 1.202335000038147
  view-data: 0.6930452869273722
