times:
  landing: 0.5521092270000167
  view-data: 0.5599563940000394
