times:
  edit-metadata: 1.1628922389973013
  landing: 0.04915674799849512
  view-data: 0.20208535999699961
