times:
  edit-metadata: 1.6153815950001444
  landing: 0.11217357200030165
  view-data: 0.3201896040000065
