times:
  edit-metadata: 1.6604745769873261
  landing: 0.019231139682233334
  view-data: 0.5673550153151155
