times:
  edit-metadata: 1.6541484398767352
  landing: 0.02050307672470808
  view-data: 0.023958479054272175
