times:
  edit-metadata: 0.9763619960285723
  landing: 0.08214814029633999
  view-data: 0.2589653800241649
