times:
  edit-metadata: 1.5290828682482243
  landing: 0.7952286563813686
  view-data: 0.5856965593993664
