times:
  edit-metadata: 1.284941378980875
  landing: 0.043471094220876694
  view-data: 0.2161802165210247
