times:
  edit-metadata: 1.3487161323428154
  landing: 0.053450826555490494
  view-data: 0.2156580649316311
