times:
  landing: 1.0656232240000065
  view-data: 0.5491677859999982
