times:
  edit-metadata: 1.364911001175642
  landing: 0.7621569205075502
  view-data: 3.2966090328991413
