times:
  edit-metadata: 0.6291726501658559
  landing: 0.05075712199322879
  view-data: 0.23892975295893848
