times:
  landing: 0.5541414869999812
  view-data: 0.5662624570000503
