times:
  edit-metadata: 0.9781159129925072
  landing: 0.05153674399480224
  view-data: 0.21185659198090434
