times:
  landing: 0.5513889190000327
  view-data: 0.5530456340000001
