times:
  edit-metadata: 0.7718527249526232
  landing: 0.04792197304777801
  view-data: 0.2575743660563603
