times:
  edit-metadata: 1.4989799279719591
  landing: 0.7748710010200739
  view-data: 3.319372219964862
