times:
  edit-metadata: 1.2509717419743538
  landing: 0.05745476111769676
  view-data: 0.21242793276906013
