times:
  edit-metadata: 1.4121723175048828
  landing: 0.9714751355350018
  view-data: 3.2733867540955544
