times:
  edit-metadata: 1.4795508198440075
  landing: 0.8742220923304558
  view-data: 3.3385956287384033
