times:
  edit-metadata: 0.904671492986381
  landing: 0.04696157295256853
  view-data: 0.2090969057753682
