times:
  edit-metadata: 1.546656470745802
  landing: 1.0530373826622963
  view-data: 3.447654649615288
