times:
  edit-metadata: 1.1193150989711285
  landing: 0.5232613999396563
  view-data: 0.21119645982980728
