times:
  edit-metadata: 1.3096376582980156
  landing: 0.8416949715465307
  view-data: 0.20883689634501934
