times:
  edit-metadata: 2.202309627085924
  landing: 0.2250836305320263
  view-data: 0.6937142675742507
