times:
  edit-metadata: 1.7154403273016214
  landing: 0.1360294111073017
  view-data: 0.39512455835938454
