times:
  landing: 1.0735665290000043
  view-data: 0.5617264170000169
