times:
  edit-metadata: 0.6746487529017031
  landing: 0.05777942482382059
  view-data: 0.19852366019040346
