times:
  landing: 0.5590018729999997
  view-data: 0.5569787600000211
