times:
  edit-metadata: 1.333442160859704
  landing: 0.5764363911002874
  view-data: 0.6438259277492762
