times:
  edit-metadata: 0.7813392320094863
  landing: 0.07332677498925477
  view-data: 0.2846464189933613
