times:
  edit-metadata: 1.6706257546320558
  landing: 0.021170902997255325
  view-data: 0.22347502131015062
