times:
  edit-metadata: 1.9074996802955866
  landing: 1.1887609511613846
  view-data: 3.388201152905822
