times:
  edit-metadata: 1.261933147907257
  landing: 0.0494251511991024
  view-data: 0.21513120830059052
