times:
  edit-metadata: 0.6451215320266783
  landing: 0.05277991993352771
  view-data: 0.36981947906315327
