times:
  edit-metadata: 1.3717120867222548
  landing: 0.755459250882268
  view-data: 0.2149627972394228
