times:
  landing: 0.5548711879999928
  view-data: 0.5550024960000144
