times:
  edit-metadata: 1.552532158792019
  landing: 1.1359673235565424
  view-data: 3.3483205772936344
