times:
  edit-metadata: 1.3791387425735593
  landing: 0.8952929954975843
  view-data: 3.3634601291269064
