times:
  edit-metadata: 1.3224416617304087
  landing: 0.7463618535548449
  view-data: 0.25156931579113007
