times:
  landing: 1.0635361799999998
  view-data: 0.5446405879999929
