times:
  edit-metadata: 1.4634615071117878
  landing: 0.9429786317050457
  view-data: 3.2959031127393246
