times:
  edit-metadata: 1.9334627836942673
  landing: 0.21795840933918953
  view-data: 0.14176932722330093
