times:
  edit-metadata: 0.786206959746778
  landing: 0.045706357806921005
  view-data: 0.2386045577004552
