times:
  landing: 0.5618772489999913
  view-data: 0.5582495200000039
