times:
  landing: 1.0740828229999977
  view-data: 0.5607057819999852
