times:
  landing: 0.5613531099999989
  view-data: 0.5583998730000133
