times:
  edit-metadata: 1.5434284135699272
  landing: 0.8457338362932205
  view-data: 3.4259409978985786
