times:
  edit-metadata: 0.69891627272591
  landing: 0.05134115321561694
  view-data: 0.19639619393274188
