times:
  edit-metadata: 1.865307891741395
  landing: 0.14285461232066154
  view-data: 0.4165724068880081
