times:
  edit-metadata: 1.528684314340353
  landing: 4.816138446331024
  view-data: 3.3881114944815636
