times:
  edit-metadata: 0.7740979711525142
  landing: 0.04425628436729312
  view-data: 0.3324280958622694
