times:
  landing: 1.063516020999998
  view-data: 0.5500845730000208
