times:
  edit-metadata: 0.7257556468248367
  landing: 0.06147605297155678
  view-data: 0.2991907650139183
