times:
  edit-metadata: 2.1173431612551212
  landing: 1.1768585331737995
  view-data: 3.5130011923611164
