times:
  edit-metadata: 1.4551773630082607
  landing: 1.0808485709130764
  view-data: 3.594446863979101
