times:
  edit-metadata: 0.6664024589117616
  landing: 0.047508359886705875
  view-data: 0.23541998490691185
