times:
  edit-metadata: 1.7360855396836996
  landing: 0.04995779227465391
  view-data: 0.025588403455913067
