times:
  edit-metadata: 0.8839766141027212
  landing: 0.06033245800063014
  view-data: 0.32416231371462345
