times:
  landing: 1.0799150739999845
  view-data: 0.5600778799999944
