times:
  edit-metadata: 1.4159285873174667
  landing: 0.5799119602888823
  view-data: 0.20641768909990788
