times:
  edit-metadata: 2.2011705711483955
  landing: 0.28151425532996655
  view-data: 0.20749377459287643
