times:
  landing: 0.5549248429999807
  view-data: 0.556393049999997
