times:
  edit-metadata: 1.4441530406475067
  landing: 0.8478731587529182
  view-data: 3.36704071611166
