times:
  landing: 0.5580076050000002
  view-data: 0.5584481369999992
