times:
  edit-metadata: 2.0164218563586473
  landing: 0.27788490429520607
  view-data: 0.13129271194338799
