times:
  edit-metadata: 1.4361339323222637
  landing: 1.0519581325352192
  view-data: 3.3238121792674065
