times:
  edit-metadata: 0.9263937156647444
  landing: 0.05619465187191963
  view-data: 0.1948991040699184
