times:
  landing: 0.5568457450000039
  view-data: 0.5585377459999847
