times:
  edit-metadata: 1.2601117342710495
  landing: 0.05200987681746483
  view-data: 0.20763495564460754
