times:
  edit-metadata: 1.624301509000361
  landing: 0.022647093050181866
  view-data: 0.4334347387775779
