times:
  edit-metadata: 1.6361794956028461
  landing: 1.0608795545995235
  view-data: 3.3579359352588654
