times:
  edit-metadata: 0.9972064360044897
  landing: 0.06001657200977206
  view-data: 0.1996974810026586
