times:
  edit-metadata: 1.4450760779436678
  landing: 0.9411914619849995
  view-data: 3.3794023770606145
