times:
  edit-metadata: 1.160141624044627
  landing: 0.05040474981069565
  view-data: 0.1973890420049429
