times:
  edit-metadata: 1.1739505678415298
  landing: 0.056621656054630876
  view-data: 0.1970895321574062
