times:
  edit-metadata: 1.9104248844087124
  landing: 1.2211439236998558
  view-data: 3.3086758013814688
