times:
  edit-metadata: 0.7591214021667838
  landing: 0.04673041496425867
  view-data: 0.22626912035048008
