times:
  edit-metadata: 1.3276740179862827
  landing: 0.10666241199942306
  view-data: 0.2669373830431141
