times:
  edit-metadata: 1.6777747012674809
  landing: 0.12436146102845669
  view-data: 0.37352273240685463
