times:
  landing: 0.5570464919999836
  view-data: 0.5633006869999804
