times:
  edit-metadata: 1.6876212656497955
  landing: 0.1910530924797058
  view-data: 0.02635936252772808
