times:
  edit-metadata: 1.4096412509679794
  landing: 1.2017557583749294
  view-data: 0.6347384210675955
