times:
  edit-metadata: 1.656504824757576
  landing: 0.023095495998859406
  view-data: 0.3042270429432392
