times:
  edit-metadata: 1.371266771107912
  landing: 0.05995263159275055
  view-data: 0.21809131279587746
