times:
  edit-metadata: 1.912822438403964
  landing: 0.23484540916979313
  view-data: 0.4744229596108198
