times:
  edit-metadata: 2.2372905928641558
  landing: 0.38239167630672455
  view-data: 0.3984664212912321
