times:
  edit-metadata: 1.6990977674722672
  landing: 0.02235424891114235
  view-data: 0.02714124694466591
