times:
  edit-metadata: 1.5086193047463894
  landing: 0.8391475267708302
  view-data: 3.4206745866686106
