times:
  landing: 1.1371820990000003
  view-data: 0.5539630889999785
