times:
  edit-metadata: 1.6715824902057648
  landing: 0.9591860361397266
  view-data: 3.372533632442355
