times:
  edit-metadata: 0.7035346389998267
  landing: 0.04746532900026068
  view-data: 0.24968084600004659
