times:
  edit-metadata: 1.6619030591100454
  landing: 0.19868723675608635
  view-data: 0.122097197920084
