times:
  landing: 0.5592194309999741
  view-data: 0.558186633000048
