times:
  edit-metadata: 1.5837958548218012
  landing: 0.8735950719565153
  view-data: 0.7307583317160606
