times:
  edit-metadata: 0.7135315011255443
  landing: 0.04525857325643301
  view-data: 0.1955211292952299
