times:
  edit-metadata: 0.923618288943544
  landing: 0.059364943066611886
  view-data: 0.2049713667947799
