times:
  edit-metadata: 2.0213986318558455
  landing: 0.13055603206157684
  view-data: 0.4309676829725504
