times:
  edit-metadata: 0.6899645193479955
  landing: 0.05136151239275932
  view-data: 0.20040359580889344
