times:
  edit-metadata: 0.681632423074916
  landing: 0.045755021972581744
  view-data: 0.22355505707673728
