times:
  landing: 0.549114698999972
  view-data: 0.5637450639999884
