times:
  landing: 0.5479393310000091
  view-data: 0.5560799920000079
