times:
  edit-metadata: 1.021193722030148
  landing: 0.056332636857405305
  view-data: 0.20439020707271993
