times:
  edit-metadata: 0.9370569279417396
  landing: 0.04637286299839616
  view-data: 0.2000231840647757
