times:
  landing: 0.5401938989999735
  view-data: 0.5461105509999697
