times:
  edit-metadata: 1.7726836428046227
  landing: 0.11095691472291946
  view-data: 0.3291740398854017
