times:
  edit-metadata: 1.9977734070271254
  landing: 1.560598451178521
  view-data: 3.7170046819373965
