times:
  edit-metadata: 1.6644932813942432
  landing: 0.020613491535186768
  view-data: 0.02347571775317192
