times:
  edit-metadata: 0.8819002189848106
  landing: 0.07499170399387367
  view-data: 0.27305275900289416
