times:
  edit-metadata: 3.7859729990013875
  landing: 0.3941725500044413
  view-data: 0.046359054977074265
