times:
  edit-metadata: 0.7094814954325557
  landing: 0.044649770483374596
  view-data: 0.3399580745026469
