times:
  landing: 1.0739396260000262
  view-data: 0.5517988870000181
