times:
  edit-metadata: 0.6721901991404593
  landing: 0.0923538152128458
  view-data: 0.37608433282002807
