times:
  edit-metadata: 0.7826564279384911
  landing: 0.09005023399367929
  view-data: 0.3422600622288883
