times:
  landing: 1.074629638000033
  view-data: 0.5542895940000108
