times:
  edit-metadata: 1.6975377798080444
  landing: 0.025709081441164017
  view-data: 0.4544687494635582
