times:
  edit-metadata: 1.4296487271785736
  landing: 0.8617444159463048
  view-data: 3.3547829752787948
