times:
  edit-metadata: 1.5731687806546688
  landing: 0.9195770882070065
  view-data: 3.346616230905056
