times:
  edit-metadata: 1.7850881526246667
  landing: 0.018741548992693424
  view-data: 0.025625859387218952
