times:
  edit-metadata: 1.3899350370047614
  landing: 0.9081548970425501
  view-data: 0.7311643520370126
