times:
  edit-metadata: 1.4173569604754448
  landing: 0.9711527228355408
  view-data: 3.3325326405465603
