times:
  edit-metadata: 1.6961341965943575
  landing: 0.13958444818854332
  view-data: 0.02669481374323368
