times:
  edit-metadata: 1.258957076817751
  landing: 0.049493905156850815
  view-data: 0.2107529602944851
