times:
  landing: 0.5597446040000023
  view-data: 0.5659563460000072
