times:
  edit-metadata: 1.706462424248457
  landing: 0.01929323375225067
  view-data: 0.02522869035601616
