times:
  edit-metadata: 0.9166726591065526
  landing: 0.054132575169205666
  view-data: 0.20406227884814143
