times:
  edit-metadata: 1.485069370828569
  landing: 0.8419686919078231
  view-data: 3.4213986257091165
