times:
  edit-metadata: 1.3977592252194881
  landing: 0.87092066090554
  view-data: 3.3563370751217008
