times:
  landing: 0.556343308999999
  view-data: 0.5632166259999849
