times:
  edit-metadata: 1.6573057500645518
  landing: 0.018350359052419662
  view-data: 0.027910761535167694
