times:
  edit-metadata: 1.506562054157257
  landing: 0.7957592122256756
  view-data: 0.561932660639286
