times:
  landing: 1.0794463280000173
  view-data: 0.5483245419999889
