times:
  edit-metadata: 0.7426588223315775
  landing: 0.05138594098389149
  view-data: 0.2208769111894071
