times:
  edit-metadata: 1.3194756899029016
  landing: 0.630021458491683
  view-data: 0.36660785786807537
