times:
  edit-metadata: 0.6934196436777711
  landing: 0.05301861884072423
  view-data: 0.20634393813088536
