times:
  edit-metadata: 1.5498719923198223
  landing: 1.013661328703165
  view-data: 3.3873152434825897
