times:
  edit-metadata: 0.8405837402679026
  landing: 0.06185760302469134
  view-data: 0.2829683907330036
