times:
  edit-metadata: 1.308449188247323
  landing: 1.6237501669675112
  view-data: 0.6271867547184229
