times:
  edit-metadata: 0.8103552640241105
  landing: 0.11237338199862279
  view-data: 0.3706205560010858
