times:
  edit-metadata: 1.6130167627707124
  landing: 0.018375529907643795
  view-data: 0.39997523650527
