times:
  edit-metadata: 1.6570879723876715
  landing: 0.020872493274509907
  view-data: 0.0260089710354805
