times:
  edit-metadata: 1.6582019925117493
  landing: 0.020907986909151077
  view-data: 0.10161812882870436
