times:
  edit-metadata: 1.6116685718297958
  landing: 1.2500960449688137
  view-data: 3.553272589109838
