times:
  edit-metadata: 2.0286555038765073
  landing: 0.01890307106077671
  view-data: 0.13323927018791437
