times:
  edit-metadata: 1.9733995888382196
  landing: 0.13361297734081745
  view-data: 0.47288419492542744
