times:
  edit-metadata: 0.8829070729989326
  landing: 0.04899939600727521
  view-data: 0.206875529998797
