times:
  edit-metadata: 1.49350081756711
  landing: 0.7610644288361073
  view-data: 0.6761857848614454
