times:
  edit-metadata: 1.4829414170235395
  landing: 0.8568241130560637
  view-data: 3.466136109083891
