times:
  edit-metadata: 1.3183155804872513
  landing: 0.6988596208393574
  view-data: 0.35991726256906986
