times:
  edit-metadata: 1.5431625545024872
  landing: 1.0302083529531956
  view-data: 3.3601360507309437
