times:
  edit-metadata: 1.7351393941789865
  landing: 0.14917307160794735
  view-data: 0.13192808255553246
