times:
  edit-metadata: 1.4829624630510807
  landing: 0.8027827516198158
  view-data: 3.4146437402814627
