times:
  landing: 0.5496594300000197
  view-data: 0.559400055000026
