times:
  edit-metadata: 1.7400794457644224
  landing: 0.021275309845805168
  view-data: 0.42235468327999115
