times:
  edit-metadata: 1.3958073165267706
  landing: 1.0744417198002338
  view-data: 0.6012621503323317
