times:
  edit-metadata: 1.3080735839903355
  landing: 0.8026481121778488
  view-data: 0.47956024296581745
