times:
  landing: 0.5490540060000058
  view-data: 0.545522152999979
