times:
  edit-metadata: 1.189724214375019
  landing: 0.04532830789685249
  view-data: 0.21184568479657173
