times:
  landing: 1.6009104340000135
  view-data: 0.5643262719999882
