times:
  edit-metadata: 0.7102755256928504
  landing: 0.05280346889048815
  view-data: 0.2073911209590733
