times:
  edit-metadata: 1.3728201426565647
  landing: 0.9740524366497993
  view-data: 3.3580306954681873
