times:
  edit-metadata: 1.7073811339214444
  landing: 0.02204093337059021
  view-data: 0.02385932020843029
