times:
  edit-metadata: 0.7064033481292427
  landing: 0.04421286005526781
  view-data: 0.21395352762192488
