times:
  edit-metadata: 1.4216427765786648
  landing: 0.9666267558932304
  view-data: 3.4594907350838184
