times:
  edit-metadata: 1.737657219171524
  landing: 0.020477172918617725
  view-data: 0.025523449294269085
