times:
  landing: 0.5532577499999434
  view-data: 0.5455407210000658
