times:
  edit-metadata: 1.4117373526096344
  landing: 0.04700832813978195
  view-data: 0.21424326673150063
