times:
  edit-metadata: 1.254171684384346
  landing: 0.0522945336997509
  view-data: 0.21947237104177475
