times:
  landing: 1.0715108560000317
  view-data: 0.5505981089999068
