times:
  edit-metadata: 0.7077298499643803
  landing: 0.06131055997684598
  view-data: 0.3644505860283971
