times:
  landing: 1.0676189069999964
  view-data: 0.5564468960000113
