times:
  landing: 0.5680610500000398
  view-data: 0.5590797060000341
