times:
  edit-metadata: 1.1632375859189779
  landing: 0.04450772609561682
  view-data: 0.20295696100220084
