times:
  edit-metadata: 0.76177769433707
  landing: 0.042075329925864935
  view-data: 0.21139737404882908
