times:
  landing: 1.0642675889998827
  view-data: 0.5545782019999024
