times:
  edit-metadata: 1.3263793606311083
  landing: 1.1387501433491707
  view-data: 0.6337520070374012
