times:
  edit-metadata: 1.4207467325031757
  landing: 1.0438940282911062
  view-data: 0.31191456131637096
