times:
  edit-metadata: 1.7456572512164712
  landing: 0.019996928982436657
  view-data: 0.02342264074832201
