times:
  edit-metadata: 0.9085981589742005
  landing: 0.049026892986148596
  view-data: 0.21384509903145954
