times:
  edit-metadata: 1.6290426133200526
  landing: 0.020876494236290455
  view-data: 0.11912092752754688
