times:
  edit-metadata: 2.0334035489941016
  landing: 0.35925588599639013
  view-data: 0.03163773100823164
