times:
  edit-metadata: 0.9213764821179211
  landing: 0.04973893519490957
  view-data: 0.2028348301537335
