times:
  landing: 1.0766111202538013
  view-data: 0.5370413521304727
