times:
  edit-metadata: 1.6498448988422751
  landing: 0.022874504327774048
  view-data: 0.119401547126472
