times:
  edit-metadata: 1.4155442260671407
  landing: 0.8276155549101532
  view-data: 3.3908070230390877
