times:
  edit-metadata: 1.235082358121872
  landing: 0.7799762850627303
  view-data: 3.292032040655613
