times:
  edit-metadata: 1.7245025848969817
  landing: 0.020092583261430264
  view-data: 0.5470855897292495
