times:
  edit-metadata: 0.9444174119853415
  landing: 0.04575736599508673
  view-data: 0.2081503280205652
