times:
  edit-metadata: 0.8018532488495111
  landing: 0.0585954375565052
  view-data: 0.20351951010525227
