times:
  landing: 0.5619574550000834
  view-data: 0.5615345520000119
