times:
  edit-metadata: 0.741142441984266
  landing: 0.056684579234570265
  view-data: 0.19966423278674483
