times:
  landing: 1.080190536000032
  view-data: 0.5600558439999759
