times:
  edit-metadata: 1.4826982859522104
  landing: 0.740811163559556
  view-data: 0.5588203631341457
