times:
  edit-metadata: 0.7152265752665699
  landing: 0.04539907583966851
  view-data: 0.22507512336596847
