times:
  landing: 0.5506951959999924
  view-data: 0.5549004300000036
