times:
  edit-metadata: 1.3401926662772894
  landing: 1.0764236859977245
  view-data: 0.545497328042984
