times:
  edit-metadata: 0.7414733283221722
  landing: 0.054634081199765205
  view-data: 0.21195900440216064
