times:
  landing: 0.5485979119999911
  view-data: 0.5546889510000028
