times:
  edit-metadata: 1.3163279704749584
  landing: 0.7194559741765261
  view-data: 0.2609407976269722
