times:
  edit-metadata: 0.6941762007772923
  landing: 0.05387354828417301
  view-data: 0.2453594170510769
