times:
  edit-metadata: 0.9182215160108171
  landing: 0.049482800997793674
  view-data: 0.20256051095202565
