times:
  edit-metadata: 1.6657751463353634
  landing: 3.6540822898969054
  view-data: 3.3394894199445844
