times:
  edit-metadata: 0.7522833752445877
  landing: 0.055260227993130684
  view-data: 0.21910910215228796
