times:
  landing: 0.5587306049999938
  view-data: 0.058607874000017546
