times:
  landing: 1.1237321579999957
  view-data: 0.5566360419999796
