times:
  edit-metadata: 1.4983879756182432
  landing: 0.8487608972936869
  view-data: 3.411354511976242
