times:
  edit-metadata: 0.6926012090407312
  landing: 0.04827374638989568
  view-data: 0.1985165481455624
