times:
  edit-metadata: 2.2024629581719637
  landing: 0.024049682542681694
  view-data: 0.4377368837594986
