times:
  landing: 1.6042960039999912
  view-data: 0.5604659339999785
