times:
  edit-metadata: 1.383480291813612
  landing: 0.9727944172918797
  view-data: 3.3468773290514946
