times:
  edit-metadata: 1.3422331102192402
  landing: 0.5755776278674603
  view-data: 0.6276611220091581
