times:
  edit-metadata: 1.4871237948536873
  landing: 0.786704221740365
  view-data: 3.401342211291194
