times:
  edit-metadata: 1.4479645863175392
  landing: 0.4722845498472452
  view-data: 0.21351253241300583
