times:
  edit-metadata: 0.6608730789739639
  landing: 0.05089557310566306
  view-data: 0.36107148905284703
