times:
  edit-metadata: 1.4563067276030779
  landing: 0.6385496146976948
  view-data: 0.21289248205721378
