times:
  edit-metadata: 1.5066412389278412
  landing: 0.7390809990465641
  view-data: 0.5302002318203449
