times:
  edit-metadata: 0.6541710400488228
  landing: 0.050040045054629445
  view-data: 0.23161605698987842
