times:
  edit-metadata: 1.3973689563572407
  landing: 0.978255458176136
  view-data: 3.398005284368992
