times:
  edit-metadata: 1.6283572185784578
  landing: 0.1148503590375185
  view-data: 0.18760358914732933
