times:
  landing: 0.5521010490000151
  view-data: 0.5567894790000025
