times:
  edit-metadata: 1.7334728706628084
  landing: 0.19998295046389103
  view-data: 0.02549673244357109
