times:
  edit-metadata: 1.8929596617817879
  landing: 0.1541314646601677
  view-data: 0.33824106119573116
