times:
  edit-metadata: 1.694064506329596
  landing: 0.021924478001892567
  view-data: 0.10799118783324957
