times:
  edit-metadata: 0.7279587448574603
  landing: 0.043241760693490505
  view-data: 0.22090633492916822
