times:
  edit-metadata: 1.4864441119134426
  landing: 0.8257906027138233
  view-data: 3.4298334792256355
