times:
  edit-metadata: 1.0279988273978233
  landing: 0.6404681317508221
  view-data: 0.2326431516557932
