times:
  edit-metadata: 1.4205417856574059
  landing: 0.7635574750602245
  view-data: 0.5262120813131332
