times:
  edit-metadata: 2.0432085655629635
  landing: 1.2979941554367542
  view-data: 3.365835029631853
