times:
  edit-metadata: 1.5730394795536995
  landing: 0.9320355728268623
  view-data: 3.334171302616596
