times:
  edit-metadata: 1.4538839012384415
  landing: 0.9333836510777473
  view-data: 3.4064323268830776
