times:
  edit-metadata: 1.4321470372378826
  landing: 0.845703661441803
  view-data: 3.624056752771139
