times:
  edit-metadata: 1.4422656632959843
  landing: 0.8843575790524483
  view-data: 3.300236739218235
