times:
  edit-metadata: 1.352240450680256
  landing: 0.950603760778904
  view-data: 3.51173947006464
