times:
  edit-metadata: 2.435949858278036
  landing: 1.1181896664202213
  view-data: 4.077075105160475
