times:
  edit-metadata: 1.2774371169507504
  landing: 0.9289067201316357
  view-data: 3.3109036833047867
