times:
  edit-metadata: 1.4595945999026299
  landing: 0.9039169400930405
  view-data: 3.5085948184132576
