times:
  edit-metadata: 1.9724858403205872
  landing: 1.6337786689400673
  view-data: 3.464389566332102
