times:
  edit-metadata: 1.4733892120420933
  landing: 0.7991959229111671
  view-data: 3.350111201405525
