times:
  edit-metadata: 1.4545004479587078
  landing: 0.7831986621022224
  view-data: 3.3005353398621082
