times:
  edit-metadata: 1.4832431301474571
  landing: 1.4213369190692902
  view-data: 3.3807943761348724
