times:
  edit-metadata: 1.4840361773967743
  landing: 0.938258696347475
  view-data: 3.315761912614107
