times:
  edit-metadata: 1.7828566059470177
  landing: 0.9301229640841484
  view-data: 3.342497419565916
