times:
  edit-metadata: 1.4232279285788536
  landing: 0.8244497030973434
  view-data: 3.2744254395365715
