times:
  edit-metadata: 1.4576800167560577
  landing: 0.9121538773179054
  view-data: 3.3636575415730476
