times:
  edit-metadata: 1.3888165280222893
  landing: 0.9573277086019516
  view-data: 3.449810951948166
