times:
  edit-metadata: 1.6389613896608353
  landing: 1.241838701069355
  view-data: 3.524937257170677
