times:
  edit-metadata: 1.4829430058598518
  landing: 0.8362237103283405
  view-data: 3.318498373031616
