times:
  edit-metadata: 1.4402670189738274
  landing: 0.9895264729857445
  view-data: 3.2889411449432373
