times:
  edit-metadata: 1.446382462978363
  landing: 0.7657414451241493
  view-data: 3.351690649986267
