times:
  edit-metadata: 1.3861784934997559
  landing: 0.9009020030498505
  view-data: 3.4341714307665825
