times:
  edit-metadata: 2.891429416835308
  landing: 1.2948114350438118
  view-data: 3.512331113219261
