times:
  edit-metadata: 1.4297349862754345
  landing: 0.9080937467515469
  view-data: 3.3574437759816647
