times:
  edit-metadata: 1.3119590878486633
  landing: 0.7703018710017204
  view-data: 3.2768165804445744
