times:
  edit-metadata: 2.043646886944771
  landing: 1.1935368105769157
  view-data: 3.3655384555459023
