times:
  edit-metadata: 1.4865077212452888
  landing: 0.8511343225836754
  view-data: 3.459587909281254
