times:
  edit-metadata: 1.5775494500994682
  landing: 1.1877864599227905
  view-data: 3.4238375574350357
