times:
  edit-metadata: 1.616115115582943
  landing: 1.004208192229271
  view-data: 3.316040225327015
