times:
  edit-metadata: 1.280537698417902
  landing: 0.8839305527508259
  view-data: 3.3036692142486572
