times:
  edit-metadata: 1.242946334183216
  landing: 0.8822939060628414
  view-data: 3.335419215261936
