times:
  edit-metadata: 1.3747739419341087
  landing: 0.8884481564164162
  view-data: 3.4854102805256844
