times:
  edit-metadata: 1.2571643143892288
  landing: 0.8578992933034897
  view-data: 3.304974250495434
