times:
  edit-metadata: 1.2744470462203026
  landing: 0.8358209654688835
  view-data: 3.550782226026058
