times:
  edit-metadata: 1.4277303032577038
  landing: 0.8370834551751614
  view-data: 3.3183425217866898
