times:
  edit-metadata: 1.4726469330489635
  landing: 0.8608139306306839
  view-data: 3.3298801742494106
