times:
  edit-metadata: 1.3571839854121208
  landing: 0.7893321514129639
  view-data: 3.3087291046977043
