times:
  edit-metadata: 1.7018509432673454
  landing: 0.9921616837382317
  view-data: 3.330127492547035
