times:
  edit-metadata: 1.4543361328542233
  landing: 0.8333271965384483
  view-data: 3.2934152632951736
