times:
  edit-metadata: 1.3996651321649551
  landing: 0.7499473839998245
  view-data: 3.401618257164955
