times:
  edit-metadata: 1.4054079949855804
  landing: 0.7955317124724388
  view-data: 3.5417251512408257
