times:
  edit-metadata: 1.5026410669088364
  landing: 0.8103147745132446
  view-data: 3.544913187623024
