times:
  edit-metadata: 2.1606489196419716
  landing: 1.1624952293932438
  view-data: 3.4926470071077347
