times:
  edit-metadata: 1.4256940856575966
  landing: 0.896989107131958
  view-data: 3.462291307747364
