times:
  edit-metadata: 1.4219693765044212
  landing: 0.7909294739365578
  view-data: 3.4887864515185356
