times:
  edit-metadata: 1.4688384011387825
  landing: 0.8786089345812798
  view-data: 3.316292993724346
