times:
  edit-metadata: 1.549257054924965
  landing: 0.8413236066699028
  view-data: 3.2690293341875076
