times:
  edit-metadata: 1.5626805946230888
  landing: 0.7963500767946243
  view-data: 3.4768493995070457
