times:
  edit-metadata: 1.284084439277649
  landing: 0.8875804767012596
  view-data: 3.3275500684976578
