times:
  edit-metadata: 1.3837543092668056
  landing: 0.8393789157271385
  view-data: 3.2732956744730473
