times:
  edit-metadata: 1.4608588516712189
  landing: 0.8147450238466263
  view-data: 3.4989068135619164
