times:
  edit-metadata: 1.7084491923451424
  landing: 1.1252664402127266
  view-data: 3.301855869591236
