times:
  edit-metadata: 1.370345190167427
  landing: 0.7779537960886955
  view-data: 3.546457640826702
