times:
  edit-metadata: 1.3322270922362804
  landing: 0.8962479345500469
  view-data: 3.3830927088856697
