times:
  edit-metadata: 1.3902597948908806
  landing: 0.7860385030508041
  view-data: 3.4308307096362114
