times:
  edit-metadata: 1.4238909482955933
  landing: 0.9399560391902924
  view-data: 3.4644285067915916
