times:
  edit-metadata: 1.5689839571714401
  landing: 0.9613820388913155
  view-data: 3.3235602006316185
