times:
  edit-metadata: 1.4540707021951675
  landing: 0.7790025919675827
  view-data: 3.506962515413761
