times:
  edit-metadata: 1.4956156089901924
  landing: 0.8595607280731201
  view-data: 3.485362634062767
