times:
  edit-metadata: 1.4206946417689323
  landing: 0.8887754529714584
  view-data: 3.4668814316391945
