times:
  edit-metadata: 1.511673279106617
  landing: 0.9215706884860992
  view-data: 3.349954504519701
