times:
  edit-metadata: 1.6633389182388783
  landing: 0.9055535532534122
  view-data: 3.875509098172188
