times:
  edit-metadata: 1.4937449246644974
  landing: 0.9722140654921532
  view-data: 3.4200587943196297
