times:
  edit-metadata: 1.462475262582302
  landing: 0.8616489768028259
  view-data: 3.612160734832287
