times:
  edit-metadata: 1.496161438524723
  landing: 0.9402063265442848
  view-data: 3.492309056222439
