times:
  edit-metadata: 1.5309952199459076
  landing: 0.8437094017863274
  view-data: 3.4054196253418922
