times:
  edit-metadata: 1.515503816306591
  landing: 0.9476026892662048
  view-data: 3.4904353991150856
