times:
  edit-metadata: 3.120703347027302
  landing: 2.029636926949024
  view-data: 3.774731531739235
