times:
  edit-metadata: 1.882180456072092
  landing: 0.7918136045336723
  view-data: 3.316560100764036
