times:
  edit-metadata: 1.6513001024723053
  landing: 0.7915866523981094
  view-data: 3.3334684148430824
