times:
  edit-metadata: 1.6182720810174942
  landing: 0.88167979195714
  view-data: 3.3245840817689896
