times:
  edit-metadata: 1.5470733791589737
  landing: 0.7607310265302658
  view-data: 3.4594569578766823
