times:
  edit-metadata: 1.5546593740582466
  landing: 0.9575284942984581
  view-data: 3.333697460591793
