times:
  edit-metadata: 1.4566335789859295
  landing: 1.013577401638031
  view-data: 3.3518142886459827
