times:
  edit-metadata: 1.8835158124566078
  landing: 0.8186033964157104
  view-data: 3.7333618625998497
