times:
  edit-metadata: 1.5440446771681309
  landing: 0.9119855239987373
  view-data: 3.358030326664448
