times:
  edit-metadata: 1.4319543279707432
  landing: 0.750958189368248
  view-data: 3.295125864446163
