times:
  edit-metadata: 1.4049154482781887
  landing: 0.8415758833289146
  view-data: 3.297901839017868
