times:
  edit-metadata: 1.448106087744236
  landing: 0.7847121804952621
  view-data: 3.4635503739118576
