times:
  edit-metadata: 1.47664175927639
  landing: 0.9563311785459518
  view-data: 3.3309301361441612
