times:
  edit-metadata: 2.1991463750600815
  landing: 1.1589201390743256
  view-data: 3.4909913390874863
