times:
  edit-metadata: 1.4103348851203918
  landing: 0.9117556735873222
  view-data: 3.508558064699173
