times:
  edit-metadata: 2.5344898961484432
  landing: 1.2582987286150455
  view-data: 3.384320043027401
