times:
  edit-metadata: 1.3666575253009796
  landing: 0.7997792661190033
  view-data: 3.3209421411156654
