times:
  edit-metadata: 1.391669049859047
  landing: 0.8652439564466476
  view-data: 3.4203215166926384
