times:
  edit-metadata: 1.3215990141034126
  landing: 0.8038472756743431
  view-data: 3.355120927095413
