times:
  edit-metadata: 1.2796313129365444
  landing: 0.8808672316372395
  view-data: 3.3238915391266346
