times:
  edit-metadata: 1.5113551765680313
  landing: 0.8650203943252563
  view-data: 3.8021926507353783
