times:
  edit-metadata: 1.5097587630152702
  landing: 0.7718259915709496
  view-data: 3.467500202357769
