times:
  edit-metadata: 1.4434446543455124
  landing: 0.8350608758628368
  view-data: 3.366798184812069
