times:
  edit-metadata: 1.601076539605856
  landing: 1.1046761684119701
  view-data: 3.354404892772436
