times:
  edit-metadata: 1.4151656217873096
  landing: 0.9161302447319031
  view-data: 3.331621363759041
