times:
  edit-metadata: 1.3161728084087372
  landing: 0.8213466964662075
  view-data: 3.3537623062729836
