times:
  edit-metadata: 1.3848722204566002
  landing: 0.7673202678561211
  view-data: 3.406147673726082
