times:
  edit-metadata: 1.4123403504490852
  landing: 0.7895697504281998
  view-data: 3.493014618754387
