times:
  edit-metadata: 1.394017793238163
  landing: 0.8550696223974228
  view-data: 3.3257442079484463
