times:
  edit-metadata: 1.584865853190422
  landing: 0.9569293037056923
  view-data: 3.539603039622307
