times:
  edit-metadata: 1.5136827044188976
  landing: 0.8402545936405659
  view-data: 3.2808353416621685
