times:
  edit-metadata: 1.3747587762773037
  landing: 0.9344138279557228
  view-data: 3.3813200891017914
