times:
  edit-metadata: 1.528388898819685
  landing: 0.972249012440443
  view-data: 3.290639940649271
