times:
  edit-metadata: 1.4157581701874733
  landing: 0.795338399708271
  view-data: 3.3262033089995384
