times:
  edit-metadata: 1.5777330361306667
  landing: 0.822243083268404
  view-data: 3.592281825840473
