times:
  edit-metadata: 1.4982496052980423
  landing: 0.8596622124314308
  view-data: 3.4761700555682182
