times:
  edit-metadata: 1.4513177648186684
  landing: 0.8208918198943138
  view-data: 3.592546798288822
