times:
  edit-metadata: 1.3758427612483501
  landing: 0.7702293545007706
  view-data: 3.337469045072794
