times:
  edit-metadata: 1.5398985221982002
  landing: 0.8195059224963188
  view-data: 3.4052367135882378
