times:
  edit-metadata: 2.389598600566387
  landing: 1.5385379493236542
  view-data: 4.059974454343319
