times:
  edit-metadata: 1.489938423037529
  landing: 0.9043619856238365
  view-data: 3.3347467109560966
