times:
  edit-metadata: 1.4457480758428574
  landing: 0.9973300397396088
  view-data: 3.351003460586071
