times:
  edit-metadata: 1.471978284418583
  landing: 0.9061745181679726
  view-data: 3.4395563825964928
