times:
  edit-metadata: 1.4508691132068634
  landing: 0.969121165573597
  view-data: 3.477260433137417
