times:
  edit-metadata: 1.4592657834291458
  landing: 0.7690787091851234
  view-data: 3.5309243351221085
