times:
  edit-metadata: 1.8696523383259773
  landing: 1.2961728386580944
  view-data: 3.3918924517929554
