times:
  edit-metadata: 1.472284011542797
  landing: 0.8461531512439251
  view-data: 3.332121342420578
