times:
  edit-metadata: 1.5314474031329155
  landing: 0.7701917067170143
  view-data: 3.3738774433732033
