times:
  edit-metadata: 1.5715268440544605
  landing: 0.9407793954014778
  view-data: 3.443509642034769
