times:
  edit-metadata: 1.3971289694309235
  landing: 0.775412529706955
  view-data: 3.4697951450943947
