times:
  edit-metadata: 1.637649793177843
  landing: 0.8540347591042519
  view-data: 3.3534988425672054
