times:
  edit-metadata: 1.394181877374649
  landing: 0.8787513598799706
  view-data: 3.3872357085347176
