times:
  edit-metadata: 1.3817647323012352
  landing: 0.9412515312433243
  view-data: 3.394626706838608
