times:
  edit-metadata: 1.5078682228922844
  landing: 1.0512125194072723
  view-data: 3.558461047708988
