times:
  edit-metadata: 1.5775718167424202
  landing: 0.9478300735354424
  view-data: 3.5662166327238083
