times:
  edit-metadata: 1.752358540892601
  landing: 0.96907889097929
  view-data: 3.3371336460113525
