times:
  edit-metadata: 1.5811748206615448
  landing: 0.7354538664221764
  view-data: 3.390765503048897
