times:
  edit-metadata: 1.4660999216139317
  landing: 0.9289437420666218
  view-data: 3.3072349168360233
