times:
  edit-metadata: 1.4489083588123322
  landing: 0.9253989309072495
  view-data: 3.4565019458532333
