times:
  edit-metadata: 1.4924731850624084
  landing: 0.8601903766393661
  view-data: 3.4795082584023476
