times:
  edit-metadata: 1.57652897387743
  landing: 1.1391345113515854
  view-data: 3.362736213952303
