times:
  edit-metadata: 1.3765504658222198
  landing: 0.9980911836028099
  view-data: 3.4270027205348015
