times:
  edit-metadata: 1.3830769881606102
  landing: 0.8668907582759857
  view-data: 3.5429060757160187
