times:
  edit-metadata: 1.5645118206739426
  landing: 0.8550512716174126
  view-data: 3.3235782831907272
