times:
  edit-metadata: 1.2841268070042133
  landing: 0.8208678737282753
  view-data: 3.328559797257185
