times:
  edit-metadata: 1.315004788339138
  landing: 0.8450732380151749
  view-data: 3.3447479866445065
