times:
  edit-metadata: 1.4536867812275887
  landing: 1.045731082558632
  view-data: 3.460367776453495
