times:
  edit-metadata: 2.053031764924526
  landing: 1.3057794719934464
  view-data: 3.4175176545977592
