times:
  edit-metadata: 1.3992954567074776
  landing: 0.8409013152122498
  view-data: 3.3423487059772015
