times:
  edit-metadata: 1.29457525908947
  landing: 0.8314774855971336
  view-data: 3.319481786340475
