times:
  edit-metadata: 1.4003731459379196
  landing: 0.8083331026136875
  view-data: 3.3286103419959545
