times:
  edit-metadata: 1.4764441102743149
  landing: 0.9385388046503067
  view-data: 3.5319428145885468
