times:
  edit-metadata: 1.5105300024151802
  landing: 0.8694985210895538
  view-data: 3.497319020330906
