times:
  edit-metadata: 1.6338977441191673
  landing: 0.9636082947254181
  view-data: 3.5040705651044846
