times:
  edit-metadata: 1.3329763785004616
  landing: 0.8019245266914368
  view-data: 3.5142435505986214
