times:
  edit-metadata: 1.6253442466259003
  landing: 0.960503913462162
  view-data: 3.643279403448105
