times:
  edit-metadata: 1.332836326211691
  landing: 1.0736824199557304
  view-data: 3.39161579310894
