times:
  edit-metadata: 1.3715214133262634
  landing: 0.7950903326272964
  view-data: 3.456147640943527
