times:
  edit-metadata: 1.4070477709174156
  landing: 0.7698467746376991
  view-data: 3.5715195760130882
