times:
  edit-metadata: 1.466749906539917
  landing: 0.98586056381464
  view-data: 3.353610210120678
