times:
  edit-metadata: 1.4126743227243423
  landing: 0.8122758790850639
  view-data: 3.4636856988072395
