times:
  edit-metadata: 1.462982565164566
  landing: 0.8446321040391922
  view-data: 3.61101633310318
