times:
  edit-metadata: 1.5527700036764145
  landing: 0.7925955429673195
  view-data: 3.511284328997135
