times:
  edit-metadata: 1.2971234023571014
  landing: 0.756063137203455
  view-data: 3.262565243989229
