times:
  edit-metadata: 1.4362257197499275
  landing: 0.8493965193629265
  view-data: 3.368109591305256
