times:
  edit-metadata: 1.7117883935570717
  landing: 0.9301895834505558
  view-data: 3.307538602501154
