times:
  edit-metadata: 1.429885670542717
  landing: 0.7854756563901901
  view-data: 3.4851121678948402
