times:
  edit-metadata: 2.2850278168916702
  landing: 1.2020499482750893
  view-data: 3.5679773092269897
