times:
  edit-metadata: 1.4967979863286018
  landing: 0.9532005488872528
  view-data: 3.5043404772877693
