times:
  edit-metadata: 1.4698572605848312
  landing: 0.8421796038746834
  view-data: 3.4374112337827682
