times:
  edit-metadata: 1.6160985231399536
  landing: 0.7585141137242317
  view-data: 3.4358831718564034
