times:
  edit-metadata: 1.442678987979889
  landing: 0.8656545504927635
  view-data: 3.491737499833107
