times:
  edit-metadata: 1.4705811962485313
  landing: 0.840320035815239
  view-data: 3.5428561493754387
