times:
  edit-metadata: 1.5633527636528015
  landing: 1.069310024380684
  view-data: 3.5666304603219032
