times:
  edit-metadata: 1.3356418088078499
  landing: 0.7700947597622871
  view-data: 3.437540590763092
