times:
  edit-metadata: 1.5637488141655922
  landing: 0.942981019616127
  view-data: 3.478815473616123
