times:
  edit-metadata: 1.4200803861021996
  landing: 0.7583629265427589
  view-data: 3.4116457626223564
