times:
  edit-metadata: 1.4358396157622337
  landing: 0.7814851477742195
  view-data: 3.4009506553411484
