times:
  edit-metadata: 1.4399062171578407
  landing: 0.9664965495467186
  view-data: 3.449693016707897
