times:
  edit-metadata: 1.490507148206234
  landing: 0.8266002312302589
  view-data: 3.5043293312191963
