times:
  edit-metadata: 1.5649567916989326
  landing: 0.9868176430463791
  view-data: 3.4814665615558624
