times:
  edit-metadata: 1.5369387865066528
  landing: 0.7160793468356133
  view-data: 3.499185122549534
