times:
  edit-metadata: 1.4031314626336098
  landing: 0.7810912877321243
  view-data: 3.502872794866562
