times:
  edit-metadata: 1.3998732343316078
  landing: 0.7544970139861107
  view-data: 3.3909584879875183
