times:
  edit-metadata: 2.424109436571598
  landing: 1.3441335633397102
  view-data: 3.6413664743304253
