times:
  edit-metadata: 1.2861354351043701
  landing: 0.753040499985218
  view-data: 3.4141452461481094
