times:
  edit-metadata: 1.3871213272213936
  landing: 0.841685064136982
  view-data: 3.512496404349804
