times:
  edit-metadata: 1.4294610768556595
  landing: 0.7468798160552979
  view-data: 3.5202881917357445
