times:
  edit-metadata: 1.5290324091911316
  landing: 0.806691937148571
  view-data: 3.599510408937931
