times:
  edit-metadata: 1.3917648792266846
  landing: 0.9455963224172592
  view-data: 3.4416746348142624
