times:
  edit-metadata: 1.4263222590088844
  landing: 0.7882181033492088
  view-data: 3.564201131463051
