times:
  edit-metadata: 1.4786832705140114
  landing: 0.6884412616491318
  view-data: 3.4487994238734245
