times:
  edit-metadata: 1.4348624348640442
  landing: 0.7391941472887993
  view-data: 3.5143189430236816
