times:
  edit-metadata: 1.4710402116179466
  landing: 0.7596893832087517
  view-data: 3.4768498241901398
