times:
  edit-metadata: 1.5471771135926247
  landing: 0.8953089565038681
  view-data: 3.497548632323742
