times:
  edit-metadata: 1.3557437807321548
  landing: 0.7798615172505379
  view-data: 3.327121451497078
