times:
  edit-metadata: 1.628513865172863
  landing: 1.2361617013812065
  view-data: 3.5037074089050293
