times:
  edit-metadata: 1.4075155779719353
  landing: 0.724830187857151
  view-data: 3.4369359239935875
