times:
  edit-metadata: 1.5223355293273926
  landing: 0.762142576277256
  view-data: 3.441993586719036
