times:
  edit-metadata: 1.5666847229003906
  landing: 0.902470275759697
  view-data: 3.498906172811985
