times:
  edit-metadata: 1.423416092991829
  landing: 0.7865042015910149
  view-data: 3.513953074812889
