times:
  edit-metadata: 1.295103833079338
  landing: 0.9625652953982353
  view-data: 3.4133940935134888
