times:
  edit-metadata: 1.5177306309342384
  landing: 0.846864603459835
  view-data: 3.4245966002345085
