times:
  edit-metadata: 1.5388405993580818
  landing: 0.7708107307553291
  view-data: 3.4666637256741524
