times:
  edit-metadata: 1.3924262076616287
  landing: 0.7886706814169884
  view-data: 3.51914531737566
