times:
  edit-metadata: 1.4456914365291595
  landing: 0.777033343911171
  view-data: 3.4936450347304344
