times:
  edit-metadata: 1.43470249325037
  landing: 0.8056372702121735
  view-data: 3.502781644463539
