times:
  edit-metadata: 1.4150885418057442
  landing: 0.7495891526341438
  view-data: 3.4660457521677017
