times:
  edit-metadata: 1.4425329640507698
  landing: 0.7698659002780914
  view-data: 3.551757149398327
