times:
  edit-metadata: 1.5439397096633911
  landing: 0.8400120362639427
  view-data: 3.5681873187422752
