times:
  edit-metadata: 1.5012051910161972
  landing: 0.7931764200329781
  view-data: 3.531373970210552
