times:
  edit-metadata: 1.4212063178420067
  landing: 0.7739464342594147
  view-data: 3.5033264979720116
