times:
  edit-metadata: 1.8546817004680634
  landing: 0.8794546350836754
  view-data: 3.4850390627980232
