times:
  edit-metadata: 1.4573641121387482
  landing: 0.8439938127994537
  view-data: 3.494463689625263
