times:
  edit-metadata: 1.4496221765875816
  landing: 0.942638024687767
  view-data: 3.7058849409222603
