times:
  edit-metadata: 1.4523686990141869
  landing: 0.834165632724762
  view-data: 3.503293849527836
