times:
  edit-metadata: 1.4836091846227646
  landing: 0.7785354033112526
  view-data: 3.363828606903553
