times:
  edit-metadata: 1.311414822936058
  landing: 1.0760812535881996
  view-data: 3.5247576013207436
