times:
  edit-metadata: 1.481350764632225
  landing: 0.8397463783621788
  view-data: 3.5087203979492188
