times:
  edit-metadata: 1.504020519554615
  landing: 0.755624882876873
  view-data: 3.4170445650815964
