times:
  edit-metadata: 1.5035695731639862
  landing: 0.9589501023292542
  view-data: 3.441354162991047
