times:
  edit-metadata: 1.622725561261177
  landing: 1.000104695558548
  view-data: 3.538796126842499
