times:
  edit-metadata: 1.5414096638560295
  landing: 0.7911483198404312
  view-data: 3.505714997649193
