times:
  edit-metadata: 1.9564581215381622
  landing: 1.1628914326429367
  view-data: 4.9225025326013565
