times:
  edit-metadata: 1.1445986106991768
  landing: 1.0288537591695786
  view-data: 3.3891356959939003
