times:
  edit-metadata: 1.3762352541089058
  landing: 0.7855113446712494
  view-data: 3.4881467819213867
