times:
  edit-metadata: 1.3582925871014595
  landing: 0.7538201883435249
  view-data: 3.4375309199094772
