times:
  edit-metadata: 1.6426238343119621
  landing: 1.1970428302884102
  view-data: 3.4972742050886154
