times:
  edit-metadata: 1.3931087851524353
  landing: 0.8247279599308968
  view-data: 3.4964085146784782
