times:
  edit-metadata: 1.4053938761353493
  landing: 0.8327732756733894
  view-data: 3.488186627626419
