times:
  edit-metadata: 1.4295431300997734
  landing: 0.7728498876094818
  view-data: 3.3793547824025154
