times:
  edit-metadata: 1.4004978314042091
  landing: 0.7342171743512154
  view-data: 3.4533151537179947
