times:
  edit-metadata: 1.5320089608430862
  landing: 1.0627995356917381
  view-data: 3.413154035806656
