times:
  edit-metadata: 1.5196481198072433
  landing: 0.7831920608878136
  view-data: 3.5348889902234077
