times:
  edit-metadata: 1.4219256788492203
  landing: 0.7836382985115051
  view-data: 3.4290631264448166
