times:
  edit-metadata: 1.4525965824723244
  landing: 0.8913884460926056
  view-data: 3.3690651953220367
