times:
  edit-metadata: 1.5112332999706268
  landing: 0.7824772447347641
  view-data: 3.5198791474103928
