times:
  edit-metadata: 1.8500360399484634
  landing: 1.1068652607500553
  view-data: 3.4178905114531517
