times:
  edit-metadata: 1.3692902475595474
  landing: 0.7766734287142754
  view-data: 3.4613268971443176
