times:
  edit-metadata: 1.4275417104363441
  landing: 0.6932651102542877
  view-data: 3.4664812684059143
