times:
  edit-metadata: 1.531051680445671
  landing: 0.8404303640127182
  view-data: 3.2925139144062996
