times:
  edit-metadata: 1.3489966094493866
  landing: 0.8274238184094429
  view-data: 3.359554275870323
