times:
  edit-metadata: 1.4456340074539185
  landing: 0.7627108618617058
  view-data: 3.476207420229912
