times:
  edit-metadata: 1.3247602805495262
  landing: 0.6991248726844788
  view-data: 3.4947655126452446
