times:
  edit-metadata: 1.3870450556278229
  landing: 0.7345300242304802
  view-data: 3.4853085428476334
