times:
  edit-metadata: 1.5124358087778091
  landing: 0.8566098436713219
  view-data: 3.4175009429454803
