times:
  edit-metadata: 1.6220715045928955
  landing: 0.8526657968759537
  view-data: 3.3743896484375
