times:
  edit-metadata: 1.4265319183468819
  landing: 0.8535877019166946
  view-data: 0.4754110351204872
