times:
  edit-metadata: 1.6933318749070168
  landing: 0.8833996430039406
  view-data: 3.5728611052036285
