times:
  edit-metadata: 1.8371616341173649
  landing: 1.077951192855835
  view-data: 3.4724695906043053
