times:
  edit-metadata: 1.4267460405826569
  landing: 0.6925941854715347
  view-data: 3.452070213854313
