times:
  edit-metadata: 1.3890843391418457
  landing: 0.8484122976660728
  view-data: 3.4932792708277702
