times:
  edit-metadata: 1.5203732550144196
  landing: 0.8052413687109947
  view-data: 3.2612004429101944
