times:
  edit-metadata: 1.8345056623220444
  landing: 1.0304354950785637
  view-data: 3.6930968165397644
