times:
  edit-metadata: 1.443383626639843
  landing: 0.7419629842042923
  view-data: 3.4898880049586296
