times:
  edit-metadata: 1.4052155837416649
  landing: 0.7836145907640457
  view-data: 3.5358495339751244
