times:
  edit-metadata: 1.3736116662621498
  landing: 0.78197281062603
  view-data: 3.495261937379837
