times:
  edit-metadata: 1.3892395049333572
  landing: 0.7995633408427238
  view-data: 3.4841944575309753
