times:
  edit-metadata: 1.339714765548706
  landing: 0.7652012966573238
  view-data: 3.324660487473011
