times:
  edit-metadata: 1.6737914383411407
  landing: 0.8314502984285355
  view-data: 3.3065734058618546
