times:
  edit-metadata: 1.4890859723091125
  landing: 0.7966616749763489
  view-data: 3.4663425981998444
