times:
  edit-metadata: 1.4356451332569122
  landing: 0.7826207131147385
  view-data: 3.467520497739315
