times:
  edit-metadata: 1.33946992456913
  landing: 0.7344110384583473
  view-data: 3.375658057630062
