times:
  edit-metadata: 1.4425580129027367
  landing: 0.7389263287186623
  view-data: 3.5745802372694016
