times:
  edit-metadata: 1.5003009885549545
  landing: 0.9350133612751961
  view-data: 3.353218451142311
