times:
  edit-metadata: 1.454154446721077
  landing: 0.7946555018424988
  view-data: 3.3688453808426857
