times:
  edit-metadata: 1.8720548450946808
  landing: 0.9516502469778061
  view-data: 3.5896139219403267
