times:
  edit-metadata: 1.43201195448637
  landing: 0.7624434307217598
  view-data: 3.4007005020976067
