times:
  edit-metadata: 1.4454018324613571
  landing: 0.7466859742999077
  view-data: 3.4492675811052322
