times:
  edit-metadata: 1.3652343228459358
  landing: 0.789884127676487
  view-data: 3.301439195871353
