times:
  edit-metadata: 1.5280270650982857
  landing: 0.9387746825814247
  view-data: 3.3169224709272385
