times:
  edit-metadata: 1.5163091942667961
  landing: 0.827924557030201
  view-data: 3.4593419432640076
