times:
  edit-metadata: 1.3275084979832172
  landing: 0.7635153830051422
  view-data: 3.291043281555176
