times:
  edit-metadata: 1.4343422502279282
  landing: 0.7355813756585121
  view-data: 3.4793222323060036
