times:
  edit-metadata: 1.8821882531046867
  landing: 1.1885042041540146
  view-data: 4.478604383766651
