times:
  edit-metadata: 1.5526221953332424
  landing: 0.9137401878833771
  view-data: 3.3694597594439983
