times:
  edit-metadata: 1.5867823734879494
  landing: 0.8639709874987602
  view-data: 3.4279116094112396
