times:
  edit-metadata: 1.4483403638005257
  landing: 0.7387691661715508
  view-data: 3.5235810354351997
