times:
  edit-metadata: 1.4530416801571846
  landing: 0.8348483815789223
  view-data: 3.415770597755909
