times:
  edit-metadata: 1.9630789682269096
  landing: 1.1996038630604744
  view-data: 3.414585594087839
