times:
  edit-metadata: 1.4777546003460884
  landing: 0.7097926549613476
  view-data: 3.2983638271689415
