times:
  edit-metadata: 1.3841656893491745
  landing: 0.8566973730921745
  view-data: 3.333310268819332
