times:
  edit-metadata: 1.36799668520689
  landing: 0.7806155681610107
  view-data: 3.390222519636154
