times:
  edit-metadata: 1.450898390263319
  landing: 0.8485919833183289
  view-data: 3.331649921834469
