times:
  edit-metadata: 2.466125972568989
  landing: 1.3718373104929924
  view-data: 3.5233772173523903
