times:
  edit-metadata: 1.4674376547336578
  landing: 0.7733745574951172
  view-data: 3.310844637453556
