times:
  edit-metadata: 1.386565238237381
  landing: 0.8443846479058266
  view-data: 3.521953761577606
