times:
  edit-metadata: 1.354242004454136
  landing: 0.6929550766944885
  view-data: 3.4613720923662186
