times:
  edit-metadata: 1.4203079864382744
  landing: 0.715982973575592
  view-data: 3.485819548368454
