times:
  edit-metadata: 1.4548571482300758
  landing: 0.7302867919206619
  view-data: 3.489023618400097
