times:
  edit-metadata: 1.4523676335811615
  landing: 1.3737820386886597
  view-data: 3.4506708458065987
