times:
  edit-metadata: 1.228382907807827
  landing: 0.7789248302578926
  view-data: 3.4525651037693024
