times:
  edit-metadata: 2.086281158030033
  landing: 1.1878486052155495
  view-data: 4.186061091721058
