times:
  edit-metadata: 1.4847237691283226
  landing: 0.7400716096162796
  view-data: 3.3815521970391273
