times:
  edit-metadata: 1.3912438228726387
  landing: 0.7180644422769547
  view-data: 3.3774927631020546
