times:
  edit-metadata: 1.4603745639324188
  landing: 0.7778270989656448
  view-data: 3.28041610121727
