times:
  edit-metadata: 1.46185801923275
  landing: 0.7901738286018372
  view-data: 3.3041539192199707
