times:
  edit-metadata: 1.577941369265318
  landing: 0.890720758587122
  view-data: 3.349672459065914
