times:
  edit-metadata: 1.393327459692955
  landing: 0.7954347059130669
  view-data: 3.4067603796720505
