times:
  edit-metadata: 1.4294569417834282
  landing: 0.87114217877388
  view-data: 3.5500161573290825
