times:
  edit-metadata: 1.6896840818226337
  landing: 0.8397599346935749
  view-data: 3.3226627558469772
