times:
  edit-metadata: 1.8029950857162476
  landing: 0.9480495154857635
  view-data: 3.32560158893466
