times:
  edit-metadata: 1.641844093799591
  landing: 1.039769984781742
  view-data: 3.3435898199677467
