times:
  edit-metadata: 1.3534445613622665
  landing: 0.7218504026532173
  view-data: 3.465871661901474
