times:
  edit-metadata: 1.6645754873752594
  landing: 0.8632209971547127
  view-data: 3.3109560012817383
