times:
  edit-metadata: 1.821657881140709
  landing: 0.888245552778244
  view-data: 3.784734435379505
