times:
  edit-metadata: 1.4438526630401611
  landing: 0.803223978728056
  view-data: 3.3313109762966633
