times:
  edit-metadata: 1.5239218510687351
  landing: 0.8365768231451511
  view-data: 3.299768306314945
