times:
  edit-metadata: 1.4194361120462418
  landing: 0.7553868144750595
  view-data: 3.3448424860835075
