times:
  edit-metadata: 1.527359202504158
  landing: 0.759577676653862
  view-data: 3.4870994091033936
