times:
  edit-metadata: 1.3233922347426414
  landing: 0.6801791042089462
  view-data: 3.4419039115309715
