times:
  edit-metadata: 1.3305554166436195
  landing: 0.7129870131611824
  view-data: 3.4667472764849663
