times:
  edit-metadata: 1.4192262291908264
  landing: 0.7873077169060707
  view-data: 3.44435478746891
