times:
  edit-metadata: 1.505819857120514
  landing: 0.7252034991979599
  view-data: 3.6057717353105545
