times:
  edit-metadata: 1.512177512049675
  landing: 0.6882653459906578
  view-data: 3.5034844279289246
