times:
  edit-metadata: 1.7081497088074684
  landing: 1.005743321031332
  view-data: 3.3457886427640915
