times:
  edit-metadata: 1.3732018396258354
  landing: 0.7873122170567513
  view-data: 3.5820245295763016
