times:
  edit-metadata: 1.2900662496685982
  landing: 0.8042532652616501
  view-data: 3.571005553007126
