times:
  edit-metadata: 1.380078762769699
  landing: 0.8194185718894005
  view-data: 3.4673712477087975
