times:
  edit-metadata: 1.6279750764369965
  landing: 0.8436228036880493
  view-data: 3.274636808782816
