times:
  edit-metadata: 1.3839421197772026
  landing: 0.8906446024775505
  view-data: 3.4251516312360764
