times:
  edit-metadata: 1.3227897435426712
  landing: 0.7418649345636368
  view-data: 3.3502032682299614
