times:
  edit-metadata: 1.3853643611073494
  landing: 0.7015726715326309
  view-data: 3.4407081305980682
