times:
  edit-metadata: 1.4216792061924934
  landing: 0.7539620697498322
  view-data: 3.5061714202165604
