times:
  edit-metadata: 2.9998454973101616
  landing: 1.8431956470012665
  view-data: 4.003716863691807
