times:
  edit-metadata: 1.3892014548182487
  landing: 0.7684408649802208
  view-data: 3.3774371221661568
