times:
  edit-metadata: 1.5856446102261543
  landing: 0.9467363581061363
  view-data: 3.5794318169355392
