times:
  edit-metadata: 1.4506669864058495
  landing: 0.719077005982399
  view-data: 3.4345381557941437
