times:
  edit-metadata: 1.4727615639567375
  landing: 0.7368492260575294
  view-data: 3.4954140558838844
