times:
  edit-metadata: 1.4870844557881355
  landing: 0.835309736430645
  view-data: 3.357919819653034
