times:
  edit-metadata: 1.4398011714220047
  landing: 0.8256359696388245
  view-data: 3.5913746133446693
