times:
  edit-metadata: 2.035760134458542
  landing: 1.2146154642105103
  view-data: 3.4208460599184036
