times:
  edit-metadata: 1.4554356038570404
  landing: 0.8037608116865158
  view-data: 3.499739095568657
