times:
  edit-metadata: 1.4405501037836075
  landing: 0.771496370434761
  view-data: 3.2866451516747475
