times:
  edit-metadata: 1.5344539135694504
  landing: 0.7786908820271492
  view-data: 3.2850978448987007
