times:
  edit-metadata: 1.432656668126583
  landing: 0.7346970029175282
  view-data: 3.2888612523674965
