times:
  edit-metadata: 1.5556867718696594
  landing: 0.7947210147976875
  view-data: 3.315762162208557
