times:
  edit-metadata: 1.9185618050396442
  landing: 1.1971066743135452
  view-data: 3.3694045543670654
