times:
  edit-metadata: 1.371512845158577
  landing: 0.7732889130711555
  view-data: 3.49360404163599
