times:
  edit-metadata: 1.3721938729286194
  landing: 0.7629018723964691
  view-data: 3.314531624317169
