times:
  edit-metadata: 1.4727734699845314
  landing: 0.8196358233690262
  view-data: 0.6425653621554375
