times:
  edit-metadata: 1.3946337550878525
  landing: 0.7344668135046959
  view-data: 3.4137504175305367
