times:
  edit-metadata: 1.3941724672913551
  landing: 0.6990282833576202
  view-data: 3.4936816692352295
