times:
  edit-metadata: 1.4088554754853249
  landing: 0.8080555275082588
  view-data: 3.4782107770442963
