times:
  edit-metadata: 1.4933526813983917
  landing: 0.7772765830159187
  view-data: 3.299440287053585
