times:
  edit-metadata: 1.4897997602820396
  landing: 1.001275897026062
  view-data: 3.5789440646767616
