times:
  edit-metadata: 2.726218931376934
  landing: 1.153782658278942
  view-data: 3.418566606938839
