times:
  edit-metadata: 1.5245340131223202
  landing: 0.9424035791307688
  view-data: 3.338609481230378
