times:
  edit-metadata: 1.5072162635624409
  landing: 0.9871320761740208
  view-data: 3.365462053567171
