times:
  edit-metadata: 1.5520522557199001
  landing: 0.8588781096041203
  view-data: 3.490971587598324
