times:
  edit-metadata: 1.6797794960439205
  landing: 1.1258527226746082
  view-data: 3.3840372040867805
