times:
  edit-metadata: 1.4661956876516342
  landing: 0.8118413630872965
  view-data: 3.4080710597336292
