times:
  edit-metadata: 1.4232982397079468
  landing: 0.7380238249897957
  view-data: 3.2737230584025383
