times:
  edit-metadata: 1.5400641784071922
  landing: 0.7830736003816128
  view-data: 3.458511609584093
