times:
  edit-metadata: 4.329820532351732
  landing: 1.5807240568101406
  view-data: 3.559751480817795
