times:
  edit-metadata: 2.28528886474669
  landing: 1.4592751655727625
  view-data: 3.69094580039382
