times:
  edit-metadata: 1.382982686161995
  landing: 0.8056521899998188
  view-data: 4.08238435164094
