times:
  edit-metadata: 1.6250830329954624
  landing: 0.9619057141244411
  view-data: 3.4354186318814754
