times:
  edit-metadata: 1.5011654365807772
  landing: 0.7640161495655775
  view-data: 3.368376625701785
