times:
  edit-metadata: 1.4932308048009872
  landing: 0.7622390072792768
  view-data: 3.409219965338707
