times:
  edit-metadata: 1.484636802226305
  landing: 0.7424061447381973
  view-data: 3.340154781937599
