times:
  edit-metadata: 1.4990321099758148
  landing: 0.958299532532692
  view-data: 3.3726928420364857
