times:
  edit-metadata: 1.434535276144743
  landing: 1.0094217844307423
  view-data: 3.3041422106325626
