times:
  edit-metadata: 1.6099983900785446
  landing: 0.8241776153445244
  view-data: 3.3780229836702347
