times:
  edit-metadata: 1.4357926435768604
  landing: 1.1331611759960651
  view-data: 3.3820737712085247
