times:
  edit-metadata: 1.9388958849012852
  landing: 1.1715438067913055
  view-data: 3.5976467318832874
