times:
  edit-metadata: 1.519628882408142
  landing: 0.9356503523886204
  view-data: 3.3424300961196423
