times:
  edit-metadata: 1.9598322603851557
  landing: 1.08395404368639
  view-data: 3.524135135114193
