times:
  edit-metadata: 1.4575386568903923
  landing: 1.0470702424645424
  view-data: 3.339694131165743
