times:
  edit-metadata: 1.5154158435761929
  landing: 0.8984854519367218
  view-data: 3.477503664791584
