times:
  edit-metadata: 1.4691313616931438
  landing: 1.0066515654325485
  view-data: 3.3647326305508614
