times:
  edit-metadata: 1.4018892385065556
  landing: 0.6899928487837315
  view-data: 3.2895341366529465
