times:
  edit-metadata: 1.5093100741505623
  landing: 0.8077823594212532
  view-data: 3.362691169604659
