times:
  edit-metadata: 1.5252552572637796
  landing: 0.8552287332713604
  view-data: 3.3419767562299967
