times:
  edit-metadata: 1.3759997859597206
  landing: 0.804558839648962
  view-data: 3.289728892967105
