times:
  edit-metadata: 1.5116838924586773
  landing: 0.9658289439976215
  view-data: 3.377764292061329
