times:
  edit-metadata: 1.5109405145049095
  landing: 0.8409967087209225
  view-data: 3.4044814594089985
