times:
  edit-metadata: 1.5012572407722473
  landing: 0.75673907995224
  view-data: 3.357881050556898
