times:
  edit-metadata: 1.3762803189456463
  landing: 0.9273730106651783
  view-data: 3.470410991460085
