times:
  edit-metadata: 1.651159856468439
  landing: 1.1636034436523914
  view-data: 3.3625452369451523
