times:
  edit-metadata: 1.5273964554071426
  landing: 0.8354886919260025
  view-data: 3.3800978250801563
