times:
  edit-metadata: 1.607615664601326
  landing: 1.1970257125794888
  view-data: 3.3855359852313995
