times:
  edit-metadata: 1.6281193755567074
  landing: 0.9230700768530369
  view-data: 3.4848808459937572
