times:
  edit-metadata: 1.2676643058657646
  landing: 0.8818445019423962
  view-data: 3.3867794275283813
