times:
  edit-metadata: 1.5122668258845806
  landing: 0.7484270930290222
  view-data: 3.352006198838353
