times:
  edit-metadata: 1.5262309964746237
  landing: 1.0152011141180992
  view-data: 3.442516690120101
