times:
  edit-metadata: 1.764490894973278
  landing: 1.1618206836283207
  view-data: 3.6430269591510296
