times:
  edit-metadata: 1.4048501215875149
  landing: 1.083651289343834
  view-data: 3.4218017347157
