times:
  edit-metadata: 1.3555896691977978
  landing: 1.0029076002538204
  view-data: 3.3639210797846317
