times:
  edit-metadata: 1.4851992651820183
  landing: 0.9985908977687359
  view-data: 3.3592270761728287
