times:
  edit-metadata: 1.4970426671206951
  landing: 0.8952338360249996
  view-data: 3.4072024039924145
