times:
  edit-metadata: 1.5608220286667347
  landing: 1.0661826245486736
  view-data: 3.4299540407955647
