times:
  edit-metadata: 1.5919457040727139
  landing: 1.0223806947469711
  view-data: 3.4878168627619743
