times:
  edit-metadata: 1.3450049720704556
  landing: 0.9919332340359688
  view-data: 3.405289500951767
