times:
  edit-metadata: 1.3788362927734852
  landing: 0.8429088443517685
  view-data: 3.2802802063524723
