times:
  edit-metadata: 1.4043155424296856
  landing: 0.7429872155189514
  view-data: 3.342092391103506
