times:
  edit-metadata: 2.0120053365826607
  landing: 1.01607876829803
  view-data: 3.498278385028243
