times:
  edit-metadata: 1.3702034391462803
  landing: 0.8286609090864658
  view-data: 3.3235057331621647
