times:
  edit-metadata: 1.4741486608982086
  landing: 0.7680128403007984
  view-data: 3.399076484143734
