times:
  edit-metadata: 1.563328254967928
  landing: 1.0216009430587292
  view-data: 3.360850755125284
