times:
  edit-metadata: 1.4053419716656208
  landing: 0.8921745978295803
  view-data: 3.3238007072359324
