times:
  edit-metadata: 1.4863730985671282
  landing: 0.7986578047275543
  view-data: 3.4277212880551815
