times:
  edit-metadata: 1.5101010520011187
  landing: 0.826630525290966
  view-data: 3.2678225059062243
