times:
  edit-metadata: 1.5757069401443005
  landing: 1.0634003691375256
  view-data: 0.7131189182400703
