times:
  edit-metadata: 1.333111211657524
  landing: 0.7683162316679955
  view-data: 3.308460973203182
