times:
  edit-metadata: 1.5173058435320854
  landing: 0.8369010426104069
  view-data: 3.4324647188186646
