times:
  edit-metadata: 1.380811896175146
  landing: 0.8923136368393898
  view-data: 3.353348594158888
