times:
  edit-metadata: 1.4889701157808304
  landing: 1.2683912012726068
  view-data: 3.4288954325020313
