times:
  edit-metadata: 1.3157230131328106
  landing: 0.7467840425670147
  view-data: 3.3916589487344027
