times:
  edit-metadata: 1.6419091131538153
  landing: 0.879216767847538
  view-data: 3.298928014934063
