times:
  edit-metadata: 1.5680527538061142
  landing: 1.0434976555407047
  view-data: 3.3038921244442463
