times:
  edit-metadata: 1.5140741281211376
  landing: 1.0061854794621468
  view-data: 3.369984194636345
