times:
  edit-metadata: 1.510304369032383
  landing: 1.1133133471012115
  view-data: 3.39127242192626
