times:
  edit-metadata: 1.8335858508944511
  landing: 1.041868917644024
  view-data: 3.323798581957817
