times:
  edit-metadata: 1.5110155902802944
  landing: 1.1082034334540367
  view-data: 3.3202388659119606
