times:
  edit-metadata: 1.5447739958763123
  landing: 1.001856341958046
  view-data: 3.534231975674629
