times:
  edit-metadata: 1.6566675938665867
  landing: 0.9861156865954399
  view-data: 3.4847141914069653
