times:
  edit-metadata: 1.472494900226593
  landing: 0.7928659003227949
  view-data: 3.395870288833976
