times:
  edit-metadata: 1.4472719505429268
  landing: 0.9164359159767628
  view-data: 3.2957093361765146
