times:
  edit-metadata: 1.379115216434002
  landing: 0.9009428881108761
  view-data: 3.3132429718971252
