times:
  edit-metadata: 1.535165000706911
  landing: 1.0339401848614216
  view-data: 3.676606748253107
