times:
  edit-metadata: 1.3643908202648163
  landing: 0.707224341109395
  view-data: 3.4569104332476854
