times:
  edit-metadata: 2.3699977844953537
  landing: 8.03095992654562
  view-data: 3.5317945405840874
