times:
  edit-metadata: 1.4708585925400257
  landing: 0.9888678267598152
  view-data: 3.352696903049946
