times:
  edit-metadata: 1.3678008541464806
  landing: 0.7318923138082027
  view-data: 3.366503071039915
