times:
  edit-metadata: 1.377882830798626
  landing: 0.9310952052474022
  view-data: 3.333311703056097
