times:
  edit-metadata: 1.7264382429420948
  landing: 1.2004314549267292
  view-data: 3.44410228356719
