times:
  edit-metadata: 1.4736746177077293
  landing: 1.158195436000824
  view-data: 3.332859370857477
