times:
  edit-metadata: 1.3352239318192005
  landing: 0.7570744212716818
  view-data: 3.3140333462506533
