times:
  edit-metadata: 1.5530297011137009
  landing: 0.9639180805534124
  view-data: 3.4067147839814425
