times:
  edit-metadata: 1.4572894871234894
  landing: 0.8847574964165688
  view-data: 3.3140923231840134
