times:
  edit-metadata: 2.192908463999629
  landing: 1.399820487946272
  view-data: 3.5118253342807293
