times:
  edit-metadata: 1.661660436540842
  landing: 1.3374007288366556
  view-data: 3.799783244729042
