times:
  edit-metadata: 1.5562538485974073
  landing: 0.7644152101129293
  view-data: 3.303397111594677
