times:
  edit-metadata: 1.5734036564826965
  landing: 1.0559150762856007
  view-data: 3.3493670150637627
