times:
  edit-metadata: 1.5974972546100616
  landing: 3.3302423134446144
  view-data: 3.362592700868845
