times:
  edit-metadata: 1.9843493606895208
  landing: 0.9362769182771444
  view-data: 4.703417103737593
