times:
  edit-metadata: 1.498788621276617
  landing: 0.8265467453747988
  view-data: 3.407453214749694
