times:
  edit-metadata: 1.553494431078434
  landing: 0.8560344316065311
  view-data: 3.3153894022107124
