times:
  edit-metadata: 1.531667299568653
  landing: 0.7197925243526697
  view-data: 3.322665749117732
