times:
  edit-metadata: 1.5446871425956488
  landing: 0.7674867045134306
  view-data: 3.3247923497110605
