times:
  edit-metadata: 1.535786710679531
  landing: 0.9935715347528458
  view-data: 3.4479889422655106
