times:
  edit-metadata: 1.4776951670646667
  landing: 0.7890386506915092
  view-data: 3.326012846082449
