times:
  edit-metadata: 1.5318773444741964
  landing: 0.9626330956816673
  view-data: 3.4698797203600407
