times:
  edit-metadata: 1.5061697624623775
  landing: 0.7843095511198044
  view-data: 3.369693648070097
