times:
  edit-metadata: 1.5529263615608215
  landing: 0.8258208632469177
  view-data: 3.3170818760991096
