times:
  edit-metadata: 1.5139303356409073
  landing: 0.7934991754591465
  view-data: 3.3930580131709576
