times:
  edit-metadata: 1.4787156097590923
  landing: 0.8690491579473019
  view-data: 3.308265060186386
