times:
  edit-metadata: 1.4827673211693764
  landing: 0.9434441514313221
  view-data: 3.384912047535181
