times:
  edit-metadata: 1.7151775397360325
  landing: 1.0303206481039524
  view-data: 3.344449918717146
