times:
  edit-metadata: 1.3241995237767696
  landing: 0.7674020137637854
  view-data: 3.427242588251829
