times:
  edit-metadata: 1.3477524518966675
  landing: 1.0824558213353157
  view-data: 3.360794421285391
