times:
  edit-metadata: 1.4919733460992575
  landing: 0.7870290447026491
  view-data: 3.285794271156192
