times:
  edit-metadata: 1.525069022551179
  landing: 0.9354718793183565
  view-data: 3.385095052421093
