times:
  edit-metadata: 1.352202657610178
  landing: 0.7951007448136806
  view-data: 3.2566380500793457
