times:
  edit-metadata: 1.3197053764015436
  landing: 0.852182125672698
  view-data: 3.367850571870804
