times:
  edit-metadata: 1.4925181157886982
  landing: 0.7880579903721809
  view-data: 3.3368141669780016
