times:
  edit-metadata: 2.278898987919092
  landing: 1.4453961364924908
  view-data: 3.639022830873728
