times:
  edit-metadata: 1.6420789621770382
  landing: 0.8529885914176702
  view-data: 3.3136938605457544
