times:
  edit-metadata: 1.6009129136800766
  landing: 0.9205037876963615
  view-data: 3.360381353646517
