times:
  edit-metadata: 1.7164374683052301
  landing: 0.9440129995346069
  view-data: 3.3251585457473993
