times:
  edit-metadata: 1.4328433386981487
  landing: 0.9645728655159473
  view-data: 3.3556358255445957
