times:
  edit-metadata: 1.4280215557664633
  landing: 0.7065861076116562
  view-data: 3.3950071576982737
