times:
  edit-metadata: 1.501912485808134
  landing: 0.9696265496313572
  view-data: 3.420003790408373
