times:
  edit-metadata: 1.395874859765172
  landing: 0.7877996619790792
  view-data: 3.414939785376191
