times:
  edit-metadata: 1.7726527340710163
  landing: 1.360117170959711
  view-data: 3.5963076315820217
