times:
  edit-metadata: 1.5264606457203627
  landing: 0.9405512623488903
  view-data: 3.3838383834809065
