times:
  edit-metadata: 1.5277010556310415
  landing: 0.7783356122672558
  view-data: 3.418931944295764
