times:
  edit-metadata: 1.4231017921119928
  landing: 0.7582888472825289
  view-data: 3.3594922609627247
