times:
  edit-metadata: 1.5786350332200527
  landing: 1.1445742845535278
  view-data: 3.3893749229609966
