times:
  edit-metadata: 1.5031966920942068
  landing: 0.7952688448131084
  view-data: 3.3598497081547976
