times:
  edit-metadata: 1.5025263745337725
  landing: 0.7652135714888573
  view-data: 3.392255475744605
