times:
  edit-metadata: 1.526728369295597
  landing: 0.9377618134021759
  view-data: 3.3997967801988125
