times:
  edit-metadata: 1.5350421331822872
  landing: 0.8277886752039194
  view-data: 3.3692014403641224
