times:
  edit-metadata: 1.3544536642730236
  landing: 0.8607136569917202
  view-data: 3.3962216824293137
