times:
  edit-metadata: 1.5576991364359856
  landing: 0.7923855930566788
  view-data: 3.2945136576890945
