times:
  edit-metadata: 1.4799567013978958
  landing: 0.8051326796412468
  view-data: 3.3775028213858604
