times:
  edit-metadata: 1.346340287476778
  landing: 0.8256657421588898
  view-data: 3.335857219994068
