times:
  edit-metadata: 1.3397255595773458
  landing: 0.8178155440837145
  view-data: 3.438415775075555
