times:
  edit-metadata: 1.611846711486578
  landing: 1.149791918694973
  view-data: 3.4070316404104233
