times:
  edit-metadata: 1.514507468789816
  landing: 0.8525964077562094
  view-data: 3.4192720148712397
