times:
  edit-metadata: 1.419708762317896
  landing: 0.7343484610319138
  view-data: 3.4185419622808695
