times:
  edit-metadata: 1.5249688848853111
  landing: 1.0869736783206463
  view-data: 3.3592830933630466
