times:
  edit-metadata: 1.5409217420965433
  landing: 0.8721032701432705
  view-data: 3.428031986579299
