times:
  edit-metadata: 1.3726401031017303
  landing: 0.8543279357254505
  view-data: 3.3066038750112057
