times:
  edit-metadata: 1.5425367951393127
  landing: 0.9539256617426872
  view-data: 3.338641542941332
