times:
  edit-metadata: 1.3641432709991932
  landing: 0.9162998385727406
  view-data: 3.329570271074772
