times:
  edit-metadata: 1.9604710955172777
  landing: 1.0498594958335161
  view-data: 3.288589268922806
