times:
  edit-metadata: 1.4038806892931461
  landing: 0.737732257694006
  view-data: 3.8138177543878555
