times:
  edit-metadata: 1.5146772768348455
  landing: 0.8330721110105515
  view-data: 3.396090805530548
