times:
  edit-metadata: 1.8666630275547504
  landing: 0.9625135604292154
  view-data: 3.390834115445614
