times:
  edit-metadata: 1.6228942442685366
  landing: 0.9693934489041567
  view-data: 3.34409324452281
