times:
  edit-metadata: 1.4184867516160011
  landing: 0.6719578988850117
  view-data: 3.3460597433149815
