times:
  edit-metadata: 1.4941567704081535
  landing: 1.2830571122467518
  view-data: 3.313877645879984
