times:
  edit-metadata: 1.4370662607252598
  landing: 0.9081349484622478
  view-data: 3.374775670468807
