times:
  edit-metadata: 1.4345163516700268
  landing: 0.7766610458493233
  view-data: 3.2985092736780643
