times:
  edit-metadata: 1.4117397870868444
  landing: 0.8235758561640978
  view-data: 3.3614254351705313
