times:
  edit-metadata: 1.542186465114355
  landing: 0.8144184984266758
  view-data: 3.4457667358219624
