times:
  edit-metadata: 1.5291162729263306
  landing: 0.9371150434017181
  view-data: 3.366049323230982
