times:
  edit-metadata: 1.4798871111124754
  landing: 0.7816625256091356
  view-data: 3.424990078434348
