times:
  edit-metadata: 1.3623617887496948
  landing: 0.9119695648550987
  view-data: 3.295506089925766
