times:
  edit-metadata: 1.505158219486475
  landing: 0.8300257176160812
  view-data: 3.4006684236228466
