times:
  edit-metadata: 1.6111486740410328
  landing: 1.0410487912595272
  view-data: 3.4797768145799637
