times:
  edit-metadata: 1.6019818503409624
  landing: 0.874835891649127
  view-data: 3.3722377754747868
