times:
  edit-metadata: 1.3541925475001335
  landing: 0.845392657443881
  view-data: 3.344853276386857
