times:
  edit-metadata: 1.498828213661909
  landing: 0.8562077712267637
  view-data: 3.399082275107503
