times:
  edit-metadata: 1.4282772243022919
  landing: 0.8956442773342133
  view-data: 3.3118773251771927
