times:
  edit-metadata: 1.5333952605724335
  landing: 0.7550029810518026
  view-data: 3.344892108812928
