times:
  edit-metadata: 1.5392668321728706
  landing: 0.8360476400703192
  view-data: 3.3372450452297926
