times:
  edit-metadata: 1.4475720040500164
  landing: 0.7838586792349815
  view-data: 3.2591378539800644
