times:
  landing: 1.804350441787392
  view-data: 0.03232227684929967
