times:
  edit-metadata: 1.3402022272348404
  landing: 0.9754015430808067
  view-data: 3.426488533616066
