times:
  edit-metadata: 1.4158566929399967
  landing: 0.8783494755625725
  view-data: 3.3052613362669945
