times:
  edit-metadata: 1.4228839948773384
  landing: 0.7233173251152039
  view-data: 3.2611696645617485
