times:
  edit-metadata: 1.5858699530363083
  landing: 0.869718998670578
  view-data: 3.3379780426621437
