times:
  edit-metadata: 1.4986333921551704
  landing: 0.7697035893797874
  view-data: 3.4579866603016853
