times:
  edit-metadata: 1.324348896741867
  landing: 0.7357363700866699
  view-data: 3.4833103865385056
