times:
  edit-metadata: 1.4805578663945198
  landing: 0.8111096620559692
  view-data: 3.5466739386320114
