times:
  edit-metadata: 1.4399785622954369
  landing: 0.8583104535937309
  view-data: 3.3399965539574623
