times:
  edit-metadata: 1.4265472292900085
  landing: 0.7734277322888374
  view-data: 3.538622371852398
