times:
  edit-metadata: 1.3146115504205227
  landing: 0.8838499411940575
  view-data: 3.321137722581625
