times:
  edit-metadata: 1.413822628557682
  landing: 1.240029901266098
  view-data: 3.428681440651417
