times:
  edit-metadata: 1.429398201406002
  landing: 0.7899102121591568
  view-data: 3.519360475242138
