times:
  edit-metadata: 1.3569998368620872
  landing: 0.6942663639783859
  view-data: 3.4889647737145424
