times:
  edit-metadata: 1.4707041531801224
  landing: 0.8952694088220596
  view-data: 3.3046110942959785
