times:
  edit-metadata: 1.4320864900946617
  landing: 0.7727129012346268
  view-data: 3.249489650130272
