times:
  edit-metadata: 1.6722054779529572
  landing: 0.8567354902625084
  view-data: 3.354264587163925
