times:
  edit-metadata: 1.5351835079491138
  landing: 0.8730546832084656
  view-data: 3.327798154205084
