times:
  edit-metadata: 1.3644378706812859
  landing: 0.8211866021156311
  view-data: 3.5682131946086884
