times:
  edit-metadata: 1.3728838823735714
  landing: 0.856657337397337
  view-data: 3.329486884176731
