times:
  edit-metadata: 1.3205123618245125
  landing: 0.7035112082958221
  view-data: 3.3947726488113403
