times:
  edit-metadata: 1.3599755465984344
  landing: 0.7928965128958225
  view-data: 3.3138513304293156
