times:
  edit-metadata: 1.46991116553545
  landing: 0.9099161103367805
  view-data: 3.3183531761169434
