times:
  edit-metadata: 1.4343541041016579
  landing: 0.7636251375079155
  view-data: 3.468380592763424
