times:
  edit-metadata: 1.424903765320778
  landing: 0.8305186964571476
  view-data: 3.338425997644663
