times:
  edit-metadata: 1.6681713424623013
  landing: 0.8141816593706608
  view-data: 3.2920174561440945
