times:
  edit-metadata: 1.375537097454071
  landing: 0.7526401430368423
  view-data: 3.385437175631523
