times:
  edit-metadata: 1.3837170973420143
  landing: 0.7915693148970604
  view-data: 3.420576311647892
