times:
  edit-metadata: 1.3002463765442371
  landing: 0.7462820261716843
  view-data: 3.262791585177183
