times:
  edit-metadata: 1.3376702144742012
  landing: 0.7290782406926155
  view-data: 3.4705422148108482
