times:
  edit-metadata: 1.3373671844601631
  landing: 0.8865927755832672
  view-data: 3.6053560748696327
