times:
  edit-metadata: 1.560284860432148
  landing: 0.8150181919336319
  view-data: 3.304800469428301
