times:
  edit-metadata: 1.4914385229349136
  landing: 0.8529277145862579
  view-data: 3.354935869574547
