times:
  edit-metadata: 1.4978075474500656
  landing: 0.7375998497009277
  view-data: 3.3112191036343575
