times:
  edit-metadata: 1.3666080832481384
  landing: 0.78170545399189
  view-data: 3.3600535839796066
