times:
  edit-metadata: 1.4621635526418686
  landing: 0.8881610706448555
  view-data: 3.346199482679367
