times:
  edit-metadata: 1.5812038518488407
  landing: 0.8144943118095398
  view-data: 3.3040997684001923
