times:
  edit-metadata: 2.0013019889593124
  landing: 1.2008456736803055
  view-data: 3.5787507221102715
