times:
  edit-metadata: 1.3896001726388931
  landing: 0.7410958930850029
  view-data: 3.456963375210762
