times:
  edit-metadata: 1.9392524883151054
  landing: 1.0777232348918915
  view-data: 3.3637405447661877
