times:
  edit-metadata: 1.4477125108242035
  landing: 0.8962721936404705
  view-data: 3.2846110239624977
