times:
  edit-metadata: 1.4541332945227623
  landing: 0.8276799321174622
  view-data: 3.503192074596882
