times:
  edit-metadata: 1.3974298536777496
  landing: 0.7979060858488083
  view-data: 3.4666478410363197
