times:
  edit-metadata: 1.440580751746893
  landing: 0.8328083753585815
  view-data: 3.3692779019474983
