times:
  edit-metadata: 1.3884714841842651
  landing: 0.7348326370120049
  view-data: 3.458832673728466
