times:
  edit-metadata: 1.9266932308673859
  landing: 1.7164808884263039
  view-data: 3.6167004331946373
