times:
  edit-metadata: 1.4452039301395416
  landing: 0.7811211124062538
  view-data: 3.5563169717788696
