times:
  edit-metadata: 1.3549155667424202
  landing: 0.7809404134750366
  view-data: 3.4912047907710075
