times:
  edit-metadata: 1.9369976446032524
  landing: 1.448213867843151
  view-data: 3.4100672900676727
