times:
  edit-metadata: 1.8269909620285034
  landing: 0.905319195240736
  view-data: 3.4752824418246746
