times:
  edit-metadata: 1.5111808516085148
  landing: 0.7785672955214977
  view-data: 3.3294529393315315
