times:
  edit-metadata: 1.4805605858564377
  landing: 0.8837005086243153
  view-data: 3.4046901240944862
