times:
  edit-metadata: 1.4702922627329826
  landing: 0.6944874003529549
  view-data: 3.2670221254229546
