times:
  edit-metadata: 1.4298540204763412
  landing: 0.7015233039855957
  view-data: 3.479269690811634
