times:
  edit-metadata: 1.5139769166707993
  landing: 0.8773356974124908
  view-data: 3.4419810101389885
