times:
  edit-metadata: 1.4214466363191605
  landing: 0.8375616520643234
  view-data: 3.3672232143580914
