times:
  edit-metadata: 1.3227554559707642
  landing: 0.8073262646794319
  view-data: 3.4239683896303177
