times:
  edit-metadata: 1.4598935507237911
  landing: 1.076819572597742
  view-data: 3.2962641790509224
