times:
  edit-metadata: 1.4011737033724785
  landing: 0.8179621659219265
  view-data: 3.3124044500291348
