times:
  edit-metadata: 1.4724413380026817
  landing: 0.8374073393642902
  view-data: 3.3399983420968056
