times:
  edit-metadata: 1.3772938027977943
  landing: 0.7624256238341331
  view-data: 3.4581261947751045
