times:
  edit-metadata: 1.4272458255290985
  landing: 0.7460573501884937
  view-data: 3.295592200011015
