times:
  edit-metadata: 1.385910503566265
  landing: 0.8008527383208275
  view-data: 3.2797734439373016
