times:
  edit-metadata: 1.4647220596671104
  landing: 0.7626674026250839
  view-data: 3.5928505957126617
