times:
  edit-metadata: 1.3641548119485378
  landing: 0.7805248200893402
  view-data: 3.3422123417258263
