times:
  edit-metadata: 1.5014304146170616
  landing: 0.7589309588074684
  view-data: 3.548813968896866
