times:
  edit-metadata: 1.3812914416193962
  landing: 0.7567456439137459
  view-data: 3.431849926710129
