times:
  edit-metadata: 1.42491739615798
  landing: 0.7960726581513882
  view-data: 3.3564403876662254
