times:
  edit-metadata: 1.4224298670887947
  landing: 0.7596512660384178
  view-data: 3.49626424908638
