times:
  edit-metadata: 1.8138526678085327
  landing: 1.6692756563425064
  view-data: 3.7394208535552025
