times:
  edit-metadata: 1.4276814684271812
  landing: 0.8793126568198204
  view-data: 3.482452802360058
