times:
  edit-metadata: 1.4888911545276642
  landing: 0.8343862369656563
  view-data: 3.3278113901615143
