times:
  edit-metadata: 1.538388006389141
  landing: 0.9968096390366554
  view-data: 3.41763074696064
