times:
  edit-metadata: 1.4502280056476593
  landing: 0.7565476931631565
  view-data: 3.2923834696412086
