times:
  edit-metadata: 1.47752845287323
  landing: 1.09514781832695
  view-data: 3.4698527455329895
