times:
  edit-metadata: 1.3995279297232628
  landing: 0.8122708536684513
  view-data: 3.2944162525236607
