times:
  edit-metadata: 1.5634804368019104
  landing: 0.8637641407549381
  view-data: 3.2738485373556614
