times:
  edit-metadata: 1.4418055415153503
  landing: 0.7658130303025246
  view-data: 3.353460755199194
