times:
  edit-metadata: 1.4033581241965294
  landing: 0.7266762554645538
  view-data: 3.443213626742363
