times:
  edit-metadata: 1.5847759544849396
  landing: 0.9030926823616028
  view-data: 3.4257098361849785
