times:
  edit-metadata: 1.3642057925462723
  landing: 0.7749894186854362
  view-data: 3.45620895922184
