times:
  edit-metadata: 1.5079003013670444
  landing: 0.7021815627813339
  view-data: 3.3709103986620903
