times:
  edit-metadata: 1.4133529737591743
  landing: 0.7592269033193588
  view-data: 3.4725706577301025
