times:
  edit-metadata: 1.4126460924744606
  landing: 0.8471645563840866
  view-data: 3.310132548213005
