times:
  edit-metadata: 1.453949946910143
  landing: 0.8637507110834122
  view-data: 3.351446483284235
