times:
  edit-metadata: 1.512810818850994
  landing: 0.7548819966614246
  view-data: 3.335429161787033
