times:
  edit-metadata: 1.630666822195053
  landing: 0.8215752989053726
  view-data: 3.3295480832457542
