times:
  edit-metadata: 1.43582284450531
  landing: 0.804340124130249
  view-data: 3.436689779162407
