times:
  edit-metadata: 1.3816753700375557
  landing: 0.725002832710743
  view-data: 3.438276492059231
