times:
  edit-metadata: 1.3956424593925476
  landing: 0.7196254581212997
  view-data: 3.3890043795108795
