times:
  edit-metadata: 1.4322553724050522
  landing: 0.8679423332214355
  view-data: 3.5012414678931236
