times:
  edit-metadata: 1.595847986638546
  landing: 0.9133465588092804
  view-data: 3.5064004957675934
