times:
  edit-metadata: 1.4011492505669594
  landing: 0.7345442026853561
  view-data: 3.5267409160733223
