times:
  edit-metadata: 2.356974720954895
  landing: 1.3853151202201843
  view-data: 3.5662544518709183
