times:
  edit-metadata: 2.2035030350089073
  landing: 1.1799914464354515
  view-data: 3.6020578406751156
