times:
  edit-metadata: 1.348796509206295
  landing: 0.7431984171271324
  view-data: 3.7022361159324646
