times:
  edit-metadata: 1.4904060550034046
  landing: 0.8879193216562271
  view-data: 3.327127017080784
