times:
  edit-metadata: 1.3932863250374794
  landing: 0.7249005436897278
  view-data: 3.44020938873291
