times:
  edit-metadata: 1.4588380306959152
  landing: 0.801711268723011
  view-data: 3.329629085958004
