times:
  edit-metadata: 1.4162086844444275
  landing: 0.7506934553384781
  view-data: 3.4572001323103905
