times:
  edit-metadata: 1.3690939024090767
  landing: 0.7113152146339417
  view-data: 3.444628082215786
