times:
  edit-metadata: 1.4541046768426895
  landing: 0.7524295970797539
  view-data: 3.4722791388630867
