times:
  edit-metadata: 1.4168984405696392
  landing: 0.972939494997263
  view-data: 3.4208833798766136
