times:
  edit-metadata: 1.4600529000163078
  landing: 0.8823590725660324
  view-data: 3.3553547486662865
