times:
  edit-metadata: 1.6259589977562428
  landing: 1.0387996658682823
  view-data: 3.4564505741000175
