times:
  edit-metadata: 1.4079175889492035
  landing: 0.7570425868034363
  view-data: 3.492774724960327
