times:
  edit-metadata: 1.4603127054870129
  landing: 1.0189053602516651
  view-data: 3.3050983548164368
