times:
  edit-metadata: 1.5002672374248505
  landing: 0.8893403559923172
  view-data: 3.3769489265978336
