times:
  edit-metadata: 2.3266114331781864
  landing: 1.2510210312902927
  view-data: 3.3584655225276947
