times:
  edit-metadata: 1.3196767531335354
  landing: 0.758409570902586
  view-data: 3.3920464403927326
