times:
  edit-metadata: 1.6149082519114017
  landing: 1.1438160501420498
  view-data: 3.4031937159597874
