times:
  edit-metadata: 1.3626302853226662
  landing: 0.728789322078228
  view-data: 3.4569417536258698
