times:
  edit-metadata: 1.4364287704229355
  landing: 0.8209923505783081
  view-data: 3.5310500413179398
