times:
  edit-metadata: 1.4358958825469017
  landing: 0.7258297055959702
  view-data: 3.393356814980507
