times:
  edit-metadata: 1.5744581297039986
  landing: 0.9456419795751572
  view-data: 3.3470948860049248
