times:
  edit-metadata: 1.384801134467125
  landing: 0.7366457730531693
  view-data: 3.4793988913297653
