times:
  edit-metadata: 1.4188392460346222
  landing: 0.8097752258181572
  view-data: 3.5732997208833694
