times:
  edit-metadata: 1.4038317948579788
  landing: 0.7867382913827896
  view-data: 3.3934920132160187
