times:
  edit-metadata: 1.3647360801696777
  landing: 0.7183478251099586
  view-data: 3.4621942564845085
