times:
  edit-metadata: 1.3786199651658535
  landing: 0.9115930683910847
  view-data: 3.34248173981905
