times:
  edit-metadata: 1.392541989684105
  landing: 0.8906897306442261
  view-data: 3.365783467888832
