times:
  edit-metadata: 1.436782956123352
  landing: 0.8350778818130493
  view-data: 3.331972636282444
