times:
  edit-metadata: 1.4283850267529488
  landing: 0.830756165087223
  view-data: 3.4461113587021828
