times:
  edit-metadata: 1.3674141317605972
  landing: 0.7711934447288513
  view-data: 3.2969593480229378
