times:
  edit-metadata: 1.5158189311623573
  landing: 1.1049935817718506
  view-data: 3.350694127380848
