times:
  edit-metadata: 1.4412373714148998
  landing: 0.8984591960906982
  view-data: 3.299246270209551
