times:
  edit-metadata: 1.7230731397867203
  landing: 0.9902103692293167
  view-data: 3.463231734931469
