times:
  edit-metadata: 1.47076665610075
  landing: 0.8214965984225273
  view-data: 3.457632876932621
