times:
  edit-metadata: 1.4058762788772583
  landing: 0.7889174595475197
  view-data: 3.249721921980381
