times:
  edit-metadata: 1.3976899906992912
  landing: 0.737348884344101
  view-data: 3.2830579802393913
