times:
  edit-metadata: 1.4711330384016037
  landing: 0.7605438306927681
  view-data: 3.46761541813612
