times:
  edit-metadata: 1.6901139840483665
  landing: 0.8521535322070122
  view-data: 3.3083923310041428
