times:
  edit-metadata: 1.4571421146392822
  landing: 0.7346004024147987
  view-data: 3.543342411518097
