times:
  edit-metadata: 1.4938953444361687
  landing: 0.8053977787494659
  view-data: 3.441123753786087
