times:
  edit-metadata: 1.4719149693846703
  landing: 0.7602100111544132
  view-data: 3.3605195842683315
