times:
  edit-metadata: 1.4883474074304104
  landing: 0.8783209770917892
  view-data: 3.380887698382139
