times:
  edit-metadata: 1.3904163502156734
  landing: 0.784613985568285
  view-data: 3.375242695212364
