times:
  edit-metadata: 1.359832800924778
  landing: 0.925527811050415
  view-data: 3.374465297907591
