times:
  edit-metadata: 1.3742382861673832
  landing: 0.8228832073509693
  view-data: 3.3436003997921944
