times:
  edit-metadata: 1.4369168505072594
  landing: 0.7988443151116371
  view-data: 3.4684369564056396
