times:
  edit-metadata: 1.3724660575389862
  landing: 0.8054812327027321
  view-data: 3.8298116102814674
