times:
  edit-metadata: 1.4225581139326096
  landing: 0.7455872222781181
  view-data: 3.479915603995323
