times:
  edit-metadata: 1.5420431196689606
  landing: 0.8924184441566467
  view-data: 3.3370732106268406
