times:
  edit-metadata: 1.4687258005142212
  landing: 0.7565216049551964
  view-data: 3.5107214897871017
