times:
  edit-metadata: 1.4590339325368404
  landing: 0.8028106391429901
  view-data: 3.3241270780563354
