times:
  edit-metadata: 2.587642379105091
  landing: 1.6044083163142204
  view-data: 3.5675941333174706
