times:
  edit-metadata: 1.4859703406691551
  landing: 0.8347703069448471
  view-data: 3.300072558224201
