times:
  edit-metadata: 1.4357425570487976
  landing: 0.7501723691821098
  view-data: 3.4873006120324135
