times:
  edit-metadata: 1.398185983300209
  landing: 0.7939244881272316
  view-data: 3.3542822897434235
