times:
  edit-metadata: 1.952133022248745
  landing: 1.1359213963150978
  view-data: 3.6295513436198235
