times:
  edit-metadata: 1.3386670798063278
  landing: 0.777987614274025
  view-data: 3.3383030220866203
