times:
  edit-metadata: 1.4216190613806248
  landing: 0.8020935133099556
  view-data: 3.27840768545866
