times:
  edit-metadata: 1.566163755953312
  landing: 0.8017481565475464
  view-data: 3.3410412445664406
