times:
  edit-metadata: 1.404534488916397
  landing: 0.7285493239760399
  view-data: 3.3798924386501312
