times:
  edit-metadata: 1.4306525439023972
  landing: 0.8170128017663956
  view-data: 3.2693582624197006
