times:
  edit-metadata: 1.4341246336698532
  landing: 0.883469857275486
  view-data: 3.303928714245558
