times:
  edit-metadata: 1.588057678192854
  landing: 0.8729552589356899
  view-data: 0.5762659795582294
