times:
  edit-metadata: 1.385096039623022
  landing: 0.8019573204219341
  view-data: 3.414052050560713
