times:
  edit-metadata: 1.4238921701908112
  landing: 0.7151021063327789
  view-data: 3.404119126498699
