times:
  edit-metadata: 1.3854629173874855
  landing: 0.8740250542759895
  view-data: 3.3095702715218067
