times:
  edit-metadata: 1.3816435933113098
  landing: 0.7756326869130135
  view-data: 3.311560571193695
