times:
  edit-metadata: 1.4099963791668415
  landing: 0.8200725577771664
  view-data: 3.299898151308298
