times:
  edit-metadata: 1.658783782273531
  landing: 0.8781075179576874
  view-data: 3.374056216329336
