times:
  edit-metadata: 1.4289536997675896
  landing: 0.7932773754000664
  view-data: 3.482974134385586
