times:
  edit-metadata: 1.5048219114542007
  landing: 0.8187071979045868
  view-data: 3.3140598982572556
