times:
  edit-metadata: 1.4348968490958214
  landing: 0.7681566998362541
  view-data: 3.513343498110771
