times:
  edit-metadata: 1.5801894292235374
  landing: 0.8112146109342575
  view-data: 3.4748974442481995
