times:
  edit-metadata: 1.5235972255468369
  landing: 0.7639616653323174
  view-data: 3.2850147485733032
