times:
  edit-metadata: 1.3762838318943977
  landing: 0.7299225181341171
  view-data: 3.489434488117695
