times:
  edit-metadata: 1.5318555906414986
  landing: 1.0618323609232903
  view-data: 3.552367441356182
