times:
  edit-metadata: 1.5204299539327621
  landing: 0.7051899135112762
  view-data: 3.3649845644831657
