times:
  edit-metadata: 1.8071877881884575
  landing: 1.4327582195401192
  view-data: 3.5908468142151833
