times:
  edit-metadata: 1.4378706216812134
  landing: 0.869605265557766
  view-data: 3.389178726822138
