times:
  edit-metadata: 1.4200976826250553
  landing: 0.8449949659407139
  view-data: 3.3063106313347816
