times:
  edit-metadata: 1.5494982562959194
  landing: 0.7964607514441013
  view-data: 3.2863888517022133
