times:
  edit-metadata: 2.160227969288826
  landing: 1.4471303559839725
  view-data: 3.274180307984352
