times:
  edit-metadata: 1.4702772721648216
  landing: 0.8407972007989883
  view-data: 3.516898274421692
