times:
  edit-metadata: 1.5275060683488846
  landing: 0.8760493099689484
  view-data: 3.3353695273399353
