times:
  edit-metadata: 1.4040441438555717
  landing: 0.9207221493124962
  view-data: 3.293123036623001
