times:
  edit-metadata: 1.4284400530159473
  landing: 0.8215412274003029
  view-data: 3.334344729781151
