times:
  edit-metadata: 1.5012620091438293
  landing: 0.8447334691882133
  view-data: 3.3404213711619377
