times:
  edit-metadata: 1.4474350959062576
  landing: 0.8302715942263603
  view-data: 3.455781750380993
