times:
  edit-metadata: 1.4159720912575722
  landing: 0.7327111810445786
  view-data: 3.4203130155801773
