times:
  edit-metadata: 1.4695520997047424
  landing: 0.8908546417951584
  view-data: 3.3887490034103394
