times:
  edit-metadata: 1.438783772289753
  landing: 0.8103297874331474
  view-data: 3.269471637904644
