times:
  edit-metadata: 1.3985449448227882
  landing: 0.719920426607132
  view-data: 3.3722788244485855
