times:
  edit-metadata: 1.491146206855774
  landing: 0.8959642872214317
  view-data: 3.492075987160206
