times:
  edit-metadata: 1.4618270359933376
  landing: 0.8777202032506466
  view-data: 3.293976526707411
