times:
  edit-metadata: 1.4488427340984344
  landing: 0.7382685542106628
  view-data: 3.29596596583724
