times:
  edit-metadata: 1.4866353124380112
  landing: 0.8919432386755943
  view-data: 3.503979630768299
