times:
  edit-metadata: 1.533013954758644
  landing: 0.8552752956748009
  view-data: 3.3272125385701656
