times:
  edit-metadata: 1.4920176193118095
  landing: 0.8925527334213257
  view-data: 3.5249865725636482
