times:
  edit-metadata: 1.414062723517418
  landing: 0.8165021240711212
  view-data: 3.5057126581668854
