times:
  edit-metadata: 1.547384463250637
  landing: 0.879788625985384
  view-data: 3.330902475863695
