times:
  edit-metadata: 1.5457950979471207
  landing: 0.7907448410987854
  view-data: 3.4993707090616226
