times:
  edit-metadata: 1.6305472254753113
  landing: 0.9708774276077747
  view-data: 3.281631786376238
