times:
  edit-metadata: 1.4251798242330551
  landing: 0.709180474281311
  view-data: 3.5254935026168823
