times:
  edit-metadata: 1.63840901106596
  landing: 0.9146506451070309
  view-data: 3.3212309516966343
