times:
  edit-metadata: 1.453820612281561
  landing: 0.8157234042882919
  view-data: 3.3530627116560936
