times:
  edit-metadata: 1.4210175946354866
  landing: 0.7889418303966522
  view-data: 3.4876607954502106
