times:
  edit-metadata: 1.643487311899662
  landing: 0.9204086847603321
  view-data: 3.351117502897978
