times:
  edit-metadata: 1.5256852880120277
  landing: 0.7295661196112633
  view-data: 3.4788483008742332
