times:
  edit-metadata: 1.599707953631878
  landing: 1.0261771641671658
  view-data: 3.326994623988867
