times:
  edit-metadata: 1.4829785227775574
  landing: 0.802478052675724
  view-data: 3.336393065750599
