times:
  edit-metadata: 1.535509280860424
  landing: 0.8134105429053307
  view-data: 3.4305016323924065
