times:
  edit-metadata: 2.5065718591213226
  landing: 1.3821782171726227
  view-data: 3.4261545836925507
