times:
  edit-metadata: 1.6884007714688778
  landing: 0.9883333370089531
  view-data: 3.4784625954926014
