times:
  edit-metadata: 1.3745773658156395
  landing: 0.7678725719451904
  view-data: 3.5031068548560143
