times:
  edit-metadata: 1.4753238633275032
  landing: 0.8271898552775383
  view-data: 0.5566434115171432
