times:
  edit-metadata: 1.5028773099184036
  landing: 0.8603428304195404
  view-data: 3.5920021384954453
