times:
  edit-metadata: 1.525957703590393
  landing: 0.8752936087548733
  view-data: 3.3153963796794415
