times:
  edit-metadata: 1.3575887754559517
  landing: 0.8201351761817932
  view-data: 3.4912568852305412
