times:
  edit-metadata: 1.4870928823947906
  landing: 0.9144086614251137
  view-data: 3.4904612228274345
