times:
  edit-metadata: 1.5993329398334026
  landing: 0.8479111231863499
  view-data: 3.350077237933874
