times:
  edit-metadata: 1.4597521051764488
  landing: 0.8199798762798309
  view-data: 3.3992395475506783
