times:
  edit-metadata: 1.4700517877936363
  landing: 0.7817103862762451
  view-data: 3.490127980709076
