times:
  edit-metadata: 1.5091859549283981
  landing: 0.8854520320892334
  view-data: 3.3368303813040257
