times:
  edit-metadata: 1.6323897577822208
  landing: 0.9533285424113274
  view-data: 3.3987360075116158
