times:
  edit-metadata: 1.4301280491054058
  landing: 0.788384735584259
  view-data: 3.279857587069273
