times:
  edit-metadata: 1.5048943683505058
  landing: 0.7427561655640602
  view-data: 3.3626971766352654
