times:
  edit-metadata: 3.2478920593857765
  landing: 1.537300705909729
  view-data: 3.6231208480894566
