times:
  edit-metadata: 1.526232123374939
  landing: 0.8341357633471489
  view-data: 3.5911688059568405
