times:
  edit-metadata: 1.535889446735382
  landing: 0.8102214559912682
  view-data: 3.603994533419609
