times:
  edit-metadata: 1.7823194339871407
  landing: 1.0635357424616814
  view-data: 3.748161032795906
