times:
  edit-metadata: 1.4108204543590546
  landing: 0.9222403019666672
  view-data: 3.4513409435749054
