times:
  edit-metadata: 1.874867670238018
  landing: 1.2924647778272629
  view-data: 3.326030045747757
