times:
  edit-metadata: 1.3734569661319256
  landing: 0.7457565516233444
  view-data: 3.2856021597981453
