times:
  edit-metadata: 1.5355133563280106
  landing: 0.9329655133187771
  view-data: 3.4314164742827415
