times:
  edit-metadata: 1.7590677663683891
  landing: 0.9476076140999794
  view-data: 3.333178222179413
