times:
  edit-metadata: 1.4283825159072876
  landing: 1.06240164488554
  view-data: 3.4332368969917297
