times:
  edit-metadata: 1.535061664879322
  landing: 0.7678442820906639
  view-data: 3.432539515197277
