times:
  edit-metadata: 2.2396156415343285
  landing: 1.286132737994194
  view-data: 3.415274366736412
