times:
  edit-metadata: 1.401506021618843
  landing: 0.796461459249258
  view-data: 3.3010705187916756
