times:
  edit-metadata: 1.9171869568526745
  landing: 1.256116334348917
  view-data: 3.639915730804205
