times:
  edit-metadata: 1.4699288085103035
  landing: 0.7155353277921677
  view-data: 3.4501726254820824
