times:
  edit-metadata: 1.470871590077877
  landing: 0.7769810557365417
  view-data: 3.4729804173111916
