times:
  edit-metadata: 1.3731869086623192
  landing: 0.7291763350367546
  view-data: 3.486234277486801
