times:
  edit-metadata: 1.4951049536466599
  landing: 0.8423795104026794
  view-data: 3.347980223596096
