times:
  edit-metadata: 1.439767513424158
  landing: 0.8898756466805935
  view-data: 3.425554294139147
