times:
  edit-metadata: 1.651306539773941
  landing: 0.8973392397165298
  view-data: 3.464478060603142
