times:
  edit-metadata: 1.527398731559515
  landing: 0.8507644385099411
  view-data: 3.38619427010417
