times:
  edit-metadata: 1.675610013306141
  landing: 0.8027169406414032
  view-data: 3.426141135394573
