times:
  edit-metadata: 2.050587683916092
  landing: 0.9428645744919777
  view-data: 3.371098108589649
