times:
  edit-metadata: 1.7506063655018806
  landing: 0.9467421993613243
  view-data: 3.4962707087397575
