times:
  edit-metadata: 1.4868156760931015
  landing: 0.734678715467453
  view-data: 3.5338470488786697
