times:
  edit-metadata: 1.4732287004590034
  landing: 0.7575550675392151
  view-data: 3.479624643921852
