times:
  edit-metadata: 1.3833236619830132
  landing: 0.9012575373053551
  view-data: 3.616884857416153
