times:
  edit-metadata: 1.4273631051182747
  landing: 0.8532391116023064
  view-data: 3.386606514453888
