times:
  edit-metadata: 1.5402149483561516
  landing: 0.7558412849903107
  view-data: 3.542385660111904
