times:
  edit-metadata: 1.7016389146447182
  landing: 0.8218958899378777
  view-data: 3.421590782701969
