times:
  edit-metadata: 1.434855941683054
  landing: 0.9058835878968239
  view-data: 3.2961041405797005
