times:
  edit-metadata: 1.6082701608538628
  landing: 0.8810140192508698
  view-data: 3.586261972784996
