times:
  edit-metadata: 1.4922936111688614
  landing: 0.9006576016545296
  view-data: 3.326407317072153
