times:
  edit-metadata: 1.5122586265206337
  landing: 0.790124386548996
  view-data: 3.4288465827703476
