times:
  edit-metadata: 1.5201123729348183
  landing: 0.7592112272977829
  view-data: 3.492006830871105
