times:
  edit-metadata: 2.4133606404066086
  landing: 1.4229632839560509
  view-data: 3.542597971856594
