times:
  edit-metadata: 1.5127061009407043
  landing: 0.8015670478343964
  view-data: 3.6266843155026436
