times:
  edit-metadata: 1.5949321910738945
  landing: 0.7884426787495613
  view-data: 3.411136694252491
