times:
  edit-metadata: 1.477577120065689
  landing: 0.7963517680764198
  view-data: 3.501236416399479
