times:
  edit-metadata: 1.5488172098994255
  landing: 0.9178567081689835
  view-data: 3.555233433842659
