times:
  edit-metadata: 1.4668050408363342
  landing: 0.8333173245191574
  view-data: 3.3668769001960754
