times:
  edit-metadata: 1.429977148771286
  landing: 0.7994180507957935
  view-data: 3.303641624748707
