times:
  edit-metadata: 1.5078237801790237
  landing: 0.746402733027935
  view-data: 3.308959260582924
