times:
  edit-metadata: 1.8773772828280926
  landing: 1.0176921747624874
  view-data: 3.4764436706900597
