times:
  edit-metadata: 1.5409977659583092
  landing: 0.8059843331575394
  view-data: 3.424132965505123
