times:
  edit-metadata: 2.0360279753804207
  landing: 1.3845637366175652
  view-data: 3.342930380254984
