times:
  edit-metadata: 1.4104973897337914
  landing: 0.8018308505415916
  view-data: 3.557002142071724
