times:
  edit-metadata: 1.4308523759245872
  landing: 0.7811628431081772
  view-data: 3.3487872891128063
