times:
  edit-metadata: 1.7185523435473442
  landing: 1.003778301179409
  view-data: 3.6547861620783806
