times:
  edit-metadata: 1.5438915938138962
  landing: 0.7618973404169083
  view-data: 3.577733136713505
