times:
  edit-metadata: 1.4751879312098026
  landing: 0.7948445230722427
  view-data: 3.29630795866251
