times:
  edit-metadata: 1.4789531603455544
  landing: 0.8979610428214073
  view-data: 3.4912623912096024
