times:
  edit-metadata: 1.45386628434062
  landing: 0.8029909580945969
  view-data: 3.2970613166689873
