times:
  edit-metadata: 1.5772979855537415
  landing: 0.9569320343434811
  view-data: 3.3840845711529255
