times:
  edit-metadata: 1.492847517132759
  landing: 0.7968747392296791
  view-data: 3.4762374460697174
