times:
  edit-metadata: 1.5714171230793
  landing: 0.8612093664705753
  view-data: 3.3323249965906143
