times:
  edit-metadata: 1.479343719780445
  landing: 0.8231787160038948
  view-data: 3.427484519779682
