times:
  edit-metadata: 2.0840503871440887
  landing: 1.27915258705616
  view-data: 3.8164836317300797
