times:
  edit-metadata: 1.577119417488575
  landing: 0.8833433762192726
  view-data: 3.329484388232231
