times:
  edit-metadata: 1.5971326008439064
  landing: 0.8453283160924911
  view-data: 3.407757606357336
