times:
  edit-metadata: 1.5886562690138817
  landing: 0.7913285046815872
  view-data: 3.394128032028675
