times:
  edit-metadata: 1.4583243504166603
  landing: 0.7330817729234695
  view-data: 3.5385117679834366
