times:
  edit-metadata: 1.4935885071754456
  landing: 0.8191705346107483
  view-data: 3.4634151831269264
