times:
  edit-metadata: 1.7058781906962395
  landing: 0.9038550704717636
  view-data: 3.3098041489720345
