times:
  edit-metadata: 1.5030634589493275
  landing: 0.9058836400508881
  view-data: 3.3402971886098385
