times:
  edit-metadata: 1.3976839557290077
  landing: 0.8539459928870201
  view-data: 3.2901882603764534
