times:
  edit-metadata: 1.5162016190588474
  landing: 0.8989975154399872
  view-data: 3.285586692392826
