times:
  edit-metadata: 1.3643570095300674
  landing: 0.7406489104032516
  view-data: 3.4268000051379204
