times:
  edit-metadata: 1.5512780249118805
  landing: 0.8832832761108875
  view-data: 3.3636000901460648
