times:
  edit-metadata: 1.421014167368412
  landing: 0.800852045416832
  view-data: 3.548138588666916
