times:
  edit-metadata: 1.4414511770009995
  landing: 0.720508448779583
  view-data: 3.488426446914673
