times:
  edit-metadata: 1.4295686557888985
  landing: 0.7360141351819038
  view-data: 3.457029551267624
