times:
  edit-metadata: 1.436510093510151
  landing: 0.8733250722289085
  view-data: 3.558709740638733
