times:
  edit-metadata: 1.530012134462595
  landing: 1.1870333142578602
  view-data: 3.4545339941978455
