times:
  edit-metadata: 1.4129194729030132
  landing: 0.8128653205931187
  view-data: 3.2771729975938797
