times:
  edit-metadata: 1.4750439301133156
  landing: 0.6920972168445587
  view-data: 3.5169035270810127
