times:
  edit-metadata: 1.4568064883351326
  landing: 0.8752824552357197
  view-data: 3.3162242844700813
