times:
  edit-metadata: 1.381243970245123
  landing: 0.7362462244927883
  view-data: 3.2993151247501373
