times:
  edit-metadata: 1.4897046461701393
  landing: 0.8406981378793716
  view-data: 3.5324200987815857
