times:
  edit-metadata: 1.5122953280806541
  landing: 0.7974172532558441
  view-data: 3.3743143528699875
