times:
  edit-metadata: 1.402028113603592
  landing: 0.8127592951059341
  view-data: 3.5232051089406013
