times:
  edit-metadata: 1.456971075385809
  landing: 0.913456704467535
  view-data: 3.30775074288249
