times:
  edit-metadata: 1.390858143568039
  landing: 0.8712688982486725
  view-data: 3.452547587454319
