times:
  edit-metadata: 1.572267908602953
  landing: 0.9104290716350079
  view-data: 3.315362986177206
