times:
  edit-metadata: 1.4967901781201363
  landing: 0.7366370931267738
  view-data: 3.5283394753932953
