times:
  edit-metadata: 1.5090575963258743
  landing: 0.9449542388319969
  view-data: 3.2996853217482567
