times:
  edit-metadata: 1.4959038347005844
  landing: 0.8060678876936436
  view-data: 3.2685429118573666
