times:
  edit-metadata: 1.4597520977258682
  landing: 0.7408158853650093
  view-data: 3.332872062921524
