times:
  edit-metadata: 1.5139381363987923
  landing: 0.8425206691026688
  view-data: 3.2937727198004723
