times:
  edit-metadata: 1.658152662217617
  landing: 0.8639230579137802
  view-data: 3.318998195230961
