times:
  edit-metadata: 1.6422368288040161
  landing: 1.126766823232174
  view-data: 3.630855157971382
