times:
  edit-metadata: 1.5643279701471329
  landing: 1.0229709818959236
  view-data: 3.6617521420121193
