times:
  edit-metadata: 2.552830718457699
  landing: 1.8852218128740788
  view-data: 3.45968496799469
