times:
  edit-metadata: 1.361468181014061
  landing: 0.8241091370582581
  view-data: 3.279914326965809
