times:
  edit-metadata: 1.3844373412430286
  landing: 0.8866477943956852
  view-data: 3.277333315461874
