times:
  edit-metadata: 1.4053615257143974
  landing: 0.794595405459404
  view-data: 3.2778034061193466
