times:
  edit-metadata: 1.368039332330227
  landing: 0.7927070260047913
  view-data: 3.295019842684269
