times:
  edit-metadata: 1.7178875990211964
  landing: 1.4257208816707134
  view-data: 3.424339335411787
