times:
  edit-metadata: 1.9202238582074642
  landing: 1.1917694881558418
  view-data: 3.4616247825324535
