times:
  edit-metadata: 1.5029559545218945
  landing: 0.9718563444912434
  view-data: 3.347559556365013
