times:
  edit-metadata: 1.4556335844099522
  landing: 0.8010094948112965
  view-data: 3.403880510479212
