times:
  edit-metadata: 1.5944280587136745
  landing: 1.0197061747312546
  view-data: 3.3047130033373833
