times:
  edit-metadata: 1.6078336238861084
  landing: 0.8073425367474556
  view-data: 3.3255414739251137
