times:
  edit-metadata: 3.4479240477085114
  landing: 1.9309845753014088
  view-data: 3.568504724651575
