times:
  edit-metadata: 1.56113925203681
  landing: 1.1128630936145782
  view-data: 3.3464044257998466
