times:
  edit-metadata: 2.3334627114236355
  landing: 2.201861649751663
  view-data: 3.65630566701293
