times:
  edit-metadata: 1.376029148697853
  landing: 0.9237084463238716
  view-data: 3.404009982943535
