times:
  edit-metadata: 1.4900249429047108
  landing: 0.8901186212897301
  view-data: 3.3577617555856705
