times:
  edit-metadata: 1.3890783973038197
  landing: 0.7490215189754963
  view-data: 3.3074603751301765
