times:
  edit-metadata: 1.3594706989824772
  landing: 0.8086206912994385
  view-data: 3.2630534395575523
