times:
  edit-metadata: 1.4051654413342476
  landing: 0.7345238402485847
  view-data: 3.4765070155262947
