times:
  edit-metadata: 2.0043414384126663
  landing: 1.4284876585006714
  view-data: 3.535840332508087
