times:
  edit-metadata: 1.4578587971627712
  landing: 0.7781945541501045
  view-data: 3.314312245696783
