times:
  edit-metadata: 1.444056786596775
  landing: 0.7774791494011879
  view-data: 3.4704708978533745
