times:
  edit-metadata: 1.3857708722352982
  landing: 0.7829035297036171
  view-data: 3.476669527590275
