times:
  edit-metadata: 1.6196488067507744
  landing: 0.8440006300806999
  view-data: 3.366688556969166
