times:
  edit-metadata: 1.4810714200139046
  landing: 0.7432715222239494
  view-data: 3.446658104658127
