times:
  edit-metadata: 1.5851437784731388
  landing: 0.9245094209909439
  view-data: 3.340047799050808
