times:
  edit-metadata: 1.3161696046590805
  landing: 0.8577412590384483
  view-data: 3.368970852345228
