times:
  edit-metadata: 1.4506223946809769
  landing: 0.7766279876232147
  view-data: 3.4647815376520157
