times:
  edit-metadata: 1.785838294774294
  landing: 1.1360250376164913
  view-data: 3.3024562522768974
