times:
  edit-metadata: 1.455474428832531
  landing: 0.8092987388372421
  view-data: 3.4848953261971474
