times:
  edit-metadata: 1.3688202947378159
  landing: 0.752329595386982
  view-data: 3.5343566089868546
