times:
  edit-metadata: 1.4496453069150448
  landing: 0.8799813576042652
  view-data: 3.3485533632338047
