times:
  edit-metadata: 1.4138490930199623
  landing: 0.8019569292664528
  view-data: 3.339248836040497
