times:
  edit-metadata: 1.4745729118585587
  landing: 0.7997240796685219
  view-data: 3.350105158984661
