times:
  edit-metadata: 1.8821802102029324
  landing: 1.3006051257252693
  view-data: 3.453979678452015
