times:
  edit-metadata: 1.4827179536223412
  landing: 0.7492381408810616
  view-data: 3.4178736805915833
