times:
  edit-metadata: 1.4087739065289497
  landing: 0.7465699017047882
  view-data: 3.503539338707924
