times:
  edit-metadata: 1.3896582424640656
  landing: 0.8197403475642204
  view-data: 3.331515960395336
