times:
  edit-metadata: 2.872053161263466
  landing: 0.7671141363680363
  view-data: 3.6758737564086914
