times:
  edit-metadata: 1.5101815313100815
  landing: 0.8008760064840317
  view-data: 3.3210766687989235
