times:
  edit-metadata: 1.659138284623623
  landing: 0.8381368517875671
  view-data: 3.409589573740959
