times:
  edit-metadata: 1.5228696018457413
  landing: 0.7276790142059326
  view-data: 3.3988605812191963
