times:
  edit-metadata: 1.4543322548270226
  landing: 0.840993620455265
  view-data: 3.299469009041786
