times:
  edit-metadata: 2.0349422842264175
  landing: 1.1347026824951172
  view-data: 3.4446115270256996
