times:
  edit-metadata: 1.4361353069543839
  landing: 0.7583935037255287
  view-data: 3.480148956179619
