times:
  edit-metadata: 1.5264875181019306
  landing: 0.9286794327199459
  view-data: 0.5732660740613937
