times:
  edit-metadata: 1.4398429989814758
  landing: 0.748913012444973
  view-data: 3.877642795443535
