times:
  edit-metadata: 2.7455643080174923
  landing: 1.4219444170594215
  view-data: 3.720714021474123
