times:
  edit-metadata: 1.4403137750923634
  landing: 0.7679200880229473
  view-data: 3.336445599794388
