times:
  edit-metadata: 1.4560946822166443
  landing: 0.7985947206616402
  view-data: 3.5096452087163925
