times:
  edit-metadata: 1.6144635379314423
  landing: 1.0342171750962734
  view-data: 3.4082737490534782
