times:
  edit-metadata: 1.7540822997689247
  landing: 0.8417224511504173
  view-data: 3.3714656606316566
