times:
  edit-metadata: 1.4487668126821518
  landing: 0.8842699304223061
  view-data: 3.277197614312172
