times:
  edit-metadata: 2.750556416809559
  landing: 1.8122709393501282
  view-data: 3.731295607984066
