times:
  edit-metadata: 1.3869096338748932
  landing: 0.9500178024172783
  view-data: 3.3617500364780426
