times:
  edit-metadata: 1.5260590761899948
  landing: 0.853630393743515
  view-data: 3.491111271083355
