times:
  edit-metadata: 1.6135228909552097
  landing: 0.8209313303232193
  view-data: 3.3562406823039055
