times:
  edit-metadata: 1.514811635017395
  landing: 0.96562110632658
  view-data: 3.499478541314602
