times:
  edit-metadata: 1.4893195778131485
  landing: 0.7581215500831604
  view-data: 3.537646323442459
