times:
  edit-metadata: 1.3954081684350967
  landing: 0.6730120927095413
  view-data: 3.3840615302324295
