times:
  edit-metadata: 1.4918819665908813
  landing: 0.8958025313913822
  view-data: 3.413115479052067
