times:
  edit-metadata: 1.34292396530509
  landing: 0.742164820432663
  view-data: 3.312835406512022
