times:
  edit-metadata: 1.6245715767145157
  landing: 0.7410547286272049
  view-data: 3.5211442187428474
