times:
  edit-metadata: 1.4709129445254803
  landing: 0.8785617016255856
  view-data: 3.3345708586275578
