times:
  edit-metadata: 1.5545647963881493
  landing: 0.8996861726045609
  view-data: 3.30471034348011
