times:
  edit-metadata: 1.4801352769136429
  landing: 0.8850042149424553
  view-data: 3.5101450607180595
