times:
  edit-metadata: 1.4317324236035347
  landing: 0.8356316387653351
  view-data: 3.6508718356490135
