times:
  edit-metadata: 1.4039664193987846
  landing: 0.8042444214224815
  view-data: 3.4745548367500305
