times:
  edit-metadata: 1.5416541583836079
  landing: 0.7499617338180542
  view-data: 3.3354059159755707
