times:
  edit-metadata: 1.3681112080812454
  landing: 0.8511407598853111
  view-data: 3.3930600360035896
