times:
  edit-metadata: 1.4737656861543655
  landing: 0.8985148072242737
  view-data: 3.5330960899591446
