times:
  edit-metadata: 1.4207210317254066
  landing: 0.8711144626140594
  view-data: 3.4022701643407345
