times:
  edit-metadata: 1.5067919418215752
  landing: 0.7561691850423813
  view-data: 3.3083497397601604
