times:
  edit-metadata: 1.3543660417199135
  landing: 0.779473066329956
  view-data: 3.301813989877701
