times:
  edit-metadata: 1.4918130487203598
  landing: 0.6906889081001282
  view-data: 3.494966097176075
