times:
  edit-metadata: 1.4535907246172428
  landing: 0.7733144201338291
  view-data: 3.252374604344368
