times:
  edit-metadata: 1.4670571014285088
  landing: 0.7963547930121422
  view-data: 3.3202265426516533
