times:
  edit-metadata: 1.657633826136589
  landing: 1.0607611127197742
  view-data: 3.2884290404617786
