times:
  edit-metadata: 1.369968444108963
  landing: 0.8550997674465179
  view-data: 3.3911052122712135
