times:
  edit-metadata: 2.5306393429636955
  landing: 1.2961738258600235
  view-data: 3.45022926479578
