times:
  edit-metadata: 1.439365230500698
  landing: 0.8958272412419319
  view-data: 3.361576199531555
