times:
  edit-metadata: 1.4644309431314468
  landing: 0.7895642258226871
  view-data: 3.3317589350044727
