times:
  edit-metadata: 1.70016223564744
  landing: 0.9515249021351337
  view-data: 3.388794593513012
