times:
  edit-metadata: 1.5863744653761387
  landing: 0.7775407321751118
  view-data: 3.3391987830400467
