times:
  edit-metadata: 2.3606274351477623
  landing: 2.0755795389413834
  view-data: 3.5696950182318687
