times:
  edit-metadata: 1.3810558542609215
  landing: 0.689610555768013
  view-data: 3.5238012075424194
