times:
  edit-metadata: 1.5190835744142532
  landing: 0.7808774001896381
  view-data: 3.3158361464738846
