times:
  edit-metadata: 1.4075346663594246
  landing: 0.7047004848718643
  view-data: 3.3394704088568687
