times:
  edit-metadata: 1.4338978491723537
  landing: 0.7788818031549454
  view-data: 3.382433347404003
