times:
  edit-metadata: 1.4951980113983154
  landing: 0.7519185170531273
  view-data: 3.4081181585788727
