times:
  edit-metadata: 1.9334738478064537
  landing: 1.1896278858184814
  view-data: 3.555613674223423
