times:
  edit-metadata: 1.4520875923335552
  landing: 0.7614339962601662
  view-data: 3.4056160002946854
