times:
  edit-metadata: 1.4433876723051071
  landing: 0.7616145387291908
  view-data: 3.3896473683416843
