times:
  edit-metadata: 1.431776985526085
  landing: 0.8041066378355026
  view-data: 3.2815122604370117
