times:
  edit-metadata: 2.430754967033863
  landing: 1.2499641627073288
  view-data: 3.702272765338421
