times:
  edit-metadata: 1.4462523013353348
  landing: 0.7225904911756516
  view-data: 3.488501228392124
