times:
  edit-metadata: 1.9651357159018517
  landing: 1.1234713420271873
  view-data: 3.50626390427351
