times:
  edit-metadata: 1.4434908851981163
  landing: 0.7673584744334221
  view-data: 3.550397239625454
