times:
  edit-metadata: 1.4559866711497307
  landing: 0.7615375891327858
  view-data: 3.4658737555146217
