times:
  edit-metadata: 1.3665316477417946
  landing: 0.8154604211449623
  view-data: 3.256233289837837
