times:
  edit-metadata: 1.3198142498731613
  landing: 0.8364251255989075
  view-data: 3.449636898934841
