times:
  edit-metadata: 1.5216102972626686
  landing: 0.8196945488452911
  view-data: 3.4294326417148113
