times:
  edit-metadata: 1.3707086853682995
  landing: 0.7850650548934937
  view-data: 3.325908299535513
