times:
  edit-metadata: 1.5142677649855614
  landing: 0.7774762809276581
  view-data: 3.472701281309128
