times:
  edit-metadata: 1.4853433929383755
  landing: 0.8202828466892242
  view-data: 3.2861325964331627
