times:
  edit-metadata: 1.5347850657999516
  landing: 0.7995679602026939
  view-data: 3.3617613539099693
