times:
  edit-metadata: 1.5117607191205025
  landing: 0.7687981054186821
  view-data: 3.4605556949973106
