times:
  edit-metadata: 1.4623314067721367
  landing: 0.7527010962367058
  view-data: 3.4984588399529457
