times:
  edit-metadata: 1.8430311530828476
  landing: 0.9958780519664288
  view-data: 3.317051239311695
