times:
  edit-metadata: 1.498443428426981
  landing: 0.9584270380437374
  view-data: 3.2621668316423893
