times:
  edit-metadata: 1.5417476557195187
  landing: 0.8945291265845299
  view-data: 3.428779684007168
