times:
  edit-metadata: 1.4180637001991272
  landing: 0.6998016014695168
  view-data: 3.4787881523370743
