times:
  edit-metadata: 1.3580243587493896
  landing: 0.8300660215318203
  view-data: 3.2492567859590054
