times:
  edit-metadata: 1.4635430835187435
  landing: 0.7710580229759216
  view-data: 3.3391757383942604
