times:
  edit-metadata: 1.5446431413292885
  landing: 0.8915140815079212
  view-data: 3.362921889871359
