times:
  edit-metadata: 1.3535517677664757
  landing: 0.9053824990987778
  view-data: 3.4944088235497475
