times:
  edit-metadata: 1.5450719445943832
  landing: 0.761704720556736
  view-data: 3.4088637307286263
