times:
  edit-metadata: 1.530557882040739
  landing: 0.8327442556619644
  view-data: 3.3107482120394707
