times:
  edit-metadata: 1.361005738377571
  landing: 0.7364518158137798
  view-data: 3.3098638355731964
