times:
  edit-metadata: 1.4995400682091713
  landing: 0.7939459979534149
  view-data: 3.449664756655693
