times:
  edit-metadata: 1.3886138126254082
  landing: 0.789794035255909
  view-data: 3.500512696802616
