times:
  edit-metadata: 1.3469069004058838
  landing: 0.8534414395689964
  view-data: 3.2774313166737556
