times:
  edit-metadata: 1.3868999779224396
  landing: 0.8970184624195099
  view-data: 3.5184352695941925
