times:
  edit-metadata: 1.4600031897425652
  landing: 0.7240384817123413
  view-data: 3.483193725347519
