times:
  edit-metadata: 1.4048592373728752
  landing: 0.7179851308465004
  view-data: 3.4601508006453514
