times:
  edit-metadata: 1.422400839626789
  landing: 0.7743286117911339
  view-data: 3.489593856036663
