times:
  edit-metadata: 1.5017721988260746
  landing: 0.8289652243256569
  view-data: 3.3070779629051685
