times:
  edit-metadata: 1.628434631973505
  landing: 0.8974437341094017
  view-data: 3.303961865603924
