times:
  edit-metadata: 1.5701560229063034
  landing: 0.7658731937408447
  view-data: 3.346777245402336
