times:
  edit-metadata: 1.5168086141347885
  landing: 0.8179444074630737
  view-data: 3.4783377796411514
