times:
  edit-metadata: 1.3716242462396622
  landing: 0.9757622703909874
  view-data: 3.253687098622322
