times:
  edit-metadata: 1.469640038907528
  landing: 0.7794195711612701
  view-data: 3.543040096759796
