times:
  edit-metadata: 1.7329760119318962
  landing: 0.8664076253771782
  view-data: 3.3598087653517723
