times:
  edit-metadata: 1.367725558578968
  landing: 0.7783083245158195
  view-data: 3.3754052221775055
