times:
  edit-metadata: 1.571260992437601
  landing: 0.7583953216671944
  view-data: 3.3658707961440086
