times:
  edit-metadata: 1.5877210646867752
  landing: 0.9357024654746056
  view-data: 3.5401522517204285
