times:
  edit-metadata: 1.468296393752098
  landing: 0.9074094891548157
  view-data: 3.3780248165130615
