times:
  edit-metadata: 1.5681168548762798
  landing: 0.8103862628340721
  view-data: 3.3689467683434486
