times:
  edit-metadata: 1.4103422239422798
  landing: 0.75991590321064
  view-data: 3.4325954541563988
