times:
  edit-metadata: 1.3981960639357567
  landing: 0.7614440135657787
  view-data: 3.261989578604698
