times:
  edit-metadata: 1.4472559988498688
  landing: 0.7381390556693077
  view-data: 3.4455477222800255
