times:
  edit-metadata: 1.5817533284425735
  landing: 0.8383493423461914
  view-data: 3.328797847032547
