times:
  edit-metadata: 1.5869045108556747
  landing: 0.9204446896910667
  view-data: 3.306260872632265
