times:
  edit-metadata: 1.3539845645427704
  landing: 0.7945927157998085
  view-data: 3.4796721786260605
