times:
  edit-metadata: 1.4196619614958763
  landing: 0.7448133528232574
  view-data: 3.493211053311825
