times:
  edit-metadata: 1.3052576445043087
  landing: 0.7921368405222893
  view-data: 3.284987036138773
