times:
  edit-metadata: 1.3979070745408535
  landing: 0.7722598612308502
  view-data: 3.251746315509081
