times:
  edit-metadata: 1.5926417037844658
  landing: 0.7199120447039604
  view-data: 3.499907448887825
