times:
  edit-metadata: 1.5081193000078201
  landing: 0.8339435905218124
  view-data: 3.3076106160879135
