times:
  edit-metadata: 1.5365811884403229
  landing: 0.8356031402945518
  view-data: 3.3440994769334793
