times:
  edit-metadata: 1.4739220142364502
  landing: 0.8360871449112892
  view-data: 3.324499052017927
