times:
  edit-metadata: 1.4517646506428719
  landing: 0.8735214062035084
  view-data: 3.277157995849848
