times:
  edit-metadata: 1.355897344648838
  landing: 0.7749960720539093
  view-data: 3.4491472095251083
