times:
  edit-metadata: 1.4647489041090012
  landing: 0.8014931939542294
  view-data: 3.2687789872288704
