times:
  edit-metadata: 1.3341041281819344
  landing: 0.7946068234741688
  view-data: 3.370400782674551
