times:
  edit-metadata: 1.3737622946500778
  landing: 0.7442909553647041
  view-data: 3.4299705401062965
