times:
  edit-metadata: 2.0171465799212456
  landing: 1.0877126455307007
  view-data: 3.804142504930496
