times:
  edit-metadata: 1.4295219331979752
  landing: 0.9760810062289238
  view-data: 3.500830292701721
