times:
  edit-metadata: 1.4844389967620373
  landing: 0.8165987432003021
  view-data: 3.339764464646578
