times:
  edit-metadata: 1.4118587374687195
  landing: 0.8273250050842762
  view-data: 3.294654496014118
