times:
  edit-metadata: 1.3957457840442657
  landing: 0.7547064423561096
  view-data: 3.554184168577194
