times:
  edit-metadata: 1.537051536142826
  landing: 1.0896297320723534
  view-data: 3.5380308628082275
