times:
  edit-metadata: 1.582742091268301
  landing: 0.7642286345362663
  view-data: 3.5350357443094254
