times:
  edit-metadata: 1.4762305319309235
  landing: 0.7708517760038376
  view-data: 3.5387958586215973
