times:
  edit-metadata: 1.855976190418005
  landing: 1.4394794143736362
  view-data: 3.5278556868433952
