times:
  edit-metadata: 1.5328747481107712
  landing: 1.0112547650933266
  view-data: 3.514478527009487
