times:
  edit-metadata: 1.628378115594387
  landing: 0.980624184012413
  view-data: 3.702441416680813
