times:
  edit-metadata: 2.692282736301422
  landing: 1.746041864156723
  view-data: 4.372015729546547
