times:
  edit-metadata: 1.3586912900209427
  landing: 0.8745287358760834
  view-data: 3.5850718170404434
