times:
  edit-metadata: 1.5079418569803238
  landing: 0.8789051845669746
  view-data: 3.329139616340399
