times:
  edit-metadata: 1.4748662784695625
  landing: 0.8059796616435051
  view-data: 3.3120119348168373
