times:
  edit-metadata: 1.3891371041536331
  landing: 0.8797642737627029
  view-data: 3.425207704305649
