times:
  edit-metadata: 1.6023813746869564
  landing: 0.8929323777556419
  view-data: 3.37299844622612
