times:
  edit-metadata: 1.478024959564209
  landing: 0.815342903137207
  view-data: 3.288316633552313
