times:
  edit-metadata: 1.4113696366548538
  landing: 0.9118129797279835
  view-data: 3.3199851363897324
