times:
  edit-metadata: 1.4080403223633766
  landing: 0.7439633160829544
  view-data: 3.4592532217502594
