times:
  edit-metadata: 1.6811826303601265
  landing: 1.1006585210561752
  view-data: 3.625244341790676
