times:
  edit-metadata: 1.3359721004962921
  landing: 0.8461106196045876
  view-data: 3.308571308851242
