times:
  edit-metadata: 1.4201653599739075
  landing: 0.8088389858603477
  view-data: 3.521582469344139
