times:
  edit-metadata: 1.5785356685519218
  landing: 0.8721846006810665
  view-data: 3.3148091174662113
