times:
  edit-metadata: 1.4648176059126854
  landing: 0.7541511878371239
  view-data: 3.343868061900139
