times:
  edit-metadata: 1.9231058582663536
  landing: 1.2326846085488796
  view-data: 3.425744105130434
