times:
  edit-metadata: 1.4778646677732468
  landing: 0.7780926488339901
  view-data: 3.326601665467024
