times:
  edit-metadata: 1.4252787455916405
  landing: 0.846311554312706
  view-data: 3.3045919463038445
