times:
  edit-metadata: 1.4822699278593063
  landing: 0.8928179442882538
  view-data: 3.3199555203318596
