times:
  edit-metadata: 1.4639304243028164
  landing: 0.8579811491072178
  view-data: 3.2888707406818867
