times:
  edit-metadata: 1.5200231969356537
  landing: 0.7447752729058266
  view-data: 3.5357668548822403
