times:
  edit-metadata: 1.724603820592165
  landing: 1.052704468369484
  view-data: 3.347927577793598
