times:
  edit-metadata: 1.5657221376895905
  landing: 0.871782686561346
  view-data: 3.32399682700634
