times:
  edit-metadata: 1.4964385107159615
  landing: 0.831296794116497
  view-data: 3.4573237001895905
