times:
  edit-metadata: 1.5970477908849716
  landing: 0.9423678070306778
  view-data: 3.6261461079120636
