times:
  edit-metadata: 1.557775430381298
  landing: 1.007936604321003
  view-data: 3.450777553021908
