times:
  edit-metadata: 1.4454004913568497
  landing: 0.8499358296394348
  view-data: 3.3356796726584435
