times:
  edit-metadata: 1.5337343961000443
  landing: 0.7874116227030754
  view-data: 3.5057791993021965
