times:
  edit-metadata: 1.6618217900395393
  landing: 0.9256437793374062
  view-data: 3.343957908451557
