times:
  edit-metadata: 1.539153091609478
  landing: 0.9942195899784565
  view-data: 3.4259512796998024
