times:
  edit-metadata: 1.3896851316094398
  landing: 0.855202279984951
  view-data: 3.591782309114933
