times:
  edit-metadata: 1.5154638811945915
  landing: 0.7411904409527779
  view-data: 3.4982886984944344
