times:
  edit-metadata: 1.457679495215416
  landing: 0.862976647913456
  view-data: 3.5077826380729675
