times:
  edit-metadata: 1.4673762917518616
  landing: 0.867890864610672
  view-data: 3.5382736921310425
