times:
  edit-metadata: 1.3843527510762215
  landing: 0.7853765785694122
  view-data: 3.518514394760132
