times:
  edit-metadata: 1.9966957420110703
  landing: 1.2029248848557472
  view-data: 3.4184197559952736
