times:
  edit-metadata: 1.5260980539023876
  landing: 0.8715093396604061
  view-data: 3.3586665019392967
