times:
  edit-metadata: 1.497813381254673
  landing: 0.8732842728495598
  view-data: 3.294166848063469
