times:
  edit-metadata: 1.4653297141194344
  landing: 0.8883811607956886
  view-data: 3.5300342366099358
