times:
  edit-metadata: 1.437026709318161
  landing: 0.8119671680033207
  view-data: 3.299120359122753
