times:
  edit-metadata: 1.3937710672616959
  landing: 0.8477228805422783
  view-data: 3.3008706495165825
