times:
  edit-metadata: 1.523577269166708
  landing: 0.9207855835556984
  view-data: 3.3113937079906464
