times:
  edit-metadata: 1.3691012114286423
  landing: 0.8500178307294846
  view-data: 3.426873706281185
