times:
  edit-metadata: 1.4063535034656525
  landing: 0.7930968627333641
  view-data: 3.589196600019932
