times:
  edit-metadata: 1.8858435936272144
  landing: 1.1341613046824932
  view-data: 3.316176127642393
