times:
  edit-metadata: 1.441517148166895
  landing: 0.8482804335653782
  view-data: 3.3109863325953484
