times:
  edit-metadata: 1.3892654776573181
  landing: 0.7520237565040588
  view-data: 3.4784960746765137
