times:
  edit-metadata: 1.564514622092247
  landing: 0.8992621824145317
  view-data: 3.3288772627711296
