times:
  edit-metadata: 1.4811650961637497
  landing: 0.8008903414011002
  view-data: 3.5027833357453346
