times:
  edit-metadata: 1.891488317400217
  landing: 0.9694811701774597
  view-data: 3.3012574799358845
