times:
  edit-metadata: 1.4905335903167725
  landing: 0.9875425733625889
  view-data: 3.295559450984001
