times:
  edit-metadata: 1.3819247484207153
  landing: 0.7999541088938713
  view-data: 3.3408264368772507
