times:
  edit-metadata: 1.5096051469445229
  landing: 0.8507175371050835
  view-data: 3.275533575564623
