times:
  edit-metadata: 1.5701357834041119
  landing: 0.8735904134809971
  view-data: 3.4349608048796654
