times:
  edit-metadata: 1.377119455486536
  landing: 0.8096344321966171
  view-data: 3.6446933075785637
