times:
  edit-metadata: 1.444969318807125
  landing: 0.8062398135662079
  view-data: 3.3251561000943184
