times:
  edit-metadata: 1.5356641113758087
  landing: 0.8386386632919312
  view-data: 3.562730498611927
