times:
  edit-metadata: 1.3883341401815414
  landing: 0.8202221319079399
  view-data: 3.3598858639597893
