times:
  edit-metadata: 1.4832493364810944
  landing: 0.9107893779873848
  view-data: 3.5491508916020393
