times:
  edit-metadata: 1.4840932041406631
  landing: 0.7790035828948021
  view-data: 3.543020747601986
