times:
  edit-metadata: 1.3963117897510529
  landing: 0.8050217851996422
  view-data: 3.308178499341011
