times:
  edit-metadata: 1.3700482547283173
  landing: 0.8460371419787407
  view-data: 3.6001441031694412
