times:
  edit-metadata: 1.444427877664566
  landing: 0.7857562527060509
  view-data: 3.5144221112132072
