times:
  edit-metadata: 2.343858480453491
  landing: 1.159987561404705
  view-data: 3.5722715109586716
