times:
  edit-metadata: 1.4760828018188477
  landing: 0.8654994368553162
  view-data: 3.4917493239045143
