times:
  edit-metadata: 1.5607185289263725
  landing: 1.2539234906435013
  view-data: 3.4045372679829597
