times:
  edit-metadata: 1.4689065627753735
  landing: 0.8220046684145927
  view-data: 3.3687624596059322
