times:
  edit-metadata: 1.4411476626992226
  landing: 0.8771178871393204
  view-data: 3.3972842134535313
