times:
  edit-metadata: 1.5481702908873558
  landing: 0.8260956257581711
  view-data: 3.522546097636223
