times:
  edit-metadata: 1.5039009600877762
  landing: 0.8960619121789932
  view-data: 3.37333907186985
