times:
  edit-metadata: 1.3101157248020172
  landing: 0.7778484895825386
  view-data: 3.496561862528324
