times:
  edit-metadata: 1.373972874134779
  landing: 0.8248621635138988
  view-data: 3.2772764563560486
