times:
  edit-metadata: 1.444954976439476
  landing: 0.7893491461873055
  view-data: 3.472246393561363
