times:
  edit-metadata: 1.3708822652697563
  landing: 0.9502736255526543
  view-data: 3.5300745591521263
