times:
  edit-metadata: 1.604759581387043
  landing: 0.9604988992214203
  view-data: 3.396221600472927
