times:
  edit-metadata: 1.3736213371157646
  landing: 0.7779652029275894
  view-data: 3.2658348754048347
