times:
  edit-metadata: 1.4172156900167465
  landing: 0.894664391875267
  view-data: 3.5350803658366203
