times:
  edit-metadata: 1.3623589277267456
  landing: 0.8238332569599152
  view-data: 3.438462719321251
