times:
  edit-metadata: 1.4539853744208813
  landing: 0.934286791831255
  view-data: 3.2949388846755028
