times:
  edit-metadata: 1.4410226568579674
  landing: 0.8135471194982529
  view-data: 3.4715754464268684
