times:
  edit-metadata: 1.4037048071622849
  landing: 0.7862753197550774
  view-data: 3.460728883743286
