times:
  edit-metadata: 1.3829593732953072
  landing: 0.7646608427166939
  view-data: 3.2924600653350353
