times:
  edit-metadata: 1.451960988342762
  landing: 0.8349507302045822
  view-data: 3.4710327982902527
