times:
  edit-metadata: 1.457762185484171
  landing: 0.9345273226499557
  view-data: 3.379598941653967
