times:
  edit-metadata: 1.3659658767282963
  landing: 0.8347609303891659
  view-data: 3.2785201258957386
