times:
  edit-metadata: 1.5099220275878906
  landing: 0.7915955483913422
  view-data: 3.555575855076313
