times:
  edit-metadata: 1.4375349581241608
  landing: 0.9848979637026787
  view-data: 3.3331456780433655
