times:
  edit-metadata: 1.614451952278614
  landing: 1.0371690765023232
  view-data: 3.331202819943428
