times:
  edit-metadata: 1.522819384932518
  landing: 0.7872140258550644
  view-data: 3.5869738906621933
