times:
  edit-metadata: 1.4437950626015663
  landing: 0.8165783509612083
  view-data: 3.5241602957248688
