times:
  edit-metadata: 1.5030810795724392
  landing: 0.8487304821610451
  view-data: 3.3041409589350224
