times:
  edit-metadata: 1.4522457048296928
  landing: 0.7732195854187012
  view-data: 3.4994561672210693
