times:
  edit-metadata: 1.3876152858138084
  landing: 0.8690536618232727
  view-data: 3.5173845514655113
