times:
  edit-metadata: 1.4898755848407745
  landing: 0.8959912434220314
  view-data: 3.601667881011963
