times:
  edit-metadata: 1.4458522871136665
  landing: 0.6969898119568825
  view-data: 3.474522978067398
