times:
  edit-metadata: 1.5263804085552692
  landing: 1.1399799585342407
  view-data: 3.334600195288658
