times:
  edit-metadata: 1.8217503353953362
  landing: 1.2369515299797058
  view-data: 3.374231666326523
