times:
  edit-metadata: 1.49129868298769
  landing: 0.8020301014184952
  view-data: 3.5034791603684425
