times:
  edit-metadata: 1.4707384370267391
  landing: 0.8460900820791721
  view-data: 3.3069119304418564
