times:
  edit-metadata: 1.4868384897708893
  landing: 0.8994067683815956
  view-data: 3.399795785546303
