times:
  edit-metadata: 1.3610013350844383
  landing: 1.1880941092967987
  view-data: 3.4511937275528908
