times:
  edit-metadata: 1.4269593581557274
  landing: 0.8615690618753433
  view-data: 3.3121449947357178
