times:
  edit-metadata: 1.445337601006031
  landing: 1.010819673538208
  view-data: 3.3746767789125443
