times:
  edit-metadata: 1.648419313132763
  landing: 0.9552308805286884
  view-data: 3.370939489454031
