times:
  edit-metadata: 2.0589426904916763
  landing: 1.3091747984290123
  view-data: 3.5050873458385468
