times:
  edit-metadata: 1.3612703382968903
  landing: 0.8426276668906212
  view-data: 3.3215451687574387
