times:
  edit-metadata: 1.4403802379965782
  landing: 0.7933716177940369
  view-data: 3.464779369533062
