times:
  edit-metadata: 1.715662159025669
  landing: 1.3466699160635471
  view-data: 3.3452509604394436
