times:
  edit-metadata: 1.3998295292258263
  landing: 0.7417823597788811
  view-data: 3.4333792105317116
