times:
  edit-metadata: 1.433435820043087
  landing: 0.8651648014783859
  view-data: 3.3668297231197357
