times:
  edit-metadata: 1.3704401180148125
  landing: 0.7488043531775475
  view-data: 3.31243334710598
