times:
  edit-metadata: 1.4760637134313583
  landing: 0.9103683233261108
  view-data: 3.3386302068829536
