times:
  edit-metadata: 1.6495559215545654
  landing: 0.9014040194451809
  view-data: 3.2545770928263664
