times:
  edit-metadata: 1.536169096827507
  landing: 1.3493478633463383
  view-data: 3.317124042659998
