times:
  edit-metadata: 1.4344641901552677
  landing: 0.8493809439241886
  view-data: 3.3714499548077583
