times:
  edit-metadata: 1.4011409021914005
  landing: 0.8147123157978058
  view-data: 3.312414485961199
