times:
  edit-metadata: 1.457835029810667
  landing: 0.9115765765309334
  view-data: 3.28133999183774
