times:
  edit-metadata: 1.449822023510933
  landing: 0.7670523077249527
  view-data: 3.4895821139216423
