times:
  edit-metadata: 1.387958887964487
  landing: 0.7952704541385174
  view-data: 3.350844517350197
