times:
  edit-metadata: 1.4836423881351948
  landing: 0.7479830160737038
  view-data: 3.363255962729454
