times:
  edit-metadata: 1.3985607326030731
  landing: 0.8498643413186073
  view-data: 3.2789701744914055
