times:
  edit-metadata: 1.6129994615912437
  landing: 0.9913068488240242
  view-data: 3.366873413324356
