times:
  edit-metadata: 2.168784387409687
  landing: 1.2679872326552868
  view-data: 3.3767478726804256
