times:
  edit-metadata: 1.354494385421276
  landing: 0.7505464255809784
  view-data: 3.4395033791661263
