times:
  edit-metadata: 1.4604628793895245
  landing: 0.8378186784684658
  view-data: 3.7375790663063526
