times:
  edit-metadata: 2.197143591940403
  landing: 1.2793087512254715
  view-data: 3.930755563080311
