times:
  edit-metadata: 1.4336895570158958
  landing: 0.9475172162055969
  view-data: 3.299546454101801
