times:
  edit-metadata: 1.4858448021113873
  landing: 0.8159564137458801
  view-data: 3.2505661137402058
