times:
  edit-metadata: 1.4416892528533936
  landing: 1.015900358557701
  view-data: 3.4152356311678886
