times:
  edit-metadata: 1.4034568965435028
  landing: 0.782610721886158
  view-data: 3.285531312227249
