times:
  edit-metadata: 1.4658092558383942
  landing: 0.790434792637825
  view-data: 3.2951476126909256
