times:
  edit-metadata: 1.4312380105257034
  landing: 0.8293162547051907
  view-data: 3.2860313914716244
