times:
  edit-metadata: 1.4293474182486534
  landing: 0.8111987486481667
  view-data: 3.514282874763012
