times:
  edit-metadata: 1.4481379985809326
  landing: 0.818182036280632
  view-data: 3.3254318460822105
