times:
  edit-metadata: 1.500570386648178
  landing: 0.7759722284972668
  view-data: 3.2537613697350025
