times:
  edit-metadata: 1.8698634132742882
  landing: 1.1008320711553097
  view-data: 3.414821609854698
