times:
  edit-metadata: 1.3997855260968208
  landing: 0.7403977513313293
  view-data: 3.506404973566532
