times:
  edit-metadata: 1.9462953507900238
  landing: 1.2477967590093613
  view-data: 3.5035050585865974
