times:
  edit-metadata: 1.3557951673865318
  landing: 0.7597632184624672
  view-data: 3.510912761092186
