times:
  edit-metadata: 1.4762677624821663
  landing: 0.9057585000991821
  view-data: 3.272898018360138
