times:
  edit-metadata: 1.4572095163166523
  landing: 1.04161936044693
  view-data: 3.3265150412917137
