times:
  edit-metadata: 1.472693644464016
  landing: 0.9395024329423904
  view-data: 3.338742859661579
