times:
  edit-metadata: 1.4903526715934277
  landing: 0.8903606310486794
  view-data: 3.3711927607655525
