times:
  edit-metadata: 2.2874454110860825
  landing: 1.313290998339653
  view-data: 3.598306369036436
