times:
  edit-metadata: 1.4856158420443535
  landing: 1.0064754225313663
  view-data: 3.3965898007154465
