times:
  edit-metadata: 1.4141034819185734
  landing: 0.8248789049685001
  view-data: 3.3739580512046814
