times:
  edit-metadata: 1.7355728223919868
  landing: 0.8785312995314598
  view-data: 3.3550213538110256
