times:
  edit-metadata: 1.4476160407066345
  landing: 0.7085228487849236
  view-data: 3.49104992300272
