times:
  edit-metadata: 1.4676125422120094
  landing: 0.746995285153389
  view-data: 3.4822846427559853
