times:
  edit-metadata: 1.4654085263609886
  landing: 0.8484525457024574
  view-data: 3.486354313790798
