times:
  edit-metadata: 1.4660527855157852
  landing: 0.8572337999939919
  view-data: 3.278865210711956
