times:
  edit-metadata: 1.5711737424135208
  landing: 0.7552444785833359
  view-data: 3.4921191334724426
