times:
  edit-metadata: 1.4600340500473976
  landing: 0.8984474167227745
  view-data: 3.2973479852080345
