times:
  edit-metadata: 1.5406758934259415
  landing: 0.825528908520937
  view-data: 3.3095675073564053
