times:
  edit-metadata: 1.4358502700924873
  landing: 0.8006523251533508
  view-data: 3.453235901892185
