times:
  edit-metadata: 1.7658690102398396
  landing: 0.9084668084979057
  view-data: 3.445116527378559
