times:
  edit-metadata: 1.6321938298642635
  landing: 0.9420882016420364
  view-data: 3.30873853713274
