times:
  edit-metadata: 1.8591807186603546
  landing: 0.8907126486301422
  view-data: 3.5734179317951202
