times:
  edit-metadata: 1.3936695009469986
  landing: 0.6937326490879059
  view-data: 3.458797223865986
