times:
  edit-metadata: 1.4627242609858513
  landing: 0.8172677978873253
  view-data: 3.302535891532898
