times:
  edit-metadata: 1.6498774513602257
  landing: 0.8646888807415962
  view-data: 3.3330433517694473
