times:
  edit-metadata: 1.4732892215251923
  landing: 0.8542354181408882
  view-data: 3.306799829006195
