times:
  edit-metadata: 1.5291650705039501
  landing: 0.8746900148689747
  view-data: 3.3400964587926865
