times:
  edit-metadata: 1.4638327546417713
  landing: 0.8512674160301685
  view-data: 3.3046990633010864
