times:
  edit-metadata: 1.4942604936659336
  landing: 0.8133664503693581
  view-data: 3.3094861693680286
