times:
  edit-metadata: 1.4612979739904404
  landing: 0.7978747487068176
  view-data: 3.516881749033928
