times:
  edit-metadata: 1.6173945777118206
  landing: 1.0107277669012547
  view-data: 3.374739583581686
