times:
  edit-metadata: 1.4856388568878174
  landing: 0.7982139363884926
  view-data: 3.47085752338171
