times:
  edit-metadata: 1.506477266550064
  landing: 0.9506595730781555
  view-data: 3.38730501383543
