times:
  edit-metadata: 1.4916213378310204
  landing: 0.7802387624979019
  view-data: 3.27435952052474
