times:
  edit-metadata: 1.563681811094284
  landing: 0.7738424800336361
  view-data: 3.3521454110741615
