times:
  edit-metadata: 1.5857068672776222
  landing: 0.8324791193008423
  view-data: 3.285427965223789
