times:
  edit-metadata: 1.6008686050772667
  landing: 0.7939026653766632
  view-data: 3.5013720989227295
