times:
  edit-metadata: 1.4570578038692474
  landing: 0.7660015374422073
  view-data: 3.559212252497673
