times:
  edit-metadata: 1.4903897792100906
  landing: 0.8096860572695732
  view-data: 3.4824036061763763
