times:
  edit-metadata: 2.6869138330221176
  landing: 1.267140805721283
  view-data: 3.574548326432705
