times:
  edit-metadata: 1.5832915231585503
  landing: 0.7855617254972458
  view-data: 3.4830165207386017
