times:
  edit-metadata: 1.4964435249567032
  landing: 0.8775508627295494
  view-data: 3.323251210153103
