times:
  edit-metadata: 1.4361453093588352
  landing: 0.8633223958313465
  view-data: 3.3590915389358997
