times:
  edit-metadata: 1.5037374198436737
  landing: 0.8907401412725449
  view-data: 3.3267955482006073
