times:
  edit-metadata: 2.3376856818795204
  landing: 1.4119535386562347
  view-data: 3.379022680222988
