times:
  edit-metadata: 1.4986954890191555
  landing: 0.7771854102611542
  view-data: 3.2578206919133663
