times:
  edit-metadata: 2.8351846896111965
  landing: 1.1727993600070477
  view-data: 3.3907723538577557
