times:
  edit-metadata: 1.5504889637231827
  landing: 0.7864384353160858
  view-data: 3.335781756788492
