times:
  edit-metadata: 1.5790711492300034
  landing: 0.8015721514821053
  view-data: 3.396805077791214
