times:
  edit-metadata: 1.639125794172287
  landing: 0.9845664203166962
  view-data: 0.6021712347865105
