times:
  edit-metadata: 1.447711456567049
  landing: 0.7856126129627228
  view-data: 3.292881414294243
