times:
  edit-metadata: 1.4868833050131798
  landing: 0.7621971815824509
  view-data: 3.5174043402075768
