times:
  edit-metadata: 1.5635145530104637
  landing: 0.9303653240203857
  view-data: 3.2995147854089737
