times:
  edit-metadata: 1.5734873935580254
  landing: 0.8900524750351906
  view-data: 3.2869452573359013
