times:
  edit-metadata: 1.425021007657051
  landing: 0.8087683320045471
  view-data: 3.535697750747204
