times:
  edit-metadata: 1.3947968669235706
  landing: 0.8316326886415482
  view-data: 3.3547616116702557
