times:
  edit-metadata: 1.5209719017148018
  landing: 0.7729008495807648
  view-data: 3.482148088514805
