times:
  edit-metadata: 1.5445315912365913
  landing: 0.9458245038986206
  view-data: 3.5855647549033165
