times:
  edit-metadata: 1.5716555714607239
  landing: 0.7907829210162163
  view-data: 3.525614932179451
