times:
  edit-metadata: 1.4330291748046875
  landing: 0.8273855745792389
  view-data: 3.3008047193288803
