times:
  edit-metadata: 1.4401870667934418
  landing: 0.8906555771827698
  view-data: 3.335628494620323
