times:
  edit-metadata: 1.464993104338646
  landing: 0.7935762703418732
  view-data: 3.454586736857891
