times:
  edit-metadata: 1.5796983018517494
  landing: 0.8661168292164803
  view-data: 3.491943709552288
