times:
  edit-metadata: 1.6137261092662811
  landing: 0.9385811239480972
  view-data: 3.3437865749001503
