times:
  edit-metadata: 1.5470061376690865
  landing: 0.8149921596050262
  view-data: 3.4214256778359413
