times:
  edit-metadata: 1.4424079284071922
  landing: 0.7425862774252892
  view-data: 3.495376043021679
