times:
  edit-metadata: 1.4735673740506172
  landing: 0.8155238255858421
  view-data: 3.5299995839595795
