times:
  edit-metadata: 1.607197780162096
  landing: 0.7764249108731747
  view-data: 3.294172376394272
