times:
  edit-metadata: 1.454814899712801
  landing: 0.8213169686496258
  view-data: 3.293173909187317
