times:
  edit-metadata: 1.5193648971617222
  landing: 0.898857057094574
  view-data: 3.2966865338385105
