times:
  edit-metadata: 1.7219050340354443
  landing: 0.8815773911774158
  view-data: 3.315755818039179
