times:
  edit-metadata: 1.5755371302366257
  landing: 0.8742895051836967
  view-data: 3.4998020082712173
