times:
  edit-metadata: 2.005965068936348
  landing: 1.0595345050096512
  view-data: 3.5865703746676445
