times:
  edit-metadata: 1.4762232899665833
  landing: 0.7718857005238533
  view-data: 3.2665235474705696
