times:
  edit-metadata: 1.4096345864236355
  landing: 0.7470671273767948
  view-data: 3.275788128376007
