times:
  edit-metadata: 2.2095197923481464
  landing: 1.2052715457975864
  view-data: 3.3124810867011547
