times:
  edit-metadata: 1.4604657888412476
  landing: 0.7997356429696083
  view-data: 3.3320058919489384
