times:
  edit-metadata: 1.4770236611366272
  landing: 0.8061405047774315
  view-data: 3.507526308298111
