times:
  edit-metadata: 1.5655903778970242
  landing: 0.7661637030541897
  view-data: 3.2813900858163834
