times:
  edit-metadata: 1.5302685350179672
  landing: 0.91843032091856
  view-data: 3.5016570016741753
