times:
  edit-metadata: 1.429323062300682
  landing: 0.7661219164729118
  view-data: 3.528586022555828
