times:
  edit-metadata: 1.6508579924702644
  landing: 0.8619100674986839
  view-data: 3.866810642182827
