times:
  edit-metadata: 1.4508211053907871
  landing: 0.8780161626636982
  view-data: 3.2548117376863956
