times:
  edit-metadata: 1.509154498577118
  landing: 0.8162008374929428
  view-data: 3.3264310471713543
