times:
  edit-metadata: 1.5567942708730698
  landing: 0.8848682045936584
  view-data: 3.331808678805828
