times:
  edit-metadata: 2.273396112024784
  landing: 1.1913342587649822
  view-data: 3.4269636645913124
