times:
  edit-metadata: 1.493655938655138
  landing: 0.8710648640990257
  view-data: 3.3059402368962765
