times:
  edit-metadata: 1.4988498538732529
  landing: 0.8020559549331665
  view-data: 3.450899839401245
