times:
  edit-metadata: 1.4570833444595337
  landing: 0.8974135182797909
  view-data: 3.299955442547798
