times:
  edit-metadata: 1.4982320815324783
  landing: 0.793829120695591
  view-data: 3.491324469447136
