times:
  edit-metadata: 1.5146192274987698
  landing: 0.8132828623056412
  view-data: 3.3701582215726376
