times:
  edit-metadata: 1.4248830862343311
  landing: 0.9065108485519886
  view-data: 3.2782603949308395
