times:
  edit-metadata: 1.9967632293701172
  landing: 1.2862055040895939
  view-data: 3.498988449573517
