times:
  edit-metadata: 1.4319701939821243
  landing: 0.7619985789060593
  view-data: 3.850559763610363
