times:
  edit-metadata: 1.5161236822605133
  landing: 0.7746649160981178
  view-data: 3.5446057841181755
