times:
  edit-metadata: 1.4782374650239944
  landing: 0.894402801990509
  view-data: 3.2758609354496
