times:
  edit-metadata: 2.1969275437295437
  landing: 1.12137595936656
  view-data: 3.373813968151808
