times:
  edit-metadata: 1.5179885998368263
  landing: 0.7611104734241962
  view-data: 3.2814814522862434
