times:
  edit-metadata: 1.4823094680905342
  landing: 0.7788315936923027
  view-data: 3.386331260204315
