times:
  edit-metadata: 1.5190470144152641
  landing: 0.7146181166172028
  view-data: 3.463813714683056
