times:
  edit-metadata: 1.4398451149463654
  landing: 0.6813966408371925
  view-data: 3.488611660897732
