times:
  edit-metadata: 1.4878671504557133
  landing: 0.8833635896444321
  view-data: 3.292657047510147
