times:
  edit-metadata: 1.5900018401443958
  landing: 0.8694252669811249
  view-data: 3.2839221507310867
