times:
  edit-metadata: 1.4921603426337242
  landing: 0.7883524633944035
  view-data: 3.351555947214365
