times:
  edit-metadata: 1.4646013118326664
  landing: 0.8045866526663303
  view-data: 3.335669532418251
