times:
  edit-metadata: 2.1004189252853394
  landing: 1.3383067846298218
  view-data: 3.6163003519177437
