times:
  edit-metadata: 1.4790895730257034
  landing: 0.8887134417891502
  view-data: 3.4928310960531235
