times:
  edit-metadata: 1.4982967488467693
  landing: 0.8451873697340488
  view-data: 3.2846542485058308
