times:
  edit-metadata: 1.5593653991818428
  landing: 0.8416137024760246
  view-data: 3.4880281761288643
