times:
  edit-metadata: 1.7910076528787613
  landing: 1.259481355547905
  view-data: 3.5952789187431335
