times:
  edit-metadata: 1.498815432190895
  landing: 0.8250810578465462
  view-data: 3.4852271154522896
