times:
  edit-metadata: 1.4100346304476261
  landing: 0.8226688019931316
  view-data: 3.338968686759472
