times:
  edit-metadata: 1.498292326927185
  landing: 0.7428758069872856
  view-data: 3.508551113307476
