times:
  edit-metadata: 1.553044430911541
  landing: 0.8192522302269936
  view-data: 3.293099567294121
