times:
  edit-metadata: 1.5256541818380356
  landing: 0.8181427717208862
  view-data: 3.510289750993252
