times:
  edit-metadata: 1.625024601817131
  landing: 0.7308344021439552
  view-data: 3.3569789603352547
