times:
  edit-metadata: 1.951661828905344
  landing: 1.019027505069971
  view-data: 3.4134900122880936
