times:
  edit-metadata: 1.4654270634055138
  landing: 0.8088094666600227
  view-data: 3.297453161329031
