times:
  edit-metadata: 1.4538519755005836
  landing: 0.8194557130336761
  view-data: 3.4959265366196632
