times:
  edit-metadata: 1.528739720582962
  landing: 0.7847277522087097
  view-data: 3.417817898094654
