times:
  edit-metadata: 1.5062949806451797
  landing: 0.7826235666871071
  view-data: 3.314790166914463
