times:
  edit-metadata: 1.5909436345100403
  landing: 0.779154896736145
  view-data: 3.5913096740841866
