times:
  edit-metadata: 1.6021529212594032
  landing: 0.8561868593096733
  view-data: 3.6498548462986946
