times:
  edit-metadata: 1.498984880745411
  landing: 0.7480407953262329
  view-data: 3.453598231077194
