times:
  edit-metadata: 1.4220385700464249
  landing: 0.7804184183478355
  view-data: 3.4425449818372726
