times:
  edit-metadata: 2.053972363471985
  landing: 0.9031108841300011
  view-data: 3.6252330988645554
