times:
  edit-metadata: 1.458243876695633
  landing: 0.8195838704705238
  view-data: 3.2846811562776566
