times:
  edit-metadata: 1.5124091655015945
  landing: 0.772285670042038
  view-data: 3.2796433828771114
