times:
  edit-metadata: 1.5280077420175076
  landing: 0.87715258076787
  view-data: 3.3118939138948917
