times:
  edit-metadata: 2.468333885073662
  landing: 1.478575475513935
  view-data: 3.6020758971571922
