times:
  edit-metadata: 1.484316647052765
  landing: 0.7567243799567223
  view-data: 3.5719455629587173
