times:
  edit-metadata: 1.465184099972248
  landing: 0.82890285551548
  view-data: 3.314426202327013
