times:
  edit-metadata: 1.5113599225878716
  landing: 0.7994907349348068
  view-data: 3.586021162569523
