times:
  edit-metadata: 1.4495125487446785
  landing: 0.7836447283625603
  view-data: 3.27056085690856
