times:
  edit-metadata: 1.4742277413606644
  landing: 0.8164459317922592
  view-data: 3.3089518509805202
