times:
  edit-metadata: 1.482551820576191
  landing: 0.8068538568913937
  view-data: 3.311296619474888
