times:
  edit-metadata: 1.5983146876096725
  landing: 0.7426146641373634
  view-data: 3.5105816051363945
