times:
  edit-metadata: 1.5665048882365227
  landing: 0.9337139874696732
  view-data: 3.5158233791589737
