times:
  edit-metadata: 1.5419190004467964
  landing: 0.7471883073449135
  view-data: 3.4736067801713943
