times:
  edit-metadata: 1.6010983772575855
  landing: 0.8965688422322273
  view-data: 3.3384113758802414
