times:
  edit-metadata: 1.5042721033096313
  landing: 0.7552041858434677
  view-data: 3.5416371524333954
