times:
  edit-metadata: 1.5958614721894264
  landing: 0.8712395429611206
  view-data: 3.3059446662664413
