times:
  edit-metadata: 1.4570408016443253
  landing: 0.9171774759888649
  view-data: 3.536560244858265
