times:
  edit-metadata: 1.5236066840589046
  landing: 0.7521141842007637
  view-data: 3.375341661274433
