times:
  edit-metadata: 1.641098938882351
  landing: 0.8167515993118286
  view-data: 3.4910261929035187
