times:
  edit-metadata: 1.4809464253485203
  landing: 0.7994190342724323
  view-data: 3.266273021697998
