times:
  edit-metadata: 1.842801809310913
  landing: 1.0511784106492996
  view-data: 3.349249631166458
