times:
  edit-metadata: 1.581296194344759
  landing: 0.8260549232363701
  view-data: 3.2902839332818985
