times:
  edit-metadata: 1.5778763666749
  landing: 0.8036410138010979
  view-data: 3.4705914705991745
