times:
  edit-metadata: 1.4954688474535942
  landing: 0.8331044986844063
  view-data: 3.567080572247505
