times:
  edit-metadata: 1.5368273742496967
  landing: 0.9467114172875881
  view-data: 3.293620303273201
