times:
  edit-metadata: 1.407302014529705
  landing: 0.9045469462871552
  view-data: 3.5361029654741287
