times:
  edit-metadata: 1.483029492199421
  landing: 0.768954686820507
  view-data: 3.518012322485447
