times:
  edit-metadata: 1.5256333462893963
  landing: 0.8756132945418358
  view-data: 3.2530858889222145
