times:
  edit-metadata: 1.4856216460466385
  landing: 0.8473031371831894
  view-data: 3.536121368408203
