times:
  edit-metadata: 1.445127971470356
  landing: 0.8109635263681412
  view-data: 3.571170598268509
