times:
  edit-metadata: 1.4654742255806923
  landing: 0.7829260230064392
  view-data: 3.441050112247467
