times:
  edit-metadata: 1.5775150656700134
  landing: 0.8248049020767212
  view-data: 3.5272349417209625
