times:
  edit-metadata: 1.426008865237236
  landing: 0.7231181561946869
  view-data: 3.4724538028240204
