times:
  edit-metadata: 1.5175159461796284
  landing: 0.8770765587687492
  view-data: 3.3673623241484165
