times:
  edit-metadata: 1.5787580609321594
  landing: 0.8777910992503166
  view-data: 3.551154226064682
