times:
  edit-metadata: 1.4845254495739937
  landing: 0.810930922627449
  view-data: 3.5508636981248856
