times:
  edit-metadata: 1.4685272201895714
  landing: 0.7686615586280823
  view-data: 3.4547829180955887
