times:
  edit-metadata: 1.6318742856383324
  landing: 0.7595554366707802
  view-data: 3.5454663410782814
