times:
  edit-metadata: 2.8623325526714325
  landing: 1.5136995315551758
  view-data: 4.034299224615097
