times:
  edit-metadata: 1.691416509449482
  landing: 0.7839736193418503
  view-data: 3.3234406858682632
