times:
  edit-metadata: 1.3968616761267185
  landing: 0.814830832183361
  view-data: 3.289400342851877
