times:
  edit-metadata: 1.503832709044218
  landing: 0.8761990182101727
  view-data: 3.3653465434908867
