times:
  edit-metadata: 1.5252774097025394
  landing: 0.9784439355134964
  view-data: 3.299196120351553
