times:
  edit-metadata: 1.5518983788788319
  landing: 0.8309979401528835
  view-data: 3.4262868463993073
