times:
  edit-metadata: 1.6283699944615364
  landing: 0.9221260920166969
  view-data: 3.46492513269186
