times:
  edit-metadata: 1.3778984546661377
  landing: 0.8302941918373108
  view-data: 3.4947771951556206
