times:
  edit-metadata: 1.32160272449255
  landing: 0.6965884938836098
  view-data: 3.527369923889637
