times:
  edit-metadata: 1.4380435943603516
  landing: 0.7300172261893749
  view-data: 3.8195646815001965
