times:
  edit-metadata: 2.02543293684721
  landing: 1.253275953233242
  view-data: 3.4281241968274117
