times:
  edit-metadata: 1.8497337773442268
  landing: 0.9010388925671577
  view-data: 3.367834448814392
