times:
  edit-metadata: 1.5026918947696686
  landing: 0.8167255595326424
  view-data: 3.4923992455005646
