times:
  edit-metadata: 1.4653566852211952
  landing: 0.8477519676089287
  view-data: 3.335368737578392
