times:
  edit-metadata: 1.3592429459095001
  landing: 0.7100031897425652
  view-data: 3.466719888150692
