times:
  edit-metadata: 1.372011311352253
  landing: 0.7838784605264664
  view-data: 3.5037892758846283
