times:
  edit-metadata: 1.9059845432639122
  landing: 1.18461362272501
  view-data: 3.4476861879229546
