times:
  edit-metadata: 1.4483264610171318
  landing: 0.8271870464086533
  view-data: 3.403760924935341
