times:
  edit-metadata: 1.3945471346378326
  landing: 0.7808501347899437
  view-data: 3.4564460143446922
