times:
  edit-metadata: 1.4850287064909935
  landing: 0.7549227103590965
  view-data: 3.5116127729415894
