times:
  edit-metadata: 1.4842268899083138
  landing: 0.7958633899688721
  view-data: 3.4784222096204758
