times:
  edit-metadata: 1.6882712803781033
  landing: 0.7862988598644733
  view-data: 3.3000440783798695
