times:
  edit-metadata: 1.3576094023883343
  landing: 0.7175108529627323
  view-data: 3.6003717444837093
