times:
  edit-metadata: 1.3971309661865234
  landing: 0.825044259428978
  view-data: 3.3382697626948357
