times:
  edit-metadata: 1.3587010353803635
  landing: 0.7281730398535728
  view-data: 0.4784850776195526
