times:
  edit-metadata: 1.543539259582758
  landing: 0.9211947731673717
  view-data: 3.3379978761076927
