times:
  edit-metadata: 1.529299758374691
  landing: 0.8423105478286743
  view-data: 3.503218449652195
