times:
  edit-metadata: 1.58600614964962
  landing: 0.7924106977880001
  view-data: 3.273130141198635
