times:
  edit-metadata: 1.425789088010788
  landing: 0.7960341051220894
  view-data: 3.4524854123592377
