times:
  edit-metadata: 1.6758144050836563
  landing: 1.2328780144453049
  view-data: 3.562164068222046
