times:
  edit-metadata: 1.9815418273210526
  landing: 1.0388184078037739
  view-data: 3.4929858595132828
