times:
  edit-metadata: 1.4330357015132904
  landing: 1.5824158303439617
  view-data: 3.670946277678013
