times:
  edit-metadata: 1.3746856898069382
  landing: 0.8771259114146233
  view-data: 3.331912986934185
