times:
  edit-metadata: 1.5034670904278755
  landing: 0.777565024793148
  view-data: 0.6659567952156067
