times:
  edit-metadata: 1.62848749011755
  landing: 1.134992528706789
  view-data: 3.3697422109544277
