times:
  edit-metadata: 1.5064429491758347
  landing: 0.7544273734092712
  view-data: 3.440022476017475
