times:
  edit-metadata: 1.4956574067473412
  landing: 0.7375078126788139
  view-data: 3.5191995725035667
