times:
  edit-metadata: 1.5341263860464096
  landing: 0.8483483716845512
  view-data: 3.4426358565688133
