times:
  edit-metadata: 1.5929565951228142
  landing: 0.73832206428051
  view-data: 3.4027527645230293
