times:
  edit-metadata: 1.5243736803531647
  landing: 0.8764833025634289
  view-data: 3.2800156623125076
