times:
  edit-metadata: 1.519843503832817
  landing: 0.8870680704712868
  view-data: 3.3788667917251587
