times:
  edit-metadata: 1.3325289264321327
  landing: 0.7987632676959038
  view-data: 3.2870918214321136
