times:
  edit-metadata: 1.3799650743603706
  landing: 0.7536518797278404
  view-data: 3.4671592339873314
