times:
  edit-metadata: 1.5241227373480797
  landing: 0.89247190579772
  view-data: 3.3291456066071987
