times:
  edit-metadata: 1.3969774097204208
  landing: 0.8056466281414032
  view-data: 3.5478982478380203
