times:
  edit-metadata: 1.3876444324851036
  landing: 0.7474988102912903
  view-data: 3.5102308839559555
