times:
  edit-metadata: 1.3448015600442886
  landing: 0.7879942692816257
  view-data: 3.2730522640049458
