times:
  edit-metadata: 1.938855141401291
  landing: 1.079243004322052
  view-data: 3.5915068238973618
