times:
  edit-metadata: 1.4130402505397797
  landing: 0.7490988820791245
  view-data: 3.5088142305612564
