times:
  edit-metadata: 1.3557390347123146
  landing: 0.7476212456822395
  view-data: 3.5489621236920357
