times:
  edit-metadata: 1.4908374175429344
  landing: 0.8849328607320786
  view-data: 3.490834914147854
