times:
  edit-metadata: 1.416455551981926
  landing: 0.8405581042170525
  view-data: 3.5171077847480774
