times:
  edit-metadata: 1.3691301420331001
  landing: 0.9092232286930084
  view-data: 3.450623244047165
