times:
  edit-metadata: 1.3580052107572556
  landing: 0.7071879878640175
  view-data: 3.4554353505373
