times:
  edit-metadata: 1.4575434401631355
  landing: 1.0067652948200703
  view-data: 3.361016668379307
