times:
  edit-metadata: 1.4786928780376911
  landing: 1.0184386223554611
  view-data: 3.3479803316295147
