times:
  edit-metadata: 1.5014227293431759
  landing: 0.8842165879905224
  view-data: 3.453850906342268
