times:
  edit-metadata: 1.6412152238190174
  landing: 0.8122154995799065
  view-data: 3.365448985248804
