times:
  edit-metadata: 1.4521746337413788
  landing: 0.8273654654622078
  view-data: 3.323280915617943
