times:
  edit-metadata: 1.525313824415207
  landing: 0.8438017144799232
  view-data: 3.2796892300248146
