times:
  edit-metadata: 1.5087314546108246
  landing: 0.859311543405056
  view-data: 3.3336814865469933
