times:
  edit-metadata: 1.230757161974907
  landing: 0.8388460949063301
  view-data: 3.4725120216608047
