times:
  edit-metadata: 1.6762840412557125
  landing: 0.8573858663439751
  view-data: 3.3377862609922886
