times:
  edit-metadata: 1.5641947984695435
  landing: 0.8308493047952652
  view-data: 3.5587760359048843
