times:
  edit-metadata: 1.4968282356858253
  landing: 0.8308765441179276
  view-data: 3.5542301535606384
