times:
  edit-metadata: 1.4452251493930817
  landing: 0.7340226694941521
  view-data: 3.4287912473082542
