times:
  edit-metadata: 1.9556317254900932
  landing: 1.064683347940445
  view-data: 3.4263354018330574
