times:
  edit-metadata: 1.4265877678990364
  landing: 0.7661171182990074
  view-data: 3.5331970900297165
