times:
  edit-metadata: 1.3478444181382656
  landing: 0.8140205554664135
  view-data: 3.5723006688058376
