times:
  edit-metadata: 1.362688235938549
  landing: 0.7937768846750259
  view-data: 3.4833995401859283
