times:
  edit-metadata: 1.761231705546379
  landing: 1.0797064155340195
  view-data: 3.3494900688529015
