times:
  edit-metadata: 1.4985130652785301
  landing: 0.7090502977371216
  view-data: 3.4744426608085632
