times:
  edit-metadata: 1.500410370528698
  landing: 0.9270136430859566
  view-data: 3.675941377878189
