times:
  edit-metadata: 1.3494093790650368
  landing: 0.7704816833138466
  view-data: 3.3936471715569496
