times:
  edit-metadata: 1.470725566148758
  landing: 0.8835139460861683
  view-data: 3.317870158702135
