times:
  edit-metadata: 1.4232778549194336
  landing: 0.787297710776329
  view-data: 3.522544153034687
