times:
  edit-metadata: 1.3047929927706718
  landing: 0.7492016702890396
  view-data: 3.3346596509218216
