times:
  edit-metadata: 1.3714671656489372
  landing: 0.9590473994612694
  view-data: 3.30515306442976
