times:
  edit-metadata: 1.4932638704776764
  landing: 0.7261674404144287
  view-data: 3.4182590693235397
