times:
  edit-metadata: 2.0039197877049446
  landing: 1.2281642481684685
  view-data: 3.5120643489062786
