times:
  edit-metadata: 1.3605614304542542
  landing: 0.7850188612937927
  view-data: 3.339284360408783
