times:
  edit-metadata: 1.4194043204188347
  landing: 0.7941600456833839
  view-data: 3.2779481261968613
