times:
  edit-metadata: 1.473505575209856
  landing: 0.8205144554376602
  view-data: 3.364030420780182
