times:
  edit-metadata: 1.4786986857652664
  landing: 0.8639209121465683
  view-data: 3.3440415635704994
