times:
  edit-metadata: 1.4172325879335403
  landing: 0.8402830809354782
  view-data: 3.5275867953896523
