times:
  edit-metadata: 1.3830904215574265
  landing: 0.8101035133004189
  view-data: 3.498577482998371
