times:
  edit-metadata: 1.4364979192614555
  landing: 0.8888054713606834
  view-data: 0.5163283422589302
