times:
  edit-metadata: 1.363669492304325
  landing: 0.8578325845301151
  view-data: 3.452626761049032
