times:
  edit-metadata: 1.5153328627347946
  landing: 0.866270624101162
  view-data: 3.3741365261375904
