times:
  edit-metadata: 1.5341464802622795
  landing: 0.7483553439378738
  view-data: 3.481161944568157
