times:
  edit-metadata: 1.4649847820401192
  landing: 0.7426399402320385
  view-data: 3.3667299300432205
