times:
  edit-metadata: 1.3483383134007454
  landing: 0.7601895183324814
  view-data: 3.3872112408280373
