times:
  edit-metadata: 1.526721440255642
  landing: 0.7772522196173668
  view-data: 3.444665051996708
