times:
  edit-metadata: 1.5044366866350174
  landing: 0.714456357061863
  view-data: 3.435638405382633
