times:
  edit-metadata: 1.4353662133216858
  landing: 0.7448447421193123
  view-data: 3.5074370577931404
