times:
  edit-metadata: 1.2837844267487526
  landing: 1.149216778576374
  view-data: 3.5379543751478195
