times:
  edit-metadata: 1.4794867783784866
  landing: 0.8161006160080433
  view-data: 3.3209941871464252
