times:
  edit-metadata: 1.624196469783783
  landing: 1.0196945779025555
  view-data: 3.3787340708076954
