times:
  edit-metadata: 1.4610940739512444
  landing: 0.7816832214593887
  view-data: 3.2798066176474094
