times:
  edit-metadata: 1.527990184724331
  landing: 0.83596570789814
  view-data: 3.469587378203869
