times:
  edit-metadata: 1.4498471841216087
  landing: 0.863257322460413
  view-data: 3.3089897222816944
