times:
  edit-metadata: 1.3601146079599857
  landing: 0.8350587524473667
  view-data: 3.254646971821785
