times:
  edit-metadata: 1.4450683072209358
  landing: 0.7621466740965843
  view-data: 3.4798623397946358
