times:
  edit-metadata: 1.4348894357681274
  landing: 0.9053372293710709
  view-data: 3.337790608406067
