times:
  edit-metadata: 1.4118908047676086
  landing: 0.7641627565026283
  view-data: 3.4731304347515106
