times:
  edit-metadata: 1.4063659235835075
  landing: 0.8666623160243034
  view-data: 3.451602168381214
