times:
  edit-metadata: 1.544891931116581
  landing: 0.8024965710937977
  view-data: 3.3512993194162846
