times:
  edit-metadata: 1.56837198138237
  landing: 0.8557945564389229
  view-data: 3.25916900485754
