times:
  edit-metadata: 1.2847636304795742
  landing: 0.8161876760423183
  view-data: 3.4040321819484234
