times:
  edit-metadata: 1.457169584929943
  landing: 0.7688370943069458
  view-data: 3.374940864741802
