times:
  edit-metadata: 1.3695669993758202
  landing: 0.7403913736343384
  view-data: 3.475595608353615
