times:
  edit-metadata: 1.3802451267838478
  landing: 0.8464422598481178
  view-data: 3.4175418689846992
