times:
  edit-metadata: 1.4452261924743652
  landing: 0.8815287053585052
  view-data: 3.44001055508852
