times:
  edit-metadata: 1.725762564688921
  landing: 0.9765118286013603
  view-data: 3.417799811810255
