times:
  edit-metadata: 1.2322318404912949
  landing: 0.8246719092130661
  view-data: 3.3516938984394073
