times:
  edit-metadata: 1.4984773397445679
  landing: 0.7697165906429291
  view-data: 3.5255043730139732
