times:
  edit-metadata: 1.4611229747533798
  landing: 0.8197126649320126
  view-data: 3.33724058046937
