times:
  edit-metadata: 1.4691613540053368
  landing: 0.7052971795201302
  view-data: 3.4335424080491066
