times:
  edit-metadata: 1.3715800382196903
  landing: 0.9256572425365448
  view-data: 3.3484236411750317
