times:
  edit-metadata: 1.3972630575299263
  landing: 0.7245928347110748
  view-data: 3.491647146642208
