times:
  edit-metadata: 1.368348203599453
  landing: 0.7962119840085506
  view-data: 3.471649792045355
