times:
  edit-metadata: 1.390385888516903
  landing: 0.772879920899868
  view-data: 3.3245310485363007
