times:
  edit-metadata: 1.493162825703621
  landing: 0.8193010129034519
  view-data: 3.304172333329916
