times:
  edit-metadata: 1.9301947057247162
  landing: 1.0571314170956612
  view-data: 3.4038901925086975
