times:
  edit-metadata: 1.4558804892003536
  landing: 0.8007570244371891
  view-data: 3.2773941084742546
