times:
  edit-metadata: 1.3025160506367683
  landing: 0.9235828369855881
  view-data: 3.4520667642354965
