times:
  edit-metadata: 1.338744144886732
  landing: 0.860277459025383
  view-data: 3.249366145581007
