times:
  edit-metadata: 1.3771691769361496
  landing: 0.7456914372742176
  view-data: 3.3099684193730354
