times:
  edit-metadata: 1.434240959584713
  landing: 0.7284280061721802
  view-data: 3.4877858385443687
