times:
  edit-metadata: 1.5871981978416443
  landing: 0.8316587954759598
  view-data: 3.6244091987609863
