times:
  edit-metadata: 1.5242608413100243
  landing: 0.775134801864624
  view-data: 3.4966736435890198
