times:
  edit-metadata: 1.9312781244516373
  landing: 0.9532530233263969
  view-data: 3.3622790575027466
