times:
  edit-metadata: 1.3672489896416664
  landing: 0.7072170488536358
  view-data: 3.267355229705572
