times:
  edit-metadata: 1.3793502748012543
  landing: 0.728487528860569
  view-data: 3.523908980190754
