times:
  edit-metadata: 1.651610717177391
  landing: 0.7421124018728733
  view-data: 3.8149807564914227
