times:
  edit-metadata: 1.5926779955625534
  landing: 0.9364736564457417
  view-data: 3.344626773148775
