times:
  edit-metadata: 2.6726670935750008
  landing: 0.9880749881267548
  view-data: 3.8400067538022995
