times:
  edit-metadata: 1.581149622797966
  landing: 0.859891451895237
  view-data: 3.331493690609932
