times:
  edit-metadata: 1.457508198916912
  landing: 0.7348476126790047
  view-data: 3.52355969697237
