times:
  edit-metadata: 1.4442521184682846
  landing: 0.9918088987469673
  view-data: 3.5217816308140755
