times:
  edit-metadata: 1.3991000279784203
  landing: 0.8340372145175934
  view-data: 3.3924489840865135
