times:
  edit-metadata: 1.4882111251354218
  landing: 0.8415083140134811
  view-data: 3.342105120420456
