times:
  edit-metadata: 1.48567084223032
  landing: 0.9161784797906876
  view-data: 3.2988146468997
