times:
  edit-metadata: 1.5122940391302109
  landing: 0.8100611120462418
  view-data: 3.2636082619428635
