times:
  edit-metadata: 1.3848745673894882
  landing: 0.8796098753809929
  view-data: 3.3613533452153206
