times:
  edit-metadata: 1.494267277419567
  landing: 0.9333730153739452
  view-data: 3.30146798864007
