times:
  edit-metadata: 1.4699139297008514
  landing: 0.7424902841448784
  view-data: 3.4986004009842873
