times:
  edit-metadata: 1.4001539796590805
  landing: 0.7821370735764503
  view-data: 3.5470898523926735
