times:
  edit-metadata: 1.4108161479234695
  landing: 0.7502793371677399
  view-data: 3.4658797159790993
