times:
  edit-metadata: 1.3487496376037598
  landing: 0.732928603887558
  view-data: 3.321720041334629
