times:
  edit-metadata: 1.3690811358392239
  landing: 0.7761259824037552
  view-data: 3.3172459602355957
