times:
  edit-metadata: 1.3718182146549225
  landing: 0.8258584253489971
  view-data: 3.2710530795156956
