times:
  edit-metadata: 1.3329163268208504
  landing: 0.7407999411225319
  view-data: 3.518484801054001
