times:
  edit-metadata: 1.4794892482459545
  landing: 0.8352856077253819
  view-data: 3.332218274474144
