times:
  edit-metadata: 1.4756893962621689
  landing: 0.7905869409441948
  view-data: 3.452905558049679
