times:
  edit-metadata: 1.4772019684314728
  landing: 0.8313202075660229
  view-data: 3.293399028480053
