times:
  edit-metadata: 1.3988032639026642
  landing: 0.720234252512455
  view-data: 3.25874100625515
