times:
  edit-metadata: 1.4492192640900612
  landing: 0.859433501958847
  view-data: 3.3355286568403244
