times:
  edit-metadata: 2.5018987357616425
  landing: 1.521559938788414
  view-data: 3.6538900956511497
