times:
  edit-metadata: 1.5512654557824135
  landing: 0.7964561283588409
  view-data: 3.5023085922002792
