times:
  edit-metadata: 1.5047101825475693
  landing: 0.7558065950870514
  view-data: 3.629595458507538
