times:
  edit-metadata: 1.469260647892952
  landing: 1.003733478486538
  view-data: 3.615154132246971
