times:
  edit-metadata: 1.3825682178139687
  landing: 0.8368546739220619
  view-data: 3.2819824926555157
