times:
  edit-metadata: 1.5221081897616386
  landing: 0.8279357850551605
  view-data: 3.551697514951229
