times:
  edit-metadata: 1.585127167403698
  landing: 1.1316458880901337
  view-data: 3.301504410803318
