times:
  edit-metadata: 2.0313416495919228
  landing: 1.219463475048542
  view-data: 3.3931151293218136
