times:
  edit-metadata: 1.8252297639846802
  landing: 1.3295473009347916
  view-data: 3.370240740478039
