times:
  edit-metadata: 1.4618900120258331
  landing: 0.7346074879169464
  view-data: 3.542228102684021
