times:
  edit-metadata: 1.520753651857376
  landing: 0.9481927305459976
  view-data: 3.3820245638489723
