times:
  edit-metadata: 1.345921814441681
  landing: 0.8934826031327248
  view-data: 3.644006498157978
