times:
  edit-metadata: 1.4410547763109207
  landing: 0.7597637921571732
  view-data: 3.5089204385876656
