times:
  edit-metadata: 1.4390578716993332
  landing: 0.8352784365415573
  view-data: 3.4205231070518494
