times:
  edit-metadata: 1.3473826050758362
  landing: 0.7557515501976013
  view-data: 3.4074240401387215
