times:
  edit-metadata: 1.5455234125256538
  landing: 0.7787061408162117
  view-data: 3.4295794516801834
