times:
  edit-metadata: 1.487623281776905
  landing: 1.0192869454622269
  view-data: 3.266637433320284
