times:
  edit-metadata: 2.40189391374588
  landing: 1.201222449541092
  view-data: 3.5703982040286064
