times:
  edit-metadata: 1.36539775878191
  landing: 0.9041958339512348
  view-data: 3.327907469123602
