times:
  edit-metadata: 1.462145458906889
  landing: 0.9826142713427544
  view-data: 3.397836647927761
