times:
  edit-metadata: 1.4808000102639198
  landing: 0.8583883047103882
  view-data: 3.3303960487246513
