times:
  edit-metadata: 1.4627072736620903
  landing: 0.7666208669543266
  view-data: 3.3756932392716408
