times:
  edit-metadata: 1.4536414965987206
  landing: 0.7803894877433777
  view-data: 3.3392995446920395
