times:
  edit-metadata: 1.395223245024681
  landing: 0.805641658604145
  view-data: 3.5164846032857895
