times:
  edit-metadata: 1.4654954224824905
  landing: 0.8103021830320358
  view-data: 3.3543367609381676
