times:
  edit-metadata: 1.378675401210785
  landing: 0.8166023939847946
  view-data: 3.5444974824786186
