times:
  edit-metadata: 2.4082352742552757
  landing: 1.387292467057705
  view-data: 3.7664391100406647
