times:
  edit-metadata: 1.50578211247921
  landing: 0.9052183628082275
  view-data: 3.338441126048565
