times:
  edit-metadata: 1.4443467184901237
  landing: 0.9789051972329617
  view-data: 3.308257095515728
