times:
  edit-metadata: 1.439079113304615
  landing: 0.7856011763215065
  view-data: 3.518482990562916
