times:
  edit-metadata: 1.5313225388526917
  landing: 0.9121692553162575
  view-data: 3.335122298449278
