times:
  edit-metadata: 1.415409967303276
  landing: 0.8368551880121231
  view-data: 3.330053389072418
