times:
  edit-metadata: 1.6271775998175144
  landing: 1.160095725208521
  view-data: 3.4018529802560806
