times:
  edit-metadata: 1.51694755256176
  landing: 0.805036298930645
  view-data: 3.5157115533947945
