times:
  edit-metadata: 1.4264116920530796
  landing: 0.9294992461800575
  view-data: 3.40376752987504
