times:
  edit-metadata: 1.4827827513217926
  landing: 0.8605705499649048
  view-data: 3.437801778316498
