times:
  edit-metadata: 1.5043064653873444
  landing: 0.7472033575177193
  view-data: 3.383673317730427
