times:
  edit-metadata: 1.3514139726758003
  landing: 0.741894505918026
  view-data: 3.4469774588942528
