times:
  edit-metadata: 1.7388996556401253
  landing: 1.0616173632442951
  view-data: 3.44076918810606
