times:
  edit-metadata: 1.590353012084961
  landing: 0.9093902595341206
  view-data: 3.3888301737606525
