times:
  edit-metadata: 1.4376720115542412
  landing: 0.7881083935499191
  view-data: 3.4125644713640213
