times:
  edit-metadata: 2.2076021917164326
  landing: 1.194765854626894
  view-data: 3.435670468956232
