times:
  edit-metadata: 1.4128764495253563
  landing: 0.8442877903580666
  view-data: 3.456244222819805
