times:
  edit-metadata: 1.6061125099658966
  landing: 0.8883817158639431
  view-data: 3.3781077973544598
