times:
  edit-metadata: 1.4276348948478699
  landing: 0.8477536886930466
  view-data: 3.6135146766901016
