times:
  edit-metadata: 1.4783546030521393
  landing: 0.9204118400812149
  view-data: 3.294546816498041
