times:
  edit-metadata: 2.6967551819980145
  landing: 1.1743312068283558
  view-data: 3.357536304742098
