times:
  edit-metadata: 1.4471573904156685
  landing: 0.7962920516729355
  view-data: 3.486727759242058
