times:
  edit-metadata: 1.4185532741248608
  landing: 0.8590932972729206
  view-data: 3.397037599235773
