times:
  edit-metadata: 1.3847844004631042
  landing: 0.8109870962798595
  view-data: 3.329397425055504
