times:
  edit-metadata: 1.9654812961816788
  landing: 1.3594111800193787
  view-data: 3.8344925194978714
