times:
  edit-metadata: 1.4377344101667404
  landing: 0.8338415995240211
  view-data: 3.4865124225616455
