times:
  edit-metadata: 1.3554802685976028
  landing: 0.8157680779695511
  view-data: 3.4371106401085854
