times:
  edit-metadata: 1.2387149780988693
  landing: 0.7881978414952755
  view-data: 3.383094124495983
