times:
  edit-metadata: 1.497145351022482
  landing: 0.9261152744293213
  view-data: 3.4046608693897724
