times:
  edit-metadata: 1.4881506264209747
  landing: 0.7286553755402565
  view-data: 3.4204759523272514
