times:
  edit-metadata: 1.3787284940481186
  landing: 0.8294609561562538
  view-data: 3.3508088141679764
