times:
  edit-metadata: 1.6035728380084038
  landing: 0.9611365161836147
  view-data: 3.292494598776102
