times:
  edit-metadata: 1.5489032045006752
  landing: 0.8538792729377747
  view-data: 3.470149613916874
