times:
  edit-metadata: 1.7543141320347786
  landing: 1.168740652501583
  view-data: 3.5093786418437958
