times:
  edit-metadata: 1.474798385053873
  landing: 0.8718372136354446
  view-data: 3.339398395270109
