times:
  edit-metadata: 1.6545984335243702
  landing: 0.9999346397817135
  view-data: 3.2721062079072
