times:
  edit-metadata: 1.5263589918613434
  landing: 0.7568334490060806
  view-data: 3.447120785713196
