times:
  edit-metadata: 1.4126580655574799
  landing: 0.7421232610940933
  view-data: 3.539196029305458
