times:
  edit-metadata: 1.4002736695110798
  landing: 0.9180159494280815
  view-data: 3.3057846054434776
