times:
  edit-metadata: 1.4646505042910576
  landing: 0.7089645266532898
  view-data: 3.457331880927086
