times:
  edit-metadata: 1.4938813783228397
  landing: 0.7830608934164047
  view-data: 3.347463972866535
