times:
  edit-metadata: 1.5613165087997913
  landing: 1.2699936032295227
  view-data: 3.6267785020172596
