times:
  edit-metadata: 1.3801076263189316
  landing: 0.7358309179544449
  view-data: 3.3709424659609795
