times:
  edit-metadata: 1.4661082178354263
  landing: 0.7625126913189888
  view-data: 3.340685762465
