times:
  edit-metadata: 1.5101228505373
  landing: 0.7823953256011009
  view-data: 3.4774051755666733
