times:
  edit-metadata: 1.6811406910419464
  landing: 0.9093738794326782
  view-data: 3.399586483836174
