times:
  edit-metadata: 1.5474663078784943
  landing: 0.9810463786125183
  view-data: 3.40978142619133
