times:
  edit-metadata: 1.4481864422559738
  landing: 0.8334600925445557
  view-data: 3.2758302614092827
