times:
  edit-metadata: 1.5935258939862251
  landing: 0.9126159474253654
  view-data: 3.323858819901943
