times:
  edit-metadata: 1.5316794589161873
  landing: 0.7854488715529442
  view-data: 3.4655144289135933
