times:
  edit-metadata: 1.5609594248235226
  landing: 0.7728833816945553
  view-data: 3.344635635614395
