times:
  edit-metadata: 1.5302967689931393
  landing: 1.1034601740539074
  view-data: 3.305865876376629
