times:
  edit-metadata: 1.4321852326393127
  landing: 0.7987678796052933
  view-data: 3.543990693986416
