times:
  edit-metadata: 2.2983076870441437
  landing: 1.7635776847600937
  view-data: 3.4327728897333145
