times:
  edit-metadata: 1.8369521722197533
  landing: 1.5881070271134377
  view-data: 3.3602170571684837
