times:
  edit-metadata: 1.3426246009767056
  landing: 0.9153177328407764
  view-data: 3.531479388475418
