times:
  edit-metadata: 1.4082890525460243
  landing: 0.937752865254879
  view-data: 0.601766437292099
