times:
  edit-metadata: 1.4414533078670502
  landing: 0.8292710185050964
  view-data: 3.4468361362814903
