times:
  edit-metadata: 1.5518788993358612
  landing: 0.8869809880852699
  view-data: 3.326991230249405
