times:
  edit-metadata: 1.4162293151021004
  landing: 0.8081129789352417
  view-data: 3.501662641763687
