times:
  edit-metadata: 1.501970574259758
  landing: 0.881036177277565
  view-data: 3.3504436649382114
