times:
  edit-metadata: 1.6271479427814484
  landing: 0.873872771859169
  view-data: 3.3030547723174095
