times:
  edit-metadata: 1.4406356140971184
  landing: 0.9054249115288258
  view-data: 3.3346266970038414
