times:
  edit-metadata: 1.5290615931153297
  landing: 0.866503044962883
  view-data: 3.4262368753552437
