times:
  edit-metadata: 1.3521662950515747
  landing: 0.7420672327280045
  view-data: 3.4439092725515366
