times:
  edit-metadata: 1.5347252115607262
  landing: 0.7710584253072739
  view-data: 3.3718282505869865
