times:
  edit-metadata: 1.4940439611673355
  landing: 0.820805013179779
  view-data: 3.300906829535961
