times:
  edit-metadata: 1.5035811066627502
  landing: 0.8093958161771297
  view-data: 3.456069018691778
