times:
  edit-metadata: 1.4343798905611038
  landing: 0.8192147985100746
  view-data: 3.4010738283395767
