times:
  edit-metadata: 1.5840143077075481
  landing: 0.8320429883897305
  view-data: 3.2982587218284607
