times:
  edit-metadata: 1.444830060005188
  landing: 0.8027531579136848
  view-data: 3.76820919662714
