times:
  edit-metadata: 1.4313687533140182
  landing: 0.7399084493517876
  view-data: 3.501031666994095
