times:
  edit-metadata: 1.4835824072360992
  landing: 0.9275521039962769
  view-data: 3.5787486657500267
