times:
  edit-metadata: 1.514682061970234
  landing: 0.9020527377724648
  view-data: 3.312433771789074
