times:
  edit-metadata: 1.6862246207892895
  landing: 1.0795259959995747
  view-data: 3.311616897583008
