times:
  edit-metadata: 1.357606366276741
  landing: 0.7692600749433041
  view-data: 3.4181549213826656
