times:
  edit-metadata: 1.4339575171470642
  landing: 0.7306730523705482
  view-data: 3.486376404762268
