times:
  edit-metadata: 1.4324459210038185
  landing: 0.7593324333429337
  view-data: 3.438984364271164
