times:
  edit-metadata: 1.5237432979047298
  landing: 0.9028440378606319
  view-data: 3.3656611889600754
