times:
  edit-metadata: 1.4431481510400772
  landing: 1.0094892643392086
  view-data: 3.352040372788906
