times:
  edit-metadata: 1.6207841224968433
  landing: 1.0551422089338303
  view-data: 3.32976695895195
