times:
  edit-metadata: 1.4219888634979725
  landing: 0.8088813461363316
  view-data: 3.355165019631386
