times:
  edit-metadata: 1.481088012456894
  landing: 0.7752561792731285
  view-data: 3.491307556629181
