times:
  edit-metadata: 1.3938202857971191
  landing: 0.7994373962283134
  view-data: 3.4922231063246727
