times:
  edit-metadata: 1.6693425737321377
  landing: 0.9848384484648705
  view-data: 3.3122291900217533
