times:
  edit-metadata: 1.4405645802617073
  landing: 0.8995039090514183
  view-data: 3.522596910595894
