times:
  edit-metadata: 1.416396714746952
  landing: 0.793266274034977
  view-data: 3.465826652944088
