times:
  edit-metadata: 1.7186317890882492
  landing: 0.9780304878950119
  view-data: 3.605705924332142
