times:
  edit-metadata: 1.4741739258170128
  landing: 0.8200915902853012
  view-data: 3.3534799814224243
