times:
  edit-metadata: 1.4306030347943306
  landing: 0.8200036883354187
  view-data: 3.327859044075012
