times:
  edit-metadata: 1.38046383112669
  landing: 0.8907911740243435
  view-data: 3.378380812704563
