times:
  edit-metadata: 1.4388280808925629
  landing: 0.7377049550414085
  view-data: 3.525598369538784
