times:
  edit-metadata: 1.4391034692525864
  landing: 0.8035050109028816
  view-data: 3.3383372128009796
