times:
  edit-metadata: 1.4875273630023003
  landing: 0.7960295379161835
  view-data: 3.303368903696537
