times:
  edit-metadata: 1.5276746898889542
  landing: 0.7928604111075401
  view-data: 3.384344771504402
