times:
  edit-metadata: 1.4410690367221832
  landing: 0.8069690465927124
  view-data: 3.4920350164175034
