times:
  edit-metadata: 1.4897116273641586
  landing: 0.8043314889073372
  view-data: 3.330191407352686
