times:
  edit-metadata: 1.3776854649186134
  landing: 0.8839345872402191
  view-data: 3.2550568357110023
