times:
  edit-metadata: 1.4872733280062675
  landing: 0.9248042479157448
  view-data: 3.6586517840623856
