times:
  edit-metadata: 1.4486967250704765
  landing: 0.804463304579258
  view-data: 3.499471589922905
