times:
  edit-metadata: 1.440111581236124
  landing: 0.7941957972943783
  view-data: 3.3303399942815304
