times:
  edit-metadata: 1.454961620271206
  landing: 0.8511660546064377
  view-data: 3.4313916340470314
