times:
  edit-metadata: 1.5373651534318924
  landing: 0.901031844317913
  view-data: 3.556685321033001
