times:
  edit-metadata: 1.4753293618559837
  landing: 0.7884049341082573
  view-data: 3.4284964501857758
