times:
  edit-metadata: 1.6030428856611252
  landing: 0.8916545547544956
  view-data: 3.422790762037039
