times:
  edit-metadata: 1.6642941124737263
  landing: 0.9939298070967197
  view-data: 3.3150143809616566
