times:
  edit-metadata: 1.551100693643093
  landing: 0.978507786989212
  view-data: 3.5959517061710358
