times:
  edit-metadata: 1.4274134561419487
  landing: 0.8022817298769951
  view-data: 3.4535531997680664
