times:
  edit-metadata: 1.4843730032444
  landing: 0.8404955416917801
  view-data: 3.26070137321949
