times:
  edit-metadata: 1.491663433611393
  landing: 0.793130911886692
  view-data: 3.4756301641464233
