times:
  edit-metadata: 1.5008260756731033
  landing: 0.75151477009058
  view-data: 3.445796176791191
