times:
  edit-metadata: 1.3789177536964417
  landing: 0.6961826607584953
  view-data: 3.4450906440615654
