times:
  edit-metadata: 1.5257084146142006
  landing: 0.9153520092368126
  view-data: 3.313304618000984
