times:
  edit-metadata: 1.5300706252455711
  landing: 0.8372428938746452
  view-data: 3.4848069697618484
