times:
  edit-metadata: 1.4477255940437317
  landing: 0.900995098054409
  view-data: 3.472009487450123
