times:
  edit-metadata: 1.5036645159125328
  landing: 0.8280395567417145
  view-data: 3.5211171582341194
