times:
  edit-metadata: 1.1466089226305485
  landing: 0.8470048159360886
  view-data: 3.293272592127323
