times:
  edit-metadata: 1.39584469050169
  landing: 0.8843520283699036
  view-data: 3.374158799648285
