times:
  edit-metadata: 1.3400706723332405
  landing: 0.9015306904911995
  view-data: 3.379242703318596
