times:
  edit-metadata: 1.487873114645481
  landing: 0.7723072171211243
  view-data: 3.458431288599968
