times:
  edit-metadata: 1.6513261198997498
  landing: 1.2165868654847145
  view-data: 3.455173723399639
