times:
  edit-metadata: 1.492588795721531
  landing: 0.9514162465929985
  view-data: 3.808898963034153
