times:
  edit-metadata: 2.813375595957041
  landing: 1.4088886007666588
  view-data: 3.7834097892045975
