times:
  edit-metadata: 1.9224497489631176
  landing: 1.012264970690012
  view-data: 3.455702293664217
