times:
  edit-metadata: 1.4885642789304256
  landing: 0.8411685340106487
  view-data: 3.320104952901602
