times:
  edit-metadata: 1.418596524745226
  landing: 0.7801738306879997
  view-data: 3.2913710102438927
