times:
  edit-metadata: 1.459625281393528
  landing: 0.9210072159767151
  view-data: 3.351410612463951
