times:
  edit-metadata: 2.096469219774008
  landing: 0.933937318623066
  view-data: 3.4933213591575623
