times:
  edit-metadata: 1.714298039674759
  landing: 1.0825637206435204
  view-data: 4.034796595573425
