times:
  edit-metadata: 1.8229479789733887
  landing: 1.0884157866239548
  view-data: 3.5789293572306633
