times:
  edit-metadata: 1.3976017087697983
  landing: 0.7847742363810539
  view-data: 3.571007616817951
