times:
  edit-metadata: 1.4773753210902214
  landing: 0.786370299756527
  view-data: 3.5003766492009163
