times:
  edit-metadata: 1.4256695657968521
  landing: 0.7356851771473885
  view-data: 3.4907742589712143
