times:
  edit-metadata: 2.7450405433773994
  landing: 1.5853817015886307
  view-data: 3.892549864947796
