times:
  edit-metadata: 1.9311565905809402
  landing: 0.9760622307658195
  view-data: 3.512709468603134
