times:
  edit-metadata: 1.4896684288978577
  landing: 0.8052166253328323
  view-data: 3.42372690141201
