times:
  edit-metadata: 1.3840735480189323
  landing: 0.7721778899431229
  view-data: 3.5643506944179535
