times:
  edit-metadata: 2.1813112944364548
  landing: 1.2505865395069122
  view-data: 3.730706125497818
