times:
  edit-metadata: 1.4520306587219238
  landing: 0.846874788403511
  view-data: 3.463900677859783
