times:
  edit-metadata: 1.4386640936136246
  landing: 0.7952324971556664
  view-data: 3.477153033018112
