times:
  edit-metadata: 1.4210334420204163
  landing: 0.8553770259022713
  view-data: 3.3180850371718407
