times:
  edit-metadata: 2.0103283300995827
  landing: 1.1492461636662483
  view-data: 3.8208081498742104
