times:
  edit-metadata: 1.3807465061545372
  landing: 0.8397163897752762
  view-data: 3.561009608209133
