times:
  edit-metadata: 1.4515416696667671
  landing: 1.2279853522777557
  view-data: 3.4028927087783813
