times:
  edit-metadata: 1.498684138059616
  landing: 0.8472943007946014
  view-data: 3.7432586401700974
