times:
  edit-metadata: 1.499501347541809
  landing: 0.8189268708229065
  view-data: 3.5281874388456345
