times:
  edit-metadata: 1.479479305446148
  landing: 0.8363221436738968
  view-data: 3.529256157577038
