times:
  edit-metadata: 1.415229618549347
  landing: 0.8376738429069519
  view-data: 3.5369362980127335
