times:
  edit-metadata: 2.1170626431703568
  landing: 1.3379013687372208
  view-data: 3.919369973242283
