times:
  edit-metadata: 1.5482498705387115
  landing: 0.7687451615929604
  view-data: 3.4991005063056946
