times:
  edit-metadata: 1.524001456797123
  landing: 0.7846385985612869
  view-data: 3.354579336941242
