times:
  edit-metadata: 1.4009283781051636
  landing: 0.8096009343862534
  view-data: 3.399046503007412
