times:
  edit-metadata: 1.5327620208263397
  landing: 0.838008813560009
  view-data: 3.5003704950213432
