times:
  edit-metadata: 1.437758408486843
  landing: 0.8216984868049622
  view-data: 3.277350328862667
