times:
  edit-metadata: 1.605067566037178
  landing: 1.0635121390223503
  view-data: 3.800214856863022
