times:
  edit-metadata: 1.9167694002389908
  landing: 1.3724305927753448
  view-data: 3.971211925148964
