times:
  edit-metadata: 1.3694288358092308
  landing: 0.7970640733838081
  view-data: 3.512287773191929
