times:
  edit-metadata: 1.450881503522396
  landing: 0.9480050504207611
  view-data: 3.544839084148407
