times:
  edit-metadata: 1.464726947247982
  landing: 0.8240785822272301
  view-data: 3.570632353425026
