times:
  edit-metadata: 1.448926143348217
  landing: 0.8299110010266304
  view-data: 3.567143440246582
