times:
  edit-metadata: 1.5451192185282707
  landing: 0.8450156897306442
  view-data: 3.6206758245825768
