times:
  edit-metadata: 2.0537302792072296
  landing: 1.2981732562184334
  view-data: 3.9328860118985176
