times:
  edit-metadata: 1.3927203565835953
  landing: 0.9119845032691956
  view-data: 3.50622271746397
