times:
  edit-metadata: 1.3913613110780716
  landing: 0.7638558447360992
  view-data: 3.533567063510418
