times:
  edit-metadata: 1.9734856560826302
  landing: 0.9841071739792824
  view-data: 3.411690264940262
