times:
  edit-metadata: 1.3695312514901161
  landing: 0.9271956384181976
  view-data: 3.410420946776867
