times:
  edit-metadata: 1.460725113749504
  landing: 0.7722558677196503
  view-data: 3.5015046671032906
