times:
  edit-metadata: 1.4599945843219757
  landing: 0.7585089355707169
  view-data: 3.485494315624237
