times:
  edit-metadata: 1.4659910053014755
  landing: 0.7408088445663452
  view-data: 3.503908134996891
