times:
  edit-metadata: 1.817991279065609
  landing: 1.217797003686428
  view-data: 3.50938331335783
