times:
  edit-metadata: 1.434421382844448
  landing: 0.8096490874886513
  view-data: 3.3584911450743675
