times:
  edit-metadata: 1.4233654737472534
  landing: 0.8391521796584129
  view-data: 3.456286273896694
