times:
  edit-metadata: 1.519571177661419
  landing: 0.8540050387382507
  view-data: 3.4908796697854996
