times:
  edit-metadata: 1.8487584292888641
  landing: 1.2290310189127922
  view-data: 3.6177873611450195
