times:
  edit-metadata: 1.5917003452777863
  landing: 0.747497983276844
  view-data: 3.4823025092482567
