times:
  edit-metadata: 1.4443767815828323
  landing: 0.757406160235405
  view-data: 3.407522976398468
