times:
  edit-metadata: 1.4360611364245415
  landing: 0.8319507613778114
  view-data: 3.4788562580943108
