times:
  edit-metadata: 1.4909962490200996
  landing: 0.776606447994709
  view-data: 3.552732437849045
