times:
  edit-metadata: 1.460328534245491
  landing: 0.778001181781292
  view-data: 3.4881643652915955
