times:
  edit-metadata: 1.422562025487423
  landing: 0.7902068421244621
  view-data: 3.5271359384059906
