times:
  edit-metadata: 1.4279621168971062
  landing: 0.7877325117588043
  view-data: 3.4532742649316788
