times:
  edit-metadata: 1.422778770327568
  landing: 0.767808347940445
  view-data: 3.4809609055519104
