times:
  edit-metadata: 1.4092600047588348
  landing: 0.7624065950512886
  view-data: 3.5364468544721603
