times:
  edit-metadata: 1.4161841720342636
  landing: 0.8740255460143089
  view-data: 3.2873207107186317
