times:
  edit-metadata: 1.39817376434803
  landing: 0.9303765147924423
  view-data: 3.3278824873268604
