times:
  edit-metadata: 1.4005992263555527
  landing: 0.803149301558733
  view-data: 3.269719436764717
