times:
  edit-metadata: 1.452117770910263
  landing: 0.8034188151359558
  view-data: 3.519394628703594
