times:
  edit-metadata: 2.351806089282036
  landing: 1.394332230091095
  view-data: 3.464082643389702
