times:
  edit-metadata: 1.468349613249302
  landing: 0.8597581349313259
  view-data: 3.3040079958736897
