times:
  edit-metadata: 1.3888662606477737
  landing: 0.7650817781686783
  view-data: 3.4670193046331406
