times:
  edit-metadata: 1.4796086698770523
  landing: 0.8331750929355621
  view-data: 3.47636379301548
