times:
  edit-metadata: 1.5069729462265968
  landing: 0.8816544786095619
  view-data: 3.5316690877079964
