times:
  edit-metadata: 1.4077023714780807
  landing: 0.7843853235244751
  view-data: 3.5054750218987465
