times:
  edit-metadata: 1.4473130777478218
  landing: 0.837523452937603
  view-data: 3.41350669413805
