times:
  edit-metadata: 1.5077498108148575
  landing: 0.8529023006558418
  view-data: 3.4779219552874565
