times:
  edit-metadata: 1.4221566915512085
  landing: 0.8028605729341507
  view-data: 3.3546089977025986
