times:
  edit-metadata: 1.5348309949040413
  landing: 1.0380966663360596
  view-data: 3.6552124693989754
