times:
  edit-metadata: 1.38609978556633
  landing: 0.8618686273694038
  view-data: 3.4605374559760094
