times:
  edit-metadata: 1.3826530575752258
  landing: 0.8373644798994064
  view-data: 3.345410518348217
