times:
  edit-metadata: 1.4531281366944313
  landing: 0.9178234934806824
  view-data: 3.499289393424988
