times:
  edit-metadata: 1.3617084436118603
  landing: 0.90074672549963
  view-data: 3.285494551062584
