times:
  edit-metadata: 1.88661490380764
  landing: 1.028161272406578
  view-data: 3.853339344263077
