times:
  edit-metadata: 1.3796727806329727
  landing: 0.7601081356406212
  view-data: 3.4973735362291336
