times:
  edit-metadata: 1.4004661962389946
  landing: 0.8132902458310127
  view-data: 3.3255847692489624
