times:
  edit-metadata: 1.3454437553882599
  landing: 0.7516801804304123
  view-data: 3.475833833217621
