times:
  edit-metadata: 1.4115161374211311
  landing: 0.9380068331956863
  view-data: 3.6689935326576233
