times:
  edit-metadata: 1.3561117351055145
  landing: 0.8688697516918182
  view-data: 3.289933145046234
