times:
  edit-metadata: 1.7062987685203552
  landing: 0.9874434918165207
  view-data: 3.459157779812813
