times:
  edit-metadata: 1.5214863047003746
  landing: 0.7509029060602188
  view-data: 3.457990847527981
