times:
  edit-metadata: 1.4610404968261719
  landing: 0.8180710896849632
  view-data: 3.536622479557991
