times:
  edit-metadata: 2.027479987591505
  landing: 1.4104611836373806
  view-data: 3.350164208561182
