times:
  edit-metadata: 1.4155556820333004
  landing: 0.8478387892246246
  view-data: 3.373143143951893
