times:
  edit-metadata: 1.4991071820259094
  landing: 0.8699216395616531
  view-data: 3.4808169826865196
