times:
  edit-metadata: 1.400535210967064
  landing: 0.8996298052370548
  view-data: 3.3891589045524597
