times:
  edit-metadata: 1.4147929102182388
  landing: 0.7707613557577133
  view-data: 3.4817548245191574
