times:
  edit-metadata: 1.4917486310005188
  landing: 0.7946297153830528
  view-data: 3.5381950289011
