times:
  edit-metadata: 1.572877787053585
  landing: 0.8534989282488823
  view-data: 3.3792599588632584
