times:
  edit-metadata: 1.5055091828107834
  landing: 0.8435243740677834
  view-data: 3.501963511109352
