times:
  edit-metadata: 1.3743706122040749
  landing: 0.7469863817095757
  view-data: 3.48534619808197
