times:
  edit-metadata: 1.3793917894363403
  landing: 0.8824654743075371
  view-data: 3.48906771838665
