times:
  edit-metadata: 1.4338331148028374
  landing: 0.8662013113498688
  view-data: 3.6021920666098595
