times:
  edit-metadata: 1.4773647896945477
  landing: 0.9345810003578663
  view-data: 3.307076580822468
