times:
  edit-metadata: 1.9045159369707108
  landing: 1.5152123905718327
  view-data: 3.428025756031275
