times:
  edit-metadata: 1.3995290212333202
  landing: 0.8805679008364677
  view-data: 3.3547139540314674
