times:
  edit-metadata: 1.4619360640645027
  landing: 0.851488895714283
  view-data: 3.357491984963417
