times:
  edit-metadata: 1.4511098638176918
  landing: 0.8238624185323715
  view-data: 3.3322685956954956
