times:
  edit-metadata: 1.4707849361002445
  landing: 0.800930567085743
  view-data: 3.2749637812376022
