times:
  edit-metadata: 1.4131582416594028
  landing: 0.830753218382597
  view-data: 3.3266486525535583
