times:
  edit-metadata: 1.4189254865050316
  landing: 0.8686088249087334
  view-data: 3.294904626905918
