times:
  edit-metadata: 1.430262353271246
  landing: 0.8857244662940502
  view-data: 3.3375160805881023
