times:
  edit-metadata: 1.913880631327629
  landing: 1.519541971385479
  view-data: 3.3452194184064865
