times:
  edit-metadata: 1.405242457985878
  landing: 0.827113427221775
  view-data: 3.473841615021229
