times:
  edit-metadata: 1.771174319088459
  landing: 1.0924984849989414
  view-data: 3.4009669087827206
