times:
  edit-metadata: 1.5474800765514374
  landing: 0.8013272434473038
  view-data: 3.714190237224102
