times:
  edit-metadata: 1.4070315770804882
  landing: 1.2579174526035786
  view-data: 3.316312711685896
