times:
  edit-metadata: 1.4164523370563984
  landing: 1.348740953952074
  view-data: 3.339961104094982
