times:
  edit-metadata: 1.4716456159949303
  landing: 0.8820138722658157
  view-data: 3.318153142929077
