times:
  edit-metadata: 1.388694889843464
  landing: 0.8206539526581764
  view-data: 3.5251120552420616
