times:
  edit-metadata: 1.4094248674809933
  landing: 0.811829000711441
  view-data: 3.3741969875991344
