times:
  edit-metadata: 1.439211431890726
  landing: 0.9204657860100269
  view-data: 3.313546057790518
