times:
  edit-metadata: 1.6965664066374302
  landing: 0.9092586040496826
  view-data: 3.2834517061710358
