times:
  edit-metadata: 1.4072867631912231
  landing: 0.8543478474020958
  view-data: 3.483601465821266
