times:
  edit-metadata: 1.536338608711958
  landing: 0.8175057135522366
  view-data: 3.3132905922830105
