times:
  edit-metadata: 1.5076014026999474
  landing: 0.9042295813560486
  view-data: 3.264696840196848
