times:
  edit-metadata: 1.4322203807532787
  landing: 0.8775524795055389
  view-data: 3.320966836065054
