times:
  edit-metadata: 1.4689395800232887
  landing: 0.888365350663662
  view-data: 3.299746461212635
