times:
  edit-metadata: 1.6341568529605865
  landing: 1.0886051133275032
  view-data: 3.500414878129959
