times:
  edit-metadata: 1.446701891720295
  landing: 0.7967793270945549
  view-data: 3.2968516126275063
