times:
  edit-metadata: 1.412475772202015
  landing: 0.766667515039444
  view-data: 3.5360155403614044
