times:
  edit-metadata: 1.3686422780156136
  landing: 0.7747167535126209
  view-data: 3.3162038139998913
