times:
  edit-metadata: 1.5442775264382362
  landing: 0.825188048183918
  view-data: 3.447619654238224
