times:
  edit-metadata: 1.5108753442764282
  landing: 0.8540215715765953
  view-data: 3.4223418086767197
