times:
  edit-metadata: 1.450629211962223
  landing: 0.8548345193266869
  view-data: 3.2887676134705544
