times:
  edit-metadata: 1.4553696066141129
  landing: 0.9124560914933681
  view-data: 3.301985625177622
