times:
  edit-metadata: 1.4343684576451778
  landing: 0.8596795983612537
  view-data: 3.2947505712509155
