times:
  edit-metadata: 1.4471887946128845
  landing: 0.7661722227931023
  view-data: 3.3486064597964287
