times:
  edit-metadata: 1.4940315671265125
  landing: 0.8395840190351009
  view-data: 3.3421936444938183
