times:
  edit-metadata: 1.4351290315389633
  landing: 1.1037632003426552
  view-data: 3.5725837871432304
