times:
  edit-metadata: 1.344288818538189
  landing: 0.7224248647689819
  view-data: 3.4959892705082893
