times:
  edit-metadata: 1.5052591860294342
  landing: 0.7893249318003654
  view-data: 3.3844950795173645
