times:
  edit-metadata: 2.1260570399463177
  landing: 1.1875525824725628
  view-data: 3.5123408138751984
