times:
  edit-metadata: 1.4744720086455345
  landing: 0.883693553507328
  view-data: 3.3457456827163696
