times:
  edit-metadata: 1.435114774852991
  landing: 0.8368531577289104
  view-data: 3.2553272768855095
