times:
  edit-metadata: 1.3989727571606636
  landing: 0.7886838614940643
  view-data: 3.4715803638100624
