times:
  edit-metadata: 1.5108139216899872
  landing: 0.8533199205994606
  view-data: 3.5135211497545242
