times:
  edit-metadata: 1.424085594713688
  landing: 0.7577050551772118
  view-data: 3.2782754749059677
