times:
  edit-metadata: 1.4108318276703358
  landing: 0.9251740798354149
  view-data: 3.2748056687414646
