times:
  edit-metadata: 1.350341334939003
  landing: 0.7760909125208855
  view-data: 3.263180188834667
