times:
  edit-metadata: 1.4490927159786224
  landing: 0.8344024792313576
  view-data: 3.45571281760931
