times:
  edit-metadata: 1.3696404173970222
  landing: 0.853545144200325
  view-data: 3.4902866035699844
