times:
  edit-metadata: 1.5584283657371998
  landing: 0.9419015645980835
  view-data: 3.3209953270852566
