times:
  edit-metadata: 1.3871338553726673
  landing: 0.8747985325753689
  view-data: 3.2842295430600643
