times:
  edit-metadata: 1.5299028679728508
  landing: 1.024493757635355
  view-data: 3.3104634322226048
