times:
  edit-metadata: 1.4748022891581059
  landing: 0.8118799775838852
  view-data: 3.3323855586349964
