times:
  edit-metadata: 1.3801512159407139
  landing: 0.9360160417854786
  view-data: 3.3188517205417156
