times:
  edit-metadata: 1.4010667949914932
  landing: 0.8237045630812645
  view-data: 3.5857293903827667
