times:
  edit-metadata: 1.4209549576044083
  landing: 0.8594144359230995
  view-data: 3.32907934486866
