times:
  edit-metadata: 1.451803207397461
  landing: 0.9098279029130936
  view-data: 3.5521700382232666
