times:
  edit-metadata: 1.4692057818174362
  landing: 0.8615752533078194
  view-data: 3.37125513702631
