times:
  edit-metadata: 1.4703486263751984
  landing: 0.8333683386445045
  view-data: 3.47074506431818
