times:
  edit-metadata: 1.3736509159207344
  landing: 0.764601081609726
  view-data: 3.448713533580303
