times:
  edit-metadata: 1.4263803735375404
  landing: 0.8067301586270332
  view-data: 3.285273067653179
