times:
  edit-metadata: 1.3840308971703053
  landing: 0.7928350307047367
  view-data: 3.335929647088051
