times:
  edit-metadata: 1.4649676606059074
  landing: 1.1265821531414986
  view-data: 3.6962873861193657
