times:
  edit-metadata: 1.504449874162674
  landing: 0.7351093292236328
  view-data: 3.4868440851569176
