times:
  edit-metadata: 1.4069919884204865
  landing: 0.7392494305968285
  view-data: 3.4540880918502808
