times:
  edit-metadata: 1.4661289118230343
  landing: 0.9578585848212242
  view-data: 3.3689624220132828
