times:
  edit-metadata: 1.420048214495182
  landing: 0.8742569498717785
  view-data: 3.311006788164377
