times:
  edit-metadata: 1.4658785834908485
  landing: 0.7894581519067287
  view-data: 3.297399625182152
