times:
  edit-metadata: 1.3821118026971817
  landing: 0.6936569437384605
  view-data: 3.4758507683873177
