times:
  edit-metadata: 1.3993760645389557
  landing: 0.8242761343717575
  view-data: 3.2937889732420444
