times:
  edit-metadata: 1.565909244120121
  landing: 0.8892510272562504
  view-data: 3.3203462846577168
