times:
  edit-metadata: 1.3237981013953686
  landing: 0.9205396808683872
  view-data: 3.3860769607126713
