times:
  edit-metadata: 1.4211203455924988
  landing: 0.7404412627220154
  view-data: 3.452814869582653
