times:
  edit-metadata: 1.3576451763510704
  landing: 0.8441864848136902
  view-data: 3.4658433943986893
