times:
  edit-metadata: 1.4580917954444885
  landing: 0.8027666285634041
  view-data: 3.430082179605961
