times:
  edit-metadata: 1.3963211625814438
  landing: 0.8015465959906578
  view-data: 3.4435967430472374
