times:
  edit-metadata: 1.3741848468780518
  landing: 0.7315742298960686
  view-data: 3.5570871606469154
