times:
  edit-metadata: 1.4470751211047173
  landing: 0.782191526144743
  view-data: 3.293155685067177
