times:
  edit-metadata: 1.450955644249916
  landing: 0.8039975762367249
  view-data: 3.5039540380239487
