times:
  edit-metadata: 1.3714122474193573
  landing: 0.8134417235851288
  view-data: 3.293609358370304
