times:
  edit-metadata: 1.4188165627419949
  landing: 0.8003995716571808
  view-data: 3.373245172202587
