times:
  edit-metadata: 1.962731521576643
  landing: 1.3237280808389187
  view-data: 3.3286143615841866
