times:
  edit-metadata: 1.4291513413190842
  landing: 0.8126608207821846
  view-data: 3.422284536063671
