times:
  edit-metadata: 1.3566302806138992
  landing: 0.8785351067781448
  view-data: 3.2746479138731956
