times:
  edit-metadata: 1.4704011529684067
  landing: 0.7548521906137466
  view-data: 3.443162329494953
