times:
  edit-metadata: 1.3774306997656822
  landing: 0.8123631849884987
  view-data: 3.419156640768051
