times:
  edit-metadata: 1.5385615229606628
  landing: 0.8039993494749069
  view-data: 3.257171355187893
