times:
  edit-metadata: 1.3467956483364105
  landing: 0.8877380937337875
  view-data: 3.4053584411740303
