times:
  edit-metadata: 1.413847915828228
  landing: 0.791307058185339
  view-data: 3.296822164207697
