times:
  edit-metadata: 1.4412863329052925
  landing: 0.8323862478137016
  view-data: 3.3094845339655876
