times:
  edit-metadata: 1.685617245733738
  landing: 1.0277693271636963
  view-data: 3.358632877469063
