times:
  edit-metadata: 1.4865057989954948
  landing: 0.8637362346053123
  view-data: 3.2753853499889374
