times:
  edit-metadata: 1.4991779625415802
  landing: 0.7986779361963272
  view-data: 3.409195378422737
