times:
  edit-metadata: 1.4866569191217422
  landing: 1.1506116688251495
  view-data: 3.3618638664484024
