times:
  edit-metadata: 1.6786231137812138
  landing: 1.2101945169270039
  view-data: 3.3906170576810837
