times:
  edit-metadata: 1.4704636968672276
  landing: 0.8325229734182358
  view-data: 3.278840336948633
