times:
  edit-metadata: 1.5702544637024403
  landing: 1.0458050146698952
  view-data: 3.3460304103791714
