times:
  edit-metadata: 1.6714271008968353
  landing: 1.0329871326684952
  view-data: 3.3317915871739388
