times:
  edit-metadata: 1.4237691313028336
  landing: 0.7724645212292671
  view-data: 3.327525857836008
