times:
  edit-metadata: 1.5080305635929108
  landing: 0.8032583445310593
  view-data: 3.470864601433277
