times:
  edit-metadata: 1.4268387481570244
  landing: 0.8298083543777466
  view-data: 3.620388552546501
