times:
  edit-metadata: 1.5150546059012413
  landing: 0.7991247028112411
  view-data: 3.478859066963196
