times:
  edit-metadata: 1.3273601084947586
  landing: 0.8047622293233871
  view-data: 3.3448073342442513
