times:
  edit-metadata: 1.4172132685780525
  landing: 0.8459368720650673
  view-data: 3.458536021411419
