times:
  edit-metadata: 1.3738661631941795
  landing: 0.8606649413704872
  view-data: 3.4228434786200523
