times:
  edit-metadata: 1.4043015539646149
  landing: 0.7326981201767921
  view-data: 3.2516001760959625
