times:
  edit-metadata: 1.4186204373836517
  landing: 0.7669597566127777
  view-data: 3.4419329464435577
