times:
  edit-metadata: 1.4845417216420174
  landing: 0.8037688806653023
  view-data: 3.4699016362428665
