times:
  edit-metadata: 1.4039209857583046
  landing: 0.8667834997177124
  view-data: 3.4672649577260017
