times:
  edit-metadata: 1.4400539547204971
  landing: 0.7795504778623581
  view-data: 3.4208035096526146
