times:
  edit-metadata: 1.4753924682736397
  landing: 0.8300833180546761
  view-data: 3.3336805626749992
