times:
  edit-metadata: 1.4841317608952522
  landing: 0.7836608290672302
  view-data: 3.4827702343463898
