times:
  edit-metadata: 1.4215213283896446
  landing: 0.7899463996291161
  view-data: 3.351222425699234
