times:
  edit-metadata: 1.4578052461147308
  landing: 0.7299751415848732
  view-data: 3.50170286744833
