times:
  edit-metadata: 1.4842488840222359
  landing: 0.8917577713727951
  view-data: 3.4579160064458847
