times:
  edit-metadata: 1.610698513686657
  landing: 0.8339349292218685
  view-data: 3.426390916109085
