times:
  edit-metadata: 1.6385982260107994
  landing: 0.893583208322525
  view-data: 3.486581712961197
