times:
  edit-metadata: 1.5466892905533314
  landing: 0.823957584798336
  view-data: 3.3778768219053745
