times:
  edit-metadata: 1.4045004062354565
  landing: 0.819967906922102
  view-data: 3.308211285620928
