times:
  edit-metadata: 1.4090800806879997
  landing: 0.74509347230196
  view-data: 3.4482102766633034
