times:
  edit-metadata: 1.4368184134364128
  landing: 0.7501210793852806
  view-data: 3.4745637476444244
