times:
  edit-metadata: 1.539630301296711
  landing: 0.7525595873594284
  view-data: 3.38946533203125
