times:
  edit-metadata: 1.458606157451868
  landing: 0.897287268191576
  view-data: 3.3016585633158684
