times:
  edit-metadata: 1.4199973419308662
  landing: 0.7166814729571342
  view-data: 3.43401700258255
