times:
  edit-metadata: 1.613781675696373
  landing: 0.9326258897781372
  view-data: 3.377157874405384
