times:
  edit-metadata: 1.4024069905281067
  landing: 0.7761431783437729
  view-data: 3.5182439386844635
