times:
  edit-metadata: 1.422607570886612
  landing: 0.7586492672562599
  view-data: 3.3373812027275562
