times:
  edit-metadata: 1.4721505269408226
  landing: 0.7771857418119907
  view-data: 3.357682652771473
