times:
  edit-metadata: 1.4974219910800457
  landing: 0.8393543288111687
  view-data: 3.3799814246594906
