times:
  edit-metadata: 1.4025576747953892
  landing: 0.8709613382816315
  view-data: 3.4135347679257393
