times:
  edit-metadata: 1.5475523062050343
  landing: 0.7837997451424599
  view-data: 3.316848810762167
