times:
  edit-metadata: 1.3712439835071564
  landing: 0.7839289084076881
  view-data: 3.469293884932995
