times:
  edit-metadata: 1.4517689496278763
  landing: 0.9868693575263023
  view-data: 3.3000656962394714
