times:
  edit-metadata: 1.541827604174614
  landing: 0.8410723507404327
  view-data: 3.519224539399147
