times:
  edit-metadata: 1.7483949810266495
  landing: 0.8067908212542534
  view-data: 3.345370903611183
