times:
  edit-metadata: 1.4645578637719154
  landing: 0.7694099768996239
  view-data: 3.43089846521616
