times:
  edit-metadata: 1.3684278950095177
  landing: 0.7653415277600288
  view-data: 3.3082898296415806
