times:
  edit-metadata: 1.369649164378643
  landing: 0.7814168706536293
  view-data: 3.3898893743753433
