times:
  edit-metadata: 1.3880889900028706
  landing: 0.835057333111763
  view-data: 3.292675342410803
