times:
  edit-metadata: 1.4460239633917809
  landing: 0.8776263520121574
  view-data: 3.3829268887639046
