times:
  edit-metadata: 1.3547451868653297
  landing: 0.7771358340978622
  view-data: 3.453535996377468
