times:
  edit-metadata: 1.5482081435620785
  landing: 0.9338625743985176
  view-data: 3.3105918429791927
