times:
  edit-metadata: 1.4703295528888702
  landing: 0.751648336648941
  view-data: 3.4211960434913635
