times:
  edit-metadata: 1.5115809626877308
  landing: 0.8762476034462452
  view-data: 3.41082876175642
