times:
  edit-metadata: 1.4808754995465279
  landing: 0.8435801714658737
  view-data: 3.3329600170254707
