times:
  edit-metadata: 1.5930363908410072
  landing: 0.715527918189764
  view-data: 3.2954472303390503
