times:
  edit-metadata: 1.4089858382940292
  landing: 0.8063452206552029
  view-data: 3.3146489709615707
