times:
  edit-metadata: 1.776892937719822
  landing: 1.1756583750247955
  view-data: 3.3433066681027412
