times:
  edit-metadata: 1.4057385139167309
  landing: 0.7645995542407036
  view-data: 3.3122912533581257
