times:
  edit-metadata: 1.6400091126561165
  landing: 0.7965695410966873
  view-data: 3.3482979834079742
