times:
  edit-metadata: 1.3974046781659126
  landing: 0.7202574759721756
  view-data: 3.415261395275593
