times:
  edit-metadata: 2.420724533498287
  landing: 1.5155483335256577
  view-data: 4.006496042013168
