times:
  edit-metadata: 1.6053232848644257
  landing: 1.0415550917387009
  view-data: 3.4623181745409966
