times:
  edit-metadata: 2.4701093025505543
  landing: 1.2332529127597809
  view-data: 3.3841689117252827
