times:
  edit-metadata: 1.401185993105173
  landing: 0.7714085765182972
  view-data: 3.2739339135587215
