times:
  edit-metadata: 1.4291100353002548
  landing: 0.6874027624726295
  view-data: 3.487207591533661
