times:
  edit-metadata: 1.3820034340023994
  landing: 0.7767844051122665
  view-data: 3.360479809343815
