times:
  edit-metadata: 1.3712771236896515
  landing: 0.8115125373005867
  view-data: 3.444743689149618
