times:
  edit-metadata: 1.4026810973882675
  landing: 0.7402603179216385
  view-data: 3.424209251999855
