times:
  edit-metadata: 1.4319388754665852
  landing: 0.7789284251630306
  view-data: 3.28684538602829
