times:
  edit-metadata: 1.5559758096933365
  landing: 0.8226628229022026
  view-data: 3.3165374770760536
