times:
  edit-metadata: 1.5954888761043549
  landing: 0.7788808420300484
  view-data: 3.314721331000328
