times:
  edit-metadata: 1.3974823877215385
  landing: 0.8756520971655846
  view-data: 3.600796103477478
