times:
  edit-metadata: 1.4638011828064919
  landing: 0.783324234187603
  view-data: 3.319465972483158
