times:
  edit-metadata: 1.892862930893898
  landing: 1.09293232858181
  view-data: 3.5854165256023407
