times:
  edit-metadata: 1.4508721828460693
  landing: 0.7601105943322182
  view-data: 3.327644567936659
