times:
  edit-metadata: 1.3823161721229553
  landing: 0.8035242035984993
  view-data: 3.2945949882268906
