times:
  edit-metadata: 1.41787601262331
  landing: 0.7955367490649223
  view-data: 3.2761408798396587
