times:
  edit-metadata: 1.7050155773758888
  landing: 1.0076687037944794
  view-data: 3.4133182615041733
