times:
  edit-metadata: 1.4690327122807503
  landing: 0.7317966893315315
  view-data: 3.4270503520965576
