times:
  edit-metadata: 1.5251531563699245
  landing: 0.8848109915852547
  view-data: 3.646316170692444
