times:
  edit-metadata: 1.4666568636894226
  landing: 0.7211474478244781
  view-data: 3.461625061929226
