times:
  edit-metadata: 1.3536492511630058
  landing: 0.730053722858429
  view-data: 3.481963060796261
