times:
  edit-metadata: 1.4026199132204056
  landing: 0.6913112252950668
  view-data: 3.4536240249872208
