times:
  edit-metadata: 1.3739227652549744
  landing: 0.8588555678725243
  view-data: 3.3180161342024803
