times:
  edit-metadata: 1.4424200356006622
  landing: 0.6963409185409546
  view-data: 3.4154068902134895
