times:
  edit-metadata: 2.157501734793186
  landing: 1.0088433995842934
  view-data: 3.421495471149683
