times:
  edit-metadata: 1.551985152065754
  landing: 0.7854041084647179
  view-data: 3.273591823875904
