times:
  edit-metadata: 2.114537589251995
  landing: 1.4311936423182487
  view-data: 3.452578976750374
