times:
  edit-metadata: 1.4272570833563805
  landing: 0.7634690999984741
  view-data: 3.4283822923898697
