times:
  edit-metadata: 1.3980669528245926
  landing: 0.7419783249497414
  view-data: 3.4306982457637787
