times:
  edit-metadata: 1.5015564188361168
  landing: 0.794674776494503
  view-data: 3.4735684618353844
