times:
  edit-metadata: 1.4891224205493927
  landing: 0.7384597733616829
  view-data: 3.3557833433151245
