times:
  edit-metadata: 1.3252863846719265
  landing: 0.8211973384022713
  view-data: 3.3724264800548553
