times:
  edit-metadata: 1.590804185718298
  landing: 0.7937465384602547
  view-data: 3.3073309399187565
