times:
  edit-metadata: 1.3824884369969368
  landing: 0.7367847934365273
  view-data: 3.3190860748291016
