times:
  edit-metadata: 1.8028857931494713
  landing: 0.8919315747916698
  view-data: 3.2906026057899
