times:
  edit-metadata: 1.4197654351592064
  landing: 0.7868722453713417
  view-data: 3.5050562247633934
