times:
  edit-metadata: 1.4653866738080978
  landing: 0.7854776084423065
  view-data: 3.511774569749832
