times:
  edit-metadata: 1.509885460138321
  landing: 0.9945893436670303
  view-data: 3.322537086904049
