times:
  edit-metadata: 1.4037508815526962
  landing: 0.7536070719361305
  view-data: 3.4265691190958023
