times:
  edit-metadata: 1.4806030690670013
  landing: 0.9064907729625702
  view-data: 3.627616986632347
