times:
  edit-metadata: 1.4769944883883
  landing: 0.8288129940629005
  view-data: 3.324506349861622
