times:
  edit-metadata: 1.4431706741452217
  landing: 0.7510789930820465
  view-data: 3.4725429713726044
