times:
  edit-metadata: 1.599527332931757
  landing: 0.9395313896238804
  view-data: 3.4161186181008816
