times:
  edit-metadata: 1.5068358033895493
  landing: 0.8148544430732727
  view-data: 3.527710758149624
