times:
  edit-metadata: 1.4280965626239777
  landing: 0.7717600204050541
  view-data: 3.3716428466141224
