times:
  edit-metadata: 2.004362378269434
  landing: 0.9760087467730045
  view-data: 3.537576325237751
