times:
  edit-metadata: 1.5159974321722984
  landing: 0.8589017391204834
  view-data: 3.7070005536079407
