times:
  edit-metadata: 1.5811321064829826
  landing: 0.7777536325156689
  view-data: 3.275169026106596
