times:
  edit-metadata: 1.3721818700432777
  landing: 0.7445996254682541
  view-data: 3.433149076998234
