times:
  edit-metadata: 1.3394929245114326
  landing: 0.6788621991872787
  view-data: 3.4528846591711044
