times:
  edit-metadata: 1.867066752165556
  landing: 0.7259867712855339
  view-data: 3.419837139546871
