times:
  edit-metadata: 1.4453437477350235
  landing: 0.7116897366940975
  view-data: 3.269434493035078
