times:
  edit-metadata: 1.3904617428779602
  landing: 0.6959053128957748
  view-data: 3.3265102431178093
