times:
  edit-metadata: 1.4364015385508537
  landing: 0.7195809185504913
  view-data: 3.4557598307728767
