times:
  edit-metadata: 1.433187872171402
  landing: 0.6952949836850166
  view-data: 3.4643321111798286
