times:
  edit-metadata: 1.5115273222327232
  landing: 0.8311313539743423
  view-data: 3.4198326766490936
