times:
  edit-metadata: 1.3879971355199814
  landing: 0.8590366244316101
  view-data: 3.3099452517926693
