times:
  edit-metadata: 1.3876757249236107
  landing: 1.0297992303967476
  view-data: 0.5379602685570717
