times:
  edit-metadata: 1.3838798254728317
  landing: 0.8113295063376427
  view-data: 3.5071761533617973
