times:
  edit-metadata: 1.4293421767652035
  landing: 0.7795017026364803
  view-data: 3.3792849332094193
