times:
  edit-metadata: 1.4269772917032242
  landing: 0.7451446801424026
  view-data: 3.5213315784931183
