times:
  edit-metadata: 1.6845865920186043
  landing: 1.0841303020715714
  view-data: 3.650315038859844
