times:
  edit-metadata: 1.4056057557463646
  landing: 0.7294558435678482
  view-data: 3.321390248835087
