times:
  edit-metadata: 1.474839448928833
  landing: 0.8169749490916729
  view-data: 3.3223819993436337
