times:
  edit-metadata: 1.4364264160394669
  landing: 0.8026224598288536
  view-data: 3.4916943311691284
