times:
  edit-metadata: 1.6730299815535545
  landing: 0.9743323028087616
  view-data: 3.371508002281189
