times:
  edit-metadata: 1.4042439237236977
  landing: 0.8335446566343307
  view-data: 3.3660125732421875
