times:
  edit-metadata: 1.4870348796248436
  landing: 0.7089764699339867
  view-data: 3.426525294780731
