times:
  edit-metadata: 1.5682999193668365
  landing: 0.8819496631622314
  view-data: 3.508256584405899
