times:
  edit-metadata: 1.4520170837640762
  landing: 0.7207156792283058
  view-data: 3.426895409822464
