times:
  edit-metadata: 1.7458111569285393
  landing: 1.072691060602665
  view-data: 3.2812903448939323
