times:
  edit-metadata: 1.550219975411892
  landing: 0.9366010539233685
  view-data: 3.3127506375312805
