times:
  edit-metadata: 1.4631411954760551
  landing: 0.7893420457839966
  view-data: 3.4606768265366554
