times:
  edit-metadata: 1.6663530990481377
  landing: 0.8385747261345387
  view-data: 3.367050029337406
