times:
  edit-metadata: 1.36104242131114
  landing: 0.763378195464611
  view-data: 3.2967908307909966
