times:
  edit-metadata: 1.513955146074295
  landing: 0.8894730284810066
  view-data: 3.3084355667233467
