times:
  edit-metadata: 1.4642097353935242
  landing: 0.7550026252865791
  view-data: 3.404058203101158
