times:
  edit-metadata: 1.398946851491928
  landing: 0.7507563903927803
  view-data: 3.492718406021595
