times:
  edit-metadata: 1.4904239252209663
  landing: 0.83926572650671
  view-data: 3.3122306764125824
