times:
  edit-metadata: 1.461991474032402
  landing: 0.6782673969864845
  view-data: 3.4276585429906845
