times:
  edit-metadata: 1.4252755492925644
  landing: 0.7714499905705452
  view-data: 3.375046946108341
