times:
  edit-metadata: 1.3315091356635094
  landing: 0.7458822876214981
  view-data: 3.528054505586624
