times:
  edit-metadata: 1.4455316625535488
  landing: 0.9269754700362682
  view-data: 3.348807755857706
