times:
  edit-metadata: 1.4439348801970482
  landing: 0.6923667155206203
  view-data: 3.263923965394497
