times:
  edit-metadata: 1.413615196943283
  landing: 0.7162916660308838
  view-data: 3.379146806895733
