times:
  edit-metadata: 1.416796237230301
  landing: 0.7500093653798103
  view-data: 3.7246245369315147
