times:
  edit-metadata: 1.3749093636870384
  landing: 0.7748369351029396
  view-data: 3.4503896683454514
