times:
  edit-metadata: 1.4200473576784134
  landing: 0.7451502755284309
  view-data: 3.4793267399072647
