times:
  edit-metadata: 1.5643124766647816
  landing: 0.9107955805957317
  view-data: 3.3784572668373585
