times:
  edit-metadata: 1.5106325447559357
  landing: 0.796859972178936
  view-data: 3.5708524957299232
