times:
  edit-metadata: 1.3723373860120773
  landing: 0.7342134863138199
  view-data: 3.4564091190695763
