times:
  edit-metadata: 1.4118106588721275
  landing: 0.8159523904323578
  view-data: 3.324488900601864
