times:
  edit-metadata: 1.3604471869766712
  landing: 0.77769910171628
  view-data: 3.3552023470401764
