times:
  edit-metadata: 1.6013432927429676
  landing: 0.8000328987836838
  view-data: 3.330938633531332
