times:
  edit-metadata: 1.561533860862255
  landing: 0.8140121772885323
  view-data: 3.4730098992586136
