times:
  edit-metadata: 2.665092594921589
  landing: 1.564378336071968
  view-data: 3.6787216886878014
