times:
  edit-metadata: 1.4196509718894958
  landing: 0.7807197868824005
  view-data: 3.426891006529331
