times:
  edit-metadata: 1.7952111288905144
  landing: 0.9839416369795799
  view-data: 3.571879617869854
