times:
  edit-metadata: 1.6417141184210777
  landing: 0.8607217334210873
  view-data: 3.3210848793387413
