times:
  edit-metadata: 1.517849937081337
  landing: 0.8121917769312859
  view-data: 3.4645964056253433
