times:
  edit-metadata: 1.318230114877224
  landing: 0.7642798274755478
  view-data: 3.4469937533140182
