times:
  edit-metadata: 1.549142498522997
  landing: 0.7940690666437149
  view-data: 3.355578649789095
