times:
  edit-metadata: 2.342050939798355
  landing: 1.203397661447525
  view-data: 3.4896093755960464
