times:
  edit-metadata: 1.4326761737465858
  landing: 0.8843287490308285
  view-data: 3.3537052907049656
