times:
  edit-metadata: 1.4061874262988567
  landing: 0.7859690450131893
  view-data: 3.347998686134815
