times:
  edit-metadata: 1.4227844811975956
  landing: 0.7913334891200066
  view-data: 3.3776277787983418
