times:
  edit-metadata: 1.3706324324011803
  landing: 0.9286113828420639
  view-data: 3.501208648085594
