times:
  edit-metadata: 1.4851316958665848
  landing: 1.0026018247008324
  view-data: 3.5092419534921646
