times:
  edit-metadata: 1.4795330241322517
  landing: 0.8017820343375206
  view-data: 3.5026264265179634
