times:
  edit-metadata: 1.3934490904211998
  landing: 0.7562042027711868
  view-data: 3.472538985311985
