times:
  edit-metadata: 1.7364374324679375
  landing: 0.9877154603600502
  view-data: 3.365414761006832
