times:
  edit-metadata: 1.4560338109731674
  landing: 0.7409207746386528
  view-data: 3.5027172788977623
