times:
  edit-metadata: 1.4284589849412441
  landing: 0.8057061322033405
  view-data: 3.3111096173524857
