times:
  edit-metadata: 1.3714181333780289
  landing: 0.7532422617077827
  view-data: 3.496093235909939
