times:
  edit-metadata: 1.4282436184585094
  landing: 0.826345007866621
  view-data: 3.3577051050961018
