times:
  edit-metadata: 1.3551670610904694
  landing: 0.7818450480699539
  view-data: 3.4820651710033417
