times:
  edit-metadata: 2.1724020950496197
  landing: 1.1300282254815102
  view-data: 3.550995297729969
