times:
  edit-metadata: 1.7405837178230286
  landing: 0.9384027235209942
  view-data: 3.3253385834395885
