times:
  edit-metadata: 0.5987635920755565
  landing: 0.0429292400367558
  view-data: 0.21949381998274475
