times:
  edit-metadata: 1.5758891347795725
  landing: 0.7463559471070766
  view-data: 3.423224739730358
