times:
  edit-metadata: 1.3104666601866484
  landing: 0.9737749700434506
  view-data: 3.3572384510189295
