times:
  edit-metadata: 1.4027587436139584
  landing: 0.2427485566586256
  view-data: 0.026921346783638
