times:
  edit-metadata: 1.4100420959293842
  landing: 0.9047758132219315
  view-data: 3.3206521198153496
