times:
  edit-metadata: 1.7228624057024717
  landing: 0.12237269058823586
  view-data: 0.12400269508361816
