times:
  edit-metadata: 1.6480137128382921
  landing: 0.13318662904202938
  view-data: 0.3114808816462755
