times:
  edit-metadata: 1.4066040366888046
  landing: 0.024203957058489323
  view-data: 0.026108281686902046
