times:
  edit-metadata: 1.5712337456643581
  landing: 0.7997626066207886
  view-data: 3.4593552574515343
