times:
  edit-metadata: 0.49163958500139415
  landing: 0.05999970901757479
  view-data: 0.2104078868869692
