times:
  edit-metadata: 0.5801409669220448
  landing: 0.09453207813203335
  view-data: 0.2895715683698654
