times:
  edit-metadata: 1.3565669609233737
  landing: 0.2052398044615984
  view-data: 0.43137829191982746
