times:
  edit-metadata: 1.369821647182107
  landing: 0.02270493656396866
  view-data: 0.025132794864475727
