times:
  edit-metadata: 1.4275177288800478
  landing: 0.698849628912285
  view-data: 3.328720093006268
