times:
  edit-metadata: 1.2823034226894379
  landing: 0.6911364207044244
  view-data: 3.267305606044829
