times:
  edit-metadata: 0.5762724430005619
  landing: 0.047053399000105856
  view-data: 0.2087621090004177
