times:
  edit-metadata: 1.2903550155460835
  landing: 0.02040540613234043
  view-data: 0.18952349945902824
