times:
  edit-metadata: 0.5346109298989177
  landing: 0.05549085792154074
  view-data: 0.21152934711426497
