times:
  edit-metadata: 1.8890686575323343
  landing: 0.3557401727885008
  view-data: 0.2805429119616747
