times:
  edit-metadata: 1.5893341396003962
  landing: 0.7421653904020786
  view-data: 3.4145674239844084
