times:
  edit-metadata: 0.5813700369981234
  landing: 0.1530343139966135
  view-data: 0.21239908399729757
