times:
  edit-metadata: 1.933536358177662
  landing: 1.0301047638058662
  view-data: 3.381738930940628
