times:
  edit-metadata: 0.5010404780041426
  landing: 0.06478454708121717
  view-data: 0.20942636602558196
