times:
  edit-metadata: 1.5815004352480173
  landing: 0.35883056931197643
  view-data: 0.38384016789495945
