times:
  edit-metadata: 1.5369652770459652
  landing: 0.7212358899414539
  view-data: 3.410789331421256
