times:
  edit-metadata: 1.4143033735454082
  landing: 0.18244355451315641
  view-data: 0.02345260977745056
