times:
  edit-metadata: 1.3898736983537674
  landing: 0.7698986232280731
  view-data: 3.387873765081167
