times:
  edit-metadata: 1.4176349565386772
  landing: 0.1163123082369566
  view-data: 0.02655828930437565
