times:
  edit-metadata: 1.9597553638741374
  landing: 0.8329426068812609
  view-data: 3.447678164113313
