times:
  edit-metadata: 0.8135613091289997
  landing: 0.1276065963320434
  view-data: 0.29231707425788045
