times:
  edit-metadata: 0.8620201720041223
  landing: 0.047967699996661395
  view-data: 0.22326802898896858
