times:
  edit-metadata: 1.5294165089726448
  landing: 0.8351615145802498
  view-data: 3.325456067919731
