times:
  edit-metadata: 1.4371935799717903
  landing: 0.6694714892655611
  view-data: 3.312088320031762
