times:
  edit-metadata: 1.5288231410086155
  landing: 0.7613838147372007
  view-data: 0.569726312533021
