times:
  edit-metadata: 1.510549707338214
  landing: 0.7546375691890717
  view-data: 3.4179552160203457
