times:
  edit-metadata: 1.4426542464643717
  landing: 0.13873922266066074
  view-data: 0.02673250623047352
