times:
  edit-metadata: 1.5587313883006573
  landing: 0.021104872226715088
  view-data: 0.02640436589717865
