times:
  edit-metadata: 1.368243481963873
  landing: 0.021842971444129944
  view-data: 0.12932191975414753
