times:
  edit-metadata: 0.5129588879644871
  landing: 0.0721237719990313
  view-data: 0.210225114133209
