times:
  edit-metadata: 1.7819147910922766
  landing: 0.024283751845359802
  view-data: 0.02542644739151001
