times:
  edit-metadata: 1.3665730329230428
  landing: 0.02223147824406624
  view-data: 0.026904896833002567
