times:
  edit-metadata: 1.443662190809846
  landing: 0.9127682186663151
  view-data: 3.4218334667384624
