times:
  edit-metadata: 0.749843493103981
  landing: 0.06682247994467616
  view-data: 0.3228641930036247
