times:
  edit-metadata: 1.5794638395309448
  landing: 0.8809921592473984
  view-data: 3.52957159653306
