times:
  edit-metadata: 1.4583056941628456
  landing: 1.0159598588943481
  view-data: 3.289578229188919
