times:
  edit-metadata: 1.4358271840028465
  landing: 0.8561903801746666
  view-data: 3.354094116948545
