times:
  edit-metadata: 0.5115197439445183
  landing: 0.06531736708711833
  view-data: 0.2061986109474674
