times:
  edit-metadata: 0.49225383112207055
  landing: 0.07587517891079187
  view-data: 0.21882726508192718
