times:
  edit-metadata: 1.4839166179299355
  landing: 0.7070686481893063
  view-data: 3.283808071166277
