times:
  edit-metadata: 1.370051784440875
  landing: 0.6623912639915943
  view-data: 3.340407157316804
