times:
  edit-metadata: 1.361584223806858
  landing: 0.12872587144374847
  view-data: 0.13641692325472832
