times:
  edit-metadata: 1.6536365561187267
  landing: 1.0463209450244904
  view-data: 3.462378777563572
