times:
  edit-metadata: 0.593212733976543
  landing: 0.04984483798034489
  view-data: 0.22320948401466012
