times:
  edit-metadata: 1.444665864109993
  landing: 0.22905085049569607
  view-data: 0.023746777325868607
