times:
  edit-metadata: 0.5051156419795007
  landing: 0.07642774796113372
  view-data: 0.21127150091342628
