times:
  edit-metadata: 1.5246190316975117
  landing: 0.9034620262682438
  view-data: 3.3569409027695656
