times:
  edit-metadata: 1.5733383167535067
  landing: 0.889484379440546
  view-data: 3.361118543893099
