times:
  edit-metadata: 1.333739566616714
  landing: 0.14404951315373182
  view-data: 0.09700681734830141
