times:
  edit-metadata: 1.4401564914733171
  landing: 0.14682135917246342
  view-data: 0.28819223307073116
