times:
  edit-metadata: 0.5762368529103696
  landing: 0.06941589387133718
  view-data: 0.22627795673906803
