times:
  edit-metadata: 1.5771439038217068
  landing: 0.20527208782732487
  view-data: 0.3919839709997177
