times:
  edit-metadata: 1.3776966854929924
  landing: 0.1921304613351822
  view-data: 0.3007452208548784
