times:
  edit-metadata: 1.5354175120592117
  landing: 0.21546762809157372
  view-data: 0.1735860612243414
