times:
  edit-metadata: 1.3382363263517618
  landing: 0.02274325769394636
  view-data: 0.026154697872698307
