times:
  edit-metadata: 0.6405139889102429
  landing: 0.10673083295114338
  view-data: 0.23840639390982687
