times:
  edit-metadata: 1.3771800138056278
  landing: 0.850483562797308
  view-data: 3.2977572716772556
