times:
  edit-metadata: 1.3659132421016693
  landing: 0.025197524577379227
  view-data: 0.025718411430716515
