times:
  edit-metadata: 1.6088592894375324
  landing: 0.7670844420790672
  view-data: 3.309385448694229
