times:
  edit-metadata: 1.4288999792188406
  landing: 0.1890843939036131
  view-data: 0.023189052939414978
