times:
  edit-metadata: 1.440731031820178
  landing: 0.1871492639183998
  view-data: 0.2622560244053602
