times:
  edit-metadata: 1.7507748883217573
  landing: 0.022520247846841812
  view-data: 0.14857002533972263
