times:
  edit-metadata: 1.614057945087552
  landing: 0.022019393742084503
  view-data: 0.024730168282985687
