times:
  edit-metadata: 1.3185773398727179
  landing: 0.021230109967291355
  view-data: 0.10241698659956455
