times:
  edit-metadata: 1.7420160016044974
  landing: 1.4071992421522737
  view-data: 3.5371654219925404
