times:
  edit-metadata: 1.4015665370970964
  landing: 0.13555089570581913
  view-data: 0.13408945128321648
