times:
  edit-metadata: 1.5454820543527603
  landing: 0.01987336203455925
  view-data: 0.02592429891228676
