times:
  edit-metadata: 1.6885010823607445
  landing: 1.2307787202298641
  view-data: 3.483101725578308
