times:
  edit-metadata: 1.5905058719217777
  landing: 0.8405959494411945
  view-data: 3.3157623410224915
