times:
  edit-metadata: 1.5313515104353428
  landing: 0.9099914096295834
  view-data: 3.338806800544262
