times:
  edit-metadata: 1.4051729962229729
  landing: 0.7203121818602085
  view-data: 3.3144445084035397
