times:
  edit-metadata: 1.458891169168055
  landing: 0.6883913981728256
  view-data: 3.3122816872783005
