times:
  edit-metadata: 1.4365438129752874
  landing: 0.8552948210854083
  view-data: 3.3890054458752275
