times:
  edit-metadata: 0.5952707329997793
  landing: 0.06367634399794042
  view-data: 0.22007933899294585
