times:
  edit-metadata: 0.5111856029834598
  landing: 0.06667102198116481
  view-data: 0.2115601298864931
