times:
  edit-metadata: 1.4660532735288143
  landing: 0.14364857785403728
  view-data: 0.02850918658077717
