times:
  edit-metadata: 1.5053711645305157
  landing: 0.7380041927099228
  view-data: 3.423702906817198
