times:
  edit-metadata: 1.5030989050865173
  landing: 0.7532369438558817
  view-data: 3.4176606200635433
