times:
  edit-metadata: 1.9040878862142563
  landing: 1.5086511671543121
  view-data: 3.48297431319952
