times:
  edit-metadata: 1.5830908846110106
  landing: 0.7435833662748337
  view-data: 3.3741598203778267
