times:
  edit-metadata: 2.291783180087805
  landing: 0.21893278136849403
  view-data: 0.3952065482735634
