times:
  edit-metadata: 0.5180627460358664
  landing: 0.056844871025532484
  view-data: 0.20969214802607894
