times:
  edit-metadata: 1.4034077432006598
  landing: 0.02163640595972538
  view-data: 0.10332390107214451
