times:
  edit-metadata: 1.4798544682562351
  landing: 0.7906761057674885
  view-data: 3.385915294289589
