times:
  edit-metadata: 0.5809649238362908
  landing: 0.05109398486092687
  view-data: 0.2095358637161553
