times:
  edit-metadata: 1.7736884616315365
  landing: 0.02092481404542923
  view-data: 0.29229856841266155
