times:
  edit-metadata: 1.4114109296351671
  landing: 0.8504396169446409
  view-data: 3.4060519677586854
