times:
  edit-metadata: 1.4431897159665823
  landing: 0.14107093214988708
  view-data: 0.12584594450891018
