times:
  edit-metadata: 0.5196230179863051
  landing: 0.06995563895907253
  view-data: 0.2162334870081395
