times:
  edit-metadata: 0.7167753977701068
  landing: 0.07202355191111565
  view-data: 0.20819356199353933
