times:
  edit-metadata: 1.608214121311903
  landing: 0.7890362590551376
  view-data: 3.394657727330923
