times:
  edit-metadata: 1.399745475500822
  landing: 0.7051913440227509
  view-data: 3.3838315531611443
