times:
  edit-metadata: 1.584266472607851
  landing: 0.13681937754154205
  view-data: 0.055285846814513206
