times:
  edit-metadata: 1.3434807928279042
  landing: 0.022028831765055656
  view-data: 0.10055618360638618
