times:
  edit-metadata: 1.5328485611826181
  landing: 0.2543602008372545
  view-data: 0.025828948244452477
