times:
  edit-metadata: 2.81264179199934
  landing: 1.3303772322833538
  view-data: 3.661029614508152
