times:
  edit-metadata: 1.5158030092716217
  landing: 0.8130242768675089
  view-data: 3.3871465008705854
