times:
  edit-metadata: 1.3803044613450766
  landing: 0.12085061334073544
  view-data: 0.026310347020626068
