times:
  edit-metadata: 0.49038156401365995
  landing: 0.07013180386275053
  view-data: 0.21208829386159778
