times:
  edit-metadata: 1.5416689421981573
  landing: 0.8760839542374015
  view-data: 3.3608973873779178
