times:
  edit-metadata: 1.5942640285938978
  landing: 0.31711841747164726
  view-data: 0.13293242827057838
