times:
  edit-metadata: 0.5364115512929857
  landing: 0.05678598303347826
  view-data: 0.2204626682214439
