times:
  edit-metadata: 2.5044822841882706
  landing: 1.395283566787839
  view-data: 3.4227070286870003
