times:
  edit-metadata: 0.6087219510227442
  landing: 0.04673302103765309
  view-data: 0.22979841800406575
