times:
  edit-metadata: 1.7019612155854702
  landing: 0.8795360960066319
  view-data: 3.3695671912282705
