times:
  edit-metadata: 1.5794307300820947
  landing: 0.8077986882999539
  view-data: 3.35997586324811
