times:
  edit-metadata: 1.5509221814572811
  landing: 0.8908401429653168
  view-data: 3.3201456665992737
