times:
  edit-metadata: 1.498952254652977
  landing: 0.7980480622500181
  view-data: 3.357690319418907
