times:
  edit-metadata: 1.5485017308965325
  landing: 0.7823000065982342
  view-data: 3.3765058889985085
