times:
  edit-metadata: 1.4934734851121902
  landing: 0.17196951806545258
  view-data: 0.02786492556333542
