times:
  edit-metadata: 1.4124041479080915
  landing: 0.8319726251065731
  view-data: 3.2993164248764515
