times:
  edit-metadata: 0.4941620249301195
  landing: 0.06454507797025144
  view-data: 0.22444619005545974
