times:
  edit-metadata: 0.5113634099252522
  landing: 0.07152764103375375
  view-data: 0.2157462639734149
