times:
  edit-metadata: 0.5709773459821008
  landing: 0.047178274020552635
  view-data: 0.2383946250192821
