times:
  edit-metadata: 1.517574967816472
  landing: 0.7798522636294365
  view-data: 3.3949336279183626
