times:
  edit-metadata: 1.5375345423817635
  landing: 0.8095165640115738
  view-data: 3.4316204451024532
