times:
  edit-metadata: 1.347531147301197
  landing: 0.12695651687681675
  view-data: 0.12104038801044226
