times:
  edit-metadata: 1.5079330801963806
  landing: 0.8026965633034706
  view-data: 3.4406531900167465
