times:
  edit-metadata: 0.7859216490760446
  landing: 0.12707174895331264
  view-data: 0.2211077269166708
