times:
  edit-metadata: 1.4610044546425343
  landing: 0.6742905154824257
  view-data: 3.3137137070298195
