times:
  edit-metadata: 1.4989524334669113
  landing: 0.019125167280435562
  view-data: 0.044235166162252426
