times:
  edit-metadata: 1.302201323211193
  landing: 0.9666304644197226
  view-data: 3.275218650698662
