times:
  edit-metadata: 1.4117759615182877
  landing: 0.8148229159414768
  view-data: 3.3265593349933624
