times:
  edit-metadata: 1.4870004151016474
  landing: 0.7463521026074886
  view-data: 3.3539587166160345
