times:
  edit-metadata: 0.5937416050001048
  landing: 0.04802335500426125
  view-data: 0.2152345630020136
