times:
  edit-metadata: 1.5321043767035007
  landing: 0.914715364575386
  view-data: 3.3928293213248253
