times:
  edit-metadata: 2.369825421832502
  landing: 0.019928453490138054
  view-data: 0.022411111742258072
