times:
  edit-metadata: 0.6471245090069715
  landing: 0.12680566601920873
  view-data: 0.24535449899849482
