times:
  edit-metadata: 1.3573586912825704
  landing: 0.021075590513646603
  view-data: 0.12394568137824535
