times:
  edit-metadata: 0.5197200479451567
  landing: 0.04948101215995848
  view-data: 0.21588389901444316
