times:
  edit-metadata: 1.7893450558185577
  landing: 1.0074855238199234
  view-data: 3.404060833156109
