times:
  edit-metadata: 0.5051519849803299
  landing: 0.0677842729492113
  view-data: 0.20998674107249826
