times:
  edit-metadata: 1.3703484637662768
  landing: 0.021365768276154995
  view-data: 0.12012471910566092
