times:
  edit-metadata: 2.6051337542012334
  landing: 1.4017375940456986
  view-data: 3.6760348649695516
