times:
  edit-metadata: 1.3728624051436782
  landing: 0.12754844222217798
  view-data: 0.023574771359562874
