times:
  edit-metadata: 1.4001473281532526
  landing: 0.022071700543165207
  view-data: 0.13846704736351967
