times:
  edit-metadata: 0.6571333268657327
  landing: 0.10629211971536279
  view-data: 0.3004952510818839
