times:
  edit-metadata: 1.5697063002735376
  landing: 0.8072980400174856
  view-data: 3.4581320118159056
