times:
  edit-metadata: 1.3944826247170568
  landing: 0.12266327161341906
  view-data: 0.11934279464185238
