times:
  edit-metadata: 1.5127234868705273
  landing: 0.40482633002102375
  view-data: 0.48496511951088905
