times:
  edit-metadata: 1.430935482494533
  landing: 0.8170798625797033
  view-data: 3.403312017209828
