times:
  edit-metadata: 1.3705126903951168
  landing: 0.021817577071487904
  view-data: 0.42984450329095125
