times:
  edit-metadata: 1.8061729921028018
  landing: 0.020700261928141117
  view-data: 0.026076732203364372
