times:
  edit-metadata: 1.353686798363924
  landing: 0.8396296240389347
  view-data: 3.420128557831049
