times:
  edit-metadata: 3.3064529336988926
  landing: 1.4169019274413586
  view-data: 3.490896362811327
