times:
  edit-metadata: 1.490047127008438
  landing: 0.27401120960712433
  view-data: 0.24149693176150322
