times:
  edit-metadata: 1.3477092143148184
  landing: 0.02366913016885519
  view-data: 0.025371055118739605
