times:
  edit-metadata: 0.49764080499880947
  landing: 0.06978356699983124
  view-data: 0.213481804006733
