times:
  edit-metadata: 1.4807356763631105
  landing: 0.9722489258274436
  view-data: 3.3803993412293494
