times:
  edit-metadata: 1.3250422505661845
  landing: 0.020463249646127224
  view-data: 0.02757780347019434
