times:
  edit-metadata: 1.4508356600999832
  landing: 0.020272810012102127
  view-data: 0.02557777613401413
