times:
  edit-metadata: 1.5923037119209766
  landing: 0.8037913739681244
  view-data: 3.4422981925308704
