times:
  edit-metadata: 1.3981216475367546
  landing: 0.8493207395076752
  view-data: 3.357122352346778
