times:
  edit-metadata: 0.5060689629754052
  landing: 0.06047392694745213
  view-data: 0.21146387397311628
