times:
  edit-metadata: 1.3621159037575126
  landing: 0.022515536285936832
  view-data: 0.02758506778627634
