times:
  edit-metadata: 1.3684150530025363
  landing: 0.022298690862953663
  view-data: 0.22578043304383755
