times:
  edit-metadata: 1.7100677993148565
  landing: 0.9046210395172238
  view-data: 3.4054743219166994
