times:
  edit-metadata: 1.712052945047617
  landing: 0.2002457156777382
  view-data: 0.3618384152650833
