times:
  edit-metadata: 0.5338371619582176
  landing: 0.049700783973094076
  view-data: 0.20753755001351237
