times:
  edit-metadata: 2.310259949415922
  landing: 1.544881820678711
  view-data: 3.4613845124840736
