times:
  edit-metadata: 1.3641754050040618
  landing: 0.7523867409909144
  view-data: 3.2813998070778325
