times:
  edit-metadata: 1.4503951352089643
  landing: 0.15014463290572166
  view-data: 0.02284303680062294
