times:
  edit-metadata: 1.525974528864026
  landing: 0.7492863647639751
  view-data: 3.379680907353759
