times:
  edit-metadata: 1.4499111138284206
  landing: 0.8980712108314037
  view-data: 3.336770486086607
