times:
  edit-metadata: 1.458181451074779
  landing: 0.7098335847258568
  view-data: 3.3312421711161733
