times:
  edit-metadata: 1.3502820013090968
  landing: 0.02379314973950386
  view-data: 0.4454307295382023
