times:
  edit-metadata: 1.556768897920847
  landing: 0.9104229956865311
  view-data: 3.328841060400009
