times:
  edit-metadata: 1.3689208533614874
  landing: 0.8726600743830204
  view-data: 3.3027726532891393
