times:
  edit-metadata: 1.453047327697277
  landing: 0.7644256763160229
  view-data: 3.3240143060684204
