times:
  edit-metadata: 1.392523623071611
  landing: 0.02004864439368248
  view-data: 0.024045865051448345
