times:
  edit-metadata: 1.3627811521291733
  landing: 0.0194755457341671
  view-data: 0.023570481687784195
