times:
  edit-metadata: 1.4547949628904462
  landing: 0.8833424057811499
  view-data: 3.415767909027636
