times:
  edit-metadata: 1.631281616166234
  landing: 0.789522523060441
  view-data: 3.420106941834092
