times:
  edit-metadata: 1.5091576855629683
  landing: 0.020098673179745674
  view-data: 0.3124873507767916
