times:
  edit-metadata: 1.5050805024802685
  landing: 0.7574912421405315
  view-data: 3.402074683457613
