times:
  edit-metadata: 1.7818338740617037
  landing: 0.9032298540696502
  view-data: 3.4307244569063187
