times:
  edit-metadata: 0.5785360122099519
  landing: 0.07090163975954056
  view-data: 0.22406568797305226
