times:
  edit-metadata: 1.4872212447226048
  landing: 0.8236004710197449
  view-data: 3.2808007560670376
