times:
  edit-metadata: 1.431661954964511
  landing: 0.024986276985146105
  view-data: 0.023548629018478096
