times:
  edit-metadata: 1.4654600508511066
  landing: 0.9282656498253345
  view-data: 3.4040456414222717
