times:
  edit-metadata: 1.5018645450472832
  landing: 0.020948393270373344
  view-data: 0.31199306435883045
