times:
  edit-metadata: 1.5608242247253656
  landing: 0.8149758297950029
  view-data: 3.410540197044611
