times:
  edit-metadata: 2.5826894091442227
  landing: 1.2057576505467296
  view-data: 3.8155170204117894
