times:
  edit-metadata: 1.5358589980751276
  landing: 0.7542582526803017
  view-data: 3.4084821976721287
