times:
  edit-metadata: 1.4789474606513977
  landing: 0.12487525679171085
  view-data: 0.02722972072660923
