times:
  edit-metadata: 1.3500099666416645
  landing: 0.021746753714978695
  view-data: 0.09516637958586216
