times:
  edit-metadata: 1.411786936223507
  landing: 0.6520177610218525
  view-data: 3.2780325189232826
