times:
  edit-metadata: 1.394460940733552
  landing: 0.02087449561804533
  view-data: 0.02578459307551384
