times:
  edit-metadata: 1.9262165017426014
  landing: 1.7022162899374962
  view-data: 3.4627102687954903
