times:
  edit-metadata: 1.4400083785876632
  landing: 0.020983368158340454
  view-data: 0.23077205754816532
