times:
  edit-metadata: 1.8020530715584755
  landing: 1.2845338806509972
  view-data: 3.374135944992304
