times:
  edit-metadata: 1.4650419000536203
  landing: 0.13691316917538643
  view-data: 0.023132937029004097
