times:
  edit-metadata: 1.4313487219624221
  landing: 0.7278020270168781
  view-data: 3.309673364041373
