times:
  edit-metadata: 1.404205484315753
  landing: 0.018552633002400398
  view-data: 0.023257728666067123
