times:
  edit-metadata: 1.5071268863976002
  landing: 0.11330420337617397
  view-data: 0.3061814699321985
