times:
  edit-metadata: 0.5910615408793092
  landing: 0.06548076309263706
  view-data: 0.2370020248927176
