times:
  edit-metadata: 0.6013368889689445
  landing: 0.044910636032000184
  view-data: 0.22546929097734392
