times:
  edit-metadata: 1.5242108111269772
  landing: 0.8201086381450295
  view-data: 3.362755503039807
