times:
  edit-metadata: 1.3330067181959748
  landing: 0.02000254951417446
  view-data: 0.11011580843478441
