times:
  edit-metadata: 2.142103689722717
  landing: 0.3018470201641321
  view-data: 0.5348411938175559
