times:
  edit-metadata: 1.422343729995191
  landing: 0.7223170078359544
  view-data: 3.3223333042114973
