times:
  edit-metadata: 1.8601265959441662
  landing: 0.9996650032699108
  view-data: 3.4072428457438946
