times:
  edit-metadata: 1.331677032634616
  landing: 0.0257780933752656
  view-data: 0.10263453237712383
