times:
  edit-metadata: 0.5803822519956157
  landing: 0.08456211700104177
  view-data: 0.22010848496574908
