times:
  edit-metadata: 1.4807257503271103
  landing: 0.14715237729251385
  view-data: 0.36543625593185425
