times:
  edit-metadata: 1.3880737330764532
  landing: 0.1169971413910389
  view-data: 0.023964575491845608
