times:
  edit-metadata: 0.5008900491520762
  landing: 0.07269273395650089
  view-data: 0.21874768496491015
