times:
  edit-metadata: 1.4834485882893205
  landing: 0.019838616251945496
  view-data: 0.3802401255816221
