times:
  edit-metadata: 0.5094490139745176
  landing: 0.06143933511339128
  view-data: 0.20765863312408328
