times:
  edit-metadata: 1.5131434425711632
  landing: 0.7864990066736937
  view-data: 3.4442852418869734
