times:
  edit-metadata: 1.432795662432909
  landing: 0.8621162138879299
  view-data: 3.3268855810165405
