times:
  edit-metadata: 1.4038375746458769
  landing: 0.6854643113911152
  view-data: 3.2952767461538315
