times:
  edit-metadata: 0.4931153180077672
  landing: 0.07320216810330749
  view-data: 0.22681853733956814
