times:
  edit-metadata: 1.9622864797711372
  landing: 1.6325470581650734
  view-data: 3.3968377001583576
