times:
  edit-metadata: 1.6175073646008968
  landing: 0.8576739821583033
  view-data: 3.4515307806432247
