times:
  edit-metadata: 0.7446964313276112
  landing: 0.06277595506981015
  view-data: 0.28084842022508383
