times:
  edit-metadata: 1.5731758438050747
  landing: 0.7738364934921265
  view-data: 3.2947064004838467
