times:
  edit-metadata: 0.5063486588187516
  landing: 0.0569316940382123
  view-data: 0.34645825903862715
