times:
  edit-metadata: 1.3574971873313189
  landing: 0.022135638631880283
  view-data: 0.027487972751259804
