times:
  edit-metadata: 1.4314518682658672
  landing: 0.9326710738241673
  view-data: 3.461764007806778
