times:
  edit-metadata: 0.5103842329699546
  landing: 0.05091195600107312
  view-data: 0.21131285792216659
