times:
  edit-metadata: 1.3998602669453248
  landing: 0.8610469090053812
  view-data: 3.3371602109400555
