times:
  edit-metadata: 1.4446011669933796
  landing: 0.8903319854289293
  view-data: 3.393339842557907
