times:
  edit-metadata: 1.5460523460060358
  landing: 0.14339814893901348
  view-data: 0.35959118604660034
