times:
  edit-metadata: 1.5041131731122732
  landing: 0.7179238125681877
  view-data: 3.356720196083188
