times:
  edit-metadata: 1.4884597063064575
  landing: 0.8238804638385773
  view-data: 3.2957958094775677
