times:
  edit-metadata: 1.5671299565583467
  landing: 0.9417220931500196
  view-data: 3.429218572564423
