times:
  edit-metadata: 1.5172149389982224
  landing: 0.8967269994318485
  view-data: 3.4186070896685123
