times:
  edit-metadata: 2.320776294916868
  landing: 0.31469250097870827
  view-data: 0.18425430171191692
