times:
  edit-metadata: 1.3915032781660557
  landing: 0.019973793998360634
  view-data: 0.02537745051085949
