times:
  edit-metadata: 1.4671489465981722
  landing: 0.6967914327979088
  view-data: 3.354033023118973
