times:
  edit-metadata: 0.6390263840148691
  landing: 0.1064347309875302
  view-data: 0.28148389601847157
