times:
  edit-metadata: 1.3366274423897266
  landing: 0.021796648390591145
  view-data: 0.023842270486056805
