times:
  edit-metadata: 1.3566193552687764
  landing: 0.10348139889538288
  view-data: 0.45967327523976564
