times:
  edit-metadata: 1.586650000885129
  landing: 0.8120721206068993
  view-data: 3.464195115491748
