times:
  edit-metadata: 1.6696538757532835
  landing: 0.7564680352807045
  view-data: 3.317577915266156
