times:
  edit-metadata: 1.8181606344878674
  landing: 1.2130516357719898
  view-data: 3.396040163934231
