times:
  edit-metadata: 0.6144065690459684
  landing: 0.04897381900809705
  view-data: 0.22004241996910423
