times:
  edit-metadata: 1.5069645382463932
  landing: 0.8669513203203678
  view-data: 3.40418691188097
