times:
  edit-metadata: 1.4584264680743217
  landing: 1.525475848466158
  view-data: 3.3530417755246162
