times:
  edit-metadata: 0.5736494760494679
  landing: 0.09133760497206822
  view-data: 0.23682533396640792
