times:
  edit-metadata: 0.5109903579577804
  landing: 0.06876793003175408
  view-data: 0.22005915304180235
