times:
  edit-metadata: 1.3854237655177712
  landing: 0.02137696836143732
  view-data: 0.4142069723457098
