times:
  edit-metadata: 2.026118946261704
  landing: 0.9212171258404851
  view-data: 3.601085494272411
