times:
  edit-metadata: 1.462683788035065
  landing: 0.7868762640282512
  view-data: 3.3690782068297267
