times:
  edit-metadata: 0.7397490190342069
  landing: 0.058638819959014654
  view-data: 0.21537994919344783
