times:
  edit-metadata: 2.2247867919504642
  landing: 0.8061578720808029
  view-data: 3.4353200793266296
