times:
  edit-metadata: 0.5035803930368274
  landing: 0.06095604307483882
  view-data: 0.3365986329736188
