times:
  edit-metadata: 1.425794773036614
  landing: 0.8420717229600996
  view-data: 3.3623786859679967
