times:
  edit-metadata: 0.5015292530879378
  landing: 0.06347491615451872
  view-data: 0.22255895310081542
