times:
  edit-metadata: 1.3747514821588993
  landing: 0.8361835889518261
  view-data: 3.189163811504841
