times:
  edit-metadata: 1.5229992028325796
  landing: 0.029301302507519722
  view-data: 0.38360985182225704
