times:
  edit-metadata: 1.6051726751029491
  landing: 0.7670653518289328
  view-data: 3.3676865249872208
