times:
  edit-metadata: 1.3363773990422487
  landing: 0.20147623121738434
  view-data: 0.11828899662941694
