times:
  edit-metadata: 1.3883677823469043
  landing: 0.146113152615726
  view-data: 0.3340803002938628
