times:
  edit-metadata: 1.3897831905633211
  landing: 0.02295522950589657
  view-data: 0.3076057080179453
