times:
  edit-metadata: 1.3485257746651769
  landing: 0.1185511089861393
  view-data: 0.11658300831913948
