times:
  edit-metadata: 1.5390894780866802
  landing: 0.7934770919382572
  view-data: 3.3760127020068467
