times:
  edit-metadata: 1.482025247067213
  landing: 0.18682123720645905
  view-data: 0.024570096284151077
