times:
  edit-metadata: 0.511653752066195
  landing: 0.06132929306477308
  view-data: 0.21261102985590696
