times:
  edit-metadata: 1.3463131859898567
  landing: 0.207646818831563
  view-data: 0.13208195008337498
