times:
  edit-metadata: 1.3510958012193441
  landing: 0.022033657878637314
  view-data: 0.12191172782331705
