times:
  edit-metadata: 0.4980728019727394
  landing: 0.057570140925236046
  view-data: 0.21328271308448166
