times:
  edit-metadata: 0.5775724011473358
  landing: 0.13417199021205306
  view-data: 0.21795797673985362
