times:
  edit-metadata: 1.7667629532516003
  landing: 0.998457346111536
  view-data: 3.473804920911789
