times:
  edit-metadata: 1.4243270438164473
  landing: 0.019142773933708668
  view-data: 0.26903347112238407
