times:
  edit-metadata: 1.3706017779186368
  landing: 0.01968545652925968
  view-data: 0.20135056879371405
