times:
  edit-metadata: 1.5512442830950022
  landing: 1.0177683643996716
  view-data: 3.326601641252637
