times:
  edit-metadata: 1.3699284978210926
  landing: 0.7236583046615124
  view-data: 3.3109259828925133
