times:
  edit-metadata: 0.5145158087834716
  landing: 0.05939767183735967
  view-data: 0.22602733317762613
