times:
  edit-metadata: 1.4362644478678703
  landing: 0.01912526972591877
  view-data: 0.4001091942191124
