times:
  edit-metadata: 0.5910407630144618
  landing: 0.04556061897892505
  view-data: 0.23735004803165793
