times:
  edit-metadata: 1.5571681205183268
  landing: 0.21255413442850113
  view-data: 0.12472315691411495
