times:
  edit-metadata: 1.5044084582477808
  landing: 0.2174314446747303
  view-data: 0.4500852720811963
