times:
  edit-metadata: 0.6306036151945591
  landing: 0.18998183915391564
  view-data: 0.22442638408392668
