times:
  edit-metadata: 1.3746001031249762
  landing: 0.1342185065150261
  view-data: 0.12696062214672565
