times:
  edit-metadata: 1.4183032382279634
  landing: 0.11277173832058907
  view-data: 0.02548050694167614
