times:
  edit-metadata: 1.52383922226727
  landing: 0.17666135169565678
  view-data: 0.14325296320021152
