times:
  edit-metadata: 1.4690564703196287
  landing: 0.018601927906274796
  view-data: 0.32304712012410164
