times:
  edit-metadata: 1.6406344156712294
  landing: 0.01975211873650551
  view-data: 0.3517914116382599
