times:
  edit-metadata: 1.607800243422389
  landing: 0.9678415413945913
  view-data: 3.365370251238346
