times:
  edit-metadata: 0.5029621139983647
  landing: 0.07428652799717383
  view-data: 0.2208326260006288
