times:
  edit-metadata: 1.4202765179798007
  landing: 0.8325347490608692
  view-data: 3.467693374492228
