times:
  edit-metadata: 2.032212732359767
  landing: 1.0884118992835283
  view-data: 3.8621353544294834
