times:
  edit-metadata: 1.4263961566612124
  landing: 0.1499410616233945
  view-data: 0.024663550779223442
