times:
  edit-metadata: 1.35952328145504
  landing: 0.021188534796237946
  view-data: 0.368302040733397
