times:
  edit-metadata: 1.4654433075338602
  landing: 0.24557243660092354
  view-data: 0.24328376725316048
