times:
  edit-metadata: 1.6336243152618408
  landing: 0.8092066943645477
  view-data: 3.444138314574957
