times:
  edit-metadata: 1.5342018343508244
  landing: 0.7407950591295958
  view-data: 3.4192155078053474
