times:
  edit-metadata: 1.3415743531659245
  landing: 0.021924560889601707
  view-data: 0.025761996395885944
