times:
  edit-metadata: 1.5028612986207008
  landing: 0.8947370536625385
  view-data: 3.4272140488028526
