times:
  edit-metadata: 1.7422326719388366
  landing: 0.2795864138752222
  view-data: 0.1602181103080511
