times:
  edit-metadata: 1.523289242759347
  landing: 0.12898538261651993
  view-data: 0.1491455864161253
