times:
  edit-metadata: 0.50607352796942
  landing: 0.06849842611700296
  view-data: 0.21737692784518003
