times:
  edit-metadata: 1.5305810812860727
  landing: 0.022416701540350914
  view-data: 0.025467634201049805
