times:
  edit-metadata: 1.5867076870054007
  landing: 0.8940850719809532
  view-data: 3.4556357339024544
