times:
  edit-metadata: 1.4335976904258132
  landing: 0.02221719454973936
  view-data: 0.0268790852278471
