times:
  edit-metadata: 1.6045899568125606
  landing: 0.7970280405133963
  view-data: 3.317336921580136
