times:
  edit-metadata: 2.9201100394129753
  landing: 1.5388097278773785
  view-data: 3.4056754037737846
