times:
  edit-metadata: 1.5535163544118404
  landing: 0.7842282503843307
  view-data: 3.403638329356909
