times:
  edit-metadata: 1.8554610051214695
  landing: 0.37053987942636013
  view-data: 0.17193688452243805
