times:
  edit-metadata: 1.520388949662447
  landing: 0.8738115774467587
  view-data: 3.408558689057827
