times:
  edit-metadata: 0.595134182003676
  landing: 0.05000513100094395
  view-data: 0.2298756950040115
