times:
  edit-metadata: 1.4524787673726678
  landing: 0.20379242673516273
  view-data: 0.39584257546812296
