times:
  edit-metadata: 0.6499387970252428
  landing: 0.13416792202042416
  view-data: 0.2567426390014589
