times:
  edit-metadata: 1.4008840741589665
  landing: 0.8648127829656005
  view-data: 3.383951255120337
