times:
  edit-metadata: 1.465811062604189
  landing: 0.8196638599038124
  view-data: 3.3518838845193386
