times:
  edit-metadata: 1.5450276520568877
  landing: 0.9009573489893228
  view-data: 3.3999912082217634
