times:
  edit-metadata: 1.371013831347227
  landing: 0.11680069752037525
  view-data: 0.3350105360150337
