times:
  edit-metadata: 0.4969979750458151
  landing: 0.06659872899763286
  view-data: 0.21441507805138826
