times:
  edit-metadata: 1.3556754030287266
  landing: 0.22157412953674793
  view-data: 0.02633810043334961
