times:
  edit-metadata: 1.4377634190022945
  landing: 0.9096214352175593
  view-data: 3.312914331443608
