times:
  edit-metadata: 1.5590556412935257
  landing: 0.9968259036540985
  view-data: 3.371650755405426
