times:
  edit-metadata: 1.5729175992310047
  landing: 0.8357448168098927
  view-data: 3.435646753758192
