times:
  edit-metadata: 0.5813942860113457
  landing: 0.045094678993336856
  view-data: 0.21768566899118014
