times:
  edit-metadata: 1.61137056350708
  landing: 0.744741415604949
  view-data: 3.448395473882556
