times:
  edit-metadata: 1.3768340181559324
  landing: 0.7871926445513964
  view-data: 3.3363811867311597
