times:
  edit-metadata: 1.4768240172415972
  landing: 0.1672135852277279
  view-data: 0.3402611315250397
