times:
  edit-metadata: 1.7475359300151467
  landing: 0.9771485649980605
  view-data: 3.6319736167788506
