times:
  edit-metadata: 1.4556582747027278
  landing: 0.8681714814156294
  view-data: 3.500962743535638
