times:
  edit-metadata: 1.9688295256346464
  landing: 1.1798832900822163
  view-data: 3.3940223399549723
