times:
  edit-metadata: 1.4807462077587843
  landing: 0.021564895287156105
  view-data: 0.13611271232366562
