times:
  edit-metadata: 1.3546758741140366
  landing: 0.02099007088690996
  view-data: 0.09907698445022106
