times:
  edit-metadata: 1.466378079727292
  landing: 0.02347768098115921
  view-data: 0.4307497516274452
