times:
  edit-metadata: 0.6141350399702787
  landing: 0.04448630893602967
  view-data: 0.21345651522278786
