times:
  edit-metadata: 1.4240486547350883
  landing: 0.8275594376027584
  view-data: 3.332242276519537
