times:
  edit-metadata: 1.8279015608131886
  landing: 0.1628861054778099
  view-data: 0.30062146484851837
