times:
  edit-metadata: 0.4902312229387462
  landing: 0.06350618414580822
  view-data: 0.20613877614960074
