times:
  edit-metadata: 0.5073362899711356
  landing: 0.0753535499679856
  view-data: 0.21395515598123893
