times:
  edit-metadata: 1.4563449509441853
  landing: 0.6850791741162539
  view-data: 3.3970128521323204
