times:
  edit-metadata: 1.5755573846399784
  landing: 0.8421674612909555
  view-data: 3.524286452680826
