times:
  edit-metadata: 0.4991211488377303
  landing: 0.07478235196322203
  view-data: 0.23647299502044916
