times:
  edit-metadata: 1.470423098653555
  landing: 0.19462459534406662
  view-data: 0.30162172578275204
