times:
  edit-metadata: 1.5490756332874298
  landing: 0.7531338706612587
  view-data: 3.387209989130497
