times:
  edit-metadata: 1.4362641228362918
  landing: 0.8540491149760783
  view-data: 3.3526993528939784
