times:
  edit-metadata: 1.610208360478282
  landing: 0.22254972718656063
  view-data: 0.4242392610758543
