times:
  edit-metadata: 1.5307092312723398
  landing: 0.723143232986331
  view-data: 3.39756678417325
