times:
  edit-metadata: 1.3238083012402058
  landing: 1.1298272050917149
  view-data: 3.356715239584446
