times:
  edit-metadata: 1.4608546299859881
  landing: 0.7039364730007946
  view-data: 3.394701886922121
