times:
  edit-metadata: 1.458731759339571
  landing: 0.819242674857378
  view-data: 3.4208112210035324
