times:
  edit-metadata: 1.6003860272467136
  landing: 0.13590391725301743
  view-data: 0.14910151064395905
