times:
  edit-metadata: 2.7141707502305508
  landing: 0.4147707372903824
  view-data: 0.9809716939926147
