times:
  edit-metadata: 0.4947153099346906
  landing: 0.06103381305001676
  view-data: 0.23225745698437095
