times:
  edit-metadata: 1.824458297342062
  landing: 1.8834408968687057
  view-data: 3.6208018539473414
