times:
  edit-metadata: 1.5564867313951254
  landing: 0.14393726736307144
  view-data: 0.1510336995124817
