times:
  edit-metadata: 1.958594137977343
  landing: 0.3481622080435045
  view-data: 0.5620580369723029
