times:
  edit-metadata: 1.4477701247669756
  landing: 0.7616379130631685
  view-data: 3.3601794689893723
