times:
  edit-metadata: 1.8279030909761786
  landing: 0.9730694843456149
  view-data: 3.6106508523225784
