times:
  edit-metadata: 2.015964901074767
  landing: 1.250145711004734
  view-data: 3.5028053410351276
