times:
  edit-metadata: 0.5058647848200053
  landing: 0.06992061901837587
  view-data: 0.23172351601533592
