times:
  edit-metadata: 1.6175396284088492
  landing: 1.0053128199651837
  view-data: 3.5044351276010275
