times:
  edit-metadata: 1.4214292643591762
  landing: 0.020892285741865635
  view-data: 0.4799772808328271
