times:
  edit-metadata: 0.6175844970275648
  landing: 0.04979937299503945
  view-data: 0.21863616100745276
