times:
  edit-metadata: 1.5484202280640602
  landing: 0.8240862414240837
  view-data: 3.271707184612751
