times:
  edit-metadata: 1.3862774819135666
  landing: 0.914388719946146
  view-data: 3.3936622813344
