times:
  edit-metadata: 1.9048583675175905
  landing: 0.023399900645017624
  view-data: 0.1758597567677498
