times:
  edit-metadata: 1.3385697081685066
  landing: 0.2005947334691882
  view-data: 0.12090139091014862
