times:
  edit-metadata: 1.3069138936698437
  landing: 0.020426022820174694
  view-data: 0.20439235121011734
