times:
  edit-metadata: 1.5179488668218255
  landing: 0.736163541674614
  view-data: 3.356343145482242
