times:
  edit-metadata: 1.698175946250558
  landing: 0.05329463072121143
  view-data: 0.4176843483000994
