times:
  edit-metadata: 1.8081521540880203
  landing: 1.3137234039604664
  view-data: 3.427722442895174
