times:
  edit-metadata: 1.5852389354258776
  landing: 0.1572077665477991
  view-data: 0.12753435783088207
