times:
  edit-metadata: 1.6221679374575615
  landing: 1.0917056202888489
  view-data: 3.3883728310465813
