times:
  edit-metadata: 0.5243609310127795
  landing: 0.07623613602481782
  view-data: 0.35299261193722486
