times:
  edit-metadata: 1.544837923720479
  landing: 0.7296766620129347
  view-data: 3.383181108161807
