times:
  edit-metadata: 1.4356930032372475
  landing: 0.9325054809451103
  view-data: 3.3685714341700077
