times:
  edit-metadata: 1.4424946885555983
  landing: 0.021254893392324448
  view-data: 0.43118637800216675
