times:
  edit-metadata: 0.4868247651029378
  landing: 0.07717756205238402
  view-data: 0.22377821314148605
