times:
  edit-metadata: 1.4294382510706782
  landing: 0.7187466640025377
  view-data: 3.320813558064401
