times:
  edit-metadata: 0.526837021810934
  landing: 0.05107810418121517
  view-data: 0.22648496204055846
