times:
  edit-metadata: 1.3430931810289621
  landing: 0.021600762382149696
  view-data: 0.02778074238449335
