times:
  edit-metadata: 0.6473361942917109
  landing: 0.09480353491380811
  view-data: 0.2355555770918727
