times:
  edit-metadata: 1.5373344738036394
  landing: 0.8302532806992531
  view-data: 3.5730818323791027
