times:
  edit-metadata: 1.4731935895979404
  landing: 0.8633615374565125
  view-data: 3.34001075476408
