times:
  edit-metadata: 1.533345516771078
  landing: 0.7554056029766798
  view-data: 3.3944290541112423
