times:
  edit-metadata: 1.7498953603208065
  landing: 0.7612064573913813
  view-data: 3.4898635651916265
