times:
  edit-metadata: 2.5680365529842675
  landing: 0.8886521789245307
  view-data: 3.3677027550293133
