times:
  edit-metadata: 1.3332433989271522
  landing: 0.7884635971859097
  view-data: 3.376920212060213
