times:
  edit-metadata: 1.5535584688186646
  landing: 0.7582814432680607
  view-data: 3.4581992719322443
