times:
  edit-metadata: 1.6272757593542337
  landing: 0.8121424578130245
  view-data: 3.4819558896124363
