times:
  edit-metadata: 1.3760563470423222
  landing: 0.8295843601226807
  view-data: 3.3351447619497776
