times:
  edit-metadata: 1.4298810958862305
  landing: 0.2066478580236435
  view-data: 0.11705951299518347
