times:
  edit-metadata: 1.5058463215827942
  landing: 0.9926070794463158
  view-data: 3.3897252939641476
