times:
  edit-metadata: 1.332156321965158
  landing: 0.025038188323378563
  view-data: 0.025871493853628635
