times:
  edit-metadata: 0.49594897899078205
  landing: 0.06118058500578627
  view-data: 0.20602473599137738
