times:
  edit-metadata: 1.7698369547724724
  landing: 1.080100703984499
  view-data: 3.789533767849207
