times:
  edit-metadata: 1.3664138233289123
  landing: 0.025381342507898808
  view-data: 0.02377296146005392
