times:
  edit-metadata: 1.4257677365094423
  landing: 0.021745875477790833
  view-data: 0.2916154209524393
