times:
  edit-metadata: 1.4387987619265914
  landing: 0.8289911211468279
  view-data: 3.3757214108482003
