times:
  edit-metadata: 1.45315695181489
  landing: 0.8348613977432251
  view-data: 3.349800419062376
