times:
  edit-metadata: 1.4207978155463934
  landing: 0.022151834331452847
  view-data: 0.11820372566580772
