times:
  edit-metadata: 1.596076164394617
  landing: 0.02217777445912361
  view-data: 0.024992365390062332
