times:
  edit-metadata: 1.3659895230084658
  landing: 0.02087574638426304
  view-data: 0.028766775503754616
