times:
  edit-metadata: 1.4514046870172024
  landing: 0.9784790575504303
  view-data: 3.47441928088665
