times:
  edit-metadata: 0.7147268196567893
  landing: 0.15404752688482404
  view-data: 0.25819099973887205
