times:
  edit-metadata: 1.6037014024332166
  landing: 0.9189634332433343
  view-data: 3.3125968677923083
