times:
  edit-metadata: 1.6035363739356399
  landing: 1.3278155950829387
  view-data: 3.465322334319353
