times:
  edit-metadata: 1.3609534883871675
  landing: 0.17123065702617168
  view-data: 0.12174187041819096
