times:
  edit-metadata: 1.6581292441114783
  landing: 0.9927132660523057
  view-data: 3.3084994070231915
