times:
  edit-metadata: 1.805847838986665
  landing: 1.0776037056930363
  view-data: 3.272829778958112
