times:
  edit-metadata: 2.051851660013199
  landing: 1.4663845524191856
  view-data: 3.443974431604147
