times:
  edit-metadata: 1.3690371811389923
  landing: 0.8335597440600395
  view-data: 3.3551123291254044
