times:
  edit-metadata: 1.6644732113927603
  landing: 0.24407532066106796
  view-data: 0.24635890685021877
