times:
  edit-metadata: 2.32440472766757
  landing: 1.2349269930273294
  view-data: 3.729120474308729
