times:
  edit-metadata: 1.6846792697906494
  landing: 1.0616662874817848
  view-data: 3.418591022491455
