times:
  edit-metadata: 1.377833602949977
  landing: 0.7909305216744542
  view-data: 3.376614944078028
