times:
  edit-metadata: 1.4510010350495577
  landing: 0.02192182093858719
  view-data: 0.030088940635323524
