times:
  edit-metadata: 1.5289931949228048
  landing: 0.7837236393243074
  view-data: 3.4296029061079025
