times:
  edit-metadata: 3.447977339848876
  landing: 1.4704535845667124
  view-data: 3.8312634620815516
