times:
  edit-metadata: 1.3122902340255678
  landing: 0.8801247300580144
  view-data: 3.3544128270586953
