times:
  edit-metadata: 0.5018892150001193
  landing: 0.07188775299982808
  view-data: 0.210768081000424
