times:
  edit-metadata: 1.3251906344667077
  landing: 0.22642427403479815
  view-data: 0.4837572453543544
