times:
  edit-metadata: 0.520174965960905
  landing: 0.05440236395224929
  view-data: 0.34264655597507954
