times:
  edit-metadata: 0.4928603572770953
  landing: 0.07254553586244583
  view-data: 0.21108468808233738
