times:
  edit-metadata: 1.4675975479185581
  landing: 0.13690481707453728
  view-data: 0.3734487537294626
