times:
  edit-metadata: 1.4581502228975296
  landing: 0.2038572747260332
  view-data: 0.023584667593240738
