times:
  edit-metadata: 0.5482951099984348
  landing: 0.05672847619280219
  view-data: 0.21045529190450907
