times:
  edit-metadata: 1.3621869590133429
  landing: 0.020154481753706932
  view-data: 0.024341016076505184
