times:
  edit-metadata: 1.417466706596315
  landing: 0.02215321734547615
  view-data: 0.4009780054911971
