times:
  edit-metadata: 1.519706018269062
  landing: 0.7597970515489578
  view-data: 3.4002011958509684
