times:
  edit-metadata: 1.5149569883942604
  landing: 0.6673912666738033
  view-data: 3.339230742305517
