times:
  edit-metadata: 1.3516276078298688
  landing: 0.02236841432750225
  view-data: 0.12008968088775873
