times:
  edit-metadata: 3.1477654688060284
  landing: 0.5729325236752629
  view-data: 0.5258625028654933
