times:
  edit-metadata: 1.5622958056628704
  landing: 0.8998930044472218
  view-data: 3.3785101994872093
