times:
  edit-metadata: 0.4918773020035587
  landing: 0.07486448297277093
  view-data: 0.20986457500839606
