times:
  edit-metadata: 1.586542358621955
  landing: 1.018714727833867
  view-data: 3.4237605780363083
