times:
  edit-metadata: 0.49736633198335767
  landing: 0.07605392904952168
  view-data: 0.34109554905444384
