times:
  edit-metadata: 1.571565292775631
  landing: 0.7601779773831367
  view-data: 3.4173482675105333
