times:
  edit-metadata: 1.4168711742386222
  landing: 0.11415938008576632
  view-data: 0.0938800498843193
