times:
  edit-metadata: 1.5671121310442686
  landing: 0.16695483773946762
  view-data: 0.17129428312182426
