times:
  edit-metadata: 1.886976281646639
  landing: 1.112265570089221
  view-data: 3.57614374300465
