times:
  edit-metadata: 1.4064866742119193
  landing: 0.020885491743683815
  view-data: 0.12027971632778645
