times:
  edit-metadata: 1.7328976262360811
  landing: 0.8773002922534943
  view-data: 3.3343356903642416
