times:
  edit-metadata: 1.3666503401473165
  landing: 0.020774567499756813
  view-data: 0.10269579105079174
