times:
  edit-metadata: 1.4337633773684502
  landing: 0.8581483047455549
  view-data: 3.3951196651905775
