times:
  edit-metadata: 1.492835070937872
  landing: 0.7896260656416416
  view-data: 3.4157142639160156
