times:
  edit-metadata: 1.6040206868201494
  landing: 0.8014301899820566
  view-data: 3.476450938731432
