times:
  edit-metadata: 1.3575927466154099
  landing: 0.020364549942314625
  view-data: 0.1169310575351119
