times:
  edit-metadata: 1.7235768772661686
  landing: 1.0688516795635223
  view-data: 3.704648047685623
