times:
  edit-metadata: 1.4324103593826294
  landing: 0.7799905179999769
  view-data: 3.392934761941433
