times:
  edit-metadata: 0.5563499699928798
  landing: 0.06866934700519778
  view-data: 0.21474810200743377
