times:
  edit-metadata: 0.5885623679496348
  landing: 0.0682702581398189
  view-data: 0.21801938116550446
