times:
  edit-metadata: 1.211137301987037
  landing: 0.822394578019157
  view-data: 3.3512656060047448
