times:
  edit-metadata: 1.841062675230205
  landing: 0.04433367867022753
  view-data: 0.024916090071201324
