times:
  edit-metadata: 1.6162423323839903
  landing: 0.7756061479449272
  view-data: 3.4461332336068153
