times:
  edit-metadata: 1.3477765917778015
  landing: 0.020463012158870697
  view-data: 0.025149639695882797
