times:
  edit-metadata: 1.46205223351717
  landing: 0.021215155720710754
  view-data: 0.022212623618543148
