times:
  edit-metadata: 0.5755596400122158
  landing: 0.08100693899905309
  view-data: 0.2313786130398512
