times:
  edit-metadata: 1.4278352595865726
  landing: 0.023188956081867218
  view-data: 0.025089964270591736
