times:
  edit-metadata: 1.634511949494481
  landing: 0.2757688108831644
  view-data: 0.4393140636384487
