times:
  edit-metadata: 1.4320645444095135
  landing: 0.17374295368790627
  view-data: 0.3031546324491501
