times:
  edit-metadata: 1.5383659601211548
  landing: 0.7159277908504009
  view-data: 3.3575511313974857
