times:
  edit-metadata: 0.5866213630069979
  landing: 0.07017112997709773
  view-data: 0.2110333900200203
