times:
  edit-metadata: 1.5513853468000889
  landing: 0.814362920820713
  view-data: 3.399002719670534
