times:
  edit-metadata: 1.3411119533702731
  landing: 0.022606131620705128
  view-data: 0.026113507337868214
