times:
  edit-metadata: 1.3569215713068843
  landing: 0.020330924540758133
  view-data: 0.11877070926129818
