times:
  edit-metadata: 1.5454452112317085
  landing: 0.7489856258034706
  view-data: 3.4106868505477905
