times:
  edit-metadata: 0.4904055419610813
  landing: 0.07647372101200745
  view-data: 0.21327449003001675
