times:
  edit-metadata: 1.4655275829136372
  landing: 0.020706018432974815
  view-data: 0.3613163698464632
