times:
  edit-metadata: 1.3480950994417071
  landing: 0.021689724177122116
  view-data: 0.12457268685102463
