times:
  edit-metadata: 1.8987276814877987
  landing: 1.0225078612565994
  view-data: 3.413018435239792
