times:
  edit-metadata: 0.5275659970939159
  landing: 0.045614710077643394
  view-data: 0.21796716609969735
