times:
  edit-metadata: 1.9758712481707335
  landing: 0.1847253106534481
  view-data: 0.15220675989985466
