times:
  edit-metadata: 1.4860511012375355
  landing: 0.9365707188844681
  view-data: 3.350677579641342
