times:
  edit-metadata: 1.804807871580124
  landing: 0.20832804776728153
  view-data: 0.20710955746471882
