times:
  edit-metadata: 1.4128082524985075
  landing: 0.022766293957829475
  view-data: 0.027240809053182602
