times:
  edit-metadata: 1.5912773832678795
  landing: 0.023655155673623085
  view-data: 0.39551137760281563
