times:
  edit-metadata: 1.4023855486884713
  landing: 0.2159263277426362
  view-data: 0.40310098603367805
