times:
  edit-metadata: 1.3674144111573696
  landing: 0.7095831260085106
  view-data: 3.315127246081829
