times:
  edit-metadata: 1.3516171090304852
  landing: 0.11388277634978294
  view-data: 0.37033407762646675
