times:
  edit-metadata: 1.5262407828122377
  landing: 0.7697950508445501
  view-data: 3.400200178846717
