times:
  edit-metadata: 0.5960429649567232
  landing: 0.04691678599920124
  view-data: 0.35186146094929427
