times:
  edit-metadata: 1.5194352846592665
  landing: 0.7672288194298744
  view-data: 3.4250307083129883
