times:
  edit-metadata: 1.4209574910346419
  landing: 0.8224094649776816
  view-data: 3.3470795839093626
