times:
  edit-metadata: 1.779422763735056
  landing: 0.15568996779620647
  view-data: 0.31352661177515984
