times:
  edit-metadata: 1.479494197294116
  landing: 0.02158490102738142
  view-data: 0.11812928412109613
