times:
  edit-metadata: 1.3745731376111507
  landing: 0.20479278825223446
  view-data: 0.12792478874325752
