times:
  edit-metadata: 1.5882218591868877
  landing: 1.0035259537398815
  view-data: 3.5339762307703495
