times:
  edit-metadata: 1.4084253385663033
  landing: 0.8379775658249855
  view-data: 3.2877491042017937
