times:
  edit-metadata: 1.360302448272705
  landing: 0.020363278687000275
  view-data: 0.024120532907545567
