times:
  edit-metadata: 1.5389994084835052
  landing: 0.8129186891019344
  view-data: 3.4278537798672915
