times:
  edit-metadata: 0.49552901089191437
  landing: 0.06153456191532314
  view-data: 0.21843495685607195
