times:
  edit-metadata: 1.6038030348718166
  landing: 0.9923485703766346
  view-data: 3.424259092658758
