times:
  edit-metadata: 2.093303970992565
  landing: 1.0222346000373363
  view-data: 3.401076363399625
