times:
  edit-metadata: 1.4446078948676586
  landing: 0.8780067637562752
  view-data: 3.348085541278124
