times:
  edit-metadata: 0.6303332531824708
  landing: 0.04570983722805977
  view-data: 0.21380601590499282
