times:
  edit-metadata: 0.6033616699860431
  landing: 0.04839697602437809
  view-data: 0.21890400198753923
