times:
  edit-metadata: 1.48134739510715
  landing: 0.22696582414209843
  view-data: 0.025780342519283295
