times:
  edit-metadata: 1.4371952144429088
  landing: 0.22850008681416512
  view-data: 0.4230511048808694
