times:
  edit-metadata: 1.3091877736151218
  landing: 0.706701248884201
  view-data: 3.282592423260212
