times:
  edit-metadata: 0.49782144790515304
  landing: 0.07953175716102123
  view-data: 0.2113931979984045
