times:
  edit-metadata: 1.4164003860205412
  landing: 0.7562551451846957
  view-data: 3.345420707948506
