times:
  edit-metadata: 0.5084486610721797
  landing: 0.09132354380562901
  view-data: 0.21487662405706942
