times:
  edit-metadata: 1.5843374133110046
  landing: 0.8470872938632965
  view-data: 3.325943775475025
