times:
  edit-metadata: 0.5760855749249458
  landing: 0.07491027901414782
  view-data: 0.22330104699358344
