times:
  edit-metadata: 1.9051938205957413
  landing: 1.05717483907938
  view-data: 3.8368097618222237
