times:
  edit-metadata: 1.5728235002607107
  landing: 0.8559291325509548
  view-data: 3.336694523692131
