times:
  edit-metadata: 1.3659718073904514
  landing: 0.8944178819656372
  view-data: 3.382229071110487
