times:
  edit-metadata: 1.5114950900897384
  landing: 0.166875921189785
  view-data: 0.4087261212989688
