times:
  edit-metadata: 2.3720868565142155
  landing: 0.048863379284739494
  view-data: 0.05773790739476681
