times:
  edit-metadata: 1.49820018094033
  landing: 0.15101263765245676
  view-data: 0.02463424764573574
