times:
  edit-metadata: 1.400151101872325
  landing: 1.0002043154090643
  view-data: 3.3700881395488977
