times:
  edit-metadata: 0.6684716469608247
  landing: 0.05801365012302995
  view-data: 0.20905441790819168
