times:
  edit-metadata: 0.5031978810147848
  landing: 0.07251514299423434
  view-data: 0.22723071501241066
