times:
  edit-metadata: 1.459649559110403
  landing: 0.17722967080771923
  view-data: 0.02293156273663044
