times:
  edit-metadata: 0.5030918580014259
  landing: 0.07239684101659805
  view-data: 0.20881150098284706
