times:
  edit-metadata: 1.4306968280579895
  landing: 1.3174634100869298
  view-data: 3.4001666971016675
