times:
  edit-metadata: 1.4975638929754496
  landing: 0.2075550351291895
  view-data: 0.14951606467366219
