times:
  edit-metadata: 1.4292854145169258
  landing: 0.8191348947584629
  view-data: 3.3239331329241395
