times:
  edit-metadata: 1.5189822874963284
  landing: 0.7401930764317513
  view-data: 3.382671222090721
