times:
  edit-metadata: 1.912596682086587
  landing: 0.020582452416419983
  view-data: 0.17724696174263954
