times:
  edit-metadata: 1.3524021431803703
  landing: 1.4115514159202576
  view-data: 3.4764476865530014
