times:
  edit-metadata: 1.4041905775666237
  landing: 0.7611552700400352
  view-data: 3.3786547109484673
