times:
  edit-metadata: 1.4735546708106995
  landing: 0.8028921708464622
  view-data: 3.485340103507042
