times:
  edit-metadata: 1.9939758367836475
  landing: 1.049113530665636
  view-data: 3.377865720540285
