times:
  edit-metadata: 1.781489059329033
  landing: 0.7417220771312714
  view-data: 3.4396167546510696
