times:
  edit-metadata: 1.4045309759676456
  landing: 0.7665715515613556
  view-data: 3.350794017314911
