times:
  edit-metadata: 1.3748034238815308
  landing: 0.8378880172967911
  view-data: 3.296384274959564
