times:
  edit-metadata: 1.55248611420393
  landing: 0.8071815371513367
  view-data: 3.4212000742554665
