times:
  edit-metadata: 1.511179231107235
  landing: 0.8299543708562851
  view-data: 3.458453841507435
