times:
  edit-metadata: 1.7195592932403088
  landing: 1.0068511739373207
  view-data: 3.3384017273783684
