times:
  edit-metadata: 1.5339154750108719
  landing: 0.877478688955307
  view-data: 3.3646290004253387
