times:
  edit-metadata: 1.434890829026699
  landing: 0.759138785302639
  view-data: 3.466095060110092
