times:
  edit-metadata: 1.7087521776556969
  landing: 0.928407896310091
  view-data: 3.351305466145277
