times:
  edit-metadata: 1.4285874664783478
  landing: 0.9795757457613945
  view-data: 3.3008630611002445
