times:
  edit-metadata: 1.5647527538239956
  landing: 0.8351191952824593
  view-data: 3.7386191561818123
