times:
  edit-metadata: 1.396298699080944
  landing: 0.8582784757018089
  view-data: 3.521984413266182
