times:
  edit-metadata: 1.4272328056395054
  landing: 0.9665314815938473
  view-data: 3.3828634060919285
