times:
  edit-metadata: 1.5057064890861511
  landing: 0.8888038322329521
  view-data: 3.374615326523781
