times:
  edit-metadata: 1.3320312723517418
  landing: 0.8017718940973282
  view-data: 3.2659858092665672
