times:
  edit-metadata: 1.551174283027649
  landing: 0.7804926112294197
  view-data: 3.456540323793888
