times:
  edit-metadata: 1.394005998969078
  landing: 0.8055182993412018
  view-data: 3.4711467623710632
