times:
  edit-metadata: 1.385498557239771
  landing: 1.1547823213040829
  view-data: 3.348926693201065
