times:
  edit-metadata: 1.6029267385601997
  landing: 0.9811708331108093
  view-data: 3.5574974343180656
