times:
  edit-metadata: 3.2420130521059036
  landing: 1.2443819493055344
  view-data: 3.831066206097603
