times:
  edit-metadata: 1.5429310128092766
  landing: 0.8372402265667915
  view-data: 3.448488712310791
