times:
  edit-metadata: 1.4088649228215218
  landing: 0.7076816782355309
  view-data: 3.4371683225035667
