times:
  edit-metadata: 1.3715285621583462
  landing: 0.7813540063798428
  view-data: 3.228332046419382
