times:
  edit-metadata: 1.568424552679062
  landing: 0.8012541010975838
  view-data: 3.2961778789758682
