times:
  edit-metadata: 1.4984134659171104
  landing: 0.8238977640867233
  view-data: 3.432818830013275
