times:
  edit-metadata: 1.4601182118058205
  landing: 0.7501252293586731
  view-data: 3.451966755092144
