times:
  edit-metadata: 1.8337198942899704
  landing: 0.9123564884066582
  view-data: 3.3175522312521935
