times:
  edit-metadata: 1.5486589893698692
  landing: 0.783990241587162
  view-data: 3.4994362518191338
