times:
  edit-metadata: 1.4257148206233978
  landing: 0.7767545580863953
  view-data: 3.4877416267991066
