times:
  edit-metadata: 1.4834187850356102
  landing: 0.8195270299911499
  view-data: 3.3986534625291824
