times:
  edit-metadata: 1.6384461000561714
  landing: 0.7739152014255524
  view-data: 3.4150864109396935
