times:
  edit-metadata: 1.4020297080278397
  landing: 0.9086144864559174
  view-data: 3.4573836624622345
