times:
  edit-metadata: 1.7898705042898655
  landing: 1.221773836761713
  view-data: 3.4077328331768513
