times:
  edit-metadata: 1.9539392814040184
  landing: 1.245896115899086
  view-data: 3.361028105020523
