times:
  edit-metadata: 1.4529297836124897
  landing: 0.8040295094251633
  view-data: 3.4198028929531574
