times:
  edit-metadata: 1.5719841495156288
  landing: 0.7949461005628109
  view-data: 3.2922540679574013
