times:
  edit-metadata: 1.4961081594228745
  landing: 0.7855104468762875
  view-data: 3.2838616482913494
