times:
  edit-metadata: 1.477608099579811
  landing: 0.7460654154419899
  view-data: 3.450581707060337
