times:
  edit-metadata: 1.3490231484174728
  landing: 0.7351462244987488
  view-data: 3.3137087412178516
