times:
  edit-metadata: 1.407020054757595
  landing: 0.7972870580852032
  view-data: 3.301097322255373
