times:
  edit-metadata: 1.5522354505956173
  landing: 0.8852298706769943
  view-data: 3.3885946944355965
