times:
  edit-metadata: 2.521669127047062
  landing: 2.0274626463651657
  view-data: 3.643872417509556
