times:
  edit-metadata: 1.4979768954217434
  landing: 0.8880111426115036
  view-data: 3.3582961335778236
