times:
  edit-metadata: 1.5043825507164001
  landing: 0.7618152722716331
  view-data: 3.5239332243800163
