times:
  edit-metadata: 1.4277228489518166
  landing: 0.7004609741270542
  view-data: 3.3913528844714165
