times:
  edit-metadata: 1.4091805443167686
  landing: 0.9108618795871735
  view-data: 3.4234835654497147
