times:
  edit-metadata: 1.590291116386652
  landing: 0.84435198828578
  view-data: 3.301757413893938
