times:
  edit-metadata: 1.444115899503231
  landing: 0.7818504348397255
  view-data: 3.330059077590704
