times:
  edit-metadata: 1.413499228656292
  landing: 0.9930447041988373
  view-data: 3.465210199356079
