times:
  edit-metadata: 1.4457624033093452
  landing: 0.791823260486126
  view-data: 3.408673658967018
