times:
  edit-metadata: 1.4550731033086777
  landing: 0.8272737190127373
  view-data: 3.336821712553501
