times:
  edit-metadata: 1.5429064370691776
  landing: 0.7682981453835964
  view-data: 3.3217411153018475
