times:
  edit-metadata: 1.3766560964286327
  landing: 0.8258258737623692
  view-data: 3.3252774700522423
