times:
  edit-metadata: 1.5193385258316994
  landing: 0.7753307595849037
  view-data: 3.408431850373745
