times:
  edit-metadata: 1.4212215542793274
  landing: 0.7367687746882439
  view-data: 3.4592082649469376
