times:
  edit-metadata: 1.5800674073398113
  landing: 0.8090354353189468
  view-data: 3.34098968654871
