times:
  edit-metadata: 1.3922916278243065
  landing: 0.7478250861167908
  view-data: 3.4821464270353317
