times:
  edit-metadata: 1.5943122431635857
  landing: 0.9309376776218414
  view-data: 3.461644947528839
