times:
  edit-metadata: 1.5210308358073235
  landing: 0.7795031443238258
  view-data: 3.4952757880091667
