times:
  edit-metadata: 1.5635663606226444
  landing: 0.7358630262315273
  view-data: 3.257683265954256
