times:
  edit-metadata: 1.4843593463301659
  landing: 0.8165769353508949
  view-data: 3.4721961989998817
