times:
  edit-metadata: 1.4522777572274208
  landing: 0.8134488947689533
  view-data: 3.3463952764868736
