times:
  edit-metadata: 1.3919634446501732
  landing: 0.7506513670086861
  view-data: 3.266577608883381
