times:
  edit-metadata: 1.7948535569012165
  landing: 1.0852447636425495
  view-data: 3.3502839766442776
