times:
  edit-metadata: 1.568471748381853
  landing: 0.7960776127874851
  view-data: 3.3142107874155045
