times:
  edit-metadata: 1.5058670416474342
  landing: 0.8331886976957321
  view-data: 0.6636425033211708
