times:
  edit-metadata: 1.458234652876854
  landing: 0.9850161522626877
  view-data: 3.3635398522019386
