times:
  edit-metadata: 1.3923344686627388
  landing: 0.801488496363163
  view-data: 3.8544267788529396
