times:
  edit-metadata: 1.4244249165058136
  landing: 1.1048441529273987
  view-data: 3.479159690439701
