times:
  edit-metadata: 1.4035309106111526
  landing: 0.7160095497965813
  view-data: 3.4773703813552856
