times:
  edit-metadata: 1.4066781178116798
  landing: 0.7291460074484348
  view-data: 3.3475830666720867
