times:
  edit-metadata: 1.4738486260175705
  landing: 0.7526692785322666
  view-data: 3.3819392025470734
