times:
  edit-metadata: 1.4209573939442635
  landing: 0.7683590352535248
  view-data: 3.542085736989975
