times:
  edit-metadata: 1.3382401317358017
  landing: 0.8106633648276329
  view-data: 3.2888635136187077
