times:
  edit-metadata: 1.4340269975364208
  landing: 0.735787995159626
  view-data: 3.2650193460285664
