times:
  edit-metadata: 1.423479214310646
  landing: 0.7603621929883957
  view-data: 3.478679485619068
