times:
  edit-metadata: 2.8999017626047134
  landing: 1.3302137926220894
  view-data: 3.9858103543519974
