times:
  edit-metadata: 1.5029803700745106
  landing: 0.8112675286829472
  view-data: 3.3383554071187973
