times:
  edit-metadata: 1.6789202876389027
  landing: 0.7602854669094086
  view-data: 3.2762175239622593
