times:
  edit-metadata: 1.394739679992199
  landing: 0.7981714829802513
  view-data: 3.5052230954170227
