times:
  edit-metadata: 1.4935207143425941
  landing: 0.7396672815084457
  view-data: 3.5041399896144867
