times:
  edit-metadata: 1.4312871545553207
  landing: 0.7204456031322479
  view-data: 3.50523641705513
