times:
  edit-metadata: 1.4114894941449165
  landing: 0.7932721674442291
  view-data: 3.28616426885128
