times:
  edit-metadata: 1.6459064111113548
  landing: 0.8566119074821472
  view-data: 3.515278458595276
