times:
  edit-metadata: 1.4097940623760223
  landing: 0.7111045718193054
  view-data: 3.468670353293419
