times:
  edit-metadata: 1.4666017144918442
  landing: 0.7296554520726204
  view-data: 3.5431070178747177
