times:
  edit-metadata: 1.4364778026938438
  landing: 0.7772324681282043
  view-data: 3.2631563544273376
