times:
  edit-metadata: 1.4985792487859726
  landing: 0.8118956573307514
  view-data: 3.3182576559484005
