times:
  edit-metadata: 1.6658218875527382
  landing: 0.8524035923182964
  view-data: 3.315272130072117
