times:
  edit-metadata: 1.4617222025990486
  landing: 0.7536466121673584
  view-data: 3.583746336400509
