times:
  edit-metadata: 1.7183359861373901
  landing: 1.0085093602538109
  view-data: 3.716848149895668
