times:
  edit-metadata: 1.344715140759945
  landing: 0.8966901451349258
  view-data: 3.443792939186096
