times:
  edit-metadata: 1.7780225574970245
  landing: 0.7947437763214111
  view-data: 3.375781811773777
