times:
  edit-metadata: 2.2043542936444283
  landing: 0.851140022277832
  view-data: 3.481680288910866
