times:
  edit-metadata: 1.5748316496610641
  landing: 1.03561282902956
  view-data: 3.3647036105394363
