times:
  edit-metadata: 1.3918697871267796
  landing: 0.8682132326066494
  view-data: 3.304448701441288
