times:
  edit-metadata: 1.5338870324194431
  landing: 0.8480478897690773
  view-data: 3.347434416413307
