times:
  edit-metadata: 1.8118699677288532
  landing: 1.2025908753275871
  view-data: 3.5276735834777355
