times:
  edit-metadata: 1.3531804159283638
  landing: 1.2298049926757812
  view-data: 3.447670504450798
