times:
  edit-metadata: 1.7152180448174477
  landing: 1.0388648137450218
  view-data: 3.3708290681242943
