times:
  edit-metadata: 1.7702704854309559
  landing: 0.9692415818572044
  view-data: 3.3272961787879467
