times:
  edit-metadata: 1.4895960465073586
  landing: 0.7422522902488708
  view-data: 3.284536689519882
