times:
  edit-metadata: 1.4478208795189857
  landing: 0.7721314951777458
  view-data: 3.2891500368714333
