times:
  edit-metadata: 1.4287876933813095
  landing: 0.7704727351665497
  view-data: 3.532007835805416
