times:
  edit-metadata: 1.5118137635290623
  landing: 0.7820469029247761
  view-data: 3.287061095237732
