times:
  edit-metadata: 1.5098527818918228
  landing: 0.7667171806097031
  view-data: 3.6327648386359215
