times:
  edit-metadata: 1.639025017619133
  landing: 0.7800553739070892
  view-data: 3.44018941372633
