times:
  edit-metadata: 1.5547103211283684
  landing: 0.8241287730634212
  view-data: 3.32317865639925
