times:
  edit-metadata: 1.4480442963540554
  landing: 0.9481076002120972
  view-data: 3.292539596557617
