times:
  edit-metadata: 1.6570893749594688
  landing: 0.9111315011978149
  view-data: 3.4225146770477295
