times:
  edit-metadata: 1.479080855846405
  landing: 0.7180224172770977
  view-data: 3.378321524709463
