times:
  edit-metadata: 1.38368721306324
  landing: 0.7602639570832253
  view-data: 3.461162582039833
