times:
  edit-metadata: 2.1385814249515533
  landing: 0.9041372090578079
  view-data: 3.3120693415403366
