times:
  edit-metadata: 1.5983630940318108
  landing: 0.8842539340257645
  view-data: 3.4852194264531136
