times:
  edit-metadata: 1.487551473081112
  landing: 0.8080637753009796
  view-data: 3.4604591354727745
