times:
  edit-metadata: 1.3943814039230347
  landing: 0.8777342364192009
  view-data: 3.455844983458519
