times:
  edit-metadata: 1.2968679368495941
  landing: 0.893893226981163
  view-data: 3.522161118686199
