times:
  edit-metadata: 1.4081147648394108
  landing: 0.8523902744054794
  view-data: 3.2598064951598644
