times:
  edit-metadata: 1.5259232595562935
  landing: 0.7702590972185135
  view-data: 3.47546299546957
