times:
  edit-metadata: 1.5030052810907364
  landing: 0.7413454577326775
  view-data: 3.467763863503933
