times:
  edit-metadata: 2.2464503683149815
  landing: 1.0516129545867443
  view-data: 3.4028491377830505
