times:
  edit-metadata: 1.4539408907294273
  landing: 0.7548500001430511
  view-data: 3.529589556157589
