times:
  edit-metadata: 1.4264372512698174
  landing: 0.681011937558651
  view-data: 3.4600717201828957
