times:
  edit-metadata: 1.4346217066049576
  landing: 0.7871392592787743
  view-data: 3.336759440600872
