times:
  edit-metadata: 1.4436772502958775
  landing: 0.8437054269015789
  view-data: 3.321801483631134
