times:
  edit-metadata: 1.3576697818934917
  landing: 0.9172647818922997
  view-data: 3.3300318382680416
