times:
  edit-metadata: 1.504906214773655
  landing: 0.6982762105762959
  view-data: 3.291148256510496
