times:
  edit-metadata: 1.5172086134552956
  landing: 0.8126126267015934
  view-data: 3.28560683876276
