times:
  edit-metadata: 2.022347740828991
  landing: 1.1324680969119072
  view-data: 3.367320917546749
