times:
  edit-metadata: 1.7428149171173573
  landing: 1.1569297574460506
  view-data: 3.3824761547148228
