times:
  edit-metadata: 1.4807417392730713
  landing: 0.6978824734687805
  view-data: 3.430288717150688
