times:
  edit-metadata: 1.5950559340417385
  landing: 0.8264226987957954
  view-data: 3.3858247697353363
