times:
  edit-metadata: 1.4919865727424622
  landing: 0.7849533036351204
  view-data: 3.270263187587261
