times:
  edit-metadata: 1.3915498033165932
  landing: 0.6950291618704796
  view-data: 3.4027204290032387
