times:
  edit-metadata: 1.982711598277092
  landing: 1.1330046504735947
  view-data: 3.562879640609026
