times:
  edit-metadata: 1.4108605682849884
  landing: 0.734669528901577
  view-data: 3.566467694938183
