times:
  edit-metadata: 1.6583205945789814
  landing: 0.8863200508058071
  view-data: 3.3216781802475452
