times:
  edit-metadata: 1.39504986256361
  landing: 0.9504598081111908
  view-data: 3.5173894837498665
