times:
  edit-metadata: 1.769770823419094
  landing: 0.8674857169389725
  view-data: 3.388471342623234
