times:
  edit-metadata: 1.4888339042663574
  landing: 0.8609230183064938
  view-data: 3.319668661803007
