times:
  edit-metadata: 1.4498813524842262
  landing: 0.7810397446155548
  view-data: 3.3098417557775974
