times:
  edit-metadata: 1.3909001275897026
  landing: 0.79049152135849
  view-data: 3.5864249989390373
