times:
  edit-metadata: 1.6776940636336803
  landing: 0.7908075712621212
  view-data: 3.253898002207279
