times:
  edit-metadata: 1.5185528099536896
  landing: 1.0485916435718536
  view-data: 3.531299866735935
