times:
  edit-metadata: 1.3848039656877518
  landing: 0.6921494826674461
  view-data: 3.528320401906967
