times:
  edit-metadata: 1.431740254163742
  landing: 0.7159350886940956
  view-data: 3.258984260261059
