times:
  edit-metadata: 1.8615909554064274
  landing: 0.848995715379715
  view-data: 3.3373548164963722
