times:
  edit-metadata: 1.6493796333670616
  landing: 0.9834363162517548
  view-data: 3.3854321762919426
