times:
  edit-metadata: 1.4321549087762833
  landing: 0.8188432157039642
  view-data: 3.4440884441137314
