times:
  edit-metadata: 1.5066597275435925
  landing: 0.889757264405489
  view-data: 3.4342072159051895
