times:
  edit-metadata: 1.5121935717761517
  landing: 0.9393136613070965
  view-data: 3.4092098101973534
