times:
  edit-metadata: 1.4713246934115887
  landing: 1.0350890010595322
  view-data: 3.3771653175354004
