times:
  edit-metadata: 1.5081754960119724
  landing: 0.9203647151589394
  view-data: 3.3283472321927547
