times:
  edit-metadata: 1.6303667686879635
  landing: 0.918617457151413
  view-data: 3.3814798556268215
