times:
  edit-metadata: 1.489693669602275
  landing: 0.7399384509772062
  view-data: 3.41241168230772
