times:
  edit-metadata: 1.4104754142463207
  landing: 0.7076071873307228
  view-data: 3.3122054263949394
