times:
  edit-metadata: 1.8775775954127312
  landing: 1.3511914052069187
  view-data: 3.456623114645481
