times:
  edit-metadata: 1.3567249849438667
  landing: 0.7427707426249981
  view-data: 3.271822117269039
