times:
  edit-metadata: 1.5582568906247616
  landing: 0.9499455820769072
  view-data: 3.4506383687257767
