times:
  edit-metadata: 1.5357304587960243
  landing: 0.9452239722013474
  view-data: 3.446250095963478
