times:
  edit-metadata: 1.3792132176458836
  landing: 0.7204875834286213
  view-data: 3.2928737811744213
