times:
  edit-metadata: 1.5578988306224346
  landing: 0.9927204474806786
  view-data: 3.3817626237869263
