times:
  edit-metadata: 1.3893695063889027
  landing: 0.8886825554072857
  view-data: 3.323349818587303
