times:
  edit-metadata: 1.6002343632280827
  landing: 1.1103259287774563
  view-data: 3.4407307393848896
