times:
  edit-metadata: 1.4970452338457108
  landing: 0.8502941206097603
  view-data: 3.3878927268087864
