times:
  edit-metadata: 1.4645171910524368
  landing: 1.0865328423678875
  view-data: 3.3570717982947826
