times:
  edit-metadata: 1.4968206845223904
  landing: 0.7881993036717176
  view-data: 3.4316061921417713
