times:
  edit-metadata: 1.3034211359918118
  landing: 0.7332825288176537
  view-data: 3.313105594366789
