times:
  edit-metadata: 1.528809953480959
  landing: 0.7253659926354885
  view-data: 3.4142636116594076
