times:
  edit-metadata: 1.4324959889054298
  landing: 0.8467025496065617
  view-data: 3.3909415528178215
