times:
  edit-metadata: 1.4465549439191818
  landing: 0.917582880705595
  view-data: 3.3311080895364285
