times:
  edit-metadata: 2.2090172320604324
  landing: 1.4635238498449326
  view-data: 3.4224414750933647
