times:
  edit-metadata: 1.4964398052543402
  landing: 0.866346687078476
  view-data: 3.4109493512660265
