times:
  edit-metadata: 1.3846842013299465
  landing: 0.8611199297010899
  view-data: 3.354968674480915
