times:
  edit-metadata: 1.9459530003368855
  landing: 1.3929935917258263
  view-data: 3.3773543871939182
