times:
  edit-metadata: 1.32391981408
  landing: 0.8217384293675423
  view-data: 3.450939007103443
