times:
  edit-metadata: 1.753343928605318
  landing: 0.823280431330204
  view-data: 3.4124845284968615
