times:
  edit-metadata: 1.8174493834376335
  landing: 1.0401196889579296
  view-data: 3.3981480672955513
