times:
  edit-metadata: 1.453671220690012
  landing: 0.8767782598733902
  view-data: 3.3638179190456867
