times:
  edit-metadata: 1.5205310489982367
  landing: 0.7589147370308638
  view-data: 3.43490894138813
