times:
  edit-metadata: 1.3421638943254948
  landing: 0.6747709959745407
  view-data: 3.249292768537998
