times:
  edit-metadata: 1.54644088819623
  landing: 0.8353484701365232
  view-data: 3.4592503644526005
