times:
  edit-metadata: 1.5818093623965979
  landing: 0.823475344106555
  view-data: 3.4044949281960726
