times:
  edit-metadata: 1.4760668873786926
  landing: 0.7783150970935822
  view-data: 3.4149146638810635
