times:
  edit-metadata: 1.4729473199695349
  landing: 0.8462890740483999
  view-data: 3.396490201354027
