times:
  edit-metadata: 1.7165009342133999
  landing: 0.872789952903986
  view-data: 3.658516675233841
