times:
  edit-metadata: 1.491485707461834
  landing: 0.9362873360514641
  view-data: 3.342351008206606
