times:
  edit-metadata: 1.4879380390048027
  landing: 0.8187725320458412
  view-data: 3.3422963358461857
