times:
  edit-metadata: 1.5385161973536015
  landing: 1.057817343622446
  view-data: 3.411647904664278
