times:
  edit-metadata: 1.6185632795095444
  landing: 0.8425799682736397
  view-data: 3.516087433323264
