times:
  edit-metadata: 1.4864830821752548
  landing: 0.965407095849514
  view-data: 3.3449161052703857
