times:
  edit-metadata: 1.4860250484198332
  landing: 0.7566686235368252
  view-data: 3.399153223261237
