times:
  edit-metadata: 1.5398719236254692
  landing: 0.8333070669323206
  view-data: 3.44630528986454
