times:
  edit-metadata: 1.5645396411418915
  landing: 0.8216394409537315
  view-data: 3.4144161455333233
