times:
  edit-metadata: 1.5225174985826015
  landing: 0.7897559925913811
  view-data: 3.3824907317757607
