times:
  edit-metadata: 1.7759194932878017
  landing: 1.1514146216213703
  view-data: 3.661294173449278
