times:
  edit-metadata: 1.5028768479824066
  landing: 0.7509056348353624
  view-data: 3.398762695491314
