times:
  edit-metadata: 1.5972803719341755
  landing: 0.8411624021828175
  view-data: 3.4291161000728607
