times:
  edit-metadata: 1.5079048834741116
  landing: 0.7673149444162846
  view-data: 3.3666011057794094
