times:
  edit-metadata: 1.3750437796115875
  landing: 0.7788062412291765
  view-data: 3.3608578611165285
