times:
  edit-metadata: 1.4589739628136158
  landing: 1.0200865529477596
  view-data: 3.357503052800894
