times:
  edit-metadata: 1.5729137994349003
  landing: 0.892879381775856
  view-data: 3.4646055065095425
