times:
  edit-metadata: 1.5855080336332321
  landing: 1.0602372288703918
  view-data: 3.4560570679605007
