times:
  edit-metadata: 1.9938395954668522
  landing: 1.068756114691496
  view-data: 3.570198640227318
