times:
  edit-metadata: 1.539695605635643
  landing: 0.8107707370072603
  view-data: 3.3460355307906866
