times:
  edit-metadata: 1.4653509370982647
  landing: 0.9045402742922306
  view-data: 3.384633544832468
