times:
  edit-metadata: 1.5700945928692818
  landing: 0.9274164848029613
  view-data: 3.307768315076828
