times:
  edit-metadata: 1.555802382528782
  landing: 0.7039203494787216
  view-data: 3.3666398897767067
