times:
  edit-metadata: 1.4135827757418156
  landing: 0.7645103372633457
  view-data: 3.2853073440492153
