times:
  edit-metadata: 1.3543696999549866
  landing: 0.9138507582247257
  view-data: 3.2940226532518864
