times:
  edit-metadata: 1.32292952388525
  landing: 0.909985326230526
  view-data: 3.4096552953124046
