times:
  edit-metadata: 1.4811947271227837
  landing: 0.8520405739545822
  view-data: 3.326004736125469
