times:
  edit-metadata: 1.38449926674366
  landing: 1.278033286333084
  view-data: 3.425466101616621
