times:
  edit-metadata: 1.4366382844746113
  landing: 0.8747842758893967
  view-data: 3.3228229619562626
