times:
  edit-metadata: 1.5050730146467686
  landing: 0.7679498419165611
  view-data: 3.345659151673317
