times:
  edit-metadata: 1.5666267983615398
  landing: 0.8202456459403038
  view-data: 3.3328890092670918
