times:
  edit-metadata: 1.4564421847462654
  landing: 0.7567216157913208
  view-data: 3.32257067412138
