times:
  edit-metadata: 2.2757272385060787
  landing: 1.0897853784263134
  view-data: 3.4507177770137787
