times:
  edit-metadata: 1.5144274923950434
  landing: 0.7920083794742823
  view-data: 3.4227573927491903
