times:
  edit-metadata: 1.4772940166294575
  landing: 0.9390409514307976
  view-data: 3.333088558167219
