times:
  edit-metadata: 1.5043966136872768
  landing: 0.8513683564960957
  view-data: 3.3996078111231327
