times:
  edit-metadata: 1.4240832962095737
  landing: 0.9411737732589245
  view-data: 3.3430426940321922
