times:
  edit-metadata: 1.5362835638225079
  landing: 0.9336372725665569
  view-data: 3.4128354005515575
