times:
  edit-metadata: 1.5639479383826256
  landing: 0.7884496040642262
  view-data: 3.427266925573349
