times:
  edit-metadata: 1.4165252894163132
  landing: 0.8212821129709482
  view-data: 3.3296339623630047
