times:
  edit-metadata: 1.6048374027013779
  landing: 0.9050729349255562
  view-data: 3.369287211447954
