times:
  edit-metadata: 1.4856173731386662
  landing: 0.9259937554597855
  view-data: 3.3183838203549385
