times:
  edit-metadata: 1.5684008281677961
  landing: 0.7538272850215435
  view-data: 3.4233734533190727
