times:
  edit-metadata: 2.0867770723998547
  landing: 1.391715195029974
  view-data: 3.6021776869893074
