times:
  edit-metadata: 1.5054802149534225
  landing: 0.9848046191036701
  view-data: 3.370337288826704
