times:
  edit-metadata: 1.7481278851628304
  landing: 0.9840193204581738
  view-data: 3.394276887178421
