times:
  edit-metadata: 1.5233720727264881
  landing: 0.7369818948209286
  view-data: 3.3685434609651566
