times:
  edit-metadata: 1.6922684013843536
  landing: 0.9855524487793446
  view-data: 3.288828644901514
