times:
  edit-metadata: 1.5406896322965622
  landing: 0.8854506239295006
  view-data: 3.4062728472054005
