times:
  edit-metadata: 1.4794847220182419
  landing: 0.8696215525269508
  view-data: 3.4334713593125343
