times:
  edit-metadata: 1.4838758707046509
  landing: 1.0735855214297771
  view-data: 3.46506417542696
