times:
  edit-metadata: 1.9383206479251385
  landing: 1.0625663734972477
  view-data: 3.383632827550173
