times:
  edit-metadata: 1.5312656592577696
  landing: 0.738163297995925
  view-data: 3.405432241037488
