times:
  edit-metadata: 1.6577859483659267
  landing: 0.918354369699955
  view-data: 3.406176008284092
