times:
  edit-metadata: 1.4053611438721418
  landing: 0.7515431195497513
  view-data: 3.3230303209275007
