times:
  edit-metadata: 1.3825555890798569
  landing: 0.8945642113685608
  view-data: 3.3185055404901505
