times:
  edit-metadata: 1.4036792442202568
  landing: 0.836424071341753
  view-data: 3.325863715261221
