times:
  edit-metadata: 1.4331983402371407
  landing: 0.8802083805203438
  view-data: 3.2847503945231438
