times:
  edit-metadata: 1.4844328872859478
  landing: 0.8530038930475712
  view-data: 3.278701152652502
