times:
  edit-metadata: 3.636763561517
  landing: 0.8780949264764786
  view-data: 3.310699801892042
