times:
  edit-metadata: 1.543727258220315
  landing: 0.849553382024169
  view-data: 3.3567998204380274
