times:
  edit-metadata: 1.6097473166882992
  landing: 0.9138368647545576
  view-data: 3.410262990742922
