times:
  edit-metadata: 1.7484350800514221
  landing: 1.1401752792298794
  view-data: 3.495050523430109
