times:
  edit-metadata: 2.194322343915701
  landing: 4.7462294064462185
  view-data: 3.478503927588463
