times:
  edit-metadata: 1.7170956656336784
  landing: 1.8555749021470547
  view-data: 3.461618758738041
