times:
  edit-metadata: 1.5140923019498587
  landing: 0.7110620234161615
  view-data: 3.426101692020893
