times:
  edit-metadata: 1.4259746260941029
  landing: 0.7642139233648777
  view-data: 3.403341632336378
