times:
  edit-metadata: 1.5427495129406452
  landing: 0.8034714013338089
  view-data: 3.4505026414990425
