times:
  edit-metadata: 2.4126793295145035
  landing: 1.1517653726041317
  view-data: 3.7720308415591717
