times:
  edit-metadata: 1.4381198287010193
  landing: 0.9345903024077415
  view-data: 3.32735001668334
