times:
  edit-metadata: 1.559535039588809
  landing: 0.8116229865700006
  view-data: 3.453804152086377
