times:
  edit-metadata: 1.5218073781579733
  landing: 0.7850686237215996
  view-data: 3.4357351269572973
