times:
  edit-metadata: 1.5448675118386745
  landing: 0.91916598752141
  view-data: 3.373819649219513
