times:
  edit-metadata: 1.5024270191788673
  landing: 0.8979849703609943
  view-data: 3.382577959448099
