times:
  edit-metadata: 1.319356344640255
  landing: 0.7128343246877193
  view-data: 3.3036086447536945
