times:
  edit-metadata: 1.5742572117596865
  landing: 0.7853297982364893
  view-data: 3.394230380654335
