times:
  edit-metadata: 1.8167730085551739
  landing: 1.0403288677334785
  view-data: 3.4039889983832836
