times:
  edit-metadata: 1.354292206466198
  landing: 0.808433298021555
  view-data: 3.2731879875063896
