times:
  edit-metadata: 1.5113376416265965
  landing: 0.7580254785716534
  view-data: 3.3991724997758865
