times:
  edit-metadata: 1.4908284321427345
  landing: 0.8927285522222519
  view-data: 3.3984654806554317
