times:
  edit-metadata: 1.8653643503785133
  landing: 1.1642664596438408
  view-data: 3.424819964915514
