times:
  edit-metadata: 2.6160408928990364
  landing: 1.565124500542879
  view-data: 3.9568463526666164
