times:
  edit-metadata: 1.9090257957577705
  landing: 1.0281642600893974
  view-data: 3.408477745950222
