times:
  edit-metadata: 1.4996505826711655
  landing: 0.7919211164116859
  view-data: 3.455488406121731
