times:
  edit-metadata: 1.6635273694992065
  landing: 0.8893521055579185
  view-data: 3.270691603422165
