times:
  edit-metadata: 1.5010513290762901
  landing: 0.7889745384454727
  view-data: 3.4846993312239647
