times:
  edit-metadata: 1.720991961658001
  landing: 0.853891558945179
  view-data: 3.3677556961774826
