times:
  edit-metadata: 1.5107112899422646
  landing: 1.154216893017292
  view-data: 3.494893841445446
