times:
  edit-metadata: 1.4646646156907082
  landing: 0.8705387264490128
  view-data: 3.4303914234042168
