times:
  edit-metadata: 1.4419215098023415
  landing: 0.7839217185974121
  view-data: 3.4965910837054253
