times:
  edit-metadata: 1.9444220438599586
  landing: 1.197133131325245
  view-data: 3.3269805535674095
