times:
  edit-metadata: 1.4282322525978088
  landing: 0.7073747217655182
  view-data: 3.445637732744217
