times:
  edit-metadata: 1.4147769436240196
  landing: 0.7994563058018684
  view-data: 3.502234347164631
