times:
  edit-metadata: 1.4351373389363289
  landing: 0.8640441745519638
  view-data: 3.444676458835602
