times:
  edit-metadata: 1.597450889647007
  landing: 0.9212208390235901
  view-data: 3.3814834505319595
