times:
  edit-metadata: 1.6574389338493347
  landing: 1.0529053956270218
  view-data: 3.5925878286361694
