times:
  edit-metadata: 2.799757093191147
  landing: 1.2867926210165024
  view-data: 3.3576613813638687
