times:
  edit-metadata: 1.5046717301011086
  landing: 0.9494323059916496
  view-data: 3.5204185619950294
