times:
  edit-metadata: 1.4568855315446854
  landing: 0.755402110517025
  view-data: 3.3984063640236855
