times:
  edit-metadata: 1.6471033841371536
  landing: 0.764187216758728
  view-data: 3.4227475970983505
