times:
  edit-metadata: 1.4450827687978745
  landing: 0.9172589108347893
  view-data: 3.5232470333576202
