times:
  edit-metadata: 1.4313841238617897
  landing: 0.8836216256022453
  view-data: 3.45311326533556
