times:
  edit-metadata: 1.4352135509252548
  landing: 0.8104060366749763
  view-data: 3.487690158188343
