times:
  edit-metadata: 1.7763405963778496
  landing: 1.1202984973788261
  view-data: 3.4847484081983566
