times:
  edit-metadata: 1.5049464628100395
  landing: 0.8133625909686089
  view-data: 3.482111781835556
