times:
  edit-metadata: 1.5457217320799828
  landing: 0.8883860632777214
  view-data: 3.448346585035324
