times:
  edit-metadata: 1.5001967996358871
  landing: 0.8370751291513443
  view-data: 3.4273394867777824
