times:
  edit-metadata: 1.5672576501965523
  landing: 0.8921163305640221
  view-data: 3.3298436254262924
