times:
  edit-metadata: 1.5973479524254799
  landing: 0.9812979623675346
  view-data: 3.336211033165455
