times:
  edit-metadata: 1.485034167766571
  landing: 0.7647483944892883
  view-data: 3.425336465239525
