times:
  edit-metadata: 1.5042848587036133
  landing: 0.9253521636128426
  view-data: 3.4142945259809494
