times:
  edit-metadata: 1.4603986144065857
  landing: 0.8546648025512695
  view-data: 3.4957373812794685
