times:
  edit-metadata: 1.6180946752429008
  landing: 0.9281750023365021
  view-data: 3.389177307486534
