times:
  edit-metadata: 1.5289755761623383
  landing: 0.9012393280863762
  view-data: 3.4988832473754883
