times:
  edit-metadata: 1.4664303585886955
  landing: 0.875159926712513
  view-data: 3.5201592668890953
