times:
  edit-metadata: 1.7311078235507011
  landing: 0.9216308891773224
  view-data: 3.351037308573723
