times:
  edit-metadata: 1.4565483257174492
  landing: 0.8173542842268944
  view-data: 3.3137669563293457
