times:
  edit-metadata: 1.5907264202833176
  landing: 0.9113932177424431
  view-data: 3.4770817682147026
