times:
  edit-metadata: 1.3759371861815453
  landing: 0.8865876793861389
  view-data: 3.54106917232275
