times:
  edit-metadata: 1.512912668287754
  landing: 0.8203396797180176
  view-data: 3.421543098986149
