times:
  edit-metadata: 1.5489093884825706
  landing: 0.8239528387784958
  view-data: 3.585108071565628
