times:
  edit-metadata: 1.5020055249333382
  landing: 0.8797034174203873
  view-data: 3.411138005554676
