times:
  edit-metadata: 1.4911497980356216
  landing: 0.7617454826831818
  view-data: 3.4963502287864685
