times:
  edit-metadata: 1.399073287844658
  landing: 0.807644747197628
  view-data: 3.4171250760555267
