times:
  edit-metadata: 1.423166662454605
  landing: 0.8931026235222816
  view-data: 3.4807836934924126
