times:
  edit-metadata: 1.8506664037704468
  landing: 0.9646271169185638
  view-data: 3.529630459845066
