times:
  edit-metadata: 1.5260745659470558
  landing: 0.8210688903927803
  view-data: 3.3344008699059486
