times:
  edit-metadata: 1.3853680342435837
  landing: 0.7759750559926033
  view-data: 3.4261486679315567
