times:
  edit-metadata: 1.4714564979076385
  landing: 0.8168941363692284
  view-data: 3.2920316383242607
