times:
  edit-metadata: 1.4346566274762154
  landing: 0.9337393939495087
  view-data: 3.4717334136366844
