times:
  edit-metadata: 1.421634390950203
  landing: 0.8703269436955452
  view-data: 3.46679450571537
