times:
  edit-metadata: 1.5126891061663628
  landing: 0.8013838976621628
  view-data: 3.445830389857292
