times:
  edit-metadata: 1.4991309940814972
  landing: 0.8325171023607254
  view-data: 3.347649447619915
