times:
  edit-metadata: 1.4322264194488525
  landing: 0.7430601716041565
  view-data: 3.391602471470833
