times:
  edit-metadata: 2.1158908680081367
  landing: 1.0863595977425575
  view-data: 3.9931032806634903
