times:
  edit-metadata: 1.448275901377201
  landing: 0.8053416237235069
  view-data: 3.4992385655641556
