times:
  edit-metadata: 1.5027285814285278
  landing: 0.7953958660364151
  view-data: 3.4451548904180527
