times:
  edit-metadata: 1.5210180059075356
  landing: 0.9338441491127014
  view-data: 3.3298609480261803
