times:
  edit-metadata: 1.4083943665027618
  landing: 0.827489085495472
  view-data: 3.312252052128315
