times:
  edit-metadata: 1.3932128921151161
  landing: 0.89475317299366
  view-data: 3.4465547278523445
