times:
  edit-metadata: 1.5945682674646378
  landing: 0.8322111591696739
  view-data: 3.422355569899082
