times:
  edit-metadata: 1.4683807864785194
  landing: 0.7927883192896843
  view-data: 3.4619465693831444
