times:
  edit-metadata: 1.5922264009714127
  landing: 0.9522214904427528
  view-data: 3.34223485738039
