times:
  edit-metadata: 1.6759912595152855
  landing: 1.156512275338173
  view-data: 3.5299084410071373
