times:
  edit-metadata: 1.9006394296884537
  landing: 1.1067213863134384
  view-data: 3.563368499279022
