times:
  edit-metadata: 1.5481400787830353
  landing: 0.7676605209708214
  view-data: 3.3894023448228836
