times:
  edit-metadata: 1.497089721262455
  landing: 0.8379705548286438
  view-data: 3.442589521408081
