times:
  edit-metadata: 1.4175898283720016
  landing: 0.8065864592790604
  view-data: 3.4361797347664833
