times:
  edit-metadata: 1.4142229035496712
  landing: 0.8046439439058304
  view-data: 3.4213820174336433
