times:
  edit-metadata: 1.5173566564917564
  landing: 0.8378365188837051
  view-data: 3.3494938164949417
