times:
  edit-metadata: 2.0605560913681984
  landing: 1.3134271278977394
  view-data: 3.7037331387400627
