times:
  edit-metadata: 1.4677382409572601
  landing: 0.7254052087664604
  view-data: 3.3724484890699387
