times:
  edit-metadata: 1.5291344225406647
  landing: 0.9088053405284882
  view-data: 3.333421342074871
