times:
  edit-metadata: 1.4259609133005142
  landing: 0.837624803185463
  view-data: 3.4204149693250656
