times:
  edit-metadata: 1.505687341094017
  landing: 0.9674210026860237
  view-data: 3.2786519452929497
