times:
  edit-metadata: 2.9526774287223816
  landing: 1.7744053155183792
  view-data: 3.592924028635025
