times:
  edit-metadata: 2.0923732593655586
  landing: 1.1326594948768616
  view-data: 3.378384694457054
