times:
  edit-metadata: 1.420579470694065
  landing: 0.9349231496453285
  view-data: 3.4406858086586
