times:
  edit-metadata: 1.4337623044848442
  landing: 1.0653416216373444
  view-data: 3.575346402823925
