times:
  edit-metadata: 1.624109908938408
  landing: 0.7927263528108597
  view-data: 3.320074252784252
