times:
  edit-metadata: 2.1164165139198303
  landing: 1.3242962062358856
  view-data: 3.541271924972534
