times:
  edit-metadata: 1.3989711701869965
  landing: 0.8103380650281906
  view-data: 3.4393381252884865
