times:
  edit-metadata: 1.3764557763934135
  landing: 0.7854167744517326
  view-data: 3.415909066796303
