times:
  edit-metadata: 2.327252060174942
  landing: 1.235828883945942
  view-data: 3.3990196883678436
