times:
  edit-metadata: 1.4137157574295998
  landing: 0.8172745406627655
  view-data: 3.4171473532915115
