times:
  edit-metadata: 1.4971090257167816
  landing: 0.9454890489578247
  view-data: 3.3146739825606346
