times:
  edit-metadata: 1.455854021012783
  landing: 0.9349086433649063
  view-data: 3.470293566584587
