times:
  edit-metadata: 1.6801360473036766
  landing: 0.9351239278912544
  view-data: 3.487381435930729
