times:
  edit-metadata: 1.412898249924183
  landing: 0.7994214445352554
  view-data: 3.4447994604706764
