times:
  edit-metadata: 1.5430554151535034
  landing: 0.7875902876257896
  view-data: 3.4720644503831863
