times:
  edit-metadata: 1.5041464939713478
  landing: 0.8739204853773117
  view-data: 3.3178733438253403
