times:
  edit-metadata: 1.4046449661254883
  landing: 0.7740798518061638
  view-data: 3.4525258541107178
