times:
  edit-metadata: 1.533377543091774
  landing: 0.8169803693890572
  view-data: 3.3925919756293297
