times:
  edit-metadata: 1.4388421028852463
  landing: 0.9858452528715134
  view-data: 3.427790217101574
