times:
  edit-metadata: 1.5182972773909569
  landing: 0.7967880591750145
  view-data: 3.3531800732016563
