times:
  edit-metadata: 1.5541847869753838
  landing: 0.8394865989685059
  view-data: 3.4585793167352676
