times:
  edit-metadata: 1.4035587757825851
  landing: 0.7968261688947678
  view-data: 3.427921511232853
