times:
  edit-metadata: 1.4158595502376556
  landing: 0.7836401239037514
  view-data: 3.4667455554008484
