times:
  edit-metadata: 1.5210499539971352
  landing: 0.7751140594482422
  view-data: 3.416172534227371
