times:
  edit-metadata: 1.4161640107631683
  landing: 0.795266255736351
  view-data: 3.4348375350236893
