times:
  edit-metadata: 1.5030188150703907
  landing: 0.8744216039776802
  view-data: 3.331794898957014
