times:
  edit-metadata: 1.4309049025177956
  landing: 0.7821125611662865
  view-data: 3.39745419472456
