times:
  edit-metadata: 2.60243471339345
  landing: 1.649811051785946
  view-data: 3.6729856431484222
