times:
  edit-metadata: 1.4556757286190987
  landing: 0.7562427818775177
  view-data: 3.4779206961393356
