times:
  edit-metadata: 1.4596482925117016
  landing: 0.8987647593021393
  view-data: 3.3118797801434994
