times:
  edit-metadata: 1.3700078204274178
  landing: 0.8030161485075951
  view-data: 3.470351107418537
