times:
  edit-metadata: 1.3903236277401447
  landing: 0.9089076891541481
  view-data: 3.352740738540888
