times:
  edit-metadata: 1.415651023387909
  landing: 1.0488479398190975
  view-data: 3.307826701551676
