times:
  edit-metadata: 1.5077441222965717
  landing: 0.835946150124073
  view-data: 3.379483859986067
