times:
  edit-metadata: 1.4690871685743332
  landing: 0.8190703243017197
  view-data: 3.490895576775074
