times:
  edit-metadata: 1.3312328532338142
  landing: 0.771631233394146
  view-data: 3.3850260227918625
