times:
  edit-metadata: 1.455180138349533
  landing: 0.736555315554142
  view-data: 3.499920517206192
