times:
  edit-metadata: 1.3553100526332855
  landing: 0.7399676367640495
  view-data: 3.4422120079398155
