times:
  edit-metadata: 1.4625699296593666
  landing: 0.8120910674333572
  view-data: 3.48378474265337
