times:
  edit-metadata: 1.4715157821774483
  landing: 1.0647879093885422
  view-data: 3.460948698222637
