times:
  edit-metadata: 1.3872540667653084
  landing: 0.7612728849053383
  view-data: 3.3326958157122135
