times:
  edit-metadata: 1.4292853362858295
  landing: 0.8336830548942089
  view-data: 3.351183768361807
