times:
  edit-metadata: 1.4938214682042599
  landing: 0.90621268004179
  view-data: 3.344541359692812
