times:
  edit-metadata: 1.354410544037819
  landing: 0.8498433753848076
  view-data: 3.3303018137812614
