times:
  edit-metadata: 1.7398908771574497
  landing: 1.0137824937701225
  view-data: 3.3376052752137184
