times:
  edit-metadata: 1.3591536656022072
  landing: 0.8757896795868874
  view-data: 3.312075760215521
