times:
  edit-metadata: 1.3590166121721268
  landing: 0.8001109883189201
  view-data: 3.4695719480514526
