times:
  edit-metadata: 1.5348615758121014
  landing: 0.7997962646186352
  view-data: 3.2892574593424797
