times:
  edit-metadata: 1.4577142149209976
  landing: 0.9002922028303146
  view-data: 3.323453612625599
