times:
  edit-metadata: 1.3885611072182655
  landing: 0.7422405034303665
  view-data: 3.472609721124172
