times:
  edit-metadata: 1.4210175797343254
  landing: 0.7709792852401733
  view-data: 3.480024501681328
