times:
  edit-metadata: 2.374316856265068
  landing: 1.7778448089957237
  view-data: 3.6401415541768074
