times:
  edit-metadata: 1.359463594853878
  landing: 0.8030787482857704
  view-data: 3.5914808064699173
