times:
  edit-metadata: 1.3695637583732605
  landing: 0.7982916235923767
  view-data: 3.584021434187889
