times:
  edit-metadata: 1.506695732474327
  landing: 0.7834984362125397
  view-data: 3.486991763114929
