times:
  edit-metadata: 1.384671214967966
  landing: 0.8520472012460232
  view-data: 3.3168281093239784
