times:
  edit-metadata: 1.4319027811288834
  landing: 0.8175287023186684
  view-data: 3.2915862798690796
