times:
  edit-metadata: 1.3916160762310028
  landing: 0.8468648083508015
  view-data: 3.3336639627814293
