times:
  edit-metadata: 1.5002348870038986
  landing: 0.9058773070573807
  view-data: 3.3691575452685356
