times:
  edit-metadata: 1.5583298802375793
  landing: 0.9726754799485207
  view-data: 3.481257937848568
