times:
  edit-metadata: 1.4087497144937515
  landing: 0.8606615960597992
  view-data: 3.4840495213866234
