times:
  edit-metadata: 1.4484086334705353
  landing: 0.9100914932787418
  view-data: 3.31521650031209
