times:
  edit-metadata: 1.671308971941471
  landing: 1.122212402522564
  view-data: 3.6766379922628403
