times:
  edit-metadata: 1.3977746665477753
  landing: 0.7985347732901573
  view-data: 3.3367173299193382
