times:
  edit-metadata: 1.3231355510652065
  landing: 0.7508164644241333
  view-data: 3.288796454668045
