times:
  edit-metadata: 1.4193037077784538
  landing: 0.8488257341086864
  view-data: 3.3355203978717327
