times:
  edit-metadata: 1.527325339615345
  landing: 0.8198020681738853
  view-data: 3.4670346081256866
