times:
  edit-metadata: 1.5593365989625454
  landing: 0.9729709178209305
  view-data: 3.6523544900119305
