times:
  edit-metadata: 1.4782525226473808
  landing: 0.8218781389296055
  view-data: 3.4096584841609
