times:
  edit-metadata: 1.5026013478636742
  landing: 0.9082258194684982
  view-data: 3.3117488473653793
