times:
  edit-metadata: 1.3517620489001274
  landing: 0.7445420026779175
  view-data: 3.285541668534279
