times:
  edit-metadata: 1.8183749355375767
  landing: 1.2394280023872852
  view-data: 3.4568436183035374
