times:
  edit-metadata: 1.4226361140608788
  landing: 0.9267247915267944
  view-data: 3.3473644889891148
