times:
  edit-metadata: 1.412394229322672
  landing: 0.8870947360992432
  view-data: 3.3761259987950325
