times:
  edit-metadata: 1.508431851863861
  landing: 0.7658784277737141
  view-data: 3.328840158879757
