times:
  edit-metadata: 1.4354992248117924
  landing: 0.8727276138961315
  view-data: 3.2637027353048325
