times:
  edit-metadata: 1.4319495968520641
  landing: 0.7735652253031731
  view-data: 3.3043654300272465
