times:
  edit-metadata: 1.4257789365947247
  landing: 0.8460989743471146
  view-data: 3.334446508437395
