times:
  edit-metadata: 1.437679085880518
  landing: 0.813868410885334
  view-data: 3.2881409227848053
