times:
  edit-metadata: 1.4140557870268822
  landing: 0.8247654847800732
  view-data: 3.302809450775385
