times:
  edit-metadata: 1.499350130558014
  landing: 0.7892636135220528
  view-data: 3.496340997517109
