times:
  edit-metadata: 1.5005660764873028
  landing: 0.8238678947091103
  view-data: 3.3298391476273537
