times:
  edit-metadata: 1.4063894674181938
  landing: 0.7519199475646019
  view-data: 3.5072179809212685
