times:
  edit-metadata: 1.5517875105142593
  landing: 0.8198655992746353
  view-data: 3.331685960292816
