times:
  edit-metadata: 1.5404646396636963
  landing: 0.7909184172749519
  view-data: 3.458474352955818
