times:
  edit-metadata: 1.344118945300579
  landing: 0.7171243354678154
  view-data: 3.402962051331997
