times:
  edit-metadata: 1.452985092997551
  landing: 0.8509063348174095
  view-data: 3.5709191039204597
