times:
  edit-metadata: 1.7199132032692432
  landing: 1.4114374406635761
  view-data: 3.484980206936598
