times:
  edit-metadata: 1.455649197101593
  landing: 0.8120023235678673
  view-data: 3.594525136053562
