times:
  edit-metadata: 1.3637018576264381
  landing: 0.7587320245802402
  view-data: 3.300275791436434
