times:
  edit-metadata: 1.4144564792513847
  landing: 0.8084857203066349
  view-data: 3.3761313185095787
