times:
  edit-metadata: 1.37372837215662
  landing: 0.7945993840694427
  view-data: 3.9153632819652557
