times:
  edit-metadata: 1.350910745561123
  landing: 0.7800174057483673
  view-data: 3.5294851437211037
