times:
  edit-metadata: 1.6197644285857677
  landing: 0.9833388887345791
  view-data: 3.580841988325119
