times:
  edit-metadata: 1.3835359513759613
  landing: 0.7781238034367561
  view-data: 3.577288180589676
