times:
  edit-metadata: 1.396187238395214
  landing: 0.8032965436577797
  view-data: 3.3426217436790466
