times:
  edit-metadata: 1.7062497027218342
  landing: 0.7669705450534821
  view-data: 3.2969428300857544
