times:
  edit-metadata: 1.367677979171276
  landing: 0.8072101175785065
  view-data: 3.6050121635198593
