times:
  edit-metadata: 1.4619415812194347
  landing: 0.8089932054281235
  view-data: 3.2691696770489216
