times:
  edit-metadata: 1.4991185069084167
  landing: 0.8252344653010368
  view-data: 3.3365516364574432
