times:
  edit-metadata: 1.580523170530796
  landing: 0.7877682372927666
  view-data: 3.5860066264867783
