times:
  edit-metadata: 1.5460422486066818
  landing: 1.035612814128399
  view-data: 3.316421043127775
