times:
  edit-metadata: 1.6011407524347305
  landing: 0.9999650865793228
  view-data: 3.2992224022746086
