times:
  edit-metadata: 1.4140191674232483
  landing: 1.380036547780037
  view-data: 3.7580699175596237
