times:
  edit-metadata: 1.675083227455616
  landing: 0.8478274792432785
  view-data: 3.3489266596734524
