times:
  edit-metadata: 1.2624832913279533
  landing: 0.8232239559292793
  view-data: 3.3390804901719093
