times:
  edit-metadata: 1.476747252047062
  landing: 0.8707357868552208
  view-data: 3.6282579451799393
