times:
  edit-metadata: 1.4841871857643127
  landing: 0.8580899685621262
  view-data: 3.3696950003504753
