times:
  edit-metadata: 1.3619026243686676
  landing: 0.7789338082075119
  view-data: 3.527631178498268
