times:
  edit-metadata: 1.407038375735283
  landing: 0.8204876780509949
  view-data: 3.558147430419922
