times:
  edit-metadata: 1.4613444283604622
  landing: 0.8361879885196686
  view-data: 3.3236318305134773
