times:
  edit-metadata: 1.5078425034880638
  landing: 1.026127077639103
  view-data: 3.6059209406375885
