times:
  edit-metadata: 1.37481988966465
  landing: 0.7345320880413055
  view-data: 3.47854146361351
