times:
  edit-metadata: 1.5014900006353855
  landing: 0.8487404324114323
  view-data: 3.644325226545334
