times:
  edit-metadata: 1.4128367230296135
  landing: 0.7713400945067406
  view-data: 3.4341152235865593
