times:
  edit-metadata: 1.8682247772812843
  landing: 0.8908040709793568
  view-data: 3.3943936116993427
