times:
  edit-metadata: 1.6441239602863789
  landing: 1.0674995593726635
  view-data: 3.3778583705425262
