times:
  edit-metadata: 1.4161635041236877
  landing: 0.7593254670500755
  view-data: 3.5628101155161858
