times:
  edit-metadata: 1.4982084706425667
  landing: 1.2212020680308342
  view-data: 3.7020084857940674
