times:
  edit-metadata: 1.375396229326725
  landing: 0.865275651216507
  view-data: 3.2628308199346066
