times:
  edit-metadata: 1.404741808772087
  landing: 0.9133855029940605
  view-data: 3.316770788282156
