times:
  edit-metadata: 1.4843433424830437
  landing: 0.7387724667787552
  view-data: 3.541620373725891
