times:
  edit-metadata: 1.7829478457570076
  landing: 1.3694638311862946
  view-data: 3.5745540410280228
