times:
  edit-metadata: 1.3509350344538689
  landing: 0.7867093496024609
  view-data: 3.3051111064851284
