times:
  edit-metadata: 1.4579205960035324
  landing: 0.7707161754369736
  view-data: 3.43412147462368
