times:
  edit-metadata: 1.6830562725663185
  landing: 0.9224851615726948
  view-data: 3.3120464086532593
