times:
  edit-metadata: 1.562256745994091
  landing: 0.880128987133503
  view-data: 3.2969801537692547
