times:
  edit-metadata: 1.7177439332008362
  landing: 1.2340858727693558
  view-data: 3.428578794002533
