times:
  edit-metadata: 1.3998936489224434
  landing: 0.7761372625827789
  view-data: 3.4024170637130737
