times:
  edit-metadata: 1.384209617972374
  landing: 0.8325333222746849
  view-data: 3.3097837157547474
