times:
  edit-metadata: 1.4781830534338951
  landing: 0.7651023268699646
  view-data: 3.466752164065838
