times:
  edit-metadata: 1.7263071462512016
  landing: 1.1365122348070145
  view-data: 3.674298956990242
