times:
  edit-metadata: 1.4910520687699318
  landing: 0.849647730588913
  view-data: 3.4651457220315933
