times:
  edit-metadata: 1.4142558984458447
  landing: 0.8454985804855824
  view-data: 3.301914617419243
