times:
  edit-metadata: 1.450961671769619
  landing: 0.860778234899044
  view-data: 3.301416266709566
