times:
  edit-metadata: 2.695145830512047
  landing: 1.1897146180272102
  view-data: 3.4128676056861877
