times:
  edit-metadata: 1.5183726847171783
  landing: 0.7880565896630287
  view-data: 3.3780435249209404
