times:
  edit-metadata: 1.3968360051512718
  landing: 0.7314989417791367
  view-data: 3.4959614872932434
