times:
  edit-metadata: 1.404385857284069
  landing: 0.9398724660277367
  view-data: 3.4521890953183174
