times:
  edit-metadata: 1.5299567691981792
  landing: 0.9089242592453957
  view-data: 3.313863892108202
