times:
  edit-metadata: 1.4043999388813972
  landing: 0.8945892415940762
  view-data: 3.314385812729597
