times:
  edit-metadata: 1.4205578491091728
  landing: 0.8521338924765587
  view-data: 3.2975420132279396
