times:
  edit-metadata: 1.86793814599514
  landing: 1.1762093976140022
  view-data: 3.5299042761325836
