times:
  edit-metadata: 1.4056761711835861
  landing: 1.025154434144497
  view-data: 3.350212089717388
