times:
  edit-metadata: 1.4458933621644974
  landing: 0.7762126848101616
  view-data: 3.4194383770227432
