times:
  edit-metadata: 1.3897344321012497
  landing: 0.8038492128252983
  view-data: 3.4773378148674965
