times:
  edit-metadata: 1.8635545670986176
  landing: 1.0948232114315033
  view-data: 3.816313609480858
