times:
  edit-metadata: 1.5003617480397224
  landing: 0.8258220851421356
  view-data: 3.5946724489331245
