times:
  edit-metadata: 1.5060193575918674
  landing: 0.8134820945560932
  view-data: 3.3339623995125294
