times:
  edit-metadata: 1.4404281973838806
  landing: 0.7690919637680054
  view-data: 3.491228848695755
