times:
  edit-metadata: 1.444698840379715
  landing: 0.9641919285058975
  view-data: 3.533076524734497
