times:
  edit-metadata: 1.4532740861177444
  landing: 0.8585551008582115
  view-data: 3.489843264222145
