times:
  edit-metadata: 1.3665288835763931
  landing: 0.8846308961510658
  view-data: 3.4141466468572617
