times:
  edit-metadata: 1.3884600028395653
  landing: 0.8356984630227089
  view-data: 3.3542935252189636
