times:
  edit-metadata: 1.6974286958575249
  landing: 1.357790783047676
  view-data: 3.4070617258548737
