times:
  edit-metadata: 1.4142285510897636
  landing: 0.822567954659462
  view-data: 3.6076266691088676
