times:
  edit-metadata: 1.4637257680296898
  landing: 0.8195999562740326
  view-data: 3.543836787343025
