times:
  edit-metadata: 1.2471120581030846
  landing: 0.8219320923089981
  view-data: 3.592127598822117
