times:
  edit-metadata: 1.3386455476284027
  landing: 0.789857804775238
  view-data: 3.4419280290603638
