times:
  edit-metadata: 1.4036751128733158
  landing: 0.9193074703216553
  view-data: 3.310303084552288
