times:
  edit-metadata: 1.340808890759945
  landing: 0.7935956120491028
  view-data: 3.4844559505581856
