times:
  edit-metadata: 1.2923071905970573
  landing: 0.9242643713951111
  view-data: 3.624466836452484
