times:
  edit-metadata: 2.213877394795418
  landing: 1.2967810183763504
  view-data: 3.323874559253454
