times:
  edit-metadata: 1.6603711619973183
  landing: 0.7841110527515411
  view-data: 3.4501742646098137
