times:
  edit-metadata: 2.1216881424188614
  landing: 1.269238606095314
  view-data: 3.8305866420269012
