times:
  edit-metadata: 1.4963454529643059
  landing: 0.8932440429925919
  view-data: 3.275630932301283
