times:
  edit-metadata: 1.5007625073194504
  landing: 0.7875922545790672
  view-data: 3.308586746454239
