times:
  edit-metadata: 1.3880562856793404
  landing: 0.9745591022074223
  view-data: 3.313180010765791
