times:
  edit-metadata: 1.3514936342835426
  landing: 0.9108662158250809
  view-data: 3.262107513844967
