times:
  edit-metadata: 1.4194038361310959
  landing: 0.8297102823853493
  view-data: 3.285291403532028
