times:
  edit-metadata: 1.3889294490218163
  landing: 0.8927248865365982
  view-data: 3.53168036788702
