times:
  edit-metadata: 1.475158292800188
  landing: 0.8471275568008423
  view-data: 3.352012477815151
