times:
  edit-metadata: 1.4281877055764198
  landing: 0.8195302933454514
  view-data: 3.537697121500969
