times:
  edit-metadata: 1.5273397713899612
  landing: 0.862996481359005
  view-data: 3.536693051457405
