times:
  edit-metadata: 1.5080858692526817
  landing: 0.9059369340538979
  view-data: 3.3724299520254135
