times:
  edit-metadata: 1.5087008327245712
  landing: 0.8571084439754486
  view-data: 3.499180383980274
