times:
  edit-metadata: 1.4377838373184204
  landing: 0.7684706375002861
  view-data: 3.4125427529215813
