times:
  edit-metadata: 1.355521071702242
  landing: 0.8320529349148273
  view-data: 3.2600198574364185
