times:
  edit-metadata: 1.4169843532145023
  landing: 0.817033052444458
  view-data: 3.28368329256773
