times:
  edit-metadata: 1.5404920130968094
  landing: 0.8363033458590508
  view-data: 3.370295003056526
