times:
  edit-metadata: 2.1002510339021683
  landing: 1.1291153952479362
  view-data: 3.869265079498291
