times:
  edit-metadata: 1.4175386875867844
  landing: 0.8767996802926064
  view-data: 3.2973907068371773
