times:
  edit-metadata: 1.348515771329403
  landing: 0.8428997322916985
  view-data: 3.3818337991833687
