times:
  edit-metadata: 1.4075252711772919
  landing: 0.8098694905638695
  view-data: 3.351052962243557
