times:
  edit-metadata: 1.4623601585626602
  landing: 0.8757794015109539
  view-data: 3.3891146890819073
