times:
  edit-metadata: 1.460127480328083
  landing: 0.7886359319090843
  view-data: 3.3157992362976074
