times:
  edit-metadata: 1.3448085337877274
  landing: 0.8661244660615921
  view-data: 3.3987111300230026
