times:
  edit-metadata: 1.410738930106163
  landing: 0.8366254940629005
  view-data: 3.494053192436695
