times:
  edit-metadata: 1.632389198988676
  landing: 0.9358251765370369
  view-data: 3.335443452000618
