times:
  edit-metadata: 1.4763432443141937
  landing: 1.0369104072451591
  view-data: 3.6457624211907387
