times:
  edit-metadata: 2.9933475106954575
  landing: 1.688585951924324
  view-data: 3.7833200618624687
