times:
  edit-metadata: 1.3915011212229729
  landing: 0.8136815093457699
  view-data: 3.2881422303617
