times:
  edit-metadata: 1.468361921608448
  landing: 0.7839575335383415
  view-data: 3.4594232216477394
