times:
  edit-metadata: 1.5119597911834717
  landing: 0.8462034165859222
  view-data: 3.4345450326800346
