times:
  edit-metadata: 1.327901877462864
  landing: 0.7727170214056969
  view-data: 3.457611173391342
