times:
  edit-metadata: 1.451585803180933
  landing: 0.8858526200056076
  view-data: 3.3232548609375954
