times:
  edit-metadata: 1.3589604943990707
  landing: 0.8300351090729237
  view-data: 3.3390397280454636
