times:
  edit-metadata: 1.4157221503555775
  landing: 0.7774472236633301
  view-data: 3.3656188622117043
