times:
  edit-metadata: 1.3720622807741165
  landing: 0.8720155134797096
  view-data: 3.3912686184048653
