times:
  edit-metadata: 1.455726895481348
  landing: 0.774104118347168
  view-data: 3.354507941752672
