times:
  edit-metadata: 1.4993826597929
  landing: 0.9255748204886913
  view-data: 3.354789864271879
