times:
  edit-metadata: 1.412854854017496
  landing: 0.9452135376632214
  view-data: 3.3270673789083958
