times:
  edit-metadata: 1.5435231402516365
  landing: 0.7575169987976551
  view-data: 3.3478149585425854
