times:
  edit-metadata: 1.6574896946549416
  landing: 0.9054565578699112
  view-data: 3.3017941899597645
