times:
  edit-metadata: 1.38881766051054
  landing: 0.7533653825521469
  view-data: 3.3698923364281654
