times:
  edit-metadata: 1.327482484281063
  landing: 0.8047324120998383
  view-data: 3.3197915256023407
