times:
  edit-metadata: 2.573249191045761
  landing: 1.7171319127082825
  view-data: 4.074920952320099
