times:
  edit-metadata: 2.3074139803647995
  landing: 1.412630908191204
  view-data: 3.5934434980154037
