times:
  edit-metadata: 1.512867771089077
  landing: 0.804725743830204
  view-data: 3.533871702849865
