times:
  edit-metadata: 1.3499031141400337
  landing: 0.8503116965293884
  view-data: 3.5061550810933113
