times:
  edit-metadata: 1.3426957502961159
  landing: 0.8405717350542545
  view-data: 3.3137445002794266
