times:
  edit-metadata: 1.415062077343464
  landing: 0.7626390978693962
  view-data: 3.5161380618810654
