times:
  edit-metadata: 1.5114743113517761
  landing: 0.7309827953577042
  view-data: 3.469453975558281
