times:
  edit-metadata: 1.385218359529972
  landing: 0.7753991261124611
  view-data: 3.296573184430599
