times:
  edit-metadata: 1.3608479499816895
  landing: 0.8651179671287537
  view-data: 3.4473513439297676
