times:
  edit-metadata: 1.3906171321868896
  landing: 0.7318761274218559
  view-data: 3.535538926720619
