times:
  edit-metadata: 1.3864201232790947
  landing: 0.8422158136963844
  view-data: 3.287450857460499
