times:
  edit-metadata: 1.523178569972515
  landing: 0.79494209587574
  view-data: 3.544977091252804
