times:
  edit-metadata: 1.5040117837488651
  landing: 0.8386622108519077
  view-data: 3.3514347970485687
