times:
  edit-metadata: 1.541343741118908
  landing: 0.8589440360665321
  view-data: 3.320777453482151
