times:
  edit-metadata: 1.3441456630825996
  landing: 0.8137121722102165
  view-data: 3.301768973469734
