times:
  edit-metadata: 1.4583598598837852
  landing: 0.8486327864229679
  view-data: 3.33726254850626
