times:
  edit-metadata: 1.4193412140011787
  landing: 0.7952855229377747
  view-data: 3.468919590115547
