times:
  edit-metadata: 1.592561960220337
  landing: 0.9072397127747536
  view-data: 3.4922680482268333
