times:
  edit-metadata: 1.4217006638646126
  landing: 0.799505427479744
  view-data: 3.4141807332634926
