times:
  edit-metadata: 1.3758446723222733
  landing: 0.78655144572258
  view-data: 3.3381579592823982
