times:
  edit-metadata: 1.419302187860012
  landing: 0.7875561788678169
  view-data: 3.3136421218514442
