times:
  edit-metadata: 1.4326050579547882
  landing: 0.790604330599308
  view-data: 3.5086383149027824
