times:
  edit-metadata: 1.6999719217419624
  landing: 1.1402484476566315
  view-data: 3.6135786026716232
