times:
  edit-metadata: 1.3752770312130451
  landing: 0.8684974797070026
  view-data: 3.3147852830588818
