times:
  edit-metadata: 1.482445277273655
  landing: 0.9019403755664825
  view-data: 3.30381091684103
