times:
  edit-metadata: 1.4206166192889214
  landing: 0.7754068300127983
  view-data: 3.4652958661317825
