times:
  edit-metadata: 1.3748619183897972
  landing: 0.7767366319894791
  view-data: 3.294016845524311
