times:
  edit-metadata: 1.4443286582827568
  landing: 0.8297526724636555
  view-data: 3.318139985203743
