times:
  edit-metadata: 1.4640984497964382
  landing: 0.8285603187978268
  view-data: 3.3073712401092052
