times:
  edit-metadata: 2.0631051249802113
  landing: 0.874350119382143
  view-data: 3.312985587865114
