times:
  edit-metadata: 1.3494980856776237
  landing: 0.7725214138627052
  view-data: 3.4616317972540855
