times:
  edit-metadata: 1.5653316341340542
  landing: 0.8987230397760868
  view-data: 3.367424536496401
