times:
  edit-metadata: 1.503483109176159
  landing: 0.7496323511004448
  view-data: 3.5156904608011246
