times:
  edit-metadata: 1.4774124845862389
  landing: 0.8599564135074615
  view-data: 3.4534796103835106
