times:
  edit-metadata: 1.5728241987526417
  landing: 0.8571929484605789
  view-data: 3.3950594663619995
