times:
  edit-metadata: 1.8204365819692612
  landing: 1.2830950692296028
  view-data: 3.4140216410160065
