times:
  edit-metadata: 1.406038012355566
  landing: 0.8749983124434948
  view-data: 3.2848204523324966
