times:
  edit-metadata: 1.3806258738040924
  landing: 0.8051075972616673
  view-data: 3.3314806185662746
