times:
  edit-metadata: 1.4395814053714275
  landing: 0.7716697379946709
  view-data: 3.3231328763067722
