times:
  edit-metadata: 2.3402760922908783
  landing: 1.1526640951633453
  view-data: 3.5061721578240395
