times:
  edit-metadata: 1.3646444045007229
  landing: 0.8996550738811493
  view-data: 3.3783086575567722
