times:
  edit-metadata: 1.5294292569160461
  landing: 0.8193204402923584
  view-data: 3.419250525534153
