times:
  edit-metadata: 1.4881339594721794
  landing: 0.8540387153625488
  view-data: 3.30971759557724
