times:
  edit-metadata: 1.6607624143362045
  landing: 0.9574347138404846
  view-data: 3.392760917544365
