times:
  edit-metadata: 1.4921343848109245
  landing: 0.7655519470572472
  view-data: 3.3972202613949776
