times:
  edit-metadata: 1.452638365328312
  landing: 0.9373229667544365
  view-data: 3.73192997276783
