times:
  edit-metadata: 1.508045144379139
  landing: 0.8575121611356735
  view-data: 3.389264538884163
