times:
  edit-metadata: 1.5353688895702362
  landing: 0.8624639511108398
  view-data: 3.268202807754278
