times:
  edit-metadata: 1.4735210165381432
  landing: 0.8314838781952858
  view-data: 3.5530106350779533
