times:
  edit-metadata: 1.4473969787359238
  landing: 0.8332419320940971
  view-data: 3.2722942754626274
