times:
  edit-metadata: 1.38653814047575
  landing: 0.9424471333622932
  view-data: 3.387986149638891
