times:
  edit-metadata: 1.5988715775310993
  landing: 1.0103462748229504
  view-data: 3.3642178401350975
