times:
  edit-metadata: 1.443028710782528
  landing: 0.8010153919458389
  view-data: 3.4251539409160614
