times:
  edit-metadata: 1.4100220873951912
  landing: 0.7586598321795464
  view-data: 3.4442970380187035
