times:
  edit-metadata: 1.3541763350367546
  landing: 0.7417323216795921
  view-data: 3.4204861000180244
