times:
  edit-metadata: 1.4937336221337318
  landing: 0.8661523312330246
  view-data: 3.339586742222309
