times:
  edit-metadata: 1.523752823472023
  landing: 0.8479544147849083
  view-data: 3.3056850507855415
