times:
  edit-metadata: 1.4694719463586807
  landing: 0.8176683261990547
  view-data: 3.279494985938072
