times:
  edit-metadata: 1.4086405411362648
  landing: 0.8782736957073212
  view-data: 3.465622290968895
