times:
  edit-metadata: 1.5407619178295135
  landing: 0.865535669028759
  view-data: 3.5674849823117256
