times:
  edit-metadata: 1.38555558770895
  landing: 0.8438426554203033
  view-data: 3.457436367869377
