times:
  edit-metadata: 1.51364117115736
  landing: 0.7834160774946213
  view-data: 3.430740348994732
