times:
  edit-metadata: 1.4724898636341095
  landing: 0.7770532518625259
  view-data: 3.4424214586615562
