times:
  edit-metadata: 1.5342798084020615
  landing: 0.8021494820713997
  view-data: 3.4686342924833298
