times:
  edit-metadata: 1.3854588195681572
  landing: 0.8059984892606735
  view-data: 3.482563927769661
