times:
  edit-metadata: 1.3739962056279182
  landing: 0.7897398918867111
  view-data: 3.4552842527627945
