times:
  edit-metadata: 1.4753975383937359
  landing: 0.7702271640300751
  view-data: 3.3886305056512356
