times:
  edit-metadata: 1.5566329322755337
  landing: 0.9754323624074459
  view-data: 3.295092698186636
