times:
  edit-metadata: 2.0721437372267246
  landing: 1.4220745339989662
  view-data: 3.502411402761936
