times:
  edit-metadata: 1.4376228228211403
  landing: 0.794392291456461
  view-data: 3.417757224291563
