times:
  edit-metadata: 1.5173176750540733
  landing: 0.8672658801078796
  view-data: 3.3170674592256546
