times:
  edit-metadata: 1.528118871152401
  landing: 0.7960410863161087
  view-data: 3.5060234516859055
