times:
  edit-metadata: 1.4319200366735458
  landing: 0.812630333006382
  view-data: 3.5149178504943848
