times:
  edit-metadata: 1.345422938466072
  landing: 0.7848524749279022
  view-data: 3.5376908481121063
