times:
  edit-metadata: 1.342200543731451
  landing: 0.850268192589283
  view-data: 3.360394101589918
