times:
  edit-metadata: 1.440399058163166
  landing: 0.8665013089776039
  view-data: 3.3470109924674034
