times:
  edit-metadata: 1.4211892858147621
  landing: 0.7401426881551743
  view-data: 3.4672814160585403
