times:
  edit-metadata: 1.4848300069570541
  landing: 0.8382105380296707
  view-data: 3.493149407207966
