times:
  edit-metadata: 1.4685656279325485
  landing: 0.9519959054887295
  view-data: 3.332787912338972
