times:
  edit-metadata: 1.4491438455879688
  landing: 0.8286755681037903
  view-data: 3.3927229419350624
