times:
  edit-metadata: 1.3489302024245262
  landing: 0.7556897699832916
  view-data: 3.4294499903917313
