times:
  edit-metadata: 2.100857652723789
  landing: 1.2327676564455032
  view-data: 3.4680793434381485
