times:
  edit-metadata: 1.4316417500376701
  landing: 0.9105669185519218
  view-data: 3.31477203220129
