times:
  edit-metadata: 1.524781383574009
  landing: 0.8101728186011314
  view-data: 3.507201224565506
