times:
  edit-metadata: 1.5640030726790428
  landing: 0.9673451408743858
  view-data: 3.418158184736967
