times:
  edit-metadata: 1.4721665382385254
  landing: 0.8493325859308243
  view-data: 3.325586676597595
