times:
  edit-metadata: 1.3888360485434532
  landing: 0.8111091926693916
  view-data: 3.439403183758259
