times:
  edit-metadata: 1.5844781622290611
  landing: 0.8608142361044884
  view-data: 3.4549527689814568
