times:
  edit-metadata: 1.3647354282438755
  landing: 0.8978910557925701
  view-data: 3.2706407085061073
