times:
  edit-metadata: 1.5071697756648064
  landing: 0.7692031040787697
  view-data: 3.4347625970840454
