times:
  edit-metadata: 1.5138396471738815
  landing: 0.8741136565804482
  view-data: 3.5378592535853386
