times:
  edit-metadata: 1.4633496850728989
  landing: 0.7711094543337822
  view-data: 3.4643559008836746
