times:
  edit-metadata: 1.3127897903323174
  landing: 0.6763744726777077
  view-data: 3.4467748031020164
