times:
  edit-metadata: 1.4871507808566093
  landing: 0.7652075290679932
  view-data: 3.2908131405711174
