times:
  edit-metadata: 1.4960104525089264
  landing: 0.7664167881011963
  view-data: 3.302839245647192
