times:
  edit-metadata: 1.5968173779547215
  landing: 0.891344454139471
  view-data: 3.312244735658169
