times:
  edit-metadata: 1.4551678411662579
  landing: 0.8118428140878677
  view-data: 3.33280336111784
