times:
  edit-metadata: 1.5523123145103455
  landing: 0.8083972372114658
  view-data: 3.3089506439864635
