times:
  edit-metadata: 1.3927831500768661
  landing: 0.7920844443142414
  view-data: 3.3733259737491608
