times:
  edit-metadata: 1.4441304802894592
  landing: 1.0831336118280888
  view-data: 3.2660087011754513
