times:
  edit-metadata: 1.353751190006733
  landing: 0.7710627093911171
  view-data: 3.4483651518821716
