times:
  edit-metadata: 1.380894459784031
  landing: 0.8250104188919067
  view-data: 3.3822163343429565
