times:
  edit-metadata: 1.4889174327254295
  landing: 0.9266404435038567
  view-data: 3.382497988641262
