times:
  edit-metadata: 1.6148048788309097
  landing: 0.8424509093165398
  view-data: 3.323017954826355
