times:
  edit-metadata: 1.5259716138243675
  landing: 0.8513424918055534
  view-data: 3.279408074915409
