times:
  edit-metadata: 1.5600065365433693
  landing: 0.8794185593724251
  view-data: 3.418537452816963
