times:
  edit-metadata: 1.4954873993992805
  landing: 0.8409870229661465
  view-data: 3.377712819725275
