times:
  edit-metadata: 1.465760961174965
  landing: 1.0378246530890465
  view-data: 3.5535579174757004
