times:
  edit-metadata: 1.4757985919713974
  landing: 0.7561348378658295
  view-data: 3.4500929564237595
