times:
  edit-metadata: 1.4423381388187408
  landing: 0.9436597973108292
  view-data: 3.5404314771294594
