times:
  edit-metadata: 1.4557013511657715
  landing: 0.8593562841415405
  view-data: 3.370509497821331
