times:
  edit-metadata: 1.3451790548861027
  landing: 0.8485733568668365
  view-data: 3.2929635420441628
