times:
  edit-metadata: 1.5168305039405823
  landing: 0.8540473878383636
  view-data: 3.376993726938963
