times:
  edit-metadata: 2.324422538280487
  landing: 1.3280384689569473
  view-data: 3.525617830455303
