times:
  edit-metadata: 1.4435077756643295
  landing: 0.8410819470882416
  view-data: 3.3810408785939217
