times:
  edit-metadata: 1.897716213017702
  landing: 1.3270281217992306
  view-data: 3.3597258143126965
