times:
  edit-metadata: 1.6815740913152695
  landing: 1.015794388949871
  view-data: 3.6304986029863358
