times:
  edit-metadata: 1.5054735615849495
  landing: 0.8007468357682228
  view-data: 3.5265198051929474
