times:
  edit-metadata: 1.4559676870703697
  landing: 0.866530142724514
  view-data: 3.553692504763603
