times:
  edit-metadata: 1.3487308770418167
  landing: 0.8600711449980736
  view-data: 3.480648249387741
