times:
  edit-metadata: 1.8012707494199276
  landing: 1.0986890587955713
  view-data: 3.4863444473594427
