times:
  edit-metadata: 1.3941661939024925
  landing: 0.8919558674097061
  view-data: 3.329680733382702
