times:
  edit-metadata: 1.5390516202896833
  landing: 0.7942600641399622
  view-data: 3.433016860857606
