times:
  edit-metadata: 1.5627472251653671
  landing: 1.0631497986614704
  view-data: 3.3460901230573654
