times:
  edit-metadata: 1.3839954938739538
  landing: 0.7992633879184723
  view-data: 3.267228990793228
