times:
  edit-metadata: 1.4541254676878452
  landing: 0.7229837290942669
  view-data: 3.349817592650652
