times:
  edit-metadata: 1.7344859726727009
  landing: 1.1162539161741734
  view-data: 3.3914190754294395
