times:
  edit-metadata: 1.5470646284520626
  landing: 0.8483734130859375
  view-data: 3.333527073264122
