times:
  edit-metadata: 1.494914896786213
  landing: 0.9130685143172741
  view-data: 3.349801179021597
