times:
  edit-metadata: 1.8360018711537123
  landing: 0.8528251107782125
  view-data: 3.4770268350839615
