times:
  edit-metadata: 1.4204742349684238
  landing: 0.8925508596003056
  view-data: 3.3298951908946037
