times:
  edit-metadata: 1.574505414813757
  landing: 0.7268717028200626
  view-data: 3.3344189561903477
