times:
  edit-metadata: 1.4104265123605728
  landing: 0.8444372192025185
  view-data: 3.3617364428937435
