times:
  edit-metadata: 1.5702089220285416
  landing: 0.8179786242544651
  view-data: 3.32482373714447
