times:
  edit-metadata: 1.5670927204191685
  landing: 0.8450826443731785
  view-data: 3.4331835731863976
