times:
  edit-metadata: 1.4876372702419758
  landing: 0.9200173020362854
  view-data: 3.312440436333418
