times:
  edit-metadata: 1.5377392061054707
  landing: 1.0378990098834038
  view-data: 3.3655965737998486
