times:
  edit-metadata: 1.5560480393469334
  landing: 0.9438025988638401
  view-data: 3.300721615552902
