times:
  edit-metadata: 1.790490185841918
  landing: 0.9057009564712644
  view-data: 3.4003852866590023
