times:
  edit-metadata: 2.208093833178282
  landing: 0.9932076539844275
  view-data: 3.3551151268184185
