times:
  edit-metadata: 1.7047811839729548
  landing: 1.2937543727457523
  view-data: 3.4998391903936863
