times:
  edit-metadata: 1.4997833836823702
  landing: 0.7371697220951319
  view-data: 3.3698024451732635
