times:
  edit-metadata: 1.957285113632679
  landing: 0.9379977583885193
  view-data: 3.4102954864501953
