times:
  edit-metadata: 1.4706202615052462
  landing: 0.8807866089046001
  view-data: 3.384845258668065
