times:
  edit-metadata: 3.2012191712856293
  landing: 1.1318378113210201
  view-data: 3.4335570856928825
