times:
  edit-metadata: 1.7301669819280505
  landing: 1.4567824061959982
  view-data: 3.461567619815469
