times:
  edit-metadata: 1.5389505345374346
  landing: 0.7159488927572966
  view-data: 3.339281776919961
