times:
  edit-metadata: 2.165813824161887
  landing: 1.027958808466792
  view-data: 3.5606341268867254
