times:
  edit-metadata: 1.5383476801216602
  landing: 0.7716955132782459
  view-data: 3.461282953619957
