times:
  edit-metadata: 1.5604440607130527
  landing: 0.8772424273192883
  view-data: 3.390321161597967
