times:
  edit-metadata: 1.560428574681282
  landing: 0.9042987413704395
  view-data: 3.3694991134107113
