times:
  edit-metadata: 1.4053020738065243
  landing: 0.922677543014288
  view-data: 3.3664391934871674
