times:
  edit-metadata: 1.5404099635779858
  landing: 0.9749349374324083
  view-data: 3.407936016097665
