times:
  edit-metadata: 1.5190117731690407
  landing: 0.8027340602129698
  view-data: 0.5806869175285101
