times:
  edit-metadata: 1.5444703083485365
  landing: 0.9146664198487997
  view-data: 3.4000296723097563
