times:
  edit-metadata: 1.5432487670332193
  landing: 0.865154379978776
  view-data: 3.3728453014045954
