times:
  edit-metadata: 1.5679773408919573
  landing: 0.9136761277914047
  view-data: 3.3962320555001497
