times:
  edit-metadata: 1.542795643210411
  landing: 0.7632407769560814
  view-data: 3.3895446248352528
