times:
  edit-metadata: 1.5279708709567785
  landing: 0.7809060253202915
  view-data: 3.435151195153594
