times:
  edit-metadata: 1.5584566853940487
  landing: 0.809509513899684
  view-data: 3.3939836267381907
