times:
  edit-metadata: 1.604462593793869
  landing: 0.8654557093977928
  view-data: 3.3776377737522125
