times:
  edit-metadata: 1.5254812650382519
  landing: 0.7916375175118446
  view-data: 3.3500830586999655
