times:
  edit-metadata: 1.5362615138292313
  landing: 0.9413145147264004
  view-data: 3.4105090759694576
