times:
  edit-metadata: 2.3020975030958652
  landing: 0.924344471655786
  view-data: 3.5142412846907973
