times:
  edit-metadata: 1.5695816464722157
  landing: 0.9717414900660515
  view-data: 3.3516933284699917
