times:
  edit-metadata: 1.5202656034380198
  landing: 0.7491144351661205
  view-data: 3.4853134136646986
