times:
  edit-metadata: 1.4243741407990456
  landing: 0.7673815730959177
  view-data: 3.3544200975447893
