times:
  edit-metadata: 2.526543924584985
  landing: 2.3250880101695657
  view-data: 3.4724494898691773
