times:
  edit-metadata: 1.7383769927546382
  landing: 0.9875171724706888
  view-data: 3.386413644067943
