times:
  edit-metadata: 1.6438943706452847
  landing: 1.1710238698869944
  view-data: 3.366412930190563
