times:
  edit-metadata: 2.861389599740505
  landing: 2.4492688290774822
  view-data: 3.695718090981245
