times:
  edit-metadata: 1.5713416915386915
  landing: 0.8398362901061773
  view-data: 3.4334157053381205
