times:
  edit-metadata: 1.5492587573826313
  landing: 0.8639901801943779
  view-data: 3.3932524025440216
