times:
  edit-metadata: 1.4165963344275951
  landing: 0.9233236350119114
  view-data: 3.3442015536129475
