times:
  edit-metadata: 1.4335940070450306
  landing: 1.0111650936305523
  view-data: 3.397877622395754
