times:
  edit-metadata: 1.6143349297344685
  landing: 1.0656539388000965
  view-data: 3.4002196602523327
