times:
  edit-metadata: 1.5087597258388996
  landing: 1.0236264578998089
  view-data: 3.3448495119810104
