times:
  edit-metadata: 1.533004105091095
  landing: 0.770803015679121
  view-data: 3.411639180034399
