times:
  edit-metadata: 1.5861963704228401
  landing: 0.8127347826957703
  view-data: 3.342781314626336
