times:
  edit-metadata: 1.536424681544304
  landing: 1.0346686840057373
  view-data: 3.364028450101614
