times:
  edit-metadata: 1.4880826007574797
  landing: 0.7972439657896757
  view-data: 3.3971616979688406
