times:
  edit-metadata: 1.6449763104319572
  landing: 0.9827375896275043
  view-data: 3.3919314928352833
