times:
  edit-metadata: 1.4326186561957002
  landing: 0.9069344429299235
  view-data: 3.4926661513745785
