times:
  edit-metadata: 1.4070298559963703
  landing: 0.7562477998435497
  view-data: 3.2778505496680737
