times:
  edit-metadata: 1.5372244082391262
  landing: 0.8604974672198296
  view-data: 3.3594637159258127
