times:
  edit-metadata: 1.5032258965075016
  landing: 0.9215436615049839
  view-data: 3.329094100743532
