times:
  edit-metadata: 1.6469188071787357
  landing: 0.8313124179840088
  view-data: 3.3861069194972515
