times:
  edit-metadata: 1.4557177796959877
  landing: 0.9605916850268841
  view-data: 3.4083016104996204
