times:
  edit-metadata: 1.5455942079424858
  landing: 0.9375598765909672
  view-data: 3.3930302634835243
