times:
  edit-metadata: 1.5393997188657522
  landing: 1.0013376288115978
  view-data: 0.6114604491740465
