times:
  edit-metadata: 1.6775650288909674
  landing: 0.8491878416389227
  view-data: 3.3974759001284838
