times:
  edit-metadata: 1.4871774967759848
  landing: 0.8894999474287033
  view-data: 3.3285657968372107
