times:
  edit-metadata: 1.823704358190298
  landing: 1.0575811471790075
  view-data: 3.4580296482890844
