times:
  edit-metadata: 2.8180936966091394
  landing: 1.6796416193246841
  view-data: 3.9387479554861784
