times:
  edit-metadata: 1.4733372256159782
  landing: 0.8441172912716866
  view-data: 3.3604547940194607
