times:
  edit-metadata: 1.5089282877743244
  landing: 0.8258360307663679
  view-data: 3.3783220928162336
