times:
  edit-metadata: 1.5425475165247917
  landing: 0.8822217397391796
  view-data: 3.4539726730436087
