times:
  edit-metadata: 1.481462251394987
  landing: 0.8819701708853245
  view-data: 3.3600830249488354
