times:
  edit-metadata: 1.5350315384566784
  landing: 0.7185665052384138
  view-data: 3.349383069202304
