times:
  edit-metadata: 1.6511650308966637
  landing: 1.0906422212719917
  view-data: 3.3302936628460884
