times:
  edit-metadata: 1.4608744941651821
  landing: 0.7268740087747574
  view-data: 3.272834710776806
