times:
  edit-metadata: 1.4130835570394993
  landing: 0.8337655607610941
  view-data: 3.312993476167321
