times:
  edit-metadata: 1.624522265046835
  landing: 0.9178288839757442
  view-data: 3.372809089720249
