times:
  edit-metadata: 2.7741357535123825
  landing: 1.4984986893832684
  view-data: 3.8343327548354864
