times:
  edit-metadata: 1.5416520331054926
  landing: 0.7559735421091318
  view-data: 3.375204537063837
