times:
  edit-metadata: 1.8349281083792448
  landing: 1.0222350861877203
  view-data: 3.414121424779296
