times:
  edit-metadata: 1.780378577299416
  landing: 0.9831792060285807
  view-data: 3.42256635800004
