times:
  edit-metadata: 1.383030392229557
  landing: 0.774273406714201
  view-data: 3.284399598836899
