times:
  edit-metadata: 1.5188724882900715
  landing: 0.774836640805006
  view-data: 3.292142868041992
