times:
  edit-metadata: 1.4116245545446873
  landing: 0.9000102058053017
  view-data: 3.2873076908290386
