times:
  edit-metadata: 1.4851972572505474
  landing: 16.873345628380775
  view-data: 3.3041291404515505
