times:
  edit-metadata: 1.755158931016922
  landing: 1.012805262580514
  view-data: 3.4530281350016594
