times:
  edit-metadata: 2.1840885505080223
  landing: 1.0882990080863237
  view-data: 3.353670060634613
