times:
  edit-metadata: 1.4820635579526424
  landing: 0.9468005113303661
  view-data: 3.4206656962633133
