times:
  edit-metadata: 1.6131053008139133
  landing: 0.8928752355277538
  view-data: 3.4866170920431614
