times:
  edit-metadata: 1.549824170768261
  landing: 0.9312516674399376
  view-data: 3.4527090582996607
