times:
  edit-metadata: 1.9465803690254688
  landing: 1.2564644142985344
  view-data: 3.7108700685203075
