times:
  edit-metadata: 1.6049629859626293
  landing: 1.075172159820795
  view-data: 3.371444195508957
