times:
  edit-metadata: 1.5260782521218061
  landing: 0.782536381855607
  view-data: 3.4113617707043886
