times:
  edit-metadata: 1.5400054771453142
  landing: 0.8371821846812963
  view-data: 3.466722898185253
