times:
  edit-metadata: 1.5716852899640799
  landing: 0.8940166458487511
  view-data: 3.334830118343234
