times:
  edit-metadata: 1.3927450040355325
  landing: 0.943003068678081
  view-data: 3.3701441138982773
