times:
  edit-metadata: 1.7668524235486984
  landing: 0.9615867994725704
  view-data: 3.364271942526102
