times:
  edit-metadata: 1.5090571660548449
  landing: 0.8904807046055794
  view-data: 3.5117367040365934
