times:
  edit-metadata: 1.5662187039852142
  landing: 0.9042685441672802
  view-data: 3.3996029645204544
