times:
  edit-metadata: 2.067071422934532
  landing: 1.405386283993721
  view-data: 3.460555724799633
