times:
  edit-metadata: 2.374258130788803
  landing: 1.3395357988774776
  view-data: 3.6134810000658035
