times:
  edit-metadata: 1.5062230341136456
  landing: 0.9699463322758675
  view-data: 3.408059623092413
