times:
  edit-metadata: 1.4934459310024977
  landing: 0.9828174021095037
  view-data: 3.4714478626847267
