times:
  edit-metadata: 1.567507266998291
  landing: 1.09860497713089
  view-data: 3.373413760215044
