times:
  edit-metadata: 1.4515989981591702
  landing: 0.8078644722700119
  view-data: 3.352425519376993
