times:
  edit-metadata: 1.9130351366475224
  landing: 1.4039848959073424
  view-data: 3.714463945478201
