times:
  edit-metadata: 1.4779543317854404
  landing: 0.7180924583226442
  view-data: 3.380853720009327
