times:
  edit-metadata: 1.609501433558762
  landing: 0.9399867979809642
  view-data: 3.3417739057913423
