times:
  edit-metadata: 2.407711347565055
  landing: 1.2590534090995789
  view-data: 3.425445830449462
