times:
  edit-metadata: 1.4881587959825993
  landing: 0.8583861030638218
  view-data: 3.3903488144278526
