times:
  edit-metadata: 1.5697233937680721
  landing: 1.0085632130503654
  view-data: 3.712613806128502
