times:
  edit-metadata: 1.5469336789101362
  landing: 0.822112774476409
  view-data: 3.4272614158689976
