times:
  edit-metadata: 1.4556929990649223
  landing: 0.9322986043989658
  view-data: 3.324462652206421
