times:
  edit-metadata: 2.643342860043049
  landing: 1.6383623536676168
  view-data: 3.8843357795849442
