times:
  edit-metadata: 1.55847979336977
  landing: 0.9072063192725182
  view-data: 3.4144975394010544
