times:
  edit-metadata: 1.4130861423909664
  landing: 0.9291731528937817
  view-data: 3.3409080766141415
