times:
  edit-metadata: 1.727168371900916
  landing: 1.079946012236178
  view-data: 3.3038488747552037
