times:
  edit-metadata: 1.5108682867139578
  landing: 0.8044749405235052
  view-data: 3.465290065854788
