times:
  edit-metadata: 1.6882713958621025
  landing: 1.114756602793932
  view-data: 3.4467308670282364
