times:
  edit-metadata: 1.5319681018590927
  landing: 0.9611237533390522
  view-data: 3.423511352390051
