times:
  edit-metadata: 1.5510513968765736
  landing: 0.847645178437233
  view-data: 3.4628626126796007
