times:
  edit-metadata: 1.4792300425469875
  landing: 0.7130926214158535
  view-data: 3.33003668487072
