times:
  edit-metadata: 1.592679351568222
  landing: 0.9961939603090286
  view-data: 3.3438236489892006
