times:
  edit-metadata: 1.8274961225688457
  landing: 1.3731142953038216
  view-data: 3.383376620709896
