times:
  edit-metadata: 1.508064342662692
  landing: 0.7950354516506195
  view-data: 3.400830999016762
