times:
  edit-metadata: 1.8548649437725544
  landing: 1.456251859664917
  view-data: 3.5145095586776733
