times:
  edit-metadata: 1.5108608473092318
  landing: 1.0479227844625711
  view-data: 3.353817058727145
