times:
  edit-metadata: 1.5347143672406673
  landing: 0.8467106893658638
  view-data: 3.438048366457224
