times:
  edit-metadata: 2.292027272284031
  landing: 1.101596649736166
  view-data: 3.3841978423297405
