times:
  edit-metadata: 1.450793832540512
  landing: 0.7509168796241283
  view-data: 3.2856996804475784
