times:
  edit-metadata: 1.528584921732545
  landing: 0.8727175053209066
  view-data: 3.373791417106986
