times:
  edit-metadata: 1.5677240770310163
  landing: 0.8394913095980883
  view-data: 3.4174252934753895
