times:
  edit-metadata: 1.4763356754556298
  landing: 0.950251093134284
  view-data: 3.4169763792306185
