times:
  edit-metadata: 1.5101810991764069
  landing: 1.0282088294625282
  view-data: 3.4504724703729153
