times:
  edit-metadata: 1.5069791190326214
  landing: 0.9577486105263233
  view-data: 3.3399077840149403
