times:
  edit-metadata: 1.4361125566065311
  landing: 0.8882384672760963
  view-data: 3.334935251623392
