times:
  edit-metadata: 2.0767014622688293
  landing: 1.2935364414006472
  view-data: 3.422443423420191
