times:
  edit-metadata: 1.5833924300968647
  landing: 0.9348499365150928
  view-data: 3.3808042891323566
