times:
  edit-metadata: 1.5416043885052204
  landing: 0.7591849155724049
  view-data: 3.40915366075933
