times:
  edit-metadata: 2.378726299852133
  landing: 1.463244903832674
  view-data: 3.494829799979925
