times:
  edit-metadata: 2.1661947555840015
  landing: 1.0423180907964706
  view-data: 3.4239902272820473
