times:
  edit-metadata: 1.8233988881111145
  landing: 1.031679842621088
  view-data: 3.3339774385094643
