times:
  edit-metadata: 1.4545909613370895
  landing: 0.9586493112146854
  view-data: 3.600458610802889
