times:
  edit-metadata: 1.3726610243320465
  landing: 0.9708768203854561
  view-data: 3.339888371527195
