times:
  edit-metadata: 1.522329542785883
  landing: 0.8320246655493975
  view-data: 3.4444258213043213
