times:
  edit-metadata: 1.5431541427969933
  landing: 0.9273296184837818
  view-data: 3.3827836476266384
