times:
  edit-metadata: 1.5452563613653183
  landing: 0.8104727044701576
  view-data: 3.382907133549452
