times:
  edit-metadata: 2.0158948600292206
  landing: 3.9021878987550735
  view-data: 3.37843818962574
