times:
  edit-metadata: 1.5237664375454187
  landing: 0.9539205990731716
  view-data: 3.4300398100167513
