times:
  edit-metadata: 1.7171992138028145
  landing: 1.154209353029728
  view-data: 3.3760949447751045
