times:
  edit-metadata: 1.5266462862491608
  landing: 0.8833971433341503
  view-data: 3.3600437454879284
