times:
  edit-metadata: 2.1482422910630703
  landing: 1.1497323848307133
  view-data: 3.4321585446596146
