times:
  edit-metadata: 1.4878263175487518
  landing: 0.8731502238661051
  view-data: 3.2859876342117786
