times:
  edit-metadata: 1.7011757213622332
  landing: 0.8854749612510204
  view-data: 3.4324843864887953
