times:
  edit-metadata: 1.522007966414094
  landing: 0.8242560587823391
  view-data: 3.3836032478138804
