times:
  edit-metadata: 1.41705821454525
  landing: 1.0491642579436302
  view-data: 3.334771640598774
