times:
  edit-metadata: 1.5025873687118292
  landing: 0.7755713183432817
  view-data: 3.4326811097562313
