times:
  edit-metadata: 1.5272288098931313
  landing: 0.906806007027626
  view-data: 3.3396344892680645
