times:
  edit-metadata: 1.6231210269033909
  landing: 0.7897484302520752
  view-data: 3.4110940285027027
