times:
  edit-metadata: 1.512461882084608
  landing: 0.7984186224639416
  view-data: 3.3711458314210176
