times:
  edit-metadata: 1.51783343590796
  landing: 0.7715829480439425
  view-data: 3.39808108843863
