times:
  edit-metadata: 1.5227114334702492
  landing: 0.9213181808590889
  view-data: 3.4420269690454006
