times:
  edit-metadata: 1.55786794424057
  landing: 0.8147304505109787
  view-data: 3.4604399390518665
