times:
  edit-metadata: 1.4455350488424301
  landing: 0.9128988645970821
  view-data: 3.3115585036575794
