times:
  edit-metadata: 2.3072444647550583
  landing: 1.116558562964201
  view-data: 3.545580927282572
