times:
  edit-metadata: 1.4105962552130222
  landing: 0.8170698434114456
  view-data: 3.3322050906717777
