times:
  edit-metadata: 1.5276686921715736
  landing: 0.8082854114472866
  view-data: 3.384954635053873
