times:
  edit-metadata: 1.603719238191843
  landing: 0.8802036959677935
  view-data: 3.4343070462346077
