times:
  edit-metadata: 1.696690909564495
  landing: 1.2511985264718533
  view-data: 3.4566584564745426
