times:
  edit-metadata: 1.8872320428490639
  landing: 1.3351269774138927
  view-data: 3.3152020052075386
