times:
  edit-metadata: 1.8854596056044102
  landing: 0.9843412525951862
  view-data: 3.316239671781659
