times:
  edit-metadata: 1.5677522234618664
  landing: 0.9489720053970814
  view-data: 3.360245458781719
