times:
  edit-metadata: 1.4982060231268406
  landing: 0.7819988429546356
  view-data: 3.36530077457428
