times:
  edit-metadata: 1.5808742940425873
  landing: 0.7590663135051727
  view-data: 3.3586586453020573
