times:
  edit-metadata: 1.364068254828453
  landing: 0.7841511592268944
  view-data: 3.5850568413734436
