times:
  edit-metadata: 1.354500137269497
  landing: 0.8514372818171978
  view-data: 3.340533159673214
