times:
  edit-metadata: 1.6899305135011673
  landing: 0.9989262968301773
  view-data: 3.429760906845331
