times:
  edit-metadata: 1.7626320123672485
  landing: 0.7738848254084587
  view-data: 3.6904130578041077
