times:
  edit-metadata: 1.4808025434613228
  landing: 0.7806390300393105
  view-data: 3.594730906188488
