times:
  edit-metadata: 1.5377851873636246
  landing: 0.8482909426093102
  view-data: 3.5431850627064705
