times:
  edit-metadata: 1.4056250676512718
  landing: 0.7454236447811127
  view-data: 3.488408960402012
