times:
  edit-metadata: 1.5162004753947258
  landing: 0.8439062610268593
  view-data: 3.7180651798844337
