times:
  edit-metadata: 1.8483322821557522
  landing: 0.9725283421576023
  view-data: 3.6770736165344715
