times:
  edit-metadata: 1.4144154787063599
  landing: 0.7663136869668961
  view-data: 3.566083826124668
