times:
  edit-metadata: 1.4116083309054375
  landing: 0.7009879127144814
  view-data: 3.4743042588233948
