times:
  edit-metadata: 1.4807244315743446
  landing: 0.7797226868569851
  view-data: 3.348967805504799
