times:
  edit-metadata: 1.5038362890481949
  landing: 0.8118475377559662
  view-data: 3.3737438693642616
