times:
  edit-metadata: 1.4667771086096764
  landing: 0.8042119145393372
  view-data: 3.3330447748303413
