times:
  edit-metadata: 1.4708891808986664
  landing: 0.8326227515935898
  view-data: 3.320730336010456
