times:
  edit-metadata: 1.411128781735897
  landing: 0.7754924073815346
  view-data: 3.5931770876049995
