times:
  edit-metadata: 1.421676643192768
  landing: 0.8099125847220421
  view-data: 3.3514583855867386
