times:
  edit-metadata: 1.5331140235066414
  landing: 0.7978228703141212
  view-data: 3.338544923812151
