times:
  edit-metadata: 1.413158804178238
  landing: 0.7451893016695976
  view-data: 3.355720706284046
