times:
  edit-metadata: 2.0465091466903687
  landing: 1.2806780859827995
  view-data: 3.5561824589967728
