times:
  edit-metadata: 1.6325275152921677
  landing: 0.8471602760255337
  view-data: 3.3663146309554577
