times:
  edit-metadata: 1.416414387524128
  landing: 0.7898464351892471
  view-data: 3.497904397547245
