times:
  edit-metadata: 1.436282366514206
  landing: 0.8046099990606308
  view-data: 3.475655533373356
