times:
  edit-metadata: 1.3700592070817947
  landing: 0.7807963639497757
  view-data: 3.5829626321792603
