times:
  edit-metadata: 1.4165096618235111
  landing: 0.7717258930206299
  view-data: 3.3411859534680843
