times:
  edit-metadata: 1.3806019574403763
  landing: 0.7297009378671646
  view-data: 3.512255512177944
