times:
  edit-metadata: 1.475303590297699
  landing: 0.741767019033432
  view-data: 3.5855100750923157
