times:
  edit-metadata: 1.4247085452079773
  landing: 0.7877026498317719
  view-data: 3.467780537903309
