times:
  edit-metadata: 1.4302316009998322
  landing: 0.7829885594546795
  view-data: 3.399925209581852
