times:
  edit-metadata: 1.497301198542118
  landing: 0.8297922611236572
  view-data: 3.5728579834103584
