times:
  edit-metadata: 1.398120228201151
  landing: 0.8409471213817596
  view-data: 3.402502618730068
