times:
  edit-metadata: 2.1091838255524635
  landing: 1.1951397210359573
  view-data: 3.9170448184013367
