times:
  edit-metadata: 1.397940456867218
  landing: 0.7447283789515495
  view-data: 3.4487410187721252
