times:
  edit-metadata: 1.5056433603167534
  landing: 0.7332194820046425
  view-data: 3.497999906539917
