times:
  edit-metadata: 1.489397056400776
  landing: 0.9177986606955528
  view-data: 3.508043184876442
