times:
  edit-metadata: 1.4791226610541344
  landing: 0.8016124442219734
  view-data: 3.4678763300180435
