times:
  edit-metadata: 1.5192856900393963
  landing: 0.7843856438994408
  view-data: 3.356639940291643
