times:
  edit-metadata: 1.3919747322797775
  landing: 0.7425703406333923
  view-data: 3.501056745648384
