times:
  edit-metadata: 1.3955557942390442
  landing: 0.7438434809446335
  view-data: 3.5245345309376717
