times:
  edit-metadata: 2.5246470272541046
  landing: 1.387421041727066
  view-data: 3.6235263273119926
