times:
  edit-metadata: 1.3695475235581398
  landing: 0.777592558413744
  view-data: 3.2962929494678974
