times:
  edit-metadata: 1.3951419219374657
  landing: 0.7499786838889122
  view-data: 3.3358685448765755
