times:
  edit-metadata: 1.4859383776783943
  landing: 0.8122613355517387
  view-data: 3.415310077369213
