times:
  edit-metadata: 1.5423446521162987
  landing: 0.8865989074110985
  view-data: 3.631677322089672
