times:
  edit-metadata: 1.4999699890613556
  landing: 0.7975752949714661
  view-data: 3.367506965994835
