times:
  edit-metadata: 1.416636772453785
  landing: 0.7995160296559334
  view-data: 3.340657737106085
