times:
  edit-metadata: 1.424604095518589
  landing: 0.743676844984293
  view-data: 3.384273812174797
