times:
  edit-metadata: 1.333164345473051
  landing: 0.8227263242006302
  view-data: 3.3655168302357197
