times:
  edit-metadata: 1.5109887272119522
  landing: 0.8558089286088943
  view-data: 3.3794429413974285
