times:
  edit-metadata: 1.507561668753624
  landing: 0.8601440601050854
  view-data: 3.4305128157138824
