times:
  edit-metadata: 1.6191997230052948
  landing: 0.8482659235596657
  view-data: 3.39652232080698
