times:
  edit-metadata: 2.7102276757359505
  landing: 1.2602219879627228
  view-data: 3.711767688393593
