times:
  edit-metadata: 1.5161086916923523
  landing: 0.8428473956882954
  view-data: 3.456726238131523
