times:
  edit-metadata: 1.368150420486927
  landing: 0.7240144982933998
  view-data: 3.5160054937005043
