times:
  edit-metadata: 1.68500654399395
  landing: 0.9731512889266014
  view-data: 3.590784914791584
