times:
  edit-metadata: 1.4880894422531128
  landing: 0.7397998347878456
  view-data: 3.3855117931962013
