times:
  edit-metadata: 1.4808034896850586
  landing: 0.9615075439214706
  view-data: 3.367724820971489
