times:
  edit-metadata: 1.612223543226719
  landing: 0.8871590942144394
  view-data: 3.4035807326436043
