times:
  edit-metadata: 1.3119140788912773
  landing: 0.8412442207336426
  view-data: 3.3642914667725563
