times:
  edit-metadata: 1.448564499616623
  landing: 0.8150517046451569
  view-data: 3.5634528174996376
