times:
  edit-metadata: 1.4084810987114906
  landing: 0.9359710514545441
  view-data: 3.5599033161997795
