times:
  edit-metadata: 1.909707646816969
  landing: 1.1836911849677563
  view-data: 3.4697152078151703
