times:
  edit-metadata: 1.549011092633009
  landing: 0.9929891191422939
  view-data: 3.37350195273757
