times:
  edit-metadata: 1.3487547114491463
  landing: 0.7728237807750702
  view-data: 3.2825291007757187
