times:
  edit-metadata: 1.4124528020620346
  landing: 0.8516586571931839
  view-data: 3.5248130559921265
