times:
  edit-metadata: 1.6202798187732697
  landing: 0.8148331195116043
  view-data: 3.4005389288067818
