times:
  edit-metadata: 1.5233983024954796
  landing: 0.8135112822055817
  view-data: 3.3357319980859756
