times:
  edit-metadata: 1.4520755261182785
  landing: 0.7815343216061592
  view-data: 3.520140662789345
