times:
  edit-metadata: 1.4464117586612701
  landing: 0.8381073847413063
  view-data: 3.6200481578707695
