times:
  edit-metadata: 1.3880788944661617
  landing: 0.836478166282177
  view-data: 3.393334813416004
