times:
  edit-metadata: 1.3638202026486397
  landing: 0.7580348625779152
  view-data: 3.558785893023014
