times:
  edit-metadata: 1.3608084693551064
  landing: 0.8722098246216774
  view-data: 3.503759451210499
