times:
  edit-metadata: 1.60295270383358
  landing: 1.0748483017086983
  view-data: 3.3807951882481575
