times:
  edit-metadata: 1.4790150001645088
  landing: 0.7565434277057648
  view-data: 3.3459197506308556
