times:
  edit-metadata: 1.4696719460189342
  landing: 0.7925600633025169
  view-data: 3.4065468423068523
