times:
  edit-metadata: 1.408002831041813
  landing: 0.746618889272213
  view-data: 3.5609625726938248
