times:
  edit-metadata: 1.482194498181343
  landing: 0.8510958291590214
  view-data: 3.5300754569470882
