times:
  edit-metadata: 1.4267013221979141
  landing: 0.8434062264859676
  view-data: 3.32798058912158
