times:
  edit-metadata: 1.4087132588028908
  landing: 0.7743663638830185
  view-data: 3.640163965523243
