times:
  edit-metadata: 1.360080186277628
  landing: 0.7525724992156029
  view-data: 3.4013326540589333
