times:
  edit-metadata: 1.3230266235768795
  landing: 0.7545497789978981
  view-data: 3.3452092707157135
