times:
  edit-metadata: 1.4268975481390953
  landing: 0.715927816927433
  view-data: 3.535499081015587
