times:
  edit-metadata: 1.4070547744631767
  landing: 0.9045301973819733
  view-data: 3.4530631490051746
