times:
  edit-metadata: 1.4632176905870438
  landing: 0.7626009359955788
  view-data: 3.505245164036751
