times:
  edit-metadata: 1.3775571286678314
  landing: 1.048492543399334
  view-data: 3.512267127633095
