times:
  edit-metadata: 1.494810737669468
  landing: 0.7446604147553444
  view-data: 3.504713959991932
