times:
  edit-metadata: 2.500387452542782
  landing: 1.3242379873991013
  view-data: 3.465521775186062
