times:
  edit-metadata: 1.5146378427743912
  landing: 0.8038376271724701
  view-data: 3.342928133904934
