times:
  edit-metadata: 1.403542023152113
  landing: 0.8066942915320396
  view-data: 3.387099090963602
