times:
  edit-metadata: 1.3045096546411514
  landing: 0.8907221108675003
  view-data: 3.458150587975979
