times:
  edit-metadata: 1.35865568369627
  landing: 0.7112878486514091
  view-data: 3.552251026034355
