times:
  edit-metadata: 1.3499087020754814
  landing: 0.7917569130659103
  view-data: 3.287783034145832
