times:
  edit-metadata: 1.6015363708138466
  landing: 1.0384017117321491
  view-data: 3.404007561504841
