times:
  edit-metadata: 1.403787024319172
  landing: 0.8748917281627655
  view-data: 3.5605764761567116
