times:
  edit-metadata: 1.4401979222893715
  landing: 0.838942363858223
  view-data: 3.511883206665516
