times:
  edit-metadata: 1.4126511216163635
  landing: 0.7908755764365196
  view-data: 3.5083693712949753
