times:
  edit-metadata: 1.3982873260974884
  landing: 0.7828565239906311
  view-data: 3.361151285469532
