times:
  edit-metadata: 1.3948831036686897
  landing: 0.8374083936214447
  view-data: 3.5137869715690613
