times:
  edit-metadata: 1.402242660522461
  landing: 0.8587930575013161
  view-data: 3.5041699707508087
