times:
  edit-metadata: 1.428320150822401
  landing: 0.8367630168795586
  view-data: 3.449672184884548
