times:
  edit-metadata: 1.3294800594449043
  landing: 0.8739574104547501
  view-data: 3.3940550312399864
