times:
  edit-metadata: 1.5333422869443893
  landing: 0.8761122450232506
  view-data: 3.4105614833533764
