times:
  edit-metadata: 1.4370067045092583
  landing: 0.7383469715714455
  view-data: 3.4963658899068832
