times:
  edit-metadata: 1.4838491454720497
  landing: 0.7619846388697624
  view-data: 3.554678589105606
