times:
  edit-metadata: 1.6882002875208855
  landing: 1.0976228341460228
  view-data: 3.3826567009091377
