times:
  edit-metadata: 1.4738302305340767
  landing: 0.7419177368283272
  view-data: 3.5588762387633324
