times:
  edit-metadata: 1.4740712121129036
  landing: 0.8854515850543976
  view-data: 3.503256745636463
