times:
  edit-metadata: 1.365502692759037
  landing: 0.8125687316060066
  view-data: 3.28090687841177
