times:
  edit-metadata: 1.3815249763429165
  landing: 0.7788428589701653
  view-data: 3.3740622773766518
