times:
  edit-metadata: 1.3945700153708458
  landing: 0.7800832688808441
  view-data: 3.522388555109501
