times:
  edit-metadata: 1.6323669031262398
  landing: 0.9127936661243439
  view-data: 3.4510806873440742
