times:
  edit-metadata: 1.8360621705651283
  landing: 1.044610619544983
  view-data: 3.383894346654415
