times:
  edit-metadata: 1.8761670216917992
  landing: 1.3301679268479347
  view-data: 3.823846124112606
