times:
  edit-metadata: 1.4010372385382652
  landing: 0.7558560073375702
  view-data: 3.506165534257889
