times:
  edit-metadata: 1.4284219853579998
  landing: 0.8153701275587082
  view-data: 3.3545833379030228
