times:
  edit-metadata: 1.470583375543356
  landing: 0.8490946218371391
  view-data: 3.3297180384397507
