times:
  edit-metadata: 1.3550313040614128
  landing: 1.0090170353651047
  view-data: 3.6149634569883347
