times:
  edit-metadata: 1.427629765123129
  landing: 0.8050545454025269
  view-data: 3.3142788149416447
