times:
  edit-metadata: 1.4043938480317593
  landing: 0.8594951778650284
  view-data: 3.308855228126049
