times:
  edit-metadata: 1.6616186127066612
  landing: 0.9053496308624744
  view-data: 3.3576125763356686
