times:
  edit-metadata: 1.5865009017288685
  landing: 0.8783740252256393
  view-data: 3.432591237127781
