times:
  edit-metadata: 1.4933635741472244
  landing: 0.7769981436431408
  view-data: 3.360217534005642
