times:
  edit-metadata: 1.4125696048140526
  landing: 0.731736846268177
  view-data: 3.581788182258606
