times:
  edit-metadata: 1.5255417935550213
  landing: 0.8450931124389172
  view-data: 3.3718268647789955
