times:
  edit-metadata: 1.4073912277817726
  landing: 0.7490898445248604
  view-data: 3.6389880180358887
