times:
  edit-metadata: 1.505983717739582
  landing: 0.7762541249394417
  view-data: 3.5844573825597763
