times:
  edit-metadata: 1.34042938798666
  landing: 0.7675887867808342
  view-data: 3.352543517947197
