times:
  edit-metadata: 1.3554679453372955
  landing: 0.7492582574486732
  view-data: 3.5196085646748543
