times:
  edit-metadata: 1.485251247882843
  landing: 0.8566526249051094
  view-data: 3.33577598631382
