times:
  edit-metadata: 1.3921253681182861
  landing: 0.7218447849154472
  view-data: 3.2909729555249214
