times:
  edit-metadata: 1.578649528324604
  landing: 1.008922018110752
  view-data: 3.3914120085537434
