times:
  edit-metadata: 1.4008118845522404
  landing: 0.7827973589301109
  view-data: 3.388462405651808
