times:
  edit-metadata: 1.3642047196626663
  landing: 0.8165057003498077
  view-data: 3.4783820137381554
