times:
  edit-metadata: 1.416929304599762
  landing: 0.7953205704689026
  view-data: 3.491607829928398
