times:
  edit-metadata: 1.5471254885196686
  landing: 0.8269653245806694
  view-data: 3.396727994084358
