times:
  edit-metadata: 1.512325942516327
  landing: 0.8458641394972801
  view-data: 3.6153725013136864
