times:
  edit-metadata: 1.4527208358049393
  landing: 0.9624756798148155
  view-data: 3.369226858019829
