times:
  edit-metadata: 1.3929209373891354
  landing: 0.7726295553147793
  view-data: 3.360790401697159
