times:
  edit-metadata: 1.4921321794390678
  landing: 0.813584104180336
  view-data: 3.318896148353815
