times:
  edit-metadata: 1.54844543710351
  landing: 0.8008997663855553
  view-data: 3.3179041519761086
