times:
  edit-metadata: 1.501322202384472
  landing: 0.7753684595227242
  view-data: 3.365713596343994
