times:
  edit-metadata: 1.4224865064024925
  landing: 1.2537719756364822
  view-data: 3.6386891081929207
