times:
  edit-metadata: 1.448475569486618
  landing: 0.8791937455534935
  view-data: 3.3919148445129395
