times:
  edit-metadata: 2.5415615662932396
  landing: 1.542784109711647
  view-data: 3.5602749064564705
