times:
  edit-metadata: 1.4198038391768932
  landing: 0.8471903540194035
  view-data: 3.3049580566585064
