times:
  edit-metadata: 1.4047683104872704
  landing: 0.7655008882284164
  view-data: 3.5060181990265846
