times:
  edit-metadata: 1.4752617999911308
  landing: 0.7829348295927048
  view-data: 3.339855283498764
