times:
  edit-metadata: 1.4730408564209938
  landing: 0.780243132263422
  view-data: 3.3661828748881817
