times:
  edit-metadata: 1.424694873392582
  landing: 0.7677609398961067
  view-data: 3.5077228620648384
