times:
  landing: 1.0648758409079164
  view-data: 0.5507939800154418
