times:
  landing: 1.6911949389614165
  view-data: 0.03116583894006908
