times:
  edit-metadata: 1.8881062716245651
  landing: 1.115465760231018
  view-data: 3.359626967459917
