times:
  edit-metadata: 1.5479366555809975
  landing: 0.9212226308882236
  view-data: 3.3888582177460194
