times:
  edit-metadata: 1.6732085011899471
  landing: 1.0978748984634876
  view-data: 3.406537540256977
