times:
  edit-metadata: 1.8454400226473808
  landing: 1.4219008944928646
  view-data: 3.4462794438004494
