times:
  edit-metadata: 1.7466370165348053
  landing: 1.0568039752542973
  view-data: 3.3436402045190334
