times:
  edit-metadata: 1.4541926309466362
  landing: 0.9312729351222515
  view-data: 3.5634905956685543
