times:
  edit-metadata: 1.4961161613464355
  landing: 0.9753012284636497
  view-data: 3.3599561005830765
