times:
  edit-metadata: 1.56013960018754
  landing: 0.8358796611428261
  view-data: 3.371152400970459
