times:
  edit-metadata: 1.466446164995432
  landing: 0.9940039701759815
  view-data: 3.3307514041662216
