times:
  edit-metadata: 1.4942528307437897
  landing: 1.0697960928082466
  view-data: 3.3639588057994843
