times:
  edit-metadata: 1.6415348313748837
  landing: 0.8653193153440952
  view-data: 3.39711357653141
