times:
  edit-metadata: 2.381846945732832
  landing: 1.2617183923721313
  view-data: 3.401191033422947
