times:
  edit-metadata: 1.4836194813251495
  landing: 0.8644534200429916
  view-data: 3.2945372499525547
