times:
  edit-metadata: 1.5252830423414707
  landing: 1.031191747635603
  view-data: 3.342828158289194
