times:
  edit-metadata: 1.5694387145340443
  landing: 1.0094370618462563
  view-data: 3.427285023033619
