times:
  edit-metadata: 1.550110887736082
  landing: 1.2902664467692375
  view-data: 3.3610076904296875
