times:
  edit-metadata: 1.5623990818858147
  landing: 0.9024174176156521
  view-data: 3.430005792528391
