times:
  edit-metadata: 1.5634367875754833
  landing: 0.8023233897984028
  view-data: 3.371046803891659
