times:
  edit-metadata: 1.8148075565695763
  landing: 1.0407062135636806
  view-data: 3.3174750320613384
