times:
  edit-metadata: 1.514594666659832
  landing: 0.7807924523949623
  view-data: 3.3608561605215073
