times:
  edit-metadata: 1.5803931467235088
  landing: 1.1113841235637665
  view-data: 3.3510001711547375
