times:
  edit-metadata: 1.6400731764733791
  landing: 1.0423398688435555
  view-data: 3.3154490292072296
