times:
  edit-metadata: 1.6261646412312984
  landing: 1.0122110545635223
  view-data: 3.375443011522293
