times:
  edit-metadata: 1.5157714523375034
  landing: 0.7843780852854252
  view-data: 3.610605377703905
