times:
  edit-metadata: 1.5885059908032417
  landing: 1.0319613367319107
  view-data: 3.3931223936378956
