times:
  edit-metadata: 1.4753325283527374
  landing: 0.9544272013008595
  view-data: 3.3038339614868164
