times:
  edit-metadata: 1.6198565475642681
  landing: 1.0601285994052887
  view-data: 3.3891798444092274
