times:
  edit-metadata: 1.6978553347289562
  landing: 0.96189384162426
  view-data: 3.391674727201462
