times:
  edit-metadata: 1.6151258684694767
  landing: 1.2462526224553585
  view-data: 3.6418641172349453
