times:
  edit-metadata: 1.527691338211298
  landing: 1.0129026025533676
  view-data: 3.4274131767451763
