times:
  edit-metadata: 1.640137691050768
  landing: 1.2815447598695755
  view-data: 3.3283858485519886
