times:
  edit-metadata: 1.5010736398398876
  landing: 0.994433805346489
  view-data: 3.8466729409992695
