times:
  edit-metadata: 1.8786555416882038
  landing: 1.1219086199998856
  view-data: 3.471410632133484
