times:
  edit-metadata: 1.444384377449751
  landing: 1.0675394088029861
  view-data: 3.330530807375908
