times:
  edit-metadata: 1.6209622249007225
  landing: 1.0208601728081703
  view-data: 3.4004869125783443
