times:
  edit-metadata: 1.6084004119038582
  landing: 1.0547104962170124
  view-data: 3.4036137238144875
