times:
  edit-metadata: 1.8838324397802353
  landing: 1.130029622465372
  view-data: 3.3937319815158844
