times:
  edit-metadata: 1.6557495631277561
  landing: 1.0499772429466248
  view-data: 3.3764759302139282
