times:
  edit-metadata: 1.5979716777801514
  landing: 1.0083522386848927
  view-data: 3.3492354415357113
