times:
  edit-metadata: 1.9834209233522415
  landing: 1.1997254714369774
  view-data: 3.3365795016288757
