times:
  edit-metadata: 1.5683697015047073
  landing: 1.0162656679749489
  view-data: 3.359105996787548
