times:
  edit-metadata: 1.575813703238964
  landing: 0.9329752214252949
  view-data: 3.367756798863411
