times:
  edit-metadata: 1.6121795549988747
  landing: 1.0138225108385086
  view-data: 3.3229873180389404
