times:
  edit-metadata: 1.8057328909635544
  landing: 7.719117112457752
  view-data: 3.348681151866913
