times:
  edit-metadata: 1.7148283198475838
  landing: 0.9611663967370987
  view-data: 3.4805848486721516
