times:
  edit-metadata: 1.5602523498237133
  landing: 0.9688677787780762
  view-data: 3.3169198408722878
