times:
  edit-metadata: 1.6516330018639565
  landing: 1.1148827783763409
  view-data: 3.315307505428791
