times:
  edit-metadata: 3.9737283661961555
  landing: 1.8547108322381973
  view-data: 3.618521325290203
