times:
  edit-metadata: 1.621868398040533
  landing: 1.1603968478739262
  view-data: 3.46849812194705
