times:
  edit-metadata: 2.7257041335105896
  landing: 1.0174518376588821
  view-data: 3.6909883208572865
