times:
  edit-metadata: 1.57120156660676
  landing: 1.0927823297679424
  view-data: 3.3642260394990444
