times:
  edit-metadata: 1.4884937815368176
  landing: 1.1206157319247723
  view-data: 3.4465478882193565
