times:
  edit-metadata: 1.4310422018170357
  landing: 0.8996200188994408
  view-data: 3.3327599801123142
