times:
  edit-metadata: 1.8639718927443027
  landing: 1.0467450506985188
  view-data: 3.3955262564122677
