times:
  edit-metadata: 1.7652313150465488
  landing: 1.0088098868727684
  view-data: 3.4440283849835396
