times:
  edit-metadata: 1.6170756109058857
  landing: 0.7952763736248016
  view-data: 3.240497175604105
