times:
  edit-metadata: 1.5561406314373016
  landing: 0.9232314452528954
  view-data: 3.3185474537312984
