times:
  edit-metadata: 1.6674620509147644
  landing: 1.0706568472087383
  view-data: 3.375505745410919
