times:
  edit-metadata: 1.9090375564992428
  landing: 1.0076028816401958
  view-data: 3.4559032134711742
