times:
  edit-metadata: 1.5108134746551514
  landing: 1.0156970880925655
  view-data: 3.619001194834709
