times:
  edit-metadata: 1.513685554265976
  landing: 0.8081171698868275
  view-data: 3.2791135907173157
