times:
  edit-metadata: 1.6361963786184788
  landing: 1.1799025498330593
  view-data: 3.3344200626015663
