times:
  edit-metadata: 1.4136293791234493
  landing: 0.8536016680300236
  view-data: 3.326732821762562
