times:
  edit-metadata: 1.538548905402422
  landing: 1.3080110922455788
  view-data: 3.330190423876047
