times:
  edit-metadata: 1.5222642943263054
  landing: 0.8064684346318245
  view-data: 3.2842142172157764
