times:
  edit-metadata: 1.4326695129275322
  landing: 0.7958306223154068
  view-data: 3.2683686278760433
