times:
  edit-metadata: 1.5097707584500313
  landing: 0.9005715847015381
  view-data: 3.2999846413731575
