times:
  edit-metadata: 1.5509525462985039
  landing: 0.8566088043153286
  view-data: 3.3004177138209343
