times:
  edit-metadata: 1.7595192603766918
  landing: 1.1490369960665703
  view-data: 3.46761292591691
