times:
  edit-metadata: 1.53697869181633
  landing: 0.7502019889652729
  view-data: 3.400037817656994
