times:
  edit-metadata: 1.6487167999148369
  landing: 7.1159815564751625
  view-data: 3.365322984755039
