times:
  edit-metadata: 1.5517487525939941
  landing: 0.7865115441381931
  view-data: 3.371528435498476
