times:
  edit-metadata: 1.551344107836485
  landing: 1.0834175758063793
  view-data: 3.3871613144874573
