times:
  edit-metadata: 1.4110501632094383
  landing: 0.8161014020442963
  view-data: 3.313282947987318
