times:
  edit-metadata: 5.871293548494577
  landing: 2.5118007138371468
  view-data: 4.975140634924173
