times:
  edit-metadata: 1.753857348114252
  landing: 1.05722014605999
  view-data: 3.7434344813227654
