times:
  edit-metadata: 1.5118066743016243
  landing: 0.8861734159290791
  view-data: 3.3388602286577225
