times:
  edit-metadata: 1.7726638279855251
  landing: 1.1021331623196602
  view-data: 3.3973194025456905
