times:
  edit-metadata: 2.2390714585781097
  landing: 0.9214296936988831
  view-data: 3.3240649215877056
