times:
  edit-metadata: 1.4667543396353722
  landing: 0.9431115724146366
  view-data: 3.305110350251198
