times:
  edit-metadata: 1.3837943337857723
  landing: 0.834096297621727
  view-data: 3.2859913744032383
