times:
  edit-metadata: 1.4588149450719357
  landing: 0.8173985108733177
  view-data: 3.304645147174597
