times:
  edit-metadata: 1.4469564631581306
  landing: 0.7929368801414967
  view-data: 3.4052319042384624
