times:
  edit-metadata: 1.453304897993803
  landing: 0.8983523100614548
  view-data: 3.3411230258643627
