times:
  edit-metadata: 1.446879044175148
  landing: 0.86976557970047
  view-data: 3.5939241722226143
