times:
  edit-metadata: 1.3462088406085968
  landing: 0.85472272336483
  view-data: 3.407274752855301
