times:
  edit-metadata: 1.400826171040535
  landing: 0.787726879119873
  view-data: 3.5814590603113174
