times:
  edit-metadata: 1.4122196026146412
  landing: 0.8038903214037418
  view-data: 3.343439254909754
