times:
  edit-metadata: 1.5780589021742344
  landing: 0.8687189109623432
  view-data: 3.3976269401609898
