times:
  edit-metadata: 1.5439509376883507
  landing: 0.918915681540966
  view-data: 3.2556186988949776
