times:
  edit-metadata: 2.2694065645337105
  landing: 1.6624315902590752
  view-data: 4.058670863509178
