times:
  edit-metadata: 1.4632770456373692
  landing: 0.9448076263070107
  view-data: 3.3140541948378086
