times:
  edit-metadata: 1.4322223290801048
  landing: 0.7927549928426743
  view-data: 3.6086382269859314
