times:
  edit-metadata: 1.4983082637190819
  landing: 0.7413335740566254
  view-data: 3.566059224307537
