times:
  edit-metadata: 1.494505226612091
  landing: 0.7864970117807388
  view-data: 3.3483361713588238
