times:
  edit-metadata: 1.360677756369114
  landing: 0.7923250198364258
  view-data: 3.448455199599266
