times:
  edit-metadata: 1.4376996532082558
  landing: 0.7905096039175987
  view-data: 3.535170756280422
