times:
  edit-metadata: 1.512458361685276
  landing: 0.8667802140116692
  view-data: 3.305642955005169
