times:
  edit-metadata: 1.4938183277845383
  landing: 0.8018878623843193
  view-data: 3.496741160750389
