times:
  edit-metadata: 1.428911454975605
  landing: 0.8299356997013092
  view-data: 3.3783343881368637
