times:
  edit-metadata: 1.3575491905212402
  landing: 0.831498421728611
  view-data: 3.3482052013278008
