times:
  edit-metadata: 1.900169413536787
  landing: 1.2977047078311443
  view-data: 3.4716327227652073
