times:
  edit-metadata: 1.452106274664402
  landing: 0.8038494363427162
  view-data: 3.447754554450512
