times:
  edit-metadata: 1.6872871369123459
  landing: 1.2067378014326096
  view-data: 3.583808809518814
