times:
  edit-metadata: 1.3864773288369179
  landing: 0.8504045382142067
  view-data: 3.4628094136714935
