times:
  edit-metadata: 1.4012844376266003
  landing: 0.8109283708035946
  view-data: 3.316991586238146
