times:
  edit-metadata: 1.4147759526968002
  landing: 0.78081214427948
  view-data: 3.294271156191826
