times:
  edit-metadata: 1.4902562275528908
  landing: 0.8522603735327721
  view-data: 3.5138508155941963
