times:
  edit-metadata: 1.4457062408328056
  landing: 0.7876132801175117
  view-data: 3.5529510527849197
