times:
  edit-metadata: 1.5268517583608627
  landing: 0.7821236327290535
  view-data: 3.5680520832538605
