times:
  edit-metadata: 1.3517724685370922
  landing: 0.7886019051074982
  view-data: 3.4166446700692177
