times:
  edit-metadata: 1.4036661349236965
  landing: 0.8842388913035393
  view-data: 3.3835402503609657
