times:
  edit-metadata: 1.357013262808323
  landing: 0.7783696949481964
  view-data: 3.523482568562031
