times:
  edit-metadata: 1.6676507517695427
  landing: 0.9518522322177887
  view-data: 3.415868628770113
