times:
  edit-metadata: 1.4892789088189602
  landing: 0.9352374039590359
  view-data: 3.34737628698349
