times:
  edit-metadata: 1.6602391377091408
  landing: 0.9678970649838448
  view-data: 3.3431243002414703
