times:
  edit-metadata: 1.5005455613136292
  landing: 0.857340894639492
  view-data: 3.390169382095337
