times:
  edit-metadata: 1.4271025210618973
  landing: 0.7796260491013527
  view-data: 3.566384606063366
