times:
  edit-metadata: 1.4768710881471634
  landing: 0.8801634535193443
  view-data: 3.3232119753956795
