times:
  edit-metadata: 1.3730857446789742
  landing: 0.7549938932061195
  view-data: 3.41824072599411
