times:
  edit-metadata: 1.578847385942936
  landing: 0.805459588766098
  view-data: 3.468518726527691
