times:
  edit-metadata: 1.374499037861824
  landing: 0.8770945221185684
  view-data: 3.276505269110203
