times:
  edit-metadata: 2.11453415453434
  landing: 1.0834545269608498
  view-data: 3.4078520461916924
