times:
  edit-metadata: 1.3937378600239754
  landing: 0.7625764720141888
  view-data: 3.311416629701853
