times:
  edit-metadata: 1.3934241831302643
  landing: 0.775844044983387
  view-data: 3.3456705287098885
