times:
  edit-metadata: 1.3680697083473206
  landing: 0.8290744051337242
  view-data: 3.511595167219639
