times:
  edit-metadata: 1.4736502207815647
  landing: 0.8940274752676487
  view-data: 3.2997565045952797
