times:
  edit-metadata: 1.45899099111557
  landing: 0.8048442155122757
  view-data: 3.277074858546257
