times:
  edit-metadata: 1.4749805927276611
  landing: 0.9261618964374065
  view-data: 3.370149541646242
