times:
  edit-metadata: 1.3994499519467354
  landing: 0.733189657330513
  view-data: 3.584411457180977
