times:
  edit-metadata: 1.3533740565180779
  landing: 0.7458464354276657
  view-data: 3.442969687283039
