times:
  edit-metadata: 1.4645632058382034
  landing: 0.8330414593219757
  view-data: 3.4103019759058952
