times:
  edit-metadata: 1.4457950815558434
  landing: 0.8240540362894535
  view-data: 3.3057556711137295
