times:
  edit-metadata: 1.6613544076681137
  landing: 0.8436708971858025
  view-data: 3.2999495416879654
