times:
  edit-metadata: 1.3680009692907333
  landing: 1.0748235583305359
  view-data: 3.5506658107042313
