times:
  edit-metadata: 1.4844909757375717
  landing: 0.8063460290431976
  view-data: 3.49528668820858
