times:
  edit-metadata: 1.4396122805774212
  landing: 0.8617392517626286
  view-data: 3.2824789471924305
