times:
  edit-metadata: 1.4041222780942917
  landing: 0.8930956646800041
  view-data: 3.268748417496681
