times:
  edit-metadata: 1.372710958123207
  landing: 0.7679470852017403
  view-data: 3.47580985724926
