times:
  edit-metadata: 1.4387316405773163
  landing: 0.8235663324594498
  view-data: 3.5119033083319664
