times:
  edit-metadata: 1.4635373428463936
  landing: 0.8442486338317394
  view-data: 3.323274575173855
