times:
  edit-metadata: 1.472953349351883
  landing: 0.9519458264112473
  view-data: 3.4689925238490105
