times:
  edit-metadata: 1.4361329786479473
  landing: 0.8853130377829075
  view-data: 3.370027270168066
