times:
  edit-metadata: 1.5991049148142338
  landing: 1.0307697840034962
  view-data: 3.3524121046066284
