times:
  edit-metadata: 1.4258715584874153
  landing: 0.9424220435321331
  view-data: 3.3088965713977814
