times:
  edit-metadata: 2.031933918595314
  landing: 1.2274784110486507
  view-data: 3.437297698110342
