times:
  edit-metadata: 1.433799173682928
  landing: 0.807859256863594
  view-data: 3.3181943632662296
