times:
  edit-metadata: 1.585306067019701
  landing: 0.8242262080311775
  view-data: 3.326119724661112
