times:
  edit-metadata: 1.3911823257803917
  landing: 0.8394373953342438
  view-data: 3.4262621104717255
