times:
  edit-metadata: 1.4924331232905388
  landing: 0.7441467642784119
  view-data: 3.347482457756996
