times:
  edit-metadata: 1.4411085024476051
  landing: 0.9272998943924904
  view-data: 3.289977863430977
