times:
  edit-metadata: 1.368068389594555
  landing: 0.8846659362316132
  view-data: 3.2984087243676186
