times:
  edit-metadata: 1.6303953379392624
  landing: 0.8709975406527519
  view-data: 3.390875995159149
