times:
  edit-metadata: 1.402391105890274
  landing: 0.9058685824275017
  view-data: 3.5069482028484344
