times:
  edit-metadata: 2.265009216964245
  landing: 1.3141512796282768
  view-data: 3.7505745589733124
