times:
  edit-metadata: 1.4381967186927795
  landing: 0.9260862991213799
  view-data: 3.3379174917936325
