times:
  edit-metadata: 1.455089557915926
  landing: 0.8031709901988506
  view-data: 3.324012029916048
