times:
  edit-metadata: 1.6235936507582664
  landing: 0.88710817694664
  view-data: 3.569268152117729
