times:
  edit-metadata: 1.4738080576062202
  landing: 0.8731419406831264
  view-data: 3.350234843790531
