times:
  edit-metadata: 2.891305185854435
  landing: 1.8807464465498924
  view-data: 3.5842496305704117
