times:
  edit-metadata: 1.4898727349936962
  landing: 0.8616749830543995
  view-data: 3.3676276467740536
