times:
  edit-metadata: 1.312169834971428
  landing: 0.7950209155678749
  view-data: 3.4732171297073364
