times:
  edit-metadata: 1.4063338339328766
  landing: 0.7649756297469139
  view-data: 3.4310253858566284
