times:
  edit-metadata: 1.9801305085420609
  landing: 0.897717647254467
  view-data: 3.3370953276753426
