times:
  edit-metadata: 1.390340380370617
  landing: 0.7234929203987122
  view-data: 3.531566970050335
