times:
  edit-metadata: 1.479566778987646
  landing: 0.8644300140440464
  view-data: 3.281907092779875
