times:
  edit-metadata: 1.4801679030060768
  landing: 0.7891751825809479
  view-data: 3.413696810603142
