times:
  edit-metadata: 1.364482644945383
  landing: 0.9190774671733379
  view-data: 3.2541018463671207
