times:
  edit-metadata: 1.4316765442490578
  landing: 0.76448705047369
  view-data: 3.4712193086743355
