times:
  edit-metadata: 1.8448264747858047
  landing: 0.8757508285343647
  view-data: 3.400616943836212
