times:
  edit-metadata: 1.463207595050335
  landing: 0.9547045305371284
  view-data: 3.332860868424177
