times:
  edit-metadata: 1.6819821707904339
  landing: 0.8871382847428322
  view-data: 3.3998966552317142
