times:
  edit-metadata: 1.4267972707748413
  landing: 0.8587242141366005
  view-data: 3.4683765694499016
