times:
  edit-metadata: 1.524903543293476
  landing: 0.8256103619933128
  view-data: 3.514679044485092
