times:
  edit-metadata: 1.4012946337461472
  landing: 0.7633289024233818
  view-data: 3.545341908931732
