times:
  edit-metadata: 1.4305699840188026
  landing: 0.8370330333709717
  view-data: 3.2722463458776474
