times:
  edit-metadata: 1.464913859963417
  landing: 0.8787683248519897
  view-data: 3.3078723773360252
