times:
  edit-metadata: 1.4690248593688011
  landing: 0.7757358476519585
  view-data: 3.505529783666134
