times:
  edit-metadata: 1.3636509850621223
  landing: 0.8514203950762749
  view-data: 3.3636122047901154
