times:
  edit-metadata: 1.697470411658287
  landing: 1.0536272339522839
  view-data: 3.344279196113348
