times:
  edit-metadata: 1.4498958811163902
  landing: 1.1608071997761726
  view-data: 3.380519486963749
