times:
  edit-metadata: 1.5229020416736603
  landing: 0.9159437790513039
  view-data: 3.374275252223015
