times:
  edit-metadata: 1.5375694558024406
  landing: 0.8654619865119457
  view-data: 3.298337571322918
