times:
  edit-metadata: 1.4141434580087662
  landing: 0.8483065515756607
  view-data: 3.337045978754759
