times:
  edit-metadata: 1.4096638150513172
  landing: 0.8132349736988544
  view-data: 3.3836411349475384
