times:
  edit-metadata: 1.7012581005692482
  landing: 0.9618098214268684
  view-data: 3.689260885119438
