times:
  edit-metadata: 1.3730982281267643
  landing: 0.8948918767273426
  view-data: 3.2715611197054386
