times:
  edit-metadata: 1.486267738044262
  landing: 0.9080677777528763
  view-data: 3.340303659439087
