times:
  edit-metadata: 1.4953990168869495
  landing: 1.0524320229887962
  view-data: 3.310720305889845
