times:
  edit-metadata: 1.4283436760306358
  landing: 0.7947718277573586
  view-data: 3.419097051024437
