times:
  edit-metadata: 1.3740511164069176
  landing: 0.9231594428420067
  view-data: 3.3375702500343323
