times:
  edit-metadata: 1.4312215074896812
  landing: 0.7322739213705063
  view-data: 3.4638530910015106
