times:
  edit-metadata: 1.592554073780775
  landing: 0.9654712416231632
  view-data: 3.4194116964936256
