times:
  edit-metadata: 1.4015903025865555
  landing: 0.7428877726197243
  view-data: 3.2959575206041336
