times:
  edit-metadata: 1.3484874218702316
  landing: 0.8013080656528473
  view-data: 3.4213612005114555
