times:
  edit-metadata: 1.4758420512080193
  landing: 0.9385822638869286
  view-data: 3.5698613300919533
