times:
  edit-metadata: 1.3875551298260689
  landing: 0.8178759440779686
  view-data: 3.578091874718666
