times:
  edit-metadata: 1.4067525938153267
  landing: 0.8183146640658379
  view-data: 3.5965132266283035
