times:
  edit-metadata: 1.524833433330059
  landing: 0.846039492636919
  view-data: 3.4069191701710224
