times:
  edit-metadata: 1.4837368428707123
  landing: 0.7699891403317451
  view-data: 3.4965095072984695
