times:
  edit-metadata: 1.30618017911911
  landing: 0.9774943888187408
  view-data: 3.3301330283284187
