times:
  edit-metadata: 1.6896602511405945
  landing: 1.0140376463532448
  view-data: 3.6149154752492905
