times:
  edit-metadata: 1.411806970834732
  landing: 1.1008483991026878
  view-data: 3.5131088346242905
