times:
  edit-metadata: 1.371696162968874
  landing: 0.7458244748413563
  view-data: 3.317361317574978
