times:
  edit-metadata: 1.3541077971458435
  landing: 0.8546695411205292
  view-data: 3.3102828040719032
