times:
  edit-metadata: 1.4970042370259762
  landing: 0.9448478743433952
  view-data: 3.459039382636547
