times:
  edit-metadata: 1.5692665502429008
  landing: 1.0023986995220184
  view-data: 3.323336973786354
