times:
  edit-metadata: 1.4857459254562855
  landing: 0.8799748718738556
  view-data: 3.3440624698996544
