times:
  edit-metadata: 1.437786340713501
  landing: 0.7807381898164749
  view-data: 3.3375280126929283
