times:
  edit-metadata: 1.6950312443077564
  landing: 1.0101946517825127
  view-data: 3.317424461245537
