times:
  edit-metadata: 1.3794576711952686
  landing: 0.9128892794251442
  view-data: 3.3463377356529236
