times:
  edit-metadata: 1.4880443140864372
  landing: 0.8395129144191742
  view-data: 3.505858890712261
