times:
  edit-metadata: 2.089711405336857
  landing: 0.8861026614904404
  view-data: 3.4216050878167152
