times:
  edit-metadata: 1.4539440721273422
  landing: 0.7936147749423981
  view-data: 3.4724018946290016
