times:
  edit-metadata: 1.427885226905346
  landing: 0.7920266166329384
  view-data: 3.5891083404421806
