times:
  edit-metadata: 1.5229987725615501
  landing: 0.7301979660987854
  view-data: 3.485242508351803
