times:
  edit-metadata: 1.5111857876181602
  landing: 0.8833310008049011
  view-data: 3.5222632363438606
