times:
  edit-metadata: 1.5064145550131798
  landing: 0.7854580357670784
  view-data: 3.422716401517391
