times:
  edit-metadata: 1.470369040966034
  landing: 0.8030680418014526
  view-data: 3.365908570587635
