times:
  edit-metadata: 1.5329384431242943
  landing: 0.858145572245121
  view-data: 3.3052162006497383
