times:
  edit-metadata: 1.3423333764076233
  landing: 0.7479893192648888
  view-data: 3.4298719316720963
