times:
  edit-metadata: 1.5288072004914284
  landing: 0.7254451513290405
  view-data: 3.508911155164242
