times:
  edit-metadata: 1.5026650428771973
  landing: 0.827719010412693
  view-data: 3.418544217944145
