times:
  edit-metadata: 1.6999369002878666
  landing: 0.9423674494028091
  view-data: 3.523376815021038
