times:
  edit-metadata: 1.5071937590837479
  landing: 0.8311017081141472
  view-data: 3.566074289381504
