times:
  edit-metadata: 1.417907364666462
  landing: 0.8204841613769531
  view-data: 3.2795625776052475
