times:
  edit-metadata: 1.4118215553462505
  landing: 0.8773596435785294
  view-data: 3.3890980444848537
