times:
  edit-metadata: 1.5185416787862778
  landing: 0.75095996260643
  view-data: 3.4600813686847687
