times:
  landing: 0.5542447269999684
  view-data: 0.5571495780000078
