times:
  landing: 1.074296492999963
  view-data: 0.5638842760000102
