times:
  landing: 1.0700606060000268
  view-data: 0.5564848739999775
