times:
  landing: 1.0779374210000015
  view-data: 0.5597376410000265
