times:
  landing: 1.0803558220000014
  view-data: 0.5465549520000081
