times:
  landing: 0.5626550909998969
  view-data: 0.552972651999994
