times:
  landing: 0.5740667289999806
  view-data: 0.5610325110000076
