times:
  landing: 0.5503205120000416
  view-data: 0.5495730939999817
