times:
  landing: 1.1108411320000187
  view-data: 0.5657528700000398
