times:
  landing: 0.551813401000004
  view-data: 0.5543686269999739
