times:
  landing: 1.1385483070000078
  view-data: 0.5514484469999843
