times:
  landing: 0.5613970880000352
  view-data: 0.5612957829999914
