times:
  landing: 0.5575515090000067
  view-data: 0.5540785150000147
