times:
  landing: 0.5505471889999853
  view-data: 0.5510028949999537
