times:
  landing: 0.5737765530000161
  view-data: 0.5557660449999844
