times:
  landing: 0.5631693219999647
  view-data: 0.5699594209999645
