times:
  landing: 1.0674853030000122
  view-data: 0.5544615850000127
