times:
  landing: 0.5482812309999758
  view-data: 0.5482659310000031
