times:
  landing: 0.5587153079999894
  view-data: 0.5649221460000149
