times:
  landing: 1.0709335319999695
  view-data: 0.5477785150000045
