times:
  landing: 0.5644391270000142
  view-data: 0.5637350310000215
