times:
  landing: 1.074899834000007
  view-data: 0.5564325120000149
