times:
  landing: 0.5528952760000152
  view-data: 0.5593989010000087
