times:
  landing: 0.5526339780000171
  view-data: 0.5542678830000227
