times:
  landing: 1.1416118040000356
  view-data: 0.5565099209999289
