times:
  landing: 1.074994419999996
  view-data: 0.5590387500000134
