times:
  landing: 1.0756075959999976
  view-data: 0.5588952749999976
