times:
  edit-metadata: 1.4581073299050331
  landing: 0.8131211698055267
  view-data: 3.532938852906227
