times:
  edit-metadata: 1.6268674209713936
  landing: 0.8209211193025112
  view-data: 3.311405073851347
