times:
  edit-metadata: 1.414211817085743
  landing: 0.7347589805722237
  view-data: 3.5425766706466675
