times:
  edit-metadata: 1.7646911479532719
  landing: 1.4803141616284847
  view-data: 3.3684338331222534
