times:
  edit-metadata: 1.457748420536518
  landing: 0.8646188452839851
  view-data: 3.4152884110808372
