times:
  edit-metadata: 1.4250723794102669
  landing: 0.8800460249185562
  view-data: 3.300061956048012
