times:
  edit-metadata: 1.4462446719408035
  landing: 0.8291913792490959
  view-data: 3.286117449402809
