times:
  edit-metadata: 1.3939454816281796
  landing: 0.7285901829600334
  view-data: 3.314691439270973
