times:
  edit-metadata: 1.4533348456025124
  landing: 0.8814015090465546
  view-data: 3.573127895593643
