times:
  edit-metadata: 1.4454821646213531
  landing: 0.829295851290226
  view-data: 3.5384525284171104
