times:
  edit-metadata: 1.3831578977406025
  landing: 0.8611991629004478
  view-data: 3.275665942579508
