times:
  edit-metadata: 1.4050261862576008
  landing: 0.7425999864935875
  view-data: 3.246857210993767
