times:
  edit-metadata: 1.4661629423499107
  landing: 0.7006298080086708
  view-data: 3.4487037286162376
