times:
  edit-metadata: 1.4508168771862984
  landing: 1.3798145949840546
  view-data: 3.3928555622696877
