times:
  edit-metadata: 1.4353967942297459
  landing: 0.760133221745491
  view-data: 3.38417025282979
