times:
  edit-metadata: 1.5424206480383873
  landing: 0.8635312467813492
  view-data: 3.635030448436737
