times:
  edit-metadata: 1.5592003911733627
  landing: 0.7484996020793915
  view-data: 3.283105321228504
