times:
  edit-metadata: 1.4323757216334343
  landing: 0.7587557584047318
  view-data: 3.44942519813776
