times:
  edit-metadata: 1.4277473017573357
  landing: 0.785528875887394
  view-data: 3.5241165533661842
