times:
  edit-metadata: 1.4607676826417446
  landing: 0.7674527168273926
  view-data: 3.280175294727087
