times:
  edit-metadata: 1.2945218235254288
  landing: 0.9438462480902672
  view-data: 3.3133256658911705
