times:
  edit-metadata: 1.4358786381781101
  landing: 0.8346913494169712
  view-data: 3.2994875349104404
