times:
  edit-metadata: 2.3767368495464325
  landing: 1.4106330871582031
  view-data: 3.8311829566955566
