times:
  edit-metadata: 1.6921180337667465
  landing: 1.0678740330040455
  view-data: 3.3133304975926876
