times:
  edit-metadata: 1.412098966538906
  landing: 1.116684041917324
  view-data: 3.4862014651298523
