times:
  edit-metadata: 1.66827754676342
  landing: 0.9989606328308582
  view-data: 3.3879118859767914
