times:
  edit-metadata: 1.4302503131330013
  landing: 0.8314453549683094
  view-data: 3.3301517367362976
