times:
  edit-metadata: 1.4911125898361206
  landing: 0.9190541729331017
  view-data: 3.3423044830560684
