times:
  edit-metadata: 1.395263109356165
  landing: 0.8552030809223652
  view-data: 3.2799003422260284
