times:
  edit-metadata: 1.4594461619853973
  landing: 0.7826581373810768
  view-data: 3.5318426713347435
