times:
  edit-metadata: 1.4207650944590569
  landing: 0.776581808924675
  view-data: 3.5318847224116325
