times:
  edit-metadata: 1.428387075662613
  landing: 0.7360325008630753
  view-data: 3.3039764761924744
