times:
  edit-metadata: 1.4149576500058174
  landing: 0.7225496992468834
  view-data: 3.5003488436341286
