times:
  edit-metadata: 1.454320676624775
  landing: 0.813074130564928
  view-data: 3.355785518884659
