times:
  edit-metadata: 1.50949127972126
  landing: 0.6958951503038406
  view-data: 3.4334460347890854
