times:
  edit-metadata: 1.7516295984387398
  landing: 0.9351172223687172
  view-data: 3.4438663572072983
