times:
  edit-metadata: 1.3751543909311295
  landing: 0.7711717262864113
  view-data: 3.3062928318977356
