times:
  edit-metadata: 1.4859935492277145
  landing: 0.8237320557236671
  view-data: 3.3676030412316322
