times:
  edit-metadata: 1.4677963256835938
  landing: 0.7868617810308933
  view-data: 3.3461311757564545
