times:
  edit-metadata: 1.9583126232028008
  landing: 0.9842827245593071
  view-data: 3.4866082817316055
