times:
  edit-metadata: 1.423345573246479
  landing: 0.8923038467764854
  view-data: 3.3366280011832714
