times:
  edit-metadata: 1.4702236093580723
  landing: 0.7383531332015991
  view-data: 3.41341145709157
