times:
  edit-metadata: 1.459127739071846
  landing: 0.8088360577821732
  view-data: 3.3529979661107063
