times:
  edit-metadata: 1.3629761040210724
  landing: 0.7951642125844955
  view-data: 3.454060949385166
