times:
  edit-metadata: 1.4335404187440872
  landing: 0.8128628358244896
  view-data: 3.2644049637019634
