times:
  edit-metadata: 1.7665935419499874
  landing: 1.0706096142530441
  view-data: 3.828343275934458
