times:
  edit-metadata: 1.4391169473528862
  landing: 0.780203752219677
  view-data: 3.4892682805657387
