times:
  edit-metadata: 1.4162561185657978
  landing: 0.9763023182749748
  view-data: 3.3500030376017094
