times:
  edit-metadata: 1.6465590298175812
  landing: 0.9689215794205666
  view-data: 3.392590917646885
