times:
  edit-metadata: 1.4142319560050964
  landing: 0.7410425543785095
  view-data: 3.501527525484562
