times:
  edit-metadata: 1.1879505068063736
  landing: 0.7628402635455132
  view-data: 3.4465286806225777
