times:
  edit-metadata: 1.5210212394595146
  landing: 0.810582347214222
  view-data: 3.28525622934103
