times:
  edit-metadata: 1.3914039433002472
  landing: 0.783703438937664
  view-data: 3.46476960927248
