times:
  edit-metadata: 1.4531309232115746
  landing: 0.7091776952147484
  view-data: 3.2576218619942665
