times:
  edit-metadata: 1.8419304974377155
  landing: 1.0779321864247322
  view-data: 3.3943310901522636
