times:
  edit-metadata: 1.4494527950882912
  landing: 0.8015044406056404
  view-data: 3.4844209775328636
