times:
  edit-metadata: 1.499489188194275
  landing: 0.7095153704285622
  view-data: 3.4880343824625015
