times:
  edit-metadata: 1.400095358490944
  landing: 0.7973629459738731
  view-data: 3.352944001555443
