times:
  edit-metadata: 1.37553209066391
  landing: 0.7455331198871136
  view-data: 3.336913052946329
