times:
  edit-metadata: 1.3674171641469002
  landing: 0.7606330290436745
  view-data: 3.450135752558708
