times:
  edit-metadata: 1.491325631737709
  landing: 0.819275289773941
  view-data: 3.3142376467585564
