times:
  edit-metadata: 1.4425382018089294
  landing: 0.7080221101641655
  view-data: 3.4614904820919037
