times:
  edit-metadata: 1.4049326330423355
  landing: 0.8197679929435253
  view-data: 3.302867479622364
