times:
  edit-metadata: 1.5818383768200874
  landing: 0.8298062048852444
  view-data: 3.3172686360776424
