times:
  edit-metadata: 1.4133518785238266
  landing: 0.7691248506307602
  view-data: 3.2835852280259132
