times:
  edit-metadata: 1.5019400343298912
  landing: 0.8488567471504211
  view-data: 3.5075482428073883
