times:
  edit-metadata: 1.9459857940673828
  landing: 0.935740053653717
  view-data: 3.5346038714051247
