times:
  edit-metadata: 1.4449819959700108
  landing: 0.7856801673769951
  view-data: 3.384029299020767
