times:
  edit-metadata: 1.4020458310842514
  landing: 0.8068858608603477
  view-data: 3.4139285534620285
