times:
  edit-metadata: 1.8988572545349598
  landing: 1.3388037756085396
  view-data: 3.4459439255297184
