times:
  edit-metadata: 1.5022176466882229
  landing: 0.8007716536521912
  view-data: 3.3828424103558064
