times:
  edit-metadata: 1.383390475064516
  landing: 0.802170779556036
  view-data: 3.373281329870224
