times:
  edit-metadata: 1.495429515838623
  landing: 0.9585774913430214
  view-data: 3.4836069345474243
