times:
  edit-metadata: 1.389997437596321
  landing: 0.7819929495453835
  view-data: 3.484968163073063
