times:
  edit-metadata: 1.4602771177887917
  landing: 0.7644334137439728
  view-data: 3.5177905187010765
