times:
  edit-metadata: 1.4123503491282463
  landing: 0.7885601297020912
  view-data: 3.3213004246354103
