times:
  edit-metadata: 1.3608274571597576
  landing: 0.7623754516243935
  view-data: 3.3115660920739174
