times:
  edit-metadata: 1.496739387512207
  landing: 0.7963234186172485
  view-data: 3.3333090990781784
