times:
  edit-metadata: 1.4582854956388474
  landing: 0.8130239024758339
  view-data: 3.2889454178512096
