times:
  edit-metadata: 1.378435842692852
  landing: 0.7779602855443954
  view-data: 3.5039237663149834
