times:
  edit-metadata: 1.5044480711221695
  landing: 0.7719404101371765
  view-data: 3.4734553024172783
