times:
  edit-metadata: 1.3577677570283413
  landing: 0.7594293169677258
  view-data: 3.346769642084837
