times:
  edit-metadata: 1.439884528517723
  landing: 0.7885101363062859
  view-data: 3.5171852707862854
