times:
  edit-metadata: 1.4334555342793465
  landing: 0.7764632403850555
  view-data: 3.326263874769211
