times:
  edit-metadata: 1.4435753151774406
  landing: 0.8538634851574898
  view-data: 3.4717489555478096
