times:
  edit-metadata: 1.5458224341273308
  landing: 0.9154025129973888
  view-data: 3.3334049619734287
