times:
  edit-metadata: 1.5019463375210762
  landing: 0.7451229020953178
  view-data: 3.4892493262887
