times:
  edit-metadata: 1.3809614814817905
  landing: 0.8340708687901497
  view-data: 0.5465448573231697
