times:
  edit-metadata: 1.5218032971024513
  landing: 0.9682833179831505
  view-data: 3.320745639503002
