times:
  edit-metadata: 2.4988595247268677
  landing: 1.3645686134696007
  view-data: 3.9783678725361824
