times:
  edit-metadata: 1.39717535674572
  landing: 0.8382649570703506
  view-data: 3.4744299352169037
