times:
  edit-metadata: 1.5168415755033493
  landing: 0.7354792430996895
  view-data: 3.4642109274864197
