times:
  edit-metadata: 3.603648118674755
  landing: 2.107046566903591
  view-data: 3.8642847687005997
