times:
  edit-metadata: 1.473272442817688
  landing: 0.7664545327425003
  view-data: 3.3150559961795807
