times:
  edit-metadata: 1.5327981635928154
  landing: 0.8527147248387337
  view-data: 3.417057752609253
