times:
  edit-metadata: 1.6865581274032593
  landing: 0.8915015533566475
  view-data: 3.361155979335308
