times:
  edit-metadata: 1.4063308611512184
  landing: 0.8332921713590622
  view-data: 3.4713728427886963
