times:
  edit-metadata: 1.3812395744025707
  landing: 0.7678085416555405
  view-data: 3.2881601192057133
