times:
  edit-metadata: 1.4386593252420425
  landing: 0.8574251383543015
  view-data: 3.2687924578785896
