times:
  edit-metadata: 1.4528576210141182
  landing: 0.7319414541125298
  view-data: 3.2941522747278214
