times:
  edit-metadata: 1.7043997049331665
  landing: 1.0342656448483467
  view-data: 3.576601505279541
