times:
  edit-metadata: 1.4412230774760246
  landing: 0.7070126011967659
  view-data: 3.445273704826832
