times:
  edit-metadata: 1.4841372296214104
  landing: 0.8130146898329258
  view-data: 3.3669254034757614
