times:
  edit-metadata: 1.4931847378611565
  landing: 0.7042027860879898
  view-data: 3.5227497592568398
