times:
  edit-metadata: 1.5247133523225784
  landing: 0.7585181705653667
  view-data: 3.333990655839443
