times:
  edit-metadata: 1.5000504292547703
  landing: 0.8449960611760616
  view-data: 3.29857062920928
