times:
  edit-metadata: 1.4494661167263985
  landing: 0.8008393496274948
  view-data: 3.3798635490238667
