times:
  edit-metadata: 1.4168209731578827
  landing: 0.7957435101270676
  view-data: 3.512735739350319
