times:
  edit-metadata: 1.9753400832414627
  landing: 1.2390279546380043
  view-data: 3.693280093371868
