times:
  edit-metadata: 1.4735249876976013
  landing: 0.8664559498429298
  view-data: 3.352604776620865
