times:
  edit-metadata: 1.48411088809371
  landing: 0.7928912453353405
  view-data: 3.332910716533661
