times:
  edit-metadata: 1.373495563864708
  landing: 0.7761822119355202
  view-data: 3.5412177965044975
