times:
  edit-metadata: 1.4873763173818588
  landing: 0.8366349935531616
  view-data: 3.6218380331993103
