times:
  edit-metadata: 2.0714172646403313
  landing: 0.9486146494746208
  view-data: 3.337487455457449
