times:
  edit-metadata: 1.4790456965565681
  landing: 0.8689497262239456
  view-data: 3.3547253534197807
