times:
  edit-metadata: 3.0223239809274673
  landing: 1.7443070113658905
  view-data: 3.6295067444443703
