times:
  edit-metadata: 1.4424763098359108
  landing: 0.7046340331435204
  view-data: 3.305742848664522
