times:
  edit-metadata: 1.4573330134153366
  landing: 0.7610824406147003
  view-data: 3.495800882577896
