times:
  edit-metadata: 1.6365822479128838
  landing: 1.0184620767831802
  view-data: 3.3459873124957085
