times:
  edit-metadata: 1.4287926331162453
  landing: 0.7425054535269737
  view-data: 3.501553200185299
