times:
  edit-metadata: 1.4960445910692215
  landing: 0.9671467915177345
  view-data: 3.2899960726499557
