times:
  edit-metadata: 1.4823400601744652
  landing: 0.7885421700775623
  view-data: 0.6815290600061417
