times:
  edit-metadata: 1.3795716986060143
  landing: 0.7596496418118477
  view-data: 3.4264344573020935
