times:
  edit-metadata: 1.4266218692064285
  landing: 0.765030026435852
  view-data: 3.5025831013917923
