times:
  edit-metadata: 1.5286047123372555
  landing: 0.8818995095789433
  view-data: 3.3396637700498104
