times:
  edit-metadata: 1.4609683156013489
  landing: 0.7967970222234726
  view-data: 3.449344962835312
