times:
  edit-metadata: 1.4385248497128487
  landing: 0.9299233853816986
  view-data: 3.4959012866020203
