times:
  edit-metadata: 1.511510692536831
  landing: 1.0056622326374054
  view-data: 3.4837668240070343
