times:
  edit-metadata: 1.397789891809225
  landing: 0.7328041978180408
  view-data: 3.3404070287942886
