times:
  edit-metadata: 1.4694462269544601
  landing: 0.7345368191599846
  view-data: 3.321235280483961
