times:
  edit-metadata: 1.5402936339378357
  landing: 0.807499460875988
  view-data: 3.434796191751957
