times:
  edit-metadata: 1.7114608101546764
  landing: 1.3156577944755554
  view-data: 3.322424676269293
