times:
  edit-metadata: 1.4458592385053635
  landing: 0.8411335498094559
  view-data: 3.280939567834139
