times:
  edit-metadata: 1.9587726891040802
  landing: 0.9804133363068104
  view-data: 3.306910030543804
