times:
  edit-metadata: 1.6612991280853748
  landing: 0.8879392668604851
  view-data: 3.3057833164930344
