times:
  edit-metadata: 1.471024364233017
  landing: 0.9561067000031471
  view-data: 3.2936313152313232
