times:
  edit-metadata: 1.3407395333051682
  landing: 0.7879817336797714
  view-data: 3.496220327913761
