times:
  edit-metadata: 1.4507116079330444
  landing: 0.8052026107907295
  view-data: 3.2929032295942307
