times:
  edit-metadata: 1.6080958619713783
  landing: 0.8210403844714165
  view-data: 3.3738168366253376
