times:
  edit-metadata: 1.4988561011850834
  landing: 0.8403776995837688
  view-data: 3.335424866527319
