times:
  edit-metadata: 1.4660611003637314
  landing: 0.7484022825956345
  view-data: 3.3624910190701485
