times:
  edit-metadata: 1.4267503693699837
  landing: 0.8035622388124466
  view-data: 3.5052797123789787
