times:
  edit-metadata: 1.7054993733763695
  landing: 0.8647293299436569
  view-data: 3.5589027404785156
