times:
  edit-metadata: 1.499858096241951
  landing: 0.8273077309131622
  view-data: 3.3767854683101177
