times:
  edit-metadata: 1.4272576421499252
  landing: 0.800638921558857
  view-data: 3.417860336601734
