times:
  edit-metadata: 1.6120575740933418
  landing: 1.0906258188188076
  view-data: 3.326579298824072
