times:
  edit-metadata: 1.5905721783638
  landing: 0.9061527401208878
  view-data: 3.583273582160473
