times:
  edit-metadata: 1.8014938049018383
  landing: 1.121719315648079
  view-data: 3.3469094559550285
