times:
  edit-metadata: 1.5520300418138504
  landing: 0.9175058901309967
  view-data: 3.4323969408869743
