times:
  edit-metadata: 1.507844053208828
  landing: 0.8093781471252441
  view-data: 3.313096933066845
