times:
  edit-metadata: 1.3859315142035484
  landing: 0.7675473615527153
  view-data: 3.4708464816212654
