times:
  edit-metadata: 1.5028496086597443
  landing: 0.8340112119913101
  view-data: 3.485763728618622
