times:
  edit-metadata: 1.3700025528669357
  landing: 0.8606207296252251
  view-data: 3.526079334318638
