times:
  edit-metadata: 1.4589696526527405
  landing: 0.9254743754863739
  view-data: 3.4564977064728737
