times:
  edit-metadata: 1.439887374639511
  landing: 0.8067130446434021
  view-data: 3.3103652894496918
