times:
  edit-metadata: 1.3990986943244934
  landing: 0.8115635141730309
  view-data: 3.4758011996746063
