times:
  edit-metadata: 1.5293884463608265
  landing: 0.9170045405626297
  view-data: 3.2997535169124603
