times:
  edit-metadata: 1.4940032362937927
  landing: 0.8737480342388153
  view-data: 3.5078811049461365
