times:
  edit-metadata: 1.4225468300282955
  landing: 0.7666188701987267
  view-data: 3.306810174137354
