times:
  edit-metadata: 1.4338368996977806
  landing: 1.0052107721567154
  view-data: 3.393945373594761
