times:
  edit-metadata: 1.4076484814286232
  landing: 0.8299140259623528
  view-data: 3.3872718140482903
