times:
  edit-metadata: 1.5306077003479004
  landing: 0.9044755548238754
  view-data: 3.336982659995556
