times:
  edit-metadata: 1.3914858400821686
  landing: 0.7299662381410599
  view-data: 3.45154769718647
