times:
  edit-metadata: 1.625028733164072
  landing: 1.0550683438777924
  view-data: 3.354006841778755
