times:
  edit-metadata: 1.5541030392050743
  landing: 0.7926211394369602
  view-data: 3.2855377830564976
