times:
  edit-metadata: 1.612961821258068
  landing: 0.9592133387923241
  view-data: 3.413998894393444
