times:
  edit-metadata: 1.4433789104223251
  landing: 0.7919983491301537
  view-data: 3.3957670107483864
