times:
  edit-metadata: 1.5263398922979832
  landing: 0.8291257061064243
  view-data: 3.392561536282301
