times:
  edit-metadata: 1.503785628825426
  landing: 0.8635852709412575
  view-data: 3.322246987372637
