times:
  edit-metadata: 1.412926733493805
  landing: 0.9983219169080257
  view-data: 3.2880253456532955
