times:
  edit-metadata: 1.424279436469078
  landing: 0.76515132188797
  view-data: 3.5298370867967606
