times:
  edit-metadata: 1.47558069601655
  landing: 0.8945163674652576
  view-data: 3.3018406480550766
