times:
  edit-metadata: 1.493362084031105
  landing: 0.8698266446590424
  view-data: 3.442261129617691
