times:
  edit-metadata: 1.397656224668026
  landing: 0.8434445783495903
  view-data: 3.4143740981817245
