times:
  edit-metadata: 1.6843505054712296
  landing: 1.2115671336650848
  view-data: 3.3186888322234154
