times:
  edit-metadata: 1.4491463676095009
  landing: 0.957735188305378
  view-data: 3.3230727575719357
