times:
  edit-metadata: 1.5432632118463516
  landing: 0.8396307528018951
  view-data: 3.7759052962064743
