times:
  edit-metadata: 1.724254459142685
  landing: 1.1782518103718758
  view-data: 3.951865077018738
