times:
  edit-metadata: 1.3878816366195679
  landing: 0.8097169324755669
  view-data: 3.3696611672639847
