times:
  edit-metadata: 1.3965857923030853
  landing: 0.8866079300642014
  view-data: 3.510881334543228
