times:
  edit-metadata: 1.512204334139824
  landing: 0.9595563784241676
  view-data: 3.352477975189686
