times:
  edit-metadata: 2.4109977930784225
  landing: 1.6542845591902733
  view-data: 3.474190227687359
