times:
  edit-metadata: 1.3578026741743088
  landing: 0.8415077850222588
  view-data: 3.4853968769311905
