times:
  edit-metadata: 1.5758274756371975
  landing: 0.8772721290588379
  view-data: 3.3839274011552334
