times:
  edit-metadata: 1.78427155315876
  landing: 1.0660313591361046
  view-data: 3.4561361521482468
