times:
  edit-metadata: 1.3842725940048695
  landing: 0.7921263352036476
  view-data: 3.3020321615040302
