times:
  edit-metadata: 1.4327456429600716
  landing: 0.8018375039100647
  view-data: 3.5224700048565865
