times:
  edit-metadata: 1.4274889305233955
  landing: 0.7949915453791618
  view-data: 3.5305096805095673
