times:
  edit-metadata: 1.4542797356843948
  landing: 0.8332050442695618
  view-data: 3.585121266543865
