times:
  edit-metadata: 1.5074783451855183
  landing: 0.8544141203165054
  view-data: 3.3017852418124676
