times:
  edit-metadata: 1.413137536495924
  landing: 0.8649824410676956
  view-data: 3.3465582877397537
