times:
  edit-metadata: 1.3745789937675
  landing: 0.8046166338026524
  view-data: 3.312026768922806
