times:
  edit-metadata: 1.4913369342684746
  landing: 0.7768455371260643
  view-data: 3.370565429329872
