times:
  edit-metadata: 1.4549479186534882
  landing: 0.8129506334662437
  view-data: 3.425401635468006
