times:
  edit-metadata: 1.4329593107104301
  landing: 0.7655827477574348
  view-data: 3.4433837607502937
