times:
  edit-metadata: 1.500214859843254
  landing: 1.025279238820076
  view-data: 3.372003458440304
