times:
  edit-metadata: 1.3916384875774384
  landing: 0.827399019151926
  view-data: 3.2730583623051643
