times:
  edit-metadata: 1.4027314558625221
  landing: 0.836715929210186
  view-data: 3.419425293803215
