times:
  edit-metadata: 1.4778721183538437
  landing: 0.7585580721497536
  view-data: 3.295726701617241
