times:
  edit-metadata: 1.3773147277534008
  landing: 0.815831795334816
  view-data: 3.3070583902299404
