times:
  edit-metadata: 1.5099749974906445
  landing: 0.8842828571796417
  view-data: 3.3521233648061752
