times:
  edit-metadata: 1.5176463574171066
  landing: 0.7757833823561668
  view-data: 3.570927917957306
