times:
  edit-metadata: 1.51151093095541
  landing: 1.0051221176981926
  view-data: 3.537697359919548
