times:
  edit-metadata: 1.4892576560378075
  landing: 0.812847413122654
  view-data: 3.472083196043968
