times:
  edit-metadata: 1.4377159848809242
  landing: 0.8436073511838913
  view-data: 3.3067911863327026
