times:
  edit-metadata: 1.5008494481444359
  landing: 0.9325034692883492
  view-data: 3.5277897864580154
