times:
  edit-metadata: 1.3964413776993752
  landing: 0.790214829146862
  view-data: 3.418615974485874
