times:
  edit-metadata: 1.7200863808393478
  landing: 0.9402044266462326
  view-data: 3.3212545961141586
