times:
  edit-metadata: 1.8102127015590668
  landing: 0.9579681232571602
  view-data: 3.5001889765262604
