times:
  edit-metadata: 1.384906578809023
  landing: 0.7916250117123127
  view-data: 3.294626884162426
