times:
  edit-metadata: 2.006587218493223
  landing: 1.0905150584876537
  view-data: 3.4620671570301056
