times:
  edit-metadata: 1.5056358724832535
  landing: 0.9529180750250816
  view-data: 3.4853467792272568
