times:
  edit-metadata: 1.3719960078597069
  landing: 0.7286250963807106
  view-data: 3.4023904129862785
