times:
  edit-metadata: 1.4759696871042252
  landing: 0.819467194378376
  view-data: 3.549584746360779
