times:
  edit-metadata: 1.4647318571805954
  landing: 0.8608687147498131
  view-data: 3.5601073279976845
