times:
  edit-metadata: 1.8625505529344082
  landing: 1.4207137003540993
  view-data: 3.7014705948531628
