times:
  edit-metadata: 2.616596758365631
  landing: 1.8465513661503792
  view-data: 3.9153710156679153
