times:
  edit-metadata: 1.4411386586725712
  landing: 0.8467619828879833
  view-data: 3.303543869405985
