times:
  edit-metadata: 1.3782571032643318
  landing: 0.7576181404292583
  view-data: 3.5979859083890915
