times:
  edit-metadata: 1.477563627064228
  landing: 0.8002983331680298
  view-data: 3.4521855041384697
