times:
  edit-metadata: 1.4734182134270668
  landing: 0.8174436837434769
  view-data: 3.306154727935791
