times:
  edit-metadata: 2.1934540271759033
  landing: 1.2048778235912323
  view-data: 3.3483695201575756
