times:
  edit-metadata: 1.7551558390259743
  landing: 1.0927753448486328
  view-data: 3.3443885669112206
