times:
  edit-metadata: 1.4756283089518547
  landing: 0.8521802164614201
  view-data: 3.3338177613914013
