times:
  edit-metadata: 1.4626282043755054
  landing: 0.8390619866549969
  view-data: 3.262615244835615
