times:
  edit-metadata: 1.505720343440771
  landing: 0.8551925159990788
  view-data: 3.3312920182943344
