times:
  edit-metadata: 1.4999895170331001
  landing: 0.8438616245985031
  view-data: 3.350810684263706
