times:
  edit-metadata: 1.460438460111618
  landing: 0.7867916896939278
  view-data: 3.3764491751790047
