times:
  edit-metadata: 1.4462432190775871
  landing: 0.9127717390656471
  view-data: 3.3234005123376846
