times:
  edit-metadata: 2.204589072614908
  landing: 1.2054792195558548
  view-data: 3.7764596939086914
