times:
  edit-metadata: 1.4793953262269497
  landing: 0.801375824958086
  view-data: 3.287924449890852
