times:
  edit-metadata: 1.4611429199576378
  landing: 0.8152700662612915
  view-data: 3.2956669703125954
