times:
  edit-metadata: 1.6928862296044827
  landing: 1.0431658774614334
  view-data: 3.275630224496126
