times:
  edit-metadata: 1.3993326164782047
  landing: 0.8403415493667126
  view-data: 3.316531129181385
