times:
  edit-metadata: 1.4880861937999725
  landing: 0.8314315304160118
  view-data: 3.5126098468899727
