times:
  edit-metadata: 1.4491021558642387
  landing: 0.8201967254281044
  view-data: 3.5466144904494286
