times:
  edit-metadata: 1.4121980369091034
  landing: 0.8349540531635284
  view-data: 3.4688908830285072
