times:
  edit-metadata: 1.397213377058506
  landing: 0.8298693373799324
  view-data: 3.296581707894802
