times:
  edit-metadata: 1.4066822901368141
  landing: 0.8595761358737946
  view-data: 3.2789209485054016
