times:
  edit-metadata: 1.4940829128026962
  landing: 0.9063853919506073
  view-data: 3.3261493258178234
