times:
  edit-metadata: 1.537761352956295
  landing: 0.8452049344778061
  view-data: 3.4756739884614944
