times:
  edit-metadata: 1.6352965757250786
  landing: 1.04882787540555
  view-data: 3.3462257087230682
