times:
  edit-metadata: 1.5234194062650204
  landing: 0.7814463675022125
  view-data: 3.3087743148207664
