times:
  edit-metadata: 1.4861515536904335
  landing: 0.8492063209414482
  view-data: 3.4673670679330826
