times:
  edit-metadata: 1.6267542243003845
  landing: 1.0425697267055511
  view-data: 3.3280777111649513
