times:
  edit-metadata: 1.4247066900134087
  landing: 0.8286537602543831
  view-data: 3.3305358961224556
