times:
  edit-metadata: 1.4335489198565483
  landing: 0.8417103141546249
  view-data: 3.2779335528612137
