times:
  edit-metadata: 1.3713155500590801
  landing: 0.7964751906692982
  view-data: 3.3576874919235706
