times:
  edit-metadata: 1.4366093203425407
  landing: 0.8604794181883335
  view-data: 3.400256723165512
