times:
  edit-metadata: 1.5372941941022873
  landing: 0.855924017727375
  view-data: 3.301287204027176
