times:
  edit-metadata: 1.3355501592159271
  landing: 0.8186419606208801
  view-data: 3.3181497864425182
