times:
  edit-metadata: 1.3657058365643024
  landing: 0.8819054588675499
  view-data: 3.3235336504876614
