times:
  edit-metadata: 1.4590999707579613
  landing: 0.7356036975979805
  view-data: 3.4772368520498276
