times:
  edit-metadata: 1.3252495266497135
  landing: 0.7298356406390667
  view-data: 3.288648411631584
