times:
  edit-metadata: 1.5192352533340454
  landing: 0.8831390850245953
  view-data: 3.3578978665173054
