times:
  edit-metadata: 1.4861296936869621
  landing: 0.7632856145501137
  view-data: 3.525526374578476
