times:
  edit-metadata: 1.356610506772995
  landing: 0.7645499780774117
  view-data: 3.356315314769745
