times:
  edit-metadata: 1.411556027829647
  landing: 0.9162049517035484
  view-data: 3.497992515563965
