times:
  edit-metadata: 1.3864588364958763
  landing: 0.788361445069313
  view-data: 3.4284855872392654
