times:
  edit-metadata: 1.4326048865914345
  landing: 0.7748957127332687
  view-data: 3.2517540752887726
