times:
  edit-metadata: 1.3828568309545517
  landing: 0.747347466647625
  view-data: 3.5424080789089203
