times:
  edit-metadata: 1.4448310658335686
  landing: 0.7830420956015587
  view-data: 3.511368229985237
