times:
  edit-metadata: 1.4102114513516426
  landing: 0.8179958686232567
  view-data: 3.5151953399181366
