times:
  edit-metadata: 1.389321070164442
  landing: 0.8567865937948227
  view-data: 3.3523691557347775
