times:
  edit-metadata: 1.7153496704995632
  landing: 1.2125908620655537
  view-data: 3.3466830402612686
