times:
  edit-metadata: 1.39555449411273
  landing: 0.8200672529637814
  view-data: 3.331419602036476
