times:
  edit-metadata: 1.439896322786808
  landing: 0.7538911551237106
  view-data: 3.4502914994955063
