times:
  edit-metadata: 1.4505373425781727
  landing: 0.8604424111545086
  view-data: 3.2699475437402725
