times:
  edit-metadata: 1.4259475208818913
  landing: 0.7668801620602608
  view-data: 3.261555530130863
