times:
  edit-metadata: 1.6401449963450432
  landing: 0.8088782802224159
  view-data: 3.3405401930212975
