times:
  edit-metadata: 1.4140719138085842
  landing: 0.8381570726633072
  view-data: 3.3442914597690105
