times:
  edit-metadata: 1.4662135317921638
  landing: 0.7980157658457756
  view-data: 3.4380361437797546
