times:
  edit-metadata: 1.4131540432572365
  landing: 0.7905783355236053
  view-data: 3.4914686381816864
