times:
  edit-metadata: 1.511130716651678
  landing: 0.8828359171748161
  view-data: 3.310981683433056
