times:
  edit-metadata: 1.522474929690361
  landing: 0.8147703856229782
  view-data: 3.3392092660069466
