times:
  edit-metadata: 1.4625465124845505
  landing: 0.8233700692653656
  view-data: 3.3506914600729942
