times:
  edit-metadata: 1.3500988148152828
  landing: 0.8886232785880566
  view-data: 3.319440595805645
