times:
  edit-metadata: 1.5639105588197708
  landing: 0.9588788971304893
  view-data: 3.3849777951836586
