times:
  edit-metadata: 1.5952077135443687
  landing: 0.8551554009318352
  view-data: 3.311815109103918
