times:
  edit-metadata: 1.4175418242812157
  landing: 0.7385505884885788
  view-data: 3.4169672280550003
