times:
  edit-metadata: 1.3591784052550793
  landing: 0.8373769968748093
  view-data: 3.3042416349053383
