times:
  edit-metadata: 1.5398501455783844
  landing: 0.9330918565392494
  view-data: 3.311590537428856
