times:
  edit-metadata: 2.4197128042578697
  landing: 1.2731728479266167
  view-data: 3.924341209232807
