times:
  edit-metadata: 1.4245626516640186
  landing: 0.7980254255235195
  view-data: 3.361353885382414
