times:
  edit-metadata: 1.468422070145607
  landing: 0.7866247966885567
  view-data: 3.449137046933174
