times:
  edit-metadata: 1.3986093439161777
  landing: 0.7889987342059612
  view-data: 3.323717538267374
