times:
  edit-metadata: 2.0055960416793823
  landing: 1.200700119137764
  view-data: 3.7821436673402786
