times:
  edit-metadata: 1.4505719617009163
  landing: 0.715910516679287
  view-data: 3.497220754623413
