times:
  edit-metadata: 3.028216704726219
  landing: 1.9779626354575157
  view-data: 3.497438356280327
