times:
  edit-metadata: 1.672050341963768
  landing: 0.9430265054106712
  view-data: 3.3270845487713814
