times:
  edit-metadata: 1.4875081963837147
  landing: 0.886348083615303
  view-data: 3.306217759847641
