times:
  edit-metadata: 1.4968175068497658
  landing: 1.0858175605535507
  view-data: 3.6710007786750793
