times:
  edit-metadata: 1.576399601995945
  landing: 1.1480580903589725
  view-data: 3.365885302424431
