times:
  edit-metadata: 1.4911258295178413
  landing: 0.8312241807579994
  view-data: 3.2778607606887817
