times:
  edit-metadata: 1.7699219584465027
  landing: 0.982858382165432
  view-data: 3.355423264205456
