times:
  edit-metadata: 1.529202826321125
  landing: 0.97292260825634
  view-data: 3.449266143143177
