times:
  edit-metadata: 2.2238462939858437
  landing: 1.193872932344675
  view-data: 3.4093425907194614
