times:
  edit-metadata: 1.43419698625803
  landing: 0.8757801130414009
  view-data: 3.430133104324341
