times:
  edit-metadata: 1.4410633817315102
  landing: 0.8045990020036697
  view-data: 3.470591865479946
