times:
  edit-metadata: 1.4227983132004738
  landing: 0.7845038026571274
  view-data: 3.5168388709425926
