times:
  edit-metadata: 1.4877701848745346
  landing: 0.778584823012352
  view-data: 3.4488103091716766
