times:
  edit-metadata: 1.3815990015864372
  landing: 0.8833137229084969
  view-data: 3.352104030549526
