times:
  edit-metadata: 1.5334962755441666
  landing: 0.8137564584612846
  view-data: 3.450389325618744
