times:
  edit-metadata: 1.5434080064296722
  landing: 0.9408883079886436
  view-data: 3.3457837626338005
