times:
  edit-metadata: 1.4754587896168232
  landing: 0.7818810120224953
  view-data: 3.2774532698094845
