times:
  edit-metadata: 1.4601303040981293
  landing: 0.8097747042775154
  view-data: 3.5428285747766495
