times:
  edit-metadata: 1.355506420135498
  landing: 0.8731284663081169
  view-data: 3.437084436416626
