times:
  edit-metadata: 1.5516046062111855
  landing: 0.7952437028288841
  view-data: 3.512876443564892
