times:
  edit-metadata: 1.4522654935717583
  landing: 0.8363182917237282
  view-data: 3.5274102091789246
