times:
  edit-metadata: 1.6043507233262062
  landing: 0.914651446044445
  view-data: 3.4398477748036385
