times:
  edit-metadata: 1.5928918197751045
  landing: 0.8240532577037811
  view-data: 3.2904379442334175
