times:
  edit-metadata: 1.4115554690361023
  landing: 0.8134140446782112
  view-data: 3.32017020881176
