times:
  edit-metadata: 1.379650466144085
  landing: 0.7700884491205215
  view-data: 3.4389089569449425
