times:
  edit-metadata: 1.4143509343266487
  landing: 0.7916202545166016
  view-data: 3.5009686574339867
