times:
  edit-metadata: 1.3622204214334488
  landing: 0.8550952076911926
  view-data: 3.4582502767443657
