times:
  edit-metadata: 1.4845776334404945
  landing: 0.7805994376540184
  view-data: 3.479670748114586
