times:
  edit-metadata: 1.3320930004119873
  landing: 0.8533940464258194
  view-data: 3.4796214178204536
