times:
  edit-metadata: 1.4236487746238708
  landing: 0.8689573705196381
  view-data: 3.5759441554546356
