times:
  edit-metadata: 1.6076760366559029
  landing: 0.9672132059931755
  view-data: 3.5347726866602898
