times:
  edit-metadata: 1.3795621022582054
  landing: 0.7999769076704979
  view-data: 3.3916421458125114
