times:
  edit-metadata: 1.4899973198771477
  landing: 0.865232340991497
  view-data: 3.4973879978060722
