times:
  edit-metadata: 1.5555541962385178
  landing: 0.8001630157232285
  view-data: 3.516696110367775
