times:
  edit-metadata: 1.3301818370819092
  landing: 0.8241821303963661
  view-data: 3.5779946967959404
