times:
  edit-metadata: 1.4448049888014793
  landing: 0.8100014626979828
  view-data: 3.5067629516124725
