times:
  edit-metadata: 1.373311586678028
  landing: 0.7715511247515678
  view-data: 3.5827297046780586
