times:
  edit-metadata: 1.6384494602680206
  landing: 1.0617777034640312
  view-data: 3.330868639051914
