times:
  edit-metadata: 1.5246794149279594
  landing: 0.790508508682251
  view-data: 3.4741697162389755
