times:
  edit-metadata: 2.1821496561169624
  landing: 1.279860481619835
  view-data: 3.4021433517336845
