times:
  edit-metadata: 1.402655728161335
  landing: 0.8279956802725792
  view-data: 3.3343105614185333
