times:
  edit-metadata: 1.5359743162989616
  landing: 0.8552640527486801
  view-data: 3.322199083864689
