times:
  edit-metadata: 1.6851216480135918
  landing: 0.9037629440426826
  view-data: 3.3183809891343117
