times:
  edit-metadata: 1.475900873541832
  landing: 0.826212465763092
  view-data: 3.4851238057017326
