times:
  edit-metadata: 1.424058347940445
  landing: 0.7813456952571869
  view-data: 3.5631868690252304
