times:
  edit-metadata: 2.36838386207819
  landing: 1.4543661177158356
  view-data: 3.411690130829811
