times:
  edit-metadata: 1.4123351126909256
  landing: 0.7489579617977142
  view-data: 3.4885443821549416
