times:
  edit-metadata: 1.5569298192858696
  landing: 0.7525623813271523
  view-data: 3.4323616474866867
