times:
  edit-metadata: 1.408473514020443
  landing: 0.7940455377101898
  view-data: 3.4369397163391113
