times:
  edit-metadata: 1.4672747105360031
  landing: 0.86838099360466
  view-data: 3.5415828824043274
