times:
  edit-metadata: 1.461922526359558
  landing: 0.7679617181420326
  view-data: 3.465249076485634
