times:
  edit-metadata: 1.456327386200428
  landing: 0.8285995945334435
  view-data: 3.5180902555584908
