times:
  edit-metadata: 1.53670834004879
  landing: 0.9074073433876038
  view-data: 3.5207552760839462
