times:
  edit-metadata: 1.4721664935350418
  landing: 0.7783954814076424
  view-data: 3.520430974662304
