times:
  edit-metadata: 1.5056677386164665
  landing: 0.8547001555562019
  view-data: 3.4243268221616745
