times:
  edit-metadata: 1.3963159993290901
  landing: 0.8366333618760109
  view-data: 3.4697712436318398
