times:
  edit-metadata: 1.5969475209712982
  landing: 1.0160999596118927
  view-data: 3.6144849210977554
