times:
  edit-metadata: 1.4502063244581223
  landing: 0.9385710656642914
  view-data: 3.3655728474259377
