times:
  edit-metadata: 1.4186091795563698
  landing: 0.7683218941092491
  view-data: 3.5322666242718697
