times:
  edit-metadata: 1.5350187867879868
  landing: 0.873506672680378
  view-data: 3.5979343578219414
