times:
  edit-metadata: 1.4162346199154854
  landing: 0.8893763497471809
  view-data: 3.480094149708748
