times:
  edit-metadata: 1.3511686250567436
  landing: 0.7563771307468414
  view-data: 3.4129332080483437
