times:
  edit-metadata: 1.3860154002904892
  landing: 0.9552649036049843
  view-data: 3.457294523715973
