times:
  edit-metadata: 1.371047928929329
  landing: 0.7378634288907051
  view-data: 3.409804791212082
