times:
  edit-metadata: 1.5185126960277557
  landing: 0.8211470991373062
  view-data: 3.5535331442952156
