times:
  edit-metadata: 1.4349090233445168
  landing: 0.8078647926449776
  view-data: 3.4864200353622437
