times:
  edit-metadata: 2.480816826224327
  landing: 1.2639060318470001
  view-data: 3.326315961778164
