times:
  edit-metadata: 1.43336933106184
  landing: 0.8667983561754227
  view-data: 3.295232407748699
