times:
  edit-metadata: 1.4357706382870674
  landing: 0.7600026801228523
  view-data: 3.488737255334854
