times:
  edit-metadata: 1.455753155052662
  landing: 0.7670082524418831
  view-data: 3.5363689810037613
