times:
  edit-metadata: 1.6722885593771935
  landing: 0.9731326177716255
  view-data: 3.5276952162384987
