times:
  edit-metadata: 1.4422964230179787
  landing: 0.8006798475980759
  view-data: 3.3818863853812218
