times:
  edit-metadata: 1.4443554878234863
  landing: 0.76827672123909
  view-data: 3.3678572475910187
