times:
  edit-metadata: 1.541944645345211
  landing: 0.7791081592440605
  view-data: 3.4235495775938034
