times:
  edit-metadata: 1.380752295255661
  landing: 0.7896938771009445
  view-data: 3.389490060508251
