times:
  edit-metadata: 1.5244154781103134
  landing: 0.8419106677174568
  view-data: 3.501451462507248
