times:
  edit-metadata: 1.5917311683297157
  landing: 0.9405757784843445
  view-data: 3.3411415815353394
