times:
  edit-metadata: 1.6712341830134392
  landing: 0.9873878955841064
  view-data: 3.3239612132310867
