times:
  edit-metadata: 1.4024334996938705
  landing: 0.7222385033965111
  view-data: 3.4141271337866783
