times:
  edit-metadata: 2.4802954122424126
  landing: 2.0171058997511864
  view-data: 3.620362438261509
