times:
  edit-metadata: 1.4116092771291733
  landing: 0.7457184940576553
  view-data: 3.5158548653125763
