times:
  edit-metadata: 1.4317272827029228
  landing: 0.7561226189136505
  view-data: 3.440835013985634
