times:
  edit-metadata: 1.3874820172786713
  landing: 0.772246353328228
  view-data: 3.4211320877075195
