times:
  edit-metadata: 1.4294712394475937
  landing: 0.8413029536604881
  view-data: 3.4743092507123947
