times:
  edit-metadata: 1.5030262768268585
  landing: 0.9007010385394096
  view-data: 3.343841902911663
