times:
  edit-metadata: 1.3765576779842377
  landing: 0.7680803313851357
  view-data: 3.472281113266945
