times:
  edit-metadata: 1.7836008220911026
  landing: 1.048543132841587
  view-data: 3.459613621234894
