times:
  edit-metadata: 1.3645886704325676
  landing: 0.8009125739336014
  view-data: 3.490045338869095
