times:
  edit-metadata: 1.4265510812401772
  landing: 0.9491741955280304
  view-data: 3.8152336329221725
