times:
  edit-metadata: 1.4188286438584328
  landing: 0.7958121821284294
  view-data: 3.3956096693873405
