times:
  edit-metadata: 1.72504673153162
  landing: 0.9391077011823654
  view-data: 3.660696141421795
