times:
  edit-metadata: 1.425326719880104
  landing: 0.8741608038544655
  view-data: 3.2791025638580322
