times:
  edit-metadata: 1.4264801070094109
  landing: 0.989166148006916
  view-data: 3.395374245941639
