times:
  edit-metadata: 1.3686133548617363
  landing: 0.7342915311455727
  view-data: 3.4691618606448174
