times:
  edit-metadata: 1.4454666152596474
  landing: 0.7779012992978096
  view-data: 3.4605657979846
