times:
  edit-metadata: 1.3953827396035194
  landing: 0.8074364066123962
  view-data: 3.4470346570014954
