times:
  edit-metadata: 0.5177000947296619
  landing: 0.5763551201671362
  view-data: 0.5867462437599897
