times:
  edit-metadata: 2.3785646078176796
  landing: 0.06470205495133996
  view-data: 0.30645960103720427
