times:
  edit-metadata: 2.4075699518434703
  landing: 0.061172365210950375
  view-data: 0.3253377443179488
