times:
  edit-metadata: 0.6635763309895992
  landing: 0.9332453794777393
  view-data: 0.20765252970159054
