times:
  edit-metadata: 1.5254839975386858
  landing: 1.0003897361457348
  view-data: 3.425505306571722
