times:
  edit-metadata: 1.8294814825057983
  landing: 1.0183525122702122
  view-data: 3.3695137202739716
