times:
  edit-metadata: 1.3143808161839843
  landing: 0.15850322879850864
  view-data: 0.40153722185641527
