times:
  edit-metadata: 0.46988980704918504
  landing: 0.05139169201720506
  view-data: 0.19795485504437238
