times:
  edit-metadata: 0.3986537717282772
  landing: 0.40428019128739834
  view-data: 0.19038033112883568
