times:
  edit-metadata: 1.430448729544878
  landing: 0.8618812346830964
  view-data: 4.414898162707686
