times:
  edit-metadata: 0.5700882095843554
  landing: 0.8307102732360363
  view-data: 0.41974871791899204
