times:
  edit-metadata: 0.44855116307735443
  landing: 0.04512027185410261
  view-data: 0.20345365069806576
