times:
  edit-metadata: 0.5938263777643442
  landing: 0.5966344941407442
  view-data: 0.18584024719893932
