times:
  edit-metadata: 1.5354445725679398
  landing: 0.9481937997043133
  view-data: 3.3848198987543583
