times:
  edit-metadata: 1.56223482824862
  landing: 0.9833670035004616
  view-data: 3.457615613937378
