times:
  edit-metadata: 1.5718851201236248
  landing: 0.9457549825310707
  view-data: 3.3068379759788513
