times:
  edit-metadata: 1.9673329647630453
  landing: 0.5759923979640007
  view-data: 0.7007119469344616
