times:
  edit-metadata: 0.4599754633381963
  landing: 0.05289087304845452
  view-data: 0.19054602878168225
