times:
  edit-metadata: 0.5195119343698025
  landing: 0.6554848812520504
  view-data: 0.20093502663075924
