times:
  edit-metadata: 2.388462545000948
  landing: 0.06734989499091171
  view-data: 0.32440220602438785
