times:
  edit-metadata: 0.46545632800552994
  landing: 0.04466467798920348
  view-data: 0.19280085602076724
