times:
  edit-metadata: 0.44759598607197404
  landing: 0.05164824379608035
  view-data: 0.2095264489762485
