times:
  edit-metadata: 0.4724066689959727
  landing: 0.050089932046830654
  view-data: 0.19336180097889155
