times:
  edit-metadata: 1.472474523819983
  landing: 0.8355474546551704
  view-data: 3.4173779133707285
