times:
  edit-metadata: 1.7546081691980362
  landing: 0.0291284853592515
  view-data: 0.024242491461336613
