times:
  edit-metadata: 1.3033099211752415
  landing: 0.17564397677779198
  view-data: 0.32083303667604923
