times:
  edit-metadata: 2.3921569090452977
  landing: 0.07307162997312844
  view-data: 0.3342025460442528
