times:
  edit-metadata: 1.5677139684557915
  landing: 0.9786371663212776
  view-data: 3.339210379868746
