times:
  edit-metadata: 1.3780579380691051
  landing: 0.023555796593427658
  view-data: 0.3044809475541115
