times:
  edit-metadata: 1.5455553960055113
  landing: 0.7778140287846327
  view-data: 3.3700685668736696
