times:
  edit-metadata: 2.356844414025545
  landing: 0.07107492804061621
  view-data: 0.3399492790340446
