times:
  edit-metadata: 2.4411181889881846
  landing: 0.0695825650182087
  view-data: 0.3262535840040073
