times:
  edit-metadata: 1.6004333104938269
  landing: 0.8282527029514313
  view-data: 3.4383104126900434
