times:
  edit-metadata: 1.290367423556745
  landing: 0.020395382307469845
  view-data: 0.11705124191939831
