times:
  edit-metadata: 0.4787805862724781
  landing: 0.042872488498687744
  view-data: 0.1975412666797638
