times:
  edit-metadata: 2.3820790229947306
  landing: 0.062472714998875745
  view-data: 0.325263355000061
