times:
  edit-metadata: 0.4121721684932709
  landing: 0.7006551809608936
  view-data: 0.2910665534436703
