times:
  edit-metadata: 0.5015215799212456
  landing: 0.07510609924793243
  view-data: 0.20834006322547793
