times:
  edit-metadata: 1.4023572746664286
  landing: 0.23796966671943665
  view-data: 0.2397756539285183
