times:
  edit-metadata: 1.4113283893093467
  landing: 0.16514446586370468
  view-data: 0.204923864454031
