times:
  edit-metadata: 0.4859092839760706
  landing: 0.04657459200825542
  view-data: 0.19836985901929438
