times:
  edit-metadata: 1.5137848481535912
  landing: 0.1443428434431553
  view-data: 0.4494505114853382
