times:
  edit-metadata: 1.8107977360486984
  landing: 1.3124721208587289
  view-data: 3.3674273397773504
