times:
  landing: 0.5458669979999513
  view-data: 0.5521982159999652
