times:
  edit-metadata: 1.5842902809381485
  landing: 0.871320903301239
  view-data: 3.438994124531746
