times:
  edit-metadata: 1.5704632475972176
  landing: 1.003564178943634
  view-data: 3.3510669134557247
