times:
  edit-metadata: 1.5694656120613217
  landing: 0.9670925321988761
  view-data: 3.3983811251819134
