times:
  edit-metadata: 0.5517850276082754
  landing: 0.68283561617136
  view-data: 0.2296380028128624
