times:
  edit-metadata: 0.588754303753376
  landing: 0.37578923627734184
  view-data: 0.18796184845268726
