times:
  edit-metadata: 1.417199119925499
  landing: 0.8938126415014267
  view-data: 3.3059645127505064
