times:
  edit-metadata: 2.381472215987742
  landing: 0.0646218680194579
  view-data: 0.31054922999464907
