times:
  edit-metadata: 1.2955708410590887
  landing: 0.15291610918939114
  view-data: 0.12634097319096327
