times:
  edit-metadata: 0.5365736745297909
  landing: 0.04618753120303154
  view-data: 0.19337638095021248
