times:
  edit-metadata: 0.49934008199488744
  landing: 0.056042221025563776
  view-data: 0.19866466004168615
