times:
  edit-metadata: 1.3142925826832652
  landing: 0.1207282654941082
  view-data: 0.024666916579008102
