times:
  edit-metadata: 0.46574763488024473
  landing: 0.04125295765697956
  view-data: 0.21349947806447744
