times:
  edit-metadata: 1.7524607945233583
  landing: 1.1327704899013042
  view-data: 3.341230258345604
