times:
  edit-metadata: 0.7657747780904174
  landing: 0.17124129831790924
  view-data: 0.25055004097521305
