times:
  edit-metadata: 1.5133313685655594
  landing: 0.30214168690145016
  view-data: 0.4764685779809952
