times:
  edit-metadata: 1.5907411649823189
  landing: 0.7625469230115414
  view-data: 3.36201892234385
