times:
  edit-metadata: 0.40951645700260997
  landing: 0.04593226406723261
  view-data: 0.19930170802399516
