times:
  edit-metadata: 0.6105119027197361
  landing: 0.5725396554917097
  view-data: 0.5976330395787954
