times:
  edit-metadata: 1.4739401284605265
  landing: 0.8177376016974449
  view-data: 3.30074411816895
