times:
  edit-metadata: 0.5003612362779677
  landing: 0.06609428534284234
  view-data: 0.2270325613208115
