times:
  edit-metadata: 2.7788295579957776
  landing: 0.11952247703447938
  view-data: 0.3303043610067107
