times:
  edit-metadata: 1.7050172723829746
  landing: 0.7813314758241177
  view-data: 3.3528281431645155
