times:
  edit-metadata: 2.4839052967727184
  landing: 1.3022988950833678
  view-data: 3.4078478231094778
