times:
  edit-metadata: 1.32058647274971
  landing: 0.022885626181960106
  view-data: 0.025554433465003967
