times:
  edit-metadata: 0.42747145518660545
  landing: 0.04121416248381138
  view-data: 0.20001504197716713
