times:
  edit-metadata: 2.4077053871005774
  landing: 1.396944995969534
  view-data: 3.5836900901049376
