times:
  edit-metadata: 1.3050549533218145
  landing: 0.0223689004778862
  view-data: 0.13702051900327206
