times:
  edit-metadata: 0.4513534780126065
  landing: 0.04963095812126994
  view-data: 0.19732228806242347
