times:
  edit-metadata: 0.501919686794281
  landing: 0.06628165766596794
  view-data: 0.19660602137446404
