times:
  edit-metadata: 1.4917556680738926
  landing: 0.8416221952065825
  view-data: 3.4040867290459573
