times:
  edit-metadata: 1.6095292959362268
  landing: 0.8007343877106905
  view-data: 3.4022582042962313
