times:
  edit-metadata: 0.5290425084531307
  landing: 0.05654473975300789
  view-data: 0.19518394395709038
