times:
  edit-metadata: 0.5334434960968792
  landing: 0.1057960158213973
  view-data: 0.22489591827616096
