times:
  edit-metadata: 0.4233719779876992
  landing: 0.044418336008675396
  view-data: 0.1953857650514692
