times:
  edit-metadata: 1.5869179368019104
  landing: 0.9496869631111622
  view-data: 3.352238055318594
