times:
  landing: 0.5476569009999821
  view-data: 0.5623961320000035
