times:
  edit-metadata: 0.4578750699874945
  landing: 0.04174629700719379
  view-data: 0.20039167799404822
