times:
  edit-metadata: 0.3967009438201785
  landing: 0.048584913834929466
  view-data: 0.19602956483140588
