times:
  edit-metadata: 1.4589006714522839
  landing: 0.7590212309733033
  view-data: 3.3643554067239165
