times:
  edit-metadata: 0.5015981923788786
  landing: 0.5404459368437529
  view-data: 0.1916422601789236
