times:
  edit-metadata: 1.3981143981218338
  landing: 0.8854297436773777
  view-data: 3.292778432369232
