times:
  edit-metadata: 0.49637471139431
  landing: 0.049627967178821564
  view-data: 0.21033326908946037
