times:
  landing: 0.55204353299996
  view-data: 0.5556634760000634
