times:
  edit-metadata: 2.3798996689729393
  landing: 0.06768743204884231
  view-data: 0.31476732809096575
