times:
  edit-metadata: 1.5631730947643518
  landing: 0.7350369822233915
  view-data: 3.348324354737997
