times:
  edit-metadata: 1.4940743874758482
  landing: 0.01908833347260952
  view-data: 0.024807734414935112
