times:
  edit-metadata: 1.5026941541582346
  landing: 0.030941253527998924
  view-data: 0.14181046932935715
