times:
  edit-metadata: 0.4815701129846275
  landing: 0.07579268701374531
  view-data: 0.22527172788977623
