times:
  edit-metadata: 1.3404021440073848
  landing: 0.02267354354262352
  view-data: 0.023368045687675476
