times:
  edit-metadata: 1.3313295189291239
  landing: 0.09725947491824627
  view-data: 0.4400530466809869
