times:
  edit-metadata: 0.5676043070852757
  landing: 0.6791869588196278
  view-data: 0.20082302764058113
