times:
  landing: 1.0749671089999993
  view-data: 0.5493258209999681
