times:
  edit-metadata: 1.2993459915742278
  landing: 0.02356969192624092
  view-data: 0.12525101471692324
