times:
  edit-metadata: 0.48078088369220495
  landing: 0.03911743080243468
  view-data: 0.1907944749109447
