times:
  edit-metadata: 0.4780376353301108
  landing: 0.04122667806223035
  view-data: 0.19624842191115022
