times:
  landing: 0.5554613379999864
  view-data: 0.5587759790000177
