times:
  edit-metadata: 1.7683874443173409
  landing: 1.0491062328219414
  view-data: 3.4013574086129665
