times:
  edit-metadata: 1.353396421065554
  landing: 0.7956234510056674
  view-data: 3.2745780020486563
