times:
  edit-metadata: 2.386454635299742
  landing: 0.056753491051495075
  view-data: 0.32171419030055404
