times:
  edit-metadata: 2.4840705770038767
  landing: 0.09031202999904053
  view-data: 0.4689828970003873
