times:
  edit-metadata: 0.4781908350996673
  landing: 0.05792250111699104
  view-data: 0.1903872829861939
