times:
  edit-metadata: 1.3124144850298762
  landing: 0.0218619080260396
  view-data: 0.1233849860727787
