times:
  edit-metadata: 2.4005758319981396
  landing: 0.06688310019671917
  view-data: 0.3282701657153666
