times:
  edit-metadata: 0.4890632650349289
  landing: 0.04755122493952513
  view-data: 0.1977004890795797
