times:
  edit-metadata: 1.4291003607213497
  landing: 0.8038801662623882
  view-data: 3.2812869250774384
