times:
  edit-metadata: 0.6678871922194958
  landing: 0.6725168637931347
  view-data: 0.19304566644132137
