times:
  edit-metadata: 1.419265765696764
  landing: 0.17415495961904526
  view-data: 0.028049100190401077
