times:
  edit-metadata: 0.539987538009882
  landing: 0.06022938806563616
  view-data: 0.20395440375432372
