times:
  edit-metadata: 2.406576519133523
  landing: 0.07442112918943167
  view-data: 0.3532596321310848
