times:
  edit-metadata: 1.4758736789226532
  landing: 0.9400589242577553
  view-data: 3.334308061748743
