times:
  edit-metadata: 1.701144766062498
  landing: 1.06146851927042
  view-data: 3.3825861252844334
