times:
  edit-metadata: 1.4013843182474375
  landing: 0.020226738415658474
  view-data: 0.12558151315897703
