times:
  edit-metadata: 0.5016462467610836
  landing: 0.047896817326545715
  view-data: 0.19609690085053444
