times:
  edit-metadata: 2.393483875086531
  landing: 0.06884778896346688
  view-data: 0.31921959412284195
