times:
  edit-metadata: 0.5421860599890351
  landing: 0.04920472111552954
  view-data: 0.19374834815971553
