times:
  edit-metadata: 0.5549378208816051
  landing: 0.04762936383485794
  view-data: 0.20129556581377983
