times:
  edit-metadata: 0.7168564340099692
  landing: 0.09078321512788534
  view-data: 0.3061232506297529
