times:
  landing: 0.5576995159999569
  view-data: 0.5539532520000421
