times:
  edit-metadata: 1.4349659578874707
  landing: 0.7542378287762403
  view-data: 3.287166155874729
