times:
  landing: 0.5469925250000074
  view-data: 0.5502818720000278
