times:
  edit-metadata: 0.4647360439412296
  landing: 0.04774625995196402
  view-data: 0.19800639199092984
