times:
  edit-metadata: 1.587461020797491
  landing: 0.9106484614312649
  view-data: 3.443581134080887
