times:
  edit-metadata: 0.460943337995559
  landing: 0.03989584802184254
  view-data: 0.19884514203295112
