times:
  edit-metadata: 4.686532178000107
  landing: 0.12621095800022886
  view-data: 0.4938735120003912
