times:
  edit-metadata: 0.4765129452571273
  landing: 0.0453953230753541
  view-data: 0.18612683657556772
