times:
  edit-metadata: 0.548303568000847
  landing: 0.03546935800113715
  view-data: 0.1979045589978341
