times:
  edit-metadata: 1.5450723078101873
  landing: 0.20535514876246452
  view-data: 0.3467677030712366
