times:
  edit-metadata: 0.5811707060784101
  landing: 0.052571430802345276
  view-data: 0.19885005615651608
