times:
  edit-metadata: 0.458459960995242
  landing: 0.034484360134229064
  view-data: 0.21378537500277162
