times:
  edit-metadata: 2.4329228959977627
  landing: 0.08955082693137228
  view-data: 0.3009319310076535
