times:
  edit-metadata: 1.658255459740758
  landing: 0.8230178747326136
  view-data: 3.43076865747571
