times:
  edit-metadata: 1.5952812060713768
  landing: 0.9500013664364815
  view-data: 3.44598501175642
