times:
  edit-metadata: 1.6059965919703245
  landing: 0.8753914590924978
  view-data: 3.4541180450469255
