times:
  landing: 1.0778900930000646
  view-data: 0.5568107479999753
