times:
  edit-metadata: 2.4881578972563148
  landing: 1.3169668037444353
  view-data: 3.599745591171086
