times:
  edit-metadata: 2.6458215974271297
  landing: 1.5814930833876133
  view-data: 3.5309650115668774
