times:
  edit-metadata: 1.5423747692257166
  landing: 0.7668765112757683
  view-data: 3.394545132294297
