times:
  edit-metadata: 0.5599839221686125
  landing: 0.6864617485553026
  view-data: 0.6036652289330959
