times:
  edit-metadata: 1.341069578193128
  landing: 0.13338888250291348
  view-data: 0.47186542488634586
