times:
  edit-metadata: 1.3195963455364108
  landing: 0.0205931281670928
  view-data: 0.023161154240369797
