times:
  edit-metadata: 1.324103243649006
  landing: 0.018483380787074566
  view-data: 0.10046345554292202
