times:
  edit-metadata: 2.3870382960885763
  landing: 0.0720149427652359
  view-data: 0.4632376632653177
