times:
  edit-metadata: 1.298351620323956
  landing: 0.022520863451063633
  view-data: 0.12486374843865633
