times:
  edit-metadata: 1.581667272374034
  landing: 0.8334119338542223
  view-data: 3.440614376217127
