times:
  edit-metadata: 1.527259161695838
  landing: 0.8016053065657616
  view-data: 3.38414597697556
