times:
  landing: 0.5518415600000139
  view-data: 0.5517185520000112
