times:
  edit-metadata: 0.4714194550178945
  landing: 0.04321433836594224
  view-data: 0.21133370604366064
