times:
  edit-metadata: 0.5547400801442564
  landing: 0.06080302596092224
  view-data: 0.22300307173281908
