times:
  edit-metadata: 1.305241784080863
  landing: 0.021001502871513367
  view-data: 0.09926168341189623
