times:
  edit-metadata: 1.4145671352744102
  landing: 0.018288198858499527
  view-data: 0.1356686744838953
