times:
  edit-metadata: 3.0326766060024966
  landing: 0.1328620470012538
  view-data: 0.4896707830193918
