times:
  edit-metadata: 1.3925067875534296
  landing: 0.14871292002499104
  view-data: 0.023742565885186195
