times:
  edit-metadata: 1.6290058754384518
  landing: 0.8867437839508057
  view-data: 3.447274476289749
