times:
  edit-metadata: 0.602492128033191
  landing: 0.05590857891365886
  view-data: 0.22396330628544092
