times:
  edit-metadata: 1.6735408641397953
  landing: 0.9655994437634945
  view-data: 3.2720240391790867
