times:
  edit-metadata: 2.484308334009256
  landing: 0.057129512017127126
  view-data: 0.344071060011629
