times:
  edit-metadata: 0.4434558213688433
  landing: 0.03838843107223511
  view-data: 0.1960888230241835
