times:
  edit-metadata: 1.530270665884018
  landing: 1.0133050717413425
  view-data: 3.4376192912459373
