times:
  edit-metadata: 2.3960439829388633
  landing: 0.06894579390063882
  view-data: 0.31560902507044375
