times:
  edit-metadata: 0.4540079440921545
  landing: 0.03627314884215593
  view-data: 0.2045697378925979
