times:
  edit-metadata: 1.309996623545885
  landing: 0.18806010484695435
  view-data: 0.2647109106183052
