times:
  edit-metadata: 0.49763695150613785
  landing: 0.05112520232796669
  view-data: 0.19568170234560966
