times:
  edit-metadata: 0.5362473204731941
  landing: 0.04194284975528717
  view-data: 0.19888680800795555
