times:
  landing: 0.5538453510000068
  view-data: 0.5578344239999637
