times:
  edit-metadata: 2.426206266041845
  landing: 0.06801882898434997
  view-data: 0.3249432831071317
