times:
  edit-metadata: 0.5027406997978687
  landing: 1.103044768795371
  view-data: 0.5783749762922525
