times:
  edit-metadata: 0.4983409307897091
  landing: 0.6558162663131952
  view-data: 0.2996584754437208
