times:
  edit-metadata: 1.628226675093174
  landing: 0.9598107971251011
  view-data: 3.4641516879200935
