times:
  edit-metadata: 1.5500586293637753
  landing: 0.7854928113520145
  view-data: 3.396925548091531
