times:
  edit-metadata: 1.3465082431212068
  landing: 0.19832293782383204
  view-data: 0.1186221782118082
