times:
  edit-metadata: 1.3840446751564741
  landing: 0.14361270517110825
  view-data: 0.3267937581986189
