times:
  landing: 1.072325014999933
  view-data: 0.5560231199999635
