times:
  edit-metadata: 0.48878995096310973
  landing: 0.057738999370485544
  view-data: 0.20987774711102247
