times:
  edit-metadata: 0.46185611886903644
  landing: 0.054561448050662875
  view-data: 0.19274793099611998
