times:
  edit-metadata: 1.5550507828593254
  landing: 0.8324650451540947
  view-data: 3.4297530315816402
