times:
  edit-metadata: 1.8921708650887012
  landing: 0.34513807483017445
  view-data: 0.4167672246694565
