times:
  edit-metadata: 1.5834800601005554
  landing: 0.9882048219442368
  view-data: 3.4515942372381687
