times:
  edit-metadata: 1.4594451524317265
  landing: 0.9417300000786781
  view-data: 3.3247388526797295
