times:
  edit-metadata: 0.6123985443264246
  landing: 0.7489431593567133
  view-data: 0.29804875142872334
