times:
  edit-metadata: 1.4610603116452694
  landing: 0.910772105678916
  view-data: 3.371301527135074
