times:
  edit-metadata: 0.460727181751281
  landing: 0.03984779259189963
  view-data: 0.1977117653004825
