times:
  edit-metadata: 0.48019668366760015
  landing: 0.04251669067889452
  view-data: 0.20936320256441832
