times:
  edit-metadata: 1.368492741137743
  landing: 0.022672664374113083
  view-data: 0.1369435340166092
