times:
  edit-metadata: 0.4820331074297428
  landing: 0.051067546010017395
  view-data: 0.19420038908720016
