times:
  edit-metadata: 0.47078099846839905
  landing: 0.04943408351391554
  view-data: 0.2110957009717822
