times:
  edit-metadata: 1.3346947263926268
  landing: 0.019562436267733574
  view-data: 0.025243929587304592
