times:
  edit-metadata: 0.44971010740846395
  landing: 0.037713254801929
  view-data: 0.33073678985238075
