times:
  edit-metadata: 1.6601105108857155
  landing: 0.9545650575309992
  view-data: 3.4507078882306814
