times:
  edit-metadata: 1.3535876106470823
  landing: 0.022050521336495876
  view-data: 0.12271169479936361
