times:
  edit-metadata: 0.4544215480564162
  landing: 0.052802049089223146
  view-data: 0.19201534998137504
