times:
  edit-metadata: 0.6395053099840879
  landing: 0.5749601423740387
  view-data: 0.6054319310933352
