times:
  edit-metadata: 1.5140404887497425
  landing: 0.9456889778375626
  view-data: 3.352386076003313
