times:
  edit-metadata: 1.3813244635239244
  landing: 0.15268938895314932
  view-data: 0.026475662365555763
