times:
  edit-metadata: 1.604146221652627
  landing: 0.8864084705710411
  view-data: 3.3272733129560947
