times:
  landing: 0.5588674929999797
  view-data: 0.5602768019999758
