times:
  edit-metadata: 1.3336534090340137
  landing: 0.01926581095904112
  view-data: 0.12056909967213869
