times:
  edit-metadata: 1.499385379254818
  landing: 0.8425769992172718
  view-data: 3.3619030620902777
