times:
  edit-metadata: 1.377674862742424
  landing: 0.01981029100716114
  view-data: 0.022364642471075058
