times:
  edit-metadata: 1.3735192641615868
  landing: 0.02504749596118927
  view-data: 0.12493784353137016
