times:
  edit-metadata: 0.4856574709992856
  landing: 0.04323209298308939
  view-data: 0.19767307402798906
