times:
  edit-metadata: 2.2187662813812494
  landing: 1.3010822758078575
  view-data: 3.4105335418134928
