times:
  edit-metadata: 1.5094894915819168
  landing: 0.14829353615641594
  view-data: 0.0281270369887352
