times:
  edit-metadata: 0.4126226701773703
  landing: 0.05050034401938319
  view-data: 0.2083472851663828
