times:
  edit-metadata: 0.5285120601765811
  landing: 0.048315539956092834
  view-data: 0.20243360102176666
