times:
  edit-metadata: 1.5181484129279852
  landing: 0.20379173941910267
  view-data: 0.3482981976121664
