times:
  edit-metadata: 1.6005191337317228
  landing: 0.9548389287665486
  view-data: 3.3692484898492694
