times:
  edit-metadata: 1.5327174374833703
  landing: 1.0337455729022622
  view-data: 3.4628086611628532
