times:
  edit-metadata: 1.5556799918413162
  landing: 0.8521297108381987
  view-data: 3.4118194077163935
