times:
  landing: 1.1023809969999547
  view-data: 0.5508637760000283
