times:
  edit-metadata: 1.379016311839223
  landing: 0.22861381992697716
  view-data: 0.14060224406421185
