times:
  edit-metadata: 2.3798749789129943
  landing: 0.06868860498070717
  view-data: 0.31992666400037706
