times:
  edit-metadata: 1.6250036470592022
  landing: 0.8857914507389069
  view-data: 3.432696061208844
