times:
  edit-metadata: 0.47192019096110016
  landing: 0.053976764902472496
  view-data: 0.1950105739524588
