times:
  edit-metadata: 1.5705258809030056
  landing: 1.0261007640510798
  view-data: 3.4017850421369076
