times:
  edit-metadata: 1.5484894320834428
  landing: 1.04908727388829
  view-data: 3.340993027202785
