times:
  edit-metadata: 0.46758795296773314
  landing: 0.040077860932797194
  view-data: 0.1951741479570046
