times:
  edit-metadata: 0.5003989581018686
  landing: 0.46322692185640335
  view-data: 0.1920490637421608
