times:
  edit-metadata: 1.3605482950806618
  landing: 0.019372088834643364
  view-data: 0.2858061473816633
