times:
  edit-metadata: 1.4077878389507532
  landing: 0.020485565066337585
  view-data: 0.02477305941283703
