times:
  edit-metadata: 1.3311106376349926
  landing: 0.021391010843217373
  view-data: 0.10140726529061794
