times:
  edit-metadata: 1.5531792603433132
  landing: 0.9276290014386177
  view-data: 3.377998925745487
