times:
  edit-metadata: 1.6200242461636662
  landing: 0.9687054981477559
  view-data: 3.4271095357835293
