times:
  edit-metadata: 0.4406154180178419
  landing: 0.046536304987967014
  view-data: 0.19937818706966937
