times:
  edit-metadata: 1.3458376829512417
  landing: 0.700962380040437
  view-data: 3.2198464970570058
