times:
  edit-metadata: 0.4394739647395909
  landing: 0.04007390607148409
  view-data: 0.19605417409911752
