times:
  edit-metadata: 1.397015804424882
  landing: 0.019634602591395378
  view-data: 0.13384898751974106
