times:
  edit-metadata: 1.3447782956063747
  landing: 0.1721797790378332
  view-data: 0.12461180053651333
