times:
  edit-metadata: 1.6155961249023676
  landing: 0.1997903324663639
  view-data: 0.16491669416427612
