times:
  edit-metadata: 0.49616050347685814
  landing: 0.042342979460954666
  view-data: 0.19694999605417252
