times:
  edit-metadata: 1.4270625179633498
  landing: 0.8960058446973562
  view-data: 3.3856182945892215
