times:
  edit-metadata: 3.0995029550103936
  landing: 0.1518887339916546
  view-data: 0.33829518998390995
