times:
  edit-metadata: 1.3383973855525255
  landing: 0.1257775966078043
  view-data: 0.3178110122680664
