times:
  edit-metadata: 1.519921351224184
  landing: 0.8925787173211575
  view-data: 3.330912059172988
