times:
  edit-metadata: 2.572213393985294
  landing: 0.06870673794765025
  view-data: 0.3304184509906918
