times:
  edit-metadata: 0.43244438990950584
  landing: 0.03958717081695795
  view-data: 0.1981816296465695
