times:
  edit-metadata: 1.5772730521857738
  landing: 0.852264104411006
  view-data: 3.4157128110527992
