times:
  edit-metadata: 0.5793612226843834
  landing: 0.04296751692891121
  view-data: 0.20124540850520134
