times:
  edit-metadata: 1.3097482295706868
  landing: 0.021292906254529953
  view-data: 0.12201693747192621
