times:
  edit-metadata: 1.5085342228412628
  landing: 0.945516511797905
  view-data: 3.3297737278044224
