times:
  edit-metadata: 0.4539169571362436
  landing: 0.050680076237767935
  view-data: 0.1912441528402269
