times:
  edit-metadata: 0.555186677724123
  landing: 0.04136509448289871
  view-data: 0.19248628616333008
