times:
  edit-metadata: 2.4040257439482957
  landing: 0.06216637906618416
  view-data: 0.3029643010813743
