times:
  edit-metadata: 0.4822511887177825
  landing: 0.07400560472160578
  view-data: 0.3589458139613271
