times:
  edit-metadata: 1.3665432017296553
  landing: 0.025241274386644363
  view-data: 0.1389020700007677
