times:
  edit-metadata: 0.4705813940381631
  landing: 0.043210797011852264
  view-data: 0.19985166296828538
