times:
  edit-metadata: 0.4652975690551102
  landing: 0.04918262083083391
  view-data: 0.33822667272761464
