times:
  edit-metadata: 0.46800118079409003
  landing: 0.04981657583266497
  view-data: 0.200645309407264
