times:
  edit-metadata: 0.469811731018126
  landing: 0.11994268093258142
  view-data: 0.5360229071229696
