times:
  edit-metadata: 0.4145742339314893
  landing: 0.056273996946401894
  view-data: 0.19731316703837365
