times:
  edit-metadata: 1.3826265204697847
  landing: 0.01991891674697399
  view-data: 0.2142745228484273
