times:
  edit-metadata: 0.5302415825426579
  landing: 0.04066336154937744
  view-data: 0.19733748212456703
