times:
  edit-metadata: 2.368476895149797
  landing: 0.07051724009215832
  view-data: 0.3197321076877415
