times:
  edit-metadata: 0.5115445032715797
  landing: 0.04755229502916336
  view-data: 0.1982376091182232
