times:
  edit-metadata: 0.45212248200550675
  landing: 0.048931997967883945
  view-data: 0.18807310587726533
