times:
  edit-metadata: 0.563047606498003
  landing: 0.04609653726220131
  view-data: 0.19332892447710037
