times:
  edit-metadata: 1.6286629177629948
  landing: 0.9628494158387184
  view-data: 3.6225939504802227
