times:
  edit-metadata: 1.3407414387911558
  landing: 0.21150278113782406
  view-data: 0.1401280127465725
