times:
  edit-metadata: 1.55233808234334
  landing: 0.9568582512438297
  view-data: 3.3932808935642242
