times:
  edit-metadata: 0.42201793007552624
  landing: 0.04346022196114063
  view-data: 0.21738173812627792
