times:
  edit-metadata: 0.4524122136645019
  landing: 0.0435795933008194
  view-data: 0.19675137288868427
