times:
  edit-metadata: 0.49708909541368484
  landing: 0.5823725592344999
  view-data: 0.5973192416131496
