times:
  edit-metadata: 1.3707658648490906
  landing: 0.023123789578676224
  view-data: 0.12084039486944675
