times:
  landing: 1.6015053079999575
  view-data: 1.0840970470000002
