times:
  landing: 0.5417224230000102
  view-data: 0.5423732319999317
