times:
  edit-metadata: 0.6346740406006575
  landing: 0.559811033308506
  view-data: 0.2003516610711813
