times:
  edit-metadata: 0.5316370464861393
  landing: 0.04884038120508194
  view-data: 0.19652603566646576
