times:
  edit-metadata: 1.5277750520035625
  landing: 0.8975413753651083
  view-data: 3.372224133927375
