times:
  edit-metadata: 2.4210619470104575
  landing: 0.056237731827422976
  view-data: 0.3146658621262759
