times:
  edit-metadata: 1.3197246110066772
  landing: 0.022490025497972965
  view-data: 0.12479975819587708
