times:
  edit-metadata: 0.49693318305071443
  landing: 0.06320885597961023
  view-data: 0.1994586639921181
