times:
  edit-metadata: 0.4837971683591604
  landing: 0.9031367357820272
  view-data: 0.311220021918416
