times:
  edit-metadata: 0.4540934390388429
  landing: 0.0554219139739871
  view-data: 0.1788738479372114
