times:
  edit-metadata: 1.476490918546915
  landing: 0.8279651068150997
  view-data: 3.418484326452017
