times:
  edit-metadata: 0.5583938267081976
  landing: 0.5800732467323542
  view-data: 0.6124685909599066
