times:
  edit-metadata: 0.47750025475397706
  landing: 0.07953347405418754
  view-data: 0.23293534200638533
