times:
  edit-metadata: 0.46401940099895
  landing: 0.041516438010148704
  view-data: 0.1955776020186022
