times:
  edit-metadata: 0.5051073580980301
  landing: 0.9123098775744438
  view-data: 0.4168001599609852
