times:
  edit-metadata: 0.46873728185892105
  landing: 0.044582946226000786
  view-data: 0.2212992887943983
