times:
  edit-metadata: 0.5522041283547878
  landing: 0.05106903612613678
  view-data: 0.20990125462412834
