times:
  landing: 0.5420041950000041
  view-data: 0.545359340999994
