times:
  edit-metadata: 2.4039644519798458
  landing: 0.06330137606710196
  view-data: 0.32465630513615906
