times:
  edit-metadata: 0.4660386119503528
  landing: 0.041977306944318116
  view-data: 0.19573581201257184
