times:
  landing: 0.5545671200000015
  view-data: 0.5567841199999748
