times:
  edit-metadata: 2.8582468666136265
  landing: 1.47958405315876
  view-data: 3.3785538114607334
