times:
  edit-metadata: 0.41336926026269794
  landing: 0.04217897402122617
  view-data: 0.20212561124935746
