times:
  edit-metadata: 1.6350665036588907
  landing: 0.8009947817772627
  view-data: 3.441245201975107
