times:
  edit-metadata: 1.2860810877755284
  landing: 0.021225196309387684
  view-data: 0.10093189775943756
