times:
  edit-metadata: 1.8739853389561176
  landing: 1.012829627841711
  view-data: 3.3751957938075066
