times:
  edit-metadata: 2.44216456101276
  landing: 0.06018239399418235
  view-data: 0.3360544489696622
