times:
  edit-metadata: 2.1155328368768096
  landing: 0.021205524913966656
  view-data: 0.18509469833225012
