times:
  edit-metadata: 1.3676271568983793
  landing: 0.019382597878575325
  view-data: 0.2644025571644306
