times:
  edit-metadata: 1.9164796425029635
  landing: 1.221538963727653
  view-data: 3.6278036376461387
