times:
  edit-metadata: 1.3973971642553806
  landing: 0.13037077151238918
  view-data: 0.12807204760611057
