times:
  edit-metadata: 0.4028480378910899
  landing: 0.04239099519327283
  view-data: 0.17241236590780318
