times:
  edit-metadata: 1.4403037950396538
  landing: 0.9936023280024529
  view-data: 3.3749413415789604
