times:
  edit-metadata: 1.5009781830012798
  landing: 0.9373739175498486
  view-data: 3.374249491840601
