times:
  landing: 0.5967980249999982
  view-data: 0.5502194979999899
