times:
  edit-metadata: 0.5347126979977475
  landing: 0.055648041001404636
  view-data: 0.20537287900151568
