times:
  edit-metadata: 1.3668277496472
  landing: 0.18471036106348038
  view-data: 0.3162737097591162
