times:
  edit-metadata: 1.6596945989876986
  landing: 0.047789067029953
  view-data: 0.4065852463245392
