times:
  edit-metadata: 0.41145891090855
  landing: 0.0373151833191514
  view-data: 0.18943006405606866
