times:
  edit-metadata: 0.5322743081487715
  landing: 0.04727904684841633
  view-data: 0.2186092371121049
