times:
  edit-metadata: 2.3911007769638672
  landing: 0.05868567992001772
  view-data: 0.3090222830651328
