times:
  edit-metadata: 1.576556509360671
  landing: 0.777406632900238
  view-data: 3.3537430372089148
