times:
  edit-metadata: 0.47408153500873595
  landing: 0.05040614499012008
  view-data: 0.20399266900494695
