times:
  edit-metadata: 1.5248376578092575
  landing: 0.946990616619587
  view-data: 3.3217218182981014
