times:
  edit-metadata: 0.4127559419721365
  landing: 0.047514114528894424
  view-data: 0.2099896278232336
