times:
  edit-metadata: 1.49809982907027
  landing: 0.7842731429263949
  view-data: 3.3323278855532408
