times:
  edit-metadata: 1.3931057900190353
  landing: 0.02195507474243641
  view-data: 0.13230353593826294
