times:
  edit-metadata: 0.4795160870999098
  landing: 0.04989843303337693
  view-data: 0.1885185232385993
