times:
  edit-metadata: 1.4699455508962274
  landing: 0.8192513142712414
  view-data: 3.420021018013358
