times:
  edit-metadata: 0.4859682936221361
  landing: 1.7676263600587845
  view-data: 0.5380215439945459
