times:
  edit-metadata: 1.3599777882918715
  landing: 0.019570511765778065
  view-data: 0.4951131893321872
