times:
  edit-metadata: 1.33696429990232
  landing: 0.019904768094420433
  view-data: 0.024694830179214478
