times:
  landing: 1.078263545000027
  view-data: 0.5626156999999807
