times:
  edit-metadata: 0.5005809371359646
  landing: 0.05156026314944029
  view-data: 0.19964493019506335
