times:
  edit-metadata: 1.7476720800623298
  landing: 0.024633154273033142
  view-data: 0.12870586290955544
