times:
  edit-metadata: 0.443232461810112
  landing: 0.03876673709601164
  view-data: 0.19642229890450835
