times:
  edit-metadata: 1.5801400169730186
  landing: 0.8202121611684561
  view-data: 3.4057306852191687
