times:
  edit-metadata: 0.4138521538116038
  landing: 0.050330806989222765
  view-data: 0.19237127900123596
