times:
  edit-metadata: 1.5665828324854374
  landing: 0.7665705718100071
  view-data: 3.349054304882884
