times:
  edit-metadata: 1.472254665568471
  landing: 0.8407249804586172
  view-data: 3.4380276445299387
