times:
  edit-metadata: 1.3460562340915203
  landing: 0.11632301844656467
  view-data: 0.024957699701189995
