times:
  edit-metadata: 0.43848359398543835
  landing: 0.044127861969172955
  view-data: 0.1970069156959653
