times:
  edit-metadata: 2.471358522074297
  landing: 0.06711632595397532
  view-data: 0.33143440599087626
