times:
  edit-metadata: 0.5075201876461506
  landing: 0.5905371960252523
  view-data: 1.1119500380009413
