times:
  edit-metadata: 1.5613162126392126
  landing: 0.7706549745053053
  view-data: 3.3839219603687525
