times:
  edit-metadata: 1.6704801693558693
  landing: 1.0179222412407398
  view-data: 3.343988999724388
