times:
  landing: 0.5521922810000319
  view-data: 0.5551764030000186
