times:
  edit-metadata: 1.3000984089449048
  landing: 0.020607829093933105
  view-data: 0.27733915857970715
