times:
  edit-metadata: 2.405336402822286
  landing: 0.0668759411200881
  view-data: 0.45447302889078856
