times:
  edit-metadata: 1.462805900722742
  landing: 0.7949042171239853
  view-data: 3.232449848204851
