times:
  edit-metadata: 1.3730235062539577
  landing: 0.12204887717962265
  view-data: 0.10495014488697052
