times:
  edit-metadata: 0.49535297229886055
  landing: 0.040563009679317474
  view-data: 0.20036997646093369
