times:
  landing: 0.5502409819999912
  view-data: 0.5528021129999843
