times:
  edit-metadata: 0.48615801986306906
  landing: 0.054644927848130465
  view-data: 0.19129597605206072
