times:
  edit-metadata: 2.5465910639613867
  landing: 0.04410163685679436
  view-data: 0.05189128592610359
