times:
  edit-metadata: 1.338142590597272
  landing: 0.09288232401013374
  view-data: 0.10597175918519497
