times:
  edit-metadata: 0.41828997409902513
  landing: 0.05653786100447178
  view-data: 0.18654684792272747
