times:
  edit-metadata: 1.3289228836074471
  landing: 0.020617508329451084
  view-data: 0.029286503791809082
