times:
  edit-metadata: 0.42260599113069475
  landing: 0.04557825601659715
  view-data: 0.19816534500569105
