times:
  edit-metadata: 0.5848912000656128
  landing: 1.3260772116482258
  view-data: 0.28612814098596573
