times:
  edit-metadata: 2.4098581890575588
  landing: 0.07384849200025201
  view-data: 0.3178787680808455
