times:
  edit-metadata: 0.4124514488503337
  landing: 0.04887873912230134
  view-data: 0.19999939296394587
