times:
  edit-metadata: 2.44806607440114
  landing: 1.328088779002428
  view-data: 3.6101993955671787
