times:
  edit-metadata: 1.5874261371791363
  landing: 1.0308761857450008
  view-data: 3.421406727284193
