times:
  edit-metadata: 1.3082164395600557
  landing: 0.02244522236287594
  view-data: 0.4112624526023865
