times:
  edit-metadata: 0.534575030207634
  landing: 0.05405518412590027
  view-data: 0.19638463854789734
