times:
  edit-metadata: 0.45539577800082043
  landing: 0.05021052298252471
  view-data: 0.20357033499749377
