times:
  edit-metadata: 0.5776234082877636
  landing: 0.5699467100203037
  view-data: 0.6015087440609932
