times:
  edit-metadata: 1.3637876333668828
  landing: 0.024083412252366543
  view-data: 0.02510946337133646
