times:
  edit-metadata: 1.4632195308804512
  landing: 0.7346368972212076
  view-data: 3.467513285577297
