times:
  landing: 0.555798411000012
  view-data: 0.5561983139999711
