times:
  edit-metadata: 2.944129005074501
  landing: 1.397264577448368
  view-data: 3.442245662212372
