times:
  edit-metadata: 0.45708657056093216
  landing: 2.2001746650785208
  view-data: 1.963618976995349
