times:
  edit-metadata: 1.465343838557601
  landing: 0.022451525554060936
  view-data: 0.35144901275634766
