times:
  edit-metadata: 0.4804235971532762
  landing: 0.04387614200823009
  view-data: 0.19239878398366272
