times:
  edit-metadata: 1.3139752009883523
  landing: 0.018901120871305466
  view-data: 0.028737814165651798
