times:
  edit-metadata: 0.44375746697187424
  landing: 0.047006323002278805
  view-data: 0.19860119512304664
