times:
  edit-metadata: 1.3179162740707397
  landing: 0.2159008402377367
  view-data: 0.024545034393668175
