times:
  edit-metadata: 1.3933855739887804
  landing: 0.7373043808620423
  view-data: 3.2776225660927594
