times:
  edit-metadata: 1.5054726004600525
  landing: 0.8376380316913128
  view-data: 3.3083997555077076
