times:
  edit-metadata: 1.8549173921346664
  landing: 0.980709221214056
  view-data: 3.3577167317271233
