times:
  edit-metadata: 2.461093464982696
  landing: 0.07315584202297032
  view-data: 0.3211728280293755
