times:
  edit-metadata: 0.5427353624254465
  landing: 0.6010210812091827
  view-data: 0.314342875033617
