times:
  edit-metadata: 1.634018175303936
  landing: 0.022525254637002945
  view-data: 0.1447023767977953
