times:
  edit-metadata: 0.4479751088656485
  landing: 0.04564783023670316
  view-data: 0.2020104769617319
