times:
  edit-metadata: 1.3092818651348352
  landing: 0.1261060768738389
  view-data: 0.10094075463712215
