times:
  edit-metadata: 0.5585940405726433
  landing: 0.05010301619768143
  view-data: 0.2023720145225525
