times:
  edit-metadata: 1.4522102754563093
  landing: 0.9078558962792158
  view-data: 3.3107073036953807
