times:
  edit-metadata: 2.401257773861289
  landing: 0.06697886204347014
  view-data: 0.33783305203542113
