times:
  edit-metadata: 0.5261934604495764
  landing: 0.09998147748410702
  view-data: 0.20720835961401463
