times:
  edit-metadata: 0.4757209129165858
  landing: 0.055990580935031176
  view-data: 0.19306976883672178
