times:
  edit-metadata: 1.596635339781642
  landing: 0.7990477047860622
  view-data: 3.440670605748892
