times:
  landing: 0.5508287200000268
  view-data: 0.560441558999969
