times:
  edit-metadata: 1.5966946566477418
  landing: 0.8457533828914165
  view-data: 3.3695017909631133
