times:
  edit-metadata: 1.7970477044582367
  landing: 1.1386913284659386
  view-data: 3.446070794016123
