times:
  edit-metadata: 1.3336576167494059
  landing: 0.1957248207181692
  view-data: 0.12502269819378853
