times:
  edit-metadata: 1.4390943571925163
  landing: 0.020240874961018562
  view-data: 0.10238133184611797
