times:
  edit-metadata: 2.378166207000504
  landing: 0.06772844400074973
  view-data: 0.3371074930000759
