times:
  edit-metadata: 0.6956384479999542
  landing: 0.7311972752213478
  view-data: 0.42541516199707985
