times:
  edit-metadata: 2.4105314440093935
  landing: 0.06851710501359776
  view-data: 0.3292034480255097
