times:
  edit-metadata: 0.43543924018740654
  landing: 1.0326829180121422
  view-data: 0.19158414378762245
