times:
  edit-metadata: 2.4080542599549517
  landing: 0.06750530900899321
  view-data: 0.317893770057708
