times:
  edit-metadata: 0.49057411798276007
  landing: 0.04908272507600486
  view-data: 0.20042202295735478
