times:
  edit-metadata: 1.3388564717024565
  landing: 0.019580858759582043
  view-data: 0.02547966130077839
