times:
  landing: 1.0778690700000197
  view-data: 0.5581126250000352
