times:
  edit-metadata: 0.48782919719815254
  landing: 0.03659086674451828
  view-data: 0.2041008658707142
