times:
  edit-metadata: 0.5186766423285007
  landing: 1.098105002194643
  view-data: 0.5903921164572239
