times:
  edit-metadata: 0.5308167915791273
  landing: 1.1187897641211748
  view-data: 0.6224175225943327
