times:
  edit-metadata: 0.4619854879565537
  landing: 0.044665438937954605
  view-data: 0.20369289093650877
