times:
  edit-metadata: 2.420852579874918
  landing: 0.055474829860031605
  view-data: 0.3088368847966194
