times:
  edit-metadata: 0.5442272908985615
  landing: 0.4725258443504572
  view-data: 0.309802308678627
