times:
  edit-metadata: 1.5465486235916615
  landing: 0.9562017694115639
  view-data: 3.347212255001068
