times:
  edit-metadata: 1.3287642234936357
  landing: 0.8295335192233324
  view-data: 3.2815660927444696
