times:
  landing: 0.5485461519999717
  view-data: 0.5573118869999689
