times:
  edit-metadata: 0.4528131168335676
  landing: 0.044395494274795055
  view-data: 0.21227917913347483
