times:
  edit-metadata: 2.453514032997191
  landing: 0.3104753075167537
  view-data: 0.5112631600350142
