times:
  edit-metadata: 1.4576157024130225
  landing: 0.12988809682428837
  view-data: 0.4467803379520774
