times:
  edit-metadata: 1.4393853768706322
  landing: 0.26754292473196983
  view-data: 0.312694551423192
