times:
  edit-metadata: 0.3998895208351314
  landing: 0.04474448086693883
  view-data: 0.1995315090753138
