times:
  edit-metadata: 1.3424770068377256
  landing: 0.02173038199543953
  view-data: 0.12507878988981247
