times:
  edit-metadata: 2.491318513872102
  landing: 0.05928963306359947
  view-data: 0.3203101879917085
