times:
  edit-metadata: 0.5877481726929545
  landing: 0.06494079483672976
  view-data: 0.20994482189416885
