times:
  edit-metadata: 0.7373965699225664
  landing: 0.6153829451650381
  view-data: 0.19762633927166462
