times:
  edit-metadata: 1.5685911253094673
  landing: 0.7935472950339317
  view-data: 3.4065271764993668
