times:
  edit-metadata: 0.4665592941455543
  landing: 0.043701523914933205
  view-data: 0.21735683409497142
