times:
  edit-metadata: 1.6068729553371668
  landing: 0.8721172418445349
  view-data: 3.4531953278928995
