times:
  edit-metadata: 1.5230199936777353
  landing: 0.9170817751437426
  view-data: 3.361575124785304
