times:
  edit-metadata: 1.360341638326645
  landing: 0.019986954517662525
  view-data: 0.025842257775366306
