times:
  edit-metadata: 1.5737665630877018
  landing: 1.0789994802325964
  view-data: 3.4367006178945303
