times:
  edit-metadata: 0.5310393068939447
  landing: 0.5682717654854059
  view-data: 0.5937877111136913
