times:
  edit-metadata: 1.361998911947012
  landing: 0.22631059400737286
  view-data: 0.31487253680825233
