times:
  edit-metadata: 0.4023867999203503
  landing: 0.05048039369285107
  view-data: 0.20775999827310443
