times:
  edit-metadata: 1.8473490364849567
  landing: 1.0431830137968063
  view-data: 3.3512274250388145
