times:
  landing: 0.5487851980000187
  view-data: 0.5509250110000039
