times:
  edit-metadata: 0.5085941683501005
  landing: 1.3047810159623623
  view-data: 0.3152368273586035
