times:
  edit-metadata: 1.2569250408560038
  landing: 0.18921739794313908
  view-data: 0.15903055295348167
