times:
  edit-metadata: 1.4609175510704517
  landing: 0.915292464196682
  view-data: 3.3246813751757145
