times:
  edit-metadata: 0.4538193619810045
  landing: 0.05301518109627068
  view-data: 0.20242390199564397
