times:
  landing: 0.5488959300000715
  view-data: 0.5544114830001945
