times:
  edit-metadata: 0.6188593804836273
  landing: 0.6400264911353588
  view-data: 0.19740166887640953
