times:
  edit-metadata: 0.45979940600227565
  landing: 0.04848932597087696
  view-data: 0.19105776597280055
