times:
  edit-metadata: 1.2901336578652263
  landing: 0.020339997485280037
  view-data: 0.12574250902980566
