times:
  edit-metadata: 1.3513594176620245
  landing: 0.02240630704909563
  view-data: 0.02621081005781889
