times:
  landing: 0.5552331080000386
  view-data: 0.6033770999999888
