times:
  edit-metadata: 1.6062484961003065
  landing: 0.9133725930005312
  view-data: 3.388732338324189
