times:
  edit-metadata: 2.4257167922332883
  landing: 0.06820041034370661
  view-data: 0.3394536501727998
