times:
  edit-metadata: 1.2834468875080347
  landing: 0.22482392843812704
  view-data: 0.3886639140546322
