times:
  edit-metadata: 1.3480462273582816
  landing: 0.01819966360926628
  view-data: 0.41489601973444223
