times:
  edit-metadata: 0.5300424993038177
  landing: 0.8498136848211288
  view-data: 0.3003802224993706
