times:
  edit-metadata: 1.9474195633083582
  landing: 0.43692537397146225
  view-data: 0.28063464164733887
