times:
  edit-metadata: 1.4721876848489046
  landing: 0.0190151184797287
  view-data: 0.36241142824292183
