times:
  edit-metadata: 2.399361182935536
  landing: 0.06980433198623359
  view-data: 0.31099335197359324
