times:
  edit-metadata: 1.3123650951310992
  landing: 0.023373465053737164
  view-data: 0.024531724862754345
