times:
  landing: 0.554163213000038
  view-data: 0.5568538310000122
