times:
  edit-metadata: 0.5375627875328064
  landing: 0.04506530240178108
  view-data: 0.20129888132214546
