times:
  edit-metadata: 2.4701926570851356
  landing: 0.06950170593336225
  view-data: 0.44600729108788073
