times:
  edit-metadata: 0.5430390164256096
  landing: 0.040596798062324524
  view-data: 0.194414634257555
