times:
  edit-metadata: 2.375618841033429
  landing: 0.06767813209444284
  view-data: 0.3305597030557692
