times:
  edit-metadata: 2.4117158129811287
  landing: 0.0786589419003576
  view-data: 0.31797623890452087
