times:
  edit-metadata: 1.3080793814733624
  landing: 0.02156318724155426
  view-data: 0.025760102085769176
