times:
  edit-metadata: 1.4891265276819468
  landing: 0.1888890266418457
  view-data: 0.02399492636322975
