times:
  edit-metadata: 2.425476649000302
  landing: 0.06404530100007833
  view-data: 0.3366921629999524
