times:
  edit-metadata: 1.4968634229153395
  landing: 0.11643332056701183
  view-data: 0.14693999290466309
