times:
  edit-metadata: 1.3372528040781617
  landing: 0.17219224385917187
  view-data: 0.026859240606427193
