times:
  edit-metadata: 0.5952447708696127
  landing: 0.046788886189460754
  view-data: 0.1808960810303688
