times:
  edit-metadata: 0.7256789267994463
  landing: 0.06204457115381956
  view-data: 0.2091197099070996
