times:
  edit-metadata: 1.3447172306478024
  landing: 0.11214745882898569
  view-data: 0.2592179495841265
