times:
  edit-metadata: 0.40945440996438265
  landing: 0.051152469124644995
  view-data: 0.20169600006192923
