times:
  edit-metadata: 2.5446333810687065
  landing: 0.2854307312518358
  view-data: 0.6635221149772406
