times:
  edit-metadata: 1.8592781499028206
  landing: 1.0267373006790876
  view-data: 3.3710355181246996
