times:
  edit-metadata: 1.5745171010494232
  landing: 0.8858625404536724
  view-data: 3.438380368053913
