times:
  edit-metadata: 0.5423797490075231
  landing: 0.08414495107717812
  view-data: 0.20766640990041196
