times:
  edit-metadata: 0.45062385499477386
  landing: 0.04379917727783322
  view-data: 0.19959081010892987
