times:
  edit-metadata: 1.4841043278574944
  landing: 0.8645799942314625
  view-data: 3.350740134716034
