times:
  edit-metadata: 1.662662785500288
  landing: 0.8617615643888712
  view-data: 3.4747779723256826
