times:
  landing: 0.540349099999986
  view-data: 0.5475795880000192
