times:
  edit-metadata: 1.4471685327589512
  landing: 0.9224254041910172
  view-data: 3.4439466670155525
