times:
  edit-metadata: 0.5514871533960104
  landing: 0.5257059503346682
  view-data: 0.1898402962833643
