times:
  edit-metadata: 0.5010424926877022
  landing: 0.03980434685945511
  view-data: 0.20266250520944595
