times:
  edit-metadata: 0.4075217768549919
  landing: 0.05190463690087199
  view-data: 0.19467525510117412
