times:
  edit-metadata: 0.4810812585055828
  landing: 0.03978803753852844
  view-data: 0.2026374340057373
