times:
  edit-metadata: 1.3413447812199593
  landing: 0.023538446985185146
  view-data: 0.12591573037207127
