times:
  edit-metadata: 0.4664238579571247
  landing: 0.04480564035475254
  view-data: 0.20535404421389103
