times:
  edit-metadata: 1.3217996675521135
  landing: 0.14608496334403753
  view-data: 0.025814331136643887
