times:
  edit-metadata: 1.4070789609104395
  landing: 0.020059464499354362
  view-data: 0.02344837784767151
