times:
  edit-metadata: 0.5801308788359165
  landing: 0.0620683915913105
  view-data: 0.20221399143338203
