times:
  edit-metadata: 0.5141404923051596
  landing: 0.5178725495934486
  view-data: 0.18201790750026703
