times:
  edit-metadata: 2.0449102176353335
  landing: 1.2254511276260018
  view-data: 3.475545270368457
