times:
  edit-metadata: 2.6282534413039684
  landing: 1.3081825114786625
  view-data: 3.6990105509757996
