times:
  edit-metadata: 2.4450396299362183
  landing: 0.06993656698614359
  view-data: 0.3202687380835414
