times:
  edit-metadata: 1.591903856024146
  landing: 0.8579382169991732
  view-data: 3.403633538633585
