times:
  edit-metadata: 2.406050669029355
  landing: 0.06725640734657645
  view-data: 0.31300366623327136
