times:
  edit-metadata: 1.5526384897530079
  landing: 0.7839983645826578
  view-data: 3.3202593624591827
