times:
  edit-metadata: 2.5860520860005636
  landing: 0.06994988399674185
  view-data: 0.4431720320135355
