times:
  edit-metadata: 1.2839650539681315
  landing: 0.018900283612310886
  view-data: 0.43840694054961205
