times:
  edit-metadata: 1.3482590345665812
  landing: 0.01980968564748764
  view-data: 0.12615298386663198
