times:
  edit-metadata: 1.2858910579234362
  landing: 0.09300679992884398
  view-data: 0.4791146330535412
