times:
  edit-metadata: 0.4487096287775785
  landing: 0.03983841883018613
  view-data: 0.23298925394192338
