times:
  edit-metadata: 1.4308224311098456
  landing: 0.8354049851186574
  view-data: 3.3770601339638233
