times:
  edit-metadata: 0.4277687659487128
  landing: 0.05397339118644595
  view-data: 0.2131406250409782
