times:
  edit-metadata: 0.46984699461609125
  landing: 0.04924645368009806
  view-data: 0.20361719280481339
