times:
  landing: 0.5447160100000019
  view-data: 0.5475620459999959
