times:
  edit-metadata: 1.648380421102047
  landing: 0.8499875012785196
  view-data: 3.4501369036734104
