times:
  edit-metadata: 1.5186314824968576
  landing: 0.02111126109957695
  view-data: 0.1246971394866705
