times:
  edit-metadata: 1.4489605501294136
  landing: 0.8467766800895333
  view-data: 3.3810396809130907
