times:
  landing: 0.5815793180000242
  view-data: 0.5460854960000461
