times:
  edit-metadata: 1.2905040634796023
  landing: 0.02205982804298401
  view-data: 0.4879002319648862
