times:
  edit-metadata: 1.51506114192307
  landing: 0.2497231662273407
  view-data: 0.15500064752995968
