times:
  edit-metadata: 1.4684900678694248
  landing: 0.9016247093677521
  view-data: 3.323964148759842
