times:
  edit-metadata: 1.565221194177866
  landing: 1.0035268627107143
  view-data: 3.3785441257059574
