times:
  landing: 1.0684580850000316
  view-data: 0.5601848979999886
