times:
  edit-metadata: 2.387931106146425
  landing: 0.0654592071659863
  view-data: 0.328386127948761
