times:
  edit-metadata: 0.5299544427543879
  landing: 0.3680495712906122
  view-data: 0.2081295270472765
