times:
  edit-metadata: 1.5035065249539912
  landing: 7.747688504867256
  view-data: 3.3853550129570067
