times:
  edit-metadata: 0.48586360609624535
  landing: 0.05018187593668699
  view-data: 0.19307574699632823
