times:
  edit-metadata: 1.5601398721337318
  landing: 0.8005617093294859
  view-data: 3.3712974432855844
