times:
  edit-metadata: 0.5291164703667164
  landing: 0.041098736226558685
  view-data: 0.19988751411437988
