times:
  edit-metadata: 2.379641048144549
  landing: 0.0673327399417758
  view-data: 0.3361438999418169
