times:
  edit-metadata: 1.5589289404451847
  landing: 0.9015937745571136
  view-data: 3.38321216031909
