times:
  edit-metadata: 1.5571752488613129
  landing: 0.7064735144376755
  view-data: 3.284214936196804
