times:
  edit-metadata: 0.48469462199136615
  landing: 0.04046239494346082
  view-data: 0.19941369188018143
