times:
  edit-metadata: 0.4654409228824079
  landing: 0.04304927005432546
  view-data: 0.18598765088245273
