times:
  edit-metadata: 0.4914679517969489
  landing: 0.04185078479349613
  view-data: 0.1975769428536296
