times:
  edit-metadata: 1.7154824994504452
  landing: 1.0648174434900284
  view-data: 3.369715239852667
