times:
  landing: 0.5560853169999973
  view-data: 0.560650361999933
