times:
  edit-metadata: 1.635335847735405
  landing: 0.8092320673167706
  view-data: 3.423484480008483
