times:
  edit-metadata: 1.4460842292755842
  landing: 0.18489845842123032
  view-data: 0.33766219578683376
