times:
  edit-metadata: 1.5120756961405277
  landing: 0.9275895617902279
  view-data: 3.3697339668869972
