times:
  edit-metadata: 1.50693547911942
  landing: 0.8383473586291075
  view-data: 3.3507837913930416
