times:
  edit-metadata: 2.3471521410392597
  landing: 0.06306287308689207
  view-data: 0.32475628703832626
