times:
  landing: 0.553744365
  view-data: 0.5590302080000242
