times:
  edit-metadata: 0.4036496630869806
  landing: 0.04080998804420233
  view-data: 0.2144693867303431
