times:
  edit-metadata: 1.5397706609219313
  landing: 0.9547521015629172
  view-data: 3.424392563290894
