times:
  edit-metadata: 0.4529373808763921
  landing: 0.043374852277338505
  view-data: 0.19702762831002474
