times:
  edit-metadata: 1.299721465446055
  landing: 0.1226996686309576
  view-data: 0.025162366218864918
