times:
  edit-metadata: 1.7271483354270458
  landing: 1.060700811445713
  view-data: 3.4208978824317455
