times:
  landing: 0.5483125509999809
  view-data: 0.5527588389999778
