times:
  edit-metadata: 0.8240378531627357
  landing: 0.052200468024238944
  view-data: 0.27805387508124113
