times:
  edit-metadata: 5.297638326883316
  landing: 2.076717369258404
  view-data: 3.993307400494814
