times:
  edit-metadata: 1.798469515517354
  landing: 0.48943234607577324
  view-data: 0.17648415453732014
