times:
  edit-metadata: 1.481395173817873
  landing: 0.944065909832716
  view-data: 3.365867294371128
