times:
  edit-metadata: 0.5541339707560837
  landing: 0.08883092505857348
  view-data: 0.2141140839084983
