times:
  edit-metadata: 1.601774126291275
  landing: 0.8476787097752094
  view-data: 3.4381995145231485
