times:
  edit-metadata: 0.41926202084869146
  landing: 0.046679269056767225
  view-data: 0.19484634511172771
