times:
  edit-metadata: 1.5595654025673866
  landing: 0.8511131815612316
  view-data: 3.370150389149785
