times:
  edit-metadata: 0.5533878728747368
  landing: 0.05155222490429878
  view-data: 0.1973923295736313
