times:
  edit-metadata: 1.3668479528278112
  landing: 0.23838633112609386
  view-data: 0.15254112519323826
