times:
  edit-metadata: 1.3216890646144748
  landing: 0.1295964065939188
  view-data: 0.02742649894207716
