times:
  edit-metadata: 0.562739260494709
  landing: 0.03838011622428894
  view-data: 0.19372307509183884
