times:
  edit-metadata: 0.42374013998778537
  landing: 0.04701613000361249
  view-data: 0.19869043002836406
