times:
  edit-metadata: 1.5589672029018402
  landing: 6.804414346814156
  view-data: 3.4374153278768063
