times:
  edit-metadata: 1.3798595145344734
  landing: 0.02041121944785118
  view-data: 0.22344538383185863
