times:
  edit-metadata: 0.4500126261264086
  landing: 0.04695282084867358
  view-data: 0.19952045381069183
