times:
  edit-metadata: 2.449498189962469
  landing: 0.06934669602196664
  view-data: 0.32270575198344886
