times:
  edit-metadata: 0.41730472608469427
  landing: 0.03924471791833639
  view-data: 0.1831916228402406
