times:
  edit-metadata: 0.4146062093786895
  landing: 0.040340629406273365
  view-data: 0.20173373771831393
