times:
  landing: 1.072841822999976
  view-data: 0.5459146150000151
