times:
  edit-metadata: 0.4169603721238673
  landing: 0.05003954702988267
  view-data: 0.19374150969088078
