times:
  edit-metadata: 0.441101630916819
  landing: 0.044742440921254456
  view-data: 0.19745820306707174
