times:
  edit-metadata: 1.4719905043020844
  landing: 0.877355863340199
  view-data: 3.3712710263207555
