times:
  edit-metadata: 1.3071419261395931
  landing: 0.022850235924124718
  view-data: 0.13687530532479286
