times:
  edit-metadata: 0.5275336802005768
  landing: 0.04971364140510559
  view-data: 0.196060199290514
