times:
  edit-metadata: 0.523664329200983
  landing: 0.04881049692630768
  view-data: 0.20286550000309944
