times:
  edit-metadata: 0.5572800040245056
  landing: 0.047693684697151184
  view-data: 0.1892387792468071
