times:
  edit-metadata: 1.855359174311161
  landing: 0.7990676686167717
  view-data: 3.359734445810318
