times:
  edit-metadata: 0.56614064052701
  landing: 0.5165156163275242
  view-data: 0.1881450191140175
