times:
  edit-metadata: 1.6285360660403967
  landing: 0.7579907681792974
  view-data: 3.367382599040866
