times:
  landing: 0.5506855679999489
  view-data: 0.5580154140000104
