times:
  edit-metadata: 1.6809329586103559
  landing: 1.017565255984664
  view-data: 3.307156092952937
