times:
  edit-metadata: 0.421978491358459
  landing: 0.04797111824154854
  view-data: 0.20700801257044077
