times:
  edit-metadata: 1.3051560316234827
  landing: 0.1182996891438961
  view-data: 0.11671537067741156
