times:
  edit-metadata: 1.4897537864744663
  landing: 0.8309000721201301
  view-data: 3.3836280200630426
