times:
  edit-metadata: 1.4801011756062508
  landing: 0.7587497569620609
  view-data: 3.437876770272851
