times:
  edit-metadata: 1.7312462572008371
  landing: 0.2821886297315359
  view-data: 0.479532515630126
