times:
  edit-metadata: 0.6921122055500746
  landing: 0.8208431508392096
  view-data: 0.2419065237045288
