times:
  edit-metadata: 1.6032195314764977
  landing: 0.1464919149875641
  view-data: 0.32926299422979355
