times:
  edit-metadata: 1.573754508048296
  landing: 0.996040802448988
  view-data: 3.4307659827172756
