times:
  edit-metadata: 0.47490021598059684
  landing: 0.03631353098899126
  view-data: 0.20009352499619126
