times:
  edit-metadata: 0.39417052175849676
  landing: 0.0400338307954371
  view-data: 0.199735124129802
