times:
  edit-metadata: 0.4446359109133482
  landing: 0.05330728320404887
  view-data: 0.2026291210204363
