times:
  landing: 2.0985728990000325
  view-data: 0.5503479919999563
