times:
  edit-metadata: 2.3941145609132946
  landing: 0.07194680697284639
  view-data: 0.325061117997393
