times:
  edit-metadata: 0.4707696679979563
  landing: 0.8394317366182804
  view-data: 0.30953594110906124
