times:
  edit-metadata: 2.1788024082779884
  landing: 1.073390744626522
  view-data: 3.463323011994362
