times:
  edit-metadata: 0.40817571617662907
  landing: 1.1341071035712957
  view-data: 0.3313390575349331
