times:
  edit-metadata: 0.5528423488140106
  landing: 0.04497895762324333
  view-data: 0.1958654336631298
