times:
  edit-metadata: 1.532533441670239
  landing: 0.9173609409481287
  view-data: 3.3342440836131573
