times:
  edit-metadata: 1.6204662919044495
  landing: 0.9817291107028723
  view-data: 3.3239391520619392
