times:
  edit-metadata: 1.7103200070559978
  landing: 1.0934514701366425
  view-data: 3.379110585898161
