times:
  edit-metadata: 1.4179243949474767
  landing: 0.9030465219402686
  view-data: 3.3125196469482034
