times:
  edit-metadata: 0.5345849078148603
  landing: 0.7112193237990141
  view-data: 0.21008823439478874
