times:
  edit-metadata: 1.9222579970955849
  landing: 1.3048326335847378
  view-data: 3.401145104318857
