times:
  edit-metadata: 1.4476171024143696
  landing: 0.8089918084442616
  view-data: 3.3351599387824535
