times:
  edit-metadata: 0.5798547677695751
  landing: 0.04638758860528469
  view-data: 0.17998353950679302
