times:
  edit-metadata: 0.4469015686772764
  landing: 0.04944772692397237
  view-data: 0.19632750330492854
