times:
  edit-metadata: 1.5607080273330212
  landing: 0.936076458543539
  view-data: 3.3443696685135365
