times:
  edit-metadata: 1.3544357549399137
  landing: 0.020394288934767246
  view-data: 0.049690766260027885
