times:
  edit-metadata: 1.3443503538146615
  landing: 0.022503966465592384
  view-data: 0.3271503718569875
