times:
  edit-metadata: 1.2852778863161802
  landing: 0.020503738895058632
  view-data: 0.12176466919481754
