times:
  landing: 0.5582227410000087
  view-data: 0.5581920399999944
