times:
  edit-metadata: 2.4706801880020066
  landing: 0.06985629900009371
  view-data: 0.32297354400361655
