times:
  edit-metadata: 0.4983888529241085
  landing: 0.04839382995851338
  view-data: 0.19429724919609725
