times:
  landing: 0.5541193420000354
  view-data: 0.5575896180000086
