times:
  edit-metadata: 1.4070226470357738
  landing: 0.293544428946916
  view-data: 0.30213083198759705
