times:
  edit-metadata: 0.5229130773805082
  landing: 0.13542624982073903
  view-data: 0.24118185741826892
