times:
  edit-metadata: 0.479844368994236
  landing: 0.047803091118112206
  view-data: 0.20953714195638895
