times:
  edit-metadata: 1.2924287971109152
  landing: 0.020896769128739834
  view-data: 0.10426974482834339
