times:
  edit-metadata: 0.5779107629787177
  landing: 0.06569404300535098
  view-data: 0.19391487701795995
