times:
  edit-metadata: 1.3652546051889658
  landing: 0.020571839064359665
  view-data: 0.4187632156535983
