times:
  edit-metadata: 0.4351484188809991
  landing: 0.0496414580848068
  view-data: 0.23789905104786158
