times:
  edit-metadata: 4.941928407177329
  landing: 2.051570074632764
  view-data: 4.6396858068183064
