times:
  edit-metadata: 0.43468380346894264
  landing: 0.5166364405304193
  view-data: 0.1918990407139063
