times:
  landing: 1.0728443119999724
  view-data: 0.5549360009999873
