times:
  edit-metadata: 2.3767706750077195
  landing: 0.052135109959635884
  view-data: 0.3085206510149874
