times:
  edit-metadata: 2.914546089945361
  landing: 0.07177173299714923
  view-data: 0.33132370794191957
