times:
  edit-metadata: 1.6212434079498053
  landing: 0.948129091411829
  view-data: 3.4606385845690966
