times:
  edit-metadata: 1.5868171975016594
  landing: 0.9532202631235123
  view-data: 3.425888542085886
