times:
  edit-metadata: 0.6367305424064398
  landing: 3.216348774731159
  view-data: 0.4652899969369173
