times:
  edit-metadata: 1.3930260594934225
  landing: 0.01870466209948063
  view-data: 0.2376919612288475
