times:
  edit-metadata: 0.5362398028373718
  landing: 0.047026775777339935
  view-data: 0.20150111243128777
