times:
  edit-metadata: 0.5144436173141003
  landing: 0.04762667044997215
  view-data: 0.19400836527347565
