times:
  edit-metadata: 1.4320565406233072
  landing: 0.026185747236013412
  view-data: 0.366665979847312
