times:
  edit-metadata: 1.5567989982664585
  landing: 0.8499609418213367
  view-data: 3.3599618822336197
