times:
  edit-metadata: 0.4862211309373379
  landing: 0.036968398839235306
  view-data: 0.1959644816815853
