times:
  edit-metadata: 1.4912837352603674
  landing: 0.020182529464364052
  view-data: 0.327526967972517
