times:
  edit-metadata: 1.349178926087916
  landing: 0.022472389973700047
  view-data: 0.23170753382146358
