times:
  edit-metadata: 0.5396705232560635
  landing: 0.04160771146416664
  view-data: 0.19413502886891365
