times:
  edit-metadata: 0.5248222108930349
  landing: 7.029448544606566
  view-data: 2.1708814576268196
