times:
  landing: 0.5637152880000258
  view-data: 0.5704995339999641
