times:
  edit-metadata: 1.6555679254233837
  landing: 0.7921162582933903
  view-data: 3.3793840687721968
