times:
  edit-metadata: 1.3492924273014069
  landing: 0.24848664738237858
  view-data: 0.12251738272607327
