times:
  edit-metadata: 0.4924651477485895
  landing: 0.6532407440245152
  view-data: 0.36686490289866924
