times:
  edit-metadata: 0.4920068737119436
  landing: 0.04213349521160126
  view-data: 0.20460316725075245
