times:
  edit-metadata: 0.5375744309276342
  landing: 1.259332288056612
  view-data: 0.45199171267449856
