times:
  edit-metadata: 2.9697953779250383
  landing: 1.1700570452958345
  view-data: 3.384587062522769
