times:
  edit-metadata: 1.5112751834094524
  landing: 0.23946436494588852
  view-data: 0.17617541179060936
