times:
  edit-metadata: 1.6305823512375355
  landing: 0.973652109503746
  view-data: 3.376374389976263
