times:
  edit-metadata: 1.5797284953296185
  landing: 0.8031318970024586
  view-data: 3.3966544903814793
