times:
  edit-metadata: 1.4869534196332097
  landing: 0.9228241154924035
  view-data: 3.4759444147348404
