times:
  edit-metadata: 1.607399396598339
  landing: 0.9693308286368847
  view-data: 3.379818584769964
