times:
  edit-metadata: 0.43256539665162563
  landing: 1.5422028489410877
  view-data: 0.35034723579883575
