times:
  edit-metadata: 0.4699385538697243
  landing: 0.051545821130275726
  view-data: 0.18762674182653427
