times:
  edit-metadata: 0.6047286633402109
  landing: 0.5875146053731441
  view-data: 0.19253485836088657
