times:
  edit-metadata: 2.410785835236311
  landing: 1.2311037294566631
  view-data: 3.4665791112929583
