times:
  edit-metadata: 0.404565486125648
  landing: 0.049134349916130304
  view-data: 0.1981782189104706
