times:
  edit-metadata: 1.3586896434426308
  landing: 0.15279275178909302
  view-data: 0.02333652973175049
