times:
  edit-metadata: 0.39185248501598835
  landing: 0.0421334751881659
  view-data: 0.19862050563097
