times:
  edit-metadata: 1.2998463185504079
  landing: 0.2165819425135851
  view-data: 0.4622958730906248
