times:
  edit-metadata: 2.5059848659439012
  landing: 0.05690600606612861
  view-data: 0.33689390996005386
