times:
  edit-metadata: 1.5414202027022839
  landing: 0.23052866756916046
  view-data: 0.14738292805850506
