times:
  edit-metadata: 1.8709836238995194
  landing: 0.3310906747356057
  view-data: 0.2824299084022641
