times:
  edit-metadata: 0.5506076142191887
  landing: 0.04227818176150322
  view-data: 0.19548145681619644
