times:
  edit-metadata: 1.4567281119525433
  landing: 0.8244816288352013
  view-data: 3.2504146359860897
