times:
  edit-metadata: 0.46501296013593674
  landing: 0.03789758309721947
  view-data: 0.19313623383641243
