times:
  edit-metadata: 0.5524505299981683
  landing: 0.09557652496732771
  view-data: 0.3179931379854679
