times:
  edit-metadata: 0.5239458959549665
  landing: 0.4967303555458784
  view-data: 0.4253064151853323
