times:
  edit-metadata: 0.5577233731746674
  landing: 0.7589837741106749
  view-data: 0.2005383912473917
