times:
  edit-metadata: 1.5596846714615822
  landing: 0.8570099845528603
  view-data: 3.3402232341468334
