times:
  edit-metadata: 1.4783469960093498
  landing: 0.9141863686963916
  view-data: 3.480995330028236
