times:
  edit-metadata: 1.5706756077706814
  landing: 1.0395566262304783
  view-data: 3.4080199114978313
