times:
  edit-metadata: 0.5245487503707409
  landing: 0.04559551551938057
  view-data: 0.2000618502497673
