times:
  edit-metadata: 1.664338305592537
  landing: 0.8122315630316734
  view-data: 3.406894575804472
