times:
  edit-metadata: 0.45657196966931224
  landing: 0.04918155260384083
  view-data: 0.20008807396516204
