times:
  edit-metadata: 1.560695268213749
  landing: 0.7988140750676394
  view-data: 3.3854630403220654
