times:
  edit-metadata: 0.46871492615900934
  landing: 0.04591413005255163
  view-data: 0.19276710809208453
