times:
  edit-metadata: 0.5326597224920988
  landing: 1.2050232253968716
  view-data: 0.5334583446383476
