times:
  edit-metadata: 0.5094661638140678
  landing: 0.5736765470355749
  view-data: 0.3217048440128565
