times:
  edit-metadata: 1.3922317922115326
  landing: 0.02164710871875286
  view-data: 0.03120235912501812
