times:
  edit-metadata: 0.5184900052845478
  landing: 0.03998173773288727
  view-data: 0.2006312943994999
