times:
  edit-metadata: 0.49998108111321926
  landing: 0.0729177612811327
  view-data: 0.22229133918881416
