times:
  edit-metadata: 1.4089412540197372
  landing: 0.019722038879990578
  view-data: 0.025443153455853462
