times:
  edit-metadata: 1.5710617117583752
  landing: 0.9501068647950888
  view-data: 3.4486135691404343
