times:
  edit-metadata: 1.5516479909420013
  landing: 0.9271181877702475
  view-data: 3.3459227308630943
