times:
  edit-metadata: 2.412446965005074
  landing: 0.06854855500569101
  view-data: 0.32624085600400576
