times:
  edit-metadata: 1.3550705602392554
  landing: 0.019302692264318466
  view-data: 0.027922149747610092
