times:
  edit-metadata: 0.5289898179471493
  landing: 1.299361426383257
  view-data: 0.24177791364490986
