times:
  edit-metadata: 0.4313197910087183
  landing: 0.048596328939311206
  view-data: 0.19457531406078488
