times:
  edit-metadata: 0.5167293632403016
  landing: 0.10948055423796177
  view-data: 0.20706163020804524
