times:
  edit-metadata: 1.5383917167782784
  landing: 0.7570156790316105
  view-data: 3.385059591382742
