times:
  edit-metadata: 2.3703237699810416
  landing: 0.06998541788198054
  view-data: 0.3319187299348414
