times:
  edit-metadata: 0.612501110881567
  landing: 0.07521516177803278
  view-data: 0.4281494989991188
