times:
  edit-metadata: 1.542948342859745
  landing: 0.2372563350945711
  view-data: 0.1311576198786497
