times:
  edit-metadata: 0.5197680741548538
  landing: 0.063412647228688
  view-data: 0.2939521437510848
