times:
  edit-metadata: 0.513131758198142
  landing: 1.1838117651641369
  view-data: 0.323087302967906
