times:
  edit-metadata: 1.6408536601811647
  landing: 0.17337885685265064
  view-data: 0.14768939837813377
