times:
  landing: 1.0741552970000043
  view-data: 0.553639961999977
