times:
  edit-metadata: 1.2955259289592505
  landing: 0.16871210373938084
  view-data: 0.028063900768756866
