times:
  edit-metadata: 0.44477170892059803
  landing: 0.04484959691762924
  view-data: 0.20747537491843104
