times:
  edit-metadata: 1.6242731623351574
  landing: 0.9221232458949089
  view-data: 3.456309214234352
