times:
  edit-metadata: 1.6648231241852045
  landing: 0.9958637151867151
  view-data: 3.41740769892931
