times:
  edit-metadata: 0.3866963069885969
  landing: 0.04739196505397558
  view-data: 0.2101084259338677
