times:
  edit-metadata: 2.5336674560094252
  landing: 0.05876896600238979
  view-data: 0.33486024499870837
