times:
  edit-metadata: 1.289612959139049
  landing: 0.019476894289255142
  view-data: 0.12191605009138584
