times:
  edit-metadata: 0.5229525999166071
  landing: 0.06607574480585754
  view-data: 0.19020256004296243
