times:
  landing: 1.069383297999991
  view-data: 0.5541415339999958
