times:
  edit-metadata: 1.620198830962181
  landing: 0.8759896978735924
  view-data: 3.4111579842865467
