times:
  edit-metadata: 2.831742766313255
  landing: 0.1251704217866063
  view-data: 0.39427029294893146
