times:
  edit-metadata: 1.5537691544741392
  landing: 0.2517273984849453
  view-data: 0.02722235582768917
