times:
  edit-metadata: 1.5013142148964107
  landing: 0.9163802866823971
  view-data: 3.3272520219907165
