times:
  edit-metadata: 3.0912633660482243
  landing: 0.13112109096255153
  view-data: 0.3220116659649648
