times:
  edit-metadata: 0.6090241130441427
  landing: 0.06085601495578885
  view-data: 0.3191894427873194
