times:
  edit-metadata: 0.42333843605592847
  landing: 0.04160995502024889
  view-data: 0.19804065814241767
