times:
  edit-metadata: 1.6129064112901688
  landing: 0.8789057079702616
  view-data: 0.6234662234783173
