times:
  edit-metadata: 1.4692593649961054
  landing: 0.9801563669461757
  view-data: 3.297797574196011
