times:
  edit-metadata: 0.4806279018521309
  landing: 0.052838490810245275
  view-data: 0.2029626350849867
