times:
  edit-metadata: 1.308648177422583
  landing: 0.1355883525684476
  view-data: 0.09899578895419836
