times:
  edit-metadata: 0.38771161064505577
  landing: 0.7073334250599146
  view-data: 0.29006373696029186
