times:
  edit-metadata: 1.3078140961006284
  landing: 0.021176161244511604
  view-data: 0.11687191110104322
