times:
  edit-metadata: 0.49748921813443303
  landing: 0.07697487995028496
  view-data: 0.19657697714865208
