times:
  edit-metadata: 0.4118419699370861
  landing: 0.5127439554780722
  view-data: 0.2939360439777374
