times:
  edit-metadata: 1.6194253340363503
  landing: 0.8760661445558071
  view-data: 3.336182203143835
