times:
  edit-metadata: 1.288689442910254
  landing: 0.2215819237753749
  view-data: 0.023134593851864338
