times:
  edit-metadata: 1.3354971809312701
  landing: 0.1874754847958684
  view-data: 0.15625751297920942
