times:
  edit-metadata: 0.4373389949905686
  landing: 0.04475348998676054
  view-data: 0.19503236500895582
