times:
  edit-metadata: 1.3155705397948623
  landing: 0.11598960123956203
  view-data: 0.1236163480207324
