times:
  edit-metadata: 0.4423009417951107
  landing: 0.04579069372266531
  view-data: 0.2056539342738688
