times:
  edit-metadata: 0.41603319626301527
  landing: 0.04723057709634304
  view-data: 0.20691583398729563
