times:
  edit-metadata: 0.4664414490107447
  landing: 0.04902739403769374
  view-data: 0.1900813691318035
