times:
  edit-metadata: 0.4518146599875763
  landing: 0.04377822205424309
  view-data: 0.20037453202530742
