times:
  edit-metadata: 1.4929978791624308
  landing: 0.7990534855052829
  view-data: 3.3780796686187387
