times:
  edit-metadata: 0.5039146654307842
  landing: 2.572182349860668
  view-data: 0.5424050744622946
