times:
  edit-metadata: 0.4516998268663883
  landing: 0.05040004709735513
  view-data: 0.19239405309781432
