times:
  edit-metadata: 0.4997808870393783
  landing: 0.05554294609464705
  view-data: 0.18213363690301776
