times:
  edit-metadata: 1.3329302333295345
  landing: 0.018966302275657654
  view-data: 0.3087610211223364
