times:
  edit-metadata: 1.7333240061998367
  landing: 0.8637504950165749
  view-data: 3.38733565248549
