times:
  edit-metadata: 1.325642766430974
  landing: 0.13794837705790997
  view-data: 0.12163232453167439
