times:
  edit-metadata: 0.5330402012914419
  landing: 2.1324928998947144
  view-data: 0.6079146824777126
