times:
  edit-metadata: 3.245992062991718
  landing: 0.11506178500712849
  view-data: 0.5259762300120201
