times:
  edit-metadata: 1.6391827752813697
  landing: 1.0284562213346362
  view-data: 3.3538173297420144
