times:
  edit-metadata: 0.4993945532478392
  landing: 0.05361303873360157
  view-data: 0.19806276774033904
