times:
  edit-metadata: 1.563071385025978
  landing: 0.5339699108153582
  view-data: 0.2612361516803503
