times:
  edit-metadata: 1.441846282221377
  landing: 0.8840764947235584
  view-data: 3.5371583998203278
