times:
  edit-metadata: 1.4153094199718907
  landing: 0.8701971330447122
  view-data: 3.44423435209319
