times:
  edit-metadata: 1.5730036105960608
  landing: 0.023163076490163803
  view-data: 0.02419441193342209
