times:
  edit-metadata: 1.3991326475515962
  landing: 0.8895032657310367
  view-data: 3.392153608612716
