times:
  edit-metadata: 1.3708398435264826
  landing: 0.19679143279790878
  view-data: 0.14516359195113182
