times:
  landing: 0.5467787249999674
  view-data: 0.5479887230000031
