times:
  landing: 1.0821560619999673
  view-data: 0.569083605000003
