times:
  edit-metadata: 0.41162504800013267
  landing: 0.053685489008785225
  view-data: 0.1903909460088471
