times:
  edit-metadata: 1.9074408486485481
  landing: 1.155881904065609
  view-data: 3.4230326525866985
