times:
  edit-metadata: 1.5211234893649817
  landing: 0.8571925610303879
  view-data: 3.4341407641768456
