times:
  edit-metadata: 2.501846624072641
  landing: 0.07517737604212016
  view-data: 0.32256858504842967
