times:
  edit-metadata: 2.8711410574615
  landing: 1.5195678882300854
  view-data: 3.5379695743322372
