times:
  edit-metadata: 2.4368061129935086
  landing: 0.046454891096800566
  view-data: 0.3252468809951097
