times:
  edit-metadata: 1.3653028812259436
  landing: 0.14284762926399708
  view-data: 0.04685763828456402
