times:
  edit-metadata: 1.8671716917306185
  landing: 0.20774533972144127
  view-data: 0.2700895629823208
