times:
  edit-metadata: 0.531890019774437
  landing: 0.6885754596441984
  view-data: 0.23716002702713013
