times:
  edit-metadata: 0.39174739830195904
  landing: 0.04389918688684702
  view-data: 0.1987958187237382
