times:
  edit-metadata: 1.5084649831987917
  landing: 0.8957581822760403
  view-data: 3.3438289701007307
