times:
  edit-metadata: 1.3270155498757958
  landing: 0.020306585356593132
  view-data: 0.02374237310141325
