times:
  edit-metadata: 0.518568032886833
  landing: 0.07766871713101864
  view-data: 0.21919968724250793
