times:
  edit-metadata: 1.5769687462598085
  landing: 0.8196835406124592
  view-data: 3.3582829143851995
