times:
  landing: 0.5557922109999822
  view-data: 0.5511247109999999
