times:
  edit-metadata: 1.7074543610215187
  landing: 0.9777650330215693
  view-data: 3.4695502631366253
