times:
  edit-metadata: 0.4272097429493442
  landing: 0.03524462098721415
  view-data: 0.20290015696082264
