times:
  edit-metadata: 0.4086622968316078
  landing: 0.04729117685928941
  view-data: 0.19817329663783312
