times:
  edit-metadata: 0.4128227010369301
  landing: 0.9154961071908474
  view-data: 0.4175268206745386
