times:
  edit-metadata: 1.487122967839241
  landing: 0.8098910269327462
  view-data: 3.3662174912169576
