times:
  edit-metadata: 0.6741868183016777
  landing: 1.1593662947416306
  view-data: 0.4108641520142555
