times:
  edit-metadata: 1.814314603805542
  landing: 0.892739487811923
  view-data: 3.321363319642842
