times:
  edit-metadata: 1.7984174564480782
  landing: 1.1880443468689919
  view-data: 3.3282887786626816
