times:
  edit-metadata: 1.503891360014677
  landing: 0.9764506332576275
  view-data: 3.7160695157945156
