times:
  edit-metadata: 1.4018294168636203
  landing: 0.8622773317620158
  view-data: 3.356617880985141
