times:
  edit-metadata: 1.3492743391543627
  landing: 0.02234688028693199
  view-data: 0.3284936398267746
