times:
  edit-metadata: 1.4960931241512299
  landing: 0.02116834558546543
  view-data: 0.025816794484853745
