times:
  landing: 0.5741614490000302
  view-data: 0.5565080279999393
