times:
  edit-metadata: 0.6566635969793424
  landing: 0.06374887796118855
  view-data: 0.30575602099997923
