times:
  edit-metadata: 0.4707098137587309
  landing: 0.04212782997637987
  view-data: 0.2091669370420277
