times:
  edit-metadata: 1.3151427414268255
  landing: 0.1276484616100788
  view-data: 0.10176745615899563
