times:
  edit-metadata: 0.5318176476284862
  landing: 0.04858140740543604
  view-data: 0.20038035046309233
