times:
  edit-metadata: 1.6130864433944225
  landing: 1.065482310950756
  view-data: 3.347181849181652
