times:
  edit-metadata: 1.3147654719650745
  landing: 0.10938774794340134
  view-data: 0.027757758274674416
