times:
  edit-metadata: 0.4297371217980981
  landing: 0.04279921390116215
  view-data: 0.20999623648822308
