times:
  edit-metadata: 0.44584733806550503
  landing: 0.04414393287152052
  view-data: 0.19801607634872198
