times:
  landing: 2.166879152879119
  view-data: 0.6107069663703442
