times:
  edit-metadata: 0.45024015894159675
  landing: 0.052374182268977165
  view-data: 0.2038330459035933
