times:
  edit-metadata: 0.4677976199891418
  landing: 0.039879471994936466
  view-data: 0.20159238298947457
