times:
  edit-metadata: 1.7819815948605537
  landing: 0.9937136545777321
  view-data: 3.3007973060011864
