times:
  edit-metadata: 0.42583945905789733
  landing: 0.04377844603732228
  view-data: 0.20051694801077247
