times:
  edit-metadata: 1.4314356334507465
  landing: 0.11701112799346447
  view-data: 0.347101716324687
