times:
  edit-metadata: 1.3872026018798351
  landing: 0.01964126992970705
  view-data: 0.4385340614244342
