times:
  edit-metadata: 0.4737123530358076
  landing: 0.046189439948648214
  view-data: 0.19729873910546303
