times:
  edit-metadata: 0.5001705270260572
  landing: 0.5655231270939112
  view-data: 0.18378805369138718
