times:
  edit-metadata: 0.5511362757533789
  landing: 0.9586965162307024
  view-data: 0.4097966104745865
