times:
  edit-metadata: 0.6957135163247585
  landing: 0.6593020353466272
  view-data: 0.21333609335124493
