times:
  edit-metadata: 0.46905254293233156
  landing: 0.045707148034125566
  view-data: 0.1965783261694014
