times:
  edit-metadata: 1.4873575661331415
  landing: 0.8887177919968963
  view-data: 3.387813585344702
