times:
  edit-metadata: 1.3839755598455667
  landing: 0.7450565993785858
  view-data: 3.2660818938165903
