times:
  landing: 1.0783428250000497
  view-data: 0.5590024709999852
