times:
  edit-metadata: 0.4608521740883589
  landing: 0.057630803203210235
  view-data: 0.18672129698097706
