times:
  edit-metadata: 0.48900963505730033
  landing: 0.058940564980730414
  view-data: 0.19082555803470314
