times:
  edit-metadata: 1.7510690353810787
  landing: 0.2710792161524296
  view-data: 0.38215717673301697
