times:
  edit-metadata: 2.4416911099106073
  landing: 0.06806460302323103
  view-data: 0.3053716339636594
