times:
  edit-metadata: 1.3089037099853158
  landing: 0.019244490191340446
  view-data: 0.36163654644042253
