times:
  edit-metadata: 1.519599205814302
  landing: 0.8486675377935171
  view-data: 3.3592986967414618
