times:
  landing: 0.557924608999997
  view-data: 0.5623727090000443
