times:
  edit-metadata: 2.3566531979013234
  landing: 0.0672098349314183
  view-data: 0.29077190184034407
