times:
  edit-metadata: 0.49691531501594
  landing: 0.03700388199649751
  view-data: 0.20025586400879547
