times:
  edit-metadata: 1.5007007119711488
  landing: 0.9060564949177206
  view-data: 3.3995060429442674
