times:
  edit-metadata: 1.3289918471127748
  landing: 0.15545620117336512
  view-data: 0.09503818955272436
