times:
  edit-metadata: 0.4393475307151675
  landing: 0.047712808940559626
  view-data: 0.20586131932213902
