times:
  edit-metadata: 2.421955734025687
  landing: 0.07305570703465492
  view-data: 0.3163844970986247
