times:
  edit-metadata: 1.306403759866953
  landing: 0.02178239542990923
  view-data: 0.02620976883918047
