times:
  edit-metadata: 1.6300420984625816
  landing: 1.1168560981750488
  view-data: 3.3912707082927227
