times:
  edit-metadata: 1.5619280878454447
  landing: 0.9377226773649454
  view-data: 3.2886333148926497
