times:
  edit-metadata: 0.47112912696320564
  landing: 0.04747311898972839
  view-data: 0.19368926994502544
