times:
  edit-metadata: 1.4762396290898323
  landing: 0.8984021432697773
  view-data: 3.400060284882784
