times:
  edit-metadata: 0.5411870144307613
  landing: 1.1258781012147665
  view-data: 0.18630521558225155
