times:
  edit-metadata: 0.5096204169094563
  landing: 0.05131511390209198
  view-data: 0.20264140143990517
