times:
  edit-metadata: 0.43629435589537024
  landing: 0.05011063488200307
  view-data: 0.19368109991773963
