times:
  edit-metadata: 0.5208512842655182
  landing: 0.040001388639211655
  view-data: 0.19797812402248383
