times:
  edit-metadata: 1.6111717112362385
  landing: 0.78573277592659
  view-data: 3.3918117694556713
