times:
  edit-metadata: 4.061005745083094
  landing: 1.3312348537147045
  view-data: 3.4430387690663338
