times:
  edit-metadata: 0.5951516379136592
  landing: 0.05232844618149102
  view-data: 0.19195115193724632
