times:
  edit-metadata: 1.6475095115602016
  landing: 0.9032863490283489
  view-data: 3.388428073376417
