times:
  edit-metadata: 2.44886187906377
  landing: 0.06478782196063548
  view-data: 0.2997808149084449
