times:
  edit-metadata: 2.7386302989907563
  landing: 0.08100132399704307
  view-data: 0.4043549360940233
