times:
  edit-metadata: 1.3013167576864362
  landing: 0.021932012401521206
  view-data: 0.12420308031141758
