times:
  edit-metadata: 0.44667542818933725
  landing: 0.047584467101842165
  view-data: 0.20456865103915334
