times:
  edit-metadata: 0.4484520931728184
  landing: 0.0503800380975008
  view-data: 0.18687536497600377
