times:
  edit-metadata: 0.4740413250401616
  landing: 0.04835223127156496
  view-data: 0.20352104771882296
