times:
  edit-metadata: 1.4757317509502172
  landing: 0.24200773052871227
  view-data: 0.23891378566622734
