times:
  edit-metadata: 1.6288870628923178
  landing: 0.7553975638002157
  view-data: 3.4046873450279236
