times:
  edit-metadata: 0.5844174809753895
  landing: 0.9066735487431288
  view-data: 0.2947712019085884
