times:
  edit-metadata: 0.6669881381094456
  landing: 0.5585764795541763
  view-data: 0.1837246548384428
