times:
  edit-metadata: 1.621555281803012
  landing: 0.7633432862348855
  view-data: 3.3244293653406203
