times:
  edit-metadata: 0.4694709819741547
  landing: 0.053269810043275356
  view-data: 0.1926159809809178
