times:
  landing: 0.5498493720000397
  view-data: 0.5510489540000663
