times:
  edit-metadata: 1.3162103071808815
  landing: 0.14101309049874544
  view-data: 0.12192277889698744
