times:
  edit-metadata: 1.391389673575759
  landing: 0.018664764240384102
  view-data: 0.1974065313115716
