times:
  edit-metadata: 0.5997580550611019
  landing: 0.04883991926908493
  view-data: 0.20458457618951797
