times:
  edit-metadata: 0.43769219471141696
  landing: 0.040564354974776506
  view-data: 0.21025384683161974
