times:
  edit-metadata: 1.7280415557324886
  landing: 0.8999933116137981
  view-data: 3.372086212038994
