times:
  edit-metadata: 1.862181767821312
  landing: 1.154401756823063
  view-data: 3.4052667804062366
