times:
  landing: 1.0735171669999772
  view-data: 0.5560897709999608
