times:
  edit-metadata: 0.5214759334921837
  landing: 0.05013178661465645
  view-data: 0.20384551212191582
