times:
  edit-metadata: 0.5312526002526283
  landing: 0.6746683102101088
  view-data: 0.3107155878096819
