times:
  edit-metadata: 1.5516792649868876
  landing: 1.9520993160549551
  view-data: 3.354605505010113
