times:
  edit-metadata: 1.3386056944727898
  landing: 0.22889437153935432
  view-data: 0.3386498689651489
