times:
  landing: 1.077539354999999
  view-data: 0.5611110440000289
