times:
  edit-metadata: 1.2962725199759007
  landing: 0.1965766903012991
  view-data: 0.02285013534128666
