times:
  edit-metadata: 0.4588541369885206
  landing: 0.04913904797285795
  view-data: 0.21635837794747204
