times:
  edit-metadata: 1.2841024994850159
  landing: 0.02201718743890524
  view-data: 0.13114179018884897
