times:
  edit-metadata: 0.4038049206137657
  landing: 0.04327103868126869
  view-data: 0.20710211619734764
