times:
  edit-metadata: 1.4316483652219176
  landing: 0.8433233825489879
  view-data: 3.3849138701334596
