times:
  edit-metadata: 1.5924856439232826
  landing: 0.974393118172884
  view-data: 3.416174750775099
