times:
  edit-metadata: 1.3624323466792703
  landing: 0.20047610998153687
  view-data: 0.10319511592388153
