times:
  edit-metadata: 1.607517559081316
  landing: 0.8556840680539608
  view-data: 3.384804829955101
