times:
  edit-metadata: 1.6844201274216175
  landing: 0.8391636237502098
  view-data: 3.4276255909353495
