times:
  landing: 0.5624287050000021
  view-data: 0.5488910959999771
