times:
  edit-metadata: 1.4902102909982204
  landing: 0.8651449717581272
  view-data: 3.3940905183553696
