times:
  edit-metadata: 0.450788801535964
  landing: 0.04401484876871109
  view-data: 0.20412879716604948
