times:
  edit-metadata: 0.7260426108259708
  landing: 0.05107051716186106
  view-data: 0.18721813801676035
