times:
  edit-metadata: 2.4425072870217264
  landing: 0.07063668221235275
  view-data: 0.4446267019957304
