times:
  edit-metadata: 2.3990059920033673
  landing: 0.06743332599580754
  view-data: 0.32550694300152827
