times:
  edit-metadata: 1.7025019470602274
  landing: 0.9534938391298056
  view-data: 3.454408623278141
