times:
  edit-metadata: 1.4275273480452597
  landing: 1.237234535976313
  view-data: 3.279724042979069
