times:
  edit-metadata: 1.492549255490303
  landing: 0.9266069382429123
  view-data: 3.3730155266821384
