times:
  edit-metadata: 0.6008651959709823
  landing: 0.05677789822220802
  view-data: 0.31898119719699025
