times:
  edit-metadata: 0.3987166229635477
  landing: 0.6113230045884848
  view-data: 0.3007538840174675
