times:
  edit-metadata: 1.3436060473322868
  landing: 0.01924737822264433
  view-data: 0.47272194270044565
