times:
  edit-metadata: 1.467542938888073
  landing: 0.024328259751200676
  view-data: 0.3455556519329548
