times:
  landing: 0.5462190870000541
  view-data: 0.5489624860000504
