times:
  edit-metadata: 0.42597674392163754
  landing: 0.05145084299147129
  view-data: 0.20761550310999155
