times:
  edit-metadata: 1.3817115630954504
  landing: 0.020078139379620552
  view-data: 0.1473983060568571
