times:
  edit-metadata: 0.4469828149303794
  landing: 0.05356372194364667
  view-data: 0.19651368912309408
