times:
  edit-metadata: 1.5786235593259335
  landing: 0.7885762229561806
  view-data: 3.407526919618249
