times:
  edit-metadata: 2.121600730344653
  landing: 0.30509820207953453
  view-data: 0.21263448148965836
