times:
  edit-metadata: 0.5338888913393021
  landing: 0.042087264358997345
  view-data: 0.20114120841026306
