times:
  edit-metadata: 1.393157560378313
  landing: 0.13306333497166634
  view-data: 0.026455383747816086
