times:
  edit-metadata: 1.4069648254662752
  landing: 0.8209719164296985
  view-data: 3.3574067037552595
