times:
  edit-metadata: 0.4204336442053318
  landing: 0.042333134450018406
  view-data: 0.19914986658841372
