times:
  edit-metadata: 1.3997559677809477
  landing: 0.019805578514933586
  view-data: 0.023780666291713715
