times:
  edit-metadata: 1.4400568902492523
  landing: 0.8107562065124512
  view-data: 3.3519802168011665
