times:
  edit-metadata: 0.4835175443440676
  landing: 0.049675412476062775
  view-data: 0.20874931383877993
