times:
  edit-metadata: 0.4172638729214668
  landing: 0.055778326001018286
  view-data: 0.1988141778856516
