times:
  edit-metadata: 1.4251517499797046
  landing: 0.7858618670143187
  view-data: 3.307999297976494
