times:
  edit-metadata: 0.5603591930121183
  landing: 0.5572420842945576
  view-data: 0.1959468200802803
