times:
  edit-metadata: 2.369032818998676
  landing: 0.0629054410092067
  view-data: 0.3331935290188994
