times:
  edit-metadata: 2.6483598090708256
  landing: 1.205675147473812
  view-data: 3.440039575099945
