times:
  edit-metadata: 1.3587117800489068
  landing: 0.7827859451062977
  view-data: 3.258125053020194
