times:
  edit-metadata: 2.1767075527459383
  landing: 1.0657123234122992
  view-data: 3.6827853098511696
