times:
  edit-metadata: 0.48510340973734856
  landing: 0.08182366099208593
  view-data: 0.30548895290121436
