times:
  landing: 0.5415007409999362
  view-data: 0.5435443400000395
