times:
  edit-metadata: 2.3507823199033737
  landing: 1.5199809707701206
  view-data: 3.467807274311781
