times:
  edit-metadata: 2.4181133689126
  landing: 0.0613316249800846
  view-data: 0.32042763801291585
