times:
  edit-metadata: 5.5875060968101025
  landing: 2.534996474161744
  view-data: 4.396056704223156
