times:
  edit-metadata: 0.499577347189188
  landing: 0.041021786630153656
  view-data: 0.19253496825695038
