times:
  edit-metadata: 1.6372934095561504
  landing: 0.9157592318952084
  view-data: 3.3169125951826572
