times:
  edit-metadata: 1.500850445125252
  landing: 0.7858994700945914
  view-data: 3.3136348840780556
