times:
  edit-metadata: 1.4929024502635002
  landing: 0.7114593237638474
  view-data: 3.32102719694376
