times:
  edit-metadata: 1.587318904697895
  landing: 0.8467155676335096
  view-data: 3.4089244212955236
