times:
  edit-metadata: 0.507595082744956
  landing: 0.5237299613654613
  view-data: 0.1932336948812008
