times:
  edit-metadata: 0.5262252110987902
  landing: 0.8641814459115267
  view-data: 0.32261561043560505
