times:
  edit-metadata: 0.42868564097443596
  landing: 0.046292736020404845
  view-data: 0.1876895609893836
