times:
  edit-metadata: 1.6956015266478062
  landing: 0.25128357857465744
  view-data: 0.49495244584977627
