times:
  edit-metadata: 1.2972557377070189
  landing: 0.022789097391068935
  view-data: 0.43690218683332205
