times:
  edit-metadata: 1.3949749721214175
  landing: 0.800623694434762
  view-data: 3.2788085006177425
