times:
  edit-metadata: 1.8053715638816357
  landing: 1.0886571444571018
  view-data: 3.3798981979489326
