times:
  edit-metadata: 1.7009097151458263
  landing: 1.0980693027377129
  view-data: 3.3605199493467808
