times:
  edit-metadata: 1.7258343137800694
  landing: 1.146370142698288
  view-data: 3.3524964675307274
