times:
  edit-metadata: 0.5119871570004761
  landing: 0.04101209899999958
  view-data: 0.20045477799976652
