times:
  edit-metadata: 1.3513971026986837
  landing: 0.020506583154201508
  view-data: 0.10385717637836933
