times:
  edit-metadata: 0.5364492870867252
  landing: 0.6194772254675627
  view-data: 0.19424766674637794
