times:
  edit-metadata: 1.305504610762
  landing: 0.020207051187753677
  view-data: 0.09890126623213291
