times:
  edit-metadata: 0.48974451795220375
  landing: 0.052545798011124134
  view-data: 0.2652719998732209
