times:
  edit-metadata: 0.5185608882457018
  landing: 1.1820424236357212
  view-data: 0.5375205166637897
