times:
  edit-metadata: 0.5300904028117657
  landing: 0.7382229119539261
  view-data: 0.2995508722960949
