times:
  edit-metadata: 1.3100084410980344
  landing: 0.22116143722087145
  view-data: 0.025055497884750366
