times:
  edit-metadata: 1.281666119582951
  landing: 0.02097425516694784
  view-data: 0.1010369649156928
