times:
  edit-metadata: 1.5830300264060497
  landing: 0.9463381804525852
  view-data: 3.305149968713522
