times:
  edit-metadata: 1.6203382480889559
  landing: 0.9256537463515997
  view-data: 3.3482389245182276
