times:
  edit-metadata: 1.4439844619482756
  landing: 0.1999824084341526
  view-data: 0.13976753689348698
