times:
  edit-metadata: 1.462078731507063
  landing: 0.77699214220047
  view-data: 3.2685349509119987
