times:
  edit-metadata: 0.41040383372455835
  landing: 0.04313975805416703
  view-data: 0.21267544105648994
