times:
  edit-metadata: 1.3294515050947666
  landing: 0.7420780640095472
  view-data: 3.31295757368207
