times:
  edit-metadata: 0.4775625579059124
  landing: 0.04717514989897609
  view-data: 0.2097155600786209
