times:
  edit-metadata: 0.4006600258871913
  landing: 0.04829269694164395
  view-data: 0.19708732096478343
