times:
  edit-metadata: 1.4067972106859088
  landing: 0.1143998522311449
  view-data: 0.33488151617348194
