times:
  edit-metadata: 1.4392251148819923
  landing: 0.8927510380744934
  view-data: 3.510685972869396
