times:
  edit-metadata: 1.4370303303003311
  landing: 0.8900661394000053
  view-data: 3.371804788708687
