times:
  edit-metadata: 1.4324968606233597
  landing: 0.80797228962183
  view-data: 3.4948126524686813
