times:
  edit-metadata: 1.4515298530459404
  landing: 0.8209507316350937
  view-data: 3.438653163611889
