times:
  edit-metadata: 1.4422614574432373
  landing: 0.8569259122014046
  view-data: 3.532692775130272
