times:
  edit-metadata: 1.4114471152424812
  landing: 0.8362202644348145
  view-data: 0.9348570853471756
