times:
  edit-metadata: 1.5275173112750053
  landing: 0.8465328812599182
  view-data: 0.5355265811085701
