times:
  edit-metadata: 1.4465332850813866
  landing: 0.7499618157744408
  view-data: 3.4561836197972298
