times:
  edit-metadata: 1.431326687335968
  landing: 0.7346548363566399
  view-data: 3.4787086993455887
