times:
  edit-metadata: 1.4317174479365349
  landing: 0.7218942046165466
  view-data: 3.439767360687256
