times:
  edit-metadata: 1.3807227090001106
  landing: 0.8583714962005615
  view-data: 3.6070790141820908
