times:
  edit-metadata: 1.598376303911209
  landing: 0.9235435798764229
  view-data: 3.555257387459278
