times:
  edit-metadata: 1.3582157045602798
  landing: 0.7370820716023445
  view-data: 3.4408102706074715
