times:
  edit-metadata: 1.4421536475419998
  landing: 0.8940385952591896
  view-data: 3.4746610671281815
