times:
  edit-metadata: 1.3594671934843063
  landing: 0.7871455401182175
  view-data: 3.470015123486519
