times:
  edit-metadata: 1.3008629977703094
  landing: 0.843839131295681
  view-data: 3.55935537815094
