times:
  edit-metadata: 1.5578093007206917
  landing: 0.7420743778347969
  view-data: 3.4910725876688957
