times:
  edit-metadata: 1.671492449939251
  landing: 1.17064268887043
  view-data: 3.7319531068205833
