times:
  edit-metadata: 1.4036892130970955
  landing: 0.7462633028626442
  view-data: 3.4968597441911697
