times:
  edit-metadata: 1.3846026211977005
  landing: 0.8250567838549614
  view-data: 3.4619301110506058
