times:
  edit-metadata: 1.4178656786680222
  landing: 0.8661061599850655
  view-data: 3.4416330754756927
