times:
  edit-metadata: 1.5308875069022179
  landing: 1.1390075609087944
  view-data: 0.5907830521464348
