times:
  edit-metadata: 1.3919269144535065
  landing: 0.8095158636569977
  view-data: 3.526578903198242
