times:
  edit-metadata: 1.4723140075802803
  landing: 0.7597138583660126
  view-data: 3.4591256082057953
