times:
  edit-metadata: 1.4553215727210045
  landing: 0.8060181066393852
  view-data: 3.357564300298691
