times:
  edit-metadata: 1.3685863316059113
  landing: 0.742155484855175
  view-data: 3.4966497123241425
