times:
  edit-metadata: 1.371605060994625
  landing: 0.7536738738417625
  view-data: 3.4728174656629562
