times:
  edit-metadata: 1.5122435316443443
  landing: 0.7671911641955376
  view-data: 3.4974488466978073
