times:
  edit-metadata: 1.4208089336752892
  landing: 0.7661406397819519
  view-data: 3.298904985189438
