times:
  edit-metadata: 1.3713156506419182
  landing: 0.9494351297616959
  view-data: 3.428072154521942
