times:
  edit-metadata: 1.202408455312252
  landing: 0.7543506771326065
  view-data: 3.422135941684246
