times:
  edit-metadata: 2.104493036866188
  landing: 1.4054246917366982
  view-data: 3.4158768504858017
