times:
  edit-metadata: 1.4669176936149597
  landing: 0.8677220493555069
  view-data: 3.556567318737507
