times:
  edit-metadata: 1.3598855659365654
  landing: 0.7715062126517296
  view-data: 3.419792965054512
