times:
  edit-metadata: 1.7554254233837128
  landing: 0.8271391838788986
  view-data: 3.3052793964743614
