times:
  edit-metadata: 1.4517410844564438
  landing: 0.8012459874153137
  view-data: 3.308932274580002
