times:
  edit-metadata: 1.6418050229549408
  landing: 0.8245009705424309
  view-data: 3.3659484833478928
