times:
  edit-metadata: 1.4623360931873322
  landing: 0.8836873099207878
  view-data: 3.2955946177244186
