times:
  edit-metadata: 1.3635166361927986
  landing: 0.7449537441134453
  view-data: 3.540866583585739
