times:
  edit-metadata: 1.460772879421711
  landing: 0.7628855630755424
  view-data: 3.458608515560627
