times:
  edit-metadata: 1.4626061096787453
  landing: 0.884158231317997
  view-data: 3.313351422548294
