times:
  edit-metadata: 1.6521268486976624
  landing: 1.095211036503315
  view-data: 5.087137334048748
