times:
  edit-metadata: 1.5265839770436287
  landing: 0.9248257130384445
  view-data: 3.5174777433276176
