times:
  edit-metadata: 1.3765355125069618
  landing: 0.7738846391439438
  view-data: 3.5114841014146805
