times:
  edit-metadata: 1.398919865489006
  landing: 0.6807004660367966
  view-data: 3.2513615265488625
