times:
  edit-metadata: 1.5459962040185928
  landing: 0.9095709696412086
  view-data: 3.5167095959186554
