times:
  edit-metadata: 1.500265009701252
  landing: 0.7272094786167145
  view-data: 3.519329883158207
