times:
  edit-metadata: 1.3637686148285866
  landing: 0.7385258451104164
  view-data: 3.537911184132099
