times:
  edit-metadata: 1.330210380256176
  landing: 0.7136525213718414
  view-data: 3.5222246944904327
