times:
  edit-metadata: 2.61077418923378
  landing: 1.551220066845417
  view-data: 3.45524263381958
