times:
  edit-metadata: 1.5398528203368187
  landing: 0.7531752958893776
  view-data: 3.5307936668395996
