times:
  edit-metadata: 1.6508449539542198
  landing: 0.8396864756941795
  view-data: 3.5677258521318436
