times:
  edit-metadata: 1.4979890957474709
  landing: 0.8392181172966957
  view-data: 3.5932743549346924
