times:
  edit-metadata: 1.5274671912193298
  landing: 0.7539748325943947
  view-data: 3.459702782332897
