times:
  edit-metadata: 1.3905683234333992
  landing: 0.7225706651806831
  view-data: 3.428603373467922
