times:
  edit-metadata: 1.4600481390953064
  landing: 0.7632830515503883
  view-data: 3.517536386847496
