times:
  edit-metadata: 1.4812067598104477
  landing: 0.6924328207969666
  view-data: 3.514902599155903
