times:
  edit-metadata: 1.400816224515438
  landing: 0.775535337626934
  view-data: 3.2978450134396553
