times:
  edit-metadata: 1.4658740162849426
  landing: 0.770005963742733
  view-data: 3.5171284303069115
