times:
  edit-metadata: 1.5012255236506462
  landing: 0.8611346483230591
  view-data: 3.5224849730730057
