times:
  edit-metadata: 1.4214237853884697
  landing: 0.8073443099856377
  view-data: 3.4868692755699158
