times:
  edit-metadata: 1.4432749599218369
  landing: 0.7987735420465469
  view-data: 3.4796144664287567
