times:
  edit-metadata: 1.3478552773594856
  landing: 0.798633337020874
  view-data: 3.388935297727585
