times:
  edit-metadata: 1.474008433520794
  landing: 0.8143432959914207
  view-data: 3.5678833052515984
