times:
  edit-metadata: 1.446227565407753
  landing: 1.2167617306113243
  view-data: 3.3373935222625732
