times:
  edit-metadata: 1.6989749372005463
  landing: 0.9091543406248093
  view-data: 3.3231684863567352
