times:
  edit-metadata: 1.5591974332928658
  landing: 0.7155755534768105
  view-data: 3.305671237409115
