times:
  edit-metadata: 1.485923282802105
  landing: 0.959987111389637
  view-data: 3.525243453681469
