times:
  edit-metadata: 1.3844636380672455
  landing: 0.7456327378749847
  view-data: 3.3265810534358025
