times:
  edit-metadata: 1.4173431396484375
  landing: 0.9387542828917503
  view-data: 3.6512876600027084
