times:
  edit-metadata: 1.4132123813033104
  landing: 0.7473617494106293
  view-data: 3.477363407611847
