times:
  edit-metadata: 1.3636605367064476
  landing: 0.7936167418956757
  view-data: 3.5079607367515564
