times:
  edit-metadata: 1.44906397908926
  landing: 0.8317930102348328
  view-data: 3.5035227462649345
