times:
  edit-metadata: 1.434253178536892
  landing: 0.7362659573554993
  view-data: 3.5030771121382713
