times:
  edit-metadata: 1.477942407131195
  landing: 1.1065184399485588
  view-data: 3.646090880036354
