times:
  edit-metadata: 1.7921804189682007
  landing: 1.0218227952718735
  view-data: 3.444641888141632
