times:
  edit-metadata: 1.3721924871206284
  landing: 0.7826252207159996
  view-data: 3.4602767303586006
