times:
  edit-metadata: 1.5507807061076164
  landing: 0.9341017082333565
  view-data: 3.3265684470534325
