times:
  edit-metadata: 1.481024131178856
  landing: 0.697118379175663
  view-data: 3.4470578506588936
