times:
  edit-metadata: 1.3785312175750732
  landing: 0.7492900863289833
  view-data: 3.531480774283409
