times:
  edit-metadata: 1.3651621416211128
  landing: 0.7444386407732964
  view-data: 3.4204240441322327
