times:
  edit-metadata: 1.486508771777153
  landing: 0.9140903577208519
  view-data: 3.4826176464557648
