times:
  edit-metadata: 1.4687678143382072
  landing: 0.7875565811991692
  view-data: 3.4959364533424377
