times:
  edit-metadata: 1.47422294318676
  landing: 0.8208681419491768
  view-data: 3.5517643839120865
