times:
  edit-metadata: 1.319361299276352
  landing: 0.7824244946241379
  view-data: 3.4515498131513596
