times:
  edit-metadata: 1.4151686131954193
  landing: 0.8085311129689217
  view-data: 3.3134088441729546
