times:
  edit-metadata: 1.113186590373516
  landing: 0.7531484514474869
  view-data: 3.3991908952593803
