times:
  edit-metadata: 1.4207645505666733
  landing: 0.869659960269928
  view-data: 3.5609924718737602
