times:
  edit-metadata: 1.3702529817819595
  landing: 0.8238980248570442
  view-data: 3.4997619315981865
