times:
  edit-metadata: 1.474083699285984
  landing: 0.7445709705352783
  view-data: 3.501146726310253
