times:
  edit-metadata: 1.4380744993686676
  landing: 0.7690010145306587
  view-data: 3.452832043170929
