times:
  edit-metadata: 3.4127058535814285
  landing: 2.6761420220136642
  view-data: 4.12021542340517
