times:
  edit-metadata: 1.5175533220171928
  landing: 0.7362255901098251
  view-data: 3.3545345067977905
