times:
  edit-metadata: 2.2315162047743797
  landing: 1.66526260972023
  view-data: 3.787690654397011
