times:
  edit-metadata: 2.177209720015526
  landing: 1.0896284505724907
  view-data: 3.4719323366880417
