times:
  edit-metadata: 1.3927566856145859
  landing: 0.8495118394494057
  view-data: 3.332569546997547
