times:
  edit-metadata: 1.430252455174923
  landing: 0.7912859916687012
  view-data: 3.502870813012123
