times:
  edit-metadata: 1.3529228642582893
  landing: 0.7488205581903458
  view-data: 3.3671116307377815
