times:
  edit-metadata: 1.3845143914222717
  landing: 0.9229903221130371
  view-data: 3.4938335865736008
