times:
  edit-metadata: 1.419796958565712
  landing: 0.7458503544330597
  view-data: 3.4594056978821754
