times:
  edit-metadata: 1.4462704509496689
  landing: 0.9618723541498184
  view-data: 3.488449938595295
