times:
  edit-metadata: 1.597734957933426
  landing: 0.9500506669282913
  view-data: 3.364695191383362
