times:
  edit-metadata: 1.7644726559519768
  landing: 0.6928582414984703
  view-data: 3.4439395740628242
