times:
  edit-metadata: 1.5095100328326225
  landing: 0.7302691861987114
  view-data: 3.539145790040493
