times:
  edit-metadata: 1.3724675625562668
  landing: 0.8453892171382904
  view-data: 3.4371218606829643
