times:
  edit-metadata: 1.490427277982235
  landing: 0.7842579334974289
  view-data: 3.299203507602215
