times:
  edit-metadata: 1.431171715259552
  landing: 0.7517916485667229
  view-data: 3.498611219227314
