times:
  edit-metadata: 1.499029889702797
  landing: 0.9114158377051353
  view-data: 3.624438241124153
