times:
  edit-metadata: 1.5156167820096016
  landing: 0.7333577051758766
  view-data: 3.4774356856942177
