times:
  edit-metadata: 1.4554265514016151
  landing: 0.7531479597091675
  view-data: 3.4885325729846954
