times:
  edit-metadata: 1.5055326763540506
  landing: 0.9316552001982927
  view-data: 3.4801147915422916
