times:
  edit-metadata: 1.900351446121931
  landing: 1.112109575420618
  view-data: 3.5534643307328224
