times:
  edit-metadata: 1.5046665128320456
  landing: 0.7146447598934174
  view-data: 3.386401493102312
