times:
  edit-metadata: 1.5083540119230747
  landing: 0.6719785649329424
  view-data: 0.5115937851369381
