times:
  edit-metadata: 1.8440653309226036
  landing: 6.537868559360504
  view-data: 3.375693030655384
