times:
  edit-metadata: 1.3382243253290653
  landing: 0.8847307786345482
  view-data: 3.3397993445396423
