times:
  edit-metadata: 1.5694829225540161
  landing: 0.8436492159962654
  view-data: 3.4012059550732374
