times:
  edit-metadata: 1.544775202870369
  landing: 1.0000975225120783
  view-data: 3.353532301262021
