times:
  edit-metadata: 1.5723940525203943
  landing: 0.8840638361871243
  view-data: 3.4604393262416124
