times:
  edit-metadata: 1.3716437183320522
  landing: 0.84034707210958
  view-data: 3.361467445269227
