times:
  edit-metadata: 1.5272657610476017
  landing: 0.8033219091594219
  view-data: 3.3917291462421417
