times:
  edit-metadata: 1.6070836931467056
  landing: 0.8636783175170422
  view-data: 3.323940083384514
