times:
  edit-metadata: 1.3469247706234455
  landing: 0.6644281074404716
  view-data: 3.2647163830697536
