times:
  edit-metadata: 1.5259357057511806
  landing: 0.9903199970722198
  view-data: 3.3744227960705757
