times:
  edit-metadata: 1.3635258339345455
  landing: 0.8036043271422386
  view-data: 3.3042437583208084
