times:
  edit-metadata: 1.597142156213522
  landing: 0.8996077943593264
  view-data: 3.4370030034333467
