times:
  edit-metadata: 1.5007901787757874
  landing: 0.8541956283152103
  view-data: 3.410801563411951
