times:
  edit-metadata: 1.6189054818823934
  landing: 0.994290110655129
  view-data: 3.4441669024527073
