times:
  edit-metadata: 1.4897490050643682
  landing: 0.8132872581481934
  view-data: 3.4253208488225937
