times:
  edit-metadata: 1.580478873103857
  landing: 1.2521112486720085
  view-data: 3.434183022007346
