times:
  edit-metadata: 1.544445687904954
  landing: 0.7373040523380041
  view-data: 3.392043301835656
