times:
  edit-metadata: 1.4686427786946297
  landing: 0.6951089389622211
  view-data: 5.161897920072079
