times:
  edit-metadata: 1.4714884646236897
  landing: 0.7870267350226641
  view-data: 3.38197105191648
