times:
  edit-metadata: 1.860128616914153
  landing: 0.842112367041409
  view-data: 3.5002667931839824
