times:
  edit-metadata: 1.5439691804349422
  landing: 0.7884197607636452
  view-data: 3.376418426632881
