times:
  edit-metadata: 1.6417985633015633
  landing: 0.9662057012319565
  view-data: 3.4388092570006847
