times:
  edit-metadata: 2.093891952186823
  landing: 1.207219198346138
  view-data: 3.4142150320112705
