times:
  edit-metadata: 1.558761048130691
  landing: 0.7752169063314795
  view-data: 3.4228914557024837
