times:
  edit-metadata: 1.4949298165738583
  landing: 0.8584279455244541
  view-data: 3.377048082649708
