times:
  edit-metadata: 1.5162376873195171
  landing: 0.7791424226015806
  view-data: 3.382517708465457
