times:
  edit-metadata: 1.5463414005935192
  landing: 0.8264439925551414
  view-data: 3.4409419279545546
