times:
  edit-metadata: 1.5548393949866295
  landing: 0.8302113208919764
  view-data: 3.750308545306325
