times:
  edit-metadata: 1.7574866814538836
  landing: 0.9281722931191325
  view-data: 3.382058602757752
