times:
  edit-metadata: 1.559092529118061
  landing: 0.8198905326426029
  view-data: 3.2921407893300056
