times:
  edit-metadata: 1.7561084870249033
  landing: 0.9210406560450792
  view-data: 3.3594591692090034
