times:
  edit-metadata: 1.5293964594602585
  landing: 0.8129472434520721
  view-data: 3.4043453969061375
