times:
  edit-metadata: 1.6588246952742338
  landing: 0.8467104770243168
  view-data: 3.5249158162623644
