times:
  edit-metadata: 1.532295111566782
  landing: 0.7175408806651831
  view-data: 3.410090610384941
