times:
  edit-metadata: 1.3632995188236237
  landing: 0.8045737370848656
  view-data: 3.3836006335914135
