times:
  edit-metadata: 1.53622143343091
  landing: 0.7720887511968613
  view-data: 3.4475520215928555
