times:
  edit-metadata: 1.6129802241921425
  landing: 0.9030468389391899
  view-data: 3.532157491892576
