times:
  edit-metadata: 2.1436566449701786
  landing: 1.1531975269317627
  view-data: 5.138545850291848
