times:
  edit-metadata: 1.4464978873729706
  landing: 0.7695842050015926
  view-data: 3.3166728392243385
