times:
  edit-metadata: 1.549601260572672
  landing: 0.9126660786569118
  view-data: 3.3724475912749767
