times:
  edit-metadata: 1.4113942496478558
  landing: 0.7267665788531303
  view-data: 3.3280402421951294
