times:
  edit-metadata: 1.380388967692852
  landing: 0.8323074616491795
  view-data: 3.3315623439848423
