times:
  edit-metadata: 1.4720254186540842
  landing: 0.6552382558584213
  view-data: 3.316708689555526
