times:
  edit-metadata: 1.4059779532253742
  landing: 0.7584135178476572
  view-data: 3.328083971515298
