times:
  edit-metadata: 1.5174188576638699
  landing: 0.921457089483738
  view-data: 3.4395764879882336
