times:
  edit-metadata: 1.5492286439985037
  landing: 0.8602887503802776
  view-data: 3.3695837426930666
