times:
  edit-metadata: 1.497084766626358
  landing: 0.8651386965066195
  view-data: 3.3783263601362705
