times:
  edit-metadata: 1.4822382777929306
  landing: 0.8779655285179615
  view-data: 3.3416825123131275
