times:
  edit-metadata: 1.5869422145187855
  landing: 0.8789499243721366
  view-data: 3.4159480910748243
