times:
  edit-metadata: 3.7949801590293646
  landing: 3.995331011712551
  view-data: 3.7686540745198727
