times:
  edit-metadata: 1.4413599586114287
  landing: 0.7897095754742622
  view-data: 3.3685763385146856
