times:
  edit-metadata: 1.3941283784806728
  landing: 0.7946588322520256
  view-data: 3.3373225331306458
