times:
  edit-metadata: 1.5684904865920544
  landing: 0.8035928197205067
  view-data: 3.3920900262892246
