times:
  edit-metadata: 1.552701111882925
  landing: 0.8861008398234844
  view-data: 3.2934940326958895
