times:
  edit-metadata: 1.4106822237372398
  landing: 0.885382991284132
  view-data: 3.3475396297872066
