times:
  edit-metadata: 1.5402247495949268
  landing: 0.9224209524691105
  view-data: 3.4685712195932865
