times:
  edit-metadata: 2.4477383829653263
  landing: 1.2091358304023743
  view-data: 3.396204184740782
