times:
  edit-metadata: 1.5891731549054384
  landing: 0.8038294799625874
  view-data: 3.4545453805476427
