times:
  edit-metadata: 1.4555777609348297
  landing: 0.7716662706807256
  view-data: 3.392469813115895
