times:
  edit-metadata: 1.5452617164701223
  landing: 0.7663230244070292
  view-data: 3.424233604222536
