times:
  edit-metadata: 1.5366320610046387
  landing: 0.8288913518190384
  view-data: 3.2888217456638813
