times:
  edit-metadata: 1.5484031476080418
  landing: 0.9504827037453651
  view-data: 3.4326540865004063
