times:
  edit-metadata: 1.5388058051466942
  landing: 0.7193441204726696
  view-data: 3.2770704552531242
