times:
  edit-metadata: 1.5394924934953451
  landing: 0.7138999849557877
  view-data: 3.361141799017787
