times:
  edit-metadata: 1.3412170372903347
  landing: 0.8414724282920361
  view-data: 3.4007046669721603
