times:
  edit-metadata: 1.3976234644651413
  landing: 0.8519824258983135
  view-data: 3.356568031013012
