times:
  edit-metadata: 1.5609428193420172
  landing: 1.9697952941060066
  view-data: 3.35010882653296
