times:
  edit-metadata: 1.5657472535967827
  landing: 0.8956422647461295
  view-data: 3.429604566656053
