times:
  edit-metadata: 1.7357857376337051
  landing: 0.9266626164317131
  view-data: 3.5237203743308783
