times:
  edit-metadata: 1.64626887999475
  landing: 1.1591934338212013
  view-data: 3.413535425439477
