times:
  edit-metadata: 1.6029946003109217
  landing: 0.7474902719259262
  view-data: 3.422551542520523
