times:
  edit-metadata: 1.3832959607243538
  landing: 0.9546919874846935
  view-data: 3.4110771752893925
