times:
  edit-metadata: 1.6587785370647907
  landing: 0.7767766006290913
  view-data: 3.4003971200436354
