times:
  edit-metadata: 1.516737561672926
  landing: 0.7326688338071108
  view-data: 3.407132448628545
