times:
  edit-metadata: 1.3397493157535791
  landing: 0.8486902397125959
  view-data: 3.317706061527133
