times:
  edit-metadata: 1.4047487117350101
  landing: 0.8474205583333969
  view-data: 3.3565424010157585
