times:
  edit-metadata: 1.8547049686312675
  landing: 1.141760092228651
  view-data: 3.3500339202582836
