times:
  edit-metadata: 1.866163246333599
  landing: 0.9987802971154451
  view-data: 3.4725286848843098
