times:
  edit-metadata: 1.5082977078855038
  landing: 0.754070395603776
  view-data: 3.422582594677806
