times:
  edit-metadata: 1.4967111628502607
  landing: 0.7617786359041929
  view-data: 3.4034202750772238
