times:
  edit-metadata: 1.8076147586107254
  landing: 0.8750846646726131
  view-data: 3.53889371920377
