times:
  edit-metadata: 1.5391917079687119
  landing: 0.7450194284319878
  view-data: 3.403864737600088
