times:
  edit-metadata: 1.554945982992649
  landing: 0.79543636739254
  view-data: 3.4285851158201694
