times:
  edit-metadata: 1.7940948773175478
  landing: 1.0509753562510014
  view-data: 3.275822604075074
