times:
  edit-metadata: 1.5138462837785482
  landing: 0.8314507026225328
  view-data: 3.392437072470784
