times:
  edit-metadata: 1.5690687149763107
  landing: 0.822874067351222
  view-data: 3.342497957870364
