times:
  edit-metadata: 1.5531956050544977
  landing: 0.764449642971158
  view-data: 3.411105703562498
