times:
  edit-metadata: 1.536475170403719
  landing: 0.8344631940126419
  view-data: 3.419599734246731
