times:
  edit-metadata: 1.49329649284482
  landing: 0.6904065385460854
  view-data: 3.2943426333367825
