times:
  edit-metadata: 1.7059400081634521
  landing: 0.9797686114907265
  view-data: 3.377104852348566
