times:
  edit-metadata: 1.3450954370200634
  landing: 0.7757228650152683
  view-data: 3.280295819044113
