times:
  edit-metadata: 1.5905944164842367
  landing: 0.7729695662856102
  view-data: 3.4436253514140844
