times:
  edit-metadata: 1.4966182932257652
  landing: 0.9130882173776627
  view-data: 3.4449086263775826
