times:
  edit-metadata: 1.6195329613983631
  landing: 0.7472893949598074
  view-data: 3.32812630943954
