times:
  edit-metadata: 1.625029157847166
  landing: 0.7958918176591396
  view-data: 3.371490377932787
