times:
  edit-metadata: 1.605102226138115
  landing: 0.8386781755834818
  view-data: 3.4444280825555325
