times:
  edit-metadata: 1.5111613720655441
  landing: 0.7750321235507727
  view-data: 3.7316379994153976
