times:
  edit-metadata: 2.0054213143885136
  landing: 1.5201320610940456
  view-data: 3.443989682942629
