times:
  edit-metadata: 1.5529010966420174
  landing: 0.9473498463630676
  view-data: 3.425891660153866
