times:
  edit-metadata: 1.589749962091446
  landing: 0.8514431808143854
  view-data: 3.31095839291811
