times:
  edit-metadata: 1.5536507088690996
  landing: 0.8690172340720892
  view-data: 3.4485287703573704
