times:
  edit-metadata: 1.5111197587102652
  landing: 0.7925947569310665
  view-data: 3.4073898550122976
