times:
  edit-metadata: 1.5055155791342258
  landing: 0.9118242152035236
  view-data: 3.3497654385864735
