times:
  edit-metadata: 1.5622105337679386
  landing: 0.7649469077587128
  view-data: 3.4357299208641052
