times:
  edit-metadata: 1.4777587773278356
  landing: 0.8109417343512177
  view-data: 3.337489257566631
