times:
  edit-metadata: 1.5050385687500238
  landing: 0.742668267339468
  view-data: 3.444266300648451
