times:
  edit-metadata: 2.509160529822111
  landing: 1.790757555514574
  view-data: 3.5636529587209225
