times:
  edit-metadata: 1.5264206565916538
  landing: 0.7730467058718204
  view-data: 3.3961382284760475
