times:
  edit-metadata: 1.5097843185067177
  landing: 0.6871235594153404
  view-data: 3.276337957009673
