times:
  edit-metadata: 1.5285396669059992
  landing: 0.736937278881669
  view-data: 3.389089310541749
