times:
  edit-metadata: 2.4233277067542076
  landing: 1.1766470074653625
  view-data: 3.525573879480362
