times:
  edit-metadata: 1.6440136767923832
  landing: 0.7463307026773691
  view-data: 3.3190008774399757
