times:
  edit-metadata: 1.5035389363765717
  landing: 1.0239755287766457
  view-data: 3.347783014178276
