times:
  edit-metadata: 1.687708519399166
  landing: 1.0904207676649094
  view-data: 3.544532287865877
