times:
  edit-metadata: 1.5891623608767986
  landing: 0.7763943523168564
  view-data: 3.428226003423333
