times:
  edit-metadata: 1.7495563216507435
  landing: 1.2837183997035027
  view-data: 3.461008597165346
