times:
  edit-metadata: 1.35470624640584
  landing: 0.7672106176614761
  view-data: 3.2569107227027416
