times:
  edit-metadata: 2.12668065354228
  landing: 1.1375409364700317
  view-data: 3.347906220704317
