times:
  edit-metadata: 1.5515836011618376
  landing: 0.760445250198245
  view-data: 3.383366959169507
