times:
  edit-metadata: 1.8074377160519361
  landing: 1.0422503361478448
  view-data: 3.351513558998704
