times:
  edit-metadata: 1.4210299663245678
  landing: 0.903569895774126
  view-data: 3.3111337535083294
