times:
  edit-metadata: 1.6058911494910717
  landing: 1.0731545388698578
  view-data: 3.3817917108535767
