times:
  edit-metadata: 1.4698261488229036
  landing: 0.7303182408213615
  view-data: 3.3603050615638494
