times:
  edit-metadata: 1.4217392094433308
  landing: 0.8131598234176636
  view-data: 3.3540816828608513
