times:
  edit-metadata: 1.4038251861929893
  landing: 0.9267247170209885
  view-data: 3.3601878881454468
