times:
  edit-metadata: 1.5744312405586243
  landing: 1.1240472570061684
  view-data: 3.394884679466486
