times:
  edit-metadata: 1.5696669779717922
  landing: 0.8260289244353771
  view-data: 3.4204319417476654
