times:
  edit-metadata: 1.7323515638709068
  landing: 1.1983455382287502
  view-data: 3.2888833470642567
