times:
  edit-metadata: 1.6014526933431625
  landing: 1.211526032537222
  view-data: 3.3815928511321545
