times:
  edit-metadata: 1.5957313384860754
  landing: 0.7532828915864229
  view-data: 3.3775414768606424
