times:
  edit-metadata: 1.560119941830635
  landing: 0.7303075361996889
  view-data: 3.3664186354726553
