times:
  edit-metadata: 1.6608595568686724
  landing: 0.878066822886467
  view-data: 3.549112744629383
