times:
  edit-metadata: 1.4926670901477337
  landing: 0.8353898208588362
  view-data: 3.449277402833104
