times:
  edit-metadata: 1.4924480058252811
  landing: 0.8871731534600258
  view-data: 3.533772248774767
