times:
  edit-metadata: 1.4024436622858047
  landing: 0.6826380863785744
  view-data: 3.2456733100116253
