times:
  edit-metadata: 1.5468168165534735
  landing: 0.7853249832987785
  view-data: 3.3750344272702932
