times:
  edit-metadata: 1.5115285236388445
  landing: 0.7479066792875528
  view-data: 3.437958935275674
