times:
  edit-metadata: 1.3342978172004223
  landing: 0.8143707662820816
  view-data: 3.3425011560320854
