times:
  edit-metadata: 2.59135914593935
  landing: 1.4044179767370224
  view-data: 3.559126468375325
