times:
  edit-metadata: 1.561135547235608
  landing: 0.8459102157503366
  view-data: 3.3965282402932644
