times:
  edit-metadata: 1.6097900308668613
  landing: 0.9917402882128954
  view-data: 3.4051635786890984
