times:
  edit-metadata: 1.3747275955975056
  landing: 0.7104914598166943
  view-data: 3.3128262236714363
