times:
  edit-metadata: 1.6249533668160439
  landing: 0.8947191908955574
  view-data: 3.4645753763616085
