times:
  edit-metadata: 1.8335041031241417
  landing: 0.978225339204073
  view-data: 3.318391516804695
