times:
  edit-metadata: 1.4650993086397648
  landing: 0.8285241909325123
  view-data: 3.3166375420987606
