times:
  edit-metadata: 3.091163620352745
  landing: 1.8726374544203281
  view-data: 3.785309199243784
