times:
  edit-metadata: 1.7708347626030445
  landing: 1.0056089125573635
  view-data: 3.338034987449646
