times:
  edit-metadata: 1.3234876208007336
  landing: 0.7269506566226482
  view-data: 3.2795726768672466
