times:
  edit-metadata: 1.4350068233907223
  landing: 0.9728844575583935
  view-data: 3.427613366395235
