times:
  edit-metadata: 1.9391413107514381
  landing: 1.1414532884955406
  view-data: 3.355614259839058
