times:
  edit-metadata: 1.5509552136063576
  landing: 0.7936182972043753
  view-data: 3.394384304061532
