times:
  edit-metadata: 1.5246520582586527
  landing: 0.8222678443416953
  view-data: 3.3109783809632063
