times:
  edit-metadata: 1.5867820149287581
  landing: 1.04467564355582
  view-data: 3.3407579753547907
