times:
  edit-metadata: 1.538369469344616
  landing: 0.9366004392504692
  view-data: 3.370799943804741
