times:
  edit-metadata: 1.8039372898638248
  landing: 1.1465853862464428
  view-data: 3.338598631322384
