times:
  edit-metadata: 2.6166487988084555
  landing: 2.3693126551806927
  view-data: 3.8996163811534643
