times:
  edit-metadata: 1.9744576262310147
  landing: 0.9586589774116874
  view-data: 3.798288772813976
