times:
  edit-metadata: 1.582991674542427
  landing: 0.7292747758328915
  view-data: 3.375998128205538
