times:
  edit-metadata: 1.5412603132426739
  landing: 0.7542096693068743
  view-data: 3.3969924580305815
