times:
  edit-metadata: 1.5077971369028091
  landing: 0.7451375015079975
  view-data: 3.3897994123399258
