times:
  edit-metadata: 1.6064555123448372
  landing: 0.8273866903036833
  view-data: 3.475241519510746
