times:
  edit-metadata: 1.521636888384819
  landing: 0.7862656805664301
  view-data: 3.429902384057641
