times:
  edit-metadata: 1.6788484025746584
  landing: 1.0694692637771368
  view-data: 3.4881592746824026
