times:
  edit-metadata: 1.4869119375944138
  landing: 0.7108470983803272
  view-data: 3.402912635356188
