times:
  edit-metadata: 1.6273228041827679
  landing: 0.8507256954908371
  view-data: 3.4587127352133393
