times:
  edit-metadata: 1.5560427717864513
  landing: 0.7549746055155993
  view-data: 3.447996772825718
