times:
  edit-metadata: 1.6431657709181309
  landing: 1.0207383409142494
  view-data: 3.475303690880537
