times:
  edit-metadata: 1.497465068474412
  landing: 0.6904694978147745
  view-data: 3.430288778617978
