times:
  edit-metadata: 1.5000519417226315
  landing: 0.9121013060212135
  view-data: 3.3435096964240074
