times:
  edit-metadata: 1.538109254091978
  landing: 0.7458359412848949
  view-data: 3.366416536271572
