times:
  edit-metadata: 1.6379396673291922
  landing: 0.8507162798196077
  view-data: 3.352612018585205
