times:
  edit-metadata: 1.8361622244119644
  landing: 1.1136045008897781
  view-data: 3.379161197692156
