times:
  edit-metadata: 1.3859189562499523
  landing: 0.8879147283732891
  view-data: 3.350813928991556
