times:
  edit-metadata: 1.3568475358188152
  landing: 0.8162352871149778
  view-data: 3.3592822421342134
