times:
  edit-metadata: 1.5456507094204426
  landing: 0.9357738122344017
  view-data: 3.409898169338703
