times:
  edit-metadata: 1.6698281057178974
  landing: 0.798918591812253
  view-data: 3.4106559846550226
