times:
  edit-metadata: 1.3894355967640877
  landing: 0.8796132542192936
  view-data: 3.3244685381650925
