times:
  edit-metadata: 1.5300820469856262
  landing: 0.8612780962139368
  view-data: 3.424162033945322
