times:
  edit-metadata: 1.5379667840898037
  landing: 0.7817139774560928
  view-data: 3.2874587513506413
