times:
  edit-metadata: 1.3544719070196152
  landing: 0.7293022274971008
  view-data: 3.4158180579543114
