times:
  edit-metadata: 1.437010683119297
  landing: 0.7488581836223602
  view-data: 3.5188756436109543
