times:
  edit-metadata: 1.7515283226966858
  landing: 0.8600393161177635
  view-data: 3.4007126912474632
