times:
  edit-metadata: 1.6975239217281342
  landing: 0.9015836492180824
  view-data: 3.348924398422241
