times:
  edit-metadata: 1.4079361781477928
  landing: 0.7570438534021378
  view-data: 3.461565785109997
