times:
  edit-metadata: 1.5066773742437363
  landing: 0.7472032457590103
  view-data: 3.4285847023129463
