times:
  edit-metadata: 1.455501601099968
  landing: 0.9473865926265717
  view-data: 3.472186826169491
