times:
  edit-metadata: 1.358687363564968
  landing: 0.7525892853736877
  view-data: 3.543334312736988
