times:
  edit-metadata: 1.3797497749328613
  landing: 0.7207063063979149
  view-data: 3.3360498659312725
