times:
  edit-metadata: 1.991970531642437
  landing: 0.9901213422417641
  view-data: 3.5876908376812935
