times:
  edit-metadata: 1.4266320057213306
  landing: 0.9508685022592545
  view-data: 3.3428905867040157
