times:
  edit-metadata: 1.56132473051548
  landing: 0.7519278600811958
  view-data: 3.477459669113159
