times:
  edit-metadata: 1.5430394485592842
  landing: 1.178870975971222
  view-data: 3.5687499791383743
