times:
  edit-metadata: 1.6274497956037521
  landing: 0.9478995949029922
  view-data: 3.4977082535624504
