times:
  edit-metadata: 1.4311011284589767
  landing: 0.8328808546066284
  view-data: 3.4212685748934746
