times:
  edit-metadata: 1.3958793804049492
  landing: 0.7593511119484901
  view-data: 3.3920858912169933
