times:
  edit-metadata: 1.3639129549264908
  landing: 0.7467031478881836
  view-data: 3.49690330773592
