times:
  edit-metadata: 1.5229016616940498
  landing: 0.7648583799600601
  view-data: 3.414338357746601
