times:
  edit-metadata: 1.515091396868229
  landing: 0.7937372028827667
  view-data: 3.5291691720485687
