times:
  edit-metadata: 1.4174537137150764
  landing: 0.7982233501970768
  view-data: 3.3387524969875813
