times:
  edit-metadata: 1.5172324068844318
  landing: 0.8021775521337986
  view-data: 3.3189167603850365
