times:
  edit-metadata: 1.397825300693512
  landing: 0.7197839543223381
  view-data: 3.39558969438076
