times:
  edit-metadata: 1.426056757569313
  landing: 0.7473494559526443
  view-data: 3.2717311084270477
