times:
  edit-metadata: 1.426827423274517
  landing: 0.7602319046854973
  view-data: 3.4446699544787407
