times:
  edit-metadata: 1.7236992567777634
  landing: 0.7925122119486332
  view-data: 3.3847053982317448
