times:
  edit-metadata: 1.4164420887827873
  landing: 0.859622485935688
  view-data: 3.5266168639063835
