times:
  edit-metadata: 1.691844902932644
  landing: 0.9369517117738724
  view-data: 3.2775498554110527
