times:
  edit-metadata: 1.344900906085968
  landing: 0.8250461518764496
  view-data: 3.3058011531829834
