times:
  edit-metadata: 1.6308511719107628
  landing: 1.082134485244751
  view-data: 3.6196609139442444
