times:
  edit-metadata: 1.443060778081417
  landing: 0.7280308455228806
  view-data: 3.232770510017872
