times:
  edit-metadata: 1.4817887395620346
  landing: 0.709693118929863
  view-data: 3.4875175803899765
