times:
  edit-metadata: 1.3798442408442497
  landing: 0.7169892936944962
  view-data: 3.3346418887376785
