times:
  edit-metadata: 1.502994991838932
  landing: 0.763345018029213
  view-data: 3.3316102102398872
