times:
  edit-metadata: 1.4751673340797424
  landing: 0.7199564799666405
  view-data: 3.357028156518936
