times:
  edit-metadata: 2.003871686756611
  landing: 1.0948640778660774
  view-data: 3.4088006988167763
