times:
  edit-metadata: 1.6443676799535751
  landing: 0.8515368029475212
  view-data: 3.313274994492531
