times:
  edit-metadata: 1.471384972333908
  landing: 0.7664035782217979
  view-data: 3.479013927280903
