times:
  edit-metadata: 1.3918415755033493
  landing: 0.7884381413459778
  view-data: 3.4621978998184204
