times:
  edit-metadata: 2.408876344561577
  landing: 0.746575154364109
  view-data: 3.2794277667999268
