times:
  edit-metadata: 1.543316025286913
  landing: 0.8452899493277073
  view-data: 3.3826481141149998
