times:
  edit-metadata: 1.4469189792871475
  landing: 0.7775475084781647
  view-data: 3.457259453833103
