times:
  edit-metadata: 1.4695731401443481
  landing: 0.8124255761504173
  view-data: 3.4780568554997444
