times:
  edit-metadata: 1.4388927519321442
  landing: 0.7723695635795593
  view-data: 3.692685604095459
