times:
  edit-metadata: 1.4132451638579369
  landing: 0.7553508281707764
  view-data: 3.344708614051342
