times:
  edit-metadata: 1.4839326441287994
  landing: 0.8046304807066917
  view-data: 3.4224478974938393
