times:
  edit-metadata: 1.4214123748242855
  landing: 0.7247570231556892
  view-data: 3.29810943454504
