times:
  edit-metadata: 1.5632472969591618
  landing: 0.8346446864306927
  view-data: 3.321857500821352
