times:
  edit-metadata: 1.4673461094498634
  landing: 0.7509438768029213
  view-data: 3.4872102215886116
