times:
  edit-metadata: 1.4685786813497543
  landing: 0.7621937841176987
  view-data: 3.398268535733223
