times:
  edit-metadata: 2.344386488199234
  landing: 1.5510956645011902
  view-data: 3.896641306579113
