times:
  edit-metadata: 1.9531565681099892
  landing: 0.9190392941236496
  view-data: 3.5156670659780502
