times:
  edit-metadata: 1.4350847452878952
  landing: 0.7382854372262955
  view-data: 3.4986338689923286
