times:
  edit-metadata: 1.3724087439477444
  landing: 0.7556744702160358
  view-data: 3.298739407211542
