times:
  edit-metadata: 1.4744332432746887
  landing: 0.7950765900313854
  view-data: 3.375593561679125
