times:
  edit-metadata: 1.4270189106464386
  landing: 0.764133132994175
  view-data: 3.4725487753748894
