times:
  edit-metadata: 1.3750166594982147
  landing: 0.9018824063241482
  view-data: 3.2945542596280575
