times:
  edit-metadata: 1.4082079976797104
  landing: 0.8126872703433037
  view-data: 3.3626650869846344
