times:
  edit-metadata: 1.3847929537296295
  landing: 0.714293397963047
  view-data: 3.4506530165672302
