times:
  edit-metadata: 1.3970771431922913
  landing: 0.7041305676102638
  view-data: 3.301338404417038
