times:
  edit-metadata: 1.4224202036857605
  landing: 0.8524679020047188
  view-data: 3.271620389074087
