times:
  edit-metadata: 1.3793151304125786
  landing: 0.846186488866806
  view-data: 3.7192427068948746
