times:
  edit-metadata: 1.4751600250601768
  landing: 0.853277713060379
  view-data: 3.2886395901441574
