times:
  edit-metadata: 1.5099788904190063
  landing: 0.9264007285237312
  view-data: 3.3289943262934685
