times:
  edit-metadata: 1.3060539960861206
  landing: 0.868799515068531
  view-data: 3.3423090502619743
