times:
  edit-metadata: 1.4743970297276974
  landing: 0.739431157708168
  view-data: 3.2831117659807205
