times:
  edit-metadata: 1.2600483074784279
  landing: 0.7171600833535194
  view-data: 3.433440037071705
