times:
  edit-metadata: 1.4448130019009113
  landing: 0.7434060461819172
  view-data: 3.3262370005249977
