times:
  edit-metadata: 1.0354985892772675
  landing: 0.7021428570151329
  view-data: 3.434488706290722
