times:
  edit-metadata: 1.4439671635627747
  landing: 0.7240161411464214
  view-data: 3.3675169944763184
