times:
  edit-metadata: 1.4931568428874016
  landing: 0.778978705406189
  view-data: 3.46575428545475
