times:
  edit-metadata: 1.4575324393808842
  landing: 0.8282038941979408
  view-data: 3.677662443369627
