times:
  edit-metadata: 1.53131465613842
  landing: 0.778662845492363
  view-data: 3.4216777682304382
