times:
  edit-metadata: 1.4319797083735466
  landing: 0.71443110704422
  view-data: 3.508225165307522
