times:
  edit-metadata: 1.5365706458687782
  landing: 0.7802970632910728
  view-data: 3.5333963334560394
