times:
  edit-metadata: 1.3783586025238037
  landing: 0.6664684861898422
  view-data: 3.4540812000632286
