times:
  edit-metadata: 1.5150527358055115
  landing: 0.7552643120288849
  view-data: 3.525251291692257
