times:
  edit-metadata: 1.4943232610821724
  landing: 0.8321293592453003
  view-data: 3.3232026398181915
