times:
  edit-metadata: 1.4466745033860207
  landing: 0.7923714369535446
  view-data: 3.4657374173402786
