times:
  edit-metadata: 1.5748445093631744
  landing: 0.7015358880162239
  view-data: 3.444228008389473
