times:
  edit-metadata: 1.407484658062458
  landing: 0.7716721072793007
  view-data: 3.487959459424019
