times:
  edit-metadata: 1.5351828932762146
  landing: 0.8268271684646606
  view-data: 3.5580234676599503
