times:
  edit-metadata: 1.6481591686606407
  landing: 0.7627263441681862
  view-data: 3.2902806028723717
