times:
  edit-metadata: 1.4920323863625526
  landing: 0.7984023354947567
  view-data: 3.398547410964966
