times:
  edit-metadata: 1.8232869617640972
  landing: 0.86695371940732
  view-data: 3.2602817118167877
