times:
  edit-metadata: 1.4397800378501415
  landing: 0.8696705028414726
  view-data: 3.4222398288547993
