times:
  edit-metadata: 1.4915786795318127
  landing: 0.7622901350259781
  view-data: 3.3467576690018177
