times:
  edit-metadata: 1.504242867231369
  landing: 0.7381881326436996
  view-data: 3.5003552958369255
