times:
  edit-metadata: 1.656721070408821
  landing: 0.7966572195291519
  view-data: 3.3594248965382576
