times:
  edit-metadata: 1.4663656055927277
  landing: 0.7803735174238682
  view-data: 3.311776250600815
