times:
  edit-metadata: 2.2760447412729263
  landing: 1.0629097037017345
  view-data: 3.268222860991955
