times:
  edit-metadata: 1.9450328573584557
  landing: 1.0491319708526134
  view-data: 3.3269899412989616
