times:
  edit-metadata: 1.3808092884719372
  landing: 0.7248023301362991
  view-data: 3.3124015145003796
