times:
  edit-metadata: 1.347440242767334
  landing: 0.750101312994957
  view-data: 3.367925003170967
