times:
  edit-metadata: 1.5228508934378624
  landing: 0.7124793827533722
  view-data: 3.490088105201721
