times:
  edit-metadata: 1.9366824179887772
  landing: 1.0279452688992023
  view-data: 3.308725491166115
