times:
  edit-metadata: 1.5455601885914803
  landing: 0.7528766393661499
  view-data: 3.4584418684244156
