times:
  edit-metadata: 1.3680155351758003
  landing: 0.7754656672477722
  view-data: 3.4154109805822372
