times:
  edit-metadata: 1.480063535273075
  landing: 0.8548387326300144
  view-data: 3.358111061155796
