times:
  edit-metadata: 1.5535416901111603
  landing: 0.8370843082666397
  view-data: 3.2721203081309795
