times:
  edit-metadata: 1.4468697309494019
  landing: 0.8075768202543259
  view-data: 3.4853145703673363
