times:
  edit-metadata: 1.439567282795906
  landing: 0.7700758129358292
  view-data: 3.460852734744549
