times:
  edit-metadata: 1.2260038033127785
  landing: 0.8378816246986389
  view-data: 3.5267349034547806
