times:
  edit-metadata: 1.375698521733284
  landing: 0.7145928964018822
  view-data: 3.5136012956500053
