times:
  edit-metadata: 1.5198830887675285
  landing: 0.7876151278614998
  view-data: 3.375128649175167
