times:
  edit-metadata: 1.4023090451955795
  landing: 0.7447971403598785
  view-data: 3.3957140669226646
