times:
  edit-metadata: 1.510918665677309
  landing: 0.8402859084308147
  view-data: 3.313685953617096
