times:
  edit-metadata: 1.4489655829966068
  landing: 0.7129525877535343
  view-data: 3.268804609775543
