times:
  edit-metadata: 1.3856034204363823
  landing: 0.7421996667981148
  view-data: 3.3364995419979095
