times:
  edit-metadata: 1.379997804760933
  landing: 0.6894461661577225
  view-data: 3.238163497298956
