times:
  edit-metadata: 1.474021501839161
  landing: 0.6676846668124199
  view-data: 3.4092394709587097
