times:
  edit-metadata: 1.5385235399007797
  landing: 0.7875234186649323
  view-data: 3.3512196987867355
