times:
  edit-metadata: 1.4156548231840134
  landing: 0.7237118855118752
  view-data: 3.4953436478972435
