times:
  edit-metadata: 1.556971088051796
  landing: 0.8054889999330044
  view-data: 3.2918476834893227
