times:
  edit-metadata: 1.4639490954577923
  landing: 0.8105945996940136
  view-data: 3.324631903320551
