times:
  edit-metadata: 1.7099745944142342
  landing: 0.880883663892746
  view-data: 3.579170286655426
