times:
  edit-metadata: 1.6137674897909164
  landing: 0.8533146232366562
  view-data: 3.352622054517269
