times:
  edit-metadata: 1.4016009382903576
  landing: 0.7833506688475609
  view-data: 3.3817002587020397
