times:
  edit-metadata: 1.9626583717763424
  landing: 1.0566648319363594
  view-data: 3.390081688761711
