times:
  edit-metadata: 1.4973641782999039
  landing: 0.7769067287445068
  view-data: 3.4677635356783867
