times:
  edit-metadata: 1.4860052727162838
  landing: 0.7521621994674206
  view-data: 3.598071288317442
