times:
  edit-metadata: 1.522018902003765
  landing: 0.8037327975034714
  view-data: 3.5060411244630814
