times:
  edit-metadata: 1.64590697363019
  landing: 0.9538113698363304
  view-data: 3.3355973474681377
