times:
  edit-metadata: 1.5325937420129776
  landing: 0.7591327130794525
  view-data: 3.4318994879722595
