times:
  edit-metadata: 1.49551010876894
  landing: 0.7547075673937798
  view-data: 0.4813533276319504
