times:
  edit-metadata: 1.5541576035320759
  landing: 0.8007363565266132
  view-data: 3.36842880025506
