times:
  edit-metadata: 1.4252254031598568
  landing: 0.7937229461967945
  view-data: 3.3150963746011257
