times:
  edit-metadata: 1.4276314675807953
  landing: 0.7576322257518768
  view-data: 3.436548724770546
