times:
  edit-metadata: 1.4055485874414444
  landing: 0.8374571315944195
  view-data: 3.290856696665287
