times:
  edit-metadata: 1.5670694299042225
  landing: 0.8546634428203106
  view-data: 3.3335072472691536
