times:
  edit-metadata: 2.3526195734739304
  landing: 1.2617112398147583
  view-data: 3.398705694824457
