times:
  edit-metadata: 1.487168088555336
  landing: 0.7657419070601463
  view-data: 3.2462117075920105
