times:
  edit-metadata: 1.9737568721175194
  landing: 1.3946424573659897
  view-data: 3.6567960307002068
