times:
  edit-metadata: 1.513836108148098
  landing: 0.8728938773274422
  view-data: 3.501799203455448
