times:
  edit-metadata: 2.033580504357815
  landing: 0.8624281510710716
  view-data: 3.4910654574632645
