times:
  edit-metadata: 1.5410834103822708
  landing: 0.8278522938489914
  view-data: 3.3600067272782326
