times:
  edit-metadata: 1.5958506613969803
  landing: 0.8403629213571548
  view-data: 3.3243884965777397
