times:
  edit-metadata: 1.638809185475111
  landing: 0.9330288097262383
  view-data: 3.3309221342206
