times:
  edit-metadata: 1.9820236042141914
  landing: 1.454695213586092
  view-data: 3.3463842459023
