times:
  edit-metadata: 1.389320220798254
  landing: 0.7887701652944088
  view-data: 3.3274545818567276
