times:
  edit-metadata: 2.2803150676190853
  landing: 1.1689190231263638
  view-data: 3.4523740597069263
