times:
  edit-metadata: 1.4141869246959686
  landing: 0.6908893585205078
  view-data: 3.398403838276863
