times:
  edit-metadata: 1.4270989522337914
  landing: 0.8281130194664001
  view-data: 3.2683218643069267
