times:
  edit-metadata: 1.7380649223923683
  landing: 1.1747407242655754
  view-data: 3.3428957611322403
