times:
  edit-metadata: 1.4553433060646057
  landing: 0.744006060063839
  view-data: 3.4462074860930443
