times:
  edit-metadata: 2.2185626216232777
  landing: 1.1354856565594673
  view-data: 3.425491511821747
