times:
  edit-metadata: 1.4832226037979126
  landing: 0.8147228732705116
  view-data: 3.3581136614084244
