times:
  edit-metadata: 1.4583602361381054
  landing: 0.7708965875208378
  view-data: 3.2728384621441364
