times:
  edit-metadata: 1.4924232363700867
  landing: 0.7414321899414062
  view-data: 3.4461832642555237
