times:
  edit-metadata: 1.4919380992650986
  landing: 0.8067355453968048
  view-data: 3.458552375435829
