times:
  edit-metadata: 1.6048947721719742
  landing: 1.2557810172438622
  view-data: 3.4947801381349564
