times:
  edit-metadata: 1.4738584160804749
  landing: 0.7689138352870941
  view-data: 3.5095943957567215
