times:
  edit-metadata: 1.4876363798975945
  landing: 0.7064663618803024
  view-data: 3.504495792090893
