times:
  edit-metadata: 1.4278084635734558
  landing: 0.9146862365305424
  view-data: 3.364009913057089
