times:
  edit-metadata: 1.5068368688225746
  landing: 0.8901340998709202
  view-data: 3.3216187693178654
