times:
  edit-metadata: 1.4746553115546703
  landing: 0.9253783784806728
  view-data: 3.327466666698456
