times:
  edit-metadata: 1.51080921292305
  landing: 0.8523911759257317
  view-data: 3.2413699477910995
