times:
  edit-metadata: 1.350086510181427
  landing: 0.704643540084362
  view-data: 3.43878997862339
