times:
  edit-metadata: 1.480854343622923
  landing: 0.7783120609819889
  view-data: 3.3592619150877
