times:
  edit-metadata: 1.442966714501381
  landing: 0.9061581566929817
  view-data: 3.379952594637871
