times:
  edit-metadata: 1.3880797177553177
  landing: 0.8576719909906387
  view-data: 3.2889500744640827
