times:
  edit-metadata: 1.413351159542799
  landing: 1.0172842852771282
  view-data: 3.3135103285312653
