times:
  edit-metadata: 1.4281373545527458
  landing: 0.7724087759852409
  view-data: 3.2936060950160027
