times:
  edit-metadata: 1.407879278063774
  landing: 0.7759867608547211
  view-data: 3.575060784816742
