times:
  edit-metadata: 1.5032066442072392
  landing: 0.8118980266153812
  view-data: 3.3198996111750603
