times:
  edit-metadata: 1.4258915930986404
  landing: 0.7784607410430908
  view-data: 3.5576244816184044
