times:
  edit-metadata: 1.452219769358635
  landing: 0.7924785986542702
  view-data: 3.4406482726335526
