times:
  edit-metadata: 1.4282446131110191
  landing: 0.873289942741394
  view-data: 3.2796779572963715
