times:
  edit-metadata: 1.593843899667263
  landing: 1.0201521292328835
  view-data: 3.4621322825551033
