times:
  edit-metadata: 1.2515745386481285
  landing: 0.8159422799944878
  view-data: 3.478055700659752
