times:
  edit-metadata: 2.358215853571892
  landing: 1.1318712309002876
  view-data: 3.808876819908619
