times:
  edit-metadata: 1.3603421598672867
  landing: 0.9868715405464172
  view-data: 3.481689363718033
