times:
  edit-metadata: 1.4935615211725235
  landing: 0.7686477676033974
  view-data: 3.565528154373169
