times:
  edit-metadata: 2.31280130892992
  landing: 1.2905515432357788
  view-data: 3.3366060070693493
