times:
  edit-metadata: 1.4383872672915459
  landing: 0.7633942887187004
  view-data: 3.3866267651319504
