times:
  edit-metadata: 1.5196512341499329
  landing: 0.9202194139361382
  view-data: 3.3851244673132896
