times:
  edit-metadata: 1.4462886452674866
  landing: 0.7345172390341759
  view-data: 3.454791985452175
