times:
  edit-metadata: 1.5361678674817085
  landing: 1.0372378081083298
  view-data: 3.3106281757354736
