times:
  edit-metadata: 1.4792670719325542
  landing: 0.8261470124125481
  view-data: 3.2982753291726112
