times:
  edit-metadata: 1.3543909266591072
  landing: 0.8656922280788422
  view-data: 3.473204165697098
