times:
  edit-metadata: 1.8185604363679886
  landing: 1.2210394963622093
  view-data: 3.4212217032909393
