times:
  edit-metadata: 1.4179958179593086
  landing: 0.8126329705119133
  view-data: 3.494659848511219
