times:
  edit-metadata: 1.4870782792568207
  landing: 0.8949533849954605
  view-data: 3.346055805683136
