times:
  edit-metadata: 1.5532396622002125
  landing: 1.088660690933466
  view-data: 3.3174535147845745
