times:
  edit-metadata: 1.4095998220145702
  landing: 0.8468332476913929
  view-data: 3.2983710132539272
