times:
  edit-metadata: 1.590773954987526
  landing: 0.8106926828622818
  view-data: 3.351607482880354
