times:
  edit-metadata: 1.3924130946397781
  landing: 0.7923736050724983
  view-data: 3.492227889597416
