times:
  edit-metadata: 1.3780145198106766
  landing: 0.7973183169960976
  view-data: 3.4867277815937996
