times:
  edit-metadata: 1.4922863841056824
  landing: 0.8627625107765198
  view-data: 3.5413460433483124
