times:
  edit-metadata: 1.5108107775449753
  landing: 0.7828783243894577
  view-data: 3.622269406914711
