times:
  edit-metadata: 1.544457159936428
  landing: 0.8514630272984505
  view-data: 3.311357334256172
