times:
  edit-metadata: 1.4428576529026031
  landing: 0.7833828404545784
  view-data: 3.347172297537327
