times:
  edit-metadata: 1.4288404062390327
  landing: 0.796803742647171
  view-data: 3.4777075946331024
