times:
  edit-metadata: 1.4710331037640572
  landing: 0.8579079955816269
  view-data: 3.547233484685421
