times:
  edit-metadata: 1.51173996925354
  landing: 1.210980013012886
  view-data: 3.287990301847458
