times:
  edit-metadata: 1.3480511903762817
  landing: 0.7725868001580238
  view-data: 3.5597552359104156
