times:
  edit-metadata: 1.4449738450348377
  landing: 0.7871960513293743
  view-data: 3.3698647245764732
