times:
  edit-metadata: 1.612956266850233
  landing: 0.9219811633229256
  view-data: 3.3493613824248314
