times:
  edit-metadata: 1.3925946727395058
  landing: 0.7977157980203629
  view-data: 3.3475142270326614
