times:
  edit-metadata: 1.4041204676032066
  landing: 0.834617480635643
  view-data: 3.3950663655996323
