times:
  edit-metadata: 1.4029242768883705
  landing: 0.8620768785476685
  view-data: 3.4113648906350136
