times:
  edit-metadata: 1.540763907134533
  landing: 0.8565310649573803
  view-data: 3.2475906498730183
