times:
  edit-metadata: 1.5228940919041634
  landing: 0.820360504090786
  view-data: 3.4747896790504456
