times:
  edit-metadata: 1.5190729424357414
  landing: 0.7381460666656494
  view-data: 3.466338165104389
