times:
  edit-metadata: 1.9690705388784409
  landing: 1.2792293354868889
  view-data: 3.6612108275294304
