times:
  edit-metadata: 1.5276843756437302
  landing: 0.7747738808393478
  view-data: 3.482598938047886
