times:
  edit-metadata: 1.5308601334691048
  landing: 0.8869788125157356
  view-data: 3.5829310044646263
