times:
  edit-metadata: 3.2177955582737923
  landing: 1.5035424754023552
  view-data: 3.879856377840042
