times:
  edit-metadata: 1.6937699802219868
  landing: 1.0229238271713257
  view-data: 3.4141656532883644
