times:
  edit-metadata: 1.3558793626725674
  landing: 0.8413650654256344
  view-data: 3.298527892678976
