times:
  edit-metadata: 1.8145347461104393
  landing: 1.1233469508588314
  view-data: 3.285361722111702
