times:
  edit-metadata: 1.588119126856327
  landing: 0.8862998113036156
  view-data: 3.3162597082555294
