times:
  edit-metadata: 1.3854303285479546
  landing: 0.7898337617516518
  view-data: 3.4976171255111694
