times:
  edit-metadata: 1.6184395402669907
  landing: 1.0009315311908722
  view-data: 3.4469118118286133
