times:
  edit-metadata: 1.892917551100254
  landing: 1.2697886601090431
  view-data: 3.461138777434826
