times:
  edit-metadata: 1.5153601840138435
  landing: 0.8637579008936882
  view-data: 3.4821087047457695
