times:
  edit-metadata: 3.5800339803099632
  landing: 2.910011202096939
  view-data: 4.381176605820656
