times:
  edit-metadata: 1.4169744923710823
  landing: 0.7399697378277779
  view-data: 3.3249306976795197
