times:
  edit-metadata: 1.4018959663808346
  landing: 0.8762465417385101
  view-data: 3.3959390074014664
