times:
  edit-metadata: 1.5651471242308617
  landing: 0.9618760049343109
  view-data: 3.5482014045119286
