times:
  edit-metadata: 1.5936956852674484
  landing: 0.9504226744174957
  view-data: 3.3066867366433144
