times:
  edit-metadata: 1.4216526336967945
  landing: 0.8599396347999573
  view-data: 3.350006502121687
