times:
  edit-metadata: 1.4186113774776459
  landing: 0.7733101472258568
  view-data: 3.3693921118974686
