times:
  edit-metadata: 1.4444497637450695
  landing: 0.8093239292502403
  view-data: 3.393898494541645
