times:
  edit-metadata: 1.3980821818113327
  landing: 0.7778993025422096
  view-data: 3.5498716309666634
