times:
  edit-metadata: 1.4852948784828186
  landing: 0.8699999377131462
  view-data: 3.5071593075990677
