times:
  edit-metadata: 1.4040529057383537
  landing: 0.7968826293945312
  view-data: 3.3767374455928802
