times:
  edit-metadata: 1.4178563505411148
  landing: 0.9277918487787247
  view-data: 3.4821491837501526
