times:
  edit-metadata: 1.465962290763855
  landing: 0.9050508737564087
  view-data: 3.3144105970859528
