times:
  edit-metadata: 1.4821148589253426
  landing: 0.8162646219134331
  view-data: 3.3474803790450096
