times:
  edit-metadata: 1.3455534614622593
  landing: 0.8079832755029202
  view-data: 3.431582000106573
