times:
  edit-metadata: 1.4296635314822197
  landing: 0.9050200060009956
  view-data: 3.5359547808766365
