times:
  edit-metadata: 1.3376536592841148
  landing: 0.818459652364254
  view-data: 3.453102193772793
