times:
  edit-metadata: 1.4951730780303478
  landing: 0.9689555391669273
  view-data: 3.350800223648548
