times:
  edit-metadata: 1.5517099387943745
  landing: 0.9435220956802368
  view-data: 3.2983215302228928
