times:
  edit-metadata: 1.5940843746066093
  landing: 1.0845189467072487
  view-data: 3.4448740631341934
