times:
  edit-metadata: 1.423999935388565
  landing: 0.7318238019943237
  view-data: 3.4455772042274475
