times:
  edit-metadata: 1.4615643545985222
  landing: 0.7365873605012894
  view-data: 3.3534928411245346
