times:
  edit-metadata: 1.4695087261497974
  landing: 0.8977474011480808
  view-data: 3.265242278575897
