times:
  edit-metadata: 1.4823542572557926
  landing: 0.8631888814270496
  view-data: 3.3068347461521626
