times:
  edit-metadata: 1.3666876330971718
  landing: 0.7965459004044533
  view-data: 3.261589728295803
