times:
  edit-metadata: 1.452418938279152
  landing: 0.7334916368126869
  view-data: 3.445540353655815
