times:
  edit-metadata: 1.3854401633143425
  landing: 0.8050728142261505
  view-data: 3.536934457719326
