times:
  edit-metadata: 1.8237544670701027
  landing: 0.9536275267601013
  view-data: 3.601656459271908
