times:
  edit-metadata: 1.5269050002098083
  landing: 1.2873791009187698
  view-data: 3.3261087760329247
