times:
  edit-metadata: 2.1584975197911263
  landing: 1.0195212587714195
  view-data: 3.3930960446596146
