times:
  edit-metadata: 1.4376008175313473
  landing: 0.8737500831484795
  view-data: 3.386051006615162
