times:
  edit-metadata: 1.748762160539627
  landing: 0.8045952692627907
  view-data: 3.4614476561546326
