times:
  edit-metadata: 1.3890793025493622
  landing: 0.8078725263476372
  view-data: 3.4734684005379677
