times:
  edit-metadata: 1.4815664738416672
  landing: 0.8144342377781868
  view-data: 3.2806128188967705
