times:
  edit-metadata: 1.4248878061771393
  landing: 0.7616003006696701
  view-data: 3.4902841225266457
