times:
  edit-metadata: 1.8909999765455723
  landing: 0.8381154276430607
  view-data: 3.339255440980196
