times:
  edit-metadata: 1.465003341436386
  landing: 0.9304507672786713
  view-data: 3.2773043736815453
