times:
  edit-metadata: 1.4196452051401138
  landing: 0.8632722906768322
  view-data: 3.306771095842123
