times:
  edit-metadata: 1.5137518048286438
  landing: 0.9137487038969994
  view-data: 3.454882651567459
