times:
  edit-metadata: 1.4181470051407814
  landing: 0.8073119074106216
  view-data: 3.458726480603218
