times:
  edit-metadata: 1.3878425993025303
  landing: 0.8365027494728565
  view-data: 3.2976964600384235
