times:
  edit-metadata: 1.4037795141339302
  landing: 0.9130289703607559
  view-data: 3.3173283860087395
