times:
  edit-metadata: 1.3902166113257408
  landing: 1.316892847418785
  view-data: 3.2909118719398975
