times:
  edit-metadata: 1.4607972204685211
  landing: 0.9155491143465042
  view-data: 3.3515134900808334
