times:
  edit-metadata: 1.5859294682741165
  landing: 0.8088275045156479
  view-data: 3.2845486514270306
