times:
  edit-metadata: 1.5469617247581482
  landing: 0.7323435544967651
  view-data: 3.4760827720165253
