times:
  edit-metadata: 1.6012255251407623
  landing: 0.7901863604784012
  view-data: 3.290125399827957
