times:
  edit-metadata: 1.8371751606464386
  landing: 0.824664443731308
  view-data: 3.5040298998355865
