times:
  edit-metadata: 1.5816179811954498
  landing: 0.8610681183636189
  view-data: 3.3988038189709187
