times:
  edit-metadata: 1.4787790849804878
  landing: 0.8828332386910915
  view-data: 3.367229726165533
