times:
  edit-metadata: 1.4078024998307228
  landing: 0.7846427410840988
  view-data: 3.4827312380075455
