times:
  edit-metadata: 1.4413661062717438
  landing: 0.8299789056181908
  view-data: 3.462657906115055
