times:
  edit-metadata: 1.370976459234953
  landing: 0.8750109486281872
  view-data: 3.2574170529842377
