times:
  edit-metadata: 1.4676013737916946
  landing: 0.8200984969735146
  view-data: 3.4948668479919434
