times:
  edit-metadata: 1.3687388747930527
  landing: 0.8101058937609196
  view-data: 3.327236235141754
