times:
  edit-metadata: 1.5053129717707634
  landing: 0.8653694242238998
  view-data: 3.3960318565368652
