times:
  edit-metadata: 1.5258763395249844
  landing: 0.8015208542346954
  view-data: 3.30617867782712
