times:
  edit-metadata: 1.4710707142949104
  landing: 0.7959528788924217
  view-data: 3.453672580420971
