times:
  edit-metadata: 1.4518699944019318
  landing: 0.9424042999744415
  view-data: 3.3006444796919823
