times:
  edit-metadata: 1.4327744841575623
  landing: 0.841726079583168
  view-data: 3.4665709510445595
