times:
  edit-metadata: 1.5271565690636635
  landing: 0.8249436169862747
  view-data: 3.387315444648266
