times:
  edit-metadata: 1.3930645436048508
  landing: 0.8134908303618431
  view-data: 3.324062816798687
