times:
  edit-metadata: 1.56875579059124
  landing: 0.9488865733146667
  view-data: 3.355904459953308
