times:
  edit-metadata: 1.585077777504921
  landing: 0.8813762068748474
  view-data: 3.4066688641905785
