times:
  edit-metadata: 1.4342020377516747
  landing: 0.944315854460001
  view-data: 3.2994137816131115
