times:
  edit-metadata: 1.4194696992635727
  landing: 0.7552432268857956
  view-data: 3.4126215651631355
