times:
  edit-metadata: 1.4873376302421093
  landing: 0.8967303596436977
  view-data: 3.3174474723637104
