times:
  edit-metadata: 1.8172628469765186
  landing: 0.9571435116231441
  view-data: 3.3780209198594093
