times:
  edit-metadata: 1.3715452551841736
  landing: 0.8049687519669533
  view-data: 3.47393399477005
