times:
  edit-metadata: 1.351844735443592
  landing: 0.8766859769821167
  view-data: 3.507090672850609
