times:
  edit-metadata: 1.3687206208705902
  landing: 0.7850097790360451
  view-data: 3.3306682780385017
