times:
  edit-metadata: 1.4515853188931942
  landing: 0.9549235366284847
  view-data: 3.3863940872251987
