times:
  edit-metadata: 1.472940944135189
  landing: 1.125725395977497
  view-data: 3.73829797655344
