times:
  edit-metadata: 1.557916320860386
  landing: 0.9436145424842834
  view-data: 3.29853643104434
