times:
  edit-metadata: 1.4534503519535065
  landing: 0.8414356708526611
  view-data: 3.455802395939827
