times:
  edit-metadata: 1.4506970569491386
  landing: 0.7492557838559151
  view-data: 3.341859646141529
