times:
  edit-metadata: 1.5321860685944557
  landing: 0.8353265300393105
  view-data: 3.566486641764641
