times:
  edit-metadata: 1.5285498537123203
  landing: 0.8686442039906979
  view-data: 3.293448943644762
