times:
  edit-metadata: 1.5947272256016731
  landing: 0.9220404997467995
  view-data: 3.357209526002407
