times:
  edit-metadata: 1.485174484550953
  landing: 0.7861146926879883
  view-data: 3.293934289366007
