times:
  edit-metadata: 1.5111498273909092
  landing: 0.8193724453449249
  view-data: 3.3897563107311726
