times:
  edit-metadata: 1.3768314234912395
  landing: 0.850680660456419
  view-data: 3.3276634216308594
