times:
  edit-metadata: 1.442946046590805
  landing: 0.8116682022809982
  view-data: 3.3571660816669464
