times:
  edit-metadata: 1.7508421018719673
  landing: 1.039238452911377
  view-data: 3.418467439711094
