times:
  edit-metadata: 1.4282108545303345
  landing: 0.7697425782680511
  view-data: 3.359343394637108
