times:
  edit-metadata: 1.5134311839938164
  landing: 0.8591129779815674
  view-data: 3.5535021126270294
