times:
  edit-metadata: 1.4499144405126572
  landing: 0.8649813085794449
  view-data: 3.266446076333523
