times:
  edit-metadata: 2.1977491229772568
  landing: 1.1474131792783737
  view-data: 3.7180930748581886
