times:
  edit-metadata: 1.4535008147358894
  landing: 0.8087056502699852
  view-data: 3.400276556611061
