times:
  edit-metadata: 1.4588732346892357
  landing: 0.8693256750702858
  view-data: 3.4665630534291267
