times:
  edit-metadata: 1.3809810653328896
  landing: 0.7694100216031075
  view-data: 3.497832864522934
