times:
  edit-metadata: 2.070107478648424
  landing: 1.0900938287377357
  view-data: 3.619601223617792
