times:
  edit-metadata: 1.4283213838934898
  landing: 0.7431732639670372
  view-data: 3.36729484051466
