times:
  edit-metadata: 1.3510446138679981
  landing: 0.8698520548641682
  view-data: 3.3206096962094307
