times:
  edit-metadata: 1.5025392062962055
  landing: 0.8996857963502407
  view-data: 3.4206574857234955
