times:
  edit-metadata: 1.62984305806458
  landing: 0.9995164056308568
  view-data: 3.433331383857876
