times:
  edit-metadata: 1.5424258671700954
  landing: 0.76750448346138
  view-data: 3.4250489063560963
