times:
  edit-metadata: 1.528435547836125
  landing: 0.725237995851785
  view-data: 3.3767626928165555
