times:
  edit-metadata: 1.4772583842277527
  landing: 0.8193282801657915
  view-data: 3.4223618917167187
