times:
  edit-metadata: 1.407449409365654
  landing: 0.82935606315732
  view-data: 3.2909009903669357
