times:
  edit-metadata: 2.2309518516995013
  landing: 1.13888103608042
  view-data: 3.9505755859427154
