times:
  edit-metadata: 1.421565480530262
  landing: 0.8029745705425739
  view-data: 3.327372755855322
