times:
  edit-metadata: 1.4926466052420437
  landing: 0.9079333618283272
  view-data: 3.303471912164241
