times:
  edit-metadata: 1.9192584920674562
  landing: 1.0869751889258623
  view-data: 3.3171436470001936
