times:
  edit-metadata: 1.6737550739198923
  landing: 0.9627263452857733
  view-data: 3.3482324704527855
