times:
  edit-metadata: 1.3655375884845853
  landing: 0.8505964986979961
  view-data: 3.420319621451199
