times:
  edit-metadata: 1.547326721251011
  landing: 0.7497286070138216
  view-data: 3.3826767168939114
