times:
  edit-metadata: 1.752488300204277
  landing: 1.2578358203172684
  view-data: 3.33104769513011
