times:
  edit-metadata: 1.3518371414393187
  landing: 0.6561667956411839
  view-data: 3.2830354012548923
