times:
  edit-metadata: 1.462805594317615
  landing: 0.872791962698102
  view-data: 3.397948426194489
