times:
  edit-metadata: 1.5021285079419613
  landing: 0.9209792166948318
  view-data: 3.2914206348359585
