times:
  edit-metadata: 1.6521583981812
  landing: 1.0949830077588558
  view-data: 3.3938717395067215
