times:
  edit-metadata: 1.4314312650822103
  landing: 0.8161255680024624
  view-data: 3.6853102380409837
