times:
  edit-metadata: 1.5825316775590181
  landing: 0.8657757882028818
  view-data: 3.421108117327094
