times:
  edit-metadata: 1.568440118804574
  landing: 0.8487393502146006
  view-data: 3.438443437218666
