times:
  edit-metadata: 1.5473353117704391
  landing: 1.005313791334629
  view-data: 3.4114957228302956
