times:
  edit-metadata: 1.6232703402638435
  landing: 0.9922442175447941
  view-data: 3.369926817715168
