times:
  edit-metadata: 1.4718731045722961
  landing: 0.7498419359326363
  view-data: 3.3433459997177124
