times:
  edit-metadata: 1.4378820303827524
  landing: 0.7781569808721542
  view-data: 3.3742909617722034
