times:
  edit-metadata: 1.5048483861610293
  landing: 0.7999566085636616
  view-data: 3.3802083507180214
