times:
  edit-metadata: 1.4707716070115566
  landing: 0.9135444089770317
  view-data: 3.3499720990657806
