times:
  edit-metadata: 1.4748495686799288
  landing: 0.7646905016154051
  view-data: 3.373354898765683
