times:
  edit-metadata: 1.5554362703114748
  landing: 0.9578578677028418
  view-data: 3.3922052308917046
