times:
  edit-metadata: 1.4676961144432425
  landing: 0.7348481509834528
  view-data: 3.428227374330163
