times:
  edit-metadata: 1.5687689110636711
  landing: 0.9940883331000805
  view-data: 3.3799956627190113
