times:
  edit-metadata: 1.3204104900360107
  landing: 0.8520207796245813
  view-data: 0.6024195048958063
