times:
  edit-metadata: 2.4463759986683726
  landing: 0.925937021151185
  view-data: 3.639782387763262
