times:
  edit-metadata: 1.5099840871989727
  landing: 0.9073591567575932
  view-data: 3.3255909178406
