times:
  edit-metadata: 2.1040228605270386
  landing: 1.402386475354433
  view-data: 3.4812523685395718
