times:
  edit-metadata: 1.4961192840710282
  landing: 0.8484571846202016
  view-data: 3.3295003520324826
