times:
  edit-metadata: 1.6703788610175252
  landing: 0.9441576013341546
  view-data: 3.3118312740698457
