times:
  edit-metadata: 1.613023104146123
  landing: 0.7443788629025221
  view-data: 3.3755184691399336
