times:
  edit-metadata: 1.6109751239418983
  landing: 0.9727682657539845
  view-data: 3.3701262287795544
