times:
  edit-metadata: 1.552473809570074
  landing: 0.8215228281915188
  view-data: 3.4341923110187054
