times:
  edit-metadata: 1.3636403661221266
  landing: 0.86259994097054
  view-data: 3.375780664384365
