times:
  edit-metadata: 1.7370255887508392
  landing: 1.3128833770751953
  view-data: 3.404278740286827
