times:
  edit-metadata: 1.441050674766302
  landing: 0.9172248244285583
  view-data: 3.3053855784237385
