times:
  edit-metadata: 1.7785680629312992
  landing: 1.0797816440463066
  view-data: 3.4969064202159643
