times:
  edit-metadata: 1.4486470436677337
  landing: 0.8973442697897553
  view-data: 3.3369380570948124
