times:
  edit-metadata: 1.4966801404953003
  landing: 0.8447799496352673
  view-data: 3.3451648838818073
