times:
  edit-metadata: 1.6127735488116741
  landing: 0.8703513313084841
  view-data: 3.4237581081688404
