times:
  edit-metadata: 1.7768980022519827
  landing: 0.9355346653610468
  view-data: 3.3630425464361906
