times:
  edit-metadata: 1.3844985803589225
  landing: 0.9544707126915455
  view-data: 3.457712011411786
