times:
  edit-metadata: 1.332420364022255
  landing: 0.8259520791471004
  view-data: 3.360236294567585
