times:
  edit-metadata: 1.6145851593464613
  landing: 0.82245759293437
  view-data: 3.40738657861948
