times:
  edit-metadata: 2.0286490190774202
  landing: 1.1356961475685239
  view-data: 3.3969192784279585
