times:
  edit-metadata: 1.4373469967395067
  landing: 0.8257916681468487
  view-data: 3.3502068631350994
