times:
  edit-metadata: 1.4805268980562687
  landing: 0.8809024393558502
  view-data: 3.3462749049067497
