times:
  edit-metadata: 1.5057292096316814
  landing: 0.9670956805348396
  view-data: 0.8332569263875484
