times:
  edit-metadata: 2.07145655201748
  landing: 1.3160393782891333
  view-data: 3.5128406891599298
