times:
  edit-metadata: 1.25570510327816
  landing: 0.8294747676700354
  view-data: 3.3772166166454554
