times:
  edit-metadata: 1.4510072004050016
  landing: 0.7917995937168598
  view-data: 3.3613704591989517
