times:
  edit-metadata: 1.3175947666168213
  landing: 0.8667439259588718
  view-data: 0.6235379725694656
