times:
  edit-metadata: 1.5644955076277256
  landing: 0.8873545862734318
  view-data: 3.468533243983984
