times:
  edit-metadata: 1.6127683781087399
  landing: 0.9321491941809654
  view-data: 3.4702826999127865
