times:
  edit-metadata: 1.40526373218745
  landing: 0.8261119509115815
  view-data: 3.3767911680042744
