times:
  edit-metadata: 1.5374231971800327
  landing: 0.9770425409078598
  view-data: 3.4052863605320454
