times:
  edit-metadata: 1.5676740258932114
  landing: 1.090704046189785
  view-data: 3.3586345836520195
