times:
  edit-metadata: 1.556705130264163
  landing: 0.7633578982204199
  view-data: 3.3799592927098274
