times:
  edit-metadata: 1.4756187461316586
  landing: 0.8746402114629745
  view-data: 3.3736317828297615
