times:
  edit-metadata: 2.4241587426513433
  landing: 1.3411749117076397
  view-data: 3.6041394285857677
