times:
  edit-metadata: 1.5274154357612133
  landing: 0.8437772821635008
  view-data: 3.4706969000399113
