times:
  edit-metadata: 1.4076528940349817
  landing: 0.7517248522490263
  view-data: 3.3232901841402054
