times:
  edit-metadata: 2.2813207916915417
  landing: 1.1727047935128212
  view-data: 3.3881331644952297
