times:
  edit-metadata: 1.5159937180578709
  landing: 1.136047013103962
  view-data: 3.4047644562087953
