times:
  edit-metadata: 1.817878820002079
  landing: 0.9651812519878149
  view-data: 3.485337421298027
