times:
  edit-metadata: 1.3475184477865696
  landing: 0.6855532564222813
  view-data: 3.412727978080511
