times:
  edit-metadata: 1.5345174297690392
  landing: 0.9027777872979641
  view-data: 3.364689104259014
