times:
  edit-metadata: 1.4970221351832151
  landing: 1.0215703882277012
  view-data: 3.3976117111742496
