times:
  edit-metadata: 1.4708792506717145
  landing: 0.8274264321662486
  view-data: 3.307868489995599
