times:
  edit-metadata: 1.506975395604968
  landing: 0.827705480158329
  view-data: 3.3819469027221203
