times:
  edit-metadata: 1.5447535496205091
  landing: 0.8025116231292486
  view-data: 3.374175053089857
