times:
  edit-metadata: 1.5728876292705536
  landing: 0.9515218548476696
  view-data: 3.4282264038920403
