times:
  edit-metadata: 2.823739937506616
  landing: 0.9307179301977158
  view-data: 3.3768183225765824
