times:
  edit-metadata: 1.4921973589807749
  landing: 0.8241278547793627
  view-data: 3.351189725100994
