times:
  edit-metadata: 1.4404738396406174
  landing: 0.8154744785279036
  view-data: 3.382967371493578
