times:
  edit-metadata: 1.421898528933525
  landing: 0.787863019388169
  view-data: 3.3816147563047707
