times:
  edit-metadata: 1.5885435994714499
  landing: 0.807398222386837
  view-data: 3.3377448692917824
