times:
  edit-metadata: 1.50425660982728
  landing: 0.7876479774713516
  view-data: 3.3701988868415356
