times:
  edit-metadata: 1.5115344189107418
  landing: 0.7470389008522034
  view-data: 0.5681906137615442
