times:
  edit-metadata: 1.5324571914970875
  landing: 1.025484886020422
  view-data: 3.341969344764948
