times:
  edit-metadata: 1.6167510468512774
  landing: 0.8460823502391577
  view-data: 3.4265360198915005
