times:
  edit-metadata: 1.4333748687058687
  landing: 0.8423109538853168
  view-data: 3.351114312186837
