times:
  edit-metadata: 1.5242560058832169
  landing: 0.8244726620614529
  view-data: 3.4019256457686424
