times:
  edit-metadata: 3.176650047302246
  landing: 2.37401569634676
  view-data: 3.555125370621681
