times:
  edit-metadata: 1.5746552683413029
  landing: 0.987172856926918
  view-data: 3.3430163636803627
