times:
  edit-metadata: 1.9148375950753689
  landing: 1.1017569415271282
  view-data: 3.5860153920948505
