times:
  edit-metadata: 1.4183680564165115
  landing: 0.9494787976145744
  view-data: 3.3755223490297794
