times:
  edit-metadata: 1.49536964436993
  landing: 1.031112477183342
  view-data: 3.5063957911916077
