times:
  edit-metadata: 1.6711606960743666
  landing: 1.005264189094305
  view-data: 3.347945300862193
