times:
  edit-metadata: 1.4423124506138265
  landing: 0.9299664129503071
  view-data: 3.334434473887086
