times:
  edit-metadata: 2.0411168839782476
  landing: 1.1701557105407119
  view-data: 3.535024167969823
