times:
  edit-metadata: 1.366942960768938
  landing: 0.7794851660728455
  view-data: 3.299969382584095
