times:
  edit-metadata: 1.5213251896202564
  landing: 0.8197943791747093
  view-data: 3.3986111618578434
