times:
  edit-metadata: 1.3123168861493468
  landing: 0.817915610037744
  view-data: 3.319635032210499
