times:
  edit-metadata: 1.519391966983676
  landing: 0.8003572355955839
  view-data: 3.3935175016522408
