times:
  edit-metadata: 1.6237068995833397
  landing: 0.9871779344975948
  view-data: 3.3744662143290043
