times:
  edit-metadata: 1.609377071261406
  landing: 0.9891788437962532
  view-data: 3.3875168189406395
