times:
  edit-metadata: 1.5990357361733913
  landing: 0.9639307726174593
  view-data: 3.407533446326852
