times:
  edit-metadata: 1.7026592120528221
  landing: 0.981048921123147
  view-data: 3.2835049871355295
