times:
  edit-metadata: 2.5072518922388554
  landing: 1.557781770825386
  view-data: 3.5514668636024
