times:
  edit-metadata: 1.4232628922909498
  landing: 0.734697075560689
  view-data: 3.29049233533442
