times:
  edit-metadata: 1.807399658486247
  landing: 1.062679696828127
  view-data: 3.3949059015139937
