times:
  edit-metadata: 1.4638069532811642
  landing: 1.1232170723378658
  view-data: 3.3786843828856945
