times:
  edit-metadata: 1.5350513085722923
  landing: 0.9468423090875149
  view-data: 3.410122700035572
