times:
  edit-metadata: 2.1826204024255276
  landing: 1.0978972539305687
  view-data: 3.4229913130402565
