times:
  edit-metadata: 1.4530958160758018
  landing: 0.7598553486168385
  view-data: 3.4424526169896126
