times:
  edit-metadata: 1.3645180724561214
  landing: 1.0139434412121773
  view-data: 3.3282638899981976
