times:
  edit-metadata: 1.3943757228553295
  landing: 0.6921461895108223
  view-data: 3.3599135614931583
