times:
  edit-metadata: 1.706599935889244
  landing: 0.7937541771680117
  view-data: 3.2822875920683146
