times:
  edit-metadata: 2.708958588540554
  landing: 4.077689182013273
  view-data: 3.5025251638144255
