times:
  edit-metadata: 1.7139776814728975
  landing: 1.2367017418146133
  view-data: 3.305952100083232
