times:
  edit-metadata: 1.5066278502345085
  landing: 0.8365160785615444
  view-data: 3.4246705286204815
