times:
  edit-metadata: 1.5375724583864212
  landing: 1.1405788958072662
  view-data: 3.3474371135234833
