times:
  edit-metadata: 1.4919465221464634
  landing: 0.9878534935414791
  view-data: 3.344664916396141
