times:
  edit-metadata: 1.4700479921884835
  landing: 0.8167473417706788
  view-data: 3.4046327196992934
