times:
  edit-metadata: 2.0646561440080404
  landing: 0.9894047491252422
  view-data: 3.461735013872385
