times:
  edit-metadata: 1.6326168179512024
  landing: 1.1072221174836159
  view-data: 3.3624164201319218
