times:
  edit-metadata: 1.3543327413499355
  landing: 0.8739834111183882
  view-data: 3.348825827240944
