times:
  edit-metadata: 1.457199504133314
  landing: 0.8332214797846973
  view-data: 3.4101562341675162
