times:
  edit-metadata: 1.563407481648028
  landing: 0.7882020715624094
  view-data: 3.314952475950122
