times:
  edit-metadata: 1.4450624100863934
  landing: 0.9051266349852085
  view-data: 3.3053162693977356
