times:
  edit-metadata: 1.5127697419375181
  landing: 0.9327081087976694
  view-data: 3.390941359102726
