times:
  edit-metadata: 1.4342059949412942
  landing: 0.8446968859061599
  view-data: 3.288992223329842
