times:
  edit-metadata: 1.4342902379576117
  landing: 1.6519172759726644
  view-data: 3.404084949987009
