times:
  edit-metadata: 1.5071999616920948
  landing: 0.8137480933219194
  view-data: 3.3417600747197866
