times:
  edit-metadata: 1.5238759964704514
  landing: 0.8885011374950409
  view-data: 3.333232782781124
