times:
  edit-metadata: 1.7161151431500912
  landing: 0.8823409304022789
  view-data: 3.3586803898215294
