times:
  edit-metadata: 1.5306489206850529
  landing: 0.7671468090265989
  view-data: 3.412044633179903
