times:
  edit-metadata: 1.4707351960241795
  landing: 1.0284517351537943
  view-data: 3.7568306112661958
