times:
  edit-metadata: 1.4321929458528757
  landing: 0.8456284743733704
  view-data: 3.402604734990746
