times:
  edit-metadata: 1.4419347271323204
  landing: 0.8708327682688832
  view-data: 3.3727957755327225
