times:
  edit-metadata: 1.4655761644244194
  landing: 0.7996312147006392
  view-data: 3.357406339608133
