times:
  edit-metadata: 1.502205278724432
  landing: 0.9204700663685799
  view-data: 0.6574849002063274
