times:
  edit-metadata: 1.5741378143429756
  landing: 1.0439224727451801
  view-data: 3.3706882894039154
