times:
  edit-metadata: 2.0276376153342426
  landing: 1.1076039881445467
  view-data: 3.4562677671201527
