times:
  edit-metadata: 1.5157215930521488
  landing: 0.8429153189063072
  view-data: 3.326991807669401
