times:
  edit-metadata: 1.5893434844911098
  landing: 0.7378311045467854
  view-data: 3.3540782295167446
