times:
  edit-metadata: 1.3493784479796886
  landing: 0.6785982176661491
  view-data: 3.3103047348558903
