times:
  edit-metadata: 1.428738659247756
  landing: 0.8539682999253273
  view-data: 3.4219129364937544
