times:
  edit-metadata: 1.4814212173223495
  landing: 0.9816681854426861
  view-data: 3.295609049499035
