times:
  edit-metadata: 1.3903762199915946
  landing: 0.8631743788719177
  view-data: 3.3737967531196773
