times:
  edit-metadata: 1.4895537532866001
  landing: 0.942489642649889
  view-data: 3.3702962324023247
