times:
  edit-metadata: 1.4859147276729345
  landing: 0.8051701318472624
  view-data: 3.3559826128184795
