times:
  edit-metadata: 1.4851035885512829
  landing: 1.0219466835260391
  view-data: 3.4049606695771217
