times:
  edit-metadata: 1.4034295156598091
  landing: 0.7853607460856438
  view-data: 3.307101633399725
