times:
  edit-metadata: 1.461851753294468
  landing: 0.8476925939321518
  view-data: 3.2976458333432674
