times:
  edit-metadata: 1.5185436615720391
  landing: 0.87066709715873
  view-data: 3.452726916410029
