times:
  edit-metadata: 1.5441222973167896
  landing: 1.0636692605912685
  view-data: 0.857579305768013
