times:
  edit-metadata: 1.5964861270040274
  landing: 0.6964672524482012
  view-data: 3.379211748018861
