times:
  edit-metadata: 1.988340150564909
  landing: 0.8215736970305443
  view-data: 3.381740286014974
