times:
  edit-metadata: 1.5364855751395226
  landing: 0.8449559956789017
  view-data: 3.393040709197521
