times:
  edit-metadata: 1.3241003528237343
  landing: 0.8526697959750891
  view-data: 3.3372200336307287
