times:
  edit-metadata: 1.4668203555047512
  landing: 0.974304411560297
  view-data: 3.4085434153676033
