times:
  edit-metadata: 1.6738986317068338
  landing: 1.285709772258997
  view-data: 3.3689582254737616
