times:
  edit-metadata: 1.548035778105259
  landing: 0.9198651686310768
  view-data: 3.3696120753884315
