times:
  edit-metadata: 1.6306677050888538
  landing: 0.9704757556319237
  view-data: 3.435911525040865
