times:
  edit-metadata: 1.9727014787495136
  landing: 1.2751484550535679
  view-data: 3.480143841356039
