times:
  edit-metadata: 1.4089987203478813
  landing: 6.432688195258379
  view-data: 0.645731583237648
