times:
  edit-metadata: 1.4643559288233519
  landing: 0.847796531394124
  view-data: 3.334159391000867
