times:
  edit-metadata: 1.429238649085164
  landing: 0.7982083335518837
  view-data: 3.364769132807851
