times:
  edit-metadata: 1.503847848623991
  landing: 0.8436347115784883
  view-data: 3.4031492974609137
