times:
  edit-metadata: 1.5388523917645216
  landing: 0.8648395519703627
  view-data: 3.423958547413349
