times:
  edit-metadata: 1.340419768821448
  landing: 0.7447014143690467
  view-data: 3.343554215040058
