times:
  edit-metadata: 1.6217516344040632
  landing: 0.9088205806910992
  view-data: 3.329181319102645
