times:
  edit-metadata: 1.4450803017243743
  landing: 0.7856344440951943
  view-data: 3.3789682555943727
