times:
  edit-metadata: 1.570910939015448
  landing: 2.2527794619090855
  view-data: 3.330462438054383
