times:
  edit-metadata: 1.5144217368215322
  landing: 0.8317454848438501
  view-data: 3.3685848843306303
