times:
  edit-metadata: 1.544560570269823
  landing: 0.8045402988791466
  view-data: 3.4441840201616287
