times:
  edit-metadata: 1.4667927511036396
  landing: 0.8396351523697376
  view-data: 3.3775963820517063
