times:
  edit-metadata: 1.7288568578660488
  landing: 0.9885092861950397
  view-data: 3.3383584916591644
