times:
  edit-metadata: 1.420897413045168
  landing: 0.9241111688315868
  view-data: 3.3853067234158516
