times:
  edit-metadata: 1.9476871639490128
  landing: 0.9974536523222923
  view-data: 3.2790782637894154
