times:
  edit-metadata: 1.4303460903465748
  landing: 0.8796519935131073
  view-data: 3.315237194299698
