times:
  edit-metadata: 1.305493786931038
  landing: 0.7453948371112347
  view-data: 3.2801874689757824
