times:
  edit-metadata: 1.5179635379463434
  landing: 0.8565313350409269
  view-data: 3.42208362929523
