times:
  edit-metadata: 3.6885642539709806
  landing: 1.7013783734291792
  view-data: 3.5846966430544853
