times:
  edit-metadata: 1.5280713867396116
  landing: 0.9112133085727692
  view-data: 3.4264728724956512
