times:
  edit-metadata: 1.5381664782762527
  landing: 0.9492697231471539
  view-data: 3.4715785942971706
