times:
  edit-metadata: 1.5082553122192621
  landing: 0.7660269550979137
  view-data: 3.4567534755915403
