times:
  edit-metadata: 1.46358750667423
  landing: 0.9136332701891661
  view-data: 3.530819651670754
