times:
  edit-metadata: 1.5206329859793186
  landing: 0.8455706238746643
  view-data: 3.3721033446490765
