times:
  edit-metadata: 1.5417335331439972
  landing: 0.9379882551729679
  view-data: 3.346624493598938
