times:
  edit-metadata: 1.4781489111483097
  landing: 0.8194317668676376
  view-data: 3.3492517359554768
