times:
  edit-metadata: 1.4996622018516064
  landing: 1.0603215619921684
  view-data: 3.353690728545189
