times:
  edit-metadata: 1.4820197187364101
  landing: 0.8537510074675083
  view-data: 3.3786195749416947
