times:
  edit-metadata: 1.3893715143203735
  landing: 0.9594275839626789
  view-data: 3.321377418935299
