times:
  edit-metadata: 1.5318169128149748
  landing: 0.9608648773282766
  view-data: 3.3767079412937164
