times:
  edit-metadata: 1.5929608158767223
  landing: 0.9623896814882755
  view-data: 3.354590069502592
