times:
  edit-metadata: 1.4938759375363588
  landing: 0.8256469406187534
  view-data: 3.457620471715927
