times:
  edit-metadata: 1.3571193851530552
  landing: 0.7422717437148094
  view-data: 3.3119747042655945
