times:
  edit-metadata: 1.4749140869826078
  landing: 0.8815043922513723
  view-data: 3.4163816049695015
