times:
  edit-metadata: 1.5508038960397243
  landing: 0.908244676887989
  view-data: 3.3970457203686237
