times:
  edit-metadata: 1.5363096632063389
  landing: 0.9168820939958096
  view-data: 3.331596978008747
