times:
  edit-metadata: 1.5370204597711563
  landing: 0.6968781668692827
  view-data: 3.306191749870777
