times:
  edit-metadata: 1.3133787550032139
  landing: 0.8520880397409201
  view-data: 3.379449561238289
