times:
  edit-metadata: 1.8792497366666794
  landing: 1.3921732492744923
  view-data: 3.354681368917227
