times:
  edit-metadata: 1.5407237224280834
  landing: 0.9724322594702244
  view-data: 3.4052343890070915
