times:
  edit-metadata: 1.4203649908304214
  landing: 1.015755234286189
  view-data: 3.527458196505904
