times:
  edit-metadata: 1.502650823444128
  landing: 0.9335279986262321
  view-data: 3.3446379601955414
