times:
  edit-metadata: 1.3832897059619427
  landing: 0.846070802770555
  view-data: 3.3654682599008083
