times:
  edit-metadata: 1.580353133380413
  landing: 0.8591223359107971
  view-data: 3.3993058055639267
