times:
  edit-metadata: 1.4840804301202297
  landing: 1.0334147103130817
  view-data: 3.392445918172598
