times:
  edit-metadata: 2.0362937189638615
  landing: 1.164695106446743
  view-data: 3.370033636689186
