times:
  edit-metadata: 1.4841092303395271
  landing: 0.8982637412846088
  view-data: 3.3604407720267773
