times:
  edit-metadata: 1.3522709496319294
  landing: 0.8025830127298832
  view-data: 0.6601526848971844
