times:
  edit-metadata: 1.3680707179009914
  landing: 0.8457816019654274
  view-data: 0.7494460418820381
