times:
  edit-metadata: 1.4906399250030518
  landing: 1.0251696035265923
  view-data: 3.3931681476533413
