times:
  edit-metadata: 1.4281306993216276
  landing: 0.8201419021934271
  view-data: 3.7006749361753464
