times:
  edit-metadata: 1.4181091580539942
  landing: 0.8606475722044706
  view-data: 0.9014608804136515
