times:
  edit-metadata: 1.5000233799219131
  landing: 0.8934162724763155
  view-data: 0.7957707159221172
