times:
  edit-metadata: 1.5416380241513252
  landing: 0.9811431244015694
  view-data: 3.349148850888014
