times:
  edit-metadata: 2.411291792988777
  landing: 1.2940783202648163
  view-data: 3.3605546951293945
