times:
  edit-metadata: 1.3996447641402483
  landing: 0.8124602809548378
  view-data: 0.6608736980706453
