times:
  edit-metadata: 1.3654391877353191
  landing: 0.9373380187898874
  view-data: 0.8441767264157534
