times:
  edit-metadata: 1.4115098863840103
  landing: 0.8596079293638468
  view-data: 0.910663828253746
