times:
  edit-metadata: 2.064178479835391
  landing: 1.1858376823365688
  view-data: 0.810179740190506
