times:
  edit-metadata: 2.1844973731786013
  landing: 0.8739269468933344
  view-data: 3.3100675269961357
