times:
  edit-metadata: 1.4903782457113266
  landing: 1.0060205198824406
  view-data: 3.3560033962130547
