times:
  edit-metadata: 1.5900836437940598
  landing: 1.055225495249033
  view-data: 3.3769020214676857
