times:
  edit-metadata: 1.4410597141832113
  landing: 0.8902344089001417
  view-data: 0.9130837544798851
