times:
  edit-metadata: 1.2948688250035048
  landing: 0.935092119500041
  view-data: 0.7021246608346701
