times:
  edit-metadata: 1.5629048720002174
  landing: 1.2310783192515373
  view-data: 3.43850689381361
