times:
  edit-metadata: 1.5569179728627205
  landing: 0.8816852904856205
  view-data: 0.8864561840891838
