times:
  edit-metadata: 1.499376269057393
  landing: 0.9927772004157305
  view-data: 0.8281919099390507
