times:
  edit-metadata: 1.8899197857826948
  landing: 6.887127114459872
  view-data: 3.392657147720456
