times:
  edit-metadata: 1.8906640633940697
  landing: 1.2184091098606586
  view-data: 3.276060089468956
