times:
  edit-metadata: 1.4645999185740948
  landing: 0.9427675306797028
  view-data: 3.3599215485155582
