times:
  edit-metadata: 1.674281232059002
  landing: 1.2463450245559216
  view-data: 3.457565613090992
