times:
  edit-metadata: 1.49146943166852
  landing: 0.9881108701229095
  view-data: 3.4046261943876743
