times:
  edit-metadata: 2.2139946799725294
  landing: 1.4253631215542555
  view-data: 3.4677333012223244
