times:
  edit-metadata: 1.4236143119633198
  landing: 1.126588348299265
  view-data: 0.8181373551487923
