times:
  edit-metadata: 1.5094341710209846
  landing: 1.2173841521143913
  view-data: 3.4475145377218723
