times:
  edit-metadata: 1.6971316030249
  landing: 0.9202570021152496
  view-data: 3.6021566446870565
