times:
  edit-metadata: 1.705397192388773
  landing: 1.132840920239687
  view-data: 3.34096859395504
