times:
  edit-metadata: 1.3561427406966686
  landing: 1.1020799651741982
  view-data: 3.3586585372686386
