times:
  edit-metadata: 1.3822386153042316
  landing: 1.0384845361113548
  view-data: 3.2764968797564507
