times:
  edit-metadata: 1.6577833257615566
  landing: 1.1415704190731049
  view-data: 3.3665714263916016
