times:
  edit-metadata: 1.58678687363863
  landing: 1.0606157630681992
  view-data: 3.328365169465542
