times:
  edit-metadata: 1.3352327235043049
  landing: 0.9269866682589054
  view-data: 3.2995788902044296
