times:
  edit-metadata: 1.5596342459321022
  landing: 1.159387655556202
  view-data: 3.3681653812527657
