times:
  edit-metadata: 1.3777418192476034
  landing: 1.0566057190299034
  view-data: 0.9121743068099022
