times:
  edit-metadata: 1.5118468943983316
  landing: 1.0078902021050453
  view-data: 0.8953530825674534
