times:
  edit-metadata: 1.3239070624113083
  landing: 0.8423642627894878
  view-data: 0.785007881000638
