times:
  edit-metadata: 1.8796107769012451
  landing: 1.4816852640360594
  view-data: 0.803504940122366
