times:
  edit-metadata: 1.468658734112978
  landing: 1.1327229365706444
  view-data: 3.334459252655506
