times:
  edit-metadata: 1.3898565489798784
  landing: 1.1382584888488054
  view-data: 0.7621867265552282
