times:
  edit-metadata: 1.398711733520031
  landing: 1.0367503836750984
  view-data: 3.246166653931141
