times:
  edit-metadata: 1.4306982420384884
  landing: 1.0679425448179245
  view-data: 3.3405965715646744
