times:
  edit-metadata: 1.3954410813748837
  landing: 0.8438006490468979
  view-data: 0.8640032298862934
