times:
  edit-metadata: 1.333726279437542
  landing: 1.2582782916724682
  view-data: 3.3859839513897896
