times:
  edit-metadata: 1.7473220638930798
  landing: 1.461106464266777
  view-data: 3.3188833370804787
