times:
  edit-metadata: 1.2922210060060024
  landing: 0.9054450243711472
  view-data: 0.7793364711105824
