times:
  edit-metadata: 1.4768311455845833
  landing: 1.032031748443842
  view-data: 3.3555267117917538
