times:
  edit-metadata: 1.4958661794662476
  landing: 0.8063295446336269
  view-data: 3.3219031430780888
