times:
  edit-metadata: 1.477316964417696
  landing: 1.1646040305495262
  view-data: 3.454451810568571
