times:
  edit-metadata: 2.3571431525051594
  landing: 7.810196094214916
  view-data: 3.3874826580286026
