times:
  edit-metadata: 2.7574440240859985
  landing: 1.6798132061958313
  view-data: 3.641187347471714
