times:
  edit-metadata: 2.0193713307380676
  landing: 1.2456540130078793
  view-data: 3.2938307151198387
