times:
  edit-metadata: 1.3444349840283394
  landing: 0.8313087597489357
  view-data: 0.6829567588865757
