times:
  edit-metadata: 1.7013776861131191
  landing: 1.201071072369814
  view-data: 3.4025145918130875
