times:
  edit-metadata: 2.036854799836874
  landing: 1.1299927458167076
  view-data: 3.401201155036688
