times:
  edit-metadata: 1.4790361803025007
  landing: 0.8673952259123325
  view-data: 0.8189748115837574
