times:
  edit-metadata: 1.5083288848400116
  landing: 0.8733354527503252
  view-data: 0.6917540263384581
