times:
  edit-metadata: 1.444642499089241
  landing: 0.8558529149740934
  view-data: 0.677578866481781
