times:
  edit-metadata: 1.5102754943072796
  landing: 1.0061090663075447
  view-data: 3.385327823460102
