times:
  edit-metadata: 1.4161524195224047
  landing: 0.9559220038354397
  view-data: 0.8952200394123793
