times:
  edit-metadata: 1.3546788431704044
  landing: 0.9609752632677555
  view-data: 3.292507380247116
