times:
  edit-metadata: 1.4167014546692371
  landing: 0.8616024777293205
  view-data: 0.8273120149970055
