times:
  edit-metadata: 1.3927575796842575
  landing: 0.8383218683302402
  view-data: 0.6906944811344147
