times:
  edit-metadata: 1.4478011094033718
  landing: 1.0674578472971916
  view-data: 3.378815498203039
