times:
  edit-metadata: 1.5582240410149097
  landing: 1.1543502360582352
  view-data: 3.4130065999925137
