times:
  edit-metadata: 1.5125011280179024
  landing: 0.8344105966389179
  view-data: 3.35901010222733
