times:
  edit-metadata: 1.3672409672290087
  landing: 0.8240639679133892
  view-data: 0.8119622338563204
