times:
  edit-metadata: 1.451161865144968
  landing: 2.732299253344536
  view-data: 3.4045300893485546
