times:
  edit-metadata: 1.5072176828980446
  landing: 0.8461667317897081
  view-data: 0.7941498663276434
