times:
  edit-metadata: 1.3966444171965122
  landing: 1.1025505736470222
  view-data: 3.3724418468773365
