times:
  edit-metadata: 1.440061828121543
  landing: 0.8658625073730946
  view-data: 0.8998652454465628
