times:
  edit-metadata: 1.4630731754004955
  landing: 1.0470679625868797
  view-data: 3.458817455917597
