times:
  edit-metadata: 1.4251891262829304
  landing: 0.8935074079781771
  view-data: 0.7702767960727215
