times:
  edit-metadata: 1.9898586943745613
  landing: 1.1966154463589191
  view-data: 3.3803935907781124
