times:
  edit-metadata: 1.5578525811433792
  landing: 1.0946122743189335
  view-data: 3.355463795363903
