times:
  edit-metadata: 1.4079777523875237
  landing: 1.1872210316359997
  view-data: 3.404378864914179
