times:
  edit-metadata: 1.4821734875440598
  landing: 0.7894339561462402
  view-data: 3.3053497560322285
