times:
  edit-metadata: 1.423502767458558
  landing: 0.7721457872539759
  view-data: 0.6985737532377243
