times:
  edit-metadata: 1.9072246886789799
  landing: 1.048462562263012
  view-data: 3.3482419289648533
