times:
  edit-metadata: 1.5186240896582603
  landing: 0.9581949673593044
  view-data: 0.7409123331308365
