times:
  edit-metadata: 1.4655069410800934
  landing: 0.9121870491653681
  view-data: 0.7609001081436872
