times:
  edit-metadata: 1.4334630388766527
  landing: 0.9467041399329901
  view-data: 0.7507197204977274
