times:
  edit-metadata: 4.53704159706831
  landing: 1.6511215008795261
  view-data: 3.5960395596921444
