times:
  edit-metadata: 1.5119271278381348
  landing: 0.8006415534764528
  view-data: 0.8261571954935789
