times:
  edit-metadata: 1.6471172142773867
  landing: 1.1738081332296133
  view-data: 0.9307547081261873
