times:
  edit-metadata: 1.4465124569833279
  landing: 1.0955132246017456
  view-data: 3.301075801253319
