times:
  edit-metadata: 1.5033470056951046
  landing: 1.1296194456517696
  view-data: 3.241904266178608
