times:
  edit-metadata: 1.3917300924658775
  landing: 0.9025813322514296
  view-data: 0.7030828334391117
