times:
  edit-metadata: 1.3671144396066666
  landing: 0.9879805594682693
  view-data: 3.345930580049753
