times:
  edit-metadata: 1.9637678265571594
  landing: 1.354422751814127
  view-data: 3.3604039400815964
