times:
  edit-metadata: 1.4932189136743546
  landing: 0.9332011230289936
  view-data: 0.9025913011282682
