times:
  edit-metadata: 1.4945640582591295
  landing: 0.877804521471262
  view-data: 0.7879606802016497
