times:
  edit-metadata: 1.4302339851856232
  landing: 1.1079228408634663
  view-data: 3.4091737270355225
