times:
  edit-metadata: 1.4762365072965622
  landing: 1.0017365291714668
  view-data: 3.3342781104147434
