times:
  edit-metadata: 1.6120262891054153
  landing: 1.1585597209632397
  view-data: 3.5211741998791695
