times:
  edit-metadata: 1.700137972831726
  landing: 0.9845468513667583
  view-data: 3.3836823254823685
