times:
  edit-metadata: 1.9343039616942406
  landing: 1.1036047246307135
  view-data: 0.9943027179688215
