times:
  edit-metadata: 1.353367393836379
  landing: 0.9138799645006657
  view-data: 0.9418301619589329
