times:
  edit-metadata: 1.405309222638607
  landing: 0.9120079018175602
  view-data: 3.3446183428168297
