times:
  edit-metadata: 1.7453981079161167
  landing: 0.906750688329339
  view-data: 3.2962217461317778
