times:
  edit-metadata: 1.5716967768967152
  landing: 1.1843696311116219
  view-data: 3.347003746777773
