times:
  edit-metadata: 1.5185674130916595
  landing: 1.0799189172685146
  view-data: 3.3579989038407803
