times:
  edit-metadata: 1.5278228670358658
  landing: 1.1186170652508736
  view-data: 3.4527274668216705
