times:
  edit-metadata: 1.4595123007893562
  landing: 0.8324914574623108
  view-data: 0.8185824118554592
