times:
  edit-metadata: 1.4595741480588913
  landing: 1.0438379608094692
  view-data: 3.2962114699184895
