times:
  edit-metadata: 1.4880348555743694
  landing: 0.9358946420252323
  view-data: 3.3183100558817387
