times:
  edit-metadata: 1.4393250904977322
  landing: 1.0977404415607452
  view-data: 3.364481318742037
