times:
  edit-metadata: 1.4998305682092905
  landing: 1.077173413708806
  view-data: 0.7832905426621437
