times:
  edit-metadata: 1.6021338440477848
  landing: 1.1741328686475754
  view-data: 3.485598646104336
