times:
  edit-metadata: 1.4343172833323479
  landing: 0.9677155129611492
  view-data: 3.343347616493702
