times:
  edit-metadata: 1.5117720551788807
  landing: 1.044025119394064
  view-data: 3.400354515761137
