times:
  edit-metadata: 1.9263723939657211
  landing: 1.4867698103189468
  view-data: 3.3906061463057995
