times:
  edit-metadata: 1.4930515252053738
  landing: 1.0590866953134537
  view-data: 3.345825716853142
