times:
  edit-metadata: 1.5593085289001465
  landing: 0.9473835788667202
  view-data: 0.86082549020648
