times:
  edit-metadata: 1.4436015877872705
  landing: 0.9208270628005266
  view-data: 3.3838334400206804
