times:
  edit-metadata: 1.4572684522718191
  landing: 0.8658192753791809
  view-data: 0.8014915362000465
