times:
  edit-metadata: 1.944574013352394
  landing: 1.1978790946304798
  view-data: 3.4348292984068394
