times:
  edit-metadata: 1.6735835634171963
  landing: 1.1490508541464806
  view-data: 3.378576699644327
