times:
  edit-metadata: 1.5040052738040686
  landing: 1.1513145472854376
  view-data: 0.8400610126554966
