times:
  edit-metadata: 1.5828746743500233
  landing: 1.264816116541624
  view-data: 3.3548125736415386
