times:
  edit-metadata: 3.9088508673012257
  landing: 1.7493283413350582
  view-data: 3.626099571585655
