times:
  edit-metadata: 1.3138215318322182
  landing: 0.9433764331042767
  view-data: 3.3663777858018875
