times:
  edit-metadata: 1.5861753150820732
  landing: 0.9959358610212803
  view-data: 3.3641582652926445
