times:
  edit-metadata: 1.5358521305024624
  landing: 0.9902846477925777
  view-data: 3.34644303843379
