times:
  edit-metadata: 2.55164597555995
  landing: 7.7880290895700455
  view-data: 3.6040938198566437
