times:
  edit-metadata: 1.3747181631624699
  landing: 0.8427423480898142
  view-data: 0.9049625787883997
