times:
  edit-metadata: 1.6882243789732456
  landing: 1.0711246263235807
  view-data: 0.7778615448623896
