times:
  edit-metadata: 1.4525934755802155
  landing: 0.9560850486159325
  view-data: 3.335769198834896
