times:
  edit-metadata: 1.5466982387006283
  landing: 0.8570989239960909
  view-data: 0.8103869371116161
