times:
  edit-metadata: 1.4370380956679583
  landing: 0.8799346685409546
  view-data: 0.8461786080151796
