times:
  edit-metadata: 2.179979370906949
  landing: 1.1197592448443174
  view-data: 3.5945216193795204
