times:
  edit-metadata: 1.6833131033927202
  landing: 1.05261461250484
  view-data: 1.0243291966617107
