times:
  edit-metadata: 1.5389842297881842
  landing: 0.7936483658850193
  view-data: 3.359545573592186
