times:
  edit-metadata: 1.549052320420742
  landing: 1.1337826512753963
  view-data: 3.3705986849963665
