times:
  edit-metadata: 1.4889463260769844
  landing: 0.8810222521424294
  view-data: 0.8144979402422905
