times:
  edit-metadata: 1.6043502651154995
  landing: 0.9219565130770206
  view-data: 0.8130066841840744
