times:
  edit-metadata: 2.061684239655733
  landing: 4.440505068749189
  view-data: 3.4091800525784492
