times:
  edit-metadata: 1.508601300418377
  landing: 0.9734645672142506
  view-data: 3.3691866397857666
