times:
  edit-metadata: 1.4969067312777042
  landing: 1.2049300149083138
  view-data: 3.3578764759004116
