times:
  edit-metadata: 1.4657334499061108
  landing: 1.1411731839179993
  view-data: 3.3513702787458897
