times:
  edit-metadata: 1.6174925230443478
  landing: 1.101779729127884
  view-data: 3.401107292622328
