times:
  edit-metadata: 1.4988860618323088
  landing: 0.9362747278064489
  view-data: 0.8607604391872883
