times:
  edit-metadata: 2.090002205222845
  landing: 1.2938198260962963
  view-data: 3.4185560308396816
