times:
  edit-metadata: 1.2716931160539389
  landing: 0.845337700098753
  view-data: 0.7118763979524374
