times:
  edit-metadata: 1.446450773626566
  landing: 1.0778311882168055
  view-data: 0.9322081357240677
