times:
  edit-metadata: 1.5917508751153946
  landing: 1.0766554065048695
  view-data: 3.375585123896599
