times:
  edit-metadata: 1.8994438629597425
  landing: 1.1773702278733253
  view-data: 0.760536527261138
