times:
  edit-metadata: 1.6580280177295208
  landing: 0.9508009664714336
  view-data: 0.7948063462972641
