times:
  edit-metadata: 1.335680354386568
  landing: 0.8473339825868607
  view-data: 0.7552016861736774
