times:
  edit-metadata: 1.4871380552649498
  landing: 1.1001570373773575
  view-data: 3.386127896606922
