times:
  edit-metadata: 1.940607164055109
  landing: 1.028317365795374
  view-data: 3.291614692658186
