times:
  edit-metadata: 1.5093374364078045
  landing: 0.8603683579713106
  view-data: 0.8161392956972122
