times:
  edit-metadata: 1.3494998048990965
  landing: 0.8014758732169867
  view-data: 0.7349921241402626
