times:
  edit-metadata: 1.5274231527000666
  landing: 1.1067074667662382
  view-data: 0.8690158240497112
