times:
  edit-metadata: 1.3777745477855206
  landing: 0.939467117190361
  view-data: 3.278743624687195
