times:
  edit-metadata: 1.3641326613724232
  landing: 1.385992642492056
  view-data: 3.447290062904358
