times:
  edit-metadata: 1.9793653599917889
  landing: 1.1542228609323502
  view-data: 0.8583920802921057
