times:
  edit-metadata: 1.6040237993001938
  landing: 1.0931908152997494
  view-data: 3.354393493384123
