times:
  edit-metadata: 1.4049780778586864
  landing: 0.8559329193085432
  view-data: 0.7336426582187414
