times:
  edit-metadata: 1.364163126796484
  landing: 1.0577122196555138
  view-data: 3.553299866616726
