times:
  edit-metadata: 1.319392815232277
  landing: 0.9047746621072292
  view-data: 3.5539091415703297
