times:
  edit-metadata: 1.6061965003609657
  landing: 1.0942102409899235
  view-data: 3.4430743753910065
