times:
  edit-metadata: 1.49242340400815
  landing: 1.0549323931336403
  view-data: 3.300253704190254
