times:
  edit-metadata: 1.7070787753909826
  landing: 1.1034085378050804
  view-data: 0.8251670859754086
