times:
  edit-metadata: 2.433865912258625
  landing: 1.9087254852056503
  view-data: 4.298563826829195
