times:
  edit-metadata: 1.4715471882373095
  landing: 0.838062759488821
  view-data: 0.732112055644393
