times:
  edit-metadata: 1.4327919390052557
  landing: 0.8653292320668697
  view-data: 0.7234727665781975
