times:
  edit-metadata: 1.6289687156677246
  landing: 1.0287845395505428
  view-data: 3.5541288144886494
