times:
  edit-metadata: 1.788728078827262
  landing: 1.1425931993871927
  view-data: 0.7308936417102814
