times:
  edit-metadata: 1.4201343208551407
  landing: 0.9985996745526791
  view-data: 3.3584077954292297
