times:
  edit-metadata: 1.5296981241554022
  landing: 0.859762579202652
  view-data: 3.422704929485917
