times:
  edit-metadata: 1.5263901241123676
  landing: 0.7840315960347652
  view-data: 3.3864986822009087
