times:
  edit-metadata: 1.5060212463140488
  landing: 0.7512439489364624
  view-data: 0.5954541452229023
