times:
  edit-metadata: 1.568037117831409
  landing: 0.8679747423157096
  view-data: 3.3679035995155573
