times:
  edit-metadata: 2.4707432594150305
  landing: 1.3795423824340105
  view-data: 3.6838638205081224
