times:
  edit-metadata: 0.5419078850536607
  landing: 0.05692900199210271
  view-data: 0.3770369629492052
