times:
  edit-metadata: 1.5568426959216595
  landing: 0.8926586266607046
  view-data: 3.3508271276950836
