times:
  edit-metadata: 0.538345018052496
  landing: 0.05911687598563731
  view-data: 0.2933713130187243
