times:
  edit-metadata: 0.5311424259562045
  landing: 0.06332920002751052
  view-data: 0.2445925089996308
