times:
  edit-metadata: 1.5701379142701626
  landing: 0.8567569851875305
  view-data: 3.352684114128351
