times:
  edit-metadata: 1.5847386647947133
  landing: 0.8743824418634176
  view-data: 3.320632538292557
