times:
  edit-metadata: 1.5375002231448889
  landing: 0.7796313650906086
  view-data: 3.294576372951269
