times:
  edit-metadata: 0.6254842709749937
  landing: 0.061816806031856686
  view-data: 0.36517751700012013
