times:
  edit-metadata: 1.483426196500659
  landing: 0.93955291621387
  view-data: 3.342111974954605
