times:
  edit-metadata: 1.3476056642830372
  landing: 0.7635912224650383
  view-data: 3.3888411708176136
