times:
  edit-metadata: 0.5262062510009855
  landing: 0.055711552035063505
  view-data: 0.24083466897718608
