times:
  edit-metadata: 1.5131733939051628
  landing: 0.7370680309832096
  view-data: 3.4014853835105896
