times:
  edit-metadata: 1.4233810305595398
  landing: 0.8989714048802853
  view-data: 3.3332042694091797
