times:
  edit-metadata: 1.3811010029166937
  landing: 0.7349228020757437
  view-data: 3.3198643252253532
