times:
  edit-metadata: 1.5164831317961216
  landing: 0.7548252083361149
  view-data: 3.398078463971615
