times:
  edit-metadata: 1.6235048919916153
  landing: 0.8137146793305874
  view-data: 3.413850039243698
