times:
  edit-metadata: 1.503318265080452
  landing: 0.8000897224992514
  view-data: 0.5825992077589035
