times:
  edit-metadata: 1.4169791396707296
  landing: 0.8748667072504759
  view-data: 3.4026963226497173
