times:
  edit-metadata: 0.5359325602184981
  landing: 0.05190538102760911
  view-data: 0.23764322698116302
