times:
  edit-metadata: 1.6052755545824766
  landing: 0.8285584226250648
  view-data: 3.4497301504015923
