times:
  edit-metadata: 0.5400452511385083
  landing: 0.05689198104664683
  view-data: 0.34290640498511493
