times:
  edit-metadata: 2.181039341725409
  landing: 1.0746716428548098
  view-data: 3.4960433216765523
