times:
  edit-metadata: 1.617965104058385
  landing: 0.8608036432415247
  view-data: 3.3432204015552998
