times:
  edit-metadata: 1.576999969780445
  landing: 0.9691993519663811
  view-data: 3.441682033240795
