times:
  edit-metadata: 1.9272848274558783
  landing: 0.831456208601594
  view-data: 3.400787476450205
