times:
  edit-metadata: 0.5391534920781851
  landing: 0.051961527089588344
  view-data: 0.23910394497215748
