times:
  edit-metadata: 1.418724121991545
  landing: 0.9160824473947287
  view-data: 0.6572339590638876
