times:
  edit-metadata: 1.5342705696821213
  landing: 1.0081611350178719
  view-data: 3.361116398125887
