times:
  edit-metadata: 1.4503661319613457
  landing: 0.8693472407758236
  view-data: 3.385244909673929
