times:
  edit-metadata: 1.5448634289205074
  landing: 0.8739017359912395
  view-data: 3.416770800948143
