times:
  edit-metadata: 1.5117602199316025
  landing: 0.9356634356081486
  view-data: 3.439521446824074
