times:
  edit-metadata: 1.5309261288493872
  landing: 0.7876660358160734
  view-data: 3.382357409223914
