times:
  edit-metadata: 0.5435605240054429
  landing: 0.047148027922958136
  view-data: 0.5045913748908788
