times:
  edit-metadata: 1.8348025372251868
  landing: 0.9869438111782074
  view-data: 3.4087309069000185
