times:
  edit-metadata: 1.5213949736207724
  landing: 0.8264574147760868
  view-data: 0.6356465518474579
