times:
  edit-metadata: 0.5551605329383165
  landing: 0.050646004965528846
  view-data: 0.2408610221464187
