times:
  edit-metadata: 2.2448763363063335
  landing: 1.3275702055543661
  view-data: 3.6460443176329136
