times:
  edit-metadata: 1.5392840206623077
  landing: 0.8589222952723503
  view-data: 3.4098100252449512
