times:
  edit-metadata: 1.4465220384299755
  landing: 0.919149462133646
  view-data: 3.294110666960478
