times:
  edit-metadata: 1.7047751955688
  landing: 1.0264136008918285
  view-data: 3.4502833001315594
