times:
  edit-metadata: 0.635617615072988
  landing: 0.060403628973290324
  view-data: 0.23827534494921565
