times:
  edit-metadata: 1.6648836368694901
  landing: 1.1417033928446472
  view-data: 3.369973158929497
