times:
  edit-metadata: 1.4266369864344597
  landing: 1.0099110454320908
  view-data: 3.3839017003774643
