times:
  edit-metadata: 0.5311342089989921
  landing: 0.05049361499550287
  view-data: 0.2333658959978493
