times:
  edit-metadata: 1.5549177154898643
  landing: 0.8517602998763323
  view-data: 3.4414828419685364
