times:
  edit-metadata: 1.4225233420729637
  landing: 1.0734244249761105
  view-data: 3.3683684952557087
