times:
  edit-metadata: 1.5524352919310331
  landing: 0.7837621662765741
  view-data: 3.439783612266183
