times:
  edit-metadata: 1.5464002434164286
  landing: 0.8065765965729952
  view-data: 3.443070273846388
