times:
  edit-metadata: 1.5373733304440975
  landing: 0.9116107560694218
  view-data: 3.3167428262531757
