times:
  edit-metadata: 1.8037764336913824
  landing: 1.093969834037125
  view-data: 3.5074604600667953
