times:
  edit-metadata: 1.5406966768205166
  landing: 1.0378490313887596
  view-data: 3.3604564741253853
