times:
  edit-metadata: 0.5116644618101418
  landing: 0.0660390560515225
  view-data: 0.23293898301199079
