times:
  edit-metadata: 1.5346866874024272
  landing: 0.8688198104500771
  view-data: 0.6088100168853998
