times:
  edit-metadata: 0.5428135013207793
  landing: 0.05446112062782049
  view-data: 0.2684074779972434
