times:
  edit-metadata: 1.5105564184486866
  landing: 0.8782299607992172
  view-data: 0.5314332414418459
