times:
  edit-metadata: 1.5619376709219068
  landing: 0.829157450934872
  view-data: 0.6364753150846809
