times:
  edit-metadata: 1.5564893670380116
  landing: 0.8964164108037949
  view-data: 3.402888558804989
