times:
  edit-metadata: 0.5050824000500143
  landing: 0.06243613618426025
  view-data: 0.34914631000719965
