times:
  edit-metadata: 1.7134659215807915
  landing: 1.0337245538830757
  view-data: 3.3970274180173874
