times:
  edit-metadata: 0.5397643829928711
  landing: 0.051189174002502114
  view-data: 0.34260228398488835
