times:
  edit-metadata: 1.5825713658705354
  landing: 0.8793395021930337
  view-data: 3.416913933120668
