times:
  edit-metadata: 1.7819501981139183
  landing: 1.3334165140986443
  view-data: 3.380036175251007
