times:
  edit-metadata: 1.5448745861649513
  landing: 0.9199924506247044
  view-data: 3.44233850389719
