times:
  edit-metadata: 1.5472109243273735
  landing: 0.972803071141243
  view-data: 3.4193402267992496
