times:
  edit-metadata: 0.5243960348889232
  landing: 0.053335129749029875
  view-data: 0.2462537339888513
