times:
  edit-metadata: 1.9375387709587812
  landing: 1.0592101011425257
  view-data: 3.6851593013852835
