times:
  edit-metadata: 0.5378973949700594
  landing: 0.053536562947556376
  view-data: 0.33350413595326245
