times:
  edit-metadata: 1.6532987840473652
  landing: 1.0431557446718216
  view-data: 3.2957102060317993
