times:
  edit-metadata: 0.5493630750570446
  landing: 0.06201636604964733
  view-data: 0.34990595607087016
