times:
  edit-metadata: 0.5219971779733896
  landing: 0.045715931919403374
  view-data: 0.3331828579539433
