times:
  edit-metadata: 0.6413855339633301
  landing: 0.081884971994441
  view-data: 0.3037784649641253
