times:
  edit-metadata: 1.5413336977362633
  landing: 0.9405905194580555
  view-data: 3.3813327439129353
