times:
  edit-metadata: 1.4404888032004237
  landing: 0.7984090028330684
  view-data: 0.5633198518771678
