times:
  edit-metadata: 0.6703276920015924
  landing: 0.043050576001405716
  view-data: 0.34401326699298806
