times:
  edit-metadata: 0.5309155670111068
  landing: 0.05053272104123607
  view-data: 0.25228152598720044
