times:
  edit-metadata: 1.4433046728372574
  landing: 0.9384470656514168
  view-data: 3.4037809893488884
