times:
  edit-metadata: 1.5111875012516975
  landing: 0.9310668781399727
  view-data: 3.345996432006359
