times:
  edit-metadata: 0.567422040970996
  landing: 0.04620230500586331
  view-data: 0.24234985909424722
