times:
  edit-metadata: 1.4047903269529343
  landing: 0.8572476170957088
  view-data: 3.3305000104010105
