times:
  edit-metadata: 1.5450271777808666
  landing: 0.9199590366333723
  view-data: 3.3840343449264765
