times:
  edit-metadata: 1.6204712111502886
  landing: 0.9912325367331505
  view-data: 3.573228184133768
