times:
  edit-metadata: 1.644011277705431
  landing: 1.0885813497006893
  view-data: 3.352300364524126
