times:
  edit-metadata: 1.7453382760286331
  landing: 1.0129062784835696
  view-data: 3.475633319467306
