times:
  edit-metadata: 1.3612542049959302
  landing: 0.8541849153116345
  view-data: 0.604946041945368
