times:
  edit-metadata: 1.4299888799432665
  landing: 0.8568427020218223
  view-data: 3.3190683510620147
