times:
  edit-metadata: 1.7095156125724316
  landing: 0.9743529036641121
  view-data: 3.346596911549568
