times:
  edit-metadata: 0.5474297909531742
  landing: 0.05811055097728968
  view-data: 0.24747873796150088
