times:
  edit-metadata: 1.5523424707353115
  landing: 0.8852473059669137
  view-data: 3.3720252607017756
