times:
  edit-metadata: 1.4307692646980286
  landing: 1.0544831827282906
  view-data: 3.3556253388524055
