times:
  edit-metadata: 0.5638592569157481
  landing: 0.05258319480344653
  view-data: 0.23321597906760871
