times:
  edit-metadata: 1.4099216246977448
  landing: 0.8092873124405742
  view-data: 0.5411883154883981
