times:
  edit-metadata: 1.3929062951356173
  landing: 0.751255102455616
  view-data: 3.306190147995949
