times:
  edit-metadata: 1.4042687453329563
  landing: 0.9175830483436584
  view-data: 3.2929975502192974
