times:
  edit-metadata: 0.5418327889638022
  landing: 0.06310121202841401
  view-data: 0.28405055101029575
