times:
  edit-metadata: 1.7503980584442616
  landing: 1.0307795256376266
  view-data: 3.383217953145504
