times:
  edit-metadata: 1.6601629182696342
  landing: 0.935865968465805
  view-data: 3.464423317462206
