times:
  edit-metadata: 0.5416234569856897
  landing: 0.05968667904380709
  view-data: 0.24973501195199788
