times:
  edit-metadata: 1.590886402875185
  landing: 1.2518371902406216
  view-data: 3.4202677942812443
