times:
  edit-metadata: 1.590871136635542
  landing: 0.858065452426672
  view-data: 3.3972865641117096
