times:
  edit-metadata: 0.542229887098074
  landing: 0.0538182882592082
  view-data: 0.2664502989500761
