times:
  edit-metadata: 1.624619510024786
  landing: 1.0262755639851093
  view-data: 3.4854365587234497
