times:
  edit-metadata: 1.453617856837809
  landing: 0.8174353614449501
  view-data: 0.5562431532889605
