times:
  edit-metadata: 1.528091648593545
  landing: 0.7803438045084476
  view-data: 3.3920923061668873
