times:
  edit-metadata: 1.580203015357256
  landing: 0.8880856968462467
  view-data: 3.31958981230855
