times:
  edit-metadata: 1.4380568964406848
  landing: 0.857641969807446
  view-data: 0.6161998994648457
