times:
  edit-metadata: 1.5543107576668262
  landing: 1.1894290298223495
  view-data: 3.3483500815927982
