times:
  edit-metadata: 1.7052750494331121
  landing: 0.9215751877054572
  view-data: 3.434109153226018
