times:
  edit-metadata: 0.6113838379997105
  landing: 0.05874237700027152
  view-data: 0.379215755999212
