times:
  edit-metadata: 0.5772106959484518
  landing: 0.055338684003800154
  view-data: 0.3457422782666981
