times:
  edit-metadata: 0.5287794009782374
  landing: 0.05813520890660584
  view-data: 0.33500746288336813
