times:
  edit-metadata: 0.6312948509876151
  landing: 0.05651517701335251
  view-data: 0.33635144800064154
