times:
  edit-metadata: 1.3955686502158642
  landing: 0.9157764203846455
  view-data: 3.335907507687807
