times:
  edit-metadata: 1.5501156616955996
  landing: 0.7910842169076204
  view-data: 0.6322145666927099
