times:
  edit-metadata: 1.4607844892889261
  landing: 0.8416567724198103
  view-data: 0.581692349165678
