times:
  edit-metadata: 0.5288617950864136
  landing: 0.05678447801619768
  view-data: 0.34908100380562246
