times:
  edit-metadata: 1.3948067501187325
  landing: 0.7944497289136052
  view-data: 0.5557491136714816
