times:
  edit-metadata: 1.3802706003189087
  landing: 0.7819174528121948
  view-data: 3.253349356353283
