times:
  edit-metadata: 1.52935610152781
  landing: 0.7755823154002428
  view-data: 3.4986690767109394
