times:
  edit-metadata: 0.5493066150229424
  landing: 0.0540784380864352
  view-data: 0.3394695669412613
