times:
  edit-metadata: 1.4090776927769184
  landing: 0.9452347382903099
  view-data: 3.3839524798095226
