times:
  edit-metadata: 0.5530638600466773
  landing: 0.053831028984859586
  view-data: 0.24377087492030114
