times:
  edit-metadata: 1.4044764526188374
  landing: 0.8870856203138828
  view-data: 3.271211102604866
