times:
  edit-metadata: 0.6525627239898313
  landing: 0.14146950200665742
  view-data: 0.33840666199103
