times:
  edit-metadata: 1.45981877297163
  landing: 1.0174223817884922
  view-data: 3.385421074926853
