times:
  edit-metadata: 1.5988995283842087
  landing: 0.869694547727704
  view-data: 3.465902144089341
