times:
  edit-metadata: 1.4929134026169777
  landing: 0.9244770258665085
  view-data: 3.410726048052311
