times:
  edit-metadata: 1.3161163980839774
  landing: 0.8284357939846814
  view-data: 3.284323089988902
