times:
  edit-metadata: 1.8446086421608925
  landing: 1.0675097480416298
  view-data: 3.3307811468839645
