times:
  edit-metadata: 0.7096206340938807
  landing: 0.13806542567908764
  view-data: 0.26847168896347284
