times:
  edit-metadata: 1.4295134916901588
  landing: 0.9086433984339237
  view-data: 3.3835740350186825
