times:
  edit-metadata: 0.5865921229997184
  landing: 0.04852810100419447
  view-data: 0.2472004459996242
