times:
  edit-metadata: 1.4545088158920407
  landing: 0.8955253884196281
  view-data: 3.4244527211412787
