times:
  edit-metadata: 1.5703857652842999
  landing: 1.0957996062934399
  view-data: 3.376800324767828
