times:
  edit-metadata: 1.3665363602340221
  landing: 0.7376161329448223
  view-data: 3.3589542023837566
