times:
  edit-metadata: 0.6143210550071672
  landing: 0.05406880402006209
  view-data: 0.24151214002631605
