times:
  edit-metadata: 1.5824553612619638
  landing: 0.8164871651679277
  view-data: 3.365106487646699
