times:
  edit-metadata: 1.3623642576858401
  landing: 0.7831065496429801
  view-data: 0.5408670576289296
