times:
  edit-metadata: 1.7029226329177618
  landing: 1.0273877810686827
  view-data: 3.406817587092519
