times:
  edit-metadata: 1.3898701639845967
  landing: 1.0187267139554024
  view-data: 3.500276615843177
