times:
  edit-metadata: 0.5235355759505183
  landing: 0.0645174968522042
  view-data: 0.348265997832641
