times:
  edit-metadata: 1.4955033687874675
  landing: 0.8543741349130869
  view-data: 3.443507139571011
