times:
  edit-metadata: 1.5665650367736816
  landing: 0.8009837884455919
  view-data: 3.4122236520051956
