times:
  edit-metadata: 2.2878107875585556
  landing: 1.211013425141573
  view-data: 3.525848548859358
