times:
  edit-metadata: 0.5062526760157198
  landing: 0.0540302989538759
  view-data: 0.2696963039925322
