times:
  edit-metadata: 1.6673942226916552
  landing: 0.931825116276741
  view-data: 3.4269928820431232
