times:
  edit-metadata: 1.6861549466848373
  landing: 1.0372520862147212
  view-data: 3.4341377429664135
