times:
  edit-metadata: 1.4742290950380266
  landing: 0.8645814750343561
  view-data: 0.6235493551939726
