times:
  edit-metadata: 1.5342439897358418
  landing: 0.9111837483942509
  view-data: 3.37535672262311
