times:
  edit-metadata: 1.5355019122362137
  landing: 0.781050693243742
  view-data: 3.371146075427532
