times:
  edit-metadata: 1.4982934892177582
  landing: 0.9399907030165195
  view-data: 3.378651339560747
