times:
  edit-metadata: 1.4461069768294692
  landing: 0.7843471830710769
  view-data: 0.5837676050141454
