times:
  edit-metadata: 0.6326454640366137
  landing: 0.05105808097869158
  view-data: 0.2545992839150131
