times:
  edit-metadata: 1.6685437187552452
  landing: 0.9577418472617865
  view-data: 0.5671070404350758
