times:
  edit-metadata: 1.9175864765420556
  landing: 1.3069159900769591
  view-data: 3.5527949249371886
