times:
  edit-metadata: 1.5326819848269224
  landing: 0.8324285931885242
  view-data: 3.3229625802487135
