times:
  edit-metadata: 1.4124663211405277
  landing: 0.9065175279974937
  view-data: 3.3608511947095394
