times:
  edit-metadata: 1.4103700295090675
  landing: 0.8697615787386894
  view-data: 3.3995584920048714
