times:
  edit-metadata: 1.6048666574060917
  landing: 0.8570240661501884
  view-data: 3.456326622515917
