times:
  edit-metadata: 1.560401327908039
  landing: 0.9396822191774845
  view-data: 3.3745552375912666
