times:
  edit-metadata: 1.4560895171016455
  landing: 0.8453610874712467
  view-data: 3.3283859249204397
