times:
  edit-metadata: 0.5485397320007905
  landing: 0.05654222599696368
  view-data: 0.23818804207257926
