times:
  edit-metadata: 2.0303204357624054
  landing: 1.291160173714161
  view-data: 3.4127467684447765
