times:
  edit-metadata: 1.5625091269612312
  landing: 1.008711464703083
  view-data: 3.3363252952694893
