times:
  edit-metadata: 0.607697986997664
  landing: 0.04269283195026219
  view-data: 0.24670963000971824
