times:
  edit-metadata: 0.6378644609940238
  landing: 0.05239855599938892
  view-data: 0.3513053360002232
