times:
  edit-metadata: 1.4348291978240013
  landing: 0.9026180282235146
  view-data: 3.3299549780786037
