times:
  edit-metadata: 1.466606660746038
  landing: 0.8989623198285699
  view-data: 3.877351777628064
