times:
  edit-metadata: 1.4399514831602573
  landing: 0.9718230087310076
  view-data: 0.5952530596405268
