times:
  edit-metadata: 0.6125953680020757
  landing: 0.05371443700278178
  view-data: 0.27788954600691795
