times:
  edit-metadata: 1.5623192181810737
  landing: 1.0111891655251384
  view-data: 3.4858811227604747
