times:
  edit-metadata: 1.5385067071765661
  landing: 0.9305706936866045
  view-data: 3.3511330112814903
