times:
  edit-metadata: 1.3765312153846025
  landing: 0.7167116235941648
  view-data: 0.5520380521193147
