times:
  edit-metadata: 0.5283481350634247
  landing: 0.05491481092758477
  view-data: 0.3553598390426487
