times:
  edit-metadata: 0.6379840660374612
  landing: 0.04726026696152985
  view-data: 0.36056078295223415
