times:
  edit-metadata: 1.552925556898117
  landing: 1.1122640185058117
  view-data: 3.4272180274128914
