times:
  edit-metadata: 0.608560877997661
  landing: 0.054339417001756374
  view-data: 0.2669782809971366
