times:
  edit-metadata: 1.5068557243794203
  landing: 1.0078777465969324
  view-data: 3.490877876058221
