times:
  edit-metadata: 1.5751984640955925
  landing: 0.9571456760168076
  view-data: 3.4685746375471354
