times:
  edit-metadata: 0.5413657478056848
  landing: 0.059881412889808416
  view-data: 0.23811444221064448
