times:
  edit-metadata: 1.6810225080698729
  landing: 0.9481384977698326
  view-data: 0.6841955743730068
