times:
  edit-metadata: 0.5398286320269108
  landing: 0.04774168611038476
  view-data: 0.26984796405304223
