times:
  edit-metadata: 1.5872414521872997
  landing: 0.8594024023041129
  view-data: 3.3356439885683358
