times:
  edit-metadata: 1.5872532427310944
  landing: 1.0650381036102772
  view-data: 3.372518267482519
