times:
  edit-metadata: 0.5980233779991977
  landing: 0.053423722041770816
  view-data: 0.2356389369815588
