times:
  edit-metadata: 1.5921638906002045
  landing: 0.8191307336091995
  view-data: 3.4167258199304342
