times:
  edit-metadata: 1.6550267450511456
  landing: 0.9609852358698845
  view-data: 3.3521847389638424
