times:
  edit-metadata: 1.5589125859551132
  landing: 0.8856329310219735
  view-data: 0.612580250017345
