times:
  edit-metadata: 1.5280412305146456
  landing: 0.8045192323625088
  view-data: 3.469742162153125
