times:
  edit-metadata: 1.5450168456882238
  landing: 0.7749276459217072
  view-data: 3.3575691487640142
