times:
  edit-metadata: 1.433059960603714
  landing: 0.8182531483471394
  view-data: 3.31326100230217
