times:
  edit-metadata: 1.4863017871975899
  landing: 0.9354849383234978
  view-data: 3.2839853279292583
