times:
  edit-metadata: 3.684290237724781
  landing: 2.13445732742548
  view-data: 3.4059542417526245
