times:
  edit-metadata: 1.5068784207105637
  landing: 0.703680869191885
  view-data: 3.3186620753258467
