times:
  edit-metadata: 1.6198326013982296
  landing: 1.064999308437109
  view-data: 3.3851161263883114
