times:
  edit-metadata: 0.5476904129609466
  landing: 0.05102877598255873
  view-data: 0.22786313598044217
