times:
  edit-metadata: 1.4495348371565342
  landing: 0.8063546121120453
  view-data: 3.393223563209176
