times:
  edit-metadata: 0.6267995160014834
  landing: 0.06818325599306263
  view-data: 0.2694366349896882
