times:
  edit-metadata: 1.5009792484343052
  landing: 0.7988456077873707
  view-data: 0.6088889818638563
