times:
  edit-metadata: 2.7760350331664085
  landing: 7.468928515911102
  view-data: 3.3305274061858654
