times:
  edit-metadata: 1.437947676051408
  landing: 0.8072024509310722
  view-data: 0.6229938846081495
