times:
  edit-metadata: 2.247390676289797
  landing: 1.2094725370407104
  view-data: 3.4319755993783474
