times:
  edit-metadata: 1.5461311265826225
  landing: 0.8079818226397038
  view-data: 3.3537905421108007
