times:
  edit-metadata: 0.5307403369806707
  landing: 0.04455843102186918
  view-data: 0.26293682982213795
