times:
  edit-metadata: 0.5483148223720491
  landing: 0.06054182397201657
  view-data: 0.2358218478038907
