times:
  edit-metadata: 1.4509480027481914
  landing: 0.810815567150712
  view-data: 0.5104908421635628
