times:
  edit-metadata: 1.4935283210361376
  landing: 0.8574948130408302
  view-data: 3.306703342939727
