times:
  edit-metadata: 0.53186220000498
  landing: 0.0474164339248091
  view-data: 0.2418448601383716
