times:
  edit-metadata: 1.5350247882306576
  landing: 0.8183218445628881
  view-data: 3.3923146091401577
