times:
  edit-metadata: 1.548152670264244
  landing: 0.8422905150800943
  view-data: 3.3950421288609505
