times:
  edit-metadata: 1.4491009572520852
  landing: 0.8626800095662475
  view-data: 3.3647799361497164
