times:
  edit-metadata: 0.5333482460000596
  landing: 0.05589784500079986
  view-data: 0.23449435000020458
