times:
  edit-metadata: 1.4261630829423666
  landing: 0.8340109549462795
  view-data: 0.568477806635201
