times:
  edit-metadata: 1.603895515203476
  landing: 0.9165694154798985
  view-data: 0.6329893600195646
