times:
  edit-metadata: 0.5926056589814834
  landing: 0.0879160090116784
  view-data: 0.31380572100169957
