times:
  edit-metadata: 1.9302906300872564
  landing: 1.16674168035388
  view-data: 3.482921838760376
