times:
  edit-metadata: 0.5089996649985551
  landing: 0.05978555699402932
  view-data: 0.3319411039992701
