times:
  edit-metadata: 1.4732654690742493
  landing: 1.017794631421566
  view-data: 3.3394373804330826
