times:
  edit-metadata: 0.5317040127702057
  landing: 0.05270703509449959
  view-data: 0.3367181532084942
