times:
  edit-metadata: 0.6522078129928559
  landing: 0.049377718998584896
  view-data: 0.23018280701944605
