times:
  edit-metadata: 1.4769510924816132
  landing: 0.8652390018105507
  view-data: 3.319142047315836
