times:
  edit-metadata: 0.5419373111799359
  landing: 0.04875265620648861
  view-data: 0.4921561819501221
