times:
  edit-metadata: 1.5362748699262738
  landing: 0.7911761542782187
  view-data: 0.5642425902187824
