times:
  edit-metadata: 1.4034273580182344
  landing: 0.8272752428893
  view-data: 0.7564690189901739
