times:
  edit-metadata: 1.4788381410762668
  landing: 0.8330170237459242
  view-data: 0.6484881700016558
