times:
  edit-metadata: 1.546697786077857
  landing: 1.03538104519248
  view-data: 3.358328666538
