times:
  edit-metadata: 0.5257198209874332
  landing: 0.054666451178491116
  view-data: 0.23412420903332531
