times:
  edit-metadata: 1.4044477120041847
  landing: 0.8371977470815182
  view-data: 0.514748465269804
