times:
  edit-metadata: 1.524258092045784
  landing: 0.9488039091229439
  view-data: 3.280360370874405
