times:
  edit-metadata: 1.5377017874270678
  landing: 0.7886440195143223
  view-data: 3.4309845604002476
