times:
  edit-metadata: 1.6025322563946247
  landing: 0.8579074759036303
  view-data: 3.3976170010864735
