times:
  edit-metadata: 1.3984294515103102
  landing: 0.8318730257451534
  view-data: 0.6197214974090457
