times:
  edit-metadata: 2.155694592744112
  landing: 1.2655097227543592
  view-data: 3.7518100049346685
