times:
  edit-metadata: 1.5749837688636035
  landing: 0.6702174679376185
  view-data: 3.2962694719899446
