times:
  edit-metadata: 1.3839930035173893
  landing: 0.8658929839730263
  view-data: 0.5568144805729389
