times:
  edit-metadata: 1.5229451698251069
  landing: 0.8152805948629975
  view-data: 0.603860042989254
