times:
  edit-metadata: 0.6059834529878572
  landing: 0.046692152973264456
  view-data: 0.258423994993791
