times:
  edit-metadata: 1.51127989590168
  landing: 0.7195467036217451
  view-data: 3.360490871593356
