times:
  edit-metadata: 0.5447536911815405
  landing: 0.05514144478365779
  view-data: 0.33507107314653695
