times:
  edit-metadata: 0.5266919969581068
  landing: 0.06691919034346938
  view-data: 0.3799960222095251
