times:
  edit-metadata: 1.5093574337661266
  landing: 0.9856847040355206
  view-data: 3.406293161213398
