times:
  edit-metadata: 1.5381903871893883
  landing: 0.8702818974852562
  view-data: 3.3508389331400394
