times:
  edit-metadata: 0.6041914219968021
  landing: 0.052950197001337074
  view-data: 0.2469653010048205
