times:
  edit-metadata: 1.5448980182409286
  landing: 0.9275202080607414
  view-data: 3.364390667527914
