times:
  edit-metadata: 0.5630957370158285
  landing: 0.060376201989129186
  view-data: 0.2617848200025037
