times:
  edit-metadata: 1.6406186036765575
  landing: 1.0958677679300308
  view-data: 3.3715307377278805
