times:
  edit-metadata: 1.4399532871320844
  landing: 0.7632716428488493
  view-data: 0.49252555216662586
