times:
  edit-metadata: 2.0396881392225623
  landing: 1.356883683707565
  view-data: 3.53217582218349
