times:
  edit-metadata: 1.6356980130076408
  landing: 0.8847332894802094
  view-data: 3.3624183163046837
