times:
  edit-metadata: 1.4554659069981426
  landing: 1.0740133309736848
  view-data: 8.075812317896634
