times:
  edit-metadata: 1.439451134763658
  landing: 0.8811888517811894
  view-data: 0.556939784437418
