times:
  edit-metadata: 2.3164652101695538
  landing: 1.4120658338069916
  view-data: 3.9279469586908817
