times:
  edit-metadata: 1.3914882228709757
  landing: 0.7993323472328484
  view-data: 3.3044317052699625
