times:
  edit-metadata: 1.5629285909235477
  landing: 0.8325658775866032
  view-data: 0.6432083435356617
