times:
  edit-metadata: 1.4260551370680332
  landing: 0.8631860218010843
  view-data: 0.6380058731883764
