times:
  edit-metadata: 1.5302827283740044
  landing: 0.716494981199503
  view-data: 3.342986758798361
