times:
  edit-metadata: 1.577819710597396
  landing: 1.04393395408988
  view-data: 3.45202043838799
