times:
  edit-metadata: 1.5011658258736134
  landing: 0.8765541575849056
  view-data: 3.3785597793757915
