times:
  edit-metadata: 1.464597742073238
  landing: 0.7864443026483059
  view-data: 0.6627709018066525
