times:
  edit-metadata: 1.7287524826824665
  landing: 0.7772273309528828
  view-data: 3.416512604802847
