times:
  edit-metadata: 0.522479654988274
  landing: 0.05771668200031854
  view-data: 0.37515827699098736
