times:
  edit-metadata: 1.5218963325023651
  landing: 0.8308333642780781
  view-data: 3.345877680927515
