times:
  edit-metadata: 1.564422221854329
  landing: 0.8961363397538662
  view-data: 3.3808381017297506
