times:
  edit-metadata: 0.5257043279707432
  landing: 0.04986595991067588
  view-data: 0.25636306102387607
