times:
  edit-metadata: 1.5138341281563044
  landing: 0.8337072376161814
  view-data: 0.609755352139473
