times:
  edit-metadata: 1.6927190348505974
  landing: 1.2363853342831135
  view-data: 3.4131316859275103
