times:
  edit-metadata: 1.467565762810409
  landing: 0.805746654048562
  view-data: 3.3328736685216427
