times:
  edit-metadata: 1.6252486817538738
  landing: 0.9115460328757763
  view-data: 3.4078906290233135
