times:
  edit-metadata: 1.6581011041998863
  landing: 0.9510960057377815
  view-data: 3.4141585379838943
