times:
  edit-metadata: 1.517332911491394
  landing: 1.0262438543140888
  view-data: 3.3795628398656845
