times:
  edit-metadata: 2.4167966656386852
  landing: 0.9762037424370646
  view-data: 3.474687859416008
