times:
  edit-metadata: 0.5249590339371935
  landing: 0.049810318974778056
  view-data: 0.4696349269943312
