times:
  edit-metadata: 1.5882834568619728
  landing: 0.8412614166736603
  view-data: 3.4434215053915977
