times:
  edit-metadata: 1.526610653847456
  landing: 0.8277435265481472
  view-data: 0.6047977283596992
