times:
  edit-metadata: 0.5320664829923771
  landing: 0.05204688900266774
  view-data: 0.5955140129954088
