times:
  edit-metadata: 1.7352206874638796
  landing: 0.8350061047822237
  view-data: 3.455769428052008
