times:
  edit-metadata: 1.6038200724869967
  landing: 0.9321581497788429
  view-data: 3.3760413639247417
