times:
  edit-metadata: 0.5159437949769199
  landing: 0.07093137199990451
  view-data: 0.3432405791245401
