times:
  edit-metadata: 1.4263732749968767
  landing: 0.8068157839588821
  view-data: 3.42877528257668
