times:
  edit-metadata: 0.5573232029564679
  landing: 0.05545764905400574
  view-data: 0.2735188789665699
