times:
  edit-metadata: 1.7022543922066689
  landing: 1.107289843261242
  view-data: 3.4371644593775272
