times:
  edit-metadata: 1.5595267098397017
  landing: 0.920798197388649
  view-data: 3.4209221247583628
