times:
  edit-metadata: 1.4047725510317832
  landing: 0.8258295939303935
  view-data: 3.4481271910481155
