times:
  edit-metadata: 1.3325336310081184
  landing: 1.0195446689613163
  view-data: 3.3667984339408576
