times:
  edit-metadata: 1.6991635337471962
  landing: 1.0144809633493423
  view-data: 3.351319130510092
