times:
  edit-metadata: 1.3711835619760677
  landing: 0.7082861859817058
  view-data: 0.4691926999948919
