times:
  edit-metadata: 0.5796321319648996
  landing: 0.12512824905570596
  view-data: 0.4428270061034709
