times:
  edit-metadata: 1.5166549161076546
  landing: 0.9655386283993721
  view-data: 3.4189410097897053
