times:
  edit-metadata: 1.337958224117756
  landing: 0.7923041768372059
  view-data: 3.308518446981907
