times:
  edit-metadata: 1.4921031817793846
  landing: 0.8979540057480335
  view-data: 3.380167458206415
