times:
  edit-metadata: 1.3504101373255253
  landing: 0.7713502496480942
  view-data: 3.330487120896578
