times:
  edit-metadata: 1.980300446972251
  landing: 1.0399522669613361
  view-data: 3.6308878902345896
