times:
  edit-metadata: 1.4048724172171205
  landing: 0.8069049711339176
  view-data: 0.6919091190211475
