times:
  edit-metadata: 2.3152659507468343
  landing: 1.7161697829142213
  view-data: 0.9298868626356125
