times:
  edit-metadata: 1.6448768600821495
  landing: 1.0049655474722385
  view-data: 3.491997215896845
