times:
  edit-metadata: 1.449167661368847
  landing: 0.7164266370236874
  view-data: 3.361162319779396
