times:
  edit-metadata: 1.5130848970729858
  landing: 0.8377629108726978
  view-data: 0.7184133629780263
