times:
  edit-metadata: 1.4263091394677758
  landing: 0.8338240990415215
  view-data: 0.7007713783532381
