times:
  edit-metadata: 1.3764661811292171
  landing: 0.7664427449926734
  view-data: 0.5925702722743154
