times:
  edit-metadata: 1.41686125472188
  landing: 1.019928283058107
  view-data: 0.6932838731445372
