times:
  edit-metadata: 0.5659702740376815
  landing: 0.08719520806334913
  view-data: 0.23046216403599828
