times:
  edit-metadata: 1.3666972275823355
  landing: 0.8098783995956182
  view-data: 3.3666788302361965
