times:
  edit-metadata: 1.3561264127492905
  landing: 0.7591325007379055
  view-data: 0.5103315878659487
