times:
  edit-metadata: 1.8471246659755707
  landing: 1.1683885231614113
  view-data: 3.41871977224946
