times:
  edit-metadata: 1.5045684427022934
  landing: 0.8303111493587494
  view-data: 0.5897232741117477
