times:
  edit-metadata: 1.4451375496573746
  landing: 0.9261132897809148
  view-data: 0.612907572183758
