times:
  edit-metadata: 1.3849234832450747
  landing: 0.8008849127218127
  view-data: 3.3684848230332136
