times:
  edit-metadata: 1.443721354007721
  landing: 0.7968523260205984
  view-data: 3.419586969539523
