times:
  edit-metadata: 0.5239780498668551
  landing: 0.05294900410808623
  view-data: 0.5291725930292159
