times:
  edit-metadata: 0.5442426558583975
  landing: 0.04836698202416301
  view-data: 0.5924033457413316
