times:
  edit-metadata: 0.5390809220261872
  landing: 0.058639339986257255
  view-data: 0.4940519629744813
