times:
  edit-metadata: 1.5673294216394424
  landing: 0.96205042488873
  view-data: 3.3241918850690126
