times:
  edit-metadata: 1.4395464770495892
  landing: 0.794035080820322
  view-data: 3.272250134497881
