times:
  edit-metadata: 1.624901033937931
  landing: 0.9300095364451408
  view-data: 3.3741114288568497
