times:
  edit-metadata: 0.523637959966436
  landing: 0.0532710769912228
  view-data: 0.26144014700548723
