times:
  edit-metadata: 1.5818106159567833
  landing: 0.7754572331905365
  view-data: 3.425626454874873
