times:
  edit-metadata: 1.8440968692302704
  landing: 1.073301832191646
  view-data: 3.4603771939873695
