times:
  edit-metadata: 1.381407156586647
  landing: 0.8802877962589264
  view-data: 3.506449267268181
