times:
  edit-metadata: 1.5362953543663025
  landing: 0.7918025776743889
  view-data: 3.486626446247101
