times:
  edit-metadata: 1.4595897495746613
  landing: 0.7961489111185074
  view-data: 3.384190656244755
