times:
  edit-metadata: 1.4007686004042625
  landing: 0.8863404020667076
  view-data: 3.48089549690485
