times:
  edit-metadata: 1.4726976454257965
  landing: 0.8547612503170967
  view-data: 3.5374269112944603
