times:
  edit-metadata: 1.5328048914670944
  landing: 0.7889100909233093
  view-data: 3.5144756957888603
