times:
  edit-metadata: 1.668626219034195
  landing: 1.1379644870758057
  view-data: 3.4430328756570816
