times:
  edit-metadata: 1.4896751269698143
  landing: 0.8455301448702812
  view-data: 3.3864324539899826
