times:
  edit-metadata: 1.4506675153970718
  landing: 0.7898598313331604
  view-data: 3.470997765660286
