times:
  edit-metadata: 1.4527240321040154
  landing: 0.7769698351621628
  view-data: 3.4254368990659714
