times:
  edit-metadata: 1.4529094398021698
  landing: 1.0724209770560265
  view-data: 3.4920609295368195
