times:
  edit-metadata: 1.4607674553990364
  landing: 0.7897390425205231
  view-data: 3.428986072540283
