times:
  edit-metadata: 1.4383025914430618
  landing: 0.8397562131285667
  view-data: 3.345228187739849
