times:
  edit-metadata: 1.783098429441452
  landing: 1.225168064236641
  view-data: 3.889816202223301
