times:
  edit-metadata: 1.4432348906993866
  landing: 0.7780228480696678
  view-data: 3.460080601274967
