times:
  edit-metadata: 1.470147393643856
  landing: 0.8202608525753021
  view-data: 3.5175438821315765
