times:
  edit-metadata: 1.4371327981352806
  landing: 0.7864028140902519
  view-data: 3.483266405761242
