times:
  edit-metadata: 1.3645028695464134
  landing: 0.7630646452307701
  view-data: 3.4180026575922966
