times:
  edit-metadata: 1.5447133406996727
  landing: 0.7618571519851685
  view-data: 3.5027067735791206
