times:
  edit-metadata: 1.4611819386482239
  landing: 0.938091017305851
  view-data: 3.4167996644973755
