times:
  edit-metadata: 1.4455012157559395
  landing: 0.8307859674096107
  view-data: 3.4372443556785583
