times:
  edit-metadata: 1.4713698253035545
  landing: 0.80437271296978
  view-data: 3.536984369158745
