times:
  edit-metadata: 2.690430022776127
  landing: 1.635350540280342
  view-data: 3.7154239490628242
