times:
  edit-metadata: 1.366145320236683
  landing: 0.8389885723590851
  view-data: 3.555360846221447
