times:
  edit-metadata: 1.8642473295331001
  landing: 1.1531004309654236
  view-data: 3.698605179786682
