times:
  edit-metadata: 1.3576309010386467
  landing: 0.7575027793645859
  view-data: 3.594310164451599
