times:
  edit-metadata: 1.5277960449457169
  landing: 0.7855897769331932
  view-data: 3.464877910912037
