times:
  edit-metadata: 1.476494938135147
  landing: 0.7445393726229668
  view-data: 3.4822760075330734
