times:
  edit-metadata: 1.409585565328598
  landing: 0.7306068539619446
  view-data: 3.4160995706915855
