times:
  edit-metadata: 1.6773428171873093
  landing: 0.9371063485741615
  view-data: 3.6045346781611443
