times:
  edit-metadata: 1.4220975786447525
  landing: 0.9155672788619995
  view-data: 3.443072848021984
