times:
  edit-metadata: 1.486877553164959
  landing: 0.8124963790178299
  view-data: 3.50055979937315
