times:
  edit-metadata: 1.5548401400446892
  landing: 0.7372803539037704
  view-data: 3.4294503778219223
