times:
  edit-metadata: 1.557952918112278
  landing: 0.7319681718945503
  view-data: 3.4290657714009285
