times:
  edit-metadata: 1.5155512690544128
  landing: 0.6955001130700111
  view-data: 3.388577565550804
