times:
  edit-metadata: 1.5419267565011978
  landing: 1.0308876484632492
  view-data: 3.5356365442276
