times:
  edit-metadata: 1.4287791326642036
  landing: 0.7773013263940811
  view-data: 3.516021102666855
