times:
  edit-metadata: 1.4605287536978722
  landing: 0.8113487660884857
  view-data: 3.511635571718216
