times:
  edit-metadata: 1.5330221205949783
  landing: 0.9226735308766365
  view-data: 3.560462087392807
