times:
  edit-metadata: 1.4241685047745705
  landing: 0.7560066878795624
  view-data: 3.391624867916107
