times:
  edit-metadata: 1.4450080543756485
  landing: 0.7369287982583046
  view-data: 3.4475996866822243
