times:
  edit-metadata: 1.4682285636663437
  landing: 0.8000388368964195
  view-data: 3.426446869969368
