times:
  edit-metadata: 1.800276480615139
  landing: 0.8694512769579887
  view-data: 3.4431723430752754
