times:
  edit-metadata: 1.465461365878582
  landing: 0.828415147960186
  view-data: 3.497485965490341
