times:
  edit-metadata: 1.4467411860823631
  landing: 0.7488201409578323
  view-data: 3.529964819550514
