times:
  edit-metadata: 1.3653228282928467
  landing: 0.8377726003527641
  view-data: 3.5016496628522873
