times:
  edit-metadata: 1.4246905371546745
  landing: 0.7587321698665619
  view-data: 3.374040499329567
