times:
  edit-metadata: 2.3002758622169495
  landing: 1.4406092911958694
  view-data: 3.5914045348763466
