times:
  edit-metadata: 2.5936888828873634
  landing: 1.638199269771576
  view-data: 3.932103641331196
