times:
  edit-metadata: 1.4920179322361946
  landing: 0.8193165212869644
  view-data: 3.4954211935400963
