times:
  edit-metadata: 1.9893863573670387
  landing: 1.3248890414834023
  view-data: 3.8719589337706566
