times:
  edit-metadata: 1.3964022547006607
  landing: 0.7829114347696304
  view-data: 3.4934931471943855
