times:
  edit-metadata: 1.3881304413080215
  landing: 0.7460136488080025
  view-data: 3.41413514316082
