times:
  edit-metadata: 1.50600066781044
  landing: 0.7676464319229126
  view-data: 3.4083294421434402
