times:
  edit-metadata: 0.6631177472881973
  landing: 0.05661633005365729
  view-data: 0.22579829674214125
