times:
  edit-metadata: 1.5903062392026186
  landing: 0.878727350383997
  view-data: 3.405876260250807
