times:
  edit-metadata: 1.4065275825560093
  landing: 0.8350144661962986
  view-data: 3.33414464071393
