times:
  edit-metadata: 1.4288945328444242
  landing: 0.7885403446853161
  view-data: 3.451341920532286
