times:
  edit-metadata: 2.2474107556045055
  landing: 1.6872668378055096
  view-data: 3.663044735789299
