times:
  edit-metadata: 0.6637859367765486
  landing: 0.08556651510298252
  view-data: 0.2946592830121517
