times:
  edit-metadata: 0.5454748470219783
  landing: 0.07709286501631141
  view-data: 0.2161700339638628
