times:
  edit-metadata: 1.9205872910097241
  landing: 0.9989858279004693
  view-data: 3.4910139916464686
