times:
  edit-metadata: 0.5552456900477409
  landing: 0.05025372980162501
  view-data: 0.22807188518345356
