times:
  edit-metadata: 1.5259290933609009
  landing: 0.7517742812633514
  view-data: 3.411408767104149
