times:
  edit-metadata: 1.5268837567418814
  landing: 0.7314906623214483
  view-data: 3.404753463342786
