times:
  edit-metadata: 0.5244863010011613
  landing: 0.08067021198803559
  view-data: 0.22286634999909438
