times:
  edit-metadata: 1.5600373893976212
  landing: 0.7512713707983494
  view-data: 3.389168329536915
