times:
  edit-metadata: 0.4557746727950871
  landing: 0.0719320960342884
  view-data: 0.21190594183281064
