times:
  edit-metadata: 0.5225907620042562
  landing: 0.05975351994857192
  view-data: 0.21152041107416153
