times:
  edit-metadata: 0.46431404002942145
  landing: 0.07019851496443152
  view-data: 0.21464217896573246
