times:
  edit-metadata: 0.47384224605048075
  landing: 0.06772122799884528
  view-data: 0.22530651703709736
