times:
  edit-metadata: 1.4628058653324842
  landing: 0.7973618600517511
  view-data: 3.3005450163036585
