times:
  edit-metadata: 1.4663385739549994
  landing: 0.8667098050937057
  view-data: 3.4745397153310478
