times:
  edit-metadata: 1.5674484129995108
  landing: 0.8015325553715229
  view-data: 3.4445919319987297
