times:
  edit-metadata: 0.46261494397185743
  landing: 0.06274779397062957
  view-data: 0.21610521199181676
