times:
  edit-metadata: 1.6122220940887928
  landing: 1.0865132324397564
  view-data: 3.3953742608428
