times:
  edit-metadata: 1.7889500763267279
  landing: 7.097966654226184
  view-data: 3.623675001785159
