times:
  edit-metadata: 1.5732971765100956
  landing: 0.8380665816366673
  view-data: 3.4207668602466583
