times:
  edit-metadata: 1.4948685336858034
  landing: 0.7533828839659691
  view-data: 3.40766142308712
