times:
  edit-metadata: 0.5610588919953443
  landing: 0.05201829399447888
  view-data: 0.21763400197960436
