times:
  edit-metadata: 1.4109135731123388
  landing: 0.8699686992913485
  view-data: 3.3917509908787906
