times:
  edit-metadata: 1.5451181568205357
  landing: 0.7806298099458218
  view-data: 3.440179580822587
