times:
  edit-metadata: 1.6593297962099314
  landing: 0.941899485886097
  view-data: 3.3830711524933577
