times:
  edit-metadata: 1.4408486038446426
  landing: 0.8886126130819321
  view-data: 3.412129633128643
