times:
  edit-metadata: 2.3671720512211323
  landing: 2.803093383088708
  view-data: 3.778714904561639
