times:
  edit-metadata: 1.4546462707221508
  landing: 0.7596327420324087
  view-data: 3.2686644941568375
