times:
  edit-metadata: 1.528483521193266
  landing: 1.29839076846838
  view-data: 3.493422096595168
