times:
  edit-metadata: 0.5426498869201168
  landing: 0.04834056296385825
  view-data: 0.23282188491430134
