times:
  edit-metadata: 0.48982098198030144
  landing: 0.0570760250557214
  view-data: 0.21040888503193855
