times:
  edit-metadata: 1.5138953663408756
  landing: 0.86550547555089
  view-data: 3.421958215534687
