times:
  edit-metadata: 1.5749129634350538
  landing: 0.7911733239889145
  view-data: 3.4444749522954226
