times:
  edit-metadata: 1.4278650768101215
  landing: 0.8139074184000492
  view-data: 3.2997918613255024
