times:
  edit-metadata: 1.5748481936752796
  landing: 0.9693134874105453
  view-data: 3.346939582377672
