times:
  edit-metadata: 1.4053931813687086
  landing: 0.8417118601500988
  view-data: 3.3116000406444073
