times:
  edit-metadata: 1.293844848871231
  landing: 0.7629276942461729
  view-data: 3.3131165374070406
