times:
  edit-metadata: 0.44828103808686137
  landing: 0.07328073773533106
  view-data: 0.20760510815307498
