times:
  edit-metadata: 1.4759166315197945
  landing: 0.7015658505260944
  view-data: 3.385879259556532
