times:
  edit-metadata: 0.4500121797900647
  landing: 0.07468958990648389
  view-data: 0.21664736117236316
