times:
  edit-metadata: 1.8372970819473267
  landing: 1.0830347761511803
  view-data: 3.430647999048233
