times:
  edit-metadata: 1.530029721558094
  landing: 0.9774610437452793
  view-data: 3.363055817782879
