times:
  edit-metadata: 1.68178054317832
  landing: 1.7664371728897095
  view-data: 3.339373879134655
