times:
  edit-metadata: 1.9612277317792177
  landing: 0.9795710542239249
  view-data: 3.5743912062607706
