times:
  edit-metadata: 0.45740620931610465
  landing: 0.0625538369640708
  view-data: 0.21832669991999865
