times:
  edit-metadata: 1.4632242396473885
  landing: 0.9129250943660736
  view-data: 3.3361047320067883
