times:
  edit-metadata: 0.45315109589137137
  landing: 0.07513744500465691
  view-data: 0.211609723046422
