times:
  edit-metadata: 1.5207791030406952
  landing: 0.7801586613059044
  view-data: 3.4268290996551514
