times:
  edit-metadata: 1.6092220209538937
  landing: 1.0405447222292423
  view-data: 3.401512634009123
