times:
  edit-metadata: 1.4873433820903301
  landing: 0.719226747751236
  view-data: 3.358028009533882
