times:
  edit-metadata: 1.5856518186628819
  landing: 0.8562508374452591
  view-data: 3.4309829734265804
