times:
  edit-metadata: 1.544532774016261
  landing: 0.7299930136650801
  view-data: 3.3625954873859882
