times:
  edit-metadata: 0.5266059259884059
  landing: 0.06488382490351796
  view-data: 0.21197246573865414
