times:
  edit-metadata: 0.6233866638503969
  landing: 0.1385832540690899
  view-data: 0.27584365429356694
