times:
  edit-metadata: 1.3495081551373005
  landing: 0.8399355560541153
  view-data: 3.3948775716125965
