times:
  edit-metadata: 2.368023106828332
  landing: 1.491839673370123
  view-data: 3.582722259685397
