times:
  edit-metadata: 1.5048371776938438
  landing: 0.7322542406618595
  view-data: 3.385374464094639
