times:
  edit-metadata: 0.5261017279699445
  landing: 0.08640613302122802
  view-data: 0.21344371302984655
