times:
  edit-metadata: 0.45894949906505644
  landing: 0.06468990305438638
  view-data: 0.2088758391328156
