times:
  edit-metadata: 1.2398485310841352
  landing: 0.6745194199029356
  view-data: 3.3579582620877773
