times:
  edit-metadata: 0.5328235279885121
  landing: 0.10189526795875281
  view-data: 0.20776108000427485
