times:
  edit-metadata: 3.502380033954978
  landing: 2.737154057249427
  view-data: 4.383075760677457
