times:
  edit-metadata: 1.4897458832710981
  landing: 0.8480401840060949
  view-data: 3.432404361665249
