times:
  edit-metadata: 1.4013643679209054
  landing: 0.7675501038320363
  view-data: 3.389615384861827
