times:
  edit-metadata: 1.507691232021898
  landing: 0.8189906300976872
  view-data: 3.4305542446672916
