times:
  edit-metadata: 1.3203648049384356
  landing: 0.6971807898953557
  view-data: 3.335055843926966
