times:
  edit-metadata: 1.4341106750071049
  landing: 0.756565511226654
  view-data: 3.3253664672374725
