times:
  edit-metadata: 0.4578518751077354
  landing: 0.07143797003664076
  view-data: 0.22380523988977075
