times:
  edit-metadata: 2.3206301853060722
  landing: 1.3531405087560415
  view-data: 3.7205072697252035
