times:
  edit-metadata: 0.49333235001540743
  landing: 0.04830363899236545
  view-data: 0.3442015500040725
