times:
  edit-metadata: 1.4228511489927769
  landing: 0.7340670451521873
  view-data: 3.3369289971888065
