times:
  edit-metadata: 1.5713648367673159
  landing: 0.7485028989613056
  view-data: 3.4156758412718773
