times:
  edit-metadata: 1.4175680233165622
  landing: 0.8208966106176376
  view-data: 3.3852422507479787
