times:
  edit-metadata: 2.3560250252485275
  landing: 1.3238442614674568
  view-data: 3.730075690895319
