times:
  edit-metadata: 0.45369822799693793
  landing: 0.06798729300498962
  view-data: 0.2144011149648577
