times:
  edit-metadata: 1.4210973093286157
  landing: 0.7733587874099612
  view-data: 3.3532645739614964
