times:
  edit-metadata: 1.450970005709678
  landing: 0.7439946746453643
  view-data: 3.3869311520829797
