times:
  edit-metadata: 0.5039635759894736
  landing: 0.060923895973246545
  view-data: 0.2184108899673447
