times:
  edit-metadata: 1.8945386139675975
  landing: 0.9777027317322791
  view-data: 3.5862485887482762
