times:
  edit-metadata: 1.460933392867446
  landing: 0.6836816482245922
  view-data: 3.344285272061825
