times:
  edit-metadata: 1.5205343775451183
  landing: 0.8282301984727383
  view-data: 3.417881689965725
