times:
  edit-metadata: 1.515307417139411
  landing: 0.7568050529807806
  view-data: 3.4062638469040394
