times:
  edit-metadata: 0.6379397549899295
  landing: 0.12425075101782568
  view-data: 0.25193878199206665
