times:
  edit-metadata: 1.5805951058864594
  landing: 0.9000371173024178
  view-data: 3.4329271242022514
