times:
  edit-metadata: 0.4792677459772676
  landing: 0.050539178075268865
  view-data: 0.2240080339834094
