times:
  edit-metadata: 1.571668118238449
  landing: 0.7520467005670071
  view-data: 3.3406872786581516
