times:
  edit-metadata: 1.5850346516817808
  landing: 0.7451478242874146
  view-data: 3.4144813306629658
