times:
  edit-metadata: 0.7370847356505692
  landing: 0.056364962831139565
  view-data: 0.2516365200281143
