times:
  edit-metadata: 1.500862255692482
  landing: 0.744035579264164
  view-data: 3.428513415157795
