times:
  edit-metadata: 1.4130467399954796
  landing: 0.8670533373951912
  view-data: 3.418030049651861
