times:
  edit-metadata: 2.8994556348770857
  landing: 1.5244941841810942
  view-data: 4.1346438974142075
