times:
  edit-metadata: 0.4602873739786446
  landing: 0.07277867291122675
  view-data: 0.21677600010298193
