times:
  edit-metadata: 1.6256029978394508
  landing: 0.26721326261758804
  view-data: 0.03686147555708885
