times:
  edit-metadata: 1.477567233145237
  landing: 0.9561364501714706
  view-data: 3.368011135607958
