times:
  edit-metadata: 1.565223090350628
  landing: 1.06643757969141
  view-data: 3.377564921975136
