times:
  edit-metadata: 0.4586412970093079
  landing: 0.06755633499415126
  view-data: 0.20524682600807864
