times:
  edit-metadata: 2.2302841674536467
  landing: 1.1930959839373827
  view-data: 3.7065330930054188
