times:
  edit-metadata: 0.44128909800201654
  landing: 0.060386252123862505
  view-data: 0.22153066424652934
