times:
  edit-metadata: 1.2565539553761482
  landing: 0.8111877413466573
  view-data: 3.286736248061061
