times:
  edit-metadata: 0.5459770387969911
  landing: 0.08834701590240002
  view-data: 0.2728608506731689
