times:
  edit-metadata: 1.6124918423593044
  landing: 0.9570160731673241
  view-data: 3.3306223079562187
