times:
  edit-metadata: 1.5353928487747908
  landing: 0.7653275039047003
  view-data: 3.387289075180888
