times:
  edit-metadata: 1.4300089357420802
  landing: 0.8004685556516051
  view-data: 3.401546947658062
