times:
  edit-metadata: 0.6795466560870409
  landing: 0.07879733806475997
  view-data: 0.22529798187315464
