times:
  edit-metadata: 1.3732251301407814
  landing: 0.7619368843734264
  view-data: 3.3471108749508858
