times:
  edit-metadata: 1.419237074907869
  landing: 0.848504297900945
  view-data: 3.3529558298178017
