times:
  edit-metadata: 2.068910825997591
  landing: 1.133352117612958
  view-data: 3.4760458283126354
