times:
  edit-metadata: 0.4442710940493271
  landing: 0.06349182990379632
  view-data: 0.2307829241035506
