times:
  edit-metadata: 1.2480961252003908
  landing: 0.7262065932154655
  view-data: 3.422840241342783
