times:
  edit-metadata: 1.3957641888409853
  landing: 0.8156414031982422
  view-data: 3.3259331844747066
