times:
  edit-metadata: 0.5183481581043452
  landing: 0.059126148000359535
  view-data: 0.2134716670261696
