times:
  edit-metadata: 0.861762585118413
  landing: 0.07769904471933842
  view-data: 0.21444775024428964
