times:
  edit-metadata: 1.852527990937233
  landing: 0.9698265958577394
  view-data: 3.48999117128551
