times:
  edit-metadata: 1.6452350709587336
  landing: 0.8721074797213078
  view-data: 3.4070966374129057
