times:
  edit-metadata: 1.6144825369119644
  landing: 0.01931413821876049
  view-data: 0.12851697579026222
