times:
  edit-metadata: 0.4549787079449743
  landing: 0.0630131489597261
  view-data: 0.2077230999711901
