times:
  edit-metadata: 1.6278823148459196
  landing: 0.8055806029587984
  view-data: 3.392486931756139
