times:
  edit-metadata: 0.5471171750104986
  landing: 0.07486226299079135
  view-data: 0.2270153709978331
