times:
  edit-metadata: 1.2937142139999196
  landing: 0.293176535051316
  view-data: 0.3121436680085026
