times:
  edit-metadata: 0.49462578003294766
  landing: 0.05183594208210707
  view-data: 0.21795503003522754
