times:
  edit-metadata: 0.5843083262443542
  landing: 0.07221737410873175
  view-data: 0.32318349462002516
