times:
  edit-metadata: 1.3715439438819885
  landing: 0.8669789135456085
  view-data: 3.3368267118930817
