times:
  edit-metadata: 1.9286079406738281
  landing: 1.116529006510973
  view-data: 3.366418559104204
