times:
  edit-metadata: 1.4882078021764755
  landing: 0.9040919877588749
  view-data: 3.294751338660717
