times:
  edit-metadata: 1.4941229559481144
  landing: 1.0131433010101318
  view-data: 3.3875829353928566
