times:
  edit-metadata: 1.4848645068705082
  landing: 0.8407498858869076
  view-data: 3.3200859241187572
