times:
  edit-metadata: 1.5156575217843056
  landing: 0.774370051920414
  view-data: 3.4229450188577175
