times:
  edit-metadata: 1.559968950226903
  landing: 0.9822616241872311
  view-data: 3.378567475825548
