times:
  edit-metadata: 1.3762536477297544
  landing: 0.7479617167264223
  view-data: 3.309978974983096
