times:
  edit-metadata: 1.6197148971259594
  landing: 0.822141932323575
  view-data: 3.494304370135069
