times:
  edit-metadata: 0.5459641499983263
  landing: 0.06825349200516939
  view-data: 0.2220024159978493
