times:
  edit-metadata: 1.9643087461590767
  landing: 1.2085432428866625
  view-data: 3.6142865321598947
