times:
  edit-metadata: 1.513625368475914
  landing: 0.9025468714535236
  view-data: 3.4172999002039433
