times:
  edit-metadata: 2.2525415122509003
  landing: 1.4087041728198528
  view-data: 3.867400422692299
