times:
  edit-metadata: 1.5888484567403793
  landing: 0.9002774730324745
  view-data: 3.460083082318306
