times:
  edit-metadata: 0.5514435750083067
  landing: 0.0780294430005597
  view-data: 0.2733471100073075
