times:
  edit-metadata: 1.4938445328734815
  landing: 0.7824402484111488
  view-data: 3.358025245834142
