times:
  edit-metadata: 1.3429834900889546
  landing: 0.716271486133337
  view-data: 3.5129423539619893
