times:
  edit-metadata: 1.5100137405097485
  landing: 0.7861278112977743
  view-data: 3.407286047935486
