times:
  edit-metadata: 1.3661596048623323
  landing: 0.8214385956525803
  view-data: 3.6263471357524395
