times:
  edit-metadata: 0.5347903887741268
  landing: 0.10266439197584987
  view-data: 0.3200758323073387
