times:
  edit-metadata: 1.4906532629393041
  landing: 0.8323386758565903
  view-data: 3.4340910529717803
