times:
  edit-metadata: 1.5053514100145549
  landing: 0.8257933619897813
  view-data: 3.282821548054926
