times:
  edit-metadata: 1.4020278863608837
  landing: 0.9312018975615501
  view-data: 3.3711320757865906
