times:
  edit-metadata: 1.3908172491937876
  landing: 1.1329616568982601
  view-data: 3.5368983699008822
