times:
  edit-metadata: 0.4888838710030541
  landing: 0.05918649293016642
  view-data: 0.2220251689432189
