times:
  edit-metadata: 1.549870029091835
  landing: 0.821913119405508
  view-data: 3.4104489646852016
