times:
  edit-metadata: 0.5244325500098057
  landing: 0.07502178900176659
  view-data: 0.22881790198152885
