times:
  edit-metadata: 1.4923078920692205
  landing: 0.7692791949957609
  view-data: 3.4470893405377865
