times:
  edit-metadata: 0.4490559489931911
  landing: 0.07168117305263877
  view-data: 0.217684892937541
