times:
  edit-metadata: 1.4818395152688026
  landing: 0.7690117377787828
  view-data: 3.3756774719804525
