times:
  edit-metadata: 1.425857961177826
  landing: 0.917388305068016
  view-data: 3.345452021807432
