times:
  edit-metadata: 0.6909196469996459
  landing: 0.06641632999981084
  view-data: 0.292371288999675
