times:
  edit-metadata: 1.5105221904814243
  landing: 1.0057522468268871
  view-data: 3.3483744524419308
