times:
  edit-metadata: 0.4904142639134079
  landing: 0.05640333401970565
  view-data: 0.33680550404824317
