times:
  edit-metadata: 2.8753787390887737
  landing: 1.3030737899243832
  view-data: 3.71466875821352
