times:
  edit-metadata: 0.460869416128844
  landing: 0.07480754097923636
  view-data: 0.21268599620088935
