times:
  edit-metadata: 0.5214682489749976
  landing: 0.07072626700391993
  view-data: 0.22505760099738836
