times:
  edit-metadata: 1.7363490834832191
  landing: 1.0871286951005459
  view-data: 3.428818952292204
