times:
  edit-metadata: 1.7643335908651352
  landing: 1.0405609980225563
  view-data: 3.407999124377966
