times:
  edit-metadata: 1.393209133297205
  landing: 0.9035305567085743
  view-data: 3.4150477275252342
