times:
  edit-metadata: 1.3932465948164463
  landing: 0.844780158251524
  view-data: 3.3480345085263252
