times:
  edit-metadata: 1.7568516582250595
  landing: 0.9832025580108166
  view-data: 3.3922365847975016
