times:
  edit-metadata: 0.5129429111257195
  landing: 0.13564243004657328
  view-data: 0.25521650700829923
