times:
  edit-metadata: 2.2569947317242622
  landing: 1.053620919585228
  view-data: 3.385285820811987
