times:
  edit-metadata: 0.4439002489671111
  landing: 0.06993719516322017
  view-data: 0.21746059809811413
