times:
  edit-metadata: 1.4965815991163254
  landing: 0.8927387222647667
  view-data: 3.3980539478361607
