times:
  edit-metadata: 1.4415924586355686
  landing: 0.7889241985976696
  view-data: 3.4283204581588507
