times:
  edit-metadata: 0.8594140560016967
  landing: 0.16926985900499858
  view-data: 0.27544557498185895
