times:
  edit-metadata: 1.4460387453436852
  landing: 0.8991617150604725
  view-data: 3.3840089291334152
