times:
  edit-metadata: 1.6310878172516823
  landing: 0.9437668845057487
  view-data: 3.416749596595764
