times:
  edit-metadata: 1.4960214383900166
  landing: 0.9302885085344315
  view-data: 3.375058379024267
