times:
  edit-metadata: 0.49717508908361197
  landing: 0.05515984003432095
  view-data: 0.22206757916137576
