times:
  edit-metadata: 1.556543093174696
  landing: 0.710880521684885
  view-data: 3.3527565598487854
