times:
  edit-metadata: 1.5234317178837955
  landing: 0.8321192641742527
  view-data: 3.3173997518606484
