times:
  edit-metadata: 0.4477068642154336
  landing: 0.06451956881210208
  view-data: 0.21053286688402295
