times:
  edit-metadata: 1.480373054742813
  landing: 0.9166527166962624
  view-data: 3.416097704321146
