times:
  edit-metadata: 1.532586606219411
  landing: 0.806178255006671
  view-data: 3.445606152061373
