times:
  edit-metadata: 2.0702790915966034
  landing: 1.0697460025548935
  view-data: 3.500219974666834
