times:
  edit-metadata: 1.3435900695621967
  landing: 0.6506117768585682
  view-data: 3.3457501903176308
