times:
  edit-metadata: 1.3645424768328667
  landing: 0.873554416000843
  view-data: 3.306510355323553
