times:
  edit-metadata: 0.5106625530170277
  landing: 0.07121459709014744
  view-data: 0.28412757406476885
