times:
  edit-metadata: 1.876941967755556
  landing: 1.2608092576265335
  view-data: 3.374973878264427
