times:
  edit-metadata: 1.836399968713522
  landing: 0.8780803978443146
  view-data: 3.368282549083233
