times:
  edit-metadata: 1.548045264557004
  landing: 0.23797594383358955
  view-data: 0.027233071625232697
