times:
  edit-metadata: 2.4873433969914913
  landing: 1.4291875399649143
  view-data: 3.7511690836399794
