times:
  edit-metadata: 0.5514783072285354
  landing: 0.05391017906367779
  view-data: 0.21595026412978768
