times:
  edit-metadata: 1.4704218693077564
  landing: 0.8767505995929241
  view-data: 3.334386359900236
