times:
  edit-metadata: 0.5082133687101305
  landing: 0.09491402935236692
  view-data: 0.40766018768772483
