times:
  edit-metadata: 1.3225341821089387
  landing: 0.7603738317266107
  view-data: 3.2966963201761246
