times:
  edit-metadata: 0.46294911904260516
  landing: 0.07214048691093922
  view-data: 0.2063743369653821
