times:
  edit-metadata: 1.410549834370613
  landing: 0.8673580661416054
  view-data: 3.341370191425085
