times:
  edit-metadata: 1.5268317833542824
  landing: 0.8909820429980755
  view-data: 3.3620313052088022
