times:
  edit-metadata: 1.5153571218252182
  landing: 0.990093108266592
  view-data: 3.8238584073260427
