times:
  edit-metadata: 2.2304082568734884
  landing: 1.239259833469987
  view-data: 3.685932071879506
