times:
  edit-metadata: 1.5690935514867306
  landing: 0.8401232659816742
  view-data: 3.4285848326981068
