times:
  edit-metadata: 1.7315125782042742
  landing: 1.0107317324727774
  view-data: 3.475199619308114
