times:
  edit-metadata: 1.4004950569942594
  landing: 0.8043081481009722
  view-data: 3.4070488112047315
