times:
  edit-metadata: 1.5695766061544418
  landing: 0.6632977537810802
  view-data: 3.336416281759739
