times:
  edit-metadata: 1.4247881951741874
  landing: 0.7602463848888874
  view-data: 3.378675231244415
