times:
  edit-metadata: 2.1275870949029922
  landing: 1.1749964002519846
  view-data: 3.5938109792768955
