times:
  edit-metadata: 1.8409875631332397
  landing: 0.8586536850780249
  view-data: 3.4341840967535973
