times:
  edit-metadata: 1.60780481249094
  landing: 1.055016864091158
  view-data: 3.4238606728613377
