times:
  edit-metadata: 0.5163287080358714
  landing: 0.05264309188351035
  view-data: 0.20863399095833302
