times:
  edit-metadata: 1.4728898629546165
  landing: 1.236968506127596
  view-data: 3.394757393747568
