times:
  edit-metadata: 1.4435614794492722
  landing: 0.7602361170575023
  view-data: 3.2817243868485093
