times:
  edit-metadata: 1.510088387876749
  landing: 0.8844228163361549
  view-data: 3.3587392270565033
