times:
  edit-metadata: 0.4635894999373704
  landing: 0.07286985497921705
  view-data: 0.2174494699575007
