times:
  edit-metadata: 0.45378124504350126
  landing: 0.060442663030698895
  view-data: 0.4714658388402313
