times:
  edit-metadata: 1.3820430091582239
  landing: 0.7309048529714346
  view-data: 3.3077245373278856
