times:
  edit-metadata: 1.893392939120531
  landing: 1.6676483638584614
  view-data: 3.356361359357834
