times:
  edit-metadata: 0.46208448498509824
  landing: 0.04838037118315697
  view-data: 0.22225393005646765
