times:
  edit-metadata: 1.4625081792473793
  landing: 0.7825490888208151
  view-data: 3.349030841141939
