times:
  edit-metadata: 1.5014435779303312
  landing: 0.7516195587813854
  view-data: 3.393139773979783
