times:
  edit-metadata: 1.4919025860726833
  landing: 0.8442482948303223
  view-data: 3.3862852565944195
