times:
  edit-metadata: 0.45436883298680186
  landing: 0.0702353750821203
  view-data: 0.20889955712482333
