times:
  edit-metadata: 0.4806641526520252
  landing: 0.05204023793339729
  view-data: 0.21188677195459604
