times:
  edit-metadata: 0.47686675912700593
  landing: 0.05234983307309449
  view-data: 0.21189094916917384
