times:
  edit-metadata: 0.5658282525837421
  landing: 0.1349634351208806
  view-data: 0.21193377766758204
