times:
  edit-metadata: 1.3743452429771423
  landing: 0.9373310580849648
  view-data: 3.353786651045084
