times:
  edit-metadata: 0.45999539317563176
  landing: 0.07223256793804467
  view-data: 0.21287135896272957
