times:
  edit-metadata: 1.5194684267044067
  landing: 0.933205135166645
  view-data: 3.442724645137787
