times:
  edit-metadata: 1.5043936185538769
  landing: 1.0704446882009506
  view-data: 3.397744134068489
