times:
  edit-metadata: 1.646929919719696
  landing: 0.7723470572382212
  view-data: 3.3912930712103844
