times:
  edit-metadata: 1.4891075789928436
  landing: 0.910439882427454
  view-data: 3.304355300962925
