times:
  edit-metadata: 0.5156276291236281
  landing: 0.0772984060458839
  view-data: 0.20527995377779007
