times:
  edit-metadata: 1.3880443312227726
  landing: 0.7259039245545864
  view-data: 3.348864633589983
