times:
  edit-metadata: 1.3188515439396724
  landing: 0.834490378969349
  view-data: 3.42964431096334
