times:
  edit-metadata: 1.477812003926374
  landing: 0.7675584000535309
  view-data: 3.336498524993658
