times:
  edit-metadata: 1.4911630637943745
  landing: 0.781412947922945
  view-data: 3.4437683075666428
