times:
  edit-metadata: 1.4819176457822323
  landing: 0.8266143575310707
  view-data: 3.389249147847295
