times:
  edit-metadata: 1.4773349277675152
  landing: 0.8250202983617783
  view-data: 3.4101694226264954
