times:
  edit-metadata: 0.4502795090666041
  landing: 0.06905030400957912
  view-data: 0.2112759860465303
