times:
  edit-metadata: 1.2767033171840012
  landing: 0.7840140508487821
  view-data: 3.287227945169434
