times:
  edit-metadata: 0.48984711803495884
  landing: 0.049670706037431955
  view-data: 0.2103941459208727
