times:
  edit-metadata: 0.48916535591706634
  landing: 0.047185470815747976
  view-data: 0.3445289069786668
