times:
  edit-metadata: 1.5591935776174068
  landing: 0.787768280133605
  view-data: 3.4659153912216425
