times:
  edit-metadata: 0.5224411501549184
  landing: 0.05844490183517337
  view-data: 0.2078247698955238
