times:
  edit-metadata: 1.4950744975358248
  landing: 0.8745921719819307
  view-data: 3.4271803218871355
