times:
  edit-metadata: 1.4910850040614605
  landing: 0.7551086638122797
  view-data: 3.4112711623311043
