times:
  edit-metadata: 1.473443737020716
  landing: 0.8622816290007904
  view-data: 3.2988246759632602
