times:
  edit-metadata: 0.4562040719902143
  landing: 0.06610598496627063
  view-data: 0.3400683969957754
