times:
  edit-metadata: 1.5269199535250664
  landing: 0.7894411943852901
  view-data: 3.3841876089572906
