times:
  edit-metadata: 0.5415544940624386
  landing: 0.07726370089221746
  view-data: 0.215361199923791
