times:
  edit-metadata: 1.7949313502758741
  landing: 0.9997984152287245
  view-data: 3.359945770353079
