times:
  edit-metadata: 0.4591564599541016
  landing: 0.06549616402480751
  view-data: 0.21153867396060377
