times:
  edit-metadata: 0.5304406659997767
  landing: 0.07757970699458383
  view-data: 0.22505722699861508
