times:
  edit-metadata: 0.485078795987647
  landing: 0.05609427997842431
  view-data: 0.21401210204930976
