times:
  edit-metadata: 1.5670504309237003
  landing: 0.9849250800907612
  view-data: 3.492073781788349
