times:
  edit-metadata: 1.3391059916466475
  landing: 0.8736785836517811
  view-data: 3.3520725034177303
