times:
  edit-metadata: 1.495868045836687
  landing: 0.8610521554946899
  view-data: 3.370392896234989
