times:
  edit-metadata: 0.5304277959512547
  landing: 0.0853621979476884
  view-data: 0.22482779202982783
