times:
  edit-metadata: 1.5324477814137936
  landing: 0.8733528349548578
  view-data: 3.432224500924349
