times:
  edit-metadata: 0.6068746792152524
  landing: 0.06503201788291335
  view-data: 0.24381236312910914
