times:
  edit-metadata: 0.4551888240966946
  landing: 0.06469584512524307
  view-data: 0.21681976108811796
