times:
  edit-metadata: 1.375078521668911
  landing: 0.873852476477623
  view-data: 3.313496984541416
