times:
  edit-metadata: 0.47894376900512725
  landing: 0.06909952103160322
  view-data: 0.21200075501110405
