times:
  edit-metadata: 1.5197835266590118
  landing: 0.7395625598728657
  view-data: 3.3042237237095833
