times:
  edit-metadata: 1.6625318191945553
  landing: 1.014211181551218
  view-data: 3.4080177433788776
