times:
  edit-metadata: 1.3368687303736806
  landing: 0.8643212569877505
  view-data: 3.3600093508139253
