times:
  edit-metadata: 1.4261849140748382
  landing: 0.9182053785771132
  view-data: 3.415683983825147
