times:
  edit-metadata: 1.44830859079957
  landing: 2.038373490795493
  view-data: 3.4847902227193117
