times:
  edit-metadata: 1.329398744739592
  landing: 0.9538231883198023
  view-data: 3.4187740553170443
