times:
  edit-metadata: 1.5629678927361965
  landing: 0.8004974573850632
  view-data: 3.4097040574997663
