times:
  edit-metadata: 1.5083827264606953
  landing: 0.7064804099500179
  view-data: 3.3463648445904255
