times:
  edit-metadata: 0.5255724330054363
  landing: 0.07424467599776108
  view-data: 0.24826027899689507
