times:
  edit-metadata: 1.4315171418711543
  landing: 1.1572642736136913
  view-data: 3.3081802632659674
