times:
  edit-metadata: 2.0137222073972225
  landing: 1.148749876767397
  view-data: 3.7609854377806187
