times:
  edit-metadata: 0.5693133749882691
  landing: 0.04877490099170245
  view-data: 0.22433073000865988
