times:
  edit-metadata: 1.8324171341955662
  landing: 0.9082794785499573
  view-data: 3.268100220710039
