times:
  edit-metadata: 1.6154337599873543
  landing: 1.1487907990813255
  view-data: 3.3533976189792156
