times:
  edit-metadata: 1.625583741813898
  landing: 0.8476796429604292
  view-data: 3.427263954654336
