times:
  edit-metadata: 2.2111882399767637
  landing: 1.4800211675465107
  view-data: 3.6056702081114054
