times:
  edit-metadata: 1.6764607336372137
  landing: 0.9365369342267513
  view-data: 3.3196712182834744
