times:
  edit-metadata: 1.4345882758498192
  landing: 0.7408429011702538
  view-data: 3.310183229856193
