times:
  edit-metadata: 0.45863484498113394
  landing: 0.06377674895338714
  view-data: 0.21449589310213923
