times:
  edit-metadata: 1.8538330309092999
  landing: 1.3117501847445965
  view-data: 3.659003511071205
