times:
  edit-metadata: 1.3518235841766
  landing: 1.4988024551421404
  view-data: 3.498378813266754
