times:
  edit-metadata: 1.5505125802010298
  landing: 0.9068659879267216
  view-data: 3.4822205118834972
