times:
  edit-metadata: 0.5369467000000441
  landing: 0.06484667399945465
  view-data: 0.22389822400054982
