times:
  edit-metadata: 1.4273633705452085
  landing: 0.8189785266295075
  view-data: 3.488488326780498
