times:
  edit-metadata: 1.5519668515771627
  landing: 0.7995645944029093
  view-data: 3.4365002252161503
