times:
  edit-metadata: 1.3853300240589306
  landing: 0.8104921469930559
  view-data: 3.377845427952707
