times:
  edit-metadata: 1.4645283967256546
  landing: 0.6527063045650721
  view-data: 3.2944755610078573
