times:
  edit-metadata: 0.5272276750183664
  landing: 0.05894513800740242
  view-data: 0.35866539500420913
