times:
  edit-metadata: 1.533855676651001
  landing: 0.8748933710157871
  view-data: 3.2940814681351185
