times:
  edit-metadata: 1.460025659762323
  landing: 0.8172766817733645
  view-data: 3.364273256622255
