times:
  edit-metadata: 0.542544401017949
  landing: 0.06946049898397177
  view-data: 0.21844036900438368
