times:
  edit-metadata: 1.6033191978931427
  landing: 0.9375429078936577
  view-data: 3.335764069110155
