times:
  edit-metadata: 1.5187304951250553
  landing: 0.7515031509101391
  view-data: 3.362136907875538
