times:
  edit-metadata: 1.4909741636365652
  landing: 0.8643525671213865
  view-data: 3.407358316704631
