times:
  edit-metadata: 1.4919389747083187
  landing: 0.9007870852947235
  view-data: 3.373971000313759
