times:
  edit-metadata: 1.5235014855861664
  landing: 0.8231997713446617
  view-data: 3.416269075125456
