times:
  edit-metadata: 1.5236251205205917
  landing: 0.9485196433961391
  view-data: 3.3438445664942265
