times:
  edit-metadata: 0.553856838028878
  landing: 0.06130304280668497
  view-data: 0.20316559122875333
