times:
  edit-metadata: 0.47222074400633574
  landing: 0.08262575697153807
  view-data: 0.21264202520251274
