times:
  edit-metadata: 1.3680429384112358
  landing: 0.8542644903063774
  view-data: 3.2864497192204
