times:
  edit-metadata: 0.4515981459990144
  landing: 0.07375433099514339
  view-data: 0.213651979000133
