times:
  edit-metadata: 0.4485059129947331
  landing: 0.07338414498372003
  view-data: 0.21353632700629532
