times:
  edit-metadata: 1.4238867750391364
  landing: 0.8151801452040672
  view-data: 3.352887149900198
