times:
  edit-metadata: 0.4689914759946987
  landing: 0.07251989596989006
  view-data: 0.20748565800022334
