times:
  edit-metadata: 2.788551427423954
  landing: 1.6911338735371828
  view-data: 3.847322130575776
