times:
  edit-metadata: 0.5931505410117097
  landing: 0.06652411899995059
  view-data: 0.21465494204312563
