times:
  edit-metadata: 1.4685967788100243
  landing: 0.7163410130888224
  view-data: 3.398024260997772
