times:
  edit-metadata: 0.6899990187957883
  landing: 0.17311888514086604
  view-data: 0.25480038300156593
