times:
  edit-metadata: 1.5078374659642577
  landing: 0.9078072682023048
  view-data: 3.398093647323549
