times:
  edit-metadata: 1.4209448480978608
  landing: 0.8543748771771789
  view-data: 3.3754730252549052
