times:
  edit-metadata: 1.5058250608853996
  landing: 0.8485599928535521
  view-data: 3.456795376027003
