times:
  edit-metadata: 1.3166024899110198
  landing: 0.6995270494371653
  view-data: 3.281664743088186
