times:
  edit-metadata: 2.4246010622009635
  landing: 1.5437269294634461
  view-data: 3.79083473328501
