times:
  edit-metadata: 1.5021873526275158
  landing: 0.7649264745414257
  view-data: 3.395444380119443
