times:
  edit-metadata: 0.4614605619572103
  landing: 0.068027877015993
  view-data: 0.2071489510126412
