times:
  edit-metadata: 0.4601952599996366
  landing: 0.0673162630000661
  view-data: 0.20798060999914014
