times:
  edit-metadata: 1.4310737699270248
  landing: 0.8387197703123093
  view-data: 3.3610800579190254
