times:
  edit-metadata: 0.5133727770298719
  landing: 0.055182153009809554
  view-data: 0.26262580300681293
