times:
  edit-metadata: 2.4271604008972645
  landing: 1.507657639682293
  view-data: 3.7554419972002506
