times:
  edit-metadata: 1.338891954626888
  landing: 0.8253456531092525
  view-data: 3.382506972178817
