times:
  edit-metadata: 0.45048169093206525
  landing: 0.06925777904689312
  view-data: 0.23131553502753377
