times:
  edit-metadata: 1.4196657426655293
  landing: 0.8151849173009396
  view-data: 3.3364318646490574
