times:
  edit-metadata: 1.3984019360505044
  landing: 0.8175380942411721
  view-data: 3.3395638819783926
