times:
  edit-metadata: 1.4353265091776848
  landing: 1.054591927677393
  view-data: 3.3133697770535946
