times:
  edit-metadata: 1.5501573272049427
  landing: 0.8250605892390013
  view-data: 3.4407500494271517
