times:
  edit-metadata: 2.6796556673943996
  landing: 1.7302215211093426
  view-data: 3.4152249582111835
