times:
  edit-metadata: 1.476535496301949
  landing: 0.8863105336204171
  view-data: 3.3864904642105103
