times:
  edit-metadata: 1.4906727320048958
  landing: 0.8072624781634659
  view-data: 3.2905096681788564
