times:
  edit-metadata: 1.5627514142543077
  landing: 0.805692695081234
  view-data: 3.4321971461176872
