times:
  edit-metadata: 1.4334186729975045
  landing: 0.8321421078871936
  view-data: 3.375849261879921
