times:
  edit-metadata: 1.5750133469700813
  landing: 0.9534802511334419
  view-data: 3.332367744296789
