times:
  edit-metadata: 0.4619177731219679
  landing: 0.06197345000691712
  view-data: 0.20810788194648921
