times:
  edit-metadata: 1.5885648746043444
  landing: 0.7371996287256479
  view-data: 3.4368217047303915
