times:
  edit-metadata: 0.46360121993348
  landing: 0.055167811922729015
  view-data: 0.20774891204200685
