times:
  edit-metadata: 2.4862869549542665
  landing: 1.4251162447035313
  view-data: 3.563656732439995
