times:
  edit-metadata: 1.4563519340008497
  landing: 0.8674927898682654
  view-data: 3.655822063796222
