times:
  edit-metadata: 1.4484563991427422
  landing: 1.6886880733072758
  view-data: 3.3035206273198128
