times:
  edit-metadata: 1.672564335167408
  landing: 0.8552206866443157
  view-data: 3.372293546795845
