times:
  edit-metadata: 0.5276804890017956
  landing: 0.06629569292999804
  view-data: 0.21219138300511986
