times:
  edit-metadata: 1.41061537200585
  landing: 0.7884541563689709
  view-data: 3.4074265616945922
