times:
  edit-metadata: 1.468857056926936
  landing: 0.967090249992907
  view-data: 3.3934425869956613
