times:
  edit-metadata: 0.4740669099846855
  landing: 0.04718621197389439
  view-data: 0.20979686197824776
