times:
  edit-metadata: 1.4798272773623466
  landing: 1.0474547445774078
  view-data: 3.4095277972519398
