times:
  edit-metadata: 0.5343706551939249
  landing: 0.1480481163598597
  view-data: 0.35453361086547375
