times:
  edit-metadata: 1.424715906381607
  landing: 0.8977713063359261
  view-data: 3.54409196972847
