times:
  edit-metadata: 1.473161056637764
  landing: 0.8900797888636589
  view-data: 3.3643758073449135
