times:
  edit-metadata: 1.4450111463665962
  landing: 0.8816972747445107
  view-data: 3.3704648166894913
