times:
  edit-metadata: 1.4281405434012413
  landing: 0.8264052197337151
  view-data: 3.3052767515182495
