times:
  edit-metadata: 1.4857698827981949
  landing: 0.9042491801083088
  view-data: 3.3780943006277084
