times:
  edit-metadata: 1.4594653248786926
  landing: 0.8237230107188225
  view-data: 3.443436920642853
