times:
  edit-metadata: 2.289280451834202
  landing: 1.3259917944669724
  view-data: 3.606280565261841
