times:
  edit-metadata: 1.753130566328764
  landing: 1.0780051723122597
  view-data: 3.359223537147045
