times:
  edit-metadata: 1.4935206025838852
  landing: 0.859776109457016
  view-data: 3.4332240372896194
