times:
  edit-metadata: 1.5607023239135742
  landing: 0.9041840732097626
  view-data: 3.4790599197149277
