times:
  edit-metadata: 1.5358881168067455
  landing: 0.8655422478914261
  view-data: 3.3226790204644203
