times:
  edit-metadata: 2.874667078256607
  landing: 1.62238385155797
  view-data: 3.5581563152372837
