times:
  edit-metadata: 1.8303167894482613
  landing: 0.8242061883211136
  view-data: 3.5557640567421913
