times:
  edit-metadata: 1.4801010973751545
  landing: 0.7761853411793709
  view-data: 3.251539897173643
