times:
  edit-metadata: 1.6397770456969738
  landing: 0.9005088582634926
  view-data: 3.7779485546052456
