times:
  edit-metadata: 1.5443711802363396
  landing: 0.7503857538104057
  view-data: 3.5296975523233414
