times:
  edit-metadata: 1.43762868642807
  landing: 1.0569224208593369
  view-data: 3.5656589418649673
