times:
  edit-metadata: 1.8584064170718193
  landing: 0.9564448781311512
  view-data: 3.332223452627659
