times:
  edit-metadata: 1.4097923412919044
  landing: 0.805729553103447
  view-data: 3.5215639248490334
