times:
  edit-metadata: 1.5160716772079468
  landing: 0.9608096703886986
  view-data: 3.391079142689705
