times:
  edit-metadata: 1.5440647974610329
  landing: 0.9360941275954247
  view-data: 3.3571229204535484
