times:
  edit-metadata: 1.4576979354023933
  landing: 0.749797061085701
  view-data: 3.5297643914818764
