times:
  edit-metadata: 1.4584027156233788
  landing: 0.8367363288998604
  view-data: 3.4949254170060158
