times:
  edit-metadata: 1.491984911262989
  landing: 0.7813348099589348
  view-data: 3.3749735057353973
