times:
  edit-metadata: 1.357517883181572
  landing: 0.9338248372077942
  view-data: 3.480556696653366
