times:
  edit-metadata: 2.9967149198055267
  landing: 1.2695655226707458
  view-data: 3.443152353167534
