times:
  edit-metadata: 2.2842921875417233
  landing: 1.5175815001130104
  view-data: 3.5697910711169243
