times:
  edit-metadata: 1.5132905468344688
  landing: 0.883859746158123
  view-data: 3.3681311160326004
