times:
  edit-metadata: 1.43075829744339
  landing: 0.8062173873186111
  view-data: 3.315955266356468
