times:
  edit-metadata: 1.3967480584979057
  landing: 0.8166734576225281
  view-data: 3.5047033801674843
