times:
  edit-metadata: 1.4448794014751911
  landing: 0.8881376013159752
  view-data: 3.323586627840996
