times:
  edit-metadata: 1.4817515537142754
  landing: 0.963507629930973
  view-data: 3.3510275073349476
