times:
  edit-metadata: 1.5217526257038116
  landing: 0.8176059648394585
  view-data: 3.4933061599731445
