times:
  edit-metadata: 1.7559778615832329
  landing: 0.8848822116851807
  view-data: 3.62654035538435
