times:
  edit-metadata: 1.5705209895968437
  landing: 0.8091850355267525
  view-data: 3.4180742353200912
