times:
  edit-metadata: 1.4551281295716763
  landing: 0.7913711629807949
  view-data: 3.330608978867531
