times:
  edit-metadata: 1.4571658223867416
  landing: 0.8808354176580906
  view-data: 3.3315456584095955
