times:
  edit-metadata: 1.724164918065071
  landing: 0.9421436563134193
  view-data: 3.564719967544079
