times:
  edit-metadata: 1.627468790858984
  landing: 0.8441703654825687
  view-data: 3.2933841086924076
