times:
  edit-metadata: 2.1818327754735947
  landing: 1.4051092341542244
  view-data: 3.917459525167942
