times:
  edit-metadata: 1.493505910038948
  landing: 0.9201048165559769
  view-data: 3.3007220700383186
