times:
  edit-metadata: 1.3800682127475739
  landing: 0.8070257902145386
  view-data: 3.419342428445816
