times:
  edit-metadata: 1.4814463555812836
  landing: 0.8528380766510963
  view-data: 3.4392488673329353
