times:
  edit-metadata: 1.4265555664896965
  landing: 0.8375120908021927
  view-data: 3.4854700416326523
