times:
  edit-metadata: 1.508681297302246
  landing: 0.7811988145112991
  view-data: 3.511617697775364
