times:
  edit-metadata: 1.4123594611883163
  landing: 0.8104837313294411
  view-data: 3.3720109909772873
