times:
  edit-metadata: 1.3936546668410301
  landing: 0.8069666102528572
  view-data: 3.3175943791866302
