times:
  edit-metadata: 1.9536708742380142
  landing: 1.3208826407790184
  view-data: 3.5500834062695503
