times:
  edit-metadata: 1.3990461230278015
  landing: 0.9496697075664997
  view-data: 3.375110998749733
