times:
  edit-metadata: 2.1012175008654594
  landing: 1.4326437562704086
  view-data: 3.8367350921034813
