times:
  edit-metadata: 1.423931647092104
  landing: 0.7999193668365479
  view-data: 3.3227193616330624
