times:
  edit-metadata: 1.412890512496233
  landing: 0.8406528383493423
  view-data: 3.427787099033594
