times:
  edit-metadata: 1.4285722710192204
  landing: 0.8592250160872936
  view-data: 3.2857044599950314
