times:
  edit-metadata: 1.5125688835978508
  landing: 0.8424865081906319
  view-data: 3.335740976035595
