times:
  edit-metadata: 1.4650314301252365
  landing: 0.9467420354485512
  view-data: 3.5195461064577103
