times:
  edit-metadata: 1.4207590967416763
  landing: 0.8429286107420921
  view-data: 3.4092695116996765
