times:
  edit-metadata: 1.375866025686264
  landing: 0.7858263403177261
  view-data: 3.360832452774048
