times:
  edit-metadata: 1.4516238570213318
  landing: 1.001822017133236
  view-data: 3.3442652747035027
