times:
  edit-metadata: 1.499157439917326
  landing: 0.8373586572706699
  view-data: 3.326590411365032
