times:
  edit-metadata: 1.45354675501585
  landing: 0.9491444826126099
  view-data: 3.2729228883981705
