times:
  edit-metadata: 1.4616241827607155
  landing: 0.740639716386795
  view-data: 3.3717272132635117
