times:
  edit-metadata: 1.5387824550271034
  landing: 0.8530268780887127
  view-data: 3.4108422622084618
