times:
  edit-metadata: 1.341964229941368
  landing: 0.8722009025514126
  view-data: 3.298000890761614
