times:
  edit-metadata: 1.4539956972002983
  landing: 0.8877554014325142
  view-data: 3.43677918612957
