times:
  edit-metadata: 1.4114947132766247
  landing: 0.815601073205471
  view-data: 3.328276950865984
