times:
  edit-metadata: 1.511381197720766
  landing: 0.8755143322050571
  view-data: 3.381441693753004
