times:
  edit-metadata: 1.454802330583334
  landing: 0.9079061113297939
  view-data: 3.335298154503107
