times:
  edit-metadata: 1.4744208827614784
  landing: 0.9185825884342194
  view-data: 3.28342804312706
