times:
  edit-metadata: 1.3908926025032997
  landing: 0.7696704789996147
  view-data: 3.4924295395612717
