times:
  edit-metadata: 1.503622867166996
  landing: 0.8225726038217545
  view-data: 3.515421085059643
