times:
  edit-metadata: 1.4236593842506409
  landing: 0.8638874143362045
  view-data: 3.34027935937047
