times:
  edit-metadata: 1.3877192065119743
  landing: 0.8535619750618935
  view-data: 3.3233988359570503
