times:
  edit-metadata: 1.3938256055116653
  landing: 0.8409036472439766
  view-data: 3.4789583683013916
