times:
  edit-metadata: 1.5143694579601288
  landing: 0.8568120636045933
  view-data: 3.3144526593387127
