times:
  edit-metadata: 1.435484230518341
  landing: 0.8112766519188881
  view-data: 3.4937936514616013
