times:
  edit-metadata: 1.4309463910758495
  landing: 1.2334600426256657
  view-data: 3.2867398485541344
