times:
  edit-metadata: 1.525791235268116
  landing: 0.8283244594931602
  view-data: 3.5113467648625374
