times:
  edit-metadata: 1.8507733643054962
  landing: 0.9489230513572693
  view-data: 3.4300364181399345
