times:
  edit-metadata: 1.5143297463655472
  landing: 0.7856008484959602
  view-data: 3.4455112293362617
