times:
  edit-metadata: 1.7989528812468052
  landing: 1.0257785692811012
  view-data: 3.3311799205839634
