times:
  edit-metadata: 1.5043049305677414
  landing: 0.9518206045031548
  view-data: 3.3600114062428474
