times:
  edit-metadata: 1.5048880875110626
  landing: 0.8156084269285202
  view-data: 3.530835833400488
