times:
  edit-metadata: 1.4645488858222961
  landing: 0.9645218066871166
  view-data: 3.3026785850524902
