times:
  edit-metadata: 1.3960799872875214
  landing: 0.8364179357886314
  view-data: 3.479788027703762
