times:
  edit-metadata: 1.3744114078581333
  landing: 1.030605759471655
  view-data: 3.2639428675174713
