times:
  edit-metadata: 1.3817915469408035
  landing: 0.8326750360429287
  view-data: 3.2993687130510807
