times:
  edit-metadata: 1.4306816756725311
  landing: 0.8979030251502991
  view-data: 3.466361977159977
