times:
  edit-metadata: 1.4161359518766403
  landing: 0.849652498960495
  view-data: 3.513595476746559
