times:
  edit-metadata: 1.4693724140524864
  landing: 0.864492692053318
  view-data: 3.2954211980104446
