times:
  edit-metadata: 1.5981885381042957
  landing: 0.869301576167345
  view-data: 3.293896447867155
