times:
  edit-metadata: 1.9007603600621223
  landing: 1.3405621647834778
  view-data: 3.4830412045121193
