times:
  edit-metadata: 1.4246561080217361
  landing: 0.8462512046098709
  view-data: 3.3318824097514153
