times:
  edit-metadata: 1.51387719810009
  landing: 0.8108247518539429
  view-data: 3.4363882914185524
