times:
  edit-metadata: 1.565507911145687
  landing: 0.841169498860836
  view-data: 3.4105208814144135
