times:
  edit-metadata: 1.4926585853099823
  landing: 0.8144548013806343
  view-data: 3.4822705760598183
