times:
  edit-metadata: 1.5035705119371414
  landing: 0.8180157467722893
  view-data: 3.377100594341755
