times:
  edit-metadata: 1.4369713068008423
  landing: 0.8029280826449394
  view-data: 3.5062075182795525
