times:
  edit-metadata: 1.3547915667295456
  landing: 0.8401375003159046
  view-data: 3.2706088572740555
