times:
  edit-metadata: 1.3406776934862137
  landing: 0.9067332521080971
  view-data: 3.4182396978139877
