times:
  edit-metadata: 1.5030138194561005
  landing: 0.7282947450876236
  view-data: 3.4930898249149323
