times:
  edit-metadata: 1.4777189567685127
  landing: 0.9129652678966522
  view-data: 3.388481058180332
