times:
  edit-metadata: 1.8576547726988792
  landing: 0.8750418424606323
  view-data: 3.3321634978055954
