times:
  edit-metadata: 1.4675447046756744
  landing: 0.8228300772607327
  view-data: 3.2879557348787785
