times:
  edit-metadata: 1.4265476390719414
  landing: 0.8158344626426697
  view-data: 3.465032786130905
