times:
  edit-metadata: 1.4193552434444427
  landing: 0.8798728510737419
  view-data: 3.492038384079933
