times:
  edit-metadata: 1.5466365814208984
  landing: 0.9440238326787949
  view-data: 3.3632860109210014
