times:
  edit-metadata: 1.3722993582487106
  landing: 0.8337587490677834
  view-data: 3.264870222657919
