times:
  edit-metadata: 1.5208987072110176
  landing: 0.8884537518024445
  view-data: 3.520842105150223
