times:
  edit-metadata: 1.382999949157238
  landing: 1.2468411177396774
  view-data: 3.5824465975165367
