times:
  edit-metadata: 1.4747346565127373
  landing: 0.8803726956248283
  view-data: 3.416648805141449
