times:
  edit-metadata: 1.4744748026132584
  landing: 0.8368328139185905
  view-data: 3.268896736204624
