times:
  edit-metadata: 1.4411839470267296
  landing: 0.8840285539627075
  view-data: 3.511108711361885
