times:
  edit-metadata: 1.5389483496546745
  landing: 0.7854825630784035
  view-data: 3.4769008085131645
