times:
  edit-metadata: 1.551362320780754
  landing: 0.8372769132256508
  view-data: 3.3407561853528023
