times:
  edit-metadata: 1.4832990169525146
  landing: 0.8588889539241791
  view-data: 3.437838949263096
