times:
  edit-metadata: 1.46015040948987
  landing: 0.8162056766450405
  view-data: 3.3520711921155453
