times:
  edit-metadata: 1.393847718834877
  landing: 0.8970636650919914
  view-data: 3.3169638961553574
