times:
  edit-metadata: 1.4091562330722809
  landing: 0.7653336897492409
  view-data: 3.3793436884880066
