times:
  edit-metadata: 1.4050047025084496
  landing: 0.8154966458678246
  view-data: 3.3529964312911034
