times:
  edit-metadata: 1.6865561455488205
  landing: 1.2182446643710136
  view-data: 3.677333116531372
