times:
  edit-metadata: 1.5289664790034294
  landing: 0.8634271249175072
  view-data: 3.516872115433216
