times:
  edit-metadata: 1.5835040360689163
  landing: 0.9647981524467468
  view-data: 3.359953958541155
