times:
  edit-metadata: 1.43019475415349
  landing: 0.8235914818942547
  view-data: 3.355896007269621
