times:
  edit-metadata: 1.4389111213386059
  landing: 0.8928619064390659
  view-data: 3.3246545493602753
