times:
  edit-metadata: 1.4192639961838722
  landing: 0.8488520681858063
  view-data: 3.342722050845623
