times:
  edit-metadata: 1.4466309323906898
  landing: 0.8635162264108658
  view-data: 3.260948583483696
