times:
  edit-metadata: 1.6441959701478481
  landing: 0.9613950066268444
  view-data: 3.31098323315382
