times:
  edit-metadata: 1.3814776614308357
  landing: 0.8790724724531174
  view-data: 3.3589287102222443
