times:
  edit-metadata: 1.4958050772547722
  landing: 0.7807664722204208
  view-data: 3.4824835807085037
