times:
  edit-metadata: 1.4751466289162636
  landing: 0.8011465296149254
  view-data: 3.514746092259884
