times:
  edit-metadata: 1.3842571824789047
  landing: 0.8347724452614784
  view-data: 3.4441975578665733
