times:
  edit-metadata: 1.467443272471428
  landing: 0.8736309632658958
  view-data: 3.3065896779298782
