times:
  edit-metadata: 1.3453956209123135
  landing: 0.8543776012957096
  view-data: 3.291435893625021
