times:
  edit-metadata: 1.5224684253335
  landing: 0.8536991402506828
  view-data: 3.2812389209866524
