times:
  edit-metadata: 1.5205958746373653
  landing: 0.8426733054220676
  view-data: 3.354490492492914
