times:
  edit-metadata: 1.4874430671334267
  landing: 0.9695622622966766
  view-data: 3.4185260757803917
