times:
  edit-metadata: 1.4985218532383442
  landing: 0.9085037298500538
  view-data: 3.2895494922995567
