times:
  edit-metadata: 1.445710189640522
  landing: 0.7418375685811043
  view-data: 3.5343907549977303
