times:
  edit-metadata: 3.948620520532131
  landing: 2.2261033058166504
  view-data: 3.7211612835526466
