times:
  edit-metadata: 1.4283898994326591
  landing: 0.8114784136414528
  view-data: 3.4078709185123444
