times:
  edit-metadata: 1.448026530444622
  landing: 0.8323611691594124
  view-data: 3.4133826419711113
