times:
  edit-metadata: 1.5483178161084652
  landing: 0.8117144741117954
  view-data: 3.358517799526453
