times:
  edit-metadata: 2.210206091403961
  landing: 1.2598779425024986
  view-data: 3.7378296926617622
