times:
  edit-metadata: 1.5417145118117332
  landing: 0.8163862451910973
  view-data: 3.445787288248539
