times:
  edit-metadata: 1.5961417481303215
  landing: 0.9461243003606796
  view-data: 3.3337098732590675
