times:
  edit-metadata: 2.1446544155478477
  landing: 1.5139577686786652
  view-data: 3.5583605617284775
