times:
  edit-metadata: 1.4600794240832329
  landing: 0.8937658779323101
  view-data: 3.3129800260066986
