times:
  edit-metadata: 1.4414036348462105
  landing: 1.241268690675497
  view-data: 3.3078006841242313
