times:
  edit-metadata: 1.3833478838205338
  landing: 0.7866642773151398
  view-data: 3.463460758328438
