times:
  edit-metadata: 1.4673050045967102
  landing: 0.9624518752098083
  view-data: 3.4046832397580147
