times:
  edit-metadata: 1.4728631228208542
  landing: 0.8103069067001343
  view-data: 3.526282884180546
