times:
  edit-metadata: 1.5435264855623245
  landing: 0.8960706070065498
  view-data: 3.3436486795544624
