times:
  edit-metadata: 1.5465808436274529
  landing: 0.8197236210107803
  view-data: 3.455898478627205
