times:
  edit-metadata: 1.4093361981213093
  landing: 0.9191456586122513
  view-data: 3.4061528965830803
