times:
  edit-metadata: 1.3845610171556473
  landing: 0.7638328969478607
  view-data: 3.4332382157444954
