times:
  edit-metadata: 1.3867096714675426
  landing: 0.8795784711837769
  view-data: 3.258118148893118
