times:
  edit-metadata: 1.3877955004572868
  landing: 0.8048774600028992
  view-data: 3.3445628471672535
