times:
  edit-metadata: 1.343557983636856
  landing: 1.0544556677341461
  view-data: 3.4838189259171486
