times:
  edit-metadata: 1.3659585490822792
  landing: 0.7604673579335213
  view-data: 3.4799687787890434
