times:
  edit-metadata: 1.3593496307730675
  landing: 0.8233007937669754
  view-data: 3.4945378974080086
