times:
  edit-metadata: 1.3908004388213158
  landing: 0.8649175390601158
  view-data: 3.5478366017341614
