times:
  edit-metadata: 1.856330968439579
  landing: 0.8193202242255211
  view-data: 3.4298522248864174
