times:
  edit-metadata: 1.4734880179166794
  landing: 0.8500046208500862
  view-data: 3.5336399599909782
