times:
  edit-metadata: 1.644766516983509
  landing: 1.1509707793593407
  view-data: 3.348914559930563
