times:
  edit-metadata: 1.466310292482376
  landing: 0.9115547090768814
  view-data: 3.311980590224266
