times:
  edit-metadata: 1.5224232003092766
  landing: 0.917468287050724
  view-data: 3.538023740053177
