times:
  edit-metadata: 1.8614629469811916
  landing: 1.121822264045477
  view-data: 3.3901114612817764
