times:
  edit-metadata: 1.7450722977519035
  landing: 1.1166216135025024
  view-data: 3.3571785241365433
