times:
  edit-metadata: 1.5230025872588158
  landing: 0.9771352484822273
  view-data: 3.2733054235577583
