times:
  edit-metadata: 1.501220379024744
  landing: 0.8553033471107483
  view-data: 3.3173929266631603
