times:
  edit-metadata: 1.6351124048233032
  landing: 0.9613089561462402
  view-data: 3.497556619346142
