times:
  edit-metadata: 1.451238676905632
  landing: 0.8729118555784225
  view-data: 3.4708583652973175
