times:
  edit-metadata: 1.4689297042787075
  landing: 0.9677624925971031
  view-data: 3.314870037138462
