times:
  edit-metadata: 1.5051293596625328
  landing: 1.0892473757266998
  view-data: 3.4750196263194084
