times:
  edit-metadata: 1.5489312633872032
  landing: 0.9288903623819351
  view-data: 3.481433905661106
