times:
  edit-metadata: 1.5563894286751747
  landing: 0.9386215582489967
  view-data: 3.44281829893589
