times:
  edit-metadata: 1.7977063283324242
  landing: 1.2573148012161255
  view-data: 3.676273599267006
