times:
  edit-metadata: 1.556820698082447
  landing: 0.8904847577214241
  view-data: 3.4592681527137756
