times:
  edit-metadata: 1.6711724549531937
  landing: 1.0545871183276176
  view-data: 3.6132065802812576
