times:
  edit-metadata: 1.68715276196599
  landing: 1.0288117974996567
  view-data: 3.307694338262081
