times:
  edit-metadata: 1.534953385591507
  landing: 0.9334992617368698
  view-data: 3.4929275140166283
