times:
  edit-metadata: 1.5546391755342484
  landing: 0.9270782694220543
  view-data: 3.391027219593525
