times:
  edit-metadata: 1.6489702388644218
  landing: 0.961210235953331
  view-data: 3.4586681127548218
