times:
  edit-metadata: 1.4855700805783272
  landing: 1.105047546327114
  view-data: 3.265044152736664
