times:
  edit-metadata: 1.5865939408540726
  landing: 1.0460340455174446
  view-data: 3.288799926638603
