times:
  edit-metadata: 1.5812769830226898
  landing: 1.0506591647863388
  view-data: 3.33248533308506
