times:
  edit-metadata: 1.4654737263917923
  landing: 0.9968250915408134
  view-data: 3.4061827585101128
