times:
  edit-metadata: 1.648378737270832
  landing: 1.038836296647787
  view-data: 3.3324526622891426
