times:
  edit-metadata: 1.635415494441986
  landing: 1.2449431642889977
  view-data: 3.3294434174895287
