times:
  edit-metadata: 1.5098046734929085
  landing: 1.0227512866258621
  view-data: 3.4103210046887398
