times:
  edit-metadata: 1.4859415292739868
  landing: 0.8911995142698288
  view-data: 3.4830533117055893
