times:
  edit-metadata: 1.5526180043816566
  landing: 0.8418242633342743
  view-data: 3.420213997364044
