times:
  edit-metadata: 1.5339927300810814
  landing: 0.94188092648983
  view-data: 3.4181408137083054
