times:
  edit-metadata: 1.5763388350605965
  landing: 0.9850403890013695
  view-data: 3.4344477429986
