times:
  edit-metadata: 1.4794010818004608
  landing: 0.7934034317731857
  view-data: 3.5241207629442215
