times:
  edit-metadata: 1.521595187485218
  landing: 0.9709196388721466
  view-data: 3.443148396909237
