times:
  edit-metadata: 1.513332150876522
  landing: 0.9527889266610146
  view-data: 3.3848138079047203
