times:
  edit-metadata: 1.7162469550967216
  landing: 1.2679415196180344
  view-data: 3.3103073984384537
