times:
  edit-metadata: 1.6414663568139076
  landing: 1.0915463790297508
  view-data: 3.4540691152215004
