times:
  edit-metadata: 1.45353152602911
  landing: 0.864675410091877
  view-data: 3.4975170716643333
