times:
  edit-metadata: 1.4628691338002682
  landing: 0.784287266433239
  view-data: 3.3681456223130226
