times:
  edit-metadata: 1.5359363108873367
  landing: 0.9953301846981049
  view-data: 3.3104178607463837
