times:
  edit-metadata: 1.5245962291955948
  landing: 0.8946709111332893
  view-data: 3.345083363354206
