times:
  edit-metadata: 1.5180830880999565
  landing: 0.8885962292551994
  view-data: 3.475686676800251
