times:
  edit-metadata: 1.5647964477539062
  landing: 0.9155430346727371
  view-data: 3.4950105398893356
