times:
  edit-metadata: 1.5472953915596008
  landing: 1.0494927018880844
  view-data: 3.428547367453575
