times:
  edit-metadata: 1.5100895166397095
  landing: 0.9124474227428436
  view-data: 3.497491233050823
