times:
  edit-metadata: 1.6280500069260597
  landing: 0.921134777367115
  view-data: 3.3872939124703407
