times:
  edit-metadata: 1.521611899137497
  landing: 0.9962115436792374
  view-data: 3.378106601536274
