times:
  edit-metadata: 1.5055573657155037
  landing: 0.9492776840925217
  view-data: 3.3170436918735504
