times:
  edit-metadata: 1.5432545617222786
  landing: 0.9974747002124786
  view-data: 3.565935119986534
