times:
  edit-metadata: 1.5213746428489685
  landing: 0.907386340200901
  view-data: 3.492851585149765
