times:
  edit-metadata: 1.5620453581213951
  landing: 0.9527727216482162
  view-data: 3.4321937933564186
