times:
  edit-metadata: 2.1716103702783585
  landing: 1.1645925641059875
  view-data: 3.4756294637918472
