times:
  edit-metadata: 1.5121713727712631
  landing: 1.0029374212026596
  view-data: 3.428591161966324
