times:
  edit-metadata: 1.504098266363144
  landing: 0.9511217698454857
  view-data: 3.3245129734277725
