times:
  edit-metadata: 1.530530110001564
  landing: 0.9532532244920731
  view-data: 3.475240170955658
