times:
  edit-metadata: 1.6025796793401241
  landing: 1.071619052439928
  view-data: 3.3142162673175335
