times:
  edit-metadata: 1.9318413808941841
  landing: 1.0750940144062042
  view-data: 3.599583826959133
