times:
  edit-metadata: 2.3164037466049194
  landing: 1.415973037481308
  view-data: 3.5906127467751503
