times:
  edit-metadata: 1.724211610853672
  landing: 1.0146723166108131
  view-data: 3.322804182767868
