times:
  edit-metadata: 1.4686284065246582
  landing: 0.9538745954632759
  view-data: 3.499211125075817
