times:
  edit-metadata: 1.6516872718930244
  landing: 1.0513479188084602
  view-data: 3.4195669293403625
