times:
  edit-metadata: 1.562007449567318
  landing: 1.0917570441961288
  view-data: 3.5869150608778
