times:
  edit-metadata: 1.663129072636366
  landing: 1.1375555656850338
  view-data: 3.2651781775057316
