times:
  edit-metadata: 1.618393149226904
  landing: 1.0381361171603203
  view-data: 3.388778254389763
