times:
  edit-metadata: 2.3737578839063644
  landing: 1.396676018834114
  view-data: 3.6151059046387672
