times:
  edit-metadata: 2.1344673708081245
  landing: 1.596945397555828
  view-data: 3.5180539339780807
