times:
  edit-metadata: 1.557519018650055
  landing: 0.8965674415230751
  view-data: 3.4507432654500008
