times:
  edit-metadata: 1.5867876186966896
  landing: 0.8263396844267845
  view-data: 3.456697002053261
