times:
  edit-metadata: 1.5062513127923012
  landing: 0.9151129722595215
  view-data: 3.5955890342593193
