times:
  edit-metadata: 1.7202575877308846
  landing: 1.0769750587642193
  view-data: 3.3248545601963997
