times:
  edit-metadata: 1.5339750684797764
  landing: 0.9785648360848427
  view-data: 3.3208715319633484
