times:
  edit-metadata: 1.6385112181305885
  landing: 0.9161318987607956
  view-data: 3.5291420444846153
