times:
  edit-metadata: 1.828230082988739
  landing: 1.1415991261601448
  view-data: 3.5726728290319443
