times:
  edit-metadata: 1.7155154198408127
  landing: 1.1810592859983444
  view-data: 3.4279953837394714
