times:
  edit-metadata: 1.636219598352909
  landing: 0.9756794795393944
  view-data: 3.4687255918979645
