times:
  edit-metadata: 1.4893597513437271
  landing: 0.9895100072026253
  view-data: 3.4048941880464554
