times:
  edit-metadata: 1.9085157997906208
  landing: 1.1925171464681625
  view-data: 3.3646910339593887
