times:
  edit-metadata: 1.5283612310886383
  landing: 0.9793748706579208
  view-data: 3.2749906182289124
