times:
  edit-metadata: 1.7826717123389244
  landing: 0.9551552832126617
  view-data: 3.2691343501210213
