times:
  edit-metadata: 1.523898534476757
  landing: 0.9736915081739426
  view-data: 3.472879037261009
