times:
  edit-metadata: 1.6014601737260818
  landing: 0.9927374944090843
  view-data: 3.4748480170965195
