times:
  edit-metadata: 1.5201573073863983
  landing: 0.83934036642313
  view-data: 3.5141935274004936
