times:
  edit-metadata: 1.609023243188858
  landing: 0.9337654262781143
  view-data: 3.420142814517021
