times:
  edit-metadata: 1.6324343979358673
  landing: 0.9476125314831734
  view-data: 3.3633775115013123
