times:
  edit-metadata: 1.4721980541944504
  landing: 0.8811153545975685
  view-data: 3.4265716895461082
