times:
  edit-metadata: 1.2081266790628433
  landing: 1.131535418331623
  view-data: 3.515753075480461
