times:
  edit-metadata: 1.5781243667006493
  landing: 0.9156293720006943
  view-data: 3.4920963421463966
