times:
  edit-metadata: 1.5415959283709526
  landing: 0.951980471611023
  view-data: 3.5295600444078445
