times:
  edit-metadata: 1.4897074587643147
  landing: 0.9878686144948006
  view-data: 3.3005600161850452
