times:
  edit-metadata: 1.513849750161171
  landing: 0.9478241428732872
  view-data: 3.4570238813757896
