times:
  edit-metadata: 2.22574445605278
  landing: 1.582519955933094
  view-data: 3.4750915095210075
