times:
  edit-metadata: 1.457384116947651
  landing: 0.8595888018608093
  view-data: 3.4298752918839455
