times:
  edit-metadata: 1.596136886626482
  landing: 1.0935274437069893
  view-data: 3.345772970467806
