times:
  edit-metadata: 1.657549262046814
  landing: 1.009824089705944
  view-data: 3.4594672098755836
