times:
  edit-metadata: 1.509986825287342
  landing: 0.9518832191824913
  view-data: 3.506794147193432
