times:
  edit-metadata: 1.8467717915773392
  landing: 1.0586882829666138
  view-data: 3.53541911393404
