times:
  edit-metadata: 1.5764940977096558
  landing: 1.0350619331002235
  view-data: 3.5280305445194244
