times:
  edit-metadata: 1.5481653064489365
  landing: 1.0040349587798119
  view-data: 3.3173406943678856
