times:
  edit-metadata: 1.5808595940470695
  landing: 0.8880230188369751
  view-data: 3.509526453912258
