times:
  edit-metadata: 2.235281340777874
  landing: 1.4469487518072128
  view-data: 3.6528955325484276
