times:
  edit-metadata: 2.203055936843157
  landing: 1.2387439720332623
  view-data: 3.4898418076336384
