times:
  edit-metadata: 1.546642228960991
  landing: 0.9704127758741379
  view-data: 3.442956306040287
