times:
  edit-metadata: 1.678264807909727
  landing: 0.9880497083067894
  view-data: 3.314820274710655
