times:
  edit-metadata: 1.9881120100617409
  landing: 1.162930004298687
  view-data: 3.798214092850685
