times:
  edit-metadata: 1.619831070303917
  landing: 1.2411372475326061
  view-data: 3.3255152963101864
