times:
  edit-metadata: 1.6641809791326523
  landing: 0.9845930561423302
  view-data: 3.369064047932625
