times:
  edit-metadata: 1.6462910324335098
  landing: 1.0368392616510391
  view-data: 3.371037095785141
