times:
  edit-metadata: 1.6637581437826157
  landing: 1.1139432787895203
  view-data: 3.4686120823025703
