times:
  edit-metadata: 1.5471326485276222
  landing: 0.8942526429891586
  view-data: 3.5300249606370926
