times:
  edit-metadata: 1.6215941570699215
  landing: 1.071551725268364
  view-data: 3.351907078176737
