times:
  edit-metadata: 1.595090091228485
  landing: 1.0217467918992043
  view-data: 3.474498078227043
