times:
  edit-metadata: 1.570075385272503
  landing: 0.9168146699666977
  view-data: 3.467466287314892
