times:
  edit-metadata: 1.5402280166745186
  landing: 0.9584314450621605
  view-data: 3.4100749492645264
