times:
  edit-metadata: 1.5162813439965248
  landing: 0.9274747893214226
  view-data: 3.3761342763900757
