times:
  edit-metadata: 1.4872172176837921
  landing: 0.9334561675786972
  view-data: 3.439375050365925
