times:
  edit-metadata: 1.5220795422792435
  landing: 0.927337720990181
  view-data: 3.5008765161037445
