times:
  edit-metadata: 2.172529425472021
  landing: 0.8526763748377562
  view-data: 0.3906461223959923
