times:
  edit-metadata: 2.0472349477931857
  landing: 0.22220123745501041
  view-data: 0.13181344605982304
