times:
  edit-metadata: 1.3859094474464655
  landing: 0.7123993616551161
  view-data: 3.3395753148943186
