times:
  edit-metadata: 1.4984189383685589
  landing: 0.9574967734515667
  view-data: 3.355130612850189
