times:
  landing: 1.0717420220000236
  view-data: 0.5560984530000042
