times:
  landing: 0.5609130720000053
  view-data: 0.5651513770000065
