times:
  edit-metadata: 2.185972146689892
  landing: 0.21385682001709938
  view-data: 0.02637327089905739
