times:
  edit-metadata: 1.631617187988013
  landing: 0.08211313188076019
  view-data: 0.229531139601022
