times:
  landing: 0.5803725009998288
  view-data: 0.5598267390000728
