times:
  edit-metadata: 1.3018773128278553
  landing: 0.09203749196603894
  view-data: 0.33471148926764727
