times:
  edit-metadata: 1.468895312398672
  landing: 1.0835071355104446
  view-data: 3.343524467200041
