times:
  edit-metadata: 2.2177206687629223
  landing: 1.2589300125837326
  view-data: 0.4617026150226593
