times:
  edit-metadata: 2.4460063660517335
  landing: 1.3210139865987003
  view-data: 3.5091816261410713
