times:
  edit-metadata: 1.548050215933472
  landing: 0.7852500071749091
  view-data: 3.3108329051174223
