times:
  edit-metadata: 1.700545473024249
  landing: 0.8637403175234795
  view-data: 0.4193114619702101
