times:
  edit-metadata: 1.146625351975672
  landing: 0.05823228904046118
  view-data: 0.2603206180501729
