times:
  landing: 0.589370501000019
  view-data: 0.5591150250000112
