times:
  edit-metadata: 1.4134026058018208
  landing: 1.0976714789867401
  view-data: 3.3165090158581734
