times:
  landing: 1.0979273869999986
  view-data: 0.547437661999993
