times:
  edit-metadata: 1.8875581840984523
  landing: 0.08999173482879996
  view-data: 0.24236182402819395
