times:
  edit-metadata: 2.035094709135592
  landing: 0.12048853281885386
  view-data: 0.028351683169603348
