times:
  edit-metadata: 1.8918147329241037
  landing: 0.13318759412504733
  view-data: 0.2624993270728737
