times:
  edit-metadata: 2.1364150252193213
  landing: 1.5701448395848274
  view-data: 0.4885349664837122
