times:
  edit-metadata: 1.073124355636537
  landing: 0.09319229237735271
  view-data: 0.26800806168466806
