times:
  edit-metadata: 1.1522951512597501
  landing: 0.05374754033982754
  view-data: 0.3646561549976468
