times:
  edit-metadata: 1.0155117539688945
  landing: 0.08517300011590123
  view-data: 0.22988003212958574
