times:
  edit-metadata: 1.96768659632653
  landing: 0.16042968723922968
  view-data: 0.027491995133459568
