times:
  edit-metadata: 1.9755372442305088
  landing: 0.10884878411889076
  view-data: 0.23597432672977448
