times:
  edit-metadata: 2.3949913792312145
  landing: 0.08345448412001133
  view-data: 0.2610164377838373
