times:
  edit-metadata: 1.357304584234953
  landing: 0.8119964748620987
  view-data: 3.325126174837351
