times:
  landing: 1.115216887999992
  view-data: 0.5738381120000042
