times:
  edit-metadata: 2.385088510811329
  landing: 2.3461217004805803
  view-data: 0.5923100039362907
