times:
  edit-metadata: 2.2383770029991865
  landing: 0.606334000825882
  view-data: 0.39566428028047085
