times:
  edit-metadata: 1.6589357480406761
  landing: 1.1010818406939507
  view-data: 3.3396669887006283
