times:
  edit-metadata: 1.9772702120244503
  landing: 1.4028699174523354
  view-data: 3.2579598017036915
