times:
  edit-metadata: 1.5128365531563759
  landing: 0.836387237533927
  view-data: 3.404694251716137
