times:
  edit-metadata: 2.242753827944398
  landing: 1.0117607023566961
  view-data: 0.558050574734807
