times:
  edit-metadata: 1.655074957991019
  landing: 0.07831812207587063
  view-data: 0.22380730300210416
