times:
  landing: 1.108100888999985
  view-data: 0.559567756000007
