times:
  edit-metadata: 2.1328830793499947
  landing: 0.018344051204621792
  view-data: 0.223395062610507
