times:
  edit-metadata: 2.315848346799612
  landing: 0.08067218982614577
  view-data: 0.26723746000789106
