times:
  edit-metadata: 1.5169808082282543
  landing: 0.8223888725042343
  view-data: 3.308517660945654
