times:
  edit-metadata: 1.0699434981215745
  landing: 0.05214629601687193
  view-data: 0.25321931997314095
