times:
  edit-metadata: 1.3481302484869957
  landing: 0.9188353791832924
  view-data: 3.2707091756165028
