times:
  edit-metadata: 1.4780188016593456
  landing: 0.9689942970871925
  view-data: 3.4143490195274353
