times:
  landing: 0.5553387980000082
  view-data: 0.061805866000014476
