times:
  landing: 0.5664205930000037
  view-data: 0.5620205639999938
