times:
  landing: 1.6351102989999902
  view-data: 0.5652277040000229
