times:
  edit-metadata: 1.976567436940968
  landing: 0.02170766517519951
  view-data: 0.028531190939247608
