times:
  edit-metadata: 2.116469913162291
  landing: 0.019488772377371788
  view-data: 0.04503773711621761
