times:
  edit-metadata: 2.7943849433213472
  landing: 0.23114964179694653
  view-data: 0.18398776277899742
