times:
  edit-metadata: 1.5351426862180233
  landing: 0.9185600019991398
  view-data: 3.447604302316904
