times:
  edit-metadata: 2.0584554839879274
  landing: 0.11322439555078745
  view-data: 0.024456683546304703
