times:
  edit-metadata: 2.024389075115323
  landing: 0.5708452947437763
  view-data: 0.371484886854887
