times:
  edit-metadata: 1.8617588710039854
  landing: 0.09703089203685522
  view-data: 0.27321442612446845
