times:
  edit-metadata: 1.0722228400409222
  landing: 0.04429512994829565
  view-data: 0.4049230560194701
