times:
  edit-metadata: 1.9895231239497662
  landing: 0.0794106014072895
  view-data: 0.24318446964025497
