times:
  edit-metadata: 1.5176595710217953
  landing: 0.9956744126975536
  view-data: 3.394642408937216
