times:
  edit-metadata: 2.116228800266981
  landing: 0.231796994805336
  view-data: 0.3860834576189518
