times:
  landing: 0.5625366019999944
  view-data: 0.5630906039999957
