times:
  edit-metadata: 1.4378727078437805
  landing: 0.9430963955819607
  view-data: 3.3219907507300377
