times:
  edit-metadata: 1.0646417858079076
  landing: 0.08497980888932943
  view-data: 0.28727961238473654
