times:
  landing: 1.0854884110000285
  view-data: 0.5632332499999961
