times:
  landing: 1.1099649610000029
  view-data: 0.5595325040000034
