times:
  edit-metadata: 1.5727688488550484
  landing: 0.8574453652836382
  view-data: 3.3949275608174503
