times:
  edit-metadata: 1.962654024362564
  landing: 1.2323269173502922
  view-data: 0.24916816502809525
