times:
  edit-metadata: 1.0785082780057564
  landing: 0.04761738900560886
  view-data: 0.3551241479581222
