times:
  edit-metadata: 1.0566053120419383
  landing: 0.08143382985144854
  view-data: 0.2475853692740202
