times:
  edit-metadata: 1.9150331418495625
  landing: 0.09621934010647237
  view-data: 0.5942175949458033
