times:
  edit-metadata: 1.9325563358142972
  landing: 0.02268859837204218
  view-data: 0.029493866488337517
