times:
  edit-metadata: 1.3762672767043114
  landing: 0.9804416708648205
  view-data: 3.3161633275449276
