times:
  landing: 1.1038299900000084
  view-data: 0.5567855159999908
