times:
  edit-metadata: 2.2595735173672438
  landing: 0.8484599404036999
  view-data: 0.35888588055968285
