times:
  edit-metadata: 2.120644848793745
  landing: 0.08069465681910515
  view-data: 0.23143555223941803
