times:
  edit-metadata: 2.012339022010565
  landing: 0.07905284315347672
  view-data: 0.2342372015118599
