times:
  edit-metadata: 1.1504617639584467
  landing: 0.0534752169623971
  view-data: 0.25677500991150737
