times:
  edit-metadata: 1.7878615595400333
  landing: 0.5219109673053026
  view-data: 0.30530102737247944
