times:
  edit-metadata: 2.0928986836224794
  landing: 0.019357366487383842
  view-data: 0.41326481103897095
