times:
  edit-metadata: 1.556240539997816
  landing: 0.9058450423181057
  view-data: 3.378524284809828
