times:
  edit-metadata: 2.4028509315103292
  landing: 0.02356637269258499
  view-data: 0.4729043282568455
