times:
  edit-metadata: 1.7302327010547742
  landing: 0.07784508401528001
  view-data: 0.22779586899559945
