times:
  landing: 0.5668860949999726
  view-data: 0.5486571469999717
