times:
  edit-metadata: 2.0890679080039263
  landing: 0.02185150608420372
  view-data: 0.026298750191926956
