times:
  edit-metadata: 1.4263833949808031
  landing: 1.1777902580797672
  view-data: 3.721513954922557
