times:
  edit-metadata: 2.200082004070282
  landing: 1.2906034160405397
  view-data: 0.34146116860210896
