times:
  edit-metadata: 1.522266611456871
  landing: 0.7966623045504093
  view-data: 3.38146997615695
