times:
  edit-metadata: 1.5260916948318481
  landing: 1.0683384090662003
  view-data: 3.4351582676172256
