times:
  edit-metadata: 2.2273522913455963
  landing: 1.120941910892725
  view-data: 0.2694092523306608
