times:
  edit-metadata: 2.0139592736959457
  landing: 0.08284296467900276
  view-data: 0.23181872069835663
