times:
  edit-metadata: 1.160522456979379
  landing: 0.05758720892481506
  view-data: 0.2616936449194327
