times:
  edit-metadata: 1.048208202701062
  landing: 0.07932680519297719
  view-data: 0.2584931771270931
