times:
  landing: 1.0747670039999662
  view-data: 0.5575230159999478
