times:
  landing: 1.6033035769999913
  view-data: 0.5518573010000125
