times:
  landing: 0.5535160270000006
  view-data: 0.5603246969999987
