times:
  landing: 1.0812457160000122
  view-data: 0.5496281130000114
