times:
  edit-metadata: 2.1489269994199276
  landing: 0.08985666930675507
  view-data: 0.2921279910951853
