times:
  edit-metadata: 1.5403570868074894
  landing: 1.1588199809193611
  view-data: 3.4119104892015457
