times:
  edit-metadata: 1.5098709892481565
  landing: 0.794529814273119
  view-data: 3.424219187349081
