times:
  edit-metadata: 2.3064751774072647
  landing: 16.949249109253287
  view-data: 3.5237977411597967
