times:
  edit-metadata: 1.9999202992767096
  landing: 0.22724589705467224
  view-data: 0.12110588978976011
