times:
  edit-metadata: 1.5802747458219528
  landing: 0.9243034119717777
  view-data: 3.3540182050783187
