times:
  edit-metadata: 1.3028698419220746
  landing: 0.04503314895555377
  view-data: 0.3358902679756284
