times:
  edit-metadata: 2.381081661209464
  landing: 0.22300356067717075
  view-data: 0.4405476991087198
