times:
  edit-metadata: 1.8020014310022816
  landing: 0.09230215405113995
  view-data: 0.22244396898895502
