times:
  edit-metadata: 2.0124455408658832
  landing: 0.09070090600289404
  view-data: 0.2982771131210029
