times:
  edit-metadata: 1.9529218189418316
  landing: 0.09797428175806999
  view-data: 0.22970440238714218
