times:
  edit-metadata: 1.0054705240763724
  landing: 0.09181872708722949
  view-data: 0.2533181686885655
