times:
  edit-metadata: 1.152448889988591
  landing: 0.05263779700908344
  view-data: 0.3690722549945349
