times:
  edit-metadata: 1.991973850876093
  landing: 0.19340991601347923
  view-data: 0.02643935102969408
