times:
  landing: 1.0742275149999614
  view-data: 0.5734200089999604
