times:
  edit-metadata: 1.4846623549237847
  landing: 0.9230795516632497
  view-data: 3.337628039997071
