times:
  edit-metadata: 1.9744962230324745
  landing: 0.07795713096857071
  view-data: 0.22971614077687263
