times:
  landing: 0.5555152740000153
  view-data: 0.5615867520000108
