times:
  edit-metadata: 1.0438132011331618
  landing: 0.084497454110533
  view-data: 0.26365584321320057
