times:
  edit-metadata: 2.1394233368337154
  landing: 0.6488324571400881
  view-data: 0.6573463007807732
