times:
  edit-metadata: 2.0997269018553197
  landing: 0.08199297892861068
  view-data: 0.24899964686483145
