times:
  edit-metadata: 1.1677072590682656
  landing: 0.04901638790033758
  view-data: 0.2388518339721486
