times:
  edit-metadata: 2.109523743391037
  landing: 0.020435916259884834
  view-data: 0.12389632314443588
