times:
  edit-metadata: 2.0081720128655434
  landing: 0.07503001019358635
  view-data: 0.23687776550650597
