times:
  edit-metadata: 0.9968526982702315
  landing: 0.08048988180235028
  view-data: 0.2393396426923573
