times:
  edit-metadata: 2.690824007615447
  landing: 0.28590043261647224
  view-data: 0.05139557644724846
