times:
  edit-metadata: 1.8882417208515108
  landing: 0.08720492594875395
  view-data: 0.24434453900903463
