times:
  edit-metadata: 2.8550139535218477
  landing: 0.16724741086363792
  view-data: 0.4237858187407255
