times:
  landing: 1.1143822770000043
  view-data: 0.5703596559999937
