times:
  landing: 0.6008657300000095
  view-data: 0.56240857399996
