times:
  edit-metadata: 1.8013104111887515
  landing: 0.08774751797318459
  view-data: 0.23099883226677775
