times:
  edit-metadata: 1.4576658718287945
  landing: 0.8933745175600052
  view-data: 0.6461641900241375
