times:
  edit-metadata: 0.9977148207835853
  landing: 0.08663292694836855
  view-data: 0.2474767630919814
