times:
  edit-metadata: 2.200799711048603
  landing: 0.8920089807361364
  view-data: 0.26538753509521484
