times:
  edit-metadata: 1.754316484555602
  landing: 0.6785846725106239
  view-data: 0.24342032335698605
