times:
  edit-metadata: 1.7087294090306386
  landing: 0.07864926697220653
  view-data: 0.21730080607812852
