times:
  edit-metadata: 1.5064102560281754
  landing: 1.0142818577587605
  view-data: 3.359357614070177
