times:
  edit-metadata: 2.005365315824747
  landing: 0.023248499259352684
  view-data: 0.4652854111045599
