times:
  edit-metadata: 1.1593778659589589
  landing: 0.045604805927723646
  view-data: 0.25538476603105664
