times:
  edit-metadata: 1.4173342110589147
  landing: 0.9403035771101713
  view-data: 3.4749712287448347
