times:
  edit-metadata: 2.1421532090753317
  landing: 0.18628979288041592
  view-data: 0.024140460416674614
