times:
  landing: 0.5865400080000143
  view-data: 0.5761563590000094
