times:
  edit-metadata: 2.815839234739542
  landing: 0.41110217571258545
  view-data: 0.6243236791342497
