times:
  edit-metadata: 1.2598708346486092
  landing: 0.04366278601810336
  view-data: 0.5031196367926896
