times:
  landing: 0.5728686400000242
  view-data: 0.5571871769999461
