times:
  edit-metadata: 1.3890090878121555
  landing: 0.08501741988584399
  view-data: 0.3244116907007992
