times:
  edit-metadata: 1.6958338972181082
  landing: 1.1372462939471006
  view-data: 3.3594930917024612
