times:
  edit-metadata: 1.4846180099993944
  landing: 0.8204565513879061
  view-data: 3.445644287392497
