times:
  edit-metadata: 1.561424121260643
  landing: 1.0569746308028698
  view-data: 3.328831370919943
