times:
  edit-metadata: 2.0405448600649834
  landing: 0.08008046075701714
  view-data: 0.2436964176595211
