times:
  edit-metadata: 1.7644358412362635
  landing: 0.13434696104377508
  view-data: 0.2527768909931183
