times:
  edit-metadata: 2.204020746052265
  landing: 0.6283253710716963
  view-data: 0.638165419921279
