times:
  edit-metadata: 1.5467041954398155
  landing: 1.1630465500056744
  view-data: 3.3083916902542114
