times:
  edit-metadata: 2.0688108168542385
  landing: 0.08621225878596306
  view-data: 0.23430009931325912
