times:
  edit-metadata: 2.368787276558578
  landing: 0.15083432383835316
  view-data: 0.027018004097044468
