times:
  edit-metadata: 1.9645790765061975
  landing: 0.022326542995870113
  view-data: 0.12184102181345224
