times:
  edit-metadata: 2.287033297121525
  landing: 0.1316471341997385
  view-data: 0.0258665531873703
