times:
  edit-metadata: 1.5222792699933052
  landing: 0.8201285637915134
  view-data: 3.3786974232643843
