times:
  edit-metadata: 1.0760968499816954
  landing: 0.051189571153372526
  view-data: 0.2562025380320847
