times:
  landing: 0.5476980209999738
  view-data: 0.553232635000029
