times:
  edit-metadata: 2.773301551118493
  landing: 0.021970652043819427
  view-data: 0.1549444030970335
