times:
  edit-metadata: 2.4051409121602774
  landing: 0.23075514659285545
  view-data: 0.46644429489970207
