times:
  edit-metadata: 2.447861284017563
  landing: 0.22156808339059353
  view-data: 0.16008210182189941
