times:
  edit-metadata: 1.5162414889782667
  landing: 0.8545053191483021
  view-data: 3.372451240196824
