times:
  edit-metadata: 2.2429186031222343
  landing: 0.614464532583952
  view-data: 0.30364379845559597
