times:
  edit-metadata: 1.7889444059692323
  landing: 0.08508663799148053
  view-data: 0.21876933006569743
