times:
  edit-metadata: 1.0815688610018697
  landing: 0.057701432990143076
  view-data: 0.394036582991248
