times:
  edit-metadata: 1.0830488789943047
  landing: 0.04936476098373532
  view-data: 0.4068261740030721
