times:
  edit-metadata: 1.550190955400467
  landing: 0.9206172563135624
  view-data: 3.2957479376345873
