times:
  landing: 1.0758060269999987
  view-data: 0.5520297749999941
