times:
  edit-metadata: 2.228430076967925
  landing: 0.08981791813857853
  view-data: 0.22303166892379522
