times:
  landing: 1.1213923450000038
  view-data: 0.5558907319999662
