times:
  edit-metadata: 2.156396498903632
  landing: 0.6579751409590244
  view-data: 0.25920286774635315
