times:
  edit-metadata: 2.337098691612482
  landing: 0.3282511867582798
  view-data: 0.1932459194213152
