times:
  landing: 1.0797569609999869
  view-data: 0.5624385219999795
