times:
  edit-metadata: 2.0917734373360872
  landing: 0.20331973023712635
  view-data: 0.02577078528702259
