times:
  edit-metadata: 3.61585845798254
  landing: 2.932684823870659
  view-data: 3.623329509049654
