times:
  edit-metadata: 1.65245858207345
  landing: 0.08333009807392955
  view-data: 0.2275727060623467
