times:
  edit-metadata: 1.7458158545196056
  landing: 0.9069352485239506
  view-data: 3.33051984757185
