times:
  edit-metadata: 1.3307175673544407
  landing: 0.8872762341052294
  view-data: 3.338577827438712
