times:
  edit-metadata: 1.8991463009733707
  landing: 0.08522027404978871
  view-data: 0.22771355404984206
