times:
  edit-metadata: 1.398855336010456
  landing: 0.923882968723774
  view-data: 3.3221291452646255
