times:
  edit-metadata: 1.7827498969854787
  landing: 0.08790402102749795
  view-data: 0.23650461994111538
