times:
  edit-metadata: 2.0980154164135456
  landing: 0.08617040514945984
  view-data: 0.23643610253930092
