times:
  edit-metadata: 1.6838442645967007
  landing: 2.086878165602684
  view-data: 0.6296779364347458
