times:
  edit-metadata: 0.9989809240214527
  landing: 0.07500497810542583
  view-data: 0.23580966191366315
