times:
  landing: 0.5542589619999774
  view-data: 0.5631200629999853
