times:
  edit-metadata: 1.458734487183392
  landing: 0.8597866566851735
  view-data: 3.3827097406610847
