times:
  edit-metadata: 1.884026374667883
  landing: 1.056307028979063
  view-data: 4.002590600401163
