times:
  edit-metadata: 1.5424528028815985
  landing: 0.8410380333662033
  view-data: 3.413233555853367
