times:
  edit-metadata: 1.6960582060273737
  landing: 0.19387509697116911
  view-data: 0.22385826194658875
