times:
  edit-metadata: 1.602440945804119
  landing: 1.0169957987964153
  view-data: 3.348294846713543
