times:
  edit-metadata: 2.1789787597954273
  landing: 0.19676955975592136
  view-data: 0.429567726328969
