times:
  landing: 1.140667112000017
  view-data: 0.5539955170000326
