times:
  landing: 0.551349474999995
  view-data: 0.5473091199999942
