times:
  edit-metadata: 2.915897946804762
  landing: 1.415470840409398
  view-data: 3.691446539014578
