times:
  edit-metadata: 1.002393215894699
  landing: 0.08277344796806574
  view-data: 0.2667690897360444
