times:
  edit-metadata: 2.1709965243935585
  landing: 0.020406510680913925
  view-data: 0.026528559625148773
