times:
  edit-metadata: 1.123641240876168
  landing: 0.11010167514905334
  view-data: 0.3924895660020411
