times:
  edit-metadata: 1.3228891622275114
  landing: 0.8180180750787258
  view-data: 3.2862666826695204
