times:
  edit-metadata: 2.2940791118890047
  landing: 0.1992751657962799
  view-data: 0.3667908124625683
