times:
  edit-metadata: 2.196473343297839
  landing: 0.019264431670308113
  view-data: 0.09611587785184383
