times:
  edit-metadata: 2.082650597207248
  landing: 0.01910305954515934
  view-data: 0.025711631402373314
