times:
  edit-metadata: 1.402749814093113
  landing: 0.8372916877269745
  view-data: 3.331556063145399
