times:
  edit-metadata: 0.9942053211852908
  landing: 0.08206081669777632
  view-data: 0.24805916752666235
