times:
  landing: 1.0970303969999975
  view-data: 0.5617190580000226
