times:
  landing: 0.5540918629999965
  view-data: 0.5605914539999901
