times:
  landing: 1.1146249399999988
  view-data: 0.5876765569999804
