times:
  edit-metadata: 1.4931158609688282
  landing: 0.9916945360600948
  view-data: 3.3491136245429516
