times:
  landing: 1.1156001470000092
  view-data: 0.5693583380000291
