times:
  edit-metadata: 1.08586736000143
  landing: 0.0462570118252188
  view-data: 0.2564930331427604
