times:
  edit-metadata: 2.213354991748929
  landing: 0.6126401275396347
  view-data: 0.6509966477751732
