times:
  edit-metadata: 1.662268701940775
  landing: 0.08483832282945514
  view-data: 0.23532745195552707
