times:
  edit-metadata: 1.062775327009149
  landing: 0.04699806298594922
  view-data: 0.23922738002147526
