times:
  landing: 1.1457978459999936
  view-data: 0.5587588099999721
