times:
  edit-metadata: 2.032274093478918
  landing: 0.07974087446928024
  view-data: 0.2395726591348648
