times:
  edit-metadata: 1.528186272829771
  landing: 0.9406304731965065
  view-data: 3.3858566768467426
