times:
  edit-metadata: 1.458232145756483
  landing: 0.9507511220872402
  view-data: 0.5951466001570225
