times:
  edit-metadata: 1.9983150521293283
  landing: 0.0193795058876276
  view-data: 0.025145692750811577
