times:
  edit-metadata: 1.1506772949942388
  landing: 0.047540689003653824
  view-data: 0.37409801001194865
