times:
  edit-metadata: 1.0036786375567317
  landing: 0.09014720469713211
  view-data: 0.25119553226977587
