times:
  edit-metadata: 2.9553904216736555
  landing: 1.704464664682746
  view-data: 3.727257794700563
