times:
  edit-metadata: 1.1633654780016514
  landing: 0.04309492600441445
  view-data: 0.75015338799858
