times:
  edit-metadata: 1.6643465779925464
  landing: 0.08021702899714
  view-data: 0.22811729399836622
