times:
  edit-metadata: 1.088744263863191
  landing: 0.048424995969980955
  view-data: 0.3800139690283686
