times:
  edit-metadata: 1.5021597631275654
  landing: 0.7778007499873638
  view-data: 3.381511826068163
