times:
  edit-metadata: 1.9864775440000813
  landing: 0.08228334399973392
  view-data: 0.2606113580004603
