times:
  edit-metadata: 1.5054026655852795
  landing: 0.9419333413243294
  view-data: 3.3778849355876446
