times:
  edit-metadata: 2.0013434840366244
  landing: 0.020837758667767048
  view-data: 0.12713425047695637
