times:
  edit-metadata: 1.4092012718319893
  landing: 0.8873572908341885
  view-data: 3.3847294887527823
