times:
  edit-metadata: 1.3981118611991405
  landing: 0.07973733125254512
  view-data: 0.2736743506975472
