times:
  edit-metadata: 1.1411488469748292
  landing: 0.05252556598861702
  view-data: 0.2464556480117608
