times:
  edit-metadata: 2.185674075037241
  landing: 1.062312452122569
  view-data: 0.3533113319426775
