times:
  landing: 0.5517067689999919
  view-data: 0.5607261860000108
