times:
  edit-metadata: 2.2228971142321825
  landing: 0.021050864830613136
  view-data: 0.44983464293181896
