times:
  edit-metadata: 1.5833489280194044
  landing: 0.8319924455136061
  view-data: 3.4303218591958284
