times:
  edit-metadata: 1.019455119036138
  landing: 0.08262483216822147
  view-data: 0.23737942101433873
