times:
  edit-metadata: 2.344424182549119
  landing: 0.11313416715711355
  view-data: 0.029582821764051914
