times:
  edit-metadata: 1.4512505549937487
  landing: 0.8530163730029017
  view-data: 3.2907861918210983
