times:
  edit-metadata: 1.494017006829381
  landing: 0.9800637345761061
  view-data: 3.3188712745904922
