times:
  edit-metadata: 2.4084080643951893
  landing: 0.15269041061401367
  view-data: 0.4495553132146597
