times:
  landing: 0.5510054829999831
  view-data: 0.5550211149999882
