times:
  edit-metadata: 2.2965173237025738
  landing: 0.6310449000447989
  view-data: 0.655484963208437
