times:
  edit-metadata: 1.9613282261416316
  landing: 0.2202258976176381
  view-data: 0.215771215967834
