times:
  edit-metadata: 2.0073685767129064
  landing: 0.021103190258145332
  view-data: 0.12030102126300335
