times:
  edit-metadata: 1.9525541234761477
  landing: 0.02132879663258791
  view-data: 0.18388592917472124
