times:
  edit-metadata: 2.0614931378513575
  landing: 0.02268731500953436
  view-data: 0.02686325367540121
