times:
  edit-metadata: 2.089743737131357
  landing: 0.022805944085121155
  view-data: 0.02519673854112625
