times:
  edit-metadata: 2.2422600369900465
  landing: 0.7534690834581852
  view-data: 0.3717537373304367
