times:
  edit-metadata: 1.4624179191887379
  landing: 0.8858502358198166
  view-data: 3.3405518159270287
