times:
  landing: 1.1077503569999863
  view-data: 1.0698638160000087
