times:
  edit-metadata: 2.0893220007419586
  landing: 0.08047211915254593
  view-data: 0.2485116757452488
