times:
  edit-metadata: 1.0837216258514673
  landing: 0.05245801480486989
  view-data: 0.29276580503210425
