times:
  edit-metadata: 1.3160022404044867
  landing: 0.06518476689234376
  view-data: 0.335991021245718
