times:
  edit-metadata: 2.0855606254190207
  landing: 0.22893171571195126
  view-data: 0.11646850220859051
