times:
  edit-metadata: 2.197399279102683
  landing: 0.019296396523714066
  view-data: 0.4698898997157812
