times:
  landing: 0.5934378499999866
  view-data: 0.555038962000026
