times:
  landing: 0.5535661549999986
  view-data: 0.5582766919999926
