times:
  edit-metadata: 1.6558185927569866
  landing: 1.0134157314896584
  view-data: 3.3638575598597527
