times:
  edit-metadata: 2.192256612703204
  landing: 0.15809907764196396
  view-data: 0.12404827773571014
