times:
  edit-metadata: 1.0086746881715953
  landing: 0.08176811272278428
  view-data: 0.22796888602897525
