times:
  edit-metadata: 2.2308757808059454
  landing: 0.6134956423193216
  view-data: 0.6506146304309368
