times:
  landing: 1.1195527300000094
  view-data: 0.5853582770000685
