times:
  edit-metadata: 1.535992817953229
  landing: 0.893724543042481
  view-data: 3.391730693168938
