times:
  edit-metadata: 1.4549477398395538
  landing: 1.0353163704276085
  view-data: 3.3386409655213356
