times:
  edit-metadata: 1.99640092253685
  landing: 0.09820403531193733
  view-data: 0.2385536953806877
