times:
  edit-metadata: 1.493768697604537
  landing: 0.849616089835763
  view-data: 3.453021699562669
