times:
  edit-metadata: 1.1552076009684242
  landing: 0.050225284008774906
  view-data: 0.24290029000258073
