times:
  edit-metadata: 1.4881409257650375
  landing: 0.7767079509794712
  view-data: 3.3631853982806206
