times:
  edit-metadata: 1.513843271881342
  landing: 0.854047816246748
  view-data: 3.4475105311721563
