times:
  edit-metadata: 1.455335821956396
  landing: 1.081839525140822
  view-data: 3.278653402812779
