times:
  landing: 0.5919387819999997
  view-data: 0.5550530579999986
