times:
  landing: 0.5840360839999903
  view-data: 0.5575405899999737
