times:
  landing: 1.103025252000009
  view-data: 0.5618329819999985
