times:
  edit-metadata: 2.504668874666095
  landing: 0.02130560576915741
  view-data: 0.024808736518025398
