times:
  edit-metadata: 2.0959214456379414
  landing: 0.07873604446649551
  view-data: 0.22746571153402328
