times:
  edit-metadata: 1.450710684992373
  landing: 0.8105898601934314
  view-data: 3.4195975065231323
