times:
  edit-metadata: 0.967501918785274
  landing: 0.0835826457478106
  view-data: 0.2332440591417253
