times:
  edit-metadata: 1.4974383693188429
  landing: 0.8796272743493319
  view-data: 3.3931976184248924
