times:
  edit-metadata: 1.4847481697797775
  landing: 1.002672340720892
  view-data: 3.3374119102954865
