times:
  edit-metadata: 1.6392922489903867
  landing: 0.08768424205482006
  view-data: 0.21854781499132514
