times:
  edit-metadata: 1.1718889439944178
  landing: 0.042854635015828535
  view-data: 0.2505944660224486
