times:
  landing: 0.5545076230000063
  view-data: 0.5620101630000249
