times:
  edit-metadata: 1.5043289586901665
  landing: 0.9874965324997902
  view-data: 3.410732973366976
