times:
  edit-metadata: 2.344273956492543
  landing: 1.240904787555337
  view-data: 0.6951492000371218
