times:
  edit-metadata: 2.0238117147237062
  landing: 0.02167512383311987
  view-data: 0.11945854034274817
