times:
  edit-metadata: 1.7975934511050582
  landing: 0.785761397331953
  view-data: 3.2936465982347727
