times:
  edit-metadata: 1.9914863854646683
  landing: 0.10402250662446022
  view-data: 0.22999291121959686
