times:
  edit-metadata: 1.978658638894558
  landing: 0.020604477263987064
  view-data: 0.11608266271650791
