times:
  edit-metadata: 2.0381368780508637
  landing: 0.021410473622381687
  view-data: 0.02803334966301918
