times:
  landing: 0.597373828000002
  view-data: 0.5538347140000042
