times:
  edit-metadata: 1.5657777339220047
  landing: 1.0926466137170792
  view-data: 3.29951885715127
