times:
  edit-metadata: 1.504183990880847
  landing: 0.7844969015568495
  view-data: 3.3993249628692865
