times:
  landing: 1.5825231990002067
  view-data: 0.550797891000002
