times:
  landing: 1.0988951559997986
  view-data: 0.5556125660000362
