times:
  edit-metadata: 1.535589499399066
  landing: 0.8514982033520937
  view-data: 3.439371455460787
