times:
  edit-metadata: 1.407390110194683
  landing: 0.9770889654755592
  view-data: 3.3201369903981686
