times:
  edit-metadata: 2.3385362746194005
  landing: 0.02767313737422228
  view-data: 0.5388515898957849
