times:
  edit-metadata: 2.1418629977852106
  landing: 1.321935280226171
  view-data: 3.2642916031181812
