times:
  edit-metadata: 2.0620740316808224
  landing: 0.08705359324812889
  view-data: 0.24060465767979622
