times:
  landing: 0.5575436270000012
  view-data: 0.5646222720000083
