times:
  edit-metadata: 2.2639765050262213
  landing: 0.8454056698828936
  view-data: 0.39178139343857765
