times:
  edit-metadata: 1.965227815322578
  landing: 0.022539745084941387
  view-data: 0.12250183988362551
