times:
  edit-metadata: 1.4502396937459707
  landing: 0.9462092407047749
  view-data: 3.3965928740799427
