times:
  edit-metadata: 1.071706181159243
  landing: 0.05169623997062445
  view-data: 0.3002580441534519
