times:
  edit-metadata: 1.638492891099304
  landing: 0.08010155009105802
  view-data: 0.22165493783541024
