times:
  edit-metadata: 1.225487043033354
  landing: 0.0637085810303688
  view-data: 0.2699756120564416
