times:
  edit-metadata: 1.4793069420848042
  landing: 0.8505295580253005
  view-data: 3.398512054933235
