times:
  landing: 0.5569115089999741
  view-data: 0.5567098909999686
