times:
  edit-metadata: 2.5173183288425207
  landing: 1.6411072202026844
  view-data: 3.3847662191838026
