times:
  edit-metadata: 2.048331613652408
  landing: 0.021092424169182777
  view-data: 0.024710647761821747
