times:
  edit-metadata: 1.3404665915295482
  landing: 0.810886062681675
  view-data: 3.2625887049362063
