times:
  edit-metadata: 2.4349773228168488
  landing: 0.021927849389612675
  view-data: 0.025818808935582638
