times:
  edit-metadata: 1.9930003238841891
  landing: 0.021296188235282898
  view-data: 0.11919586919248104
