times:
  edit-metadata: 1.6752625529188663
  landing: 0.09365548007190228
  view-data: 0.34267516317777336
