times:
  edit-metadata: 1.4267169572412968
  landing: 0.8675135895609856
  view-data: 3.3380271419882774
