times:
  edit-metadata: 2.142450215294957
  landing: 0.02290312759578228
  view-data: 0.438942052423954
