times:
  edit-metadata: 1.5187350306659937
  landing: 0.7689276393502951
  view-data: 3.35848306119442
