times:
  edit-metadata: 2.1320790722966194
  landing: 0.08355923742055893
  view-data: 0.24503294378519058
