times:
  edit-metadata: 1.4028384182602167
  landing: 0.9776927102357149
  view-data: 3.384592218324542
