times:
  edit-metadata: 1.4139943979680538
  landing: 0.8654493913054466
  view-data: 3.2979512736201286
