times:
  edit-metadata: 2.0297053875401616
  landing: 0.02076152805238962
  view-data: 0.024397721514105797
