times:
  edit-metadata: 2.831510496325791
  landing: 0.27724363189190626
  view-data: 0.6440322948619723
