times:
  edit-metadata: 1.499760661739856
  landing: 0.9442986338399351
  view-data: 3.3258739579468966
