times:
  edit-metadata: 1.615760735992808
  landing: 0.09431661904091015
  view-data: 0.22462237998843193
