times:
  edit-metadata: 1.9549096547998488
  landing: 0.10676632914692163
  view-data: 0.3210609592497349
