times:
  edit-metadata: 1.5722576947882771
  landing: 0.9442695737816393
  view-data: 3.319771472364664
