times:
  edit-metadata: 2.0402698926627636
  landing: 0.08945756778120995
  view-data: 0.3418448716402054
