times:
  edit-metadata: 2.2920154370367527
  landing: 0.08160405978560448
  view-data: 0.254679836332798
