times:
  edit-metadata: 1.969116467051208
  landing: 0.12077777553349733
  view-data: 0.11490879487246275
