times:
  landing: 0.5585883069999795
  view-data: 0.5712470840000492
