times:
  landing: 1.0656715650000024
  view-data: 0.5572114619999979
