times:
  edit-metadata: 1.067494667135179
  landing: 0.04854290187358856
  view-data: 0.26598179596476257
