times:
  edit-metadata: 3.116006299853325
  landing: 0.3607589304447174
  view-data: 0.2331194244325161
