times:
  edit-metadata: 1.7085316700395197
  landing: 0.07953882706351578
  view-data: 0.22863687993958592
