times:
  edit-metadata: 1.9947848804295063
  landing: 0.11558786034584045
  view-data: 0.23563969880342484
