times:
  edit-metadata: 1.5133553892374039
  landing: 0.9373198579996824
  view-data: 3.387373484671116
