times:
  edit-metadata: 2.2940850164741278
  landing: 0.12271175533533096
  view-data: 0.2713794820010662
