times:
  edit-metadata: 1.8708820212632418
  landing: 1.2026513498276472
  view-data: 0.5517394468188286
