times:
  landing: 0.5814426439999352
  view-data: 0.5519188980001672
