times:
  edit-metadata: 1.9509761147201061
  landing: 0.021834343671798706
  view-data: 0.026570484973490238
