times:
  edit-metadata: 1.2075347039790358
  landing: 0.053922313993098214
  view-data: 0.25502967298962176
