times:
  edit-metadata: 1.0665487159276381
  landing: 0.04929423099383712
  view-data: 0.275949390954338
