times:
  edit-metadata: 2.0744764767587185
  landing: 0.07722292840480804
  view-data: 0.23777692764997482
