times:
  edit-metadata: 0.9734741281718016
  landing: 0.08004216011613607
  view-data: 0.2312543150037527
