times:
  edit-metadata: 1.9888260560110211
  landing: 0.020187311805784702
  view-data: 0.02672328893095255
