times:
  edit-metadata: 0.9688555588945746
  landing: 0.08288109116256237
  view-data: 0.2241679560393095
