times:
  edit-metadata: 2.019054987002164
  landing: 0.097986887965817
  view-data: 0.2182655400247313
