times:
  edit-metadata: 2.189115025103092
  landing: 1.7448272071778774
  view-data: 3.4369434490799904
