times:
  landing: 0.5735647249999829
  view-data: 0.548991328999989
