times:
  edit-metadata: 1.4786729626357555
  landing: 0.9424241036176682
  view-data: 3.353136721998453
