times:
  edit-metadata: 1.0868481192737818
  landing: 0.04451037663966417
  view-data: 0.5416749748401344
