times:
  landing: 0.5558039000000008
  view-data: 0.5600837559999832
