times:
  landing: 1.1261984970000185
  view-data: 0.5782273890000056
