times:
  edit-metadata: 1.511148203164339
  landing: 1.1426653750240803
  view-data: 3.362774845212698
