times:
  edit-metadata: 1.5152567941695452
  landing: 0.7364854160696268
  view-data: 3.3700085561722517
