times:
  edit-metadata: 1.4898229390382767
  landing: 0.9542022328823805
  view-data: 3.32962510176003
