times:
  edit-metadata: 1.7458752058446407
  landing: 0.08517330186441541
  view-data: 0.2325629168190062
