times:
  edit-metadata: 2.07686011120677
  landing: 0.9905303101986647
  view-data: 0.37874074280261993
