times:
  landing: 0.5554722640000023
  view-data: 0.5686971060000019
