times:
  edit-metadata: 2.1236254169489257
  landing: 0.14160310296574607
  view-data: 0.36335153703112155
