times:
  edit-metadata: 1.86547027900815
  landing: 0.0955283569637686
  view-data: 0.23280450515449047
