times:
  landing: 1.1376105629999813
  view-data: 0.5690200360000119
