times:
  edit-metadata: 1.9876269539818168
  landing: 0.02013171836733818
  view-data: 0.024184323847293854
