times:
  edit-metadata: 1.497175920754671
  landing: 0.8121424727141857
  view-data: 3.3509106375277042
