times:
  edit-metadata: 1.6316366107203066
  landing: 0.08202753309160471
  view-data: 0.22424083203077316
