times:
  landing: 1.0706072359999723
  view-data: 0.5578656300000091
