times:
  edit-metadata: 2.063008863478899
  landing: 0.18827125802636147
  view-data: 0.43796810880303383
