times:
  edit-metadata: 1.4913443997502327
  landing: 1.0166727835312486
  view-data: 3.3555612564086914
