times:
  edit-metadata: 1.9946794398128986
  landing: 0.07991721108555794
  view-data: 0.24263114109635353
