times:
  landing: 2.488189104013145
  view-data: 0.03641695203259587
