times:
  edit-metadata: 1.8242576867341995
  landing: 0.6067853458225727
  view-data: 0.237791383638978
