times:
  edit-metadata: 1.0837387370411307
  landing: 0.051514977938495576
  view-data: 0.28571173700038344
