times:
  edit-metadata: 2.2955651693046093
  landing: 0.7089212480932474
  view-data: 0.3215769864618778
