times:
  edit-metadata: 1.9368513319641352
  landing: 1.3470477294176817
  view-data: 3.7435437720268965
