times:
  landing: 1.5999749279999946
  view-data: 0.5616245790000107
