times:
  edit-metadata: 1.0468014609068632
  landing: 0.07853835867717862
  view-data: 0.2706541190855205
