times:
  edit-metadata: 1.65478063817136
  landing: 0.08718191203661263
  view-data: 0.24059414397925138
