times:
  edit-metadata: 2.1184823531657457
  landing: 0.6146967522799969
  view-data: 0.2594392579048872
