times:
  edit-metadata: 2.090141582302749
  landing: 0.024968096055090427
  view-data: 0.024926460348069668
