times:
  edit-metadata: 1.4307333957403898
  landing: 0.044483151752501726
  view-data: 0.34533173404634
