times:
  edit-metadata: 1.3480034749954939
  landing: 0.13463595369830728
  view-data: 0.2569198738783598
