times:
  edit-metadata: 1.7487973340030294
  landing: 0.08090997298131697
  view-data: 0.232604741002433
