times:
  edit-metadata: 2.0806394927203655
  landing: 1.1616231892257929
  view-data: 3.62381549552083
