times:
  edit-metadata: 1.5206220671534538
  landing: 0.815173352137208
  view-data: 3.3942324854433537
