times:
  edit-metadata: 2.2082796432077885
  landing: 1.1725171227008104
  view-data: 0.4868027810007334
