times:
  landing: 0.583152440000049
  view-data: 0.5554270960000167
