times:
  edit-metadata: 2.1257518380880356
  landing: 1.0815806919708848
  view-data: 3.5236354218795896
