times:
  edit-metadata: 1.087502706097439
  landing: 0.04943207488395274
  view-data: 0.2699937659781426
