times:
  edit-metadata: 1.4960326114669442
  landing: 0.8375520315021276
  view-data: 3.396761535666883
