times:
  landing: 0.6334906570000101
  view-data: 0.5488158449999787
