times:
  edit-metadata: 1.4827105880249292
  landing: 0.8806191300973296
  view-data: 3.385333882877603
