times:
  edit-metadata: 2.193043567240238
  landing: 0.5705862920731306
  view-data: 0.3781562279909849
