times:
  edit-metadata: 1.0786788139957935
  landing: 0.0512613020837307
  view-data: 0.494911233196035
