times:
  edit-metadata: 1.5144483000040054
  landing: 0.7869170513004065
  view-data: 3.5387259423732758
