times:
  edit-metadata: 2.2113461289554834
  landing: 0.5665468238294125
  view-data: 0.23953594267368317
