times:
  edit-metadata: 2.212212024256587
  landing: 0.1311487965285778
  view-data: 0.4352217260748148
