times:
  edit-metadata: 1.0559080028906465
  landing: 0.0495139320846647
  view-data: 0.39414841891266406
