times:
  edit-metadata: 5.101746764034033
  landing: 3.188207261264324
  view-data: 3.511024635285139
