times:
  edit-metadata: 2.7311203591525555
  landing: 0.23377522267401218
  view-data: 0.6546859405934811
