times:
  edit-metadata: 1.9585704812780023
  landing: 0.11593047995120287
  view-data: 0.026680351234972477
