times:
  landing: 1.5931523959999936
  view-data: 0.5624047800000085
