times:
  edit-metadata: 1.6302002620068379
  landing: 0.091145165002672
  view-data: 0.24288656898716
