times:
  edit-metadata: 1.6664882539771497
  landing: 0.09071709704585373
  view-data: 0.21787141892127693
