times:
  edit-metadata: 1.523814134299755
  landing: 0.8671117164194584
  view-data: 3.4407142531126738
