times:
  edit-metadata: 2.1390358582139015
  landing: 0.7583555299788713
  view-data: 0.27215781807899475
