times:
  edit-metadata: 1.0661757219349965
  landing: 0.04674681706819683
  view-data: 0.23961019306443632
