times:
  edit-metadata: 2.186062065884471
  landing: 1.361948547884822
  view-data: 3.609659784473479
