times:
  edit-metadata: 2.053145207464695
  landing: 0.08139079436659813
  view-data: 0.26972518116235733
