times:
  edit-metadata: 1.593931126408279
  landing: 1.1292798947542906
  view-data: 3.504928734153509
