times:
  landing: 1.1144069169999966
  view-data: 0.5640963609999972
