times:
  landing: 0.5605506679999905
  view-data: 0.0974273989999972
