times:
  landing: 1.5997599650000325
  view-data: 0.5666163640000264
