times:
  edit-metadata: 1.9692897852510214
  landing: 0.023148362524807453
  view-data: 0.024665534496307373
