times:
  landing: 0.5480576300000166
  view-data: 0.5501042550000079
