times:
  landing: 0.5957047730000227
  view-data: 0.5599985930000173
