times:
  edit-metadata: 1.5176272639073431
  landing: 0.973519436083734
  view-data: 3.4451639498583972
