times:
  edit-metadata: 1.5366981886327267
  landing: 0.978549562394619
  view-data: 3.4040472395718098
