times:
  edit-metadata: 1.474032124504447
  landing: 0.7737060077488422
  view-data: 3.3953766766935587
