times:
  landing: 0.5510959590000084
  view-data: 0.557621332999986
