times:
  landing: 0.5585846150000009
  view-data: 0.06381329300000971
