times:
  edit-metadata: 2.3226209990680218
  landing: 0.8901541102677584
  view-data: 0.31323289684951305
