times:
  edit-metadata: 1.646342959953472
  landing: 0.8659071889705956
  view-data: 0.7486073819454759
