times:
  edit-metadata: 1.9776358101516962
  landing: 0.021477460861206055
  view-data: 0.12414190452545881
