times:
  edit-metadata: 1.0723152849823236
  landing: 0.052693929988890886
  view-data: 0.37145622895332053
