times:
  edit-metadata: 1.498096503317356
  landing: 0.06012837402522564
  view-data: 0.34698142018169165
