times:
  edit-metadata: 2.4943611957132816
  landing: 0.08398875780403614
  view-data: 0.2750505730509758
