times:
  landing: 0.5622870839999905
  view-data: 0.5607195999999703
