times:
  edit-metadata: 1.9782166434451938
  landing: 0.01986059732735157
  view-data: 0.12925033736974
