times:
  edit-metadata: 1.0528058428317308
  landing: 0.08303920459002256
  view-data: 0.27196482475847006
