times:
  edit-metadata: 1.1858366378583014
  landing: 0.08364863274618983
  view-data: 0.24757750937715173
