times:
  edit-metadata: 2.0374753900032374
  landing: 0.08282044600491645
  view-data: 0.23287062600138597
