times:
  edit-metadata: 1.5560919754207134
  landing: 0.8185370620340109
  view-data: 3.4307554718106985
