times:
  edit-metadata: 1.0999377178959548
  landing: 0.052543843165040016
  view-data: 0.24496918777003884
