times:
  edit-metadata: 2.2377026546746492
  landing: 1.1376351043581963
  view-data: 0.6439162418246269
