times:
  edit-metadata: 2.054078388027847
  landing: 0.22262159921228886
  view-data: 0.4060622984543443
