times:
  edit-metadata: 1.51972621306777
  landing: 0.8362471200525761
  view-data: 3.456849118694663
