times:
  edit-metadata: 1.4601310323923826
  landing: 0.9361350256949663
  view-data: 3.347637379541993
