times:
  landing: 1.0722026310000388
  view-data: 0.55342360100002
