times:
  edit-metadata: 1.143303076736629
  landing: 0.08632797189056873
  view-data: 0.3574742949567735
