times:
  edit-metadata: 1.4068048484623432
  landing: 0.984236765652895
  view-data: 3.256281942129135
