times:
  edit-metadata: 1.101557138026692
  landing: 0.049008204019628465
  view-data: 0.36338993697427213
