times:
  edit-metadata: 2.23975688777864
  landing: 0.7464012950658798
  view-data: 0.35606952011585236
