times:
  edit-metadata: 2.2118879314512014
  landing: 0.6242053229361773
  view-data: 0.3701858129352331
