times:
  edit-metadata: 1.9584841635078192
  landing: 0.0216550100594759
  view-data: 0.09812455344945192
