times:
  edit-metadata: 2.0027355700731277
  landing: 1.1574469543993473
  view-data: 3.361585918813944
