times:
  edit-metadata: 1.0628196019679308
  landing: 0.08121191337704659
  view-data: 0.26094687078148127
