times:
  edit-metadata: 1.512584675103426
  landing: 0.8221328407526016
  view-data: 3.2994937859475613
