times:
  edit-metadata: 1.7674205005168915
  landing: 1.0703448243439198
  view-data: 3.3112871646881104
