times:
  edit-metadata: 1.4017759431153536
  landing: 0.9586733914911747
  view-data: 3.5155601762235165
