times:
  edit-metadata: 1.5447777980007231
  landing: 1.0810578847303987
  view-data: 3.3962310906499624
