times:
  edit-metadata: 1.6356380893848836
  landing: 0.08705381583422422
  view-data: 0.22850262187421322
