times:
  landing: 0.5826527369999894
  view-data: 0.554442320000021
