times:
  edit-metadata: 1.4889414487406611
  landing: 0.053466476034373045
  view-data: 0.31775195291265845
