times:
  edit-metadata: 1.6366770730819553
  landing: 0.10385090904310346
  view-data: 0.22944556013680995
