times:
  edit-metadata: 1.976831577718258
  landing: 0.10843665897846222
  view-data: 0.23848923295736313
