times:
  edit-metadata: 1.1521543869748712
  landing: 0.05626452714204788
  view-data: 0.23554441425949335
