times:
  edit-metadata: 1.9634932735934854
  landing: 0.024484574794769287
  view-data: 0.11939100176095963
