times:
  edit-metadata: 1.755921110510826
  landing: 1.0901223551481962
  view-data: 3.3980124089866877
