times:
  edit-metadata: 1.5257378965616226
  landing: 0.8251854330301285
  view-data: 3.4842930026352406
