times:
  edit-metadata: 1.4554205536842346
  landing: 0.9872581670060754
  view-data: 3.355738887563348
