times:
  edit-metadata: 1.4977699061855674
  landing: 0.051271868869662285
  view-data: 0.3354861061088741
