times:
  landing: 0.55238439499999
  view-data: 0.5544263200000046
