times:
  edit-metadata: 1.465462401509285
  landing: 1.004040189087391
  view-data: 3.3231820575892925
