times:
  landing: 1.6068715520000296
  view-data: 0.5679009579999956
