times:
  edit-metadata: 1.6569707226008177
  landing: 1.096633404493332
  view-data: 3.3916170950978994
