times:
  landing: 1.091361993000021
  view-data: 0.5560803029999875
