times:
  edit-metadata: 2.1448671128600836
  landing: 0.1708438340574503
  view-data: 0.26195227983407676
