times:
  landing: 1.0909223209999936
  view-data: 0.5582914039999878
