times:
  edit-metadata: 1.5008771903812885
  landing: 1.023935541510582
  view-data: 3.4618838615715504
