times:
  landing: 1.5977205430000367
  view-data: 0.5493378840000105
