times:
  edit-metadata: 1.6568478918634355
  landing: 0.0855450788512826
  view-data: 0.2329565933905542
