times:
  edit-metadata: 1.507247507572174
  landing: 0.8584666568785906
  view-data: 3.3855261355638504
