times:
  edit-metadata: 1.188830267987214
  landing: 0.06362720299512148
  view-data: 0.2749826190120075
