times:
  edit-metadata: 2.221875125542283
  landing: 0.15195330046117306
  view-data: 0.12891695462167263
