times:
  edit-metadata: 2.301673289388418
  landing: 0.15251586213707924
  view-data: 0.5141885820776224
