times:
  landing: 0.5506308959999728
  view-data: 0.5594521600000348
