times:
  edit-metadata: 2.236419564113021
  landing: 0.9585127588361502
  view-data: 0.3546752091497183
