times:
  edit-metadata: 1.9629622148349881
  landing: 0.02169763296842575
  view-data: 0.025381053797900677
