times:
  edit-metadata: 1.9855938516557217
  landing: 0.076212078332901
  view-data: 0.2293149083852768
