times:
  edit-metadata: 1.6682857680134475
  landing: 0.09485295997001231
  view-data: 0.22044090600684285
