times:
  edit-metadata: 2.1454234644770622
  landing: 1.2406790722161531
  view-data: 0.4991791397333145
