times:
  edit-metadata: 2.112834603525698
  landing: 0.023050406016409397
  view-data: 0.023581067100167274
