times:
  edit-metadata: 1.9823641814291477
  landing: 0.023140283301472664
  view-data: 0.02564958482980728
