times:
  edit-metadata: 1.9934960836544633
  landing: 0.02261903788894415
  view-data: 0.1216417234390974
