times:
  edit-metadata: 1.9721866566687822
  landing: 0.10929704643785954
  view-data: 0.025668522343039513
