times:
  edit-metadata: 2.227755570784211
  landing: 0.6743671335279942
  view-data: 0.3237883411347866
