times:
  edit-metadata: 0.9932262022048235
  landing: 0.08164382074028254
  view-data: 0.24761144444346428
