times:
  edit-metadata: 1.991717241704464
  landing: 0.08256271108984947
  view-data: 0.24213121458888054
