times:
  edit-metadata: 1.4502890529111028
  landing: 0.9622605619952083
  view-data: 3.3885240899398923
