times:
  edit-metadata: 2.2190622594207525
  landing: 0.6194112449884415
  view-data: 0.6363332606852055
