times:
  edit-metadata: 1.6021555140032433
  landing: 0.20102940796641633
  view-data: 0.21538065798813477
