times:
  edit-metadata: 2.0896247401833534
  landing: 1.1546619115397334
  view-data: 3.426320208236575
