times:
  edit-metadata: 1.6440639620414004
  landing: 0.08957931504119188
  view-data: 0.21048141294158995
