times:
  edit-metadata: 1.6402877569198608
  landing: 0.08732712315395474
  view-data: 0.22360600810498
