times:
  edit-metadata: 2.0368831139057875
  landing: 0.020230787806212902
  view-data: 0.025532358326017857
