times:
  edit-metadata: 1.067550047999248
  landing: 0.05526516103418544
  view-data: 0.24620857002446428
