times:
  landing: 0.5542923769999675
  view-data: 0.5603318210000339
