times:
  edit-metadata: 1.51645253226161
  landing: 0.8097961973398924
  view-data: 3.377455096691847
