times:
  edit-metadata: 1.9916917309165
  landing: 0.07949992641806602
  view-data: 0.23210009559988976
