times:
  edit-metadata: 1.4772878494113684
  landing: 0.8222537394613028
  view-data: 3.4753805436193943
