times:
  edit-metadata: 2.001848556101322
  landing: 0.07924922555685043
  view-data: 0.2321595847606659
