times:
  edit-metadata: 1.5195264015346766
  landing: 0.8426777105778456
  view-data: 3.3811807744205
