times:
  edit-metadata: 1.080500015988946
  landing: 0.05940227909013629
  view-data: 0.25845998199656606
