times:
  edit-metadata: 1.4389922621194273
  landing: 0.7972469041123986
  view-data: 3.354793715989217
