times:
  edit-metadata: 1.8695278940722346
  landing: 1.1027303170412779
  view-data: 3.4983483608812094
