times:
  edit-metadata: 2.11399987898767
  landing: 0.0207985769957304
  view-data: 0.41341019980609417
