times:
  edit-metadata: 1.3907859707251191
  landing: 0.8343334244564176
  view-data: 3.4630151400342584
