times:
  edit-metadata: 1.0055250898003578
  landing: 0.08560420200228691
  view-data: 0.25817917473614216
