times:
  edit-metadata: 1.0750514850369655
  landing: 0.050547901017125696
  view-data: 0.29452539602061734
