times:
  edit-metadata: 1.0530659430660307
  landing: 0.08412472391501069
  view-data: 0.2591170039959252
