times:
  edit-metadata: 2.028163510374725
  landing: 0.023466788232326508
  view-data: 0.02635939233005047
