times:
  edit-metadata: 1.1281850220402703
  landing: 0.04833156906533986
  view-data: 0.27000632195267826
