times:
  edit-metadata: 1.4561984799802303
  landing: 1.035036537796259
  view-data: 3.3265865221619606
