times:
  edit-metadata: 2.3054909352213144
  landing: 1.1634830962866545
  view-data: 0.6636824272572994
