times:
  edit-metadata: 1.8488097758963704
  landing: 0.08045006287284195
  view-data: 0.21770217991434038
