times:
  edit-metadata: 1.9956072615459561
  landing: 0.2021307973191142
  view-data: 0.11851027701050043
