times:
  landing: 0.5964677789999939
  view-data: 0.5638336119999963
