times:
  edit-metadata: 2.446374360471964
  landing: 0.2358117736876011
  view-data: 0.3085080813616514
