times:
  edit-metadata: 1.001191504765302
  landing: 0.08852176275104284
  view-data: 0.23952717706561089
