times:
  edit-metadata: 1.98431630525738
  landing: 0.02057668473571539
  view-data: 0.12416637036949396
