times:
  edit-metadata: 1.3789939936250448
  landing: 0.9108002539724112
  view-data: 3.294715076684952
