times:
  edit-metadata: 1.0638285719323903
  landing: 0.04735871613956988
  view-data: 0.2958178468979895
