times:
  edit-metadata: 2.070046231150627
  landing: 0.08151082322001457
  view-data: 0.23609768971800804
