times:
  edit-metadata: 2.3967598136514425
  landing: 0.24324590899050236
  view-data: 0.42112311348319054
