times:
  edit-metadata: 1.0803568379487842
  landing: 0.05573219805955887
  view-data: 0.2535776668228209
