times:
  edit-metadata: 0.9376361090689898
  landing: 0.08424545219168067
  view-data: 0.24084284994751215
