times:
  edit-metadata: 1.1577687659300864
  landing: 0.07942745694890618
  view-data: 0.24780019605532289
