times:
  edit-metadata: 4.456899156793952
  landing: 0.4761591022834182
  view-data: 0.9396142782643437
