times:
  edit-metadata: 1.412930315360427
  landing: 1.0385071374475956
  view-data: 3.372145188972354
