times:
  edit-metadata: 1.3721449449658394
  landing: 1.0031308569014072
  view-data: 3.3352791517972946
