times:
  edit-metadata: 1.992148881778121
  landing: 0.021919962018728256
  view-data: 0.02729356661438942
