times:
  edit-metadata: 1.6562390350736678
  landing: 0.08028110302984715
  view-data: 0.2247162088751793
