times:
  landing: 1.0776084709999623
  view-data: 0.5632920959999979
