times:
  edit-metadata: 2.4457508474588394
  landing: 0.13534050062298775
  view-data: 0.1641654558479786
