times:
  edit-metadata: 0.9782663672231138
  landing: 0.0864779963158071
  view-data: 0.2633605911396444
