times:
  landing: 0.5836857349999889
  view-data: 0.5552322630000219
