times:
  landing: 0.5910996729999738
  view-data: 0.5553259050000179
