times:
  edit-metadata: 1.8026590929366648
  landing: 0.09216899611055851
  view-data: 0.23392278794199228
