times:
  edit-metadata: 1.9654868505895138
  landing: 0.02208646945655346
  view-data: 0.02485502790659666
