times:
  edit-metadata: 1.743686968984548
  landing: 0.08601127297151834
  view-data: 0.28850243901251815
