times:
  edit-metadata: 1.9992031371220946
  landing: 0.021757964976131916
  view-data: 0.025832507759332657
