times:
  edit-metadata: 1.442472442984581
  landing: 0.7842891328036785
  view-data: 3.2648743838071823
