times:
  edit-metadata: 1.106844587950036
  landing: 0.040709618013352156
  view-data: 0.29492994910106063
