times:
  edit-metadata: 1.6332974741235375
  landing: 0.0839821700938046
  view-data: 0.2280828421935439
