times:
  edit-metadata: 1.5148287434130907
  landing: 0.8122415728867054
  view-data: 3.386634362861514
