times:
  edit-metadata: 2.410914769396186
  landing: 0.042870182543992996
  view-data: 0.43203275837004185
