times:
  edit-metadata: 1.100186675786972
  landing: 0.0962323984131217
  view-data: 0.2722027441486716
