times:
  edit-metadata: 1.3527090200223029
  landing: 0.0814600489102304
  view-data: 0.4142853179946542
