times:
  edit-metadata: 1.4815063886344433
  landing: 0.7521228492259979
  view-data: 3.3510684967041016
