times:
  edit-metadata: 2.1261050533503294
  landing: 0.12352361902594566
  view-data: 0.3935610521584749
