times:
  edit-metadata: 1.4402118287980556
  landing: 0.048843408934772015
  view-data: 0.2737777139991522
