times:
  edit-metadata: 2.0595517875626683
  landing: 0.022463717497885227
  view-data: 0.12090162932872772
