times:
  landing: 0.5650269619999904
  view-data: 0.5482720240000276
