times:
  edit-metadata: 2.5564693734049797
  landing: 0.17241554707288742
  view-data: 0.14923317544162273
