times:
  edit-metadata: 1.7158428039983846
  landing: 0.08756539100431837
  view-data: 0.22881364499335177
