times:
  landing: 0.6369142689999876
  view-data: 0.557957316999989
