times:
  edit-metadata: 1.15147490700474
  landing: 0.049089236999861896
  view-data: 0.37223977100802585
