times:
  edit-metadata: 0.9752753381617367
  landing: 0.09437103383243084
  view-data: 0.2277762503363192
