times:
  landing: 0.5698409179999544
  view-data: 0.5575695139999652
