times:
  edit-metadata: 2.26731488481164
  landing: 0.6587275918573141
  view-data: 0.296124467626214
