times:
  edit-metadata: 2.256131421774626
  landing: 0.09091805666685104
  view-data: 0.36741657741367817
