times:
  edit-metadata: 1.400582771282643
  landing: 0.08687399700284004
  view-data: 0.43695793859660625
