times:
  landing: 0.5881104919999984
  view-data: 0.5615883380000071
