times:
  edit-metadata: 1.056524010375142
  landing: 0.0912483986467123
  view-data: 0.28717659693211317
