times:
  edit-metadata: 2.1490885727107525
  landing: 0.1283944956958294
  view-data: 0.4264895971864462
