times:
  edit-metadata: 4.354017980396748
  landing: 2.091606106609106
  view-data: 4.48639564961195
