times:
  edit-metadata: 1.6460242939938325
  landing: 0.08087253701523878
  view-data: 0.23095835198182613
