times:
  edit-metadata: 2.175973203033209
  landing: 0.1224326454102993
  view-data: 0.15257951989769936
