times:
  landing: 0.5879971999999611
  view-data: 0.5588038300000449
