times:
  edit-metadata: 1.0786151690408587
  landing: 0.09155749483034015
  view-data: 0.24814570182934403
