times:
  edit-metadata: 0.9693652410060167
  landing: 0.08872907888144255
  view-data: 0.22275856509804726
