times:
  edit-metadata: 1.8104196935892105
  landing: 1.4900875613093376
  view-data: 3.358809571713209
