times:
  edit-metadata: 1.1479868129827082
  landing: 0.054190556053072214
  view-data: 0.26733048202004284
