times:
  edit-metadata: 2.0044093066826463
  landing: 0.020674120634794235
  view-data: 0.42613089364022017
