times:
  edit-metadata: 1.0809819129644893
  landing: 0.059465276019182056
  view-data: 0.2711627370445058
