times:
  edit-metadata: 2.2187116350978613
  landing: 1.1884994395077229
  view-data: 0.6501762717962265
