times:
  edit-metadata: 1.2994662076234818
  landing: 0.12912431824952364
  view-data: 0.239571793936193
