times:
  edit-metadata: 2.1036891974508762
  landing: 0.0988466702401638
  view-data: 0.2389664426445961
