times:
  edit-metadata: 1.4380144849419594
  landing: 0.9092624811455607
  view-data: 3.363720754161477
