times:
  edit-metadata: 2.202472794800997
  landing: 0.0244197528809309
  view-data: 0.14158136770129204
