times:
  edit-metadata: 1.6288954929914325
  landing: 0.09860984701663256
  view-data: 0.21539148094598204
