times:
  edit-metadata: 1.9626241279765964
  landing: 0.022416994906961918
  view-data: 0.12488825619220734
