times:
  edit-metadata: 2.0891471058130264
  landing: 0.020627999678254128
  view-data: 0.09976711682975292
