times:
  edit-metadata: 2.0001097936183214
  landing: 0.1938667595386505
  view-data: 0.512142289429903
