times:
  edit-metadata: 2.2775167673826218
  landing: 0.1431280504912138
  view-data: 0.44845064729452133
