times:
  edit-metadata: 2.2045086715370417
  landing: 1.6553734261542559
  view-data: 0.6409137062728405
