times:
  landing: 0.6159005819999948
  view-data: 0.5608062539999992
