times:
  edit-metadata: 2.272398905828595
  landing: 0.6777918506413698
  view-data: 0.24390211515128613
