times:
  edit-metadata: 1.6530059271026403
  landing: 0.10232197004370391
  view-data: 0.26759536983445287
