times:
  edit-metadata: 1.0755922347307205
  landing: 0.08933516312390566
  view-data: 0.2926837904378772
