times:
  landing: 0.5883525129999896
  view-data: 0.5666844480000179
