times:
  edit-metadata: 1.092752586118877
  landing: 0.04703508596867323
  view-data: 0.37305170204490423
