times:
  edit-metadata: 1.058034885674715
  landing: 0.08510853443294764
  view-data: 0.2713550152257085
