times:
  edit-metadata: 1.0938041440676898
  landing: 0.04830613709054887
  view-data: 0.36584070697426796
