times:
  edit-metadata: 1.408922060392797
  landing: 0.9008432943373919
  view-data: 3.408425319008529
