times:
  edit-metadata: 1.794472606969066
  landing: 0.07601778500247747
  view-data: 0.21965828200336546
