times:
  edit-metadata: 1.6534533920348622
  landing: 0.08086487301625311
  view-data: 0.225598735967651
