times:
  edit-metadata: 1.0086845429614186
  landing: 0.0824233926832676
  view-data: 0.26633576676249504
