times:
  landing: 0.553601982999993
  view-data: 0.5587539450000065
