times:
  edit-metadata: 2.013497597537935
  landing: 0.022572949528694153
  view-data: 0.02719924971461296
