times:
  edit-metadata: 1.089003570843488
  landing: 0.051821468863636255
  view-data: 0.28235992696136236
