times:
  edit-metadata: 2.584354108199477
  landing: 0.306546064093709
  view-data: 0.18118985556066036
