times:
  landing: 1.1024174690246582
  view-data: 0.5381980477832258
