times:
  landing: 0.5679701180000052
  view-data: 0.5447505349999915
