times:
  landing: 0.5846603370000025
  view-data: 0.5539708409999946
