times:
  edit-metadata: 1.0022586723789573
  landing: 0.09445032384246588
  view-data: 0.25270780455321074
