times:
  edit-metadata: 0.9874659078195691
  landing: 0.08678074087947607
  view-data: 0.24591823015362024
