times:
  edit-metadata: 1.9852879075333476
  landing: 0.02264886163175106
  view-data: 0.2046844195574522
