times:
  landing: 0.5897338150000451
  view-data: 0.5580266260000144
