times:
  edit-metadata: 1.9847302315756679
  landing: 0.023123711347579956
  view-data: 0.09713018126785755
