times:
  landing: 1.1048991770000214
  view-data: 0.5585347939999963
