times:
  edit-metadata: 2.1846834365278482
  landing: 0.02345087006688118
  view-data: 0.1013411171734333
