times:
  landing: 0.5467805100000191
  view-data: 0.5573079209999889
