times:
  edit-metadata: 1.5148707497864962
  landing: 0.04778796900063753
  view-data: 0.30609723180532455
