times:
  edit-metadata: 0.984665967989713
  landing: 0.08354037115350366
  view-data: 0.24406643398106098
