times:
  landing: 0.5420806230000608
  view-data: 0.543667343999914
