times:
  edit-metadata: 1.0719312430010177
  landing: 0.05490705801639706
  view-data: 0.2700118469656445
