times:
  edit-metadata: 2.198075259104371
  landing: 0.7358398642390966
  view-data: 0.3540936503559351
