times:
  edit-metadata: 1.5640646032989025
  landing: 0.889359787106514
  view-data: 3.363197699189186
