times:
  edit-metadata: 2.275409933179617
  landing: 1.1344563830643892
  view-data: 0.6513625402003527
