times:
  edit-metadata: 1.4362046532332897
  landing: 0.9730743803083897
  view-data: 3.3590361699461937
