times:
  edit-metadata: 1.3304157530074008
  landing: 0.06284802700974979
  view-data: 0.31787719298154116
