times:
  edit-metadata: 2.0830749310553074
  landing: 0.01998836360871792
  view-data: 0.45610593631863594
