times:
  landing: 0.5532522069999573
  view-data: 0.5652207609999778
