times:
  edit-metadata: 2.1920118872076273
  landing: 0.7177486829459667
  view-data: 0.2917091026902199
