times:
  edit-metadata: 2.1612845230847597
  landing: 0.02068704180419445
  view-data: 0.48303793370723724
