times:
  landing: 0.577105872000061
  view-data: 0.5540944650000483
