times:
  edit-metadata: 1.5714827999472618
  landing: 0.835917416960001
  view-data: 3.3015570752322674
