times:
  edit-metadata: 1.0455355728045106
  landing: 0.08583902381360531
  view-data: 0.26003601122647524
