times:
  edit-metadata: 1.7641475959680974
  landing: 0.08382052602246404
  view-data: 0.21910671901423484
