times:
  edit-metadata: 2.1391129791736603
  landing: 0.02074945904314518
  view-data: 0.025887136347591877
