times:
  edit-metadata: 1.6555872169556096
  landing: 0.08896106493193656
  view-data: 0.22313843795564026
