times:
  edit-metadata: 1.6284112380235456
  landing: 0.19810207898262888
  view-data: 0.22869222203735262
