times:
  edit-metadata: 1.5160469189286232
  landing: 0.8416964318603277
  view-data: 3.3170335795730352
