times:
  edit-metadata: 1.6410746569745243
  landing: 0.0899819009937346
  view-data: 0.23257852089591324
