times:
  edit-metadata: 1.340190526098013
  landing: 0.834856647066772
  view-data: 3.2700807829387486
