times:
  edit-metadata: 1.1099423128180206
  landing: 0.05100666685029864
  view-data: 0.27818846399895847
