times:
  landing: 1.637234067999998
  view-data: 0.5600187250000204
