times:
  edit-metadata: 1.4133738428354263
  landing: 0.8570214137434959
  view-data: 3.3152420222759247
