times:
  landing: 0.5478597990000083
  view-data: 0.5478106959999991
