times:
  edit-metadata: 1.196001433301717
  landing: 0.08720114594325423
  view-data: 0.25174299720674753
