times:
  edit-metadata: 2.2460021264851093
  landing: 0.13687526620924473
  view-data: 0.14938736706972122
