times:
  edit-metadata: 1.0740440980298445
  landing: 0.05479687394108623
  view-data: 0.2520369100384414
