times:
  edit-metadata: 1.6203847759752534
  landing: 0.07683576398994774
  view-data: 0.22503751702606678
