times:
  edit-metadata: 2.132148914039135
  landing: 0.022700032219290733
  view-data: 0.1016518585383892
