times:
  edit-metadata: 2.058893494307995
  landing: 0.07598738372325897
  view-data: 0.2408275604248047
