times:
  edit-metadata: 2.1283020358532667
  landing: 0.23375217244029045
  view-data: 0.02586565911769867
