times:
  edit-metadata: 1.984023998491466
  landing: 0.909077312797308
  view-data: 3.4274135706946254
