times:
  edit-metadata: 1.0948075188789517
  landing: 0.056748483097180724
  view-data: 0.37103529600426555
