times:
  edit-metadata: 1.0772602099459618
  landing: 0.050050928024575114
  view-data: 0.25584289710968733
