times:
  edit-metadata: 1.3816706165671349
  landing: 0.837757377885282
  view-data: 3.3926948346197605
