times:
  edit-metadata: 1.9603991439998936
  landing: 0.07030333300008351
  view-data: 0.49286393200009115
