times:
  edit-metadata: 1.5475221313536167
  landing: 0.836067870259285
  view-data: 3.4077253453433514
