times:
  edit-metadata: 1.9994673933833838
  landing: 0.021540080197155476
  view-data: 0.026531990617513657
