times:
  edit-metadata: 2.24222481995821
  landing: 0.1872288677841425
  view-data: 0.025026213377714157
