times:
  edit-metadata: 2.0136035047471523
  landing: 0.08686695247888565
  view-data: 0.23845427110791206
