times:
  edit-metadata: 2.0553442491218448
  landing: 0.018931063823401928
  view-data: 0.025123815052211285
