times:
  edit-metadata: 1.971140407025814
  landing: 0.11284460127353668
  view-data: 0.23598456382751465
