times:
  edit-metadata: 0.9768954808823764
  landing: 0.09241357864812016
  view-data: 0.2410692279227078
