times:
  edit-metadata: 1.8831433518789709
  landing: 0.0773559978697449
  view-data: 0.2384828389622271
