times:
  landing: 0.5496019649999937
  view-data: 0.5661343630000033
