times:
  landing: 0.5669769399999893
  view-data: 0.5609155829999963
