times:
  edit-metadata: 2.0298494836315513
  landing: 0.023364984430372715
  view-data: 0.02632735390216112
