times:
  edit-metadata: 2.460792910307646
  landing: 0.02383839525282383
  view-data: 0.023575549945235252
