times:
  edit-metadata: 1.4508939050137997
  landing: 0.8914886154234409
  view-data: 3.39295738004148
