times:
  edit-metadata: 2.484689611941576
  landing: 1.770357184112072
  view-data: 0.6459729224443436
