times:
  edit-metadata: 1.059787099948153
  landing: 0.0506266001611948
  view-data: 0.3618488130159676
