times:
  landing: 1.0668984039999998
  view-data: 0.5648454020000031
