times:
  edit-metadata: 1.6035620961338282
  landing: 0.8271342199295759
  view-data: 3.4263536147773266
