times:
  edit-metadata: 0.9764924119226635
  landing: 0.0793818817473948
  view-data: 0.24436751706525683
