times:
  edit-metadata: 2.1670661997050047
  landing: 1.7046053633093834
  view-data: 0.3516285214573145
