times:
  edit-metadata: 1.0988806660752743
  landing: 0.05605638795532286
  view-data: 0.24944636598229408
