times:
  edit-metadata: 1.1467769480000243
  landing: 0.054574884999965434
  view-data: 0.25714234700035377
