times:
  edit-metadata: 1.0715747480280697
  landing: 0.04539807606488466
  view-data: 0.3642285708338022
