times:
  edit-metadata: 1.3883448913693428
  landing: 0.9081155080348253
  view-data: 3.3746203929185867
