times:
  edit-metadata: 1.6949569541029632
  landing: 0.08057554694823921
  view-data: 0.22417406900785863
