times:
  edit-metadata: 2.339930273592472
  landing: 1.2747918842360377
  view-data: 3.4634834602475166
