times:
  edit-metadata: 0.97729407902807
  landing: 0.08993508573621511
  view-data: 0.25267424900084734
