times:
  edit-metadata: 1.9542962601408362
  landing: 0.11572746001183987
  view-data: 0.025960582308471203
