times:
  edit-metadata: 1.357980521977879
  landing: 0.30111482203938067
  view-data: 0.21545952500309795
