times:
  edit-metadata: 1.3948694728314877
  landing: 0.8195247836410999
  view-data: 3.3239374943077564
