times:
  edit-metadata: 1.4249572455883026
  landing: 0.8367203250527382
  view-data: 3.3895536698400974
