times:
  landing: 1.0622686529999896
  view-data: 0.5536774329999901
