times:
  edit-metadata: 1.9825687350239605
  landing: 0.09028706792742014
  view-data: 0.24939660588279366
