times:
  edit-metadata: 2.1863211058080196
  landing: 0.18547401018440723
  view-data: 0.02577284723520279
