times:
  landing: 1.0831172130000084
  view-data: 0.5645896420000156
