times:
  edit-metadata: 1.7003632839769125
  landing: 0.0928028211928904
  view-data: 0.2858003987930715
