times:
  edit-metadata: 1.727862432016991
  landing: 0.08193847606889904
  view-data: 0.22702101292088628
