times:
  edit-metadata: 2.25771432928741
  landing: 0.6221621111035347
  view-data: 0.6471364349126816
