times:
  edit-metadata: 1.7998466321732849
  landing: 0.08475188491865993
  view-data: 0.2270267209969461
