times:
  edit-metadata: 1.6471982598304749
  landing: 0.7713149916380644
  view-data: 0.3245978858321905
