times:
  edit-metadata: 2.0688594738021493
  landing: 0.1508628986775875
  view-data: 0.13264305982738733
