times:
  edit-metadata: 2.02910678088665
  landing: 0.020990381948649883
  view-data: 0.1182720810174942
