times:
  edit-metadata: 2.3287012949585915
  landing: 0.02044902741909027
  view-data: 0.4056150037795305
