times:
  edit-metadata: 1.011109766550362
  landing: 0.07925478275865316
  view-data: 0.24871880654245615
