times:
  edit-metadata: 1.573314968496561
  landing: 0.7657168544828892
  view-data: 3.305828668177128
