times:
  edit-metadata: 1.0128598008304834
  landing: 0.08397163124755025
  view-data: 0.27639517514035106
