times:
  edit-metadata: 1.4968907348811626
  landing: 0.7829027473926544
  view-data: 3.37409863807261
