times:
  edit-metadata: 1.9546358892694116
  landing: 0.023529388941824436
  view-data: 0.1238286579027772
