times:
  edit-metadata: 2.0474830344319344
  landing: 0.21639340370893478
  view-data: 0.44924846198409796
