times:
  edit-metadata: 1.5548090301454067
  landing: 0.9018759839236736
  view-data: 3.426215924322605
