times:
  edit-metadata: 1.93463474791497
  landing: 0.09273066185414791
  view-data: 0.22209891281090677
