times:
  edit-metadata: 2.0439284639433026
  landing: 0.019934790208935738
  view-data: 0.025518540292978287
