times:
  edit-metadata: 2.0415504910051823
  landing: 0.08541107922792435
  view-data: 0.2408336140215397
