times:
  edit-metadata: 1.0446197874844074
  landing: 0.09047593269497156
  view-data: 0.24373681377619505
