times:
  edit-metadata: 1.5027773845940828
  landing: 0.7995333895087242
  view-data: 3.338422402739525
