times:
  edit-metadata: 1.523849967867136
  landing: 0.822788855060935
  view-data: 3.4138638135045767
