times:
  edit-metadata: 2.165391094982624
  landing: 0.023540256544947624
  view-data: 0.12507014349102974
