times:
  edit-metadata: 2.0310611948370934
  landing: 0.10643252730369568
  view-data: 0.23325584456324577
