times:
  edit-metadata: 1.4292914494872093
  landing: 0.9494216665625572
  view-data: 3.371807672083378
