times:
  edit-metadata: 1.888436472043395
  landing: 0.5678319279104471
  view-data: 0.2789700049906969
