times:
  edit-metadata: 2.267838917672634
  landing: 0.6718693654984236
  view-data: 0.2358145322650671
