times:
  edit-metadata: 1.44566810131073
  landing: 0.8971705175936222
  view-data: 3.3866715505719185
