times:
  landing: 1.0782072110000058
  view-data: 0.5600882260000049
