times:
  edit-metadata: 1.0808592840330675
  landing: 0.05325584392994642
  view-data: 0.35835511900950223
