times:
  edit-metadata: 2.0288248397409916
  landing: 0.07959017530083656
  view-data: 0.22289346158504486
