times:
  landing: 0.5808285800000021
  view-data: 0.5527134799999942
