times:
  edit-metadata: 1.9950451226904988
  landing: 0.17289120145142078
  view-data: 0.11499163694679737
