times:
  edit-metadata: 1.017098271753639
  landing: 0.08549489919096231
  view-data: 0.23053904017433524
