times:
  edit-metadata: 1.3287261985242367
  landing: 0.9428286030888557
  view-data: 3.3306953497231007
