times:
  edit-metadata: 1.982222881168127
  landing: 0.02129539754241705
  view-data: 0.025248393416404724
