times:
  landing: 0.5489192339999818
  view-data: 0.5554496050000068
