times:
  edit-metadata: 2.4450811240822077
  landing: 0.18649930879473686
  view-data: 0.4597805440425873
