times:
  edit-metadata: 1.8540996089577675
  landing: 0.8296825606375933
  view-data: 0.3831875380128622
