times:
  edit-metadata: 1.774133781902492
  landing: 0.07800819585099816
  view-data: 0.22238312987610698
