times:
  edit-metadata: 2.021322996355593
  landing: 0.019753292202949524
  view-data: 0.029492429457604885
