times:
  edit-metadata: 1.928541013970971
  landing: 0.09140381310135126
  view-data: 0.2417874219827354
