times:
  edit-metadata: 2.2229110654443502
  landing: 0.8142856322228909
  view-data: 0.5051899496465921
