times:
  edit-metadata: 2.0271561993286014
  landing: 0.021121020428836346
  view-data: 0.43843917455524206
