times:
  edit-metadata: 2.2160817570984364
  landing: 0.6633650176227093
  view-data: 0.29047431237995625
