times:
  edit-metadata: 2.0046480111777782
  landing: 0.019361241720616817
  view-data: 0.025068286806344986
