times:
  edit-metadata: 1.5107321310788393
  landing: 1.0410223356448114
  view-data: 3.2371383639983833
