times:
  edit-metadata: 1.7919647910166532
  landing: 0.08965252386406064
  view-data: 0.24616854591295123
