times:
  landing: 0.5718403789999797
  view-data: 0.552962406000006
