times:
  edit-metadata: 2.0598362870514393
  landing: 1.3694687988609076
  view-data: 3.4830448646098375
