times:
  edit-metadata: 1.0698099439032376
  landing: 0.049590883776545525
  view-data: 0.24099982902407646
