times:
  edit-metadata: 2.0527386432513595
  landing: 1.3142682379111648
  view-data: 3.402468134649098
