times:
  edit-metadata: 1.1898770349798724
  landing: 0.06128546700347215
  view-data: 0.32481703197117895
