times:
  edit-metadata: 1.3771824641153216
  landing: 0.8204383179545403
  view-data: 3.3493769159540534
