times:
  landing: 0.5505699020000066
  view-data: 0.5524167330000012
