times:
  edit-metadata: 1.061390835995553
  landing: 0.04105135699501261
  view-data: 0.3764819790085312
