times:
  edit-metadata: 1.4370832685381174
  landing: 0.889175346121192
  view-data: 3.423326291143894
