times:
  edit-metadata: 2.241858148947358
  landing: 0.9906808007508516
  view-data: 0.7158138304948807
