times:
  edit-metadata: 1.4896987844258547
  landing: 0.7823021840304136
  view-data: 3.3895061295479536
