times:
  edit-metadata: 1.5356671437621117
  landing: 0.7263109125196934
  view-data: 3.400227662175894
