times:
  edit-metadata: 2.012199913151562
  landing: 0.020350897684693336
  view-data: 0.12410906981676817
