times:
  landing: 0.5450620619999995
  view-data: 0.5485690090000048
