times:
  edit-metadata: 2.1710075102746487
  landing: 0.01907254010438919
  view-data: 0.5068003833293915
