times:
  edit-metadata: 2.071532756090164
  landing: 0.022815441712737083
  view-data: 0.43357653729617596
