times:
  edit-metadata: 1.08469309611246
  landing: 0.056011658161878586
  view-data: 0.2644746550358832
