times:
  edit-metadata: 2.373772904276848
  landing: 0.5922963079065084
  view-data: 0.2785914558917284
