times:
  edit-metadata: 1.5303413644433022
  landing: 0.8915737085044384
  view-data: 3.45057151094079
