times:
  edit-metadata: 2.991187520325184
  landing: 0.16501978039741516
  view-data: 0.14393520168960094
