times:
  landing: 0.5942673289999902
  view-data: 0.5587214469999822
