times:
  landing: 1.6096947029999455
  view-data: 0.5681654439999875
