times:
  edit-metadata: 1.994356645271182
  landing: 0.022902571596205235
  view-data: 0.4834455130621791
