times:
  edit-metadata: 1.4958964008837938
  landing: 0.8266200050711632
  view-data: 3.39620746858418
