times:
  edit-metadata: 2.0494473166763783
  landing: 0.019632861949503422
  view-data: 0.026643238961696625
