times:
  landing: 1.7844850327819586
  view-data: 0.6355638056993484
