times:
  edit-metadata: 0.9909776276908815
  landing: 0.08246045326814055
  view-data: 0.24665356101468205
