times:
  edit-metadata: 2.0067814150825143
  landing: 0.020588943734765053
  view-data: 0.02508222684264183
