times:
  edit-metadata: 2.015814581885934
  landing: 0.02024790830910206
  view-data: 0.025619096122682095
