times:
  edit-metadata: 1.6540152439847589
  landing: 0.07860965421423316
  view-data: 0.2540744128637016
