times:
  landing: 0.5488161910000144
  view-data: 0.5537504510000417
