times:
  edit-metadata: 2.107148014008999
  landing: 0.02119443751871586
  view-data: 0.3692123591899872
