times:
  landing: 0.553914270000007
  view-data: 0.556655424000013
