times:
  edit-metadata: 1.077601183904335
  landing: 0.05375830898992717
  view-data: 0.26228319900110364
