times:
  edit-metadata: 0.9667429928667843
  landing: 0.07785838330164552
  view-data: 0.22397014079615474
