times:
  edit-metadata: 1.3361605443060398
  landing: 0.8070729952305555
  view-data: 3.388436997309327
