times:
  edit-metadata: 1.1565780248492956
  landing: 0.045328325126320124
  view-data: 0.24718576297163963
