times:
  edit-metadata: 1.0689963340992108
  landing: 0.04930209706071764
  view-data: 0.3995617339387536
