times:
  edit-metadata: 2.585047487169504
  landing: 0.2276857290416956
  view-data: 0.19341511465609074
