times:
  edit-metadata: 2.0017630457878113
  landing: 1.0878927484154701
  view-data: 3.5429894290864468
