times:
  landing: 1.069833200000005
  view-data: 0.5664547110000058
