times:
  landing: 0.5559073580000131
  view-data: 0.5567215530000169
