times:
  edit-metadata: 1.0853094540070742
  landing: 0.05203149700537324
  view-data: 0.2639305139891803
