times:
  edit-metadata: 1.176650162000442
  landing: 0.04415147800318664
  view-data: 0.25351730800321093
