times:
  edit-metadata: 1.9730529552325606
  landing: 0.020377899520099163
  view-data: 0.12082439381629229
