times:
  edit-metadata: 2.571193231269717
  landing: 0.21276761032640934
  view-data: 0.20574604719877243
