times:
  edit-metadata: 1.0991485170088708
  landing: 0.050460599130019546
  view-data: 0.2904755719937384
