times:
  edit-metadata: 1.8577274680137634
  landing: 0.810392701998353
  view-data: 0.4721544776111841
