times:
  edit-metadata: 1.0713635140564293
  landing: 0.05380256101489067
  view-data: 0.23620391311123967
