times:
  edit-metadata: 2.0450971452519298
  landing: 0.019717980176210403
  view-data: 0.43897049501538277
