times:
  edit-metadata: 1.7682922966778278
  landing: 1.5363571904599667
  view-data: 0.4947963375598192
