times:
  edit-metadata: 1.3762703984975815
  landing: 0.9889960251748562
  view-data: 3.3916023783385754
