times:
  edit-metadata: 1.6898580361157656
  landing: 0.08494717115536332
  view-data: 0.23544486984610558
