times:
  edit-metadata: 1.3009090162813663
  landing: 0.8089154325425625
  view-data: 3.3054158315062523
