times:
  landing: 1.0980169299999716
  view-data: 0.55633575600001
