times:
  edit-metadata: 1.470541037619114
  landing: 0.933846015483141
  view-data: 3.3386589847505093
