times:
  edit-metadata: 2.1743271816521883
  landing: 0.7025403194129467
  view-data: 0.26085211522877216
