times:
  edit-metadata: 1.984020583331585
  landing: 0.02236993331462145
  view-data: 0.026930956169962883
