times:
  edit-metadata: 1.5458381325006485
  landing: 0.8522533122450113
  view-data: 3.4651823360472918
