times:
  edit-metadata: 2.145998926833272
  landing: 0.18399817682802677
  view-data: 0.5391332004219294
