times:
  landing: 0.5549639810000144
  view-data: 0.5635653080000225
