times:
  edit-metadata: 2.133738324046135
  landing: 0.0202040858566761
  view-data: 0.14373393543064594
