times:
  edit-metadata: 1.3866928406059742
  landing: 0.8292752839624882
  view-data: 3.306201536208391
