times:
  edit-metadata: 2.1486050840467215
  landing: 0.17564433254301548
  view-data: 0.48771199584007263
