times:
  edit-metadata: 1.2820527120493352
  landing: 0.07258879905566573
  view-data: 0.4857773589901626
