times:
  edit-metadata: 2.0927508026361465
  landing: 0.02042977511882782
  view-data: 0.3748406656086445
