times:
  edit-metadata: 1.1603953179946984
  landing: 0.051967204999527894
  view-data: 0.2733525019939407
