times:
  edit-metadata: 1.972403846681118
  landing: 0.11255862936377525
  view-data: 0.23565921187400818
