times:
  edit-metadata: 1.5143525656312704
  landing: 0.8795805145055056
  view-data: 3.4636840913444757
