times:
  edit-metadata: 1.655026244930923
  landing: 0.08358928398229182
  view-data: 0.22555955010466278
