times:
  edit-metadata: 1.0407098522409797
  landing: 0.09203426633030176
  view-data: 0.2488669017329812
