times:
  edit-metadata: 2.259538445621729
  landing: 0.14842689223587513
  view-data: 0.12056868523359299
