times:
  edit-metadata: 1.8311148299835622
  landing: 0.09261282405350357
  view-data: 0.23627885896712542
