times:
  edit-metadata: 1.714775313012069
  landing: 0.09229732598760165
  view-data: 0.22706083400407806
