times:
  landing: 0.5833075980000046
  view-data: 0.5632604900000047
