times:
  landing: 1.6281322979999686
  view-data: 0.5541161819999729
