times:
  edit-metadata: 1.5143972877413034
  landing: 0.8176171835511923
  view-data: 3.4038885459303856
