times:
  edit-metadata: 1.9264986542984843
  landing: 0.11545970384031534
  view-data: 0.5134478472173214
