times:
  edit-metadata: 1.7699878998100758
  landing: 1.6405628621578217
  view-data: 3.328306132927537
