times:
  edit-metadata: 0.9859468238428235
  landing: 0.07612672774121165
  view-data: 0.2362748570740223
