times:
  edit-metadata: 1.436064103152603
  landing: 0.9885094580240548
  view-data: 3.4133149520494044
