times:
  edit-metadata: 1.3481735666282475
  landing: 0.043406479991972446
  view-data: 0.5430885623209178
