times:
  edit-metadata: 1.6336692669428885
  landing: 0.08679207507520914
  view-data: 0.2299872632138431
