times:
  edit-metadata: 1.7437806109664962
  landing: 0.0794492670102045
  view-data: 0.21878233400639147
