times:
  edit-metadata: 1.0764235828537494
  landing: 0.05010376311838627
  view-data: 0.39436717005446553
