times:
  edit-metadata: 2.150628125295043
  landing: 0.019631272181868553
  view-data: 0.025161711499094963
