times:
  edit-metadata: 1.3269490958191454
  landing: 0.10120800929144025
  view-data: 0.3598798760212958
