times:
  edit-metadata: 1.6335714757442474
  landing: 1.1696549206972122
  view-data: 3.4363476894795895
