times:
  edit-metadata: 1.3229107931256294
  landing: 0.8323390576988459
  view-data: 3.2740806192159653
