times:
  edit-metadata: 0.9995818678289652
  landing: 0.08347229938954115
  view-data: 0.36902724858373404
