times:
  edit-metadata: 1.394800629466772
  landing: 0.9708849731832743
  view-data: 3.3476743502542377
