times:
  landing: 1.0726165469999955
  view-data: 0.5613380350000057
