times:
  edit-metadata: 1.9988853707909584
  landing: 0.08388128876686096
  view-data: 0.2317344918847084
