times:
  edit-metadata: 2.3896255884319544
  landing: 0.0957668349146843
  view-data: 0.24319127574563026
