times:
  edit-metadata: 2.2617236766964197
  landing: 0.5682772658765316
  view-data: 0.2799101360142231
