times:
  edit-metadata: 2.0187351554632187
  landing: 0.0758456289768219
  view-data: 0.24309813603758812
