times:
  edit-metadata: 1.986304398626089
  landing: 0.020411771722137928
  view-data: 0.11987500078976154
