times:
  edit-metadata: 2.1249731928110123
  landing: 0.1967794019728899
  view-data: 0.39814603701233864
