times:
  edit-metadata: 2.016204657033086
  landing: 0.02402434404939413
  view-data: 0.45713487453758717
