times:
  edit-metadata: 2.010907579213381
  landing: 0.07729645073413849
  view-data: 0.23524082079529762
