times:
  edit-metadata: 0.96949314000085
  landing: 0.08986404398456216
  view-data: 0.25369969801977277
