times:
  landing: 1.5744669630000203
  view-data: 0.5470468100000403
