times:
  edit-metadata: 1.646764039003756
  landing: 0.08842973300488666
  view-data: 0.22881405800580978
