times:
  edit-metadata: 2.4642558097839355
  landing: 0.15613061003386974
  view-data: 0.15352559462189674
