times:
  edit-metadata: 1.867982184048742
  landing: 0.0896406969986856
  view-data: 0.2280969109851867
