times:
  edit-metadata: 1.3987627364695072
  landing: 0.9466575384140015
  view-data: 3.354631781578064
