times:
  edit-metadata: 3.228043196024373
  landing: 0.14497553394176066
  view-data: 0.2753617230337113
