times:
  edit-metadata: 1.6671284437179565
  landing: 0.7389014456421137
  view-data: 0.3608660437166691
