times:
  edit-metadata: 2.262308018282056
  landing: 0.23707688972353935
  view-data: 0.10848208516836166
