times:
  edit-metadata: 1.1685301019460894
  landing: 0.05170829698909074
  view-data: 0.2679477370111272
