times:
  edit-metadata: 1.5110701657831669
  landing: 1.0711660720407963
  view-data: 3.3329146057367325
