times:
  edit-metadata: 1.0646661699865945
  landing: 0.05059370002709329
  view-data: 0.35916849999921396
