times:
  landing: 0.5670483860000104
  view-data: 0.5519437840000592
