times:
  landing: 0.5878105859999891
  view-data: 0.5612371039999857
