times:
  edit-metadata: 2.379162222146988
  landing: 0.18177871778607368
  view-data: 0.022998591884970665
