times:
  edit-metadata: 0.9697536677122116
  landing: 0.07966583501547575
  view-data: 0.22785330191254616
