times:
  landing: 0.5640170729999454
  view-data: 0.5495215089999874
