times:
  edit-metadata: 1.4087769016623497
  landing: 0.8135580290108919
  view-data: 3.348754290957004
