times:
  edit-metadata: 1.6478141713887453
  landing: 0.9793933108448982
  view-data: 3.298526791855693
