times:
  edit-metadata: 2.044609284028411
  landing: 1.01359799108468
  view-data: 3.3808963391929865
