times:
  edit-metadata: 1.5711429789662361
  landing: 0.9911783039569855
  view-data: 3.447128240019083
