times:
  edit-metadata: 0.979252235032618
  landing: 0.10021170834079385
  view-data: 0.23595412401482463
