times:
  landing: 0.5581061729999988
  view-data: 0.059018857000012304
