times:
  edit-metadata: 1.9890396064147353
  landing: 0.02159740310162306
  view-data: 0.027374252676963806
