times:
  edit-metadata: 1.3811506535857916
  landing: 0.7826491249725223
  view-data: 3.3935322798788548
