times:
  edit-metadata: 1.8959658220410347
  landing: 0.5668994039297104
  view-data: 0.3763949442654848
