times:
  edit-metadata: 2.007347327657044
  landing: 0.2761253295466304
  view-data: 0.0233719265088439
