times:
  edit-metadata: 1.7365495569538325
  landing: 0.08290694793686271
  view-data: 0.24140671594068408
