times:
  edit-metadata: 2.2707162871956825
  landing: 1.6534081790596247
  view-data: 0.6392342615872622
