times:
  edit-metadata: 1.4863642752170563
  landing: 0.79129808396101
  view-data: 3.3426736555993557
