times:
  edit-metadata: 2.0344590730965137
  landing: 0.021335843950510025
  view-data: 0.025197269394993782
