times:
  edit-metadata: 2.229411907494068
  landing: 0.6601960174739361
  view-data: 0.6559454556554556
