times:
  landing: 1.061791176000014
  view-data: 0.54887908500001
