times:
  edit-metadata: 1.1497345133684576
  landing: 0.05093170376494527
  view-data: 0.24743660213425756
