times:
  edit-metadata: 1.526889655739069
  landing: 0.8752175215631723
  view-data: 3.4201561100780964
