times:
  edit-metadata: 1.5921731777489185
  landing: 1.2286806888878345
  view-data: 3.447261407971382
