times:
  edit-metadata: 2.435984093695879
  landing: 0.22392374090850353
  view-data: 0.4175519086420536
