times:
  edit-metadata: 1.9603301836177707
  landing: 0.22403621766716242
  view-data: 0.027022046968340874
