times:
  edit-metadata: 2.194675762206316
  landing: 0.14550266228616238
  view-data: 0.027186432853341103
