times:
  edit-metadata: 0.969204128254205
  landing: 0.09366581682115793
  view-data: 0.23986517591401935
