times:
  edit-metadata: 1.3972016274929047
  landing: 1.0273146443068981
  view-data: 3.353426907211542
