times:
  landing: 0.559551201000005
  view-data: 0.5647887639999851
