times:
  edit-metadata: 1.0567405223846436
  landing: 0.08871100284159184
  view-data: 0.2663011569529772
