times:
  edit-metadata: 1.5262250117957592
  landing: 0.8457322157919407
  view-data: 3.3833387345075607
