times:
  edit-metadata: 1.5151722803711891
  landing: 0.8798923157155514
  view-data: 3.298705566674471
