times:
  edit-metadata: 2.418535748962313
  landing: 1.1703474088571966
  view-data: 3.4064747910015285
