times:
  landing: 0.5584463810000102
  view-data: 0.5706908420000047
