times:
  edit-metadata: 2.2360104471445084
  landing: 1.5154260378330946
  view-data: 0.4514202754944563
