times:
  edit-metadata: 2.058145074173808
  landing: 0.02118480298668146
  view-data: 0.025122376158833504
