times:
  edit-metadata: 1.4744599983096123
  landing: 0.9135243855416775
  view-data: 3.370233867317438
