times:
  edit-metadata: 1.546406490728259
  landing: 0.7760801650583744
  view-data: 3.422578051686287
