times:
  edit-metadata: 1.6125806048512459
  landing: 1.15432707965374
  view-data: 3.390581715852022
