times:
  edit-metadata: 1.6719220590020996
  landing: 0.07967687600466888
  view-data: 0.2219642949930858
