times:
  edit-metadata: 1.3658594801090658
  landing: 0.9148709368892014
  view-data: 3.419568505138159
