times:
  edit-metadata: 1.3238701866939664
  landing: 0.7878071111626923
  view-data: 3.3097392530180514
