times:
  edit-metadata: 1.3045988259837031
  landing: 1.1441572699695826
  view-data: 3.278984075412154
