times:
  edit-metadata: 1.7946803830564022
  landing: 1.2156439609825611
  view-data: 3.35960753262043
