times:
  edit-metadata: 1.6369659499032423
  landing: 0.0898511209525168
  view-data: 0.21986609406303614
