times:
  landing: 0.5725919100000283
  view-data: 0.5548146590000442
