times:
  edit-metadata: 1.7330235559493303
  landing: 0.8801203250186518
  view-data: 3.3233000609325245
