times:
  edit-metadata: 1.49144975701347
  landing: 0.7751809461042285
  view-data: 3.3365238662809134
