times:
  edit-metadata: 1.9035865010228008
  landing: 0.09483171114698052
  view-data: 0.220411118818447
