times:
  edit-metadata: 1.9723340701311827
  landing: 0.020012949593365192
  view-data: 0.10066871531307697
