times:
  edit-metadata: 2.6219138521701097
  landing: 0.2536645196378231
  view-data: 0.4886724427342415
