times:
  edit-metadata: 1.012513941153884
  landing: 0.08088118676096201
  view-data: 0.24734356114640832
