times:
  edit-metadata: 1.4479657094925642
  landing: 0.84911223128438
  view-data: 3.3833830393850803
