times:
  edit-metadata: 2.0249073011800647
  landing: 0.22810747381299734
  view-data: 0.02369484957307577
