times:
  landing: 0.5583285559999922
  view-data: 0.5626004550000232
