times:
  edit-metadata: 2.124740766361356
  landing: 0.14230243302881718
  view-data: 0.02852586656808853
