times:
  landing: 0.6214291739999851
  view-data: 0.06621357599999556
