times:
  edit-metadata: 2.3625648859888315
  landing: 0.0203818678855896
  view-data: 0.17515979520976543
