times:
  edit-metadata: 1.9985632486641407
  landing: 0.0816238708794117
  view-data: 0.24028628692030907
