times:
  edit-metadata: 0.9889186606742442
  landing: 0.08757835207507014
  view-data: 0.25373592926189303
