times:
  edit-metadata: 2.2572162048891187
  landing: 0.04272076580673456
  view-data: 0.02322383038699627
