times:
  landing: 2.640046649999988
  view-data: 0.5721029670000348
