times:
  edit-metadata: 2.555118242278695
  landing: 0.11726714856922626
  view-data: 0.4159398600459099
