times:
  edit-metadata: 1.8878969199722633
  landing: 0.09503925597527996
  view-data: 0.24305674596689641
