times:
  edit-metadata: 1.395742904394865
  landing: 0.9930912740528584
  view-data: 3.3250255659222603
