times:
  edit-metadata: 1.6473673838190734
  landing: 0.08814429165795445
  view-data: 0.23158799996599555
