times:
  edit-metadata: 2.241976048797369
  landing: 0.8032813835889101
  view-data: 0.550224557518959
