times:
  edit-metadata: 2.8594468515366316
  landing: 1.3881038706749678
  view-data: 3.4401375856250525
