times:
  edit-metadata: 2.5212339032441378
  landing: 0.021008186042308807
  view-data: 0.13407092541456223
