times:
  edit-metadata: 2.2657437194138765
  landing: 1.2159576825797558
  view-data: 0.4732019007205963
