times:
  edit-metadata: 1.4330155469942838
  landing: 0.7572591439820826
  view-data: 3.2453726570820436
