times:
  edit-metadata: 1.4725305289030075
  landing: 0.8380931140854955
  view-data: 3.3898303005844355
