times:
  landing: 0.5593836170000088
  view-data: 0.5594293159999779
