times:
  edit-metadata: 2.0045156059786677
  landing: 0.02455837093293667
  view-data: 0.1214680876582861
