times:
  edit-metadata: 1.9697599299252033
  landing: 0.10645443201065063
  view-data: 0.2449108138680458
