times:
  landing: 0.5800605249999649
  view-data: 0.5565230349999979
