times:
  landing: 0.562393792999984
  view-data: 0.5647092129999862
