times:
  edit-metadata: 1.5076191797852516
  landing: 0.8040722273290157
  view-data: 3.3697405122220516
