times:
  edit-metadata: 1.9663994489237666
  landing: 0.02285744436085224
  view-data: 0.11913305800408125
