times:
  edit-metadata: 1.959896725602448
  landing: 0.022130495868623257
  view-data: 0.10103234089910984
