times:
  edit-metadata: 0.9663122287020087
  landing: 0.08085187897086143
  view-data: 0.2498591491021216
