times:
  edit-metadata: 2.417267084121704
  landing: 0.17323273047804832
  view-data: 0.4584434712305665
