times:
  edit-metadata: 1.0766555999871343
  landing: 0.05218273983336985
  view-data: 0.29691658704541624
