times:
  landing: 1.093714043999995
  view-data: 0.5486746470000128
