times:
  edit-metadata: 0.9707220173440874
  landing: 0.09504434419795871
  view-data: 0.2581625711172819
