times:
  landing: 0.585984572000001
  view-data: 0.5527418530000148
