times:
  edit-metadata: 1.5851496458053589
  landing: 1.1981657147407532
  view-data: 3.344375964254141
