times:
  edit-metadata: 1.3829138859873638
  landing: 0.04919548600446433
  view-data: 0.26796258601825684
