times:
  edit-metadata: 1.6588370581157506
  landing: 0.08597736712545156
  view-data: 0.21040844498202205
