times:
  edit-metadata: 1.0101959956809878
  landing: 0.09285079827532172
  view-data: 0.251226041931659
