times:
  edit-metadata: 1.99973738566041
  landing: 0.20467593148350716
  view-data: 0.09751061256974936
