times:
  edit-metadata: 1.3283784058876336
  landing: 0.7292754100635648
  view-data: 3.3618204770609736
