times:
  edit-metadata: 1.1948306130070705
  landing: 0.06409889901988208
  view-data: 0.4228890579834115
