times:
  edit-metadata: 1.852377474308014
  landing: 1.425749871879816
  view-data: 3.3814254850149155
