times:
  edit-metadata: 2.217844869941473
  landing: 1.9593747612088919
  view-data: 0.5041377246379852
