times:
  edit-metadata: 2.0933494307100773
  landing: 0.12939812615513802
  view-data: 0.10906464606523514
