times:
  edit-metadata: 1.6672532060183585
  landing: 0.0879558699671179
  view-data: 0.22803744301199913
