times:
  edit-metadata: 2.0146375205367804
  landing: 0.11093917954713106
  view-data: 0.11890598479658365
