times:
  edit-metadata: 2.280878210440278
  landing: 0.7165782153606415
  view-data: 0.2752937637269497
