times:
  edit-metadata: 2.2528513595461845
  landing: 0.08913984894752502
  view-data: 0.25755199417471886
