times:
  edit-metadata: 1.5605750009417534
  landing: 0.9532662965357304
  view-data: 3.305336106568575
