times:
  edit-metadata: 1.7277238660026342
  landing: 0.07641455507837236
  view-data: 0.2770485880319029
