times:
  edit-metadata: 1.3456630054861307
  landing: 0.7059928271919489
  view-data: 3.2637044228613377
