times:
  edit-metadata: 1.7474301792681217
  landing: 1.5130033865571022
  view-data: 3.397732697427273
