times:
  edit-metadata: 1.5213860850781202
  landing: 0.9547660797834396
  view-data: 3.327214580029249
