times:
  edit-metadata: 1.3661304824054241
  landing: 0.9423855878412724
  view-data: 3.347095664590597
