times:
  edit-metadata: 1.9757239986211061
  landing: 0.020335334353148937
  view-data: 0.022180291824042797
