times:
  edit-metadata: 2.0147886257618666
  landing: 0.018453567288815975
  view-data: 0.026890553534030914
