times:
  edit-metadata: 1.6946837063878775
  landing: 0.41960218362510204
  view-data: 0.3521856851875782
