times:
  edit-metadata: 1.1977716460824013
  landing: 0.09621013887226582
  view-data: 0.26851573260501027
