times:
  edit-metadata: 2.5505660213530064
  landing: 0.1438353918492794
  view-data: 0.20110463351011276
