times:
  landing: 0.5904896648135036
  view-data: 0.553882627049461
