times:
  landing: 1.0817949620000036
  view-data: 0.556523215000027
