times:
  edit-metadata: 1.463842099532485
  landing: 0.9153023362159729
  view-data: 3.433658393099904
