times:
  edit-metadata: 2.3223227001726627
  landing: 0.1849577035754919
  view-data: 0.43115790374577045
