times:
  landing: 0.5585020349999752
  view-data: 0.558799055999998
