times:
  edit-metadata: 2.231392713263631
  landing: 0.6487699039280415
  view-data: 0.6398078203201294
