times:
  edit-metadata: 1.502996772993356
  landing: 0.9017558060586452
  view-data: 3.3871758836321533
