times:
  edit-metadata: 1.4772930964827538
  landing: 0.7444933205842972
  view-data: 3.301212355494499
