times:
  landing: 0.5518060020000064
  view-data: 0.5506068929999799
