times:
  edit-metadata: 1.98987683840096
  landing: 0.02047071885317564
  view-data: 0.028356519527733326
