times:
  edit-metadata: 1.0841882540003098
  landing: 0.04999576699992758
  view-data: 0.2582722290003403
