times:
  edit-metadata: 2.312493447214365
  landing: 1.1700825672596693
  view-data: 0.6709745675325394
