times:
  edit-metadata: 1.9716683384031057
  landing: 0.022602075710892677
  view-data: 0.026446695439517498
