times:
  edit-metadata: 2.046033245511353
  landing: 0.018149609677493572
  view-data: 0.4856337998062372
