times:
  edit-metadata: 2.019083436578512
  landing: 0.11976838298141956
  view-data: 0.023674510419368744
