times:
  landing: 1.1038870130000191
  view-data: 0.550747140999988
