times:
  edit-metadata: 1.6307662629988045
  landing: 0.08614957600366324
  view-data: 0.21913347695954144
