times:
  edit-metadata: 2.2490245942026377
  landing: 0.11968855187296867
  view-data: 0.13981381244957447
