times:
  edit-metadata: 1.1492289120214991
  landing: 0.05077046697260812
  view-data: 0.24652995803626254
