times:
  edit-metadata: 1.035740615800023
  landing: 0.08560324087738991
  view-data: 0.2598252627067268
