times:
  edit-metadata: 2.0503262719139457
  landing: 0.13236197363585234
  view-data: 0.024908198043704033
