times:
  edit-metadata: 1.5247634053230286
  landing: 0.8372868560254574
  view-data: 3.415005726739764
