times:
  edit-metadata: 1.4720933437347412
  landing: 0.853180855512619
  view-data: 3.369050197303295
