times:
  edit-metadata: 2.092908320017159
  landing: 0.019929273054003716
  view-data: 0.029147283174097538
