times:
  edit-metadata: 1.5063759740442038
  landing: 0.8373464923352003
  view-data: 3.35295526124537
