times:
  edit-metadata: 1.0349717931821942
  landing: 0.07779667573049664
  view-data: 0.2475707377307117
