times:
  landing: 0.5583645830000137
  view-data: 0.5617902749999928
