times:
  landing: 0.5589139620000196
  view-data: 0.5570331399999873
