times:
  edit-metadata: 1.073695402010344
  landing: 0.04946894198656082
  view-data: 0.2619612589478493
