times:
  landing: 0.5986544910000191
  view-data: 0.5506480909999993
