times:
  landing: 1.1068877829993653
  view-data: 0.5564039529999718
