times:
  edit-metadata: 2.5663240756839514
  landing: 0.30782811902463436
  view-data: 0.6262908279895782
