times:
  landing: 0.5599812210000152
  view-data: 0.5554221870000049
