times:
  edit-metadata: 1.4513582196086645
  landing: 0.7656775452196598
  view-data: 3.272715713828802
