times:
  edit-metadata: 2.43589423969388
  landing: 0.2262512929737568
  view-data: 0.0264266449958086
