times:
  edit-metadata: 1.0701915768440813
  landing: 0.049209266901016235
  view-data: 0.38723613787442446
