times:
  edit-metadata: 1.7521166370715946
  landing: 0.09242689097300172
  view-data: 0.215494578005746
