times:
  landing: 1.1076829810000106
  view-data: 0.5847020020000002
