times:
  landing: 1.1035731709999936
  view-data: 0.5553003069999249
