times:
  edit-metadata: 1.6379539869958535
  landing: 0.08745345298666507
  view-data: 0.2203764730365947
