times:
  edit-metadata: 2.196957675740123
  landing: 0.6407524906098843
  view-data: 0.2841646447777748
