times:
  edit-metadata: 1.4151454367674887
  landing: 0.8769105412065983
  view-data: 3.4176565553061664
