times:
  landing: 0.5800811869999052
  view-data: 0.555888596999921
