times:
  landing: 1.0831988159999923
  view-data: 0.5633384889999888
