times:
  edit-metadata: 2.0150392837822437
  landing: 0.20783323608338833
  view-data: 0.024169543758034706
