times:
  landing: 1.603925170000025
  view-data: 0.570540756000014
