times:
  landing: 0.5537013009999896
  view-data: 0.5654790600000013
