times:
  edit-metadata: 1.8204691940336488
  landing: 0.07815054099773988
  view-data: 0.21740331902401522
