times:
  edit-metadata: 1.6407912452705204
  landing: 0.09159121522679925
  view-data: 0.25498150615021586
