times:
  edit-metadata: 0.9746389519423246
  landing: 0.0751590789295733
  view-data: 0.24740169616416097
