times:
  landing: 0.5582651889999966
  view-data: 0.5543811969999979
