times:
  edit-metadata: 0.9980951948091388
  landing: 0.0887626763433218
  view-data: 0.3088714121840894
