times:
  edit-metadata: 2.202867327257991
  landing: 0.021411176770925522
  view-data: 0.026751525700092316
