times:
  edit-metadata: 1.0326866991817951
  landing: 0.09236893523484468
  view-data: 0.23344667721539736
