times:
  edit-metadata: 2.024621043354273
  landing: 0.07967347279191017
  view-data: 0.2341872788965702
