times:
  edit-metadata: 1.4102871231734753
  landing: 0.13051714980974793
  view-data: 13.132858147844672
