times:
  edit-metadata: 1.7764625363051891
  landing: 1.092232096940279
  view-data: 3.3773780576884747
