times:
  edit-metadata: 0.5195909570902586
  landing: 0.04636406386271119
  view-data: 0.21347964205779135
