times:
  edit-metadata: 1.4183130748569965
  landing: 0.7537367045879364
  view-data: 3.320045977830887
