times:
  edit-metadata: 3.8480572514235973
  landing: 1.7106111701577902
  view-data: 3.767099192366004
