times:
  edit-metadata: 1.9789691790938377
  landing: 1.216935969889164
  view-data: 3.4533449932932854
