times:
  edit-metadata: 0.4927164879627526
  landing: 0.06164128798991442
  view-data: 0.21225097589194775
