times:
  edit-metadata: 1.5767985321581364
  landing: 0.8027934897691011
  view-data: 3.432832008227706
