times:
  edit-metadata: 1.9655088633298874
  landing: 1.0898128002882004
  view-data: 3.451306253671646
