times:
  edit-metadata: 0.5561349811032414
  landing: 0.0801315731368959
  view-data: 0.2139892978593707
