times:
  edit-metadata: 1.5555477580055594
  landing: 0.8784201531670988
  view-data: 3.37400310812518
