times:
  edit-metadata: 1.4561788961291313
  landing: 0.6996818818151951
  view-data: 3.2980192713439465
