times:
  edit-metadata: 1.460225448012352
  landing: 0.6778819113969803
  view-data: 3.345668788999319
