times:
  edit-metadata: 1.5025190766900778
  landing: 0.7076709046959877
  view-data: 3.3874271996319294
