times:
  edit-metadata: 1.4583124816417694
  landing: 0.8175621517002583
  view-data: 3.323477916419506
