times:
  edit-metadata: 0.49506882298737764
  landing: 0.07555911620147526
  view-data: 0.22366520599462092
