times:
  edit-metadata: 0.5853207269974519
  landing: 0.07230037500266917
  view-data: 0.22393070100224577
