times:
  edit-metadata: 0.5163119041826576
  landing: 0.0498824710957706
  view-data: 10.729381205048412
