times:
  edit-metadata: 1.4351218082010746
  landing: 0.79423438757658
  view-data: 3.299787398427725
