times:
  edit-metadata: 1.592864003032446
  landing: 0.8798666521906853
  view-data: 3.3592134173959494
