times:
  edit-metadata: 1.5066475430503488
  landing: 0.8758979714475572
  view-data: 3.333957092836499
