times:
  edit-metadata: 2.9776265770196915
  landing: 1.5333184227347374
  view-data: 3.6369098387658596
