times:
  edit-metadata: 1.5927367396652699
  landing: 0.9924462288618088
  view-data: 3.4084118120372295
