times:
  edit-metadata: 1.5936270467936993
  landing: 0.7652304898947477
  view-data: 3.355000503361225
