times:
  edit-metadata: 1.580603439360857
  landing: 1.1007071770727634
  view-data: 3.3532937318086624
