times:
  edit-metadata: 1.3538276460021734
  landing: 0.7154082302004099
  view-data: 3.3320639450103045
