times:
  edit-metadata: 0.6107240170240402
  landing: 0.06183289783075452
  view-data: 0.40261893393471837
