times:
  edit-metadata: 1.3345786589197814
  landing: 0.6752580830361694
  view-data: 3.2959265469107777
