times:
  edit-metadata: 1.5227906666696072
  landing: 1.1247620582580566
  view-data: 3.39603753015399
