times:
  edit-metadata: 1.3881088569760323
  landing: 0.8213134668767452
  view-data: 3.307221669703722
