times:
  edit-metadata: 1.4710769169032574
  landing: 0.8338019363582134
  view-data: 3.253395736217499
