times:
  edit-metadata: 0.6022108569741249
  landing: 0.0725175550323911
  view-data: 0.2344809669884853
