times:
  edit-metadata: 0.5179437678307295
  landing: 0.060684675350785255
  view-data: 0.22621394274756312
