times:
  edit-metadata: 1.4095714930444956
  landing: 0.6918943114578724
  view-data: 3.3089743312448263
