times:
  edit-metadata: 1.6149605587124825
  landing: 3.2838850654661655
  view-data: 3.3204397298395634
