times:
  edit-metadata: 0.5201395590556785
  landing: 0.045575533993542194
  view-data: 0.22020381304901093
