times:
  edit-metadata: 1.2809323631227016
  landing: 0.7244232213124633
  view-data: 3.3167612426914275
