times:
  edit-metadata: 2.4031221233308315
  landing: 1.4645297788083553
  view-data: 3.568479275330901
