times:
  edit-metadata: 1.5510213691741228
  landing: 0.7478684317320585
  view-data: 3.8285969272255898
