times:
  edit-metadata: 1.3454023879021406
  landing: 0.7236649785190821
  view-data: 3.271744156256318
