times:
  edit-metadata: 1.5338479708880186
  landing: 0.7935216631740332
  view-data: 3.2977442741394043
