times:
  edit-metadata: 2.060658846050501
  landing: 1.2810150422155857
  view-data: 3.3829794228076935
