times:
  edit-metadata: 1.5382732283324003
  landing: 0.8522027423605323
  view-data: 3.390923051163554
