times:
  edit-metadata: 1.5116000063717365
  landing: 0.708555780351162
  view-data: 3.348284263163805
