times:
  edit-metadata: 2.9873546920716763
  landing: 1.659658432006836
  view-data: 3.883688736706972
