times:
  edit-metadata: 1.3335148263722658
  landing: 0.7900540288537741
  view-data: 3.332285201177001
