times:
  edit-metadata: 1.4041142128407955
  landing: 0.8481031246483326
  view-data: 3.2969126030802727
