times:
  edit-metadata: 1.2703599748201668
  landing: 0.7318173279054463
  view-data: 3.2673734868876636
