times:
  edit-metadata: 1.370920549146831
  landing: 0.7497204663231969
  view-data: 3.351294731721282
