times:
  edit-metadata: 3.376117741689086
  landing: 0.7853655945509672
  view-data: 3.8321574004366994
