times:
  edit-metadata: 0.5154692709911615
  landing: 0.07240435993298888
  view-data: 0.34238431695848703
