times:
  edit-metadata: 1.624669233802706
  landing: 1.0166909592226148
  view-data: 3.4027226120233536
