times:
  edit-metadata: 1.40636330191046
  landing: 0.7974786954000592
  view-data: 3.373692006804049
