times:
  edit-metadata: 0.5127020810032263
  landing: 0.07676405808888376
  view-data: 0.20877646293956786
