times:
  edit-metadata: 2.699598792940378
  landing: 1.3543753325939178
  view-data: 3.572799064218998
