times:
  edit-metadata: 0.502765372977592
  landing: 0.062427802942693233
  view-data: 0.21627287310548127
