times:
  edit-metadata: 0.5251481761224568
  landing: 0.045033088186755776
  view-data: 0.21716070012189448
