times:
  edit-metadata: 2.1195801682770252
  landing: 1.034096747636795
  view-data: 3.3412356302142143
