times:
  edit-metadata: 1.351345006376505
  landing: 0.6702722907066345
  view-data: 3.3179822340607643
