times:
  edit-metadata: 0.5634839670383371
  landing: 0.13845120300538838
  view-data: 0.21533279702998698
