times:
  edit-metadata: 1.8729894384741783
  landing: 1.2613133564591408
  view-data: 3.3292300291359425
