times:
  edit-metadata: 0.6327161041554064
  landing: 0.210775937885046
  view-data: 0.2420980571769178
