times:
  edit-metadata: 1.4393954873085022
  landing: 0.8909053206443787
  view-data: 3.34425013884902
