times:
  edit-metadata: 1.3871473483741283
  landing: 0.9515716657042503
  view-data: 3.3226437009871006
