times:
  edit-metadata: 1.427599766291678
  landing: 0.6402305224910378
  view-data: 3.311488992534578
