times:
  edit-metadata: 0.5895244019920938
  landing: 0.056213522038888186
  view-data: 0.21970567299285904
