times:
  edit-metadata: 2.1810169890522957
  landing: 1.2905364986509085
  view-data: 3.371901411563158
