times:
  edit-metadata: 0.5741374160006671
  landing: 0.06258020000041142
  view-data: 0.21203467500072293
