times:
  edit-metadata: 1.3685844829306006
  landing: 0.733115253970027
  view-data: 3.336561793461442
