times:
  edit-metadata: 1.3348175510764122
  landing: 0.6546860057860613
  view-data: 3.332616124302149
