times:
  edit-metadata: 1.4867857042700052
  landing: 0.6816945187747478
  view-data: 3.3389740865677595
