times:
  edit-metadata: 0.5852602579980157
  landing: 0.07587157998932526
  view-data: 0.2299751229584217
