times:
  edit-metadata: 1.8962224759161472
  landing: 1.2091792561113834
  view-data: 3.571444544941187
