times:
  edit-metadata: 1.3647906016558409
  landing: 0.7204214967787266
  view-data: 3.3178077125921845
