times:
  edit-metadata: 0.4969777959631756
  landing: 0.056361811934039
  view-data: 0.20553473301697522
