times:
  edit-metadata: 2.203931612893939
  landing: 0.167014729231596
  view-data: 0.33898811787366867
