times:
  edit-metadata: 2.177601946517825
  landing: 1.0377361737191677
  view-data: 3.523360086604953
