times:
  edit-metadata: 2.640562105923891
  landing: 0.865026455372572
  view-data: 3.853972528129816
