times:
  edit-metadata: 4.619199961423874
  landing: 0.6946500726044178
  view-data: 3.3615718856453896
