times:
  edit-metadata: 2.4090293110348284
  landing: 1.0931938327848911
  view-data: 3.502196983899921
