times:
  edit-metadata: 1.3316912623122334
  landing: 0.7470563845708966
  view-data: 3.332329049706459
