times:
  edit-metadata: 1.3909471202641726
  landing: 0.7231032196432352
  view-data: 3.2911063209176064
