times:
  edit-metadata: 1.4169217012822628
  landing: 0.9413692504167557
  view-data: 3.3235034719109535
