times:
  edit-metadata: 1.3739049173891544
  landing: 0.7056010402739048
  view-data: 3.3331448789685965
