times:
  edit-metadata: 1.420115016400814
  landing: 1.1162318587303162
  view-data: 3.357363823801279
