times:
  edit-metadata: 1.4189459113404155
  landing: 0.8192206509411335
  view-data: 3.3200523387640715
