times:
  edit-metadata: 1.4907709285616875
  landing: 0.6792409364134073
  view-data: 3.343793584033847
