times:
  edit-metadata: 1.8266315255314112
  landing: 1.1923945797607303
  view-data: 3.3823560690507293
