times:
  edit-metadata: 1.6541209947317839
  landing: 0.8551063947379589
  view-data: 3.308450249955058
