times:
  edit-metadata: 2.3429762381128967
  landing: 1.6153189521282911
  view-data: 3.426286246161908
