times:
  edit-metadata: 0.5907119400799274
  landing: 0.06009723385795951
  view-data: 0.22102639777585864
