times:
  edit-metadata: 1.4082737965509295
  landing: 0.7882857788354158
  view-data: 3.338085842318833
