times:
  edit-metadata: 1.3452923116274178
  landing: 0.7828485323116183
  view-data: 3.2727474430575967
