times:
  edit-metadata: 1.375812254846096
  landing: 0.7529443744570017
  view-data: 3.4170521330088377
