times:
  edit-metadata: 0.507245308952406
  landing: 0.05215414916165173
  view-data: 0.233322560088709
