times:
  edit-metadata: 1.2328567309305072
  landing: 0.798676636070013
  view-data: 3.405324392952025
