times:
  edit-metadata: 3.5512409433722496
  landing: 1.2460112124681473
  view-data: 3.7499215081334114
