times:
  edit-metadata: 1.6286910697817802
  landing: 0.9862056039273739
  view-data: 3.469621889293194
