times:
  edit-metadata: 1.609914593398571
  landing: 0.7292635478079319
  view-data: 3.384658444672823
