times:
  edit-metadata: 1.3198333643376827
  landing: 0.7268628180027008
  view-data: 3.3023478854447603
