times:
  edit-metadata: 2.2100389637053013
  landing: 1.5334915202111006
  view-data: 3.5542408153414726
