times:
  edit-metadata: 0.516927852993831
  landing: 0.07325254613533616
  view-data: 0.2099852489773184
