times:
  edit-metadata: 1.5714682871475816
  landing: 0.8793498617596924
  view-data: 3.373021217994392
