times:
  edit-metadata: 1.326976555865258
  landing: 0.6670693620108068
  view-data: 3.247712736018002
