times:
  edit-metadata: 1.490846823900938
  landing: 0.6517502199858427
  view-data: 3.3894233386963606
