times:
  edit-metadata: 1.352872122079134
  landing: 0.8327039163559675
  view-data: 3.36877659894526
