times:
  edit-metadata: 1.6348749287426472
  landing: 1.2486124746501446
  view-data: 3.536498539149761
