times:
  edit-metadata: 1.3832371346652508
  landing: 0.6539902910590172
  view-data: 3.316420551389456
