times:
  edit-metadata: 3.5212029442191124
  landing: 2.0952688716351986
  view-data: 3.4690363742411137
