times:
  edit-metadata: 0.48927581892348826
  landing: 0.05876036803238094
  view-data: 0.21352536813355982
