times:
  edit-metadata: 1.4935935959219933
  landing: 1.649000633507967
  view-data: 3.39222564548254
