times:
  edit-metadata: 0.7336194007657468
  landing: 0.06187857873737812
  view-data: 0.27801172714680433
