times:
  edit-metadata: 2.046322762966156
  landing: 1.2708842530846596
  view-data: 3.369124799966812
