times:
  edit-metadata: 2.4492827001959085
  landing: 1.4221014752984047
  view-data: 3.7340520452708006
