times:
  edit-metadata: 1.5929885935038328
  landing: 1.1595033798366785
  view-data: 3.5454799700528383
