times:
  edit-metadata: 0.848387666977942
  landing: 0.18752333894371986
  view-data: 0.27884265733882785
