times:
  edit-metadata: 1.6821980997920036
  landing: 1.2246076241135597
  view-data: 3.573580875992775
