times:
  edit-metadata: 1.4120324719697237
  landing: 0.813513200962916
  view-data: 3.4513800400309265
