times:
  edit-metadata: 1.5221138000488281
  landing: 0.7941114064306021
  view-data: 3.3407195042818785
