times:
  edit-metadata: 1.5689463391900063
  landing: 0.8687091544270515
  view-data: 3.343477889895439
