times:
  edit-metadata: 1.8325023651123047
  landing: 1.135160904377699
  view-data: 3.430103622376919
