times:
  edit-metadata: 0.590069817029871
  landing: 0.07468702003825456
  view-data: 0.2256113369949162
