times:
  edit-metadata: 1.3974336870014668
  landing: 0.9841629192233086
  view-data: 4.534847483038902
