times:
  edit-metadata: 1.4593189852312207
  landing: 1.1879640109837055
  view-data: 3.4859112687408924
