times:
  edit-metadata: 1.6628715358674526
  landing: 0.9340906962752342
  view-data: 3.4693624936044216
