times:
  edit-metadata: 1.3976765116676688
  landing: 0.7319138031452894
  view-data: 3.3674404127523303
