times:
  edit-metadata: 1.433370147831738
  landing: 0.7642715848051012
  view-data: 3.418850283138454
