times:
  edit-metadata: 0.5081535489998714
  landing: 0.06990779599982488
  view-data: 0.21238163599991822
