times:
  edit-metadata: 1.3407653532922268
  landing: 0.81173325330019
  view-data: 3.40859916806221
