times:
  edit-metadata: 1.3975684866309166
  landing: 0.7185617350041866
  view-data: 3.3861963469535112
