times:
  edit-metadata: 1.379256946966052
  landing: 0.7062160316854715
  view-data: 3.3597336187958717
