times:
  edit-metadata: 0.5717080337926745
  landing: 0.06320787593722343
  view-data: 0.3054661531932652
