times:
  edit-metadata: 1.3234934844076633
  landing: 0.7710140710696578
  view-data: 3.264752228744328
