times:
  edit-metadata: 0.6543527827598155
  landing: 0.045654078014194965
  view-data: 0.28869237331673503
