times:
  edit-metadata: 1.5281377919018269
  landing: 0.9014014042913914
  view-data: 3.484480034559965
