times:
  edit-metadata: 1.6980522461235523
  landing: 0.9269239045679569
  view-data: 3.533187298104167
