times:
  edit-metadata: 1.29605718300445
  landing: 0.29382038296898827
  view-data: 0.3051309010479599
