times:
  edit-metadata: 1.7320929961279035
  landing: 0.9273022888228297
  view-data: 3.4861589381471276
