times:
  edit-metadata: 0.5308080920367502
  landing: 0.05063239700393751
  view-data: 0.2109052169835195
