times:
  edit-metadata: 0.7655433276668191
  landing: 0.11616722401231527
  view-data: 0.2676940029487014
