times:
  edit-metadata: 1.3894319823011756
  landing: 0.8164029913023114
  view-data: 3.270564164966345
