times:
  edit-metadata: 0.5217203269712627
  landing: 0.043365104822441936
  view-data: 0.20583178498782218
