times:
  edit-metadata: 0.5014026609715074
  landing: 0.0670716199092567
  view-data: 0.2123891869559884
