times:
  edit-metadata: 1.3582781255245209
  landing: 0.7368278689682484
  view-data: 3.297345906496048
