times:
  edit-metadata: 0.6990573168732226
  landing: 0.11517531145364046
  view-data: 0.2999327597208321
