times:
  edit-metadata: 0.5290654159616679
  landing: 0.0519083549734205
  view-data: 0.21230933396145701
