times:
  edit-metadata: 0.5810112109174952
  landing: 0.0662854149704799
  view-data: 0.22771285998169333
