times:
  edit-metadata: 1.5018172673881054
  landing: 0.7846101745963097
  view-data: 3.263562597334385
