times:
  edit-metadata: 1.4638605248183012
  landing: 2.0026668310165405
  view-data: 3.395994110032916
