times:
  edit-metadata: 1.6109735742211342
  landing: 0.9817499928176403
  view-data: 3.4113152101635933
