times:
  edit-metadata: 1.413576377555728
  landing: 0.7699702624231577
  view-data: 3.3141227085143328
