times:
  edit-metadata: 1.4331794902682304
  landing: 0.7679590620100498
  view-data: 3.3902778290212154
