times:
  edit-metadata: 1.6932479664683342
  landing: 0.20023124106228352
  view-data: 0.36906204000115395
