times:
  edit-metadata: 1.6521569319302216
  landing: 0.8355321789858863
  view-data: 3.460148283978924
