times:
  edit-metadata: 0.5223704751115292
  landing: 0.04892203095369041
  view-data: 0.2209327328018844
