times:
  edit-metadata: 0.5030680390045745
  landing: 0.06469169000047259
  view-data: 0.21425435598939657
