times:
  edit-metadata: 0.895776913035661
  landing: 0.18097464507445693
  view-data: 0.2157377628609538
