times:
  edit-metadata: 0.5425924849696457
  landing: 0.05636550404597074
  view-data: 0.21731982403434813
