times:
  edit-metadata: 1.3905515242367983
  landing: 0.6420183833688498
  view-data: 3.2923329900950193
