times:
  edit-metadata: 1.3709226148203015
  landing: 0.7484475979581475
  view-data: 3.313846029806882
