times:
  edit-metadata: 0.5659095458686352
  landing: 0.0646150540560484
  view-data: 0.21010140515863895
