times:
  edit-metadata: 1.2703023701906204
  landing: 0.7329462440684438
  view-data: 3.3347879252396524
