times:
  edit-metadata: 0.4938906920142472
  landing: 0.06803351081907749
  view-data: 0.21793586621060967
