times:
  edit-metadata: 1.4708368559367955
  landing: 0.8190665310248733
  view-data: 3.4108385732397437
