times:
  edit-metadata: 1.6515336940065026
  landing: 0.9888109313324094
  view-data: 3.376289098523557
