times:
  edit-metadata: 2.1572377821430564
  landing: 0.9552657548338175
  view-data: 3.375782186165452
