times:
  edit-metadata: 0.5633276930311695
  landing: 0.05724252597428858
  view-data: 0.27384354296373203
