times:
  edit-metadata: 1.3381966600427404
  landing: 0.7505306840175763
  view-data: 3.4710576339857653
