times:
  edit-metadata: 0.8941011796705425
  landing: 0.06218476500362158
  view-data: 0.22106768237426877
