times:
  edit-metadata: 1.5201264689676464
  landing: 0.8631616039201617
  view-data: 3.272913732100278
