times:
  edit-metadata: 0.5538225928321481
  landing: 0.07689532311633229
  view-data: 0.22349620098248124
