times:
  edit-metadata: 1.6223781295120716
  landing: 1.1014879569411278
  view-data: 3.4465076811611652
