times:
  edit-metadata: 2.085162900388241
  landing: 1.4043516125530005
  view-data: 3.428175810724497
