times:
  edit-metadata: 1.5507856495678425
  landing: 0.8628039304167032
  view-data: 3.4430136401206255
