times:
  edit-metadata: 1.3831472103483975
  landing: 0.6709620747715235
  view-data: 3.380276238080114
