times:
  edit-metadata: 0.5044147489825264
  landing: 0.06562815100187436
  view-data: 0.21766831300919876
