times:
  edit-metadata: 2.0571573935449123
  landing: 1.2019556164741516
  view-data: 3.3580607771873474
