times:
  edit-metadata: 0.48968216800130904
  landing: 0.06457355996826664
  view-data: 0.2224156259908341
