times:
  edit-metadata: 2.8204599041491747
  landing: 2.0924586839973927
  view-data: 3.564594967290759
