times:
  edit-metadata: 1.639802461490035
  landing: 0.2620410658419132
  view-data: 0.39450792968273163
