times:
  edit-metadata: 0.5355763547122478
  landing: 0.05681796884164214
  view-data: 0.2115678978152573
