times:
  edit-metadata: 0.49652589100878686
  landing: 0.0675289059872739
  view-data: 0.213838969997596
