times:
  edit-metadata: 1.8947215341031551
  landing: 0.851112655363977
  view-data: 3.6998770339414477
