times:
  edit-metadata: 1.3140809058677405
  landing: 0.7497070569079369
  view-data: 3.3133962901774794
