times:
  edit-metadata: 1.5353772230446339
  landing: 0.9336626976728439
  view-data: 3.3972640708088875
