times:
  edit-metadata: 5.490634795278311
  landing: 2.4165004808455706
  view-data: 3.9603076726198196
