times:
  edit-metadata: 0.616650712210685
  landing: 0.04635732574388385
  view-data: 0.21950478479266167
