times:
  edit-metadata: 1.4437125194817781
  landing: 0.7498197481036186
  view-data: 3.317025350406766
