times:
  edit-metadata: 1.3744254522025585
  landing: 0.6759843407198787
  view-data: 3.329966627061367
