times:
  edit-metadata: 0.6113900570198894
  landing: 0.05219301814213395
  view-data: 0.21322359796613455
