times:
  edit-metadata: 1.4596007075160742
  landing: 0.7662006169557571
  view-data: 3.286748956888914
