times:
  edit-metadata: 0.505168086849153
  landing: 0.06846127798780799
  view-data: 0.2175643304362893
