times:
  edit-metadata: 1.802648052573204
  landing: 1.2126453220844269
  view-data: 3.4262322895228863
