times:
  edit-metadata: 0.72254642797634
  landing: 0.03822608495829627
  view-data: 0.23160360497422516
