times:
  edit-metadata: 0.5870130299881566
  landing: 0.08168929498060606
  view-data: 0.2253695380059071
