times:
  edit-metadata: 1.2843834515661001
  landing: 0.7069455748423934
  view-data: 3.288576823659241
