times:
  edit-metadata: 1.6036853343248367
  landing: 1.0276968441903591
  view-data: 3.3538120053708553
