times:
  edit-metadata: 0.5210245409980416
  landing: 0.0638919859775342
  view-data: 0.21565324300900102
