times:
  edit-metadata: 1.5039879865944386
  landing: 0.837055679410696
  view-data: 3.364968743175268
