times:
  edit-metadata: 2.84864529594779
  landing: 1.5768049415200949
  view-data: 3.9208122845739126
