times:
  edit-metadata: 1.4730451721698046
  landing: 0.7423529997467995
  view-data: 3.3466306189075112
