times:
  edit-metadata: 1.4139635972678661
  landing: 0.7840275643393397
  view-data: 3.4298534961417317
