times:
  edit-metadata: 1.4266576524823904
  landing: 0.7197818290442228
  view-data: 3.370568221434951
