times:
  edit-metadata: 0.5443152152001858
  landing: 0.06135966186411679
  view-data: 0.2209047928918153
