times:
  edit-metadata: 2.056746482849121
  landing: 1.0673090480268002
  view-data: 3.579156618565321
