times:
  edit-metadata: 1.9174319095909595
  landing: 1.255802184343338
  view-data: 3.4930650405585766
