times:
  edit-metadata: 1.7929640784859657
  landing: 7.680634461343288
  view-data: 3.4581290557980537
