times:
  edit-metadata: 1.3273197480011731
  landing: 0.6992185150738806
  view-data: 3.3072473211213946
