times:
  edit-metadata: 1.637265156954527
  landing: 0.9235783778131008
  view-data: 3.3632271736860275
