times:
  edit-metadata: 0.532955458998913
  landing: 0.048414964985568076
  view-data: 0.21285880301729776
