times:
  edit-metadata: 1.6900741048157215
  landing: 1.1480653397738934
  view-data: 3.4265662357211113
