times:
  edit-metadata: 2.273365207016468
  landing: 1.4507381562143564
  view-data: 3.698778221383691
