times:
  edit-metadata: 1.4787444920511916
  landing: 0.8176975280512124
  view-data: 3.3704430130310357
