times:
  edit-metadata: 0.5486637852154672
  landing: 0.04996848106384277
  view-data: 0.20913284085690975
