times:
  edit-metadata: 1.414076503366232
  landing: 0.685944527387619
  view-data: 3.3314634282141924
