times:
  edit-metadata: 1.6919598653912544
  landing: 1.057891633361578
  view-data: 3.3731402195990086
