times:
  edit-metadata: 0.5096667110919952
  landing: 0.07315121893770993
  view-data: 0.20949035603553057
