times:
  edit-metadata: 0.5018507399363443
  landing: 0.0645491179311648
  view-data: 0.2201281930319965
