times:
  edit-metadata: 0.520442679990083
  landing: 0.05208222987130284
  view-data: 0.21176727581769228
