times:
  edit-metadata: 2.9190706498920918
  landing: 1.3786156550049782
  view-data: 3.7224856540560722
