times:
  edit-metadata: 0.5959458113647997
  landing: 0.047945354133844376
  view-data: 0.22071047499775887
