times:
  edit-metadata: 1.4980497285723686
  landing: 0.8049574922770262
  view-data: 3.302267065271735
