times:
  edit-metadata: 0.5110013929661363
  landing: 0.057831941987387836
  view-data: 0.2179216870572418
