times:
  edit-metadata: 1.47128866892308
  landing: 0.7355489581823349
  view-data: 3.5626835664734244
