times:
  edit-metadata: 1.399188555777073
  landing: 0.8948008939623833
  view-data: 3.357377879321575
