times:
  edit-metadata: 0.5038987520383671
  landing: 0.05805693904403597
  view-data: 0.21717770700342953
