times:
  edit-metadata: 1.3592905886471272
  landing: 0.886047225445509
  view-data: 3.376020200550556
