times:
  edit-metadata: 1.480569250881672
  landing: 0.8212645389139652
  view-data: 3.2645890414714813
