times:
  edit-metadata: 1.9764142399653792
  landing: 1.0518429093062878
  view-data: 3.3343058424070477
