times:
  edit-metadata: 1.4271808601915836
  landing: 1.0672869011759758
  view-data: 3.499485906213522
