times:
  edit-metadata: 1.586905773729086
  landing: 0.9130728766322136
  view-data: 3.421713937073946
