times:
  edit-metadata: 1.5042277183383703
  landing: 0.7463818127289414
  view-data: 3.3933811243623495
