times:
  edit-metadata: 1.761354428716004
  landing: 0.9002422750927508
  view-data: 3.4276307127438486
