times:
  edit-metadata: 1.591368554159999
  landing: 0.7713243495672941
  view-data: 3.4159485641866922
