times:
  edit-metadata: 1.9205716331489384
  landing: 0.976752801798284
  view-data: 3.592826514970511
