times:
  edit-metadata: 0.493242965079844
  landing: 0.05829758592881262
  view-data: 0.2162312378641218
