times:
  edit-metadata: 0.5582182430662215
  landing: 0.14219475677236915
  view-data: 0.21553710289299488
