times:
  edit-metadata: 0.7690359610132873
  landing: 0.10143776796758175
  view-data: 0.21306117391213775
