times:
  edit-metadata: 0.6437505460053217
  landing: 0.12648242400609888
  view-data: 0.253420269000344
