times:
  edit-metadata: 1.6268117614090443
  landing: 0.8918961957097054
  view-data: 3.4059677235782146
