times:
  edit-metadata: 0.6042585159957525
  landing: 0.04879494099441217
  view-data: 0.21952519799378933
