times:
  edit-metadata: 1.6072575375437737
  landing: 1.0890605002641678
  view-data: 3.443289428949356
