times:
  edit-metadata: 2.3995727570727468
  landing: 1.2905652150511742
  view-data: 3.6317109502851963
