times:
  edit-metadata: 1.427099835127592
  landing: 0.6919153816998005
  view-data: 3.333418969064951
