times:
  edit-metadata: 1.2491450924426317
  landing: 0.6693579852581024
  view-data: 3.2539995731785893
