times:
  edit-metadata: 1.5215915888547897
  landing: 0.8602332957088947
  view-data: 3.3414496332406998
