times:
  edit-metadata: 0.6304867761209607
  landing: 0.09985977597534657
  view-data: 0.2147232019342482
