times:
  edit-metadata: 0.6156252430009772
  landing: 0.06791705299838213
  view-data: 0.2249076049993164
