times:
  edit-metadata: 1.533633779734373
  landing: 0.6704435460269451
  view-data: 3.2464436162263155
