times:
  edit-metadata: 1.5341060529462993
  landing: 0.8089575571939349
  view-data: 3.380255987867713
