times:
  edit-metadata: 1.4182059466838837
  landing: 0.8208450973033905
  view-data: 3.3558582440018654
