times:
  edit-metadata: 0.5826283969799988
  landing: 0.07257781800581142
  view-data: 0.22648103203391656
