times:
  edit-metadata: 1.4719162844121456
  landing: 0.8512208536267281
  view-data: 3.3115137331187725
