times:
  edit-metadata: 1.558230422437191
  landing: 0.9057470057159662
  view-data: 3.3844098541885614
