times:
  edit-metadata: 1.2903889454901218
  landing: 0.8987381048500538
  view-data: 3.3502214830368757
