times:
  edit-metadata: 1.4690864607691765
  landing: 0.7795235328376293
  view-data: 3.310592994093895
