times:
  edit-metadata: 1.7843916043639183
  landing: 0.8933601155877113
  view-data: 3.463337618857622
