times:
  edit-metadata: 1.8659939356148243
  landing: 1.0097709633409977
  view-data: 3.274239305406809
