times:
  edit-metadata: 1.3344182949513197
  landing: 0.7421622574329376
  view-data: 3.28216445306316
