times:
  edit-metadata: 1.3984987437725067
  landing: 0.6913984380662441
  view-data: 3.4523580614477396
