times:
  edit-metadata: 1.663780143018812
  landing: 0.9027905100956559
  view-data: 3.3211872512474656
