times:
  edit-metadata: 1.958624292165041
  landing: 1.2887619733810425
  view-data: 3.4395249746739864
