times:
  edit-metadata: 0.5018329409649596
  landing: 0.07192721799947321
  view-data: 0.22433908993843943
