times:
  edit-metadata: 1.621202439069748
  landing: 0.8966291286051273
  view-data: 3.38926837220788
