times:
  edit-metadata: 1.502522949129343
  landing: 0.6723366919904947
  view-data: 3.345935598015785
