times:
  edit-metadata: 1.3922735713422298
  landing: 2.464053825940937
  view-data: 3.364654168020934
