times:
  edit-metadata: 1.4837061613798141
  landing: 0.7352337967604399
  view-data: 3.3750476371496916
