times:
  edit-metadata: 1.469975907355547
  landing: 0.8769043013453484
  view-data: 3.35566995292902
