times:
  edit-metadata: 1.3423520289361477
  landing: 0.6827701963484287
  view-data: 3.3679788131266832
