times:
  edit-metadata: 1.3665938526391983
  landing: 0.7136576343327761
  view-data: 3.422493636608124
