times:
  edit-metadata: 1.4500563591718674
  landing: 0.6918895468115807
  view-data: 3.261340274475515
