times:
  edit-metadata: 1.4131249121855944
  landing: 0.8144418839365244
  view-data: 3.3652260170783848
