times:
  edit-metadata: 1.3716929480433464
  landing: 0.8333339914679527
  view-data: 3.359517104923725
