times:
  edit-metadata: 1.4312473442405462
  landing: 0.7170360032469034
  view-data: 3.373153356835246
