times:
  edit-metadata: 1.6470822759438306
  landing: 0.7401046360610053
  view-data: 3.3307469530263916
