times:
  edit-metadata: 1.429795067757368
  landing: 0.7718660905957222
  view-data: 3.3236081823706627
