times:
  edit-metadata: 0.7642245180904865
  landing: 0.041059823241084814
  view-data: 0.2466813251376152
