times:
  edit-metadata: 1.543763928115368
  landing: 1.0947512909770012
  view-data: 3.449577994644642
