times:
  edit-metadata: 1.5226395167410374
  landing: 0.9010007530450821
  view-data: 0.5897058956325054
