times:
  edit-metadata: 1.3313818201422691
  landing: 0.7185594439506531
  view-data: 3.2669436298310757
