times:
  edit-metadata: 0.6614711330039427
  landing: 0.0891873610089533
  view-data: 0.24767029099166393
