times:
  edit-metadata: 1.5061981976032257
  landing: 0.8082759194076061
  view-data: 3.3076643757522106
