times:
  edit-metadata: 1.4170799441635609
  landing: 0.8184907548129559
  view-data: 3.3148107938468456
