times:
  edit-metadata: 2.36982105858624
  landing: 1.5848403312265873
  view-data: 3.47433047555387
