times:
  edit-metadata: 2.0449047163128853
  landing: 1.1873562447726727
  view-data: 3.416126176714897
