times:
  edit-metadata: 1.6085203140974045
  landing: 0.7202465124428272
  view-data: 3.427836813032627
