times:
  edit-metadata: 2.5386934354901314
  landing: 1.7685145381838083
  view-data: 3.6641183476895094
