times:
  edit-metadata: 1.3350728242658079
  landing: 0.7450702129863203
  view-data: 3.4269013698212802
