times:
  edit-metadata: 0.5562524780107196
  landing: 0.1016904880234506
  view-data: 0.29489670001203194
