times:
  edit-metadata: 1.3866060340078548
  landing: 0.7262778480071574
  view-data: 3.309515032917261
