times:
  edit-metadata: 1.5380821768194437
  landing: 1.0599888823926449
  view-data: 3.401274126023054
