times:
  edit-metadata: 0.4976620760280639
  landing: 0.06276630703359842
  view-data: 0.34190314216539264
