times:
  edit-metadata: 1.482274528592825
  landing: 0.8074243813753128
  view-data: 3.3386943079531193
