times:
  edit-metadata: 2.4263306502252817
  landing: 1.4420094806700945
  view-data: 3.560726745054126
