times:
  edit-metadata: 0.5228344891220331
  landing: 0.05169686512090266
  view-data: 0.21457364200614393
