times:
  edit-metadata: 1.5460403375327587
  landing: 0.8492466509342194
  view-data: 3.361287634819746
