times:
  edit-metadata: 1.9232254475355148
  landing: 1.389686692506075
  view-data: 3.414688915014267
