times:
  edit-metadata: 0.607559519005008
  landing: 0.048342953086830676
  view-data: 0.21925561199896038
