times:
  edit-metadata: 2.537415547296405
  landing: 1.7612360613420606
  view-data: 3.350223047658801
