times:
  edit-metadata: 1.902334253769368
  landing: 1.3481208109296858
  view-data: 3.3454306633211672
