times:
  edit-metadata: 2.141923848539591
  landing: 0.8496772684156895
  view-data: 3.393820036202669
