times:
  edit-metadata: 0.5024554789997637
  landing: 0.07028045994229615
  view-data: 0.22153338801581413
