times:
  edit-metadata: 0.6137374690006254
  landing: 0.04226872201252263
  view-data: 0.22110932599753141
