times:
  edit-metadata: 0.5779126409906894
  landing: 0.07761951099382713
  view-data: 0.21990856499178335
