times:
  edit-metadata: 1.761958997696638
  landing: 1.0034517496824265
  view-data: 3.4013730324804783
