times:
  edit-metadata: 1.557757394388318
  landing: 0.714745681732893
  view-data: 3.324103705585003
