times:
  edit-metadata: 0.574456445989199
  landing: 0.07304852304514498
  view-data: 0.21701836900319904
