times:
  edit-metadata: 0.508641834021546
  landing: 0.0660816349554807
  view-data: 0.22739047894719988
