times:
  edit-metadata: 1.451138373464346
  landing: 0.737519808113575
  view-data: 3.3215169683098793
