times:
  edit-metadata: 1.4173736944794655
  landing: 0.9177121631801128
  view-data: 3.50213336199522
