times:
  edit-metadata: 1.4242611117661
  landing: 0.8718006871640682
  view-data: 3.3743761777877808
