times:
  edit-metadata: 1.368793573230505
  landing: 0.8790827579796314
  view-data: 3.298249661922455
