times:
  edit-metadata: 1.4973985080141574
  landing: 0.8955193000147119
  view-data: 3.310685386066325
