times:
  edit-metadata: 0.5062470040284097
  landing: 0.05852759792469442
  view-data: 0.21319874096661806
