times:
  edit-metadata: 1.8343211077153683
  landing: 1.044557273387909
  view-data: 3.3387645184993744
