times:
  edit-metadata: 1.551584005355835
  landing: 1.2500419169664383
  view-data: 3.510592881590128
