times:
  edit-metadata: 1.494793001562357
  landing: 0.7105001248419285
  view-data: 3.349854502826929
