times:
  edit-metadata: 1.5981848649680614
  landing: 0.9487644769251347
  view-data: 3.4943230524659157
