times:
  edit-metadata: 1.7052528262138367
  landing: 0.8744769338518381
  view-data: 3.5319056063890457
