times:
  edit-metadata: 0.5162163049681112
  landing: 0.04947171703679487
  view-data: 0.21848599996883422
