times:
  edit-metadata: 2.162713933736086
  landing: 1.1575210094451904
  view-data: 3.4426162652671337
