times:
  edit-metadata: 1.4632415920495987
  landing: 0.865690166130662
  view-data: 3.3333947379142046
