times:
  edit-metadata: 1.405968550592661
  landing: 0.9407525360584259
  view-data: 3.3549473751336336
