times:
  edit-metadata: 0.5704384939745069
  landing: 0.06836740765720606
  view-data: 0.2186901648528874
