times:
  edit-metadata: 2.759694406762719
  landing: 1.2895185127854347
  view-data: 4.283515438437462
