times:
  edit-metadata: 1.448241200298071
  landing: 0.8078166097402573
  view-data: 3.3962990529835224
