times:
  edit-metadata: 0.5111053527798504
  landing: 0.09440896403975785
  view-data: 0.2241430098656565
