times:
  edit-metadata: 0.49133693997282535
  landing: 0.07129176700254902
  view-data: 0.20823505998123437
