times:
  edit-metadata: 1.3205097122117877
  landing: 0.7846687510609627
  view-data: 3.2693760143592954
