times:
  edit-metadata: 1.4994998760521412
  landing: 0.8251532800495625
  view-data: 3.30552015081048
