times:
  edit-metadata: 1.491468407213688
  landing: 0.9288048595190048
  view-data: 3.578120730817318
