times:
  edit-metadata: 1.4697025045752525
  landing: 0.8382470794022083
  view-data: 3.2738644406199455
