times:
  edit-metadata: 1.4730785191059113
  landing: 0.77376838773489
  view-data: 3.4813834875822067
