times:
  edit-metadata: 1.7753468751907349
  landing: 0.8971107378602028
  view-data: 3.3485988080501556
