times:
  edit-metadata: 1.4453813880681992
  landing: 0.8955341689288616
  view-data: 3.309979695826769
