times:
  edit-metadata: 1.4946593046188354
  landing: 0.8484145551919937
  view-data: 3.3179831579327583
