times:
  edit-metadata: 1.898470163345337
  landing: 0.8390763252973557
  view-data: 3.516801357269287
