times:
  edit-metadata: 1.464706439524889
  landing: 0.7257108427584171
  view-data: 3.3053368031978607
