times:
  edit-metadata: 1.7398031689226627
  landing: 1.1768452785909176
  view-data: 3.359741348773241
