times:
  edit-metadata: 1.3680359199643135
  landing: 0.7530370652675629
  view-data: 3.3564572930336
