times:
  edit-metadata: 1.4219226837158203
  landing: 0.7604293152689934
  view-data: 3.41107314825058
