times:
  edit-metadata: 1.428771086037159
  landing: 0.8065065294504166
  view-data: 3.3668617755174637
