times:
  edit-metadata: 1.4414063170552254
  landing: 0.6880343481898308
  view-data: 3.441826745867729
