times:
  edit-metadata: 1.5453851446509361
  landing: 0.8878357373178005
  view-data: 3.3154165260493755
