times:
  edit-metadata: 1.7506664171814919
  landing: 1.1597388572990894
  view-data: 3.451812967658043
