times:
  edit-metadata: 1.4970782473683357
  landing: 0.8120745569467545
  view-data: 3.4806105121970177
