times:
  edit-metadata: 1.4092465564608574
  landing: 0.7040441334247589
  view-data: 3.257366105914116
