times:
  edit-metadata: 1.7582585662603378
  landing: 1.15876055508852
  view-data: 3.4846078604459763
