times:
  edit-metadata: 1.383546132594347
  landing: 0.8174701705574989
  view-data: 3.3396346233785152
