times:
  edit-metadata: 1.5197308510541916
  landing: 0.6875666230916977
  view-data: 3.526381738483906
