times:
  edit-metadata: 1.3841405510902405
  landing: 0.7337017804384232
  view-data: 3.4384949430823326
