times:
  edit-metadata: 1.6713687852025032
  landing: 0.9883049950003624
  view-data: 3.487578935921192
