times:
  edit-metadata: 1.6579333804547787
  landing: 0.7645649760961533
  view-data: 3.2702496834099293
