times:
  edit-metadata: 1.5764286741614342
  landing: 0.93570127338171
  view-data: 3.3180288821458817
