times:
  edit-metadata: 1.4481946974992752
  landing: 0.7858074456453323
  view-data: 3.4816110357642174
