times:
  edit-metadata: 1.4457682073116302
  landing: 0.784945048391819
  view-data: 3.4865787774324417
