times:
  edit-metadata: 1.4621909968554974
  landing: 0.7894056439399719
  view-data: 3.259294506162405
