times:
  edit-metadata: 1.4860208332538605
  landing: 0.7742096930742264
  view-data: 3.489091493189335
