times:
  edit-metadata: 1.478898175060749
  landing: 0.8634452670812607
  view-data: 3.321633219718933
