times:
  edit-metadata: 2.2561859376728535
  landing: 1.216367144137621
  view-data: 3.409451484680176
