times:
  edit-metadata: 1.4544747099280357
  landing: 0.8429666981101036
  view-data: 3.2938818857073784
