times:
  edit-metadata: 1.4935091882944107
  landing: 0.8773550316691399
  view-data: 3.4825582578778267
