times:
  edit-metadata: 1.4878120385110378
  landing: 0.8486003987491131
  view-data: 3.28067372366786
