times:
  edit-metadata: 1.3809605054557323
  landing: 0.8483683355152607
  view-data: 3.399079166352749
