times:
  edit-metadata: 1.3931338973343372
  landing: 0.8263566829264164
  view-data: 3.2934163734316826
