times:
  edit-metadata: 1.929442536085844
  landing: 1.083547729998827
  view-data: 3.329693365842104
