times:
  edit-metadata: 1.3286255821585655
  landing: 0.7364185824990273
  view-data: 3.4523807168006897
