times:
  edit-metadata: 1.3968673646450043
  landing: 0.8418144881725311
  view-data: 3.3144483603537083
