times:
  edit-metadata: 1.4180273413658142
  landing: 0.7672952115535736
  view-data: 3.518917001783848
