times:
  edit-metadata: 1.5016107112169266
  landing: 0.7378157302737236
  view-data: 3.359375774860382
