times:
  edit-metadata: 1.4732959568500519
  landing: 0.7576137706637383
  view-data: 3.369157336652279
