times:
  edit-metadata: 3.2741111367940903
  landing: 2.1288023367524147
  view-data: 3.9180577993392944
