times:
  edit-metadata: 1.3201958015561104
  landing: 0.7610961645841599
  view-data: 3.422857068479061
