times:
  edit-metadata: 2.057888612151146
  landing: 1.244559958577156
  view-data: 3.3892511278390884
