times:
  edit-metadata: 1.458946768194437
  landing: 0.7731452509760857
  view-data: 3.3681485652923584
