times:
  edit-metadata: 1.4327263608574867
  landing: 0.7386320382356644
  view-data: 3.5136023089289665
