times:
  edit-metadata: 1.507275328040123
  landing: 0.7985881194472313
  view-data: 3.5481324046850204
