times:
  edit-metadata: 1.6706541925668716
  landing: 0.7983238399028778
  view-data: 3.444978579878807
