times:
  edit-metadata: 1.3564659655094147
  landing: 0.7593451887369156
  view-data: 3.258613582700491
