times:
  edit-metadata: 1.3713169433176517
  landing: 0.7957143262028694
  view-data: 3.304541926831007
