times:
  edit-metadata: 1.4887565933167934
  landing: 0.788665559142828
  view-data: 3.3608878403902054
