times:
  edit-metadata: 1.548832505941391
  landing: 0.8606536686420441
  view-data: 3.5438557118177414
