times:
  edit-metadata: 1.5151370391249657
  landing: 0.7892960011959076
  view-data: 3.312320925295353
