times:
  edit-metadata: 1.4580980390310287
  landing: 0.9557952508330345
  view-data: 3.3029103837907314
