times:
  edit-metadata: 1.4820950701832771
  landing: 0.7735351249575615
  view-data: 3.329310432076454
