times:
  edit-metadata: 1.44241601228714
  landing: 0.8314214870333672
  view-data: 3.54000785946846
