times:
  edit-metadata: 1.480601891875267
  landing: 0.7705040797591209
  view-data: 3.4628165289759636
