times:
  edit-metadata: 1.3469469100236893
  landing: 0.8941840939223766
  view-data: 3.2932282760739326
