times:
  edit-metadata: 1.4382600784301758
  landing: 0.7928193882107735
  view-data: 3.4338175877928734
