times:
  edit-metadata: 1.3884428590536118
  landing: 0.7658555209636688
  view-data: 3.2636936977505684
