times:
  edit-metadata: 1.499689258635044
  landing: 0.7085214704275131
  view-data: 3.45553782582283
