times:
  edit-metadata: 1.7400976978242397
  landing: 1.0526443421840668
  view-data: 3.3405198119580746
