times:
  edit-metadata: 1.423026092350483
  landing: 0.7853412181138992
  view-data: 3.511585332453251
