times:
  edit-metadata: 1.394419901072979
  landing: 0.7133092433214188
  view-data: 3.511459469795227
