times:
  edit-metadata: 1.5099610202014446
  landing: 0.7618138045072556
  view-data: 3.3116405308246613
