times:
  edit-metadata: 1.399179458618164
  landing: 0.775407575070858
  view-data: 3.266566500067711
