times:
  edit-metadata: 1.4077859446406364
  landing: 0.7360799610614777
  view-data: 3.5646574199199677
