times:
  edit-metadata: 1.3759431838989258
  landing: 0.7674916610121727
  view-data: 3.463001012802124
