times:
  edit-metadata: 1.5585107952356339
  landing: 0.8319355547428131
  view-data: 3.456716015934944
