times:
  edit-metadata: 1.5205737128853798
  landing: 0.8619263768196106
  view-data: 3.4784124940633774
