times:
  edit-metadata: 1.37326530367136
  landing: 0.734015941619873
  view-data: 3.4775760546326637
