times:
  edit-metadata: 1.433875948190689
  landing: 0.7798147350549698
  view-data: 3.417500302195549
