times:
  edit-metadata: 1.4666106849908829
  landing: 0.7570692300796509
  view-data: 3.5740048736333847
