times:
  edit-metadata: 1.4763746187090874
  landing: 0.7312974631786346
  view-data: 3.505261905491352
