times:
  edit-metadata: 1.414900928735733
  landing: 0.844121091067791
  view-data: 3.512655198574066
