times:
  edit-metadata: 1.6508367136120796
  landing: 0.9806780852377415
  view-data: 3.3379825241863728
