times:
  edit-metadata: 1.7245054095983505
  landing: 0.8971648141741753
  view-data: 3.2919702976942062
