times:
  edit-metadata: 1.3498654812574387
  landing: 0.7645689286291599
  view-data: 3.37215418741107
