times:
  edit-metadata: 1.3727784380316734
  landing: 0.7940995395183563
  view-data: 3.3406238928437233
