times:
  edit-metadata: 1.497632473707199
  landing: 0.9258622750639915
  view-data: 3.484222359955311
