times:
  edit-metadata: 1.4474504813551903
  landing: 0.757951445877552
  view-data: 3.5547735169529915
