times:
  edit-metadata: 1.3767759315669537
  landing: 0.7503929510712624
  view-data: 3.288074355572462
