times:
  edit-metadata: 1.7020154297351837
  landing: 0.9183313585817814
  view-data: 3.31032557785511
