times:
  edit-metadata: 1.3258824571967125
  landing: 0.7156555950641632
  view-data: 3.486064739525318
