times:
  edit-metadata: 1.4396490380167961
  landing: 0.6802995875477791
  view-data: 3.4625051617622375
