times:
  edit-metadata: 2.0961005240678787
  landing: 1.2162474170327187
  view-data: 3.52202982455492
