times:
  edit-metadata: 1.7122609801590443
  landing: 0.8521861881017685
  view-data: 3.3469461128115654
