times:
  edit-metadata: 1.3703417479991913
  landing: 0.7831607535481453
  view-data: 3.276707485318184
