times:
  edit-metadata: 1.61165601760149
  landing: 0.9641004018485546
  view-data: 3.397896621376276
