times:
  edit-metadata: 1.5215106904506683
  landing: 0.7289471551775932
  view-data: 3.4890100732445717
