times:
  edit-metadata: 1.4267574362456799
  landing: 0.9273969419300556
  view-data: 3.297534391283989
