times:
  edit-metadata: 1.5066685676574707
  landing: 1.026581585407257
  view-data: 3.3402405083179474
