times:
  edit-metadata: 1.3824210613965988
  landing: 0.8719005063176155
  view-data: 3.2924550026655197
