times:
  edit-metadata: 1.4129249081015587
  landing: 0.7646553218364716
  view-data: 3.263488791882992
