times:
  edit-metadata: 1.570435032248497
  landing: 0.8496165722608566
  view-data: 3.2690177746117115
