times:
  edit-metadata: 1.4283442571759224
  landing: 0.7492431960999966
  view-data: 3.330390114337206
