times:
  edit-metadata: 1.4517035409808159
  landing: 0.7444960325956345
  view-data: 3.3369732573628426
