times:
  edit-metadata: 1.5075311213731766
  landing: 0.7967892438173294
  view-data: 3.4984640032052994
