times:
  edit-metadata: 1.3771498650312424
  landing: 0.7791556119918823
  view-data: 3.401595339179039
