times:
  edit-metadata: 1.5146630704402924
  landing: 0.7177154049277306
  view-data: 3.429148130118847
