times:
  edit-metadata: 1.416634425520897
  landing: 0.7242789939045906
  view-data: 3.454692766070366
