times:
  edit-metadata: 1.5721964165568352
  landing: 0.9039889052510262
  view-data: 3.3572794906795025
