times:
  edit-metadata: 1.4571356028318405
  landing: 0.8936649225652218
  view-data: 3.3411876671016216
