times:
  edit-metadata: 1.4984413385391235
  landing: 0.7876454964280128
  view-data: 3.4906486719846725
