times:
  edit-metadata: 1.575643379241228
  landing: 0.8523763343691826
  view-data: 3.3448417522013187
