times:
  edit-metadata: 1.4095209687948227
  landing: 0.7894685044884682
  view-data: 3.4494170248508453
