times:
  edit-metadata: 1.4069235920906067
  landing: 0.7668174467980862
  view-data: 3.3130037747323513
