times:
  edit-metadata: 1.4163164496421814
  landing: 0.7860006988048553
  view-data: 3.4541214406490326
