times:
  edit-metadata: 1.4305949285626411
  landing: 0.838100228458643
  view-data: 3.3093961775302887
