times:
  edit-metadata: 1.3549745976924896
  landing: 0.9118176661431789
  view-data: 3.306885674595833
