times:
  edit-metadata: 1.468575470149517
  landing: 0.8393891006708145
  view-data: 3.420535519719124
