times:
  edit-metadata: 1.3541801646351814
  landing: 0.9682573825120926
  view-data: 3.4185861125588417
