times:
  edit-metadata: 1.4903367646038532
  landing: 0.8267483301460743
  view-data: 3.39332465082407
