times:
  edit-metadata: 1.4076639786362648
  landing: 0.8050578981637955
  view-data: 3.4533894136548042
