times:
  edit-metadata: 1.4921101108193398
  landing: 0.8005995526909828
  view-data: 3.5632270723581314
