times:
  edit-metadata: 1.4867974892258644
  landing: 0.7301934212446213
  view-data: 3.4747343733906746
