times:
  edit-metadata: 2.2066641375422478
  landing: 0.9280902221798897
  view-data: 3.4238179326057434
