times:
  edit-metadata: 1.4719346091151237
  landing: 0.7423447668552399
  view-data: 3.4650802090764046
