times:
  edit-metadata: 1.5411098971962929
  landing: 0.7921635210514069
  view-data: 3.528372347354889
