times:
  edit-metadata: 1.5040615499019623
  landing: 0.7955318093299866
  view-data: 3.4941088259220123
