times:
  edit-metadata: 1.4299546219408512
  landing: 0.8648862354457378
  view-data: 3.4139267280697823
