times:
  edit-metadata: 1.3714475110173225
  landing: 0.7019796743988991
  view-data: 3.505389913916588
