times:
  edit-metadata: 1.5448266863822937
  landing: 0.8846195675432682
  view-data: 3.387789059430361
