times:
  edit-metadata: 1.521336369216442
  landing: 0.830236941576004
  view-data: 3.356870975345373
