times:
  edit-metadata: 1.5456822514533997
  landing: 0.8860419020056725
  view-data: 3.3793792948126793
