times:
  edit-metadata: 1.539154127240181
  landing: 0.8899585902690887
  view-data: 3.503893665969372
