times:
  edit-metadata: 1.4614650793373585
  landing: 0.8262280523777008
  view-data: 3.342824272811413
