times:
  edit-metadata: 1.7072776854038239
  landing: 0.8873856589198112
  view-data: 3.3232646957039833
