times:
  edit-metadata: 1.4393396452069283
  landing: 0.7229852974414825
  view-data: 3.3525092527270317
