times:
  edit-metadata: 2.1198559775948524
  landing: 0.9266188479959965
  view-data: 3.3585487008094788
