times:
  edit-metadata: 1.3567514643073082
  landing: 0.7619078457355499
  view-data: 3.308471232652664
