times:
  edit-metadata: 1.3959629386663437
  landing: 0.7171281650662422
  view-data: 3.449308842420578
