times:
  edit-metadata: 1.482639454305172
  landing: 0.7464404106140137
  view-data: 3.4082238897681236
