times:
  edit-metadata: 1.3616992086172104
  landing: 0.7559441328048706
  view-data: 3.5134662091732025
