times:
  edit-metadata: 1.477704118937254
  landing: 0.8515980094671249
  view-data: 3.3371288403868675
