times:
  edit-metadata: 1.3765395507216454
  landing: 0.7263558879494667
  view-data: 3.5103689879179
