times:
  edit-metadata: 1.496329814195633
  landing: 1.0473058074712753
  view-data: 3.4341225400567055
