times:
  edit-metadata: 1.4314167201519012
  landing: 1.0184588804841042
  view-data: 3.467988647520542
