times:
  edit-metadata: 1.5267953425645828
  landing: 0.7857447937130928
  view-data: 3.4440299049019814
