times:
  edit-metadata: 1.4669654965400696
  landing: 0.8016479089856148
  view-data: 3.4415708407759666
