times:
  edit-metadata: 1.5092969834804535
  landing: 0.7367191351950169
  view-data: 3.3008608110249043
