times:
  edit-metadata: 1.4743442386388779
  landing: 0.7481582462787628
  view-data: 3.506036624312401
