times:
  edit-metadata: 1.456264890730381
  landing: 0.7380683869123459
  view-data: 3.364900581538677
