times:
  edit-metadata: 1.379019521176815
  landing: 0.7984309569001198
  view-data: 3.513874627649784
