times:
  edit-metadata: 1.4309199303388596
  landing: 0.7706043943762779
  view-data: 3.367974691092968
