times:
  edit-metadata: 1.6413228027522564
  landing: 0.7654738537967205
  view-data: 3.3816693238914013
