times:
  edit-metadata: 1.4144443571567535
  landing: 0.8120827823877335
  view-data: 3.4346741810441017
