times:
  edit-metadata: 1.485328696668148
  landing: 0.8099466264247894
  view-data: 3.247278831899166
