times:
  edit-metadata: 1.3933078795671463
  landing: 0.7704809531569481
  view-data: 3.5002598091959953
