times:
  edit-metadata: 1.4295218735933304
  landing: 0.7296432256698608
  view-data: 3.374625250697136
