times:
  edit-metadata: 1.3297918699681759
  landing: 0.8229292072355747
  view-data: 3.3174712508916855
