times:
  edit-metadata: 1.6754825003445148
  landing: 0.8006721846759319
  view-data: 3.3018515445291996
