times:
  edit-metadata: 2.265629082918167
  landing: 1.2952690124511719
  view-data: 3.7283404916524887
