times:
  edit-metadata: 2.031566221266985
  landing: 0.9474148824810982
  view-data: 3.429567165672779
