times:
  edit-metadata: 1.3931910544633865
  landing: 0.7711271867156029
  view-data: 3.446509599685669
