times:
  edit-metadata: 1.8080928325653076
  landing: 0.9878089129924774
  view-data: 3.45247383415699
