times:
  edit-metadata: 1.4327977076172829
  landing: 0.7584337517619133
  view-data: 3.5018583312630653
