times:
  edit-metadata: 1.4664820171892643
  landing: 0.7110187225043774
  view-data: 3.247785560786724
