times:
  edit-metadata: 1.5483465492725372
  landing: 0.7661540731787682
  view-data: 3.443093277513981
