times:
  edit-metadata: 1.4389966279268265
  landing: 0.7286433055996895
  view-data: 3.4104075878858566
