times:
  edit-metadata: 1.400316521525383
  landing: 0.7755114808678627
  view-data: 3.2930487021803856
