times:
  edit-metadata: 1.4324406385421753
  landing: 0.8032162226736546
  view-data: 3.2876221127808094
