times:
  edit-metadata: 1.5344412103295326
  landing: 0.7454309016466141
  view-data: 3.4041644409298897
