times:
  edit-metadata: 1.4760754257440567
  landing: 0.8034278675913811
  view-data: 3.3430187292397022
