times:
  edit-metadata: 1.5808111801743507
  landing: 0.8913327232003212
  view-data: 3.3908261880278587
