times:
  edit-metadata: 1.5330086722970009
  landing: 0.7802121937274933
  view-data: 3.558971293270588
