times:
  edit-metadata: 1.4763326048851013
  landing: 0.7442534863948822
  view-data: 3.384742997586727
