times:
  edit-metadata: 1.440583512187004
  landing: 0.7091006189584732
  view-data: 3.464666873216629
