times:
  edit-metadata: 1.4830382168293
  landing: 0.7568702772259712
  view-data: 3.3693747967481613
