times:
  edit-metadata: 1.4777018576860428
  landing: 0.7477963715791702
  view-data: 3.466217838227749
