times:
  edit-metadata: 2.180171675980091
  landing: 1.056445650756359
  view-data: 3.432523425668478
