times:
  edit-metadata: 1.373557910323143
  landing: 0.8003168925642967
  view-data: 3.4373328164219856
