times:
  edit-metadata: 1.4354571402072906
  landing: 0.7390201091766357
  view-data: 3.411934971809387
