times:
  edit-metadata: 1.4214694499969482
  landing: 0.7574305683374405
  view-data: 3.346483513712883
