times:
  edit-metadata: 1.341957502067089
  landing: 0.7060262560844421
  view-data: 3.494859926402569
