times:
  edit-metadata: 1.4336748272180557
  landing: 0.7199077606201172
  view-data: 3.471361353993416
