times:
  edit-metadata: 1.4560880325734615
  landing: 0.7326219342648983
  view-data: 3.3079670406877995
