times:
  edit-metadata: 1.466833420097828
  landing: 0.7178582698106766
  view-data: 3.486296445131302
