times:
  edit-metadata: 1.579201102256775
  landing: 0.6792177706956863
  view-data: 3.323140401393175
