times:
  edit-metadata: 1.4027570821344852
  landing: 0.8520033843815327
  view-data: 3.285890568047762
