times:
  edit-metadata: 1.7337439134716988
  landing: 1.148649774491787
  view-data: 3.4959201365709305
