times:
  edit-metadata: 1.52657862752676
  landing: 0.7490753158926964
  view-data: 3.5295118242502213
