times:
  edit-metadata: 1.4670692384243011
  landing: 0.6963038370013237
  view-data: 3.3583124727010727
