times:
  edit-metadata: 1.4441828280687332
  landing: 0.9648035317659378
  view-data: 3.3730501011013985
