times:
  edit-metadata: 1.543241672217846
  landing: 0.7051618471741676
  view-data: 3.4072176963090897
