times:
  edit-metadata: 1.4266499131917953
  landing: 0.6978280246257782
  view-data: 3.341214932501316
