times:
  edit-metadata: 1.6683217957615852
  landing: 0.936002604663372
  view-data: 3.5184063389897346
