times:
  edit-metadata: 1.537492386996746
  landing: 0.7612452358007431
  view-data: 3.501011475920677
