times:
  edit-metadata: 1.4073146060109138
  landing: 0.7975454851984978
  view-data: 3.377730742096901
