times:
  edit-metadata: 1.5911626741290092
  landing: 0.7913934104144573
  view-data: 3.3289928808808327
