times:
  edit-metadata: 1.3873272314667702
  landing: 0.8199087530374527
  view-data: 3.5157096907496452
