times:
  edit-metadata: 1.5115706473588943
  landing: 0.7374921292066574
  view-data: 3.475152298808098
