times:
  edit-metadata: 1.380899965763092
  landing: 0.7382151447236538
  view-data: 3.2599048130214214
