times:
  edit-metadata: 1.45828016102314
  landing: 0.7841942757368088
  view-data: 3.3607422932982445
