times:
  edit-metadata: 1.4251550734043121
  landing: 0.7853264510631561
  view-data: 3.5402505323290825
