times:
  edit-metadata: 1.4524759612977505
  landing: 0.7383897043764591
  view-data: 3.2701773829758167
