times:
  edit-metadata: 1.4462482631206512
  landing: 0.6872011870145798
  view-data: 3.348093695938587
