times:
  edit-metadata: 1.3449874818325043
  landing: 0.755982518196106
  view-data: 3.3289576023817062
