times:
  edit-metadata: 1.3816125616431236
  landing: 0.7206669598817825
  view-data: 3.4944669529795647
