times:
  edit-metadata: 1.4197005592286587
  landing: 0.8649790585041046
  view-data: 3.3026178926229477
