times:
  edit-metadata: 2.1912407353520393
  landing: 1.0942137464880943
  view-data: 3.37220449000597
