times:
  edit-metadata: 1.4639571867883205
  landing: 0.7097270712256432
  view-data: 3.308357708156109
