times:
  edit-metadata: 1.4542776569724083
  landing: 0.8257695958018303
  view-data: 3.5405567958950996
