times:
  edit-metadata: 1.4416078701615334
  landing: 0.8125166893005371
  view-data: 3.534118488430977
