times:
  edit-metadata: 1.445021003484726
  landing: 0.7612663209438324
  view-data: 3.401806078851223
