times:
  edit-metadata: 1.5189350247383118
  landing: 0.730561338365078
  view-data: 3.3677772879600525
