times:
  edit-metadata: 1.4759237989783287
  landing: 0.8096145540475845
  view-data: 3.299407385289669
