times:
  edit-metadata: 1.4157643988728523
  landing: 0.7601101025938988
  view-data: 3.4613400995731354
