times:
  edit-metadata: 1.470732670277357
  landing: 0.7711327597498894
  view-data: 3.3269509226083755
