times:
  edit-metadata: 1.695451870560646
  landing: 0.7722467221319675
  view-data: 3.3332385905086994
