times:
  edit-metadata: 1.52069753408432
  landing: 0.7737316638231277
  view-data: 3.4733213782310486
