times:
  edit-metadata: 1.533922329545021
  landing: 1.2841641530394554
  view-data: 3.3560593649744987
