times:
  edit-metadata: 1.5966384634375572
  landing: 0.8535648360848427
  view-data: 3.565591476857662
