times:
  edit-metadata: 1.37098129093647
  landing: 0.8410827293992043
  view-data: 3.505652144551277
