times:
  edit-metadata: 1.4053975716233253
  landing: 0.7747310921549797
  view-data: 3.423737980425358
