times:
  edit-metadata: 1.3688349574804306
  landing: 0.7463382184505463
  view-data: 3.4434309899806976
