times:
  edit-metadata: 1.4272794649004936
  landing: 0.6908716335892677
  view-data: 3.509323090314865
