times:
  edit-metadata: 1.9097789525985718
  landing: 1.3541101291775703
  view-data: 3.3331329822540283
