times:
  edit-metadata: 1.5756951309740543
  landing: 0.8329631984233856
  view-data: 3.2932467944920063
