times:
  edit-metadata: 1.413430280983448
  landing: 0.7389054447412491
  view-data: 3.3023291155695915
