times:
  edit-metadata: 1.423407606780529
  landing: 0.9362611547112465
  view-data: 3.4668591916561127
