times:
  edit-metadata: 1.4724960550665855
  landing: 0.7871052920818329
  view-data: 3.2830197289586067
