times:
  edit-metadata: 1.3934389054775238
  landing: 0.8729122132062912
  view-data: 3.492835931479931
