times:
  edit-metadata: 1.4431725516915321
  landing: 0.7816977947950363
  view-data: 3.323499709367752
