times:
  edit-metadata: 1.515161793678999
  landing: 0.9040765278041363
  view-data: 3.295100674033165
