times:
  edit-metadata: 1.4042610973119736
  landing: 0.7426728010177612
  view-data: 3.539641320705414
