times:
  edit-metadata: 1.5312561392784119
  landing: 0.8135011233389378
  view-data: 3.315704360604286
