times:
  edit-metadata: 1.4436634331941605
  landing: 0.7663308680057526
  view-data: 3.372287303209305
