times:
  edit-metadata: 1.4539829641580582
  landing: 0.7108224406838417
  view-data: 3.3334170654416084
