times:
  edit-metadata: 1.4591340646147728
  landing: 0.738313589245081
  view-data: 3.287017300724983
