times:
  edit-metadata: 1.453470192849636
  landing: 0.7505110204219818
  view-data: 3.3242621049284935
