times:
  edit-metadata: 1.4696477204561234
  landing: 0.7240671738982201
  view-data: 3.4166099950671196
