times:
  edit-metadata: 1.481078751385212
  landing: 0.8074861913919449
  view-data: 3.419337175786495
