times:
  edit-metadata: 1.442787066102028
  landing: 0.7634157240390778
  view-data: 3.2894713282585144
