times:
  edit-metadata: 1.491210799664259
  landing: 0.7747895754873753
  view-data: 3.305028423666954
