times:
  edit-metadata: 1.555004220455885
  landing: 1.0928340591490269
  view-data: 3.287328250706196
