times:
  edit-metadata: 1.4517222195863724
  landing: 0.7665734067559242
  view-data: 3.3967219591140747
