times:
  edit-metadata: 1.438186977058649
  landing: 0.8778941631317139
  view-data: 3.373059932142496
