times:
  edit-metadata: 1.6057725921273232
  landing: 0.9014803133904934
  view-data: 3.3147390596568584
