times:
  edit-metadata: 1.5364421010017395
  landing: 0.7527778595685959
  view-data: 3.4795640408992767
