times:
  edit-metadata: 2.1606398411095142
  landing: 1.1123790256679058
  view-data: 3.382226537913084
