times:
  edit-metadata: 1.503963217139244
  landing: 0.7038393020629883
  view-data: 3.35714241117239
