times:
  edit-metadata: 1.7735995724797249
  landing: 0.7359294518828392
  view-data: 3.3218938931822777
