times:
  edit-metadata: 1.4229373782873154
  landing: 0.7179800942540169
  view-data: 3.441072463989258
