times:
  edit-metadata: 1.4682568237185478
  landing: 0.8739921376109123
  view-data: 3.3072720021009445
