times:
  edit-metadata: 1.4123413637280464
  landing: 0.7577141374349594
  view-data: 3.5566882342100143
