times:
  edit-metadata: 1.445783358067274
  landing: 0.8169936798512936
  view-data: 3.4199196249246597
