times:
  edit-metadata: 1.4504462219774723
  landing: 0.7948340587317944
  view-data: 3.3234717585146427
