times:
  edit-metadata: 1.4816230311989784
  landing: 0.8333710134029388
  view-data: 3.3526985570788383
