times:
  edit-metadata: 1.340085655450821
  landing: 0.8192887604236603
  view-data: 3.3182633109390736
