times:
  edit-metadata: 1.6949427947402
  landing: 0.9775341041386127
  view-data: 3.4419153034687042
