times:
  edit-metadata: 1.4055114835500717
  landing: 0.7969902232289314
  view-data: 3.3576304838061333
