times:
  edit-metadata: 1.4684746637940407
  landing: 0.8235481381416321
  view-data: 3.544677384197712
