times:
  edit-metadata: 2.3600887320935726
  landing: 1.1365451663732529
  view-data: 3.398587055504322
