times:
  edit-metadata: 1.5962842591106892
  landing: 0.8375712744891644
  view-data: 3.2943532913923264
