times:
  edit-metadata: 1.3774788975715637
  landing: 0.7554513067007065
  view-data: 3.3999122604727745
