times:
  edit-metadata: 1.7402992956340313
  landing: 1.0442334897816181
  view-data: 3.33753115683794
