times:
  edit-metadata: 1.457500908523798
  landing: 0.7845752835273743
  view-data: 3.310756415128708
