times:
  edit-metadata: 1.435650296509266
  landing: 0.7582403123378754
  view-data: 3.446000963449478
