times:
  edit-metadata: 1.5143652260303497
  landing: 0.7782644480466843
  view-data: 3.4925424978137016
