times:
  edit-metadata: 2.537880726158619
  landing: 1.2467254847288132
  view-data: 3.57401305437088
