times:
  edit-metadata: 1.4379377402365208
  landing: 0.7310621999204159
  view-data: 3.3187176063656807
