times:
  edit-metadata: 2.8153555765748024
  landing: 0.9104836955666542
  view-data: 3.613345392048359
