times:
  edit-metadata: 2.2653528451919556
  landing: 1.1303573176264763
  view-data: 3.419245719909668
