times:
  edit-metadata: 1.4309595115482807
  landing: 0.784640297293663
  view-data: 3.3163668513298035
