times:
  edit-metadata: 1.4024816378951073
  landing: 0.7146246209740639
  view-data: 3.480824202299118
