times:
  edit-metadata: 1.3483939915895462
  landing: 0.7497939988970757
  view-data: 3.4834612235426903
