times:
  edit-metadata: 1.543645329773426
  landing: 0.8454701527953148
  view-data: 3.29752279818058
