times:
  edit-metadata: 1.5071696788072586
  landing: 0.7642658799886703
  view-data: 3.498812362551689
