times:
  edit-metadata: 1.426669865846634
  landing: 0.6868446171283722
  view-data: 3.5007406920194626
