times:
  edit-metadata: 1.4310402125120163
  landing: 0.764739315956831
  view-data: 3.361836325377226
