times:
  edit-metadata: 1.908559538424015
  landing: 1.0696505978703499
  view-data: 3.5446750968694687
