times:
  edit-metadata: 1.395638383924961
  landing: 0.7540291398763657
  view-data: 3.419638216495514
