times:
  edit-metadata: 1.4629945792257786
  landing: 0.7306530103087425
  view-data: 0.498201884329319
