times:
  edit-metadata: 1.5155817195773125
  landing: 0.8206316903233528
  view-data: 3.3371229097247124
