times:
  edit-metadata: 1.5285251177847385
  landing: 0.8184048794209957
  view-data: 3.2896030209958553
