times:
  edit-metadata: 2.776978425681591
  landing: 1.7679289132356644
  view-data: 3.906970039010048
