times:
  edit-metadata: 1.3970983102917671
  landing: 0.7253001555800438
  view-data: 3.465362474322319
