times:
  edit-metadata: 1.5066752210259438
  landing: 0.8381437361240387
  view-data: 3.3840115666389465
