times:
  edit-metadata: 1.4710430391132832
  landing: 0.780948344618082
  view-data: 3.3037284910678864
