times:
  edit-metadata: 1.9510786458849907
  landing: 1.0814269967377186
  view-data: 3.378677900880575
