times:
  edit-metadata: 1.5045542195439339
  landing: 0.9019196331501007
  view-data: 3.5547890663146973
