times:
  edit-metadata: 1.3748686090111732
  landing: 0.7634585723280907
  view-data: 3.5074671655893326
