times:
  edit-metadata: 1.3874667063355446
  landing: 0.7224767059087753
  view-data: 3.2673112899065018
