times:
  edit-metadata: 1.403508499264717
  landing: 0.8644338101148605
  view-data: 3.4889225885272026
