times:
  edit-metadata: 2.3847121596336365
  landing: 1.1887299790978432
  view-data: 3.3681411668658257
