times:
  edit-metadata: 1.4599745385348797
  landing: 0.7374286763370037
  view-data: 3.426747690886259
