times:
  edit-metadata: 1.5592592433094978
  landing: 0.7297136262059212
  view-data: 3.510196454823017
