times:
  edit-metadata: 1.492659468203783
  landing: 0.7461281977593899
  view-data: 3.32821911200881
