times:
  edit-metadata: 1.4500125162303448
  landing: 0.8292530179023743
  view-data: 0.575442124158144
