times:
  edit-metadata: 1.61982973664999
  landing: 0.8318364769220352
  view-data: 3.369919426739216
