times:
  edit-metadata: 1.4664618149399757
  landing: 0.7218632996082306
  view-data: 3.429119862616062
