times:
  edit-metadata: 1.4538479186594486
  landing: 0.7621475122869015
  view-data: 3.2702283151447773
