times:
  edit-metadata: 1.5335268750786781
  landing: 0.7604333087801933
  view-data: 3.311062529683113
