times:
  edit-metadata: 1.4085828885436058
  landing: 0.7418426275253296
  view-data: 3.5283200964331627
