times:
  edit-metadata: 1.4906299337744713
  landing: 0.748225674033165
  view-data: 3.341951321810484
