times:
  edit-metadata: 1.622900977730751
  landing: 0.8014668188989162
  view-data: 3.3561501391232014
