times:
  edit-metadata: 1.408576425164938
  landing: 0.7730187624692917
  view-data: 3.28506288677454
