times:
  edit-metadata: 1.442150641232729
  landing: 0.7512858547270298
  view-data: 3.3359424956142902
