times:
  edit-metadata: 1.4896752797067165
  landing: 0.7190685458481312
  view-data: 3.342414576560259
