times:
  edit-metadata: 1.5455291979014874
  landing: 0.8501977622509003
  view-data: 3.3069269694387913
