times:
  edit-metadata: 1.5707046389579773
  landing: 0.752377837896347
  view-data: 3.4470777809619904
