times:
  edit-metadata: 1.4710109904408455
  landing: 0.7923602759838104
  view-data: 3.4943015575408936
