times:
  edit-metadata: 2.626934226602316
  landing: 1.5382146462798119
  view-data: 3.6526816487312317
