times:
  edit-metadata: 1.4845406264066696
  landing: 0.7344903722405434
  view-data: 3.4805269986391068
