times:
  edit-metadata: 1.3672295212745667
  landing: 0.8199106566607952
  view-data: 3.3098718486726284
