times:
  edit-metadata: 1.5345693230628967
  landing: 0.7741561457514763
  view-data: 3.437172621488571
