times:
  edit-metadata: 1.4077088534832
  landing: 1.0560304373502731
  view-data: 3.3040276765823364
