times:
  edit-metadata: 1.435809925198555
  landing: 0.7652321755886078
  view-data: 3.3554617613554
