times:
  edit-metadata: 1.498838871717453
  landing: 0.8167846202850342
  view-data: 3.4681574776768684
