times:
  edit-metadata: 1.516196422278881
  landing: 0.9021481573581696
  view-data: 3.5146891996264458
