times:
  edit-metadata: 1.428402777761221
  landing: 0.8186390362679958
  view-data: 3.333738349378109
