times:
  edit-metadata: 1.4851824268698692
  landing: 0.7612842693924904
  view-data: 3.4971429631114006
