times:
  edit-metadata: 1.4828793928027153
  landing: 0.893511451780796
  view-data: 3.291225828230381
