times:
  edit-metadata: 1.526110865175724
  landing: 0.7872462347149849
  view-data: 3.3907121270895004
