times:
  edit-metadata: 1.415428850799799
  landing: 0.8325664699077606
  view-data: 3.2844989374279976
