times:
  edit-metadata: 1.427618071436882
  landing: 0.8064852952957153
  view-data: 3.371065843850374
