times:
  edit-metadata: 1.40081886947155
  landing: 0.7973474189639091
  view-data: 3.3062157928943634
