times:
  edit-metadata: 1.4004386141896248
  landing: 0.8140000104904175
  view-data: 3.641611397266388
