times:
  edit-metadata: 1.4818471521139145
  landing: 0.7976760715246201
  view-data: 3.3097630739212036
