times:
  edit-metadata: 2.1345590129494667
  landing: 1.096483252942562
  view-data: 3.461499758064747
