times:
  edit-metadata: 1.5698012709617615
  landing: 0.8811777643859386
  view-data: 3.4284228794276714
