times:
  edit-metadata: 1.6632109358906746
  landing: 0.8712369427084923
  view-data: 3.526492513716221
