times:
  edit-metadata: 1.4165657311677933
  landing: 0.8266114071011543
  view-data: 3.328531451523304
