times:
  edit-metadata: 1.485031597316265
  landing: 0.7860636115074158
  view-data: 3.495509423315525
