times:
  edit-metadata: 1.527633160352707
  landing: 0.8488261923193932
  view-data: 3.319665551185608
