times:
  edit-metadata: 1.4277121797204018
  landing: 0.8260147199034691
  view-data: 3.3055712804198265
