times:
  edit-metadata: 1.5065921619534492
  landing: 0.924318216741085
  view-data: 3.494586907327175
