times:
  edit-metadata: 1.4141418561339378
  landing: 0.7911195755004883
  view-data: 3.4689031541347504
