times:
  edit-metadata: 1.4446815326809883
  landing: 0.8668680675327778
  view-data: 3.4092520475387573
