times:
  edit-metadata: 1.5360815450549126
  landing: 1.015021413564682
  view-data: 3.501264289021492
