times:
  edit-metadata: 1.501487098634243
  landing: 0.8223907835781574
  view-data: 3.3529112823307514
