times:
  edit-metadata: 1.3608728870749474
  landing: 0.932237908244133
  view-data: 3.450827106833458
