times:
  edit-metadata: 1.5361240953207016
  landing: 0.7510769739747047
  view-data: 3.4374325796961784
