times:
  edit-metadata: 1.564051453024149
  landing: 0.912073478102684
  view-data: 3.3373852111399174
