times:
  edit-metadata: 1.3654523380100727
  landing: 0.7856844067573547
  view-data: 3.308003779500723
