times:
  edit-metadata: 1.4325099736452103
  landing: 0.781454786658287
  view-data: 3.347964346408844
