times:
  edit-metadata: 1.5237096175551414
  landing: 0.9789608418941498
  view-data: 3.315307378768921
