times:
  edit-metadata: 1.4955052360892296
  landing: 0.9042045399546623
  view-data: 3.4729484394192696
