times:
  edit-metadata: 1.4643923118710518
  landing: 0.7988497391343117
  view-data: 3.4830793663859367
