times:
  edit-metadata: 1.4413750246167183
  landing: 0.7902924343943596
  view-data: 3.533057078719139
