times:
  edit-metadata: 1.346743654459715
  landing: 0.7554612532258034
  view-data: 3.255531970411539
