times:
  edit-metadata: 1.4568576961755753
  landing: 0.8542521297931671
  view-data: 3.498107448220253
