times:
  edit-metadata: 1.5066323280334473
  landing: 0.7815619334578514
  view-data: 3.280354328453541
