times:
  edit-metadata: 1.5175531469285488
  landing: 0.8534744568169117
  view-data: 3.3043698593974113
