times:
  edit-metadata: 1.3839497566223145
  landing: 0.907797783613205
  view-data: 3.549018733203411
