times:
  edit-metadata: 1.3969144821166992
  landing: 0.9285840839147568
  view-data: 3.4702915102243423
