times:
  edit-metadata: 1.4264745190739632
  landing: 0.8027629405260086
  view-data: 3.340706542134285
