times:
  edit-metadata: 1.4050423838198185
  landing: 0.7887339740991592
  view-data: 3.4009804278612137
