times:
  edit-metadata: 1.4644887745380402
  landing: 0.8020094782114029
  view-data: 3.492579109966755
