times:
  edit-metadata: 1.3373429253697395
  landing: 0.764983557164669
  view-data: 3.481025993824005
