times:
  edit-metadata: 1.7500379905104637
  landing: 1.173887275159359
  view-data: 3.6549152731895447
