times:
  edit-metadata: 1.4001669995486736
  landing: 0.7780212350189686
  view-data: 3.3081566467881203
