times:
  edit-metadata: 1.4853528216481209
  landing: 0.7711504474282265
  view-data: 3.4422141388058662
