times:
  edit-metadata: 1.4804948642849922
  landing: 0.9165477231144905
  view-data: 3.470719076693058
