times:
  edit-metadata: 1.450572319328785
  landing: 0.8003839179873466
  view-data: 3.2798286005854607
