times:
  edit-metadata: 2.088121071457863
  landing: 0.9099228158593178
  view-data: 3.697151981294155
