times:
  edit-metadata: 1.442789226770401
  landing: 0.8700672909617424
  view-data: 3.4732527807354927
