times:
  edit-metadata: 1.6669685542583466
  landing: 0.8223348259925842
  view-data: 3.4553931951522827
