times:
  edit-metadata: 1.5375210233032703
  landing: 0.8896970376372337
  view-data: 3.2465794645249844
