times:
  edit-metadata: 1.4157970249652863
  landing: 0.7800227105617523
  view-data: 3.4399102702736855
