times:
  edit-metadata: 1.4975726827979088
  landing: 0.9104550555348396
  view-data: 3.3794934153556824
