times:
  edit-metadata: 1.510269857943058
  landing: 0.849124364554882
  view-data: 3.46853356808424
