times:
  edit-metadata: 1.3134706541895866
  landing: 0.8589244335889816
  view-data: 3.29905853420496
