times:
  edit-metadata: 1.5350538194179535
  landing: 0.8327888995409012
  view-data: 3.4644239023327827
