times:
  edit-metadata: 1.5094473250210285
  landing: 0.7878532335162163
  view-data: 3.298318736255169
