times:
  edit-metadata: 1.3707371093332767
  landing: 0.8914274051785469
  view-data: 3.2504231110215187
