times:
  edit-metadata: 1.6863741502165794
  landing: 0.8707424700260162
  view-data: 3.328954763710499
