times:
  edit-metadata: 1.9140359908342361
  landing: 1.1244096830487251
  view-data: 3.5770819075405598
