times:
  edit-metadata: 1.4139896482229233
  landing: 0.804474413394928
  view-data: 3.5421187058091164
