times:
  edit-metadata: 1.704322163015604
  landing: 0.9802473448216915
  view-data: 3.309900466352701
