times:
  edit-metadata: 1.500492587685585
  landing: 0.8143367767333984
  view-data: 3.510170556604862
