times:
  edit-metadata: 1.4482771828770638
  landing: 1.0231670886278152
  view-data: 3.613024912774563
