times:
  edit-metadata: 1.4996658936142921
  landing: 0.8887052796781063
  view-data: 3.380210880190134
