times:
  edit-metadata: 1.4643896259367466
  landing: 0.747992992401123
  view-data: 3.3748456984758377
