times:
  edit-metadata: 1.398330919444561
  landing: 0.7622839286923409
  view-data: 3.469851702451706
