times:
  edit-metadata: 1.3593412041664124
  landing: 0.7679755091667175
  view-data: 3.3348412588238716
