times:
  edit-metadata: 1.8101821541786194
  landing: 0.904758021235466
  view-data: 3.274335913360119
