times:
  edit-metadata: 1.6210785210132599
  landing: 0.9022683799266815
  view-data: 3.491990551352501
