times:
  edit-metadata: 1.4271444231271744
  landing: 0.7446952387690544
  view-data: 3.444336473941803
