times:
  edit-metadata: 1.473372109234333
  landing: 0.8186907395720482
  view-data: 3.442829057574272
