times:
  edit-metadata: 1.4000709503889084
  landing: 0.7323588356375694
  view-data: 3.4662174060940742
