times:
  edit-metadata: 1.4231908544898033
  landing: 1.0931355133652687
  view-data: 3.2840039245784283
