times:
  edit-metadata: 1.508001122623682
  landing: 0.9314535483717918
  view-data: 3.3509721718728542
