times:
  edit-metadata: 1.4801610559225082
  landing: 0.8393527790904045
  view-data: 3.4165694639086723
