times:
  edit-metadata: 1.7181172370910645
  landing: 1.1543800085783005
  view-data: 3.36126147583127
