times:
  edit-metadata: 1.3676701374351978
  landing: 0.9836055003106594
  view-data: 3.277641274034977
