times:
  edit-metadata: 1.4983804896473885
  landing: 0.8431456834077835
  view-data: 3.4426703825592995
