times:
  edit-metadata: 1.49069032818079
  landing: 0.7865312471985817
  view-data: 3.4813110306859016
