times:
  edit-metadata: 1.4493046775460243
  landing: 0.7592811286449432
  view-data: 3.4243970215320587
