times:
  edit-metadata: 1.4492207914590836
  landing: 0.8550810217857361
  view-data: 3.330739453434944
