times:
  edit-metadata: 2.077156111598015
  landing: 1.4335701763629913
  view-data: 3.577448084950447
