times:
  edit-metadata: 1.7430679649114609
  landing: 0.8329801186919212
  view-data: 3.3172857761383057
