times:
  edit-metadata: 1.3728616759181023
  landing: 0.858133353292942
  view-data: 3.334465853869915
