times:
  edit-metadata: 1.4764225408434868
  landing: 0.7913779467344284
  view-data: 3.5217652395367622
