times:
  edit-metadata: 1.3548878394067287
  landing: 0.901775386184454
  view-data: 3.3155976943671703
