times:
  edit-metadata: 1.6541998982429504
  landing: 1.084295853972435
  view-data: 3.351321652531624
