times:
  edit-metadata: 1.397626832127571
  landing: 0.8911588005721569
  view-data: 3.2966984659433365
