times:
  edit-metadata: 1.4598173722624779
  landing: 0.9806198626756668
  view-data: 3.324179358780384
