times:
  edit-metadata: 1.4745464026927948
  landing: 0.9215986579656601
  view-data: 3.3769398257136345
