times:
  edit-metadata: 1.4156888760626316
  landing: 0.8323480561375618
  view-data: 3.356861263513565
