times:
  edit-metadata: 1.4060250595211983
  landing: 0.8710991367697716
  view-data: 3.398968428373337
