times:
  edit-metadata: 1.5431188941001892
  landing: 0.838230773806572
  view-data: 3.2985608465969563
