times:
  edit-metadata: 1.5508650168776512
  landing: 0.8427438214421272
  view-data: 3.487839363515377
