times:
  edit-metadata: 1.564059592783451
  landing: 0.9155822396278381
  view-data: 3.3022884503006935
