times:
  edit-metadata: 1.3625648692250252
  landing: 0.7560809068381786
  view-data: 3.291029080748558
