times:
  edit-metadata: 2.5792440995573997
  landing: 1.684751145541668
  view-data: 3.8687050864100456
