times:
  edit-metadata: 1.4200189039111137
  landing: 0.7911317944526672
  view-data: 3.4686933755874634
