times:
  edit-metadata: 1.3466333821415901
  landing: 0.6873393803834915
  view-data: 3.4947660490870476
