times:
  edit-metadata: 1.370959833264351
  landing: 0.7369231805205345
  view-data: 3.4361022859811783
