times:
  edit-metadata: 1.457009918987751
  landing: 0.8233635760843754
  view-data: 3.3643034286797047
