times:
  edit-metadata: 1.5419205129146576
  landing: 0.9945504069328308
  view-data: 3.3157567232847214
