times:
  edit-metadata: 1.4836593642830849
  landing: 0.8102501891553402
  view-data: 3.3103952072560787
