times:
  edit-metadata: 1.4206979870796204
  landing: 0.9800226837396622
  view-data: 3.3353769592940807
