times:
  edit-metadata: 1.3653244897723198
  landing: 0.7605107352137566
  view-data: 3.490370459854603
