times:
  edit-metadata: 1.3724369667470455
  landing: 0.7683408372104168
  view-data: 3.3296369202435017
