times:
  edit-metadata: 1.4520934261381626
  landing: 0.8457859009504318
  view-data: 3.313559301197529
