times:
  edit-metadata: 1.4621662572026253
  landing: 0.7952829003334045
  view-data: 3.4723196923732758
