times:
  edit-metadata: 1.519607424736023
  landing: 0.8884247988462448
  view-data: 3.5342529863119125
