times:
  edit-metadata: 1.4920947030186653
  landing: 0.8534282334148884
  view-data: 3.303694449365139
