times:
  edit-metadata: 1.5472734048962593
  landing: 0.8321423605084419
  view-data: 3.5591711327433586
