times:
  edit-metadata: 1.5036961510777473
  landing: 0.7835492193698883
  view-data: 3.491715505719185
