times:
  edit-metadata: 1.3880616202950478
  landing: 0.8508361205458641
  view-data: 3.428923211991787
