times:
  edit-metadata: 1.405469361692667
  landing: 0.8203220218420029
  view-data: 3.2938808128237724
