times:
  edit-metadata: 2.1301254630088806
  landing: 1.2736859023571014
  view-data: 3.524595759809017
