times:
  edit-metadata: 1.4953250885009766
  landing: 0.7566686272621155
  view-data: 3.4260755255818367
