times:
  edit-metadata: 1.3411448895931244
  landing: 0.7433527708053589
  view-data: 3.4341037049889565
