times:
  edit-metadata: 1.9287764467298985
  landing: 1.3623519353568554
  view-data: 3.405554037541151
