times:
  edit-metadata: 1.4724478051066399
  landing: 1.0879436954855919
  view-data: 3.264402613043785
