times:
  edit-metadata: 1.3082727417349815
  landing: 0.8349126540124416
  view-data: 3.3394038565456867
