times:
  edit-metadata: 1.427997276186943
  landing: 0.7718151584267616
  view-data: 3.3769476264715195
