times:
  edit-metadata: 1.4778850227594376
  landing: 0.8363229259848595
  view-data: 3.528251312673092
