times:
  edit-metadata: 1.648316390812397
  landing: 1.2359898015856743
  view-data: 3.2851285822689533
