times:
  edit-metadata: 1.425249956548214
  landing: 0.7539573013782501
  view-data: 3.385607436299324
