times:
  edit-metadata: 1.464660368859768
  landing: 0.8546750210225582
  view-data: 3.3392716832458973
