times:
  edit-metadata: 1.4184926748275757
  landing: 0.7422511130571365
  view-data: 3.3973226994276047
