times:
  edit-metadata: 2.3139457143843174
  landing: 1.2839881218969822
  view-data: 3.3517971709370613
