times:
  edit-metadata: 1.4664678648114204
  landing: 0.8134798482060432
  view-data: 3.455668456852436
