times:
  edit-metadata: 1.4822515919804573
  landing: 0.8683673664927483
  view-data: 3.299805674701929
