times:
  edit-metadata: 1.5037400647997856
  landing: 0.8631101474165916
  view-data: 3.3399046659469604
