times:
  edit-metadata: 2.172981448471546
  landing: 1.25342283770442
  view-data: 3.4411832205951214
