times:
  edit-metadata: 1.4883234724402428
  landing: 0.808241456747055
  view-data: 3.4226756170392036
