times:
  edit-metadata: 1.4386380761861801
  landing: 0.885151818394661
  view-data: 3.394395187497139
