times:
  edit-metadata: 1.39363431930542
  landing: 0.810083195567131
  view-data: 3.4327263608574867
