times:
  edit-metadata: 1.4721518829464912
  landing: 0.7250989750027657
  view-data: 3.4657816514372826
