times:
  edit-metadata: 1.723979339003563
  landing: 0.8357704132795334
  view-data: 3.4493854492902756
