times:
  edit-metadata: 1.4677406325936317
  landing: 0.7767523750662804
  view-data: 3.5436679869890213
