times:
  edit-metadata: 1.4237805604934692
  landing: 0.7830377519130707
  view-data: 3.352554976940155
