times:
  edit-metadata: 1.4195509478449821
  landing: 0.7735763862729073
  view-data: 3.492880202829838
