times:
  edit-metadata: 1.4660072550177574
  landing: 0.7839429602026939
  view-data: 3.482483983039856
