times:
  edit-metadata: 1.4383170753717422
  landing: 0.7821094244718552
  view-data: 3.323351562023163
