times:
  edit-metadata: 1.4880234897136688
  landing: 0.9227032139897346
  view-data: 3.5954024344682693
