times:
  edit-metadata: 1.3868874683976173
  landing: 0.8222416341304779
  view-data: 3.299844115972519
