times:
  edit-metadata: 1.5065447762608528
  landing: 0.7928334549069405
  view-data: 3.4700494930148125
