times:
  edit-metadata: 1.6599245788529515
  landing: 0.8223405033349991
  view-data: 3.696844920516014
