times:
  edit-metadata: 0.5910215219919337
  landing: 0.0537491259892704
  view-data: 0.34067079999658745
