times:
  edit-metadata: 0.5064429331105202
  landing: 0.05743381497450173
  view-data: 0.2318736519664526
