times:
  edit-metadata: 0.5677348510362208
  landing: 0.11265713500324637
  view-data: 0.2119633270194754
