times:
  edit-metadata: 1.8936638571321964
  landing: 1.0771937854588032
  view-data: 3.37790734693408
