times:
  edit-metadata: 1.4432165995240211
  landing: 0.8344782087951899
  view-data: 3.4256669227033854
