times:
  edit-metadata: 1.947241635993123
  landing: 1.203357983380556
  view-data: 3.4463947461917996
