times:
  edit-metadata: 1.4008289350313134
  landing: 0.2948799679870717
  view-data: 0.30610068602254614
