times:
  edit-metadata: 1.3238531099632382
  landing: 0.8467781692743301
  view-data: 3.3459667805582285
