times:
  edit-metadata: 0.49626926612108946
  landing: 0.07174159400165081
  view-data: 0.4681014979723841
