times:
  edit-metadata: 0.5751974320155568
  landing: 0.06502390303649008
  view-data: 0.21866851701634005
