times:
  edit-metadata: 0.582463197002653
  landing: 0.065678883001965
  view-data: 0.21360720100346953
