times:
  edit-metadata: 1.5019722282886505
  landing: 0.7149620801210403
  view-data: 3.3335606455802917
