times:
  edit-metadata: 1.3740262314677238
  landing: 0.8273279294371605
  view-data: 3.290550295263529
