times:
  edit-metadata: 1.6158361360430717
  landing: 0.9272169433534145
  view-data: 3.325049579143524
