times:
  edit-metadata: 1.4339364180341363
  landing: 0.8230054600862786
  view-data: 3.358388253953308
