times:
  edit-metadata: 1.3833419941365719
  landing: 0.7028811573982239
  view-data: 3.343754544854164
