times:
  edit-metadata: 1.9858877453953028
  landing: 0.9585861247032881
  view-data: 3.4845185866579413
