times:
  edit-metadata: 1.8023157082498074
  landing: 0.9553602747619152
  view-data: 3.300388593226671
