times:
  edit-metadata: 0.488096383982338
  landing: 0.05844450800213963
  view-data: 0.21190054807811975
