times:
  edit-metadata: 1.578690081834793
  landing: 0.8920964249409735
  view-data: 3.396849888842553
