times:
  edit-metadata: 0.5092706690193154
  landing: 0.07467094098683447
  view-data: 0.21721329598221928
