times:
  edit-metadata: 0.501984782051295
  landing: 0.0780371013097465
  view-data: 0.21578058507293463
