times:
  edit-metadata: 1.4041145145893097
  landing: 0.9315442070364952
  view-data: 3.3555748462677
