times:
  edit-metadata: 0.5114606330171227
  landing: 0.0726824183948338
  view-data: 0.34446763014420867
