times:
  edit-metadata: 1.4891464412212372
  landing: 0.9467740245163441
  view-data: 3.3401313051581383
