times:
  edit-metadata: 1.5550644658505917
  landing: 0.8194558918476105
  view-data: 3.4428460337221622
