times:
  edit-metadata: 3.7841091454029083
  landing: 2.4094757065176964
  view-data: 3.9282670952379704
