times:
  edit-metadata: 0.5284796010237187
  landing: 0.051943983882665634
  view-data: 0.2133558439090848
