times:
  edit-metadata: 1.7766081169247627
  landing: 0.8856547810137272
  view-data: 3.4790406860411167
