times:
  edit-metadata: 1.4990033470094204
  landing: 0.7605027351528406
  view-data: 3.360638139769435
