times:
  edit-metadata: 1.7052435521036386
  landing: 1.0431182123720646
  view-data: 3.4694413878023624
