times:
  edit-metadata: 0.7977385800331831
  landing: 0.07739550387486815
  view-data: 0.30012761801481247
