times:
  edit-metadata: 1.5037334077060223
  landing: 0.8843158837407827
  view-data: 3.3893878180533648
