times:
  edit-metadata: 0.6537433769844938
  landing: 0.12535999598912895
  view-data: 0.273663931991905
