times:
  edit-metadata: 2.8217232413589954
  landing: 1.4394653495401144
  view-data: 3.639960901811719
