times:
  edit-metadata: 0.5032837380422279
  landing: 0.07194551103748381
  view-data: 0.22036044101696461
