times:
  edit-metadata: 0.5661764401011169
  landing: 0.07022058498114347
  view-data: 0.21457451104652137
