times:
  edit-metadata: 1.285672807134688
  landing: 0.7413712358102202
  view-data: 3.333744890987873
