times:
  edit-metadata: 1.4194474518299103
  landing: 0.8484477289021015
  view-data: 3.362496480345726
