times:
  edit-metadata: 1.598016731441021
  landing: 0.8301366530358791
  view-data: 3.548814296722412
