times:
  edit-metadata: 1.5049753487110138
  landing: 0.8701811656355858
  view-data: 3.3842986822128296
