times:
  edit-metadata: 1.4668139880523086
  landing: 0.8803055719472468
  view-data: 3.367278720252216
