times:
  edit-metadata: 1.5212835259735584
  landing: 0.8809199687093496
  view-data: 3.3485723361372948
