times:
  edit-metadata: 1.4813178591430187
  landing: 0.84194016456604
  view-data: 3.3203883171081543
