times:
  edit-metadata: 1.4349855445325375
  landing: 0.8001001002267003
  view-data: 3.3649970069527626
