times:
  edit-metadata: 1.406902451068163
  landing: 0.8710053525865078
  view-data: 3.3679963909089565
