times:
  edit-metadata: 0.48652753978967667
  landing: 0.06980793364346027
  view-data: 0.21990692196413875
