times:
  edit-metadata: 1.5695600844919682
  landing: 0.8091384097933769
  view-data: 3.4189316257834435
