times:
  edit-metadata: 1.6196475103497505
  landing: 1.0004842765629292
  view-data: 3.35152455791831
