times:
  edit-metadata: 1.3838708370458335
  landing: 0.7712351980153471
  view-data: 3.4694976820610464
