times:
  edit-metadata: 2.334323078393936
  landing: 1.0656624287366867
  view-data: 3.4364845491945744
