times:
  edit-metadata: 0.5243619169923477
  landing: 0.04327694996027276
  view-data: 0.2149552819901146
