times:
  edit-metadata: 0.7085274029814173
  landing: 0.054390119010349736
  view-data: 0.2668366319849156
