times:
  edit-metadata: 1.520657324930653
  landing: 0.8678242380265146
  view-data: 3.3829112940002233
