times:
  edit-metadata: 1.7960817124694586
  landing: 1.010590786114335
  view-data: 3.4347557798027992
