times:
  edit-metadata: 1.500330964103341
  landing: 0.7242060601711273
  view-data: 3.410175424069166
