times:
  edit-metadata: 0.548201295081526
  landing: 0.04588181502185762
  view-data: 0.23300947295501828
