times:
  edit-metadata: 1.5046614743769169
  landing: 0.875422514975071
  view-data: 3.391980331391096
