times:
  edit-metadata: 0.5064261108636856
  landing: 0.06826160498894751
  view-data: 0.33618777501396835
