times:
  edit-metadata: 1.8483823165297508
  landing: 1.0600229501724243
  view-data: 3.398321855813265
