times:
  edit-metadata: 1.5250513581559062
  landing: 0.8873954135924578
  view-data: 3.4037392055615783
