times:
  edit-metadata: 0.6021226949524134
  landing: 0.0702514280565083
  view-data: 0.22817798296455294
