times:
  edit-metadata: 1.3239828012883663
  landing: 0.7551979124546051
  view-data: 3.3063368275761604
