times:
  edit-metadata: 1.4629362225532532
  landing: 0.8824813403189182
  view-data: 3.3378520272672176
