times:
  edit-metadata: 0.5676493010250852
  landing: 0.07050040201283991
  view-data: 0.23170833598123863
