times:
  edit-metadata: 1.5818124618381262
  landing: 0.9121199604123831
  view-data: 3.5125834438949823
