times:
  edit-metadata: 1.6587365120649338
  landing: 0.9495417103171349
  view-data: 3.3277342580258846
