times:
  edit-metadata: 0.6085987190017477
  landing: 0.051712048007175326
  view-data: 0.2258346340386197
