times:
  edit-metadata: 1.4524054573848844
  landing: 0.8546503139659762
  view-data: 3.3837575037032366
