times:
  edit-metadata: 0.5113983298651874
  landing: 0.07519596675410867
  view-data: 0.22314214101061225
