times:
  edit-metadata: 1.6478013186715543
  landing: 8.09547025617212
  view-data: 3.370608425233513
