times:
  edit-metadata: 1.421139251004206
  landing: 0.024993009996251203
  view-data: 0.026599448989145458
