times:
  edit-metadata: 0.8410607310943305
  landing: 0.09467671904712915
  view-data: 0.31907537393271923
