times:
  edit-metadata: 0.5072083489503711
  landing: 0.0530273939948529
  view-data: 0.21393101918511093
