times:
  edit-metadata: 2.7318979389965534
  landing: 1.5823272876441479
  view-data: 3.981810461729765
