times:
  edit-metadata: 1.5859474949538708
  landing: 0.8998811133205891
  view-data: 3.540634799748659
