times:
  edit-metadata: 1.537500174716115
  landing: 0.7301930841058493
  view-data: 3.393736809492111
