times:
  edit-metadata: 0.7427756879478693
  landing: 0.059923353139311075
  view-data: 0.246217034291476
