times:
  edit-metadata: 1.4733855295926332
  landing: 0.7351195644587278
  view-data: 3.349357955157757
