times:
  edit-metadata: 0.6977547337301075
  landing: 0.11872701300308108
  view-data: 0.2175012743100524
