times:
  edit-metadata: 0.4921301892027259
  landing: 0.07447032118216157
  view-data: 0.20950340991839767
