times:
  edit-metadata: 2.129516150802374
  landing: 1.4252745918929577
  view-data: 3.4985260292887688
