times:
  edit-metadata: 0.49652417097240686
  landing: 0.07178332097828388
  view-data: 0.22179111000150442
