times:
  edit-metadata: 1.8481053225696087
  landing: 1.1380151249468327
  view-data: 3.3092950070276856
