times:
  edit-metadata: 1.4486045092344284
  landing: 0.763065820094198
  view-data: 3.40230204584077
