times:
  edit-metadata: 0.7000339949736372
  landing: 0.08934059302555397
  view-data: 0.20426017697900534
