times:
  edit-metadata: 1.4292989310342818
  landing: 1.0303695551119745
  view-data: 3.3698933850973845
