times:
  edit-metadata: 2.0025245221331716
  landing: 0.781139018945396
  view-data: 3.487680488266051
