times:
  edit-metadata: 1.4834326058626175
  landing: 0.8496635220944881
  view-data: 3.3059871569275856
