times:
  edit-metadata: 0.6525831441394985
  landing: 0.08581213420256972
  view-data: 0.24807559931650758
