times:
  edit-metadata: 1.3763580024242401
  landing: 0.9811966344714165
  view-data: 3.434701304882765
