times:
  edit-metadata: 0.5028185250703245
  landing: 0.0680961930193007
  view-data: 0.21190523682162166
