times:
  edit-metadata: 0.527093464974314
  landing: 0.043336943024769425
  view-data: 0.21422342699952424
