times:
  edit-metadata: 1.6931579317897558
  landing: 0.7502665892243385
  view-data: 3.326615869998932
