times:
  edit-metadata: 1.5031859036535025
  landing: 0.7968477010726929
  view-data: 3.3953642323613167
