times:
  edit-metadata: 0.5006484920158982
  landing: 0.07150593912228942
  view-data: 0.22179290698841214
