times:
  edit-metadata: 1.2984538516029716
  landing: 0.839868925511837
  view-data: 3.378015113994479
