times:
  edit-metadata: 1.5755554186180234
  landing: 0.8463759887963533
  view-data: 3.433630557730794
