times:
  edit-metadata: 1.4425863437354565
  landing: 0.803142860531807
  view-data: 3.4993367046117783
