times:
  edit-metadata: 1.6814014688134193
  landing: 0.9132182262837887
  view-data: 3.3724617771804333
