times:
  edit-metadata: 1.6276102978736162
  landing: 0.23137511871755123
  view-data: 0.4899469520896673
