times:
  edit-metadata: 1.4508684193715453
  landing: 0.8008002107962966
  view-data: 3.360199473798275
