times:
  edit-metadata: 1.6321900002658367
  landing: 0.296822564676404
  view-data: 0.031189847737550735
