times:
  edit-metadata: 1.4215082488954067
  landing: 0.7167052663862705
  view-data: 3.258197959512472
