times:
  edit-metadata: 1.5147734880447388
  landing: 0.7276585213840008
  view-data: 3.2886721827089787
