times:
  edit-metadata: 1.5134979453869164
  landing: 0.8274108530022204
  view-data: 3.365316343959421
