times:
  edit-metadata: 1.549839911982417
  landing: 0.8584131132811308
  view-data: 3.3888787291944027
