times:
  edit-metadata: 1.2970748300431296
  landing: 0.9241756830597296
  view-data: 3.382571392925456
