times:
  edit-metadata: 1.524507923051715
  landing: 0.7382440716028214
  view-data: 3.3792653251439333
