times:
  edit-metadata: 0.6378263849765062
  landing: 0.05981793103273958
  view-data: 0.21522456291131675
