times:
  edit-metadata: 1.578022051602602
  landing: 0.7817112468183041
  view-data: 3.416071305051446
