times:
  edit-metadata: 1.665909320116043
  landing: 0.9037460274994373
  view-data: 3.486680429428816
