times:
  edit-metadata: 0.5550732128322124
  landing: 0.049818895757198334
  view-data: 0.21955874282866716
