times:
  edit-metadata: 1.760519890114665
  landing: 1.0352945886552334
  view-data: 3.4094282556325197
