times:
  edit-metadata: 1.495622782036662
  landing: 0.7384238559752703
  view-data: 3.384003471583128
