times:
  edit-metadata: 0.5009759289678186
  landing: 0.06436816300265491
  view-data: 0.21105329401325434
