times:
  edit-metadata: 0.5086862730095163
  landing: 0.07554425997659564
  view-data: 0.21022335707675666
