times:
  edit-metadata: 0.5141315760556608
  landing: 0.0696950260316953
  view-data: 0.22291881300043315
