times:
  edit-metadata: 1.525276005268097
  landing: 0.963654812425375
  view-data: 3.3993062116205692
