times:
  edit-metadata: 1.4584210962057114
  landing: 0.7846038658171892
  view-data: 3.3378189243376255
