times:
  edit-metadata: 0.6372229643166065
  landing: 0.06694505736231804
  view-data: 0.2422609948553145
