times:
  edit-metadata: 1.4914316907525063
  landing: 0.9065458886325359
  view-data: 3.3386098854243755
