times:
  edit-metadata: 1.5374813042581081
  landing: 0.7799683250486851
  view-data: 3.4324859380722046
