times:
  edit-metadata: 1.5374448634684086
  landing: 0.9376970715820789
  view-data: 3.4421708956360817
