times:
  edit-metadata: 1.4927063062787056
  landing: 0.8012612536549568
  view-data: 3.3378946660086513
