times:
  edit-metadata: 1.4589961413294077
  landing: 0.6733406912535429
  view-data: 3.2977802716195583
