times:
  edit-metadata: 1.4051394499838352
  landing: 0.7895405900198966
  view-data: 3.282197755994275
