times:
  edit-metadata: 1.4606669950298965
  landing: 0.7654204783029854
  view-data: 3.370566749945283
