times:
  edit-metadata: 1.3194013729225844
  landing: 0.7087769568897784
  view-data: 3.2661155508831143
