times:
  edit-metadata: 1.3030733929481357
  landing: 0.8279577239882201
  view-data: 3.419204354053363
