times:
  edit-metadata: 1.3142825607210398
  landing: 0.691145284101367
  view-data: 3.3048815615475178
