times:
  edit-metadata: 0.6575737688690424
  landing: 0.1199965919367969
  view-data: 0.22253141133114696
