times:
  edit-metadata: 1.4848418449983
  landing: 0.8644047800917178
  view-data: 3.309341500978917
