times:
  edit-metadata: 1.6047389432787895
  landing: 1.3484945446252823
  view-data: 3.334783986210823
