times:
  edit-metadata: 1.4491337798535824
  landing: 0.8460197411477566
  view-data: 3.3360034376382828
