times:
  edit-metadata: 0.495339201297611
  landing: 0.05659781023859978
  view-data: 0.20728866383433342
