times:
  edit-metadata: 1.3401585994288325
  landing: 0.7064140755683184
  view-data: 3.306945798918605
