times:
  edit-metadata: 1.5918917283415794
  landing: 0.7936725001782179
  view-data: 3.453801691532135
