times:
  edit-metadata: 0.5792051180033013
  landing: 0.06965826998930424
  view-data: 0.2174382139928639
