times:
  edit-metadata: 0.5271605011075735
  landing: 0.05001128790900111
  view-data: 0.2125251400284469
