times:
  edit-metadata: 1.594585308805108
  landing: 0.8020389806479216
  view-data: 3.442995449528098
