times:
  edit-metadata: 0.5775127620436251
  landing: 0.07379386993125081
  view-data: 0.20135147403925657
