times:
  edit-metadata: 0.490870522800833
  landing: 0.06738217594102025
  view-data: 0.2120689107105136
