times:
  edit-metadata: 1.6021109819412231
  landing: 0.8299748115241528
  view-data: 3.401888482272625
