times:
  edit-metadata: 1.4490313567221165
  landing: 0.8974959850311279
  view-data: 3.320563331246376
