times:
  edit-metadata: 1.5291881749872118
  landing: 0.8195151351392269
  view-data: 3.379282193025574
