times:
  edit-metadata: 1.5019144043326378
  landing: 0.7916549406945705
  view-data: 3.423715589568019
