times:
  edit-metadata: 1.6673403680324554
  landing: 1.0165947303175926
  view-data: 3.5055257380008698
