times:
  edit-metadata: 1.751908691599965
  landing: 1.0895451996475458
  view-data: 3.4468666445463896
