times:
  edit-metadata: 0.5761204779992113
  landing: 0.07125429100415204
  view-data: 0.22585934499511495
