times:
  edit-metadata: 1.3624642454087734
  landing: 0.7125121271237731
  view-data: 3.3205327289178967
