times:
  edit-metadata: 0.5111975851468742
  landing: 0.058779929066076875
  view-data: 0.21224463498219848
