times:
  edit-metadata: 1.6967811454087496
  landing: 1.0398260802030563
  view-data: 3.379125652834773
