times:
  edit-metadata: 2.111095095053315
  landing: 1.3835872542113066
  view-data: 3.654602784663439
