times:
  edit-metadata: 0.7238757638260722
  landing: 0.06840841611847281
  view-data: 0.2033979669213295
