times:
  edit-metadata: 0.5209255840163678
  landing: 0.07261477410793304
  view-data: 0.22205427009612322
