times:
  edit-metadata: 0.5274262260063551
  landing: 0.04888480302179232
  view-data: 0.21208855998702347
