times:
  edit-metadata: 1.5613720938563347
  landing: 0.9728453196585178
  view-data: 3.4395784121006727
