times:
  edit-metadata: 0.6052112746983767
  landing: 0.08186948578804731
  view-data: 0.25337753677740693
