times:
  edit-metadata: 1.4656303375959396
  landing: 0.7624345440417528
  view-data: 3.351002072915435
