times:
  edit-metadata: 2.1394725799909793
  landing: 0.3458591219969094
  view-data: 0.20161342900246382
