times:
  edit-metadata: 1.525833947584033
  landing: 0.7074062842875719
  view-data: 3.367100989446044
