times:
  edit-metadata: 2.393478339537978
  landing: 0.9344703648239374
  view-data: 3.531717399135232
