times:
  edit-metadata: 0.5752176629612222
  landing: 0.07672492403071374
  view-data: 0.2142447599908337
