times:
  edit-metadata: 1.3693341575562954
  landing: 0.8574120700359344
  view-data: 3.3352996297180653
