times:
  edit-metadata: 1.7642792314291
  landing: 1.0215354189276695
  view-data: 3.484061114490032
