times:
  edit-metadata: 0.52145600609947
  landing: 0.048392425989732146
  view-data: 0.21300046192482114
