times:
  edit-metadata: 1.4746831394731998
  landing: 6.919525355100632
  view-data: 3.388091765344143
