times:
  edit-metadata: 1.3293989209923893
  landing: 0.7539996588602662
  view-data: 3.2723644049838185
