times:
  edit-metadata: 0.49527662596665323
  landing: 0.0728617338463664
  view-data: 0.20933621400035918
