times:
  edit-metadata: 1.472318917978555
  landing: 0.7151887738145888
  view-data: 3.361501721898094
