times:
  edit-metadata: 1.604844730347395
  landing: 0.9689278639853001
  view-data: 3.390762113034725
