times:
  edit-metadata: 1.5228310823440552
  landing: 0.9636688865721226
  view-data: 3.36558486148715
