times:
  edit-metadata: 0.5078149960027076
  landing: 0.0712078929936979
  view-data: 0.21750397799769416
