times:
  edit-metadata: 1.505156870931387
  landing: 0.7538850083947182
  view-data: 3.3123187571763992
