times:
  edit-metadata: 1.360147550702095
  landing: 0.6557810492813587
  view-data: 3.3190783224999905
