times:
  edit-metadata: 2.107039123773575
  landing: 1.4201432280242443
  view-data: 3.5706031937152147
