times:
  edit-metadata: 1.5372322001494467
  landing: 0.8085229969583452
  view-data: 3.408577123656869
