times:
  edit-metadata: 2.0460699535906315
  landing: 1.1850034333765507
  view-data: 3.4957613674923778
