times:
  edit-metadata: 1.4890901949256659
  landing: 0.7929896153509617
  view-data: 3.4108354095369577
