times:
  edit-metadata: 0.49465199699625373
  landing: 0.07079951395280659
  view-data: 0.21350469393655658
