times:
  edit-metadata: 2.982312358915806
  landing: 1.564061937853694
  view-data: 3.4740001540631056
