times:
  edit-metadata: 0.5086796171963215
  landing: 0.07154659414663911
  view-data: 0.2168582510203123
