times:
  edit-metadata: 0.5310982679948211
  landing: 0.04781324998475611
  view-data: 0.2235868398565799
