times:
  edit-metadata: 0.4920831769704819
  landing: 0.07274146704003215
  view-data: 0.21145648788660765
