times:
  edit-metadata: 0.6899257912300527
  landing: 0.1308504049666226
  view-data: 0.21258559310808778
