times:
  edit-metadata: 1.7147009475156665
  landing: 0.7959638591855764
  view-data: 3.342607663013041
