times:
  edit-metadata: 2.586219282820821
  landing: 1.3369604349136353
  view-data: 3.82372859492898
