times:
  edit-metadata: 1.3534646360203624
  landing: 0.7845445279963315
  view-data: 3.2399334689835086
