times:
  edit-metadata: 1.5553624257445335
  landing: 0.8130572997033596
  view-data: 3.3605679348111153
