times:
  edit-metadata: 0.5832644499605522
  landing: 0.07186947599984705
  view-data: 0.21341972501249984
