times:
  edit-metadata: 1.9824554771184921
  landing: 1.099431929178536
  view-data: 3.5964456852525473
