times:
  edit-metadata: 1.4045698354020715
  landing: 0.7553115729242563
  view-data: 3.3457909608259797
