times:
  edit-metadata: 1.2536386831197888
  landing: 0.7200581510551274
  view-data: 3.296826174017042
