times:
  edit-metadata: 1.427245993167162
  landing: 0.9641681984066963
  view-data: 3.3548982590436935
