times:
  edit-metadata: 1.444732021074742
  landing: 0.8227248732000589
  view-data: 3.4056326602585614
