times:
  edit-metadata: 0.6616464862599969
  landing: 0.06063693203032017
  view-data: 0.34192397771403193
