times:
  edit-metadata: 1.5080734509974718
  landing: 0.8993587084114552
  view-data: 3.433522280305624
