times:
  edit-metadata: 1.6288389824330807
  landing: 0.7341109197586775
  view-data: 3.3139697313308716
