times:
  edit-metadata: 0.5192067520692945
  landing: 0.07046571001410484
  view-data: 0.22279307199642062
