times:
  edit-metadata: 1.4001516662538052
  landing: 0.7943858280777931
  view-data: 3.390973277390003
