times:
  edit-metadata: 1.4444514596834779
  landing: 0.7911198679357767
  view-data: 3.3706553848460317
