times:
  edit-metadata: 2.73834758810699
  landing: 1.2155967950820923
  view-data: 3.715504238381982
