times:
  edit-metadata: 1.5464549120515585
  landing: 0.7223081812262535
  view-data: 3.376184457913041
