times:
  edit-metadata: 1.6024128422141075
  landing: 0.801670846529305
  view-data: 3.326747336424887
