times:
  edit-metadata: 0.5110013431403786
  landing: 0.07564107491634786
  view-data: 0.21995538682676852
