times:
  edit-metadata: 1.5079682804644108
  landing: 0.763147346675396
  view-data: 3.398608911782503
