times:
  edit-metadata: 0.5104804209986469
  landing: 0.06887257000198588
  view-data: 0.21419704200525302
