times:
  edit-metadata: 1.4944306649267673
  landing: 0.8386065289378166
  view-data: 3.3953810818493366
