times:
  edit-metadata: 0.5951564600691199
  landing: 0.07132105063647032
  view-data: 0.22048644488677382
