times:
  edit-metadata: 1.4450585953891277
  landing: 0.6705190874636173
  view-data: 3.375363454222679
