times:
  edit-metadata: 0.501281315999222
  landing: 0.06503728400275577
  view-data: 0.20569231300032698
