times:
  edit-metadata: 1.3862654380500317
  landing: 0.8299165330827236
  view-data: 3.3468555212020874
