times:
  edit-metadata: 0.558349329046905
  landing: 0.06627780804410577
  view-data: 0.21067242487333715
