times:
  edit-metadata: 1.5587855875492096
  landing: 0.8064714670181274
  view-data: 3.438821105286479
