times:
  edit-metadata: 0.5073166568763554
  landing: 0.05648756818845868
  view-data: 0.21438529598526657
