times:
  edit-metadata: 1.7256495915353298
  landing: 0.7981633692979813
  view-data: 3.3585853576660156
