times:
  edit-metadata: 1.5886373668909073
  landing: 0.8804538566619158
  view-data: 3.4627334382385015
