times:
  edit-metadata: 1.5092593939043581
  landing: 0.8109655808657408
  view-data: 3.4430782510899007
