times:
  edit-metadata: 1.4825115108396858
  landing: 0.8157341969199479
  view-data: 3.3922716029919684
