times:
  edit-metadata: 0.5128176090074703
  landing: 0.0730844900244847
  view-data: 0.20845772500615567
