times:
  edit-metadata: 1.8231175057590008
  landing: 0.8317619152367115
  view-data: 3.3547962568700314
