times:
  edit-metadata: 1.4496008083224297
  landing: 0.7773375082761049
  view-data: 3.2624942287802696
