times:
  edit-metadata: 0.5063967849710025
  landing: 0.061769896012265235
  view-data: 0.2153944739839062
