times:
  edit-metadata: 1.4116210546344519
  landing: 0.7026097569614649
  view-data: 3.2892741095274687
