times:
  edit-metadata: 1.511655107140541
  landing: 0.7760325223207474
  view-data: 3.340359941124916
