times:
  edit-metadata: 1.5775072500109673
  landing: 0.8185773529112339
  view-data: 3.3031469732522964
