times:
  edit-metadata: 1.4703151928260922
  landing: 0.7722062636166811
  view-data: 3.338464585132897
