times:
  edit-metadata: 0.500705418002326
  landing: 0.060462109016953036
  view-data: 0.21641677798470482
