times:
  edit-metadata: 2.1549796760082245
  landing: 1.6352348625659943
  view-data: 3.877813596278429
