times:
  edit-metadata: 1.5505819115787745
  landing: 0.7704536486417055
  view-data: 3.450669625774026
