times:
  edit-metadata: 1.512337565422058
  landing: 0.8929111771285534
  view-data: 3.4719178788363934
