times:
  edit-metadata: 1.5501113571226597
  landing: 0.7421721704304218
  view-data: 3.436818504706025
