times:
  edit-metadata: 1.5206977929919958
  landing: 0.8050238974392414
  view-data: 3.342395441606641
