times:
  edit-metadata: 0.5320227779448032
  landing: 0.0471222959458828
  view-data: 0.21191564481705427
