times:
  edit-metadata: 1.5448615420609713
  landing: 0.9258717522025108
  view-data: 3.430434032343328
