times:
  edit-metadata: 0.5294085131026804
  landing: 0.05329988687299192
  view-data: 0.21288650995120406
