times:
  edit-metadata: 0.5946095180697739
  landing: 0.05972567480057478
  view-data: 0.2210950767621398
