times:
  edit-metadata: 1.5555068049579859
  landing: 0.7992780469357967
  view-data: 3.3954880759119987
