times:
  edit-metadata: 0.7188699748367071
  landing: 0.07835523691028357
  view-data: 0.26106733083724976
