times:
  edit-metadata: 0.6499878109898418
  landing: 0.15823838600772433
  view-data: 0.26242845301749185
