times:
  edit-metadata: 1.7045172862708569
  landing: 1.2122194878757
  view-data: 3.4187926463782787
