times:
  edit-metadata: 0.5310322081204504
  landing: 0.04946534102782607
  view-data: 0.22446320508606732
