times:
  edit-metadata: 0.49664380098693073
  landing: 0.07252975809387863
  view-data: 0.22413762705400586
