times:
  edit-metadata: 1.5441894717514515
  landing: 0.8881799168884754
  view-data: 3.429809432476759
