times:
  edit-metadata: 1.5399036221206188
  landing: 0.6926475502550602
  view-data: 3.3277639746665955
