times:
  edit-metadata: 0.5074880861211568
  landing: 0.07189449202269316
  view-data: 0.2225722789298743
