times:
  edit-metadata: 1.9739373116753995
  landing: 1.26441052230075
  view-data: 3.3225437379442155
