times:
  edit-metadata: 2.076359134167433
  landing: 0.9774500392377377
  view-data: 3.6216264590620995
