times:
  edit-metadata: 1.357834527734667
  landing: 0.8226264100521803
  view-data: 3.350428055971861
