times:
  edit-metadata: 1.6300972383469343
  landing: 0.02395550161600113
  view-data: 0.4109018035233021
