times:
  edit-metadata: 0.6659743133932352
  landing: 0.04943248024210334
  view-data: 0.2202268042601645
