times:
  edit-metadata: 1.4306258503347635
  landing: 0.7951447675004601
  view-data: 3.3734988290816545
