times:
  edit-metadata: 1.4621704276651144
  landing: 0.7301510963588953
  view-data: 3.360262570902705
