times:
  edit-metadata: 1.5414281748235226
  landing: 0.9023835547268391
  view-data: 3.4053682945668697
