times:
  edit-metadata: 0.7431545769795775
  landing: 0.055408129934221506
  view-data: 0.23625523783266544
