times:
  edit-metadata: 1.4681721217930317
  landing: 0.8368629403412342
  view-data: 3.352546709123999
