times:
  edit-metadata: 1.4293051771819592
  landing: 0.8852827530354261
  view-data: 3.376202119514346
