times:
  edit-metadata: 0.49674360000062734
  landing: 0.07360819302266464
  view-data: 0.20808726997347549
