times:
  edit-metadata: 1.581264266744256
  landing: 0.7636148706078529
  view-data: 3.4158223792910576
