times:
  edit-metadata: 1.3806087747216225
  landing: 0.8942719958722591
  view-data: 3.3371928967535496
