times:
  edit-metadata: 0.6117479029926471
  landing: 0.04369157101609744
  view-data: 0.2514670759846922
