times:
  edit-metadata: 1.511959407478571
  landing: 0.7594892382621765
  view-data: 3.353976134210825
