times:
  edit-metadata: 1.769760301336646
  landing: 0.7594289239495993
  view-data: 3.3645945666357875
