times:
  edit-metadata: 4.334259344264865
  landing: 1.6838862840086222
  view-data: 4.298601692542434
