times:
  edit-metadata: 1.4883696623146534
  landing: 0.8457279913127422
  view-data: 3.40181165933609
