times:
  edit-metadata: 1.4829204566776752
  landing: 0.851661529392004
  view-data: 3.312458112835884
