times:
  edit-metadata: 1.988479495048523
  landing: 0.8653650302439928
  view-data: 3.4280785378068686
