times:
  edit-metadata: 1.6321465969085693
  landing: 1.0370422340929508
  view-data: 3.401565220206976
