times:
  edit-metadata: 1.713282898068428
  landing: 1.0405444763600826
  view-data: 3.3223251588642597
