times:
  edit-metadata: 0.4951928009977564
  landing: 0.06838145200163126
  view-data: 0.22192909003933892
