times:
  edit-metadata: 2.253188669681549
  landing: 1.4634060002863407
  view-data: 3.486969344317913
