times:
  edit-metadata: 0.584951298777014
  landing: 0.06615424202755094
  view-data: 0.21843865513801575
