times:
  edit-metadata: 0.4932384619023651
  landing: 0.06627560104243457
  view-data: 0.214060622965917
