times:
  edit-metadata: 1.5321977492421865
  landing: 0.7418259140104055
  view-data: 3.457335641607642
