times:
  edit-metadata: 1.624019542708993
  landing: 0.9277351936325431
  view-data: 3.34134669508785
