times:
  edit-metadata: 1.401052163913846
  landing: 0.7435788633301854
  view-data: 3.367962702177465
