times:
  edit-metadata: 2.1962505988776684
  landing: 1.3338749762624502
  view-data: 3.5269031673669815
