times:
  edit-metadata: 1.405481319874525
  landing: 0.7668302655220032
  view-data: 3.2981885373592377
