times:
  edit-metadata: 1.5454817693680525
  landing: 0.9220804022625089
  view-data: 3.3728414680808783
