times:
  edit-metadata: 1.8693862445652485
  landing: 0.9440949186682701
  view-data: 3.3652512431144714
