times:
  edit-metadata: 1.5850539896637201
  landing: 0.7593478001654148
  view-data: 3.4704239331185818
