times:
  edit-metadata: 0.5852781789726578
  landing: 0.057619367027655244
  view-data: 0.22742691094754264
