times:
  edit-metadata: 0.5617348677478731
  landing: 0.0782038732431829
  view-data: 0.2165989982895553
