times:
  edit-metadata: 0.5709001000504941
  landing: 0.08910742693115026
  view-data: 0.22656991600524634
