times:
  edit-metadata: 1.5734083410352468
  landing: 0.7453848607838154
  view-data: 3.4454749897122383
