times:
  edit-metadata: 0.5238053759676404
  landing: 0.06880651699611917
  view-data: 0.21422128000995144
