times:
  edit-metadata: 1.5476829521358013
  landing: 0.9041617326438427
  view-data: 3.3268507570028305
