times:
  edit-metadata: 1.4094535899348557
  landing: 0.7944117002189159
  view-data: 3.3772401409223676
