times:
  edit-metadata: 1.5224818103015423
  landing: 0.8846845999360085
  view-data: 3.4352615736424923
