times:
  edit-metadata: 1.5064246784895658
  landing: 0.7392916139215231
  view-data: 3.4660406541079283
