times:
  edit-metadata: 1.544701773673296
  landing: 0.7617514338344336
  view-data: 3.3941063452512026
