times:
  edit-metadata: 1.594709437340498
  landing: 0.8338302336633205
  view-data: 3.323412202298641
