times:
  edit-metadata: 1.608173280954361
  landing: 0.9087227918207645
  view-data: 3.4591426625847816
