times:
  edit-metadata: 2.132763361558318
  landing: 0.9355944320559502
  view-data: 3.8130543921142817
