times:
  edit-metadata: 1.5629354305565357
  landing: 0.8296633996069431
  view-data: 3.44265647046268
