times:
  edit-metadata: 0.5984380989975762
  landing: 0.04780230001779273
  view-data: 0.22099909698590636
