times:
  edit-metadata: 1.5207490138709545
  landing: 0.7531803715974092
  view-data: 3.421569809317589
