times:
  edit-metadata: 1.5152313532307744
  landing: 0.8492640508338809
  view-data: 3.4099580021575093
