times:
  edit-metadata: 0.5890856930054724
  landing: 0.07050037500448525
  view-data: 0.22563122797873802
