times:
  edit-metadata: 1.4205728061497211
  landing: 0.852268647402525
  view-data: 3.3524834625422955
