times:
  edit-metadata: 1.5470706634223461
  landing: 0.8220975808799267
  view-data: 3.422757852822542
