times:
  edit-metadata: 1.5225521512329578
  landing: 0.9369223043322563
  view-data: 3.3617620393633842
