times:
  edit-metadata: 1.4366835672408342
  landing: 0.8372225277125835
  view-data: 3.3608510019257665
