times:
  edit-metadata: 1.544597314670682
  landing: 0.8000755701214075
  view-data: 3.428346997126937
