times:
  edit-metadata: 1.8709293091669679
  landing: 1.1881087296642363
  view-data: 3.461758940014988
