times:
  edit-metadata: 1.447225458920002
  landing: 0.9662932083010674
  view-data: 3.437101151794195
