times:
  edit-metadata: 1.564965633675456
  landing: 0.8861148804426193
  view-data: 3.380509715527296
