times:
  edit-metadata: 1.5759364161640406
  landing: 0.8026975486427546
  view-data: 3.4638110883533955
