times:
  edit-metadata: 1.4329334124922752
  landing: 1.0734554380178452
  view-data: 3.312332883477211
