times:
  edit-metadata: 1.691604947205633
  landing: 0.9264284800738096
  view-data: 3.4760835082270205
