times:
  edit-metadata: 1.5129227936267853
  landing: 0.7703774608671665
  view-data: 3.4355329629033804
