times:
  edit-metadata: 0.5011026619467884
  landing: 0.06932637491263449
  view-data: 0.21249543805606663
