times:
  edit-metadata: 1.6396373426541686
  landing: 0.8995231306180358
  view-data: 3.4397117123007774
