times:
  edit-metadata: 2.350344025529921
  landing: 1.3868001364171505
  view-data: 3.746554088778794
