times:
  edit-metadata: 1.547265451401472
  landing: 0.7670605666935444
  view-data: 3.374591825529933
