times:
  edit-metadata: 0.8198820692487061
  landing: 0.07191798090934753
  view-data: 0.2129658591002226
