times:
  edit-metadata: 1.5268595181405544
  landing: 0.7437976598739624
  view-data: 3.3505788072943687
