times:
  edit-metadata: 0.49491940694861114
  landing: 0.06279760203324258
  view-data: 0.2230710939038545
