times:
  edit-metadata: 0.5145733943209052
  landing: 0.06436367891728878
  view-data: 0.21523621585220098
