times:
  edit-metadata: 2.326148216612637
  landing: 0.8161617135629058
  view-data: 3.7644636062905192
