times:
  edit-metadata: 1.528485195711255
  landing: 0.6775555964559317
  view-data: 3.3644034825265408
