times:
  edit-metadata: 1.3083421792834997
  landing: 0.7979652602225542
  view-data: 3.3583984933793545
