times:
  edit-metadata: 1.6261940319091082
  landing: 0.806086853146553
  view-data: 3.443028839305043
