times:
  edit-metadata: 1.4340036325156689
  landing: 0.8124157339334488
  view-data: 3.2941111735999584
