times:
  edit-metadata: 0.5575107620097697
  landing: 0.06347017176449299
  view-data: 0.2572911027818918
