times:
  edit-metadata: 1.3785957284271717
  landing: 0.8668773993849754
  view-data: 3.3331888169050217
