times:
  edit-metadata: 1.561780408024788
  landing: 0.9088018238544464
  view-data: 3.323519840836525
