times:
  edit-metadata: 1.7076074192300439
  landing: 0.8134152921847999
  view-data: 3.277127184905112
