times:
  edit-metadata: 0.5595869068056345
  landing: 0.059802880976349115
  view-data: 0.2067178189754486
