times:
  edit-metadata: 1.5349097736179829
  landing: 0.7563037481158972
  view-data: 3.412388924509287
