times:
  edit-metadata: 1.5376798249781132
  landing: 0.7213507685810328
  view-data: 3.3692333959043026
