times:
  edit-metadata: 0.5084637210238725
  landing: 0.08054194692522287
  view-data: 0.20625592395663261
