times:
  edit-metadata: 1.5218508914113045
  landing: 0.7908042967319489
  view-data: 3.4017010759562254
