times:
  edit-metadata: 1.4114834815263748
  landing: 0.6803967598825693
  view-data: 3.317184777930379
