times:
  edit-metadata: 1.3884132709354162
  landing: 0.7315907254815102
  view-data: 3.293134970590472
