times:
  edit-metadata: 1.4362785259727389
  landing: 0.9026991849532351
  view-data: 3.3413798180408776
