times:
  edit-metadata: 1.4702652180567384
  landing: 0.7986448458395898
  view-data: 3.3461800049990416
