times:
  edit-metadata: 1.628203984349966
  landing: 0.8743072245270014
  view-data: 3.469498161226511
