times:
  edit-metadata: 1.4778514876961708
  landing: 0.8418428534641862
  view-data: 3.352090986445546
