times:
  edit-metadata: 1.5440411008894444
  landing: 1.1040538400411606
  view-data: 3.3784567527472973
