times:
  edit-metadata: 0.5351778718177229
  landing: 0.04845561389811337
  view-data: 0.34258754807524383
