times:
  edit-metadata: 1.5190619453787804
  landing: 0.8211920857429504
  view-data: 3.4274148494005203
