times:
  edit-metadata: 1.4094764031469822
  landing: 6.012597739696503
  view-data: 3.3265145756304264
