times:
  edit-metadata: 1.613513022661209
  landing: 0.8154594972729683
  view-data: 3.501130096614361
