times:
  edit-metadata: 1.7026311280205846
  landing: 0.9121711868792772
  view-data: 3.5307719986885786
