times:
  edit-metadata: 0.5030275559984148
  landing: 0.07222344586625695
  view-data: 0.21360060502775013
