times:
  edit-metadata: 1.410008743405342
  landing: 0.9000653997063637
  view-data: 3.3299659490585327
