times:
  edit-metadata: 1.4515128172934055
  landing: 0.8903731480240822
  view-data: 3.3041421808302402
