times:
  edit-metadata: 1.4714543744921684
  landing: 0.7355492562055588
  view-data: 3.45082126557827
