times:
  edit-metadata: 1.5316091924905777
  landing: 0.8181982934474945
  view-data: 3.4012089371681213
