times:
  edit-metadata: 1.5455555021762848
  landing: 1.0226576924324036
  view-data: 3.44970390945673
