times:
  edit-metadata: 1.3370141685009003
  landing: 0.8519869931042194
  view-data: 3.3002876341342926
