times:
  edit-metadata: 1.4047131091356277
  landing: 0.9312048256397247
  view-data: 3.300503171980381
