times:
  edit-metadata: 1.5077105462551117
  landing: 0.9548666402697563
  view-data: 3.4681942090392113
