times:
  edit-metadata: 1.4091247841715813
  landing: 0.7924693003296852
  view-data: 3.3977014422416687
