times:
  edit-metadata: 1.4250318072736263
  landing: 0.846633780747652
  view-data: 3.3284209184348583
