times:
  edit-metadata: 1.895447414368391
  landing: 0.802452590316534
  view-data: 3.2907761111855507
