times:
  edit-metadata: 1.3868191950023174
  landing: 0.9116411209106445
  view-data: 3.284315649420023
