times:
  edit-metadata: 1.467697024345398
  landing: 0.8721347823739052
  view-data: 3.477211244404316
