times:
  edit-metadata: 2.3938497602939606
  landing: 1.2662140429019928
  view-data: 3.453668065369129
