times:
  edit-metadata: 1.6323409155011177
  landing: 0.9087175279855728
  view-data: 3.3068938329815865
