times:
  edit-metadata: 2.524376317858696
  landing: 1.4288346990942955
  view-data: 3.5084391310811043
