times:
  edit-metadata: 1.5116727873682976
  landing: 0.837425485253334
  view-data: 3.2959198355674744
