times:
  edit-metadata: 1.4377335160970688
  landing: 0.7943789809942245
  view-data: 3.430315025150776
