times:
  edit-metadata: 1.6902132406830788
  landing: 0.9194348305463791
  view-data: 3.320938378572464
