times:
  edit-metadata: 1.3535643443465233
  landing: 0.8402852118015289
  view-data: 3.4066017791628838
