times:
  edit-metadata: 1.4136983938515186
  landing: 0.9079090170562267
  view-data: 3.2749729305505753
