times:
  edit-metadata: 1.378712248057127
  landing: 0.8024500794708729
  view-data: 3.337067596614361
