times:
  edit-metadata: 1.426704652607441
  landing: 0.85607098788023
  view-data: 3.3480589762330055
