times:
  edit-metadata: 1.3615512810647488
  landing: 0.7802498303353786
  view-data: 3.390614155679941
