times:
  edit-metadata: 1.3320192098617554
  landing: 0.7769085764884949
  view-data: 3.434303440153599
