times:
  edit-metadata: 1.402974747121334
  landing: 0.8143753185868263
  view-data: 3.3996891230344772
