times:
  edit-metadata: 1.4771994724869728
  landing: 0.8587030172348022
  view-data: 3.369838647544384
