times:
  edit-metadata: 1.4211078733205795
  landing: 0.8429895415902138
  view-data: 3.281497798860073
