times:
  edit-metadata: 1.4651284888386726
  landing: 1.013007029891014
  view-data: 3.324742004275322
