times:
  edit-metadata: 1.4584721326828003
  landing: 0.7230431288480759
  view-data: 3.4657711759209633
