times:
  edit-metadata: 1.557824783027172
  landing: 0.9094336070120335
  view-data: 3.3332784362137318
