times:
  edit-metadata: 1.3984607607126236
  landing: 0.7464240789413452
  view-data: 3.433682218194008
