times:
  edit-metadata: 1.3832502663135529
  landing: 1.2743467167019844
  view-data: 3.4164202958345413
