times:
  edit-metadata: 1.4447312578558922
  landing: 0.8107365109026432
  view-data: 3.3425177931785583
