times:
  edit-metadata: 1.3773432411253452
  landing: 0.910781878978014
  view-data: 3.3544548973441124
