times:
  edit-metadata: 1.263432078063488
  landing: 0.9482923075556755
  view-data: 3.493144243955612
