times:
  edit-metadata: 1.2909771278500557
  landing: 0.9096231162548065
  view-data: 3.510354146361351
