times:
  edit-metadata: 1.4161898642778397
  landing: 0.8670369125902653
  view-data: 3.345137644559145
