times:
  edit-metadata: 1.100659690797329
  landing: 0.7985492572188377
  view-data: 3.325324483215809
