times:
  edit-metadata: 1.4285606443881989
  landing: 0.7806510850787163
  view-data: 3.4178667291998863
