times:
  edit-metadata: 2.0596395805478096
  landing: 1.0985066667199135
  view-data: 3.740838311612606
