times:
  edit-metadata: 1.7318082600831985
  landing: 1.0665750801563263
  view-data: 3.6558028385043144
