times:
  edit-metadata: 1.257124688476324
  landing: 0.8340187817811966
  view-data: 3.3138073794543743
