times:
  edit-metadata: 1.4888965785503387
  landing: 0.7157803624868393
  view-data: 3.29513031989336
