times:
  edit-metadata: 1.5309408865869045
  landing: 0.9289395771920681
  view-data: 3.330502986907959
