times:
  edit-metadata: 1.4581237770617008
  landing: 0.786002155393362
  view-data: 3.390252161771059
