times:
  edit-metadata: 1.5310752391815186
  landing: 0.9165131859481335
  view-data: 3.3689676970243454
