times:
  edit-metadata: 1.3927597478032112
  landing: 0.8215705454349518
  view-data: 3.3027543239295483
