times:
  edit-metadata: 2.3307346552610397
  landing: 1.6000517681241035
  view-data: 3.7019056230783463
