times:
  edit-metadata: 1.6016891077160835
  landing: 0.9665621444582939
  view-data: 3.6422093138098717
