times:
  edit-metadata: 1.4179681092500687
  landing: 0.8535142093896866
  view-data: 3.3047069758176804
