times:
  edit-metadata: 2.5427768900990486
  landing: 1.5355282500386238
  view-data: 3.801968276500702
