times:
  edit-metadata: 1.4280887618660927
  landing: 0.826963946223259
  view-data: 3.3140506595373154
