times:
  edit-metadata: 1.5470037758350372
  landing: 1.064571164548397
  view-data: 3.586978070437908
