times:
  edit-metadata: 1.3638646751642227
  landing: 0.9158384241163731
  view-data: 3.3692445531487465
