times:
  edit-metadata: 2.3160192519426346
  landing: 1.4511711858212948
  view-data: 3.3521159030497074
