times:
  edit-metadata: 1.4603298231959343
  landing: 0.7872355282306671
  view-data: 3.345018520951271
