times:
  edit-metadata: 1.2571290656924248
  landing: 0.9963316768407822
  view-data: 3.4369838163256645
