times:
  edit-metadata: 1.5377997308969498
  landing: 0.8412486016750336
  view-data: 3.300124317407608
