times:
  edit-metadata: 1.500802107155323
  landing: 0.8451370671391487
  view-data: 0.4919375702738762
