times:
  edit-metadata: 1.3088903278112411
  landing: 0.8109827488660812
  view-data: 3.5052197352051735
