times:
  edit-metadata: 1.3979274109005928
  landing: 0.8266153410077095
  view-data: 3.3783494643867016
