times:
  edit-metadata: 1.267196699976921
  landing: 1.033144786953926
  view-data: 3.4396705105900764
