times:
  edit-metadata: 1.5040565729141235
  landing: 0.8111396580934525
  view-data: 3.4261828809976578
