times:
  edit-metadata: 1.414760161191225
  landing: 0.9379897564649582
  view-data: 3.280196789652109
