times:
  edit-metadata: 1.447950091212988
  landing: 0.8231511749327183
  view-data: 3.3283622302114964
