times:
  edit-metadata: 1.736063662916422
  landing: 1.8984034284949303
  view-data: 3.3330198600888252
