times:
  edit-metadata: 1.4038141369819641
  landing: 0.8853638172149658
  view-data: 3.394612170755863
