times:
  edit-metadata: 1.420188993215561
  landing: 0.9060576297342777
  view-data: 3.35557896271348
