times:
  edit-metadata: 1.402175910770893
  landing: 0.8264000937342644
  view-data: 3.4793367981910706
