times:
  edit-metadata: 1.270465686917305
  landing: 0.9599282741546631
  view-data: 3.486942693591118
