times:
  edit-metadata: 1.4505479112267494
  landing: 0.7858229354023933
  view-data: 3.2932685799896717
