times:
  edit-metadata: 1.408596370369196
  landing: 0.818623173981905
  view-data: 3.3080140091478825
