times:
  edit-metadata: 1.4771691337227821
  landing: 0.7875026389956474
  view-data: 3.3998004272580147
