times:
  edit-metadata: 1.2518774569034576
  landing: 0.8590405359864235
  view-data: 3.4354381635785103
