times:
  edit-metadata: 1.5165231749415398
  landing: 0.7293564826250076
  view-data: 3.3829707354307175
