times:
  edit-metadata: 1.5727291889488697
  landing: 0.9485822096467018
  view-data: 3.3250589072704315
