times:
  edit-metadata: 2.0821583345532417
  landing: 1.228787861764431
  view-data: 3.538364462554455
