times:
  edit-metadata: 1.7457231096923351
  landing: 0.8975645899772644
  view-data: 3.3312371410429478
