times:
  edit-metadata: 1.3802948854863644
  landing: 0.7481751628220081
  view-data: 3.3115484304726124
