times:
  edit-metadata: 1.588975541293621
  landing: 1.1398880667984486
  view-data: 3.3354340977966785
