times:
  edit-metadata: 1.6508486606180668
  landing: 0.9190832450985909
  view-data: 3.4265458546578884
