times:
  edit-metadata: 1.4444257766008377
  landing: 0.9203632175922394
  view-data: 3.290771931409836
