times:
  edit-metadata: 1.5205514803528786
  landing: 0.9259315580129623
  view-data: 3.309846982359886
