times:
  edit-metadata: 1.6986067816615105
  landing: 0.8629937097430229
  view-data: 3.4100602343678474
