times:
  edit-metadata: 1.4118792340159416
  landing: 0.7331782281398773
  view-data: 3.37492848187685
