times:
  edit-metadata: 1.4065629132092
  landing: 0.796502135694027
  view-data: 3.2888191416859627
