times:
  edit-metadata: 1.3640549704432487
  landing: 0.7321539744734764
  view-data: 3.4156392961740494
