times:
  edit-metadata: 1.525274183601141
  landing: 0.8316772058606148
  view-data: 3.377610784024
