times:
  edit-metadata: 1.3678104728460312
  landing: 0.7561699599027634
  view-data: 3.302488651126623
