times:
  edit-metadata: 1.5438400730490685
  landing: 0.7690045163035393
  view-data: 3.394104965031147
