times:
  edit-metadata: 1.3578390777111053
  landing: 0.8251585736870766
  view-data: 3.4415368139743805
