times:
  edit-metadata: 1.4650819078087807
  landing: 0.7483336217701435
  view-data: 3.338518112897873
