times:
  edit-metadata: 1.4555614441633224
  landing: 0.8401745483279228
  view-data: 3.4619051814079285
