times:
  edit-metadata: 1.50167116522789
  landing: 0.786843366920948
  view-data: 3.5132348090410233
