times:
  edit-metadata: 1.5005470216274261
  landing: 0.8604928553104401
  view-data: 3.3583329766988754
