times:
  edit-metadata: 1.435207560658455
  landing: 0.7746549546718597
  view-data: 3.3216130807995796
