times:
  edit-metadata: 1.351088184863329
  landing: 0.715940598398447
  view-data: 3.2818854488432407
