times:
  edit-metadata: 1.4139254689216614
  landing: 0.8159594163298607
  view-data: 3.248454235494137
