times:
  edit-metadata: 1.59822016954422
  landing: 0.9776657596230507
  view-data: 3.345591865479946
