times:
  edit-metadata: 2.495310351252556
  landing: 1.546016477048397
  view-data: 3.5938650965690613
