times:
  edit-metadata: 1.3588646426796913
  landing: 0.7625700682401657
  view-data: 3.293922644108534
