times:
  edit-metadata: 1.4381273314356804
  landing: 0.8091100007295609
  view-data: 3.3223306238651276
