times:
  edit-metadata: 1.8896636217832565
  landing: 0.9768953397870064
  view-data: 3.4961497262120247
