times:
  edit-metadata: 1.4954973310232162
  landing: 0.7769317924976349
  view-data: 3.3772032558918
