times:
  edit-metadata: 1.4271640479564667
  landing: 0.8290959149599075
  view-data: 3.272726211696863
