times:
  edit-metadata: 1.492986261844635
  landing: 0.8189353607594967
  view-data: 3.3267783895134926
