times:
  edit-metadata: 1.487453855574131
  landing: 0.8435323759913445
  view-data: 3.354745291173458
