times:
  edit-metadata: 1.4089239239692688
  landing: 0.8139461763203144
  view-data: 3.335927087813616
