times:
  edit-metadata: 1.8590645641088486
  landing: 0.8324448764324188
  view-data: 3.383733108639717
