times:
  edit-metadata: 1.5746069103479385
  landing: 0.784184105694294
  view-data: 3.5128991156816483
