times:
  edit-metadata: 1.3704877123236656
  landing: 0.7911266386508942
  view-data: 3.337134972214699
