times:
  edit-metadata: 1.389676533639431
  landing: 0.8670283630490303
  view-data: 3.3281098306179047
