times:
  edit-metadata: 1.5243535339832306
  landing: 1.0905875712633133
  view-data: 3.5735717192292213
