times:
  edit-metadata: 1.4208553284406662
  landing: 0.8802349269390106
  view-data: 3.37816271930933
