times:
  edit-metadata: 1.4261305034160614
  landing: 0.8270759284496307
  view-data: 3.3363757207989693
