times:
  edit-metadata: 1.3855540603399277
  landing: 0.7679717391729355
  view-data: 3.3074573799967766
