times:
  edit-metadata: 1.4402998387813568
  landing: 0.7755694910883904
  view-data: 3.4665840193629265
