times:
  edit-metadata: 1.9150447100400925
  landing: 1.252900205552578
  view-data: 3.428274005651474
