times:
  edit-metadata: 1.35591771453619
  landing: 0.7993805184960365
  view-data: 3.3181975185871124
