times:
  edit-metadata: 1.6874975636601448
  landing: 0.9588117152452469
  view-data: 3.307496577501297
