times:
  edit-metadata: 1.4648629650473595
  landing: 0.8599584698677063
  view-data: 3.4451209530234337
