times:
  edit-metadata: 1.4334017857909203
  landing: 0.812539279460907
  view-data: 3.4143219143152237
