times:
  edit-metadata: 1.389994353055954
  landing: 0.9520435556769371
  view-data: 3.4942997246980667
