times:
  edit-metadata: 1.4634838961064816
  landing: 0.7548485063016415
  view-data: 3.3477337770164013
