times:
  edit-metadata: 1.9968279153108597
  landing: 1.1508573070168495
  view-data: 3.389683775603771
