times:
  edit-metadata: 1.3891798742115498
  landing: 0.8254317604005337
  view-data: 3.336821861565113
