times:
  edit-metadata: 1.4884562492370605
  landing: 0.8822042718529701
  view-data: 3.2774808034300804
