times:
  edit-metadata: 1.3969521410763264
  landing: 0.7817875780165195
  view-data: 3.3288427628576756
