times:
  edit-metadata: 1.6806053668260574
  landing: 0.9016248360276222
  view-data: 3.43122810870409
