times:
  edit-metadata: 1.8099872097373009
  landing: 1.1781871169805527
  view-data: 3.304903768002987
