times:
  edit-metadata: 1.3757568448781967
  landing: 0.8917723000049591
  view-data: 3.4029461815953255
