times:
  edit-metadata: 1.5709644816815853
  landing: 0.8782435990869999
  view-data: 3.3317879624664783
