times:
  edit-metadata: 1.466688223183155
  landing: 0.7560513988137245
  view-data: 3.3800984770059586
