times:
  edit-metadata: 1.5050543583929539
  landing: 1.117172222584486
  view-data: 3.3158172331750393
