times:
  edit-metadata: 1.3533909358084202
  landing: 0.8071266673505306
  view-data: 3.3245743922889233
