times:
  edit-metadata: 1.7895065397024155
  landing: 1.4872118458151817
  view-data: 3.5406447649002075
