times:
  edit-metadata: 2.0557814314961433
  landing: 1.041332583874464
  view-data: 3.5209865868091583
