times:
  edit-metadata: 1.4556151926517487
  landing: 0.9420044533908367
  view-data: 3.317187536507845
