times:
  edit-metadata: 1.4057206064462662
  landing: 0.8093613162636757
  view-data: 3.403397388756275
