times:
  edit-metadata: 1.305258847773075
  landing: 0.8519658446311951
  view-data: 3.44370649009943
