times:
  edit-metadata: 1.4116649329662323
  landing: 0.7995893061161041
  view-data: 3.4767007678747177
