times:
  edit-metadata: 1.7740949243307114
  landing: 0.9400794543325901
  view-data: 3.2986117713153362
