times:
  edit-metadata: 1.6316714137792587
  landing: 0.9758051969110966
  view-data: 3.303261239081621
