times:
  edit-metadata: 1.3739638142287731
  landing: 0.7365981563925743
  view-data: 3.31477702409029
