times:
  edit-metadata: 1.302190788090229
  landing: 0.8682632371783257
  view-data: 3.493060775101185
