times:
  edit-metadata: 1.326820157468319
  landing: 0.8062660098075867
  view-data: 3.2492042630910873
