times:
  edit-metadata: 1.4586398154497147
  landing: 0.7789690047502518
  view-data: 3.371592655777931
