times:
  edit-metadata: 1.3819683119654655
  landing: 0.8507038652896881
  view-data: 3.3662213161587715
