times:
  edit-metadata: 1.5941653698682785
  landing: 0.8520706966519356
  view-data: 3.386906858533621
