times:
  edit-metadata: 1.3490001931786537
  landing: 0.8623494878411293
  view-data: 3.242207683622837
