times:
  edit-metadata: 1.356173750013113
  landing: 0.8038236759603024
  view-data: 3.2900498658418655
