times:
  edit-metadata: 1.3827311880886555
  landing: 0.82117909938097
  view-data: 3.3036154732108116
