times:
  edit-metadata: 1.4010403603315353
  landing: 0.7912654019892216
  view-data: 3.475168611854315
