times:
  edit-metadata: 1.4405873343348503
  landing: 0.8074215427041054
  view-data: 3.2901032641530037
