times:
  edit-metadata: 1.3704528957605362
  landing: 0.8003749512135983
  view-data: 3.284613061696291
