times:
  edit-metadata: 1.4154312759637833
  landing: 0.8701044470071793
  view-data: 3.3617748878896236
