times:
  edit-metadata: 1.3662826642394066
  landing: 0.7859475649893284
  view-data: 3.2721249498426914
