times:
  edit-metadata: 1.4962891787290573
  landing: 0.9353190697729588
  view-data: 3.3226070441305637
