times:
  edit-metadata: 1.4241495542228222
  landing: 0.7572186402976513
  view-data: 3.3617566600441933
