times:
  edit-metadata: 1.5840142853558064
  landing: 0.7661206796765327
  view-data: 3.3217688500881195
