times:
  edit-metadata: 1.480472531169653
  landing: 0.7390399537980556
  view-data: 3.4080288633704185
