times:
  edit-metadata: 1.4454592689871788
  landing: 0.7738975211977959
  view-data: 3.3427486792206764
