times:
  edit-metadata: 1.4167957343161106
  landing: 0.7637786194682121
  view-data: 3.3127380199730396
