times:
  edit-metadata: 1.7864685580134392
  landing: 0.9150584079325199
  view-data: 3.3876698464155197
