times:
  edit-metadata: 1.3619033060967922
  landing: 0.775971245020628
  view-data: 3.2878147587180138
