times:
  edit-metadata: 1.4664689674973488
  landing: 0.8244435079395771
  view-data: 3.3159632310271263
