times:
  edit-metadata: 1.4887852668762207
  landing: 0.802804671227932
  view-data: 3.30630262196064
