times:
  edit-metadata: 1.5640738755464554
  landing: 0.810961339622736
  view-data: 3.3193718641996384
