times:
  edit-metadata: 1.4431964196264744
  landing: 0.8205554820597172
  view-data: 3.295872677117586
