times:
  edit-metadata: 1.5085012465715408
  landing: 0.7874041199684143
  view-data: 3.3786173798143864
