times:
  edit-metadata: 1.430568017065525
  landing: 0.7679463289678097
  view-data: 3.3083235397934914
