times:
  edit-metadata: 1.411712720990181
  landing: 0.8809805177152157
  view-data: 3.2848200611770153
