times:
  edit-metadata: 1.3929152749478817
  landing: 0.8887874037027359
  view-data: 3.320940274745226
