times:
  edit-metadata: 1.5670278370380402
  landing: 0.9098769649863243
  view-data: 3.365736737847328
