times:
  edit-metadata: 1.550942774862051
  landing: 0.736444927752018
  view-data: 3.3609002083539963
