times:
  edit-metadata: 1.5293493010103703
  landing: 0.7967527769505978
  view-data: 3.3609194979071617
