times:
  edit-metadata: 1.4093546457588673
  landing: 0.825445156544447
  view-data: 3.253219924867153
