times:
  edit-metadata: 1.3471718318760395
  landing: 0.8322786390781403
  view-data: 3.3025913015007973
