times:
  edit-metadata: 1.546875786036253
  landing: 0.8468244299292564
  view-data: 3.266479890793562
