times:
  edit-metadata: 1.4123349636793137
  landing: 0.8059763573110104
  view-data: 3.3139634877443314
