times:
  edit-metadata: 1.3611919842660427
  landing: 0.8994603864848614
  view-data: 3.2860740534961224
