times:
  edit-metadata: 1.4196760170161724
  landing: 0.7769275791943073
  view-data: 3.2954352386295795
