times:
  edit-metadata: 2.248664688318968
  landing: 0.9757260233163834
  view-data: 3.431311972439289
