times:
  edit-metadata: 1.5723600424826145
  landing: 0.7869243361055851
  view-data: 3.376618731766939
