times:
  edit-metadata: 1.040272728074342
  landing: 0.057112282840535045
  view-data: 0.2411970889661461
