times:
  edit-metadata: 1.477583603002131
  landing: 0.0424848539987579
  view-data: 0.22186893899925053
