times:
  edit-metadata: 1.0210294930730015
  landing: 0.050587006844580173
  view-data: 0.2526668629143387
