times:
  edit-metadata: 1.5111899804323912
  landing: 0.7733281049877405
  view-data: 3.4142733216285706
