times:
  edit-metadata: 1.8649203414097428
  landing: 0.11943613830953836
  view-data: 0.027600597590208054
