times:
  edit-metadata: 1.9259395226836205
  landing: 0.4979711640626192
  view-data: 0.3179410267621279
