times:
  edit-metadata: 2.2451826203614473
  landing: 0.16710972040891647
  view-data: 0.5952068101614714
