times:
  edit-metadata: 1.9523226749151945
  landing: 0.6091335341334343
  view-data: 0.27760362438857555
