times:
  edit-metadata: 1.036894106073305
  landing: 0.053991715889424086
  view-data: 0.23379219509661198
