times:
  edit-metadata: 1.3195208441466093
  landing: 0.7281337203457952
  view-data: 3.302409714087844
