times:
  edit-metadata: 1.5057139955461025
  landing: 0.9005496986210346
  view-data: 3.351174581795931
