times:
  edit-metadata: 2.067588159814477
  landing: 0.12914599105715752
  view-data: 0.02302042581140995
