times:
  edit-metadata: 3.261296244338155
  landing: 1.4858398186042905
  view-data: 3.7723738364875317
