times:
  edit-metadata: 1.4508051071316004
  landing: 0.7465101387351751
  view-data: 3.346395082771778
