times:
  edit-metadata: 0.9101092196069658
  landing: 0.043701862916350365
  view-data: 0.25265325605869293
