times:
  edit-metadata: 1.4309700429439545
  landing: 0.9123778827488422
  view-data: 3.267406903207302
