times:
  edit-metadata: 1.5258463900536299
  landing: 0.8367092739790678
  view-data: 3.39995969645679
