times:
  landing: 0.5408128310000393
  view-data: 0.5542295809999587
