times:
  landing: 0.5532513140000219
  view-data: 0.06922773099995538
