times:
  edit-metadata: 1.6448310147970915
  landing: 0.867139445617795
  view-data: 3.2977199517190456
