times:
  edit-metadata: 1.8745727948844433
  landing: 0.02008156105875969
  view-data: 0.026199355721473694
