times:
  edit-metadata: 5.094812761992216
  landing: 2.586993645876646
  view-data: 3.782955802977085
