times:
  landing: 1.6560720960000026
  view-data: 0.558777340000006
