times:
  edit-metadata: 1.956377699971199
  landing: 0.11702632252126932
  view-data: 0.02389934565871954
