times:
  edit-metadata: 1.5214150990359485
  landing: 0.04401377507019788
  view-data: 0.22193095507100224
