times:
  edit-metadata: 0.9867871631868184
  landing: 0.058968659956008196
  view-data: 0.24660060834139585
