times:
  landing: 1.069100273999993
  view-data: 0.5518019900000013
