times:
  landing: 0.5557944039999256
  view-data: 0.5723934289999306
