times:
  edit-metadata: 1.4830468567088246
  landing: 0.8775407611392438
  view-data: 3.391332147177309
