times:
  landing: 1.1551410019999935
  view-data: 0.557614650000005
