times:
  landing: 1.071690781999905
  view-data: 0.5668746250000822
