times:
  edit-metadata: 2.3664263915270567
  landing: 0.34342144802212715
  view-data: 0.15107020735740662
