times:
  landing: 1.0732397160000176
  view-data: 0.5582266270000105
