times:
  edit-metadata: 1.9606328681111336
  landing: 0.969517832621932
  view-data: 0.3465160373598337
