times:
  edit-metadata: 1.82783779874444
  landing: 0.050363313406705856
  view-data: 0.22254854813218117
