times:
  edit-metadata: 1.5654337871819735
  landing: 0.048000595066696405
  view-data: 0.20354905724525452
