times:
  edit-metadata: 1.6204869491048157
  landing: 0.0548373619094491
  view-data: 0.2178832741919905
