times:
  edit-metadata: 1.5204943008720875
  landing: 0.8660903852432966
  view-data: 3.436567662283778
