times:
  edit-metadata: 1.5194373335689306
  landing: 0.7881332319229841
  view-data: 3.367998857051134
