times:
  edit-metadata: 1.9738176688551903
  landing: 0.043130312114953995
  view-data: 0.3527144994586706
