times:
  edit-metadata: 0.9574856841936707
  landing: 0.045639608055353165
  view-data: 0.23330376204103231
