times:
  landing: 0.5533983079999985
  view-data: 0.5618589369999825
