times:
  edit-metadata: 1.8718545204028487
  landing: 0.019750519655644894
  view-data: 0.02301523368805647
