times:
  edit-metadata: 1.0003486641217023
  landing: 0.07799277012236416
  view-data: 0.3636335108894855
