times:
  edit-metadata: 2.303445056080818
  landing: 0.02115960605442524
  view-data: 0.02685472648590803
