times:
  edit-metadata: 2.1145972050726414
  landing: 0.01981545053422451
  view-data: 0.3696417547762394
