times:
  edit-metadata: 1.9150262279435992
  landing: 0.11183054279536009
  view-data: 0.027992085553705692
