times:
  edit-metadata: 1.9491542372852564
  landing: 0.8368790429085493
  view-data: 0.3424882609397173
