times:
  edit-metadata: 1.9168707430362701
  landing: 0.020624482072889805
  view-data: 0.12154051847755909
