times:
  edit-metadata: 1.524961145594716
  landing: 0.809683820232749
  view-data: 3.425993539392948
