times:
  edit-metadata: 2.0538008959847502
  landing: 0.11179847700987011
  view-data: 0.2524990290403366
