times:
  edit-metadata: 0.9381377622485161
  landing: 0.042358361184597015
  view-data: 0.22458295337855816
