times:
  landing: 0.5479785748757422
  view-data: 0.5394362038932741
