times:
  edit-metadata: 0.96024608053267
  landing: 0.042922199703752995
  view-data: 0.23634434305131435
