times:
  edit-metadata: 2.1977072656154633
  landing: 1.137383901514113
  view-data: 3.43094842415303
