times:
  edit-metadata: 0.930578132160008
  landing: 0.0553419878706336
  view-data: 0.23336454667150974
