times:
  edit-metadata: 1.405946422368288
  landing: 0.8326914571225643
  view-data: 3.3483864553272724
