times:
  edit-metadata: 1.4454899826087058
  landing: 0.8239161777310073
  view-data: 3.3561371550895274
