times:
  edit-metadata: 2.0808821469545364
  landing: 0.21299265883862972
  view-data: 0.3465656843036413
