times:
  edit-metadata: 1.7884231833741069
  landing: 0.9096344383433461
  view-data: 3.5732229640707374
