times:
  edit-metadata: 1.5834659889806062
  landing: 0.042801553034223616
  view-data: 0.21594962803646922
