times:
  edit-metadata: 2.06400028988719
  landing: 1.451294413767755
  view-data: 3.3560626418329775
