times:
  landing: 1.0717431059999853
  view-data: 0.5549667720000002
