times:
  edit-metadata: 2.012789271771908
  landing: 0.19600178860127926
  view-data: 0.285780543461442
