times:
  edit-metadata: 1.5110335811041296
  landing: 0.0431716269813478
  view-data: 0.2104324409738183
