times:
  edit-metadata: 0.9606754500418901
  landing: 0.04608807619661093
  view-data: 0.21285715140402317
