times:
  edit-metadata: 2.154036223888397
  landing: 0.22211985290050507
  view-data: 0.12572311609983444
