times:
  edit-metadata: 1.8540912754833698
  landing: 0.04844148829579353
  view-data: 0.2225147895514965
