times:
  edit-metadata: 1.7806135267019272
  landing: 0.043314170092344284
  view-data: 0.2316257767379284
