times:
  edit-metadata: 1.7472491189837456
  landing: 0.04584793373942375
  view-data: 0.2350854128599167
