times:
  edit-metadata: 1.3970930334180593
  landing: 0.7830508034676313
  view-data: 0.5777970068156719
