times:
  edit-metadata: 1.55805703997612
  landing: 0.8493306171149015
  view-data: 3.4685694370418787
