times:
  edit-metadata: 2.247884511947632
  landing: 0.05162290297448635
  view-data: 0.02831462025642395
