times:
  edit-metadata: 1.5009365039877594
  landing: 0.05248442594893277
  view-data: 0.1996466349810362
