times:
  edit-metadata: 1.9645799025893211
  landing: 0.05251845344901085
  view-data: 0.23443281650543213
