times:
  edit-metadata: 2.2558588357642293
  landing: 0.021814778447151184
  view-data: 0.342626491561532
