times:
  edit-metadata: 1.676998257637024
  landing: 0.5771088916808367
  view-data: 0.21991810016334057
