times:
  edit-metadata: 0.9761249450966716
  landing: 0.04439745098352432
  view-data: 0.22884307010099292
