times:
  edit-metadata: 0.9158046855591238
  landing: 0.049764275085181
  view-data: 0.22056037280708551
