times:
  edit-metadata: 2.00782254897058
  landing: 0.13007055781781673
  view-data: 0.3152244407683611
