times:
  edit-metadata: 1.5490296540083364
  landing: 0.03713002701988444
  view-data: 0.22868319804547355
