times:
  edit-metadata: 1.9836503081023693
  landing: 0.04849640466272831
  view-data: 0.11973480693995953
