times:
  edit-metadata: 1.976911636069417
  landing: 13.366152932867408
  view-data: 6.175319295376539
