times:
  landing: 0.5583760009999992
  view-data: 0.5582738010000412
