times:
  edit-metadata: 1.8805612791329622
  landing: 0.022531804628670216
  view-data: 0.1285079624503851
