times:
  edit-metadata: 1.509370043000672
  landing: 0.04519724799320102
  view-data: 0.21635475600487553
