times:
  edit-metadata: 1.954494834993966
  landing: 0.044767472078092396
  view-data: 0.22665356402285397
