times:
  landing: 0.5580736219999949
  view-data: 0.5634595669999953
