times:
  edit-metadata: 1.5005870591849089
  landing: 0.631981311365962
  view-data: 0.218199597671628
