times:
  landing: 0.5576871850000202
  view-data: 0.06322885800000222
