times:
  landing: 0.5423654009999836
  view-data: 0.5461882579999155
