times:
  edit-metadata: 1.085213202983141
  landing: 0.07061795803019777
  view-data: 0.26504366600420326
