times:
  edit-metadata: 1.8753276821225882
  landing: 0.1167707946151495
  view-data: 0.026158582419157028
