times:
  edit-metadata: 0.9498475566506386
  landing: 0.041615694761276245
  view-data: 0.24293339625000954
