times:
  edit-metadata: 2.229080967605114
  landing: 0.5372143220156431
  view-data: 0.24742596969008446
