times:
  edit-metadata: 3.0016250601038337
  landing: 0.26750278752297163
  view-data: 0.880388805642724
