times:
  landing: 1.0772647399999755
  view-data: 0.5609204680000062
