times:
  edit-metadata: 2.077346719801426
  landing: 2.125497542321682
  view-data: 0.6345502994954586
