times:
  edit-metadata: 1.8984501603990793
  landing: 0.16136483568698168
  view-data: 0.3908481700345874
