times:
  edit-metadata: 1.782656155526638
  landing: 1.1247002743184566
  view-data: 3.3643964007496834
