times:
  landing: 0.5554365019999921
  view-data: 0.5573311630000148
