times:
  edit-metadata: 1.9462332166731358
  landing: 0.022005314007401466
  view-data: 0.027265903539955616
