times:
  edit-metadata: 1.9958285372704268
  landing: 1.6140621677041054
  view-data: 0.6301378440111876
