times:
  edit-metadata: 2.013315873220563
  landing: 0.6240498051047325
  view-data: 0.234967527911067
