times:
  edit-metadata: 1.9123410750180483
  landing: 0.020823671482503414
  view-data: 0.1200267979875207
