times:
  edit-metadata: 1.0346961610484868
  landing: 0.05223598680458963
  view-data: 0.24188910983502865
