times:
  edit-metadata: 1.2986839049845003
  landing: 0.09529428399400786
  view-data: 0.27936573600163683
