times:
  edit-metadata: 1.5451274868100882
  landing: 0.8213049490004778
  view-data: 3.4121577069163322
