times:
  edit-metadata: 1.063050942029804
  landing: 0.07076011411845684
  view-data: 0.23910925211384892
