times:
  edit-metadata: 1.4225535653531551
  landing: 0.9406114891171455
  view-data: 3.4000047892332077
