times:
  edit-metadata: 0.9388707429170609
  landing: 0.041451938915997744
  view-data: 0.21689668809995055
