times:
  edit-metadata: 1.6111761666834354
  landing: 1.1054123491048813
  view-data: 3.3963954001665115
