times:
  edit-metadata: 1.5099686309695244
  landing: 0.7660666294395924
  view-data: 3.3810072354972363
