times:
  edit-metadata: 2.252554723061621
  landing: 0.021353930234909058
  view-data: 0.03178779128938913
