times:
  edit-metadata: 1.4808874996379018
  landing: 0.9337320309132338
  view-data: 3.3175132237374783
