times:
  edit-metadata: 0.8881193865090609
  landing: 0.04601890407502651
  view-data: 0.2237245850265026
