times:
  edit-metadata: 3.56633185967803
  landing: 0.3386873761191964
  view-data: 0.4885849477723241
