times:
  landing: 0.5588615190000041
  view-data: 0.5569801480000081
