times:
  landing: 0.5527861609999718
  view-data: 0.5567114109999807
