times:
  edit-metadata: 1.8504826240241528
  landing: 0.044468265026807785
  view-data: 0.23216112703084946
