times:
  landing: 0.5525824180000143
  view-data: 0.5564555119999852
