times:
  edit-metadata: 1.8855879828333855
  landing: 0.02028960082679987
  view-data: 0.025997480377554893
