times:
  edit-metadata: 1.9445711812004447
  landing: 0.021756628528237343
  view-data: 0.02739113662391901
