times:
  edit-metadata: 1.383563732728362
  landing: 0.8852500431239605
  view-data: 3.365964574739337
