times:
  edit-metadata: 2.550506734289229
  landing: 1.42098793014884
  view-data: 3.371261299122125
