times:
  edit-metadata: 1.3993843141943216
  landing: 1.067578325048089
  view-data: 3.431964891962707
