times:
  edit-metadata: 1.4858940672129393
  landing: 0.8923415411263704
  view-data: 3.3507949877530336
