times:
  landing: 1.0811662650000073
  view-data: 0.565998814000011
