times:
  edit-metadata: 0.9026399729773402
  landing: 0.04106417903676629
  view-data: 0.21229893993586302
