times:
  edit-metadata: 2.169071054086089
  landing: 0.3119079973548651
  view-data: 0.02296619489789009
