times:
  edit-metadata: 1.3960930919274688
  landing: 1.1981218913570046
  view-data: 3.4476459808647633
