times:
  landing: 0.5428107909999937
  view-data: 0.5451481269999761
