times:
  edit-metadata: 1.709545944000638
  landing: 0.043630711999867344
  view-data: 0.23378660900016257
