times:
  edit-metadata: 1.5394828780554235
  landing: 0.04893543105572462
  view-data: 0.21815577219240367
