times:
  edit-metadata: 1.4417248964309692
  landing: 0.913093663752079
  view-data: 3.421647008508444
