times:
  edit-metadata: 1.8925734739750624
  landing: 0.21389622706919909
  view-data: 0.22136555705219507
