times:
  edit-metadata: 1.8522315574809909
  landing: 0.1254572430625558
  view-data: 0.47568262461572886
