times:
  edit-metadata: 1.0726680029183626
  landing: 0.06472618272528052
  view-data: 0.2319511347450316
