times:
  edit-metadata: 1.548390319570899
  landing: 0.9899458438158035
  view-data: 0.977101769298315
