times:
  edit-metadata: 1.496952055953443
  landing: 0.04165829299017787
  view-data: 0.2154752817004919
