times:
  edit-metadata: 1.8972096983343363
  landing: 0.16209888830780983
  view-data: 0.11896567139774561
