times:
  landing: 0.5547455980000109
  view-data: 0.5562973389999684
