times:
  edit-metadata: 1.487545020878315
  landing: 1.0693491660058498
  view-data: 3.345835827291012
