times:
  edit-metadata: 1.8749560173600912
  landing: 0.019442426040768623
  view-data: 0.12246092222630978
