times:
  edit-metadata: 1.7406186340376735
  landing: 0.05602113902568817
  view-data: 0.2210718661081046
