times:
  edit-metadata: 2.0423156786710024
  landing: 0.11260234843939543
  view-data: 0.4144390756264329
