times:
  edit-metadata: 1.603563217446208
  landing: 0.8908068593591452
  view-data: 3.4079653210937977
