times:
  edit-metadata: 1.465839319047518
  landing: 0.04665694502182305
  view-data: 0.20930153597146273
