times:
  edit-metadata: 0.8886787663213909
  landing: 0.041330231819301844
  view-data: 0.21886318596079946
