times:
  edit-metadata: 1.9776077838614583
  landing: 0.025560298934578896
  view-data: 0.026961316354572773
