times:
  edit-metadata: 1.5790590578690171
  landing: 0.05098094791173935
  view-data: 0.3496488630771637
