times:
  landing: 0.553748201000019
  view-data: 0.5768904580000367
