times:
  edit-metadata: 2.0426364578306675
  landing: 0.13895501755177975
  view-data: 0.028508219867944717
