times:
  edit-metadata: 1.5411896482110023
  landing: 0.8763497062027454
  view-data: 3.4677918925881386
