times:
  edit-metadata: 1.8537391610443592
  landing: 1.263450264930725
  view-data: 3.4197489637881517
