times:
  edit-metadata: 1.4285546452738345
  landing: 0.857688024174422
  view-data: 3.4075943450443447
