times:
  edit-metadata: 1.850117634050548
  landing: 0.11850462201982737
  view-data: 0.12225017882883549
