times:
  landing: 0.5579692320000049
  view-data: 0.5613008510000554
