times:
  edit-metadata: 1.8764563854783773
  landing: 1.1254899613559246
  view-data: 0.6214105598628521
