times:
  edit-metadata: 1.0708483989583328
  landing: 0.0649245890090242
  view-data: 0.24752704508136958
