times:
  edit-metadata: 1.8195351958274841
  landing: 0.05673588067293167
  view-data: 0.23799049109220505
