times:
  edit-metadata: 1.9703192673623562
  landing: 0.9069054406136274
  view-data: 0.4617729391902685
