times:
  edit-metadata: 1.05815935699502
  landing: 0.06852101301774383
  view-data: 0.24700317799579352
