times:
  edit-metadata: 1.5431413352489471
  landing: 0.8060494251549244
  view-data: 3.3909163642674685
