times:
  edit-metadata: 1.5569220799952745
  landing: 0.05408504791557789
  view-data: 0.22128546400927007
