times:
  edit-metadata: 1.5001344259944744
  landing: 0.04377016599755734
  view-data: 0.22549106902442873
