times:
  edit-metadata: 1.8876765370368958
  landing: 0.46018776670098305
  view-data: 0.22507032379508018
