times:
  edit-metadata: 1.9831298924982548
  landing: 0.018863536417484283
  view-data: 0.023188281804323196
