times:
  edit-metadata: 0.9389976980164647
  landing: 0.04684893786907196
  view-data: 0.2095818337984383
