times:
  edit-metadata: 1.58049226552248
  landing: 5.616729576140642
  view-data: 3.433704763650894
