times:
  edit-metadata: 1.9513320131227374
  landing: 0.17568252328783274
  view-data: 0.02574816532433033
