times:
  edit-metadata: 1.9256102833896875
  landing: 0.8105860035866499
  view-data: 0.33034021221101284
