times:
  edit-metadata: 1.5879031869699247
  landing: 0.050140708044636995
  view-data: 0.20931347500300035
