times:
  edit-metadata: 1.2665153059642762
  landing: 0.09640164603479207
  view-data: 0.24306551698828116
