times:
  edit-metadata: 2.2663350235670805
  landing: 0.20810561627149582
  view-data: 0.5182695742696524
