times:
  edit-metadata: 0.9055305761285126
  landing: 0.04535644268617034
  view-data: 0.20850896183401346
