times:
  edit-metadata: 2.4178391955792904
  landing: 0.24155473336577415
  view-data: 0.7455778606235981
