times:
  edit-metadata: 1.9102862561121583
  landing: 0.022318885661661625
  view-data: 0.027252135798335075
