times:
  edit-metadata: 1.8210811839999224
  landing: 0.05098689700025716
  view-data: 0.23402709999936633
