times:
  edit-metadata: 1.7996123507618904
  landing: 0.048714637756347656
  view-data: 0.22114267945289612
