times:
  edit-metadata: 1.4492467497475445
  landing: 0.8286766433157027
  view-data: 3.3364381128922105
