times:
  edit-metadata: 1.8859672313556075
  landing: 0.021312523633241653
  view-data: 0.026141230948269367
