times:
  edit-metadata: 1.6242471374571323
  landing: 1.0508399605751038
  view-data: 3.377266250550747
