times:
  edit-metadata: 0.9966060020960867
  landing: 0.07434109877794981
  view-data: 0.2628729399293661
