times:
  edit-metadata: 1.52448870241642
  landing: 0.871781587600708
  view-data: 3.422844249755144
