times:
  edit-metadata: 1.994534770026803
  landing: 0.022338438779115677
  view-data: 0.12778816372156143
