times:
  edit-metadata: 1.33399972692132
  landing: 0.055841507855802774
  view-data: 0.37680952018126845
