times:
  edit-metadata: 1.1675161961466074
  landing: 0.17316791461780667
  view-data: 0.24665738409385085
