times:
  edit-metadata: 1.5308600403368473
  landing: 0.8623923789709806
  view-data: 3.474781623110175
