times:
  edit-metadata: 2.0135437827557325
  landing: 0.5768720172345638
  view-data: 0.3450372591614723
