times:
  edit-metadata: 1.3436151519417763
  landing: 0.994652584195137
  view-data: 3.3147391453385353
