times:
  edit-metadata: 1.5730738025158644
  landing: 0.591438652947545
  view-data: 0.6927027050405741
