times:
  edit-metadata: 2.2525194864720106
  landing: 0.11626886762678623
  view-data: 0.32254825346171856
