times:
  edit-metadata: 1.358097530901432
  landing: 0.8500793948769569
  view-data: 3.290800243616104
