times:
  edit-metadata: 1.9404671881347895
  landing: 0.022225795313715935
  view-data: 0.3121551536023617
