times:
  edit-metadata: 2.483393546193838
  landing: 0.1492074467241764
  view-data: 0.3459204901009798
