times:
  edit-metadata: 2.098548285663128
  landing: 0.1887270323932171
  view-data: 0.2081062849611044
