times:
  edit-metadata: 1.4573316499590874
  landing: 0.7659719362854958
  view-data: 3.2625659443438053
