times:
  edit-metadata: 1.0128188079688698
  landing: 0.07179487100802362
  view-data: 0.23233749205246568
