times:
  edit-metadata: 0.9694964028894901
  landing: 0.0421223440207541
  view-data: 0.23414496518671513
