times:
  edit-metadata: 1.49687227292452
  landing: 0.04245729395188391
  view-data: 0.22549686999991536
