times:
  edit-metadata: 1.3535077309934422
  landing: 0.1280158399604261
  view-data: 0.269322345033288
