times:
  landing: 0.5525000370000726
  view-data: 0.5774349789999178
