times:
  edit-metadata: 1.6766168102622032
  landing: 1.0497553050518036
  view-data: 3.3837411776185036
