times:
  landing: 0.556555071000048
  view-data: 0.5708985459999667
