times:
  landing: 0.5564054419999991
  view-data: 0.5571531470000082
