times:
  edit-metadata: 1.0222571990452707
  landing: 0.045215544290840626
  view-data: 0.3610428720712662
