times:
  landing: 0.545099969000006
  view-data: 0.547156297999976
