times:
  landing: 0.5529167820000112
  view-data: 0.564164101000074
