times:
  edit-metadata: 1.561979879043065
  landing: 0.05733637104276568
  view-data: 0.21895629505161196
