times:
  edit-metadata: 1.990632101893425
  landing: 0.7938696946948767
  view-data: 0.24213936924934387
