times:
  edit-metadata: 1.5080202110111713
  landing: 0.7905049193650484
  view-data: 3.396544637158513
