times:
  edit-metadata: 1.5160298682749271
  landing: 0.9140391163527966
  view-data: 3.4185735657811165
