times:
  edit-metadata: 1.5194558950606734
  landing: 0.051641611848026514
  view-data: 0.2144111671950668
