times:
  edit-metadata: 1.4213912039995193
  landing: 0.942062497138977
  view-data: 3.407891310751438
