times:
  landing: 1.0618642249999937
  view-data: 0.5499370069999827
