times:
  edit-metadata: 1.4449749812483788
  landing: 1.882737834006548
  view-data: 0.39748616702854633
