times:
  edit-metadata: 1.4198556100018322
  landing: 0.8897704621776938
  view-data: 3.401494410354644
