times:
  edit-metadata: 1.4724700157530606
  landing: 0.05076461471617222
  view-data: 0.21822082297876477
