times:
  edit-metadata: 1.3176472820341587
  landing: 0.07559804478660226
  view-data: 0.34175220504403114
