times:
  edit-metadata: 1.8388567697256804
  landing: 0.12068401277065277
  view-data: 0.026964888907968998
