times:
  landing: 1.119600260000027
  view-data: 0.5553114610000307
