times:
  edit-metadata: 2.3101202249526978
  landing: 0.3555530793964863
  view-data: 0.37909737043082714
