times:
  edit-metadata: 1.0203144850675017
  landing: 0.05319065204821527
  view-data: 0.23127727513201535
