times:
  edit-metadata: 1.3406019434332848
  landing: 0.8090473562479019
  view-data: 3.3204313069581985
