times:
  edit-metadata: 1.9833141788840294
  landing: 0.16417474672198296
  view-data: 0.3251710869371891
