times:
  edit-metadata: 1.006548335077241
  landing: 0.05420921207405627
  view-data: 0.26159403496421874
