times:
  edit-metadata: 1.7873884625732899
  landing: 0.049971409142017365
  view-data: 0.23188956081867218
