times:
  edit-metadata: 1.4763398468494415
  landing: 1.009623322635889
  view-data: 0.43854430690407753
