times:
  edit-metadata: 0.8978013386949897
  landing: 0.04310288745909929
  view-data: 0.2213192768394947
