times:
  edit-metadata: 2.0313421953469515
  landing: 0.18203659541904926
  view-data: 0.3966708481311798
