times:
  edit-metadata: 1.8219067305326462
  landing: 0.042286962270736694
  view-data: 0.21696597710251808
