times:
  landing: 0.5549296760000004
  view-data: 0.056208186999981535
