times:
  edit-metadata: 1.4571903999894857
  landing: 0.8898104894906282
  view-data: 3.420707818120718
