times:
  edit-metadata: 1.5240221000276506
  landing: 0.05881038401275873
  view-data: 0.21311907703056931
