times:
  edit-metadata: 1.506393551826477
  landing: 0.8230901844799519
  view-data: 3.333670824766159
