times:
  edit-metadata: 1.4828128032386303
  landing: 0.9247243367135525
  view-data: 3.4165466278791428
