times:
  edit-metadata: 2.1158973649144173
  landing: 0.6108862068504095
  view-data: 0.6426481995731592
