times:
  edit-metadata: 1.523789044469595
  landing: 0.9236153773963451
  view-data: 3.405645679682493
