times:
  edit-metadata: 1.533027095720172
  landing: 0.8856610152870417
  view-data: 3.460030175745487
