times:
  landing: 0.5402443119999134
  view-data: 0.5462102120000054
