times:
  edit-metadata: 1.9958979142829776
  landing: 0.019747049547731876
  view-data: 0.4479408906772733
