times:
  edit-metadata: 0.9250265932641923
  landing: 0.05598149076104164
  view-data: 0.22604865161702037
