times:
  edit-metadata: 2.162984035909176
  landing: 0.3674372751265764
  view-data: 0.23295427113771439
