times:
  landing: 1.1088306839999973
  view-data: 0.5582062080000014
