times:
  edit-metadata: 1.4120587641373277
  landing: 0.9772107359021902
  view-data: 3.389131830073893
