times:
  edit-metadata: 0.9287037309259176
  landing: 0.044434414245188236
  view-data: 0.21306393574923277
