times:
  edit-metadata: 1.90819775685668
  landing: 0.04757489636540413
  view-data: 0.22688895463943481
