times:
  edit-metadata: 1.9738215394318104
  landing: 0.5815010070800781
  view-data: 0.630343534052372
