times:
  edit-metadata: 1.8933104742318392
  landing: 0.1190539887174964
  view-data: 0.44817536137998104
