times:
  edit-metadata: 1.879441052209586
  landing: 0.9057101393118501
  view-data: 3.40351605322212
