times:
  edit-metadata: 0.984496774035506
  landing: 0.0831857230514288
  view-data: 0.23337237699888647
