times:
  edit-metadata: 1.6093130260705948
  landing: 0.9967769775539637
  view-data: 3.3355710208415985
