times:
  edit-metadata: 1.0059433793649077
  landing: 0.044185709208250046
  view-data: 0.21600287687033415
