times:
  edit-metadata: 1.9466787204146385
  landing: 0.023390907794237137
  view-data: 0.4254306210204959
