times:
  edit-metadata: 1.460254866629839
  landing: 0.9776441380381584
  view-data: 3.3615528233349323
