times:
  landing: 0.5529363770000089
  view-data: 0.5652801269999941
