times:
  edit-metadata: 1.5326192677021027
  landing: 1.0122887007892132
  view-data: 3.408524464815855
