times:
  edit-metadata: 1.0180148291401565
  landing: 0.05071131209842861
  view-data: 0.37192550697363913
