times:
  edit-metadata: 2.415121654048562
  landing: 0.302073722705245
  view-data: 0.12790361046791077
