times:
  edit-metadata: 1.3575807996094227
  landing: 0.7200846001505852
  view-data: 3.3348453044891357
