times:
  edit-metadata: 1.6786093655973673
  landing: 0.8843896724283695
  view-data: 3.3790658824145794
