times:
  edit-metadata: 1.453186545521021
  landing: 1.02081910520792
  view-data: 3.350800968706608
