times:
  edit-metadata: 1.4101588521152735
  landing: 0.7795707359910011
  view-data: 3.2607888728380203
