times:
  edit-metadata: 1.460207661613822
  landing: 0.7523680347949266
  view-data: 0.31703341379761696
