times:
  edit-metadata: 2.6555301817134023
  landing: 1.0090139964595437
  view-data: 3.573603837750852
