times:
  edit-metadata: 1.0754838929860853
  landing: 0.06352108903229237
  view-data: 0.25245200999779627
