times:
  edit-metadata: 1.4680031090974808
  landing: 0.802337508648634
  view-data: 3.3363263197243214
