times:
  landing: 0.550891890999992
  view-data: 0.5598536580000655
