times:
  edit-metadata: 1.5318887829780579
  landing: 0.8473034612834454
  view-data: 3.425326930359006
