times:
  edit-metadata: 1.928004384972155
  landing: 1.1321786856278777
  view-data: 3.807762931101024
