times:
  edit-metadata: 1.9174838829785585
  landing: 0.19409705325961113
  view-data: 0.027499275282025337
