times:
  edit-metadata: 1.5415442734956741
  landing: 0.9844940006732941
  view-data: 3.457928691059351
