times:
  landing: 1.0855454549999877
  view-data: 0.5520115649999866
