times:
  edit-metadata: 1.4981892313808203
  landing: 0.8742481004446745
  view-data: 3.395456273108721
