times:
  edit-metadata: 1.8422390688210726
  landing: 0.022668826393783092
  view-data: 0.19600735884159803
