times:
  edit-metadata: 1.4643708009971306
  landing: 0.0504675799747929
  view-data: 0.21863519900944084
