times:
  edit-metadata: 1.909775617532432
  landing: 0.020349623635411263
  view-data: 0.026323750615119934
