times:
  landing: 0.5543536369999913
  view-data: 0.5580296159999989
