times:
  edit-metadata: 1.4699547729687765
  landing: 0.04472408094443381
  view-data: 0.2112608930328861
