times:
  landing: 0.5567697680000094
  view-data: 0.061714806999987104
