times:
  edit-metadata: 1.5288682129466906
  landing: 0.044387564063072205
  view-data: 0.22108767891768366
