times:
  edit-metadata: 0.9996765409596264
  landing: 0.050996925914660096
  view-data: 0.40278444113209844
