times:
  edit-metadata: 0.9499103287234902
  landing: 0.04853498423472047
  view-data: 0.21683358820155263
