times:
  edit-metadata: 1.852822001092136
  landing: 0.020576071925461292
  view-data: 0.02314822096377611
