times:
  edit-metadata: 1.4083115609828383
  landing: 0.044618739979341626
  view-data: 0.21829921193420887
