times:
  landing: 0.5599777289999963
  view-data: 0.5554944980000016
