times:
  edit-metadata: 1.8467138279229403
  landing: 0.020897160284221172
  view-data: 0.027824207209050655
