times:
  edit-metadata: 1.871280761435628
  landing: 0.02212332747876644
  view-data: 0.19446954131126404
