times:
  edit-metadata: 1.8218300342559814
  landing: 0.05176549404859543
  view-data: 0.23208477348089218
