times:
  edit-metadata: 1.4595301439985633
  landing: 0.8564978679642081
  view-data: 3.3979716449975967
