times:
  edit-metadata: 1.9243561569601297
  landing: 0.02021624054759741
  view-data: 0.4664941197261214
