times:
  edit-metadata: 1.292302228976041
  landing: 0.060700275003910065
  view-data: 0.26058419700711966
