times:
  edit-metadata: 1.5699274986982346
  landing: 0.9460645783692598
  view-data: 3.32308142632246
