times:
  edit-metadata: 1.5406879629008472
  landing: 0.04558716481551528
  view-data: 0.2174831791780889
