times:
  edit-metadata: 1.4182214364409447
  landing: 0.9199975915253162
  view-data: 3.407126732170582
