times:
  edit-metadata: 2.0335574112832546
  landing: 0.0238975677639246
  view-data: 0.3147349301725626
