times:
  edit-metadata: 1.5247081629931927
  landing: 0.8376632239669561
  view-data: 3.4544369783252478
