times:
  edit-metadata: 1.991244861856103
  landing: 0.20500801131129265
  view-data: 0.023548360913991928
