times:
  edit-metadata: 1.9942444674670696
  landing: 0.18918583262711763
  view-data: 0.49084915965795517
