times:
  landing: 0.5570705670000109
  view-data: 0.5622905339999988
