times:
  edit-metadata: 0.9506991850212216
  landing: 0.04424638208001852
  view-data: 0.22428261768072844
