times:
  edit-metadata: 1.502603820990771
  landing: 0.8956860820762813
  view-data: 3.3796775981318206
