times:
  edit-metadata: 1.4880103841423988
  landing: 0.8438378684222698
  view-data: 3.3780884332954884
