times:
  landing: 1.0682977149999715
  view-data: 0.5545693399999436
