times:
  edit-metadata: 1.5393663110444322
  landing: 0.044972772942855954
  view-data: 0.2325063169701025
