times:
  edit-metadata: 2.018517592921853
  landing: 0.9678345639258623
  view-data: 0.5981242712587118
