times:
  edit-metadata: 1.8361644838005304
  landing: 0.02330632694065571
  view-data: 0.13498278614133596
