times:
  edit-metadata: 2.0593605637550354
  landing: 0.13738664984703064
  view-data: 0.02595856972038746
