times:
  edit-metadata: 1.565586326061748
  landing: 1.1884440010180697
  view-data: 3.457259107963182
