times:
  edit-metadata: 1.5983507074415684
  landing: 0.9904248919337988
  view-data: 3.3521587885916233
