times:
  edit-metadata: 1.7339224852621555
  landing: 0.049642354249954224
  view-data: 0.22895273193717003
