times:
  edit-metadata: 0.9663980090990663
  landing: 0.04003067081794143
  view-data: 0.2278512166813016
