times:
  landing: 1.0628222219999657
  view-data: 0.552742875999968
