times:
  edit-metadata: 1.4791627610102296
  landing: 0.04359079897403717
  view-data: 0.21418136195279658
