times:
  edit-metadata: 1.5675703161396086
  landing: 0.04888069024309516
  view-data: 0.2310077757574618
