times:
  edit-metadata: 1.3936119005084038
  landing: 0.9057600907981396
  view-data: 3.3709759190678596
