times:
  landing: 1.0576047370000197
  view-data: 0.5458966579999469
