times:
  edit-metadata: 0.9476486360654235
  landing: 0.0492428382858634
  view-data: 0.2358609987422824
