times:
  edit-metadata: 1.8964420622214675
  landing: 1.3360083820298314
  view-data: 3.4004371515475214
