times:
  edit-metadata: 1.4073829166591167
  landing: 0.9800291322171688
  view-data: 3.3596839234232903
