times:
  edit-metadata: 1.9654752174392343
  landing: 0.01907526981085539
  view-data: 0.023954086937010288
