times:
  edit-metadata: 1.5605357880704105
  landing: 0.038078085985034704
  view-data: 0.2367108769249171
