times:
  edit-metadata: 1.8265142487362027
  landing: 0.01988038793206215
  view-data: 0.09820044133812189
