times:
  edit-metadata: 1.0945143260178156
  landing: 0.07191212102770805
  view-data: 0.23803263599984348
