times:
  edit-metadata: 0.970144868362695
  landing: 0.0493893320672214
  view-data: 0.22115177987143397
