times:
  landing: 0.5507828279999956
  view-data: 0.052331834999989724
