times:
  landing: 0.5492161659999795
  view-data: 0.5524414070000034
