times:
  landing: 0.5527860170000167
  view-data: 0.5555051950000234
