times:
  edit-metadata: 0.9786937180906534
  landing: 0.07708165200892836
  view-data: 0.23055766196921468
