times:
  edit-metadata: 1.559223558055237
  landing: 0.047928420011885464
  view-data: 0.22798910597339272
