times:
  edit-metadata: 1.4787055850028992
  landing: 0.9952709972858429
  view-data: 3.279991138726473
