times:
  edit-metadata: 1.0287322069052607
  landing: 0.052516313968226314
  view-data: 0.24890662403777242
