times:
  edit-metadata: 1.8021562453359365
  landing: 0.5045483782887459
  view-data: 0.2320780549198389
