times:
  edit-metadata: 2.1706619523465633
  landing: 0.04951128363609314
  view-data: 0.1503679845482111
