times:
  edit-metadata: 1.7718325406312943
  landing: 1.3114479221403599
  view-data: 3.4833292178809643
