times:
  landing: 0.5535476910000057
  view-data: 0.5650660150000135
