times:
  edit-metadata: 1.5424407869577408
  landing: 0.8702813051640987
  view-data: 3.4380068611353636
