times:
  landing: 0.5466466489999675
  view-data: 0.5615627449999465
