times:
  edit-metadata: 1.9693330023437738
  landing: 0.12758463621139526
  view-data: 0.13803099282085896
