times:
  edit-metadata: 0.9540559221059084
  landing: 0.04662951081991196
  view-data: 0.2227570479735732
