times:
  edit-metadata: 0.87593006901443
  landing: 0.04412137670442462
  view-data: 0.22261169273406267
