times:
  landing: 0.5599193780000178
  view-data: 0.5696963369999821
