times:
  edit-metadata: 0.9116188832558692
  landing: 0.04302852973341942
  view-data: 0.2146043931134045
