times:
  edit-metadata: 1.9915301455184817
  landing: 0.021865437738597393
  view-data: 0.41394193563610315
