times:
  edit-metadata: 1.4900826059747487
  landing: 0.05309720593504608
  view-data: 0.21935106487944722
