times:
  edit-metadata: 1.872555360198021
  landing: 0.053880199790000916
  view-data: 0.21918867528438568
