times:
  edit-metadata: 1.4955210640036967
  landing: 0.049518645013449714
  view-data: 0.21336159500060603
