times:
  edit-metadata: 2.2375766690820456
  landing: 0.1695204507559538
  view-data: 0.34995971247553825
