times:
  edit-metadata: 1.8638122361153364
  landing: 0.5742936134338379
  view-data: 0.3488351609557867
