times:
  landing: 0.5542595030001394
  view-data: 0.5738650109999526
