times:
  edit-metadata: 1.9029794558882713
  landing: 0.13231967762112617
  view-data: 0.41523727122694254
