times:
  landing: 0.5531484969999951
  view-data: 0.5546731840000234
