times:
  landing: 1.6097261969999863
  view-data: 0.5629046959999755
