times:
  edit-metadata: 1.5485550329321995
  landing: 0.04566695203538984
  view-data: 0.21966548007912934
