times:
  edit-metadata: 1.8463972052559257
  landing: 0.09670858457684517
  view-data: 0.10149144940078259
