times:
  edit-metadata: 1.4583328692242503
  landing: 0.865341582801193
  view-data: 3.364038369152695
