times:
  edit-metadata: 1.3839996317401528
  landing: 0.8702683793380857
  view-data: 3.3972234781831503
