times:
  edit-metadata: 1.4078704258427024
  landing: 0.9414098653942347
  view-data: 3.3872425071895123
