times:
  edit-metadata: 1.5588450669310987
  landing: 0.058086211793124676
  view-data: 0.22101890086196363
