times:
  landing: 0.5508331759999976
  view-data: 0.5535307969999792
