times:
  landing: 1.5868589719999875
  view-data: 0.5527024830000187
