times:
  edit-metadata: 2.24446040391922
  landing: 0.1991219911724329
  view-data: 0.3121081255376339
