times:
  edit-metadata: 1.7953608073294163
  landing: 0.9295463375747204
  view-data: 0.3494371473789215
