times:
  edit-metadata: 1.5049236919730902
  landing: 0.8431051289662719
  view-data: 3.367887819185853
