times:
  edit-metadata: 1.925885172560811
  landing: 0.01811894029378891
  view-data: 0.02676681149750948
