times:
  landing: 0.5450191289999964
  view-data: 0.5542282540000087
