times:
  edit-metadata: 1.2807655580108985
  landing: 0.06443958499585278
  view-data: 0.3856292229902465
