times:
  edit-metadata: 1.3990830809343606
  landing: 0.7946551879867911
  view-data: 3.288855539052747
