times:
  edit-metadata: 2.034039171412587
  landing: 0.023080425336956978
  view-data: 0.02679317444562912
