times:
  edit-metadata: 0.9630921180360019
  landing: 0.04709826083853841
  view-data: 0.23170305974781513
