times:
  edit-metadata: 1.3806102219969034
  landing: 0.8325918205082417
  view-data: 3.357445309869945
