times:
  edit-metadata: 0.9288113550283015
  landing: 0.04762368416413665
  view-data: 0.2195701552554965
