times:
  edit-metadata: 0.8911312078125775
  landing: 0.04407710209488869
  view-data: 0.22245958494022489
