times:
  edit-metadata: 2.1123600117862225
  landing: 0.020991601049900055
  view-data: 0.3278031703084707
