times:
  edit-metadata: 0.9029024778865278
  landing: 0.045311531983315945
  view-data: 0.21440928289666772
