times:
  edit-metadata: 1.9821558445692062
  landing: 0.22239905782043934
  view-data: 0.024008387699723244
