times:
  edit-metadata: 1.6366996318101883
  landing: 0.9009658806025982
  view-data: 3.3267109654843807
