times:
  edit-metadata: 2.4346273113042116
  landing: 0.2966680321842432
  view-data: 0.4592041801661253
