times:
  edit-metadata: 1.8993106009438634
  landing: 0.020268721505999565
  view-data: 0.11834471113979816
