times:
  landing: 0.5462605950000068
  view-data: 0.5596248820000085
