times:
  landing: 0.5548394010000095
  view-data: 0.05044506299998375
