times:
  landing: 0.5530411729999969
  view-data: 0.5540899860000081
