times:
  edit-metadata: 1.0357028609141707
  landing: 0.0539083993062377
  view-data: 0.2422360242344439
