times:
  edit-metadata: 1.7431921800598502
  landing: 0.047746991040185094
  view-data: 0.23636514507234097
