times:
  edit-metadata: 2.1840953063219786
  landing: 0.02311532571911812
  view-data: 0.3374905101954937
