times:
  edit-metadata: 1.4404081366956234
  landing: 0.9187469482421875
  view-data: 3.300290510058403
