times:
  edit-metadata: 1.4894442739896476
  landing: 0.04189630504697561
  view-data: 0.21083466988056898
