times:
  landing: 0.5543513670000095
  view-data: 0.05050094300000296
