times:
  edit-metadata: 1.2358213947154582
  landing: 0.0516523658297956
  view-data: 0.23377354629337788
