times:
  edit-metadata: 1.401154643157497
  landing: 0.852166434051469
  view-data: 3.436034139012918
