times:
  landing: 0.5581951759999981
  view-data: 0.5602147280000054
