times:
  edit-metadata: 1.474680298997555
  landing: 0.04285673098638654
  view-data: 0.22700541996164247
