times:
  landing: 0.5464521389999959
  view-data: 0.5616101290000302
