times:
  edit-metadata: 0.9593107467517257
  landing: 0.0801113829948008
  view-data: 0.21536144288256764
