times:
  edit-metadata: 1.5258166454732418
  landing: 0.857460368424654
  view-data: 0.6347212344408035
