times:
  edit-metadata: 2.0935669615864754
  landing: 1.2884835740551353
  view-data: 3.6237334087491035
