times:
  landing: 0.5579518979999989
  view-data: 0.5724826290000067
