times:
  landing: 0.5575309359999778
  view-data: 0.5703436489999945
