times:
  edit-metadata: 1.8929380364716053
  landing: 0.020409016869962215
  view-data: 0.12114374432712793
