times:
  landing: 0.5545609859999558
  view-data: 0.5634735329999785
