times:
  edit-metadata: 0.8993235640227795
  landing: 0.043156472966074944
  view-data: 0.21709575038403273
