times:
  edit-metadata: 1.8885118681937456
  landing: 1.0799558982253075
  view-data: 0.3364968206733465
