times:
  edit-metadata: 1.9033395377919078
  landing: 0.01994234975427389
  view-data: 0.0227304520085454
