times:
  edit-metadata: 1.2945306580513716
  landing: 0.07065973430871964
  view-data: 0.23061181185767055
