times:
  edit-metadata: 2.074093533679843
  landing: 0.16754181683063507
  view-data: 0.42001100443303585
