times:
  edit-metadata: 2.0669294502586126
  landing: 0.2280311957001686
  view-data: 0.3909201007336378
