times:
  edit-metadata: 2.171629471704364
  landing: 0.01975315809249878
  view-data: 0.3277076296508312
