times:
  landing: 0.5557410339999933
  view-data: 0.5597513809999555
