times:
  edit-metadata: 1.448752872645855
  landing: 0.954385083168745
  view-data: 3.361131101846695
