times:
  edit-metadata: 1.242774784564972
  landing: 0.06435359036549926
  view-data: 0.23799430020153522
