times:
  landing: 1.12661878199998
  view-data: 0.5560645409999552
