times:
  edit-metadata: 1.8050461672246456
  landing: 0.0485689640045166
  view-data: 0.2210550419986248
