times:
  edit-metadata: 1.5727739483118057
  landing: 0.9421149492263794
  view-data: 3.391625702381134
