times:
  landing: 0.5495432860000165
  view-data: 0.5608778740000275
