times:
  landing: 1.0684216850004304
  view-data: 1.0761184840002898
