times:
  edit-metadata: 1.8235357664525509
  landing: 0.04791184514760971
  view-data: 0.22283314540982246
