times:
  edit-metadata: 1.3960429765284061
  landing: 0.9763776473701
  view-data: 3.4027993083000183
