times:
  edit-metadata: 1.0309340070234612
  landing: 0.05483206897042692
  view-data: 0.23637461103498936
