times:
  landing: 0.5478490740000552
  view-data: 0.5537720060000311
