times:
  edit-metadata: 2.0014750491827726
  landing: 0.20307801477611065
  view-data: 0.38678026385605335
