times:
  edit-metadata: 1.8552966676652431
  landing: 0.04783352464437485
  view-data: 0.22036556899547577
