times:
  edit-metadata: 1.9110750649124384
  landing: 0.7556353099644184
  view-data: 0.6743018068373203
