times:
  edit-metadata: 1.8124952986836433
  landing: 0.054947756230831146
  view-data: 0.23556961491703987
