times:
  edit-metadata: 1.4204369699582458
  landing: 0.8241200484335423
  view-data: 3.3461978333070874
