times:
  edit-metadata: 1.371471792459488
  landing: 0.9363517574965954
  view-data: 3.3351289853453636
