times:
  edit-metadata: 1.4391363146714866
  landing: 0.8691448611207306
  view-data: 3.356348806992173
