times:
  edit-metadata: 0.9437147877179086
  landing: 0.05091678583994508
  view-data: 0.22245927108451724
