times:
  edit-metadata: 1.527334599988535
  landing: 0.04446874203858897
  view-data: 0.21825961396098137
