times:
  edit-metadata: 2.215027831494808
  landing: 0.20401152782142162
  view-data: 0.3693579789251089
