times:
  edit-metadata: 1.412102549802512
  landing: 0.9510249779559672
  view-data: 3.385537929367274
