times:
  edit-metadata: 1.5138258580118418
  landing: 0.04871073015965521
  view-data: 0.21377036906778812
