times:
  edit-metadata: 1.5203396566212177
  landing: 0.9742693118751049
  view-data: 3.4182481579482555
