times:
  edit-metadata: 1.948220644146204
  landing: 1.192807212471962
  view-data: 3.4316605888307095
