times:
  edit-metadata: 1.8327151499688625
  landing: 0.05311167240142822
  view-data: 0.22883174568414688
