times:
  edit-metadata: 1.579034112393856
  landing: 0.8690916784107685
  view-data: 3.3181932903826237
