times:
  edit-metadata: 1.7572312019765377
  landing: 0.04691000282764435
  view-data: 0.21702944114804268
