times:
  edit-metadata: 1.6053107287734747
  landing: 0.716635774821043
  view-data: 3.346912857145071
