times:
  edit-metadata: 2.3209340646862984
  landing: 0.29132610373198986
  view-data: 0.4091359581798315
