times:
  edit-metadata: 2.0910354647785425
  landing: 0.9637665990740061
  view-data: 0.3198587466031313
