times:
  edit-metadata: 1.4795236121863127
  landing: 0.8382710181176662
  view-data: 3.4396068956702948
