times:
  edit-metadata: 1.9744883803650737
  landing: 0.20504664070904255
  view-data: 0.393813518807292
