times:
  edit-metadata: 0.943871290422976
  landing: 0.04342301655560732
  view-data: 0.2380950842052698
