times:
  edit-metadata: 1.4505560901015997
  landing: 0.7553822584450245
  view-data: 3.318566355854273
