times:
  edit-metadata: 0.9359524929895997
  landing: 0.052128222305327654
  view-data: 0.22450990602374077
