times:
  edit-metadata: 0.9953567860648036
  landing: 0.04500431381165981
  view-data: 0.23230140283703804
