times:
  edit-metadata: 1.4084387347102165
  landing: 1.0036219023168087
  view-data: 3.327625684440136
