times:
  edit-metadata: 2.2883801572024822
  landing: 0.17610536888241768
  view-data: 0.3746217917650938
