times:
  edit-metadata: 1.4787518959492445
  landing: 0.9623371921479702
  view-data: 3.306064374744892
