times:
  edit-metadata: 0.9985688899178058
  landing: 0.06316367303952575
  view-data: 0.27979350998066366
