times:
  edit-metadata: 1.332584198564291
  landing: 0.7452241890132427
  view-data: 3.3163054399192333
