times:
  landing: 0.5514769910000155
  view-data: 0.04448965399996041
