times:
  edit-metadata: 1.1951997840005788
  landing: 0.06496335200063186
  view-data: 0.2443732940009795
