times:
  edit-metadata: 1.4864350319840014
  landing: 0.05567674804478884
  view-data: 0.2135679959319532
