times:
  edit-metadata: 1.494528867304325
  landing: 0.9467605836689472
  view-data: 3.3554757386446
