times:
  edit-metadata: 1.8684551296755672
  landing: 0.16179719753563404
  view-data: 0.4016054542735219
