times:
  landing: 0.5557638519999841
  view-data: 0.5605900890000157
