times:
  edit-metadata: 2.244043856859207
  landing: 1.6135969907045364
  view-data: 0.6374752689152956
