times:
  edit-metadata: 0.915894110687077
  landing: 0.0399037953466177
  view-data: 0.22270284593105316
