times:
  edit-metadata: 2.3312012311071157
  landing: 0.21418889798223972
  view-data: 0.19398721866309643
