times:
  edit-metadata: 1.5652234181761742
  landing: 0.5725581999868155
  view-data: 0.6064020935446024
