times:
  edit-metadata: 1.5137902423739433
  landing: 1.0280783772468567
  view-data: 3.40949634835124
