times:
  edit-metadata: 1.8747187741100788
  landing: 0.020662873052060604
  view-data: 0.12135932687669992
