times:
  edit-metadata: 2.051850464195013
  landing: 0.021751180291175842
  view-data: 0.3643627744168043
