times:
  edit-metadata: 1.9203908201307058
  landing: 0.021086654625833035
  view-data: 0.1253815870732069
