times:
  edit-metadata: 1.9874667935073376
  landing: 0.5996079854667187
  view-data: 0.6340046636760235
