times:
  edit-metadata: 1.5734483748674393
  landing: 0.7961269281804562
  view-data: 3.377453450113535
