times:
  edit-metadata: 1.1447635060176253
  landing: 0.197067302884534
  view-data: 0.30363567313179374
