times:
  edit-metadata: 1.4037154829129577
  landing: 1.0850600972771645
  view-data: 3.382019503042102
