times:
  edit-metadata: 1.4347404767759144
  landing: 0.9597706636413932
  view-data: 3.319190294947475
