times:
  edit-metadata: 1.607622615993023
  landing: 0.806939510628581
  view-data: 3.3613328766077757
