times:
  edit-metadata: 1.516273328103125
  landing: 0.0407747111748904
  view-data: 0.22100398293696344
