times:
  edit-metadata: 1.0922557460144162
  landing: 0.05286088492721319
  view-data: 0.24392174498643726
