times:
  edit-metadata: 2.0818219110369682
  landing: 0.029013292863965034
  view-data: 0.023229053243994713
