times:
  edit-metadata: 1.9373154565691948
  landing: 0.04646584391593933
  view-data: 0.2198232263326645
