times:
  edit-metadata: 2.4378338903188705
  landing: 1.310131922364235
  view-data: 3.433833736926317
