times:
  edit-metadata: 0.9418863710016012
  landing: 0.0504547031596303
  view-data: 0.22430947795510292
