times:
  edit-metadata: 1.5041678734123707
  landing: 1.0076765697449446
  view-data: 3.501062812283635
