times:
  edit-metadata: 2.982716517522931
  landing: 0.4159961473196745
  view-data: 0.20181172899901867
