times:
  edit-metadata: 1.4134408291429281
  landing: 20.354046169668436
  view-data: 3.365335039794445
