times:
  landing: 1.0663851049999948
  view-data: 0.5509632039999985
