times:
  edit-metadata: 1.6565938107669353
  landing: 0.6278269160538912
  view-data: 0.4518368300050497
