times:
  edit-metadata: 1.5284059020341374
  landing: 0.046768646978307515
  view-data: 0.22572247899370268
