times:
  edit-metadata: 1.8638562439009547
  landing: 0.021432392299175262
  view-data: 0.12274707853794098
