times:
  edit-metadata: 1.8865638561546803
  landing: 0.02260010689496994
  view-data: 0.11913569923490286
