times:
  landing: 1.065549510000011
  view-data: 0.5513707860000068
