times:
  edit-metadata: 1.9960590489208698
  landing: 1.3106567710638046
  view-data: 3.4397429414093494
