times:
  edit-metadata: 1.5671986600209493
  landing: 0.04826260299887508
  view-data: 0.2272217090066988
