times:
  edit-metadata: 2.3268170254305005
  landing: 0.02146354503929615
  view-data: 0.13031965028494596
