times:
  edit-metadata: 0.9312385190278292
  landing: 0.04528636718168855
  view-data: 0.21725353924557567
