times:
  landing: 0.5513775719999785
  view-data: 0.04484409799999867
