times:
  landing: 0.5433711069999845
  view-data: 0.5471135559999993
