times:
  edit-metadata: 1.5247966209426522
  landing: 0.8790110028348863
  view-data: 3.294005368836224
