times:
  edit-metadata: 1.5682804569951259
  landing: 0.04335194898885675
  view-data: 0.21545873800641857
