times:
  edit-metadata: 1.4207255747169256
  landing: 0.8217267831787467
  view-data: 3.393284353427589
