times:
  edit-metadata: 0.9417555527761579
  landing: 0.06971979979425669
  view-data: 0.2408499880693853
