times:
  edit-metadata: 1.9291179282590747
  landing: 0.020277976989746094
  view-data: 0.0266730934381485
