times:
  edit-metadata: 2.073489623144269
  landing: 0.01987162046134472
  view-data: 0.025140991434454918
