times:
  edit-metadata: 1.0552331790095195
  landing: 0.06961038199369796
  view-data: 0.2565654670179356
