times:
  edit-metadata: 1.589986052014865
  landing: 0.043534115015063435
  view-data: 0.22446935501648113
