times:
  edit-metadata: 1.30326081905514
  landing: 0.1304332590661943
  view-data: 0.2753077941015363
