times:
  edit-metadata: 1.8972826078534126
  landing: 0.9216410834342241
  view-data: 0.24377834796905518
