times:
  edit-metadata: 1.5676709758117795
  landing: 1.653391600586474
  view-data: 3.6840869300067425
