times:
  edit-metadata: 2.0479950457811356
  landing: 0.2023985031992197
  view-data: 0.3445474151521921
