times:
  edit-metadata: 1.486405648291111
  landing: 1.0123803280293941
  view-data: 3.3073714300990105
