times:
  edit-metadata: 1.0410371460020542
  landing: 0.051619480014778674
  view-data: 0.3728451100178063
