times:
  edit-metadata: 0.9101473395712674
  landing: 0.04212107742205262
  view-data: 0.22587093617767096
