times:
  edit-metadata: 1.5200735367834568
  landing: 0.8076364565640688
  view-data: 3.4411299787461758
