times:
  edit-metadata: 2.044341567903757
  landing: 0.2776161413639784
  view-data: 0.12875510565936565
