times:
  edit-metadata: 1.986130677163601
  landing: 0.018872186541557312
  view-data: 0.023487482219934464
