times:
  landing: 0.5702688369999862
  view-data: 0.5561501620000229
