times:
  landing: 0.5498758960000032
  view-data: 0.5531987080000249
