times:
  edit-metadata: 1.089363562001381
  landing: 0.070609737013001
  view-data: 0.26191040698904544
