times:
  edit-metadata: 1.841127522289753
  landing: 0.040969930589199066
  view-data: 0.2308885008096695
