times:
  edit-metadata: 1.1167140690085944
  landing: 0.049399687006371096
  view-data: 0.2619673050066922
