times:
  edit-metadata: 1.6075831239577383
  landing: 0.05127072799950838
  view-data: 0.2256629429757595
