times:
  edit-metadata: 1.4491909556090832
  landing: 0.7668580822646618
  view-data: 3.3286413177847862
