times:
  landing: 0.5522318539999844
  view-data: 0.553737582000025
