times:
  edit-metadata: 1.6278703360585496
  landing: 0.8593407709849998
  view-data: 3.329271104070358
