times:
  edit-metadata: 1.5874910205602646
  landing: 1.038835734128952
  view-data: 3.2894326224923134
