times:
  edit-metadata: 1.7351915948092937
  landing: 0.0496053472161293
  view-data: 0.2321520857512951
