times:
  edit-metadata: 1.548043891787529
  landing: 0.6097384598106146
  view-data: 0.20848221890628338
