times:
  edit-metadata: 0.9344278303906322
  landing: 0.04027156997472048
  view-data: 0.2265966758131981
