times:
  edit-metadata: 1.906899806112051
  landing: 0.16083656158298254
  view-data: 0.028020399622619152
