times:
  edit-metadata: 1.4363565249368548
  landing: 0.9034729509148747
  view-data: 3.4105397551320493
