times:
  edit-metadata: 2.0790752740576863
  landing: 0.13538305554538965
  view-data: 0.15336398407816887
