times:
  edit-metadata: 2.32120961882174
  landing: 0.025313831865787506
  view-data: 0.5472548883408308
