times:
  edit-metadata: 1.9699933156371117
  landing: 0.6040496863424778
  view-data: 0.6459666211158037
