times:
  edit-metadata: 2.039241760969162
  landing: 1.1962491068989038
  view-data: 0.43689026311039925
