times:
  edit-metadata: 1.0132309379987419
  landing: 0.07028411491774023
  view-data: 0.25990622490644455
