times:
  edit-metadata: 1.002406062092632
  landing: 0.0573651441372931
  view-data: 0.2363265440799296
