times:
  edit-metadata: 2.470140468329191
  landing: 0.20629658550024033
  view-data: 0.12309827655553818
