times:
  edit-metadata: 2.0526370871812105
  landing: 0.06039283238351345
  view-data: 0.2407783307135105
