times:
  edit-metadata: 1.5236711092293262
  landing: 0.9540023859590292
  view-data: 3.488009992055595
