times:
  landing: 1.0706635820000088
  view-data: 0.5597065839999971
