times:
  edit-metadata: 1.6002597734332085
  landing: 0.9754428751766682
  view-data: 3.331581227481365
