times:
  edit-metadata: 1.3555875979363918
  landing: 0.8367870189249516
  view-data: 3.2873749062418938
