times:
  landing: 0.5536928939999939
  view-data: 0.5549187029999985
