times:
  edit-metadata: 1.927143250592053
  landing: 0.02313541155308485
  view-data: 0.025608154013752937
