times:
  edit-metadata: 1.43793139513582
  landing: 0.8493794519454241
  view-data: 3.2807327257469296
