times:
  edit-metadata: 1.9330345652997494
  landing: 0.19862394407391548
  view-data: 0.025907767936587334
