times:
  landing: 0.5503374930000007
  view-data: 0.5660403690000066
