times:
  edit-metadata: 1.512096919119358
  landing: 1.0204712487757206
  view-data: 3.387395342811942
