times:
  edit-metadata: 1.4402834083884954
  landing: 0.8683777041733265
  view-data: 3.350189046934247
