times:
  edit-metadata: 1.5116242789663374
  landing: 0.03940716292709112
  view-data: 0.23185146902687848
