times:
  edit-metadata: 1.505501460051164
  landing: 0.057163025019690394
  view-data: 0.21140070306137204
