times:
  edit-metadata: 1.846432282589376
  landing: 0.022571885958313942
  view-data: 0.11990956868976355
