times:
  landing: 0.5545210460000192
  view-data: 0.5520566140000085
