times:
  edit-metadata: 1.3538532890379429
  landing: 0.7203506920486689
  view-data: 3.3650938607752323
