times:
  edit-metadata: 1.888688050210476
  landing: 0.06260320171713829
  view-data: 0.23824506998062134
