times:
  landing: 1.077889639000034
  view-data: 0.5574323600000071
