times:
  landing: 1.0738063809999971
  view-data: 0.5601379230000134
