times:
  edit-metadata: 1.1867938172072172
  landing: 0.07022864278405905
  view-data: 0.27370186895132065
