times:
  landing: 1.0757464339999956
  view-data: 0.5569380579999859
