times:
  edit-metadata: 1.8924249950796366
  landing: 0.020025530830025673
  view-data: 0.45796531345695257
