times:
  edit-metadata: 1.9211493767797947
  landing: 0.021761015057563782
  view-data: 0.02506555523723364
