times:
  edit-metadata: 1.053644168190658
  landing: 0.04688804969191551
  view-data: 0.2459119469858706
