times:
  edit-metadata: 1.3670515678822994
  landing: 0.9610520005226135
  view-data: 3.4174431767314672
