times:
  edit-metadata: 1.3618758351076394
  landing: 0.7885459139943123
  view-data: 3.3357526070903987
