times:
  landing: 0.5524104819999707
  view-data: 0.5594648069999835
