times:
  edit-metadata: 1.039619986899197
  landing: 0.06914240890182555
  view-data: 0.23684146697632968
