times:
  edit-metadata: 1.8701085448265076
  landing: 1.019667599350214
  view-data: 0.23168980330228806
