times:
  edit-metadata: 2.055763153359294
  landing: 0.04255012236535549
  view-data: 0.22757999412715435
