times:
  edit-metadata: 1.50673652254045
  landing: 0.7877108100801706
  view-data: 3.419496404007077
