times:
  edit-metadata: 2.109320728108287
  landing: 0.021700866520404816
  view-data: 0.025410767644643784
