times:
  edit-metadata: 1.5753300039796159
  landing: 0.05038943002000451
  view-data: 0.22035498498007655
