times:
  edit-metadata: 1.5231755562126637
  landing: 0.84003034979105
  view-data: 3.4464933685958385
