times:
  edit-metadata: 2.067283971235156
  landing: 0.1509409286081791
  view-data: 0.34086306020617485
