times:
  edit-metadata: 1.5802461677230895
  landing: 0.06110419286414981
  view-data: 0.21212489902973175
