times:
  landing: 1.069813038999996
  view-data: 0.5673034430000143
