times:
  edit-metadata: 3.039015870541334
  landing: 1.6389356683939695
  view-data: 3.3786110412329435
