times:
  edit-metadata: 1.0195306179957697
  landing: 0.04923652399884304
  view-data: 0.24162914299813565
