times:
  edit-metadata: 1.752534106373787
  landing: 0.04290597140789032
  view-data: 0.2259875275194645
