times:
  landing: 0.5500104660000034
  view-data: 0.5539593929999853
