times:
  landing: 0.6110012210001514
  view-data: 0.5520656319999944
