times:
  edit-metadata: 1.9058652007952332
  landing: 1.1318499334156513
  view-data: 4.052216485142708
