times:
  edit-metadata: 2.123505050316453
  landing: 0.022726386785507202
  view-data: 0.2959481067955494
