times:
  landing: 1.0678353549999997
  view-data: 0.5564444440000216
