times:
  landing: 1.0913813939999955
  view-data: 0.08118522600000233
