times:
  edit-metadata: 1.9650309961289167
  landing: 0.7895807195454836
  view-data: 0.5502057038247585
