times:
  edit-metadata: 1.8710209168493748
  landing: 2.2769036944955587
  view-data: 0.5764020252972841
