times:
  landing: 0.5509045890000834
  view-data: 0.5562205530000028
