times:
  edit-metadata: 1.4285904644057155
  landing: 0.8120875339955091
  view-data: 3.396161103155464
