times:
  edit-metadata: 1.3906103670597076
  landing: 0.8279604660347104
  view-data: 3.3647744287736714
