times:
  edit-metadata: 2.049989953637123
  landing: 1.2664318606257439
  view-data: 3.438153880648315
