times:
  edit-metadata: 1.8734673894941807
  landing: 0.8012677561491728
  view-data: 0.3447632696479559
