times:
  landing: 1.6446357518434525
  view-data: 1.1024839784950018
