times:
  edit-metadata: 1.6410031951963902
  landing: 1.0009918212890625
  view-data: 3.3581585474312305
