times:
  edit-metadata: 1.5099908076226711
  landing: 0.9054795317351818
  view-data: 3.3410629592835903
