times:
  edit-metadata: 0.962772827129811
  landing: 0.04466998064890504
  view-data: 0.21993590099737048
