times:
  edit-metadata: 1.8190922178328037
  landing: 0.9724203012883663
  view-data: 3.3854836747050285
