times:
  edit-metadata: 1.4229153650812805
  landing: 0.8802092019468546
  view-data: 3.3816463199909776
