times:
  edit-metadata: 1.4828992509283125
  landing: 0.8489429280161858
  view-data: 3.4156277829315513
