times:
  edit-metadata: 1.4358369391411543
  landing: 0.7461274154484272
  view-data: 3.4752171970903873
