times:
  edit-metadata: 1.918461311608553
  landing: 0.021189432591199875
  view-data: 0.028038342483341694
