times:
  edit-metadata: 2.7643210776150227
  landing: 1.1010846123099327
  view-data: 3.65467544272542
