times:
  landing: 1.0772891809999692
  view-data: 0.557633366999994
