times:
  edit-metadata: 2.035994667559862
  landing: 1.378540369682014
  view-data: 3.692881079390645
