times:
  edit-metadata: 2.0826956033706665
  landing: 1.406393377110362
  view-data: 3.248429368250072
