times:
  edit-metadata: 1.926314340904355
  landing: 0.023243103176355362
  view-data: 0.023550884798169136
