times:
  edit-metadata: 1.5746494908817112
  landing: 0.05817142897285521
  view-data: 0.22020912799052894
