times:
  edit-metadata: 0.9718377699609846
  landing: 0.07364054990466684
  view-data: 0.2395483929431066
