times:
  edit-metadata: 1.642416212707758
  landing: 0.9263411834836006
  view-data: 0.2329164296388626
