times:
  edit-metadata: 1.976616833359003
  landing: 0.8255783841013908
  view-data: 0.2685778010636568
