times:
  edit-metadata: 0.9250019611790776
  landing: 0.044386289082467556
  view-data: 0.37357136281207204
