times:
  edit-metadata: 1.7764056492596865
  landing: 0.7513386104255915
  view-data: 0.39649832248687744
