times:
  edit-metadata: 1.911867592483759
  landing: 0.020054721273481846
  view-data: 0.024598782882094383
