times:
  edit-metadata: 2.0718916319310665
  landing: 0.590236384421587
  view-data: 0.23626896366477013
