times:
  edit-metadata: 1.5485289245843887
  landing: 0.889679953455925
  view-data: 3.4320681169629097
