times:
  landing: 1.0892866100000447
  view-data: 0.5666418480000175
