times:
  edit-metadata: 0.9813985200598836
  landing: 0.05281916353851557
  view-data: 0.263093926012516
