times:
  edit-metadata: 1.4808231443166733
  landing: 0.9475724846124649
  view-data: 3.4237038865685463
