times:
  landing: 0.5547430479999775
  view-data: 0.5643878700000187
