times:
  landing: 0.5544145380000032
  view-data: 0.5722946479999678
