times:
  edit-metadata: 1.6403636648319662
  landing: 0.0454416680149734
  view-data: 0.2349990240763873
