times:
  edit-metadata: 1.9452867954969406
  landing: 0.5389443691819906
  view-data: 0.23000237718224525
