times:
  edit-metadata: 1.1822696089802776
  landing: 0.10702395800035447
  view-data: 0.30039162101456895
