times:
  edit-metadata: 1.7508135475218296
  landing: 1.255448617041111
  view-data: 3.421012368053198
