times:
  edit-metadata: 1.7581239733844995
  landing: 0.8026221059262753
  view-data: 0.22473794780671597
