times:
  edit-metadata: 1.8522743778303266
  landing: 0.01980835571885109
  view-data: 0.024758754298090935
