times:
  landing: 0.5538306289999468
  view-data: 0.5635843379999983
