times:
  edit-metadata: 1.8721775086596608
  landing: 0.020702190697193146
  view-data: 0.02702221367508173
