times:
  edit-metadata: 1.5121861174702644
  landing: 0.6057155039161444
  view-data: 0.23242207430303097
