times:
  edit-metadata: 1.8731466680765152
  landing: 0.15089330356568098
  view-data: 0.40857383515685797
