times:
  edit-metadata: 1.6400428940542042
  landing: 0.04377880715765059
  view-data: 0.21607522596605122
