times:
  edit-metadata: 2.0230214186012745
  landing: 0.01919418014585972
  view-data: 0.14140267670154572
