times:
  edit-metadata: 2.0377861596643925
  landing: 0.022278903052210808
  view-data: 0.02555370330810547
