times:
  edit-metadata: 1.5471867711748928
  landing: 0.05397366895340383
  view-data: 0.2103504161350429
