times:
  landing: 0.5684236619999865
  view-data: 0.5593532309999887
