times:
  edit-metadata: 1.4947342276573181
  landing: 0.05292954109609127
  view-data: 0.21010367339476943
