times:
  edit-metadata: 0.9588300315663218
  landing: 0.08431461406871676
  view-data: 0.37192190205678344
