times:
  edit-metadata: 1.8975686226040125
  landing: 1.1480463929474354
  view-data: 0.6297233961522579
