times:
  edit-metadata: 1.7711203210055828
  landing: 0.049681708216667175
  view-data: 0.24348965659737587
