times:
  edit-metadata: 1.0260074799880385
  landing: 0.03892112895846367
  view-data: 0.23273404384963214
