times:
  edit-metadata: 1.506424581632018
  landing: 0.9086273685097694
  view-data: 3.4309538081288338
