times:
  edit-metadata: 0.9859301500255242
  landing: 0.061482606979552656
  view-data: 0.2562567290151492
