times:
  landing: 0.5548036579999689
  view-data: 0.5535314499999231
