times:
  edit-metadata: 1.9259185940027237
  landing: 1.4653110578656197
  view-data: 0.36566124111413956
