times:
  edit-metadata: 0.9257165743038058
  landing: 0.05294970888644457
  view-data: 0.22114183101803064
