times:
  edit-metadata: 1.0235093489754945
  landing: 0.05375621002167463
  view-data: 0.2356460220180452
