times:
  edit-metadata: 1.3928230293095112
  landing: 0.530255937948823
  view-data: 0.20303434319794178
