times:
  edit-metadata: 0.9593283534049988
  landing: 0.042244844138622284
  view-data: 0.22358307801187038
