times:
  edit-metadata: 1.8712521232664585
  landing: 0.019373535178601742
  view-data: 0.025701881386339664
