times:
  edit-metadata: 1.5154039449989796
  landing: 0.7938810214400291
  view-data: 3.400064470246434
