times:
  edit-metadata: 0.964782299939543
  landing: 0.08034563716500998
  view-data: 0.2243122193031013
