times:
  edit-metadata: 0.8932667151093483
  landing: 0.04730323003605008
  view-data: 0.21002691192552447
