times:
  edit-metadata: 1.543773591518402
  landing: 0.7342133764177561
  view-data: 3.3212077002972364
