times:
  landing: 0.5537935300000072
  view-data: 0.05715994999999907
