times:
  edit-metadata: 1.2928711217828095
  landing: 0.06529130693525076
  view-data: 0.2678418471477926
