times:
  edit-metadata: 1.368422992527485
  landing: 0.7584095131605864
  view-data: 3.3424719721078873
