times:
  edit-metadata: 1.4371848469600081
  landing: 0.8285166812129319
  view-data: 3.4373108479194343
