times:
  edit-metadata: 2.0255429334938526
  landing: 0.02136239968240261
  view-data: 0.30006659030914307
