times:
  edit-metadata: 1.9159826738759875
  landing: 0.23763698246330023
  view-data: 0.4632677035406232
