times:
  landing: 0.5597991109999612
  view-data: 0.5639971139999602
