times:
  edit-metadata: 3.043706316500902
  landing: 3.4627782069146633
  view-data: 4.4672338254749775
