times:
  edit-metadata: 1.8705291068181396
  landing: 0.12230898346751928
  view-data: 0.18778233416378498
