times:
  edit-metadata: 1.914985727518797
  landing: 1.394857745617628
  view-data: 3.546024177223444
