times:
  edit-metadata: 2.0148971397429705
  landing: 0.020792316645383835
  view-data: 0.025830738246440887
