times:
  edit-metadata: 1.5176201593130827
  landing: 0.8930348493158817
  view-data: 3.3824529480189085
