times:
  edit-metadata: 0.9465113412588835
  landing: 0.04314883518964052
  view-data: 0.2251105522736907
