times:
  edit-metadata: 1.4743952974677086
  landing: 1.1192518137395382
  view-data: 3.3940647058188915
