times:
  edit-metadata: 1.0178242900874466
  landing: 0.04766249214299023
  view-data: 0.25098757399246097
