times:
  edit-metadata: 1.8279894068837166
  landing: 1.0797935277223587
  view-data: 3.3838832788169384
