times:
  landing: 0.5545458679999911
  view-data: 0.5669297489999963
