times:
  edit-metadata: 1.3991557229310274
  landing: 0.7805244382470846
  view-data: 0.26675640419125557
