times:
  landing: 0.5557678069999383
  view-data: 0.5638588959998287
