times:
  edit-metadata: 1.4620804279111326
  landing: 0.04969326267018914
  view-data: 0.1999342800118029
