times:
  edit-metadata: 1.881180902943015
  landing: 1.10605557449162
  view-data: 0.6165821589529514
