times:
  edit-metadata: 1.2523308009840548
  landing: 0.11186929792165756
  view-data: 0.2793661803007126
