times:
  edit-metadata: 2.1685168091207743
  landing: 0.021480005234479904
  view-data: 0.025784604251384735
