times:
  landing: 0.5694118920000051
  view-data: 0.5551129699999819
