times:
  edit-metadata: 1.760107897222042
  landing: 1.5576523430645466
  view-data: 3.3773229345679283
