times:
  landing: 0.5457205170000066
  view-data: 0.5499360430000024
