times:
  edit-metadata: 1.8109733909368515
  landing: 0.053542353212833405
  view-data: 0.23147737234830856
