times:
  landing: 0.6217867010000191
  view-data: 0.5513296710000759
