times:
  edit-metadata: 0.9046807209961116
  landing: 0.044327754992991686
  view-data: 0.222316883970052
