times:
  edit-metadata: 1.4765595469943946
  landing: 0.04172466001182329
  view-data: 0.2240179869986605
