times:
  landing: 1.062520004999982
  view-data: 0.5514302280000152
