times:
  edit-metadata: 1.51002655364573
  landing: 0.7900537252426147
  view-data: 3.4532051999121904
