times:
  edit-metadata: 1.5776889324188232
  landing: 0.9154347479343414
  view-data: 3.376928322017193
