times:
  landing: 1.06898584999999
  view-data: 0.5615874189999772
