times:
  edit-metadata: 1.9296540599316359
  landing: 0.02304429840296507
  view-data: 0.029839154332876205
