times:
  edit-metadata: 0.8985813199542463
  landing: 0.04270720621570945
  view-data: 0.22135680681094527
