times:
  edit-metadata: 0.9975582328625023
  landing: 0.06552451709285378
  view-data: 0.21994130266830325
