times:
  landing: 1.0795979999999759
  view-data: 0.5676270369999656
