times:
  landing: 0.549727689000008
  view-data: 0.5535852119999731
