times:
  edit-metadata: 1.5354671431705356
  landing: 0.04611917492002249
  view-data: 0.2122589386999607
