times:
  edit-metadata: 2.000127535313368
  landing: 0.5152181666344404
  view-data: 0.257545692846179
