times:
  edit-metadata: 1.8913864977657795
  landing: 0.04723795875906944
  view-data: 0.234083641320467
