times:
  landing: 0.5542467889999898
  view-data: 0.5546716939999783
