times:
  edit-metadata: 2.0320040471851826
  landing: 0.14616455137729645
  view-data: 0.030928676947951317
