times:
  edit-metadata: 0.989984959946014
  landing: 0.07175739004742354
  view-data: 0.2551800759974867
