times:
  landing: 0.5744955400000435
  view-data: 0.565999985000019
