times:
  edit-metadata: 2.0238468553870916
  landing: 0.061820946633815765
  view-data: 0.24023139476776123
