times:
  edit-metadata: 1.7229721024632454
  landing: 0.038660746067762375
  view-data: 0.2316044270992279
