times:
  edit-metadata: 1.437404177035205
  landing: 1.0195590379880741
  view-data: 3.3420168979791924
