times:
  landing: 0.5563731450000091
  view-data: 0.5628951790000087
