times:
  edit-metadata: 1.8704407289624214
  landing: 0.04464093968272209
  view-data: 0.22839904949069023
