times:
  edit-metadata: 2.5349737238138914
  landing: 0.1696751620620489
  view-data: 0.4980007242411375
