times:
  edit-metadata: 1.5394054353237152
  landing: 0.9686828292906284
  view-data: 3.4523314721882343
