times:
  landing: 0.5432056199999806
  view-data: 0.5585896999999989
