times:
  edit-metadata: 2.0481642074882984
  landing: 0.02183394879102707
  view-data: 0.29848719015717506
