times:
  edit-metadata: 1.010201205033809
  landing: 0.061396575067192316
  view-data: 0.25991836516186595
