times:
  edit-metadata: 1.6034576408565044
  landing: 0.9634011276066303
  view-data: 3.379583928734064
