times:
  edit-metadata: 2.0319196674972773
  landing: 0.13277079351246357
  view-data: 0.46910736709833145
