times:
  edit-metadata: 1.9429838322103024
  landing: 0.020796073600649834
  view-data: 0.10423004347831011
