times:
  edit-metadata: 1.8642460918053985
  landing: 0.13577012717723846
  view-data: 0.024364890530705452
