times:
  edit-metadata: 1.4313264468219131
  landing: 0.04102104599587619
  view-data: 0.2094799738842994
