times:
  edit-metadata: 1.0304933888837695
  landing: 0.0638551414012909
  view-data: 0.23928980343043804
