times:
  edit-metadata: 0.9289229628629982
  landing: 0.04260491020977497
  view-data: 0.21623353101313114
