times:
  edit-metadata: 2.234644679352641
  landing: 0.1542464680969715
  view-data: 0.18887395225465298
