times:
  edit-metadata: 2.0389953069388866
  landing: 1.1377803646028042
  view-data: 3.4538683630526066
