times:
  edit-metadata: 1.584188377004466
  landing: 0.0545328340085689
  view-data: 0.21474233600019943
