times:
  landing: 1.0736159310000062
  view-data: 0.5565245519999849
