times:
  edit-metadata: 1.3667153418064117
  landing: 0.7913906238973141
  view-data: 3.299673166126013
