times:
  landing: 0.5479312719999996
  view-data: 0.5581342019999909
