times:
  edit-metadata: 1.1954234447330236
  landing: 0.10695018200203776
  view-data: 0.2657019570469856
