times:
  edit-metadata: 1.5166911445558071
  landing: 1.0057174637913704
  view-data: 3.4229983538389206
