times:
  edit-metadata: 1.7746648527681828
  landing: 0.05305557698011398
  view-data: 0.24146362021565437
