times:
  landing: 0.5523027739999975
  view-data: 0.5557097599999565
