times:
  edit-metadata: 1.4978265819954686
  landing: 0.050094097008695826
  view-data: 0.22475326000130735
