times:
  edit-metadata: 2.029767107218504
  landing: 0.11466056481003761
  view-data: 0.3345254436135292
