times:
  edit-metadata: 1.885494153946638
  landing: 0.02013054583221674
  view-data: 0.12327768746763468
