times:
  edit-metadata: 2.326266880147159
  landing: 0.22391289938241243
  view-data: 0.48806686606258154
