times:
  edit-metadata: 1.9908807519823313
  landing: 0.24673548340797424
  view-data: 0.027074547484517097
