times:
  edit-metadata: 2.479490613564849
  landing: 0.296481866389513
  view-data: 0.4347557406872511
