times:
  edit-metadata: 1.9268965348601341
  landing: 0.6756411660462618
  view-data: 0.2782148402184248
