times:
  landing: 0.5582623990000002
  view-data: 0.5603089280000404
