times:
  landing: 0.5527154920000044
  view-data: 0.5556460079999965
