times:
  edit-metadata: 1.4521052278578281
  landing: 0.8402166925370693
  view-data: 3.2963892370462418
