times:
  edit-metadata: 1.8363485988229513
  landing: 0.02134701330214739
  view-data: 0.028041562996804714
