times:
  edit-metadata: 1.2930392478592694
  landing: 0.8102356623858213
  view-data: 3.267073117662221
