times:
  edit-metadata: 1.0624797710042913
  landing: 0.046470450004562736
  view-data: 0.40011032100301236
