times:
  landing: 1.0920412639999881
  view-data: 0.5602817829999935
