times:
  edit-metadata: 1.4924919130280614
  landing: 0.04570241807959974
  view-data: 0.204410701058805
