times:
  edit-metadata: 1.0147844849852845
  landing: 0.04544239293318242
  view-data: 0.2380521009908989
