times:
  edit-metadata: 1.6640031619463116
  landing: 0.0873763239942491
  view-data: 0.25418921490199864
