times:
  landing: 3.1505712069999845
  view-data: 2.1209905309999897
