times:
  edit-metadata: 1.6211970949079841
  landing: 0.07214603782631457
  view-data: 0.2209986678790301
