times:
  edit-metadata: 1.5078348880633712
  landing: 0.06001530308276415
  view-data: 0.22669223207049072
