times:
  edit-metadata: 1.0149109900230542
  landing: 0.07060487498529255
  view-data: 0.24231589504051954
