times:
  edit-metadata: 1.0933367400430143
  landing: 0.07460121484473348
  view-data: 0.24075229978188872
