times:
  landing: 0.5559519840000178
  view-data: 0.5556923759999961
