times:
  edit-metadata: 1.9013136699795723
  landing: 0.02064178604632616
  view-data: 0.02469347696751356
