times:
  edit-metadata: 1.9023196548223495
  landing: 2.4232605397701263
  view-data: 0.4469683524221182
