times:
  edit-metadata: 1.9511655932292342
  landing: 0.02025258168578148
  view-data: 0.1254120208323002
