times:
  landing: 1.1045462980000025
  view-data: 0.5595652009999981
