times:
  edit-metadata: 0.9764862721785903
  landing: 0.04029825981706381
  view-data: 0.21660444885492325
