times:
  edit-metadata: 1.4471231624484062
  landing: 0.9290485121309757
  view-data: 3.3298079185187817
