times:
  edit-metadata: 2.1869597360491753
  landing: 0.248338108882308
  view-data: 0.1417442001402378
