times:
  landing: 0.5479936350000116
  view-data: 0.5455147010000019
