times:
  edit-metadata: 0.8950365749187768
  landing: 0.041144624818116426
  view-data: 0.22045426396653056
