times:
  edit-metadata: 1.9758458398282528
  landing: 0.019193187355995178
  view-data: 0.12723115272819996
