times:
  edit-metadata: 1.6048334017395973
  landing: 1.1044842079281807
  view-data: 3.387121792882681
