times:
  landing: 0.5595956650000176
  view-data: 0.5571617530000026
