times:
  edit-metadata: 2.360827410593629
  landing: 0.02040481474250555
  view-data: 0.03732058312743902
