times:
  edit-metadata: 2.0440165735781193
  landing: 0.043915363028645515
  view-data: 0.024632614105939865
