times:
  edit-metadata: 2.1122482772916555
  landing: 0.1498426552861929
  view-data: 0.44126093201339245
