times:
  edit-metadata: 1.475005004554987
  landing: 1.06514579243958
  view-data: 0.3234720379114151
