times:
  edit-metadata: 1.8455668315291405
  landing: 0.019553340040147305
  view-data: 0.11640237458050251
