times:
  edit-metadata: 1.824323670938611
  landing: 0.9213757589459419
  view-data: 0.3442334346473217
