times:
  edit-metadata: 1.0463031599647366
  landing: 0.0533350600162521
  view-data: 0.23449928202899173
