times:
  edit-metadata: 1.8687287159264088
  landing: 0.020887648686766624
  view-data: 0.025286827236413956
