times:
  edit-metadata: 1.5402435059659183
  landing: 0.04154209978878498
  view-data: 0.2156506972387433
