times:
  edit-metadata: 1.8629830442368984
  landing: 0.02125400770455599
  view-data: 0.10242156125605106
