times:
  edit-metadata: 1.451946371991653
  landing: 0.30571075703483075
  view-data: 0.30564925097860396
