times:
  edit-metadata: 0.8850208846852183
  landing: 0.04053583461791277
  view-data: 0.22508967015892267
