times:
  edit-metadata: 1.7194024305790663
  landing: 1.0737364571541548
  view-data: 3.327491082251072
