times:
  edit-metadata: 1.9446693155914545
  landing: 0.5743171721696854
  view-data: 0.2359820045530796
