times:
  edit-metadata: 1.8788054203614593
  landing: 0.13746604695916176
  view-data: 0.12682344019412994
