times:
  edit-metadata: 1.3677094280719757
  landing: 0.7534320689737797
  view-data: 3.2997922264039516
