times:
  edit-metadata: 1.9511289754882455
  landing: 0.023663430474698544
  view-data: 0.1241921903565526
