times:
  landing: 0.5519426959999976
  view-data: 0.5806046140000092
