times:
  landing: 1.0749428890000274
  view-data: 0.5625306880000096
