times:
  edit-metadata: 1.8797470591962337
  landing: 1.1210465747863054
  view-data: 0.3371859956532717
