times:
  edit-metadata: 1.4244830361567438
  landing: 0.8606829191558063
  view-data: 3.3709012758918107
