times:
  edit-metadata: 2.0599582325667143
  landing: 0.1232332568615675
  view-data: 0.29017732106149197
