times:
  edit-metadata: 1.0018477158155292
  landing: 0.05617254599928856
  view-data: 0.2301644911058247
