times:
  landing: 0.5490020150000134
  view-data: 0.5554488690000028
