times:
  edit-metadata: 1.8679299987852573
  landing: 0.048570774495601654
  view-data: 0.22541220858693123
