times:
  edit-metadata: 1.070908231078647
  landing: 0.06839308806229383
  view-data: 0.2335326160537079
