times:
  edit-metadata: 1.064410163089633
  landing: 0.07185363001190126
  view-data: 0.25266904197633266
