times:
  edit-metadata: 1.8586461311206222
  landing: 0.020526805892586708
  view-data: 0.12012326624244452
