times:
  edit-metadata: 2.412319893948734
  landing: 0.1119798959698528
  view-data: 0.36778943589888513
