times:
  edit-metadata: 0.9389310260303319
  landing: 0.04262599069625139
  view-data: 0.223168867174536
