times:
  edit-metadata: 1.5048661418259144
  landing: 0.8845101147890091
  view-data: 3.3825657945126295
