times:
  edit-metadata: 1.5529840160161257
  landing: 0.8242655172944069
  view-data: 3.399741319939494
