times:
  edit-metadata: 1.6234594993293285
  landing: 3.539946787059307
  view-data: 3.3236000686883926
