times:
  edit-metadata: 1.402818800881505
  landing: 0.8339454717934132
  view-data: 3.2970169745385647
