times:
  landing: 0.5549785149999877
  view-data: 0.5623969469999963
