times:
  edit-metadata: 1.9010369665920734
  landing: 0.021899749524891376
  view-data: 0.023642043583095074
