times:
  edit-metadata: 1.7415708042681217
  landing: 0.5570359621196985
  view-data: 0.2513483166694641
