times:
  edit-metadata: 1.9442326035350561
  landing: 2.306226896122098
  view-data: 0.3551088534295559
