times:
  landing: 0.5450175299999955
  view-data: 0.5500657960000126
