times:
  edit-metadata: 1.488443556940183
  landing: 0.06366515601985157
  view-data: 0.21962652378715575
