times:
  edit-metadata: 1.1458427680190653
  landing: 0.14554749603848904
  view-data: 0.2454477550345473
