times:
  edit-metadata: 1.5164140686392784
  landing: 0.7857948280870914
  view-data: 3.41722709313035
