times:
  edit-metadata: 1.9092045687139034
  landing: 1.0984158124774694
  view-data: 0.6339379251003265
