times:
  landing: 0.5523284799999999
  view-data: 0.5596512799999971
