times:
  edit-metadata: 1.3886270886287093
  landing: 0.865637875162065
  view-data: 3.585343095473945
