times:
  edit-metadata: 1.5123597267083824
  landing: 0.050672263372689486
  view-data: 0.22361328173428774
