times:
  edit-metadata: 1.5135425778571516
  landing: 0.04872020287439227
  view-data: 0.21413081604987383
