times:
  edit-metadata: 2.003745522350073
  landing: 0.021278364583849907
  view-data: 0.12101201340556145
