times:
  edit-metadata: 1.5196511577814817
  landing: 0.797489857301116
  view-data: 3.4116567373275757
