times:
  edit-metadata: 2.056523399427533
  landing: 0.8634091541171074
  view-data: 0.2713175918906927
