times:
  edit-metadata: 2.038809724152088
  landing: 0.647558556869626
  view-data: 0.22355405800044537
