times:
  edit-metadata: 1.508895955979824
  landing: 0.7887631710618734
  view-data: 3.3653929121792316
