times:
  landing: 0.5457644549999827
  view-data: 0.555491767000035
