times:
  edit-metadata: 1.385423137806356
  landing: 0.8497033836320043
  view-data: 3.7417779751122
