times:
  edit-metadata: 1.3897081315517426
  landing: 0.9950397796928883
  view-data: 3.348203379660845
