times:
  edit-metadata: 1.8280327040047268
  landing: 0.04912859199976083
  view-data: 0.22280683199642226
