times:
  edit-metadata: 0.9578841249458492
  landing: 0.043680258095264435
  view-data: 0.22902731504291296
