times:
  edit-metadata: 0.9878872220870107
  landing: 0.07298014196567237
  view-data: 0.23599472199566662
