times:
  edit-metadata: 1.3848413862287998
  landing: 0.8270270824432373
  view-data: 3.3310390561819077
