times:
  edit-metadata: 1.9350838288664818
  landing: 1.0580526646226645
  view-data: 0.3273419924080372
