times:
  edit-metadata: 1.7508948370814323
  landing: 0.049412015825510025
  view-data: 0.21926726400852203
