times:
  edit-metadata: 1.537701016291976
  landing: 0.8387585040181875
  view-data: 3.3807037323713303
