times:
  edit-metadata: 1.5404552482068539
  landing: 0.84935113042593
  view-data: 3.43765333853662
