times:
  edit-metadata: 1.8530145771801472
  landing: 0.04394650086760521
  view-data: 0.2216491363942623
