times:
  edit-metadata: 1.8690706007182598
  landing: 0.04588708654046059
  view-data: 0.23124971985816956
