times:
  edit-metadata: 1.9275067169219255
  landing: 0.9262185841798782
  view-data: 0.3664874676615
