times:
  edit-metadata: 2.072609992697835
  landing: 0.023550905287265778
  view-data: 0.146784495562315
