times:
  landing: 1.0553970149999827
  view-data: 1.0722443109999915
