times:
  edit-metadata: 1.846480680629611
  landing: 0.11842634901404381
  view-data: 0.11870857886970043
