times:
  edit-metadata: 1.6650693470146507
  landing: 0.8802018460119143
  view-data: 3.328150780987926
