times:
  edit-metadata: 2.0520251654088497
  landing: 0.020942335948348045
  view-data: 0.027553513646125793
