times:
  edit-metadata: 1.5334025286138058
  landing: 0.860596576705575
  view-data: 3.4590007718652487
