times:
  edit-metadata: 1.5904493611305952
  landing: 0.04732686700299382
  view-data: 0.23359877010807395
