times:
  edit-metadata: 1.874057780019939
  landing: 0.018813646398484707
  view-data: 0.14337176270782948
