times:
  landing: 0.5462539220000053
  view-data: 0.5539836369999875
