times:
  edit-metadata: 1.84643579646945
  landing: 0.04321041330695152
  view-data: 0.23700151219964027
