times:
  edit-metadata: 1.874534072354436
  landing: 1.1413040738552809
  view-data: 3.4060330856591463
