times:
  edit-metadata: 1.4266808649990708
  landing: 0.8215369279496372
  view-data: 3.3825406008400023
