times:
  landing: 1.0824460409999688
  view-data: 0.5639070099999799
