times:
  edit-metadata: 1.9123096847906709
  landing: 0.02108976524323225
  view-data: 0.02432149648666382
