times:
  edit-metadata: 1.5187746323645115
  landing: 0.9259940832853317
  view-data: 3.3362166844308376
