times:
  landing: 1.1255507060000127
  view-data: 0.5756082700000036
