times:
  edit-metadata: 1.9217923069372773
  landing: 0.023179208859801292
  view-data: 0.026866625994443893
