times:
  edit-metadata: 1.0254378952085972
  landing: 0.05142734386026859
  view-data: 0.23394775623455644
