times:
  edit-metadata: 1.4961157906800508
  landing: 0.7598501536995173
  view-data: 3.398841707035899
