times:
  edit-metadata: 1.4832220749231055
  landing: 0.04453719197772443
  view-data: 0.21196717000566423
