times:
  landing: 0.5804958779999936
  view-data: 0.5526248019999969
