times:
  landing: 0.554834618000001
  view-data: 0.5610638560000041
