times:
  landing: 0.5468544740000425
  view-data: 0.5597315549999848
