times:
  edit-metadata: 1.3844455590005964
  landing: 0.8463786079082638
  view-data: 3.2940618749707937
