times:
  edit-metadata: 1.8299000710248947
  landing: 0.04192374646663666
  view-data: 0.24645690247416496
