times:
  landing: 0.5622216110000409
  view-data: 0.5570966509999948
