times:
  edit-metadata: 1.5024074036628008
  landing: 0.8210967276245356
  view-data: 3.3520298041403294
