times:
  edit-metadata: 0.9901133701205254
  landing: 0.04154147580265999
  view-data: 0.4870082186535001
