times:
  edit-metadata: 0.9434767542406917
  landing: 0.05809885170310736
  view-data: 0.2189712137915194
