times:
  edit-metadata: 1.9411195386201143
  landing: 1.617587599903345
  view-data: 0.640511229634285
