times:
  edit-metadata: 1.5162261873483658
  landing: 1.0224509835243225
  view-data: 0.344394750893116
