times:
  edit-metadata: 0.9087248891592026
  landing: 0.04279312118887901
  view-data: 0.2191636860370636
