times:
  landing: 1.0714173520000259
  view-data: 0.5567394290000038
