times:
  edit-metadata: 1.9275105316191912
  landing: 0.02162246312946081
  view-data: 0.12421652674674988
