times:
  edit-metadata: 0.91404072009027
  landing: 0.04816914489492774
  view-data: 0.21734167635440826
