times:
  edit-metadata: 1.070283416993334
  landing: 0.06140287699236069
  view-data: 0.3913840900058858
