times:
  edit-metadata: 1.5479187704622746
  landing: 1.0231309421360493
  view-data: 3.2502912767231464
