times:
  edit-metadata: 1.4720305716618896
  landing: 0.8482299549505115
  view-data: 3.363161602988839
