times:
  edit-metadata: 1.5837742458097637
  landing: 0.04691864177584648
  view-data: 0.22010333789512515
