times:
  edit-metadata: 1.9771869573742151
  landing: 0.8839505594223738
  view-data: 0.22307760827243328
