times:
  edit-metadata: 0.986701681278646
  landing: 0.0438540680333972
  view-data: 0.2305848728865385
