times:
  landing: 1.078261287000032
  view-data: 0.5646611210000287
