times:
  edit-metadata: 1.960080899298191
  landing: 0.19886084087193012
  view-data: 0.025754395872354507
