times:
  edit-metadata: 0.902723285369575
  landing: 0.04188643675297499
  view-data: 0.21875153202563524
