times:
  edit-metadata: 2.0390368085354567
  landing: 1.133984960615635
  view-data: 0.6480734143406153
