times:
  edit-metadata: 2.052149076014757
  landing: 0.5011540036648512
  view-data: 0.23689795657992363
