times:
  edit-metadata: 0.8911014581099153
  landing: 0.051844656467437744
  view-data: 0.22839940898120403
