times:
  edit-metadata: 1.5712514630286023
  landing: 0.042312793084420264
  view-data: 0.23139704996719956
