times:
  edit-metadata: 1.9406939698383212
  landing: 0.024481967091560364
  view-data: 0.4388379566371441
