times:
  edit-metadata: 1.9433311708271503
  landing: 0.2085054237395525
  view-data: 0.024571239948272705
