times:
  edit-metadata: 1.3614955521188676
  landing: 0.06445865286514163
  view-data: 0.48098625987768173
