times:
  edit-metadata: 1.9137249402701855
  landing: 0.14891143143177032
  view-data: 0.13772896490991116
