times:
  landing: 1.0639513720000195
  view-data: 0.5493405240000584
