times:
  landing: 0.5512474089999841
  view-data: 0.05667184700001826
