times:
  edit-metadata: 1.071857979055494
  landing: 0.07498227478936315
  view-data: 0.25118406023830175
