times:
  edit-metadata: 1.5372854359447956
  landing: 0.9919016622006893
  view-data: 3.3313783891499043
