times:
  edit-metadata: 0.9539751000702381
  landing: 0.04873141599819064
  view-data: 0.2191629116423428
