times:
  edit-metadata: 1.4151953558903188
  landing: 0.947291397023946
  view-data: 3.425299326190725
