times:
  edit-metadata: 1.5209522284567356
  landing: 0.8580958414822817
  view-data: 3.4576729629188776
