times:
  edit-metadata: 1.181934671010822
  landing: 0.1287896316498518
  view-data: 0.2874692687764764
