times:
  edit-metadata: 1.0794305830495432
  landing: 0.06238635105546564
  view-data: 0.2415747429477051
