times:
  edit-metadata: 1.9423018069937825
  landing: 0.20641293842345476
  view-data: 0.1171659305691719
