times:
  edit-metadata: 0.9562538089230657
  landing: 0.04143952997401357
  view-data: 0.22992632584646344
