times:
  edit-metadata: 1.5032560992985964
  landing: 0.8663338460028172
  view-data: 3.42107349447906
