times:
  edit-metadata: 1.868815267458558
  landing: 0.5753032509237528
  view-data: 0.6291365940123796
