times:
  edit-metadata: 0.8981978488154709
  landing: 0.044055272825062275
  view-data: 0.20931685203686357
