times:
  edit-metadata: 1.5004944801330566
  landing: 0.7912569399923086
  view-data: 3.425838243216276
