times:
  edit-metadata: 2.318420300260186
  landing: 1.262805494479835
  view-data: 3.455629796721041
