times:
  edit-metadata: 1.337239881977439
  landing: 0.05511124711483717
  view-data: 0.29282790096476674
