times:
  edit-metadata: 2.0490255504846573
  landing: 0.028652016073465347
  view-data: 0.3172198738902807
