times:
  edit-metadata: 1.789590422064066
  landing: 0.0510932095348835
  view-data: 0.23630759492516518
