times:
  edit-metadata: 1.520721148699522
  landing: 0.8857933059334755
  view-data: 3.3836969509720802
