times:
  edit-metadata: 1.9046193081885576
  landing: 0.01995069906115532
  view-data: 0.027141805738210678
