times:
  edit-metadata: 1.673623826354742
  landing: 0.8592779040336609
  view-data: 3.3871978502720594
