times:
  edit-metadata: 1.5605766121298075
  landing: 0.859187662601471
  view-data: 3.4780999701470137
