times:
  landing: 1.1224330310001278
  view-data: 0.5489103139998406
