times:
  edit-metadata: 0.9024822358042002
  landing: 0.04936421802267432
  view-data: 0.2211382519453764
