times:
  edit-metadata: 1.5168954220134765
  landing: 0.0495224860496819
  view-data: 0.2128638270078227
