times:
  edit-metadata: 0.9770916840061545
  landing: 0.04483544221147895
  view-data: 0.21477657230570912
