times:
  edit-metadata: 2.2058787178248167
  landing: 0.25395559147000313
  view-data: 0.024305127561092377
