times:
  edit-metadata: 1.99105841293931
  landing: 0.17428545840084553
  view-data: 0.023772716522216797
