times:
  edit-metadata: 1.5948103009723127
  landing: 0.046906185336411
  view-data: 0.22217879397794604
