times:
  edit-metadata: 1.8786032646894455
  landing: 0.021599738858640194
  view-data: 0.02520004566758871
