times:
  edit-metadata: 0.9217361686751246
  landing: 0.04189277160912752
  view-data: 0.2232226813212037
