times:
  edit-metadata: 1.4890435859560966
  landing: 0.9284734204411507
  view-data: 3.286829201504588
