times:
  edit-metadata: 1.564404122531414
  landing: 0.9957144521176815
  view-data: 3.4301083721220493
