times:
  edit-metadata: 1.5890178568661213
  landing: 0.5824061557650566
  view-data: 0.22826472483575344
