times:
  edit-metadata: 1.9267879724502563
  landing: 0.523141959682107
  view-data: 0.23445007018744946
