times:
  edit-metadata: 0.9694010382518172
  landing: 0.04175877617672086
  view-data: 0.21883125510066748
