times:
  edit-metadata: 1.8101346530020237
  landing: 0.05041080713272095
  view-data: 0.2213786616921425
