times:
  edit-metadata: 1.4802558720111847
  landing: 0.7328099720180035
  view-data: 3.423347460106015
