times:
  edit-metadata: 2.0853523928672075
  landing: 0.022596362978219986
  view-data: 0.32648233138024807
