times:
  landing: 0.5556465909999986
  view-data: 0.5604307199999994
