times:
  edit-metadata: 1.5526303789811209
  landing: 0.04741839808411896
  view-data: 0.23997975210659206
