times:
  edit-metadata: 0.991250819992274
  landing: 0.05594740714877844
  view-data: 0.22847258299589157
