times:
  edit-metadata: 0.9487523338757455
  landing: 0.04566217307001352
  view-data: 0.23354088002815843
