times:
  landing: 1.0692804789999855
  view-data: 0.5544819410000059
