times:
  edit-metadata: 1.467002830002457
  landing: 0.04545714007690549
  view-data: 0.21689856285229325
