times:
  edit-metadata: 2.1121232341974974
  landing: 4.266867063939571
  view-data: 3.4779682755470276
