times:
  edit-metadata: 1.0298381629982032
  landing: 0.046650419011712074
  view-data: 0.2586105380032677
