times:
  edit-metadata: 2.0095140086486936
  landing: 0.8414025902748108
  view-data: 3.444056016393006
