times:
  edit-metadata: 0.8821303509175777
  landing: 0.04341610800474882
  view-data: 0.20724968099966645
