times:
  landing: 1.0669640409999772
  view-data: 0.5490013120000015
