times:
  edit-metadata: 1.5093430671840906
  landing: 0.8567540273070335
  view-data: 3.397990107536316
