times:
  edit-metadata: 1.0396518500056118
  landing: 0.051213167142122984
  view-data: 0.22678623301908374
