times:
  landing: 0.5470140120000337
  view-data: 0.549875352000015
