times:
  edit-metadata: 1.7384616918861866
  landing: 0.04304439201951027
  view-data: 0.23389265686273575
