times:
  edit-metadata: 2.0557610169053078
  landing: 0.6295211687684059
  view-data: 0.6396373491734266
