times:
  edit-metadata: 1.0609243799999604
  landing: 0.08162717999994129
  view-data: 0.24429887399992367
