times:
  landing: 0.5491764900000078
  view-data: 0.568256047999995
