times:
  edit-metadata: 1.880848896689713
  landing: 0.12596838176250458
  view-data: 0.11696730460971594
