times:
  edit-metadata: 1.019663457002025
  landing: 0.051484071009326726
  view-data: 0.22906511201290414
