times:
  edit-metadata: 1.5467670839861967
  landing: 0.04286820499692112
  view-data: 0.22728815401205793
