times:
  edit-metadata: 1.5806024759076536
  landing: 0.039889676962047815
  view-data: 0.21563679887913167
