times:
  landing: 0.5463137920000065
  view-data: 0.5495447330000047
