times:
  edit-metadata: 0.9385027131065726
  landing: 0.04751063883304596
  view-data: 0.21121178101748228
