times:
  edit-metadata: 1.8742951601743698
  landing: 0.05351050943136215
  view-data: 0.2297026850283146
