times:
  landing: 1.0856239899999878
  view-data: 0.5657228079999754
