times:
  edit-metadata: 1.3467257251031697
  landing: 0.8861013590358198
  view-data: 3.304460466839373
