times:
  edit-metadata: 1.656707115471363
  landing: 0.9792712293565273
  view-data: 3.3703528083860874
