times:
  edit-metadata: 0.8927451190538704
  landing: 0.04240190191194415
  view-data: 0.2163310321047902
