times:
  landing: 1.0769242019999865
  view-data: 0.5672424079999985
