times:
  edit-metadata: 1.4785644207149744
  landing: 0.834285706281662
  view-data: 3.407782729715109
