times:
  edit-metadata: 1.6750443170312792
  landing: 0.05286009702831507
  view-data: 0.2177178009878844
