times:
  edit-metadata: 2.1543199326843023
  landing: 0.34741736948490143
  view-data: 0.38239384070038795
