times:
  edit-metadata: 1.8537669582292438
  landing: 0.13373122084885836
  view-data: 0.10264614876359701
