times:
  edit-metadata: 2.872393572703004
  landing: 0.3309701345860958
  view-data: 0.20572956837713718
