times:
  edit-metadata: 1.1274376488290727
  landing: 0.05282966326922178
  view-data: 0.23845286993309855
