times:
  edit-metadata: 1.731356680393219
  landing: 0.03987707570195198
  view-data: 0.23243878409266472
