times:
  edit-metadata: 2.0242931125685573
  landing: 1.1016995590180159
  view-data: 3.6710002133622766
