times:
  edit-metadata: 1.3623614413663745
  landing: 0.8562916442751884
  view-data: 3.3771563228219748
