times:
  edit-metadata: 1.8471439722925425
  landing: 0.6998653523623943
  view-data: 0.22228311002254486
