times:
  edit-metadata: 1.3857645918615162
  landing: 0.11740531167015433
  view-data: 0.2818892290815711
