times:
  edit-metadata: 2.3002173490822315
  landing: 0.20979101210832596
  view-data: 0.4712202921509743
