times:
  edit-metadata: 0.9662642629991751
  landing: 0.07670022700040136
  view-data: 0.23368523499812
