times:
  edit-metadata: 1.5910261273384094
  landing: 0.5343401450663805
  view-data: 0.325657332316041
