times:
  edit-metadata: 1.9571687001734972
  landing: 1.4988418333232403
  view-data: 0.44331313110888004
