times:
  edit-metadata: 2.091508274897933
  landing: 0.022531727328896523
  view-data: 0.023629145696759224
