times:
  edit-metadata: 1.468040001927875
  landing: 0.05090120807290077
  view-data: 0.22113242198247463
