times:
  edit-metadata: 1.9580454863607883
  landing: 0.5686110910028219
  view-data: 0.6677726525813341
