times:
  edit-metadata: 1.9102564919739962
  landing: 1.0326264724135399
  view-data: 0.43448254466056824
