times:
  edit-metadata: 1.652899257838726
  landing: 1.062043957412243
  view-data: 3.3246876895427704
