times:
  edit-metadata: 2.380915217101574
  landing: 1.1859526075422764
  view-data: 3.4397281482815742
