times:
  edit-metadata: 0.9932555078994483
  landing: 0.06153310392983258
  view-data: 0.22395178582519293
