times:
  edit-metadata: 1.9006152395159006
  landing: 0.6733029820024967
  view-data: 0.26384579949080944
