times:
  edit-metadata: 2.1866573011502624
  landing: 0.024622752331197262
  view-data: 0.24617524538189173
