times:
  edit-metadata: 1.4842039728537202
  landing: 1.0684532350860536
  view-data: 3.590814339928329
