times:
  edit-metadata: 1.5268060602247715
  landing: 0.8264293186366558
  view-data: 3.4269439466297626
