times:
  landing: 0.5551539129999696
  view-data: 0.5721150370000032
