times:
  edit-metadata: 1.5571122579276562
  landing: 1.1886565685272217
  view-data: 3.3792661279439926
