times:
  edit-metadata: 1.820822037756443
  landing: 0.045679740607738495
  view-data: 0.2286967635154724
