times:
  edit-metadata: 1.8960837544873357
  landing: 0.019115541130304337
  view-data: 0.4209086336195469
