times:
  landing: 1.6426707699999952
  view-data: 0.5627823850000482
