times:
  edit-metadata: 1.4421489173546433
  landing: 0.9058454078622162
  view-data: 3.274402378126979
