times:
  edit-metadata: 1.6052891751751304
  landing: 0.05076570203527808
  view-data: 0.21405053092166781
