times:
  edit-metadata: 1.8374312948435545
  landing: 0.0213159266859293
  view-data: 0.12495422270148993
