times:
  edit-metadata: 2.856256503611803
  landing: 0.020848331972956657
  view-data: 0.2159213311970234
