times:
  edit-metadata: 1.9189576879143715
  landing: 1.321672284975648
  view-data: 0.6083851438015699
