times:
  landing: 0.5471046170000022
  view-data: 0.5563829559999931
