times:
  edit-metadata: 1.348055437207222
  landing: 0.808876309543848
  view-data: 3.27931135520339
