times:
  landing: 0.5527318979999905
  view-data: 0.558334943999995
