times:
  edit-metadata: 1.51986170001328
  landing: 0.8029696568846703
  view-data: 3.408252788707614
