times:
  edit-metadata: 1.5371872689574957
  landing: 0.04368175100535154
  view-data: 0.2184051047079265
