times:
  edit-metadata: 0.9408117663115263
  landing: 0.04132506437599659
  view-data: 0.2530839079990983
