times:
  edit-metadata: 1.0404526350321248
  landing: 0.05616209196159616
  view-data: 0.24735640903236344
