times:
  edit-metadata: 1.5199739220552146
  landing: 0.05559487105347216
  view-data: 0.3886800950858742
