times:
  edit-metadata: 0.9030757518485188
  landing: 0.04306011786684394
  view-data: 0.21238495409488678
