times:
  edit-metadata: 1.9240763448178768
  landing: 0.01926521025598049
  view-data: 0.10341594740748405
