times:
  edit-metadata: 1.000670274021104
  landing: 0.06738518306519836
  view-data: 0.23133008694276214
