times:
  edit-metadata: 1.7578255459666252
  landing: 0.6100309565663338
  view-data: 0.24047156795859337
