times:
  edit-metadata: 0.9667397611774504
  landing: 0.07927049975842237
  view-data: 0.27356062503531575
