times:
  edit-metadata: 1.039416640996933
  landing: 0.08090646471828222
  view-data: 0.37064551189541817
