times:
  edit-metadata: 1.49759756680578
  landing: 0.05556397093459964
  view-data: 0.20335762086324394
