times:
  edit-metadata: 1.4719794802367687
  landing: 0.8678590189665556
  view-data: 3.3227827195078135
