times:
  edit-metadata: 1.5353557860071305
  landing: 0.05621250899275765
  view-data: 0.20927580201532692
