times:
  edit-metadata: 2.2874837378039956
  landing: 0.02487232256680727
  view-data: 0.5811473308131099
