times:
  landing: 1.618788584000015
  view-data: 0.5632829770000001
