times:
  edit-metadata: 1.9800976514816284
  landing: 0.5471359603106976
  view-data: 0.27098569087684155
