times:
  edit-metadata: 1.4298184737563133
  landing: 0.8460321128368378
  view-data: 3.307590991258621
