times:
  edit-metadata: 1.6285500787198544
  landing: 0.9280331768095493
  view-data: 3.3619365580379963
