times:
  edit-metadata: 1.4891649633646011
  landing: 0.8464768826961517
  view-data: 3.448517009615898
