times:
  edit-metadata: 1.5621716603636742
  landing: 0.7899238653481007
  view-data: 3.436053078621626
