times:
  edit-metadata: 1.4250335693359375
  landing: 0.7895677164196968
  view-data: 3.5740848928689957
