times:
  edit-metadata: 1.5144236236810684
  landing: 0.7861656546592712
  view-data: 3.5325431153178215
