times:
  edit-metadata: 1.4341539591550827
  landing: 0.8480878658592701
  view-data: 3.2976914308965206
