times:
  edit-metadata: 1.3961964547634125
  landing: 0.7278710156679153
  view-data: 3.3481312915682793
