times:
  edit-metadata: 1.4508063271641731
  landing: 0.7392129898071289
  view-data: 3.5431294590234756
