times:
  edit-metadata: 1.5324235372245312
  landing: 0.881541047245264
  view-data: 3.326397053897381
