times:
  edit-metadata: 1.3767671808600426
  landing: 0.9580367207527161
  view-data: 3.4909627214074135
