times:
  edit-metadata: 1.3690508604049683
  landing: 0.7839223556220531
  view-data: 3.271724071353674
