times:
  edit-metadata: 1.5485029257833958
  landing: 0.8941339328885078
  view-data: 3.407684814184904
