times:
  edit-metadata: 1.5925233587622643
  landing: 0.8323869407176971
  view-data: 3.299750402569771
