times:
  edit-metadata: 1.4126245193183422
  landing: 0.8341023735702038
  view-data: 3.336892418563366
