times:
  edit-metadata: 1.564603865146637
  landing: 0.9605615958571434
  view-data: 3.3321068808436394
