times:
  edit-metadata: 1.5443958528339863
  landing: 0.7729311101138592
  view-data: 3.294674851000309
