times:
  edit-metadata: 1.4052114114165306
  landing: 0.7903650626540184
  view-data: 3.2905443236231804
