times:
  edit-metadata: 1.4608726538717747
  landing: 0.8730258457362652
  view-data: 3.3971764855086803
