times:
  edit-metadata: 1.4829930141568184
  landing: 0.8437419608235359
  view-data: 3.363980647176504
