times:
  edit-metadata: 1.447895310819149
  landing: 0.7350791916251183
  view-data: 3.4698446094989777
