times:
  edit-metadata: 1.3718843162059784
  landing: 0.7759743928909302
  view-data: 3.4435418844223022
