times:
  edit-metadata: 1.3970837965607643
  landing: 0.844363309442997
  view-data: 3.376832764595747
