times:
  edit-metadata: 1.523181527853012
  landing: 0.8269148543477058
  view-data: 3.3375195637345314
