times:
  edit-metadata: 1.5397944226861
  landing: 0.7825007438659668
  view-data: 3.519388794898987
