times:
  edit-metadata: 1.5032536946237087
  landing: 0.8265133574604988
  view-data: 3.2649611942470074
