times:
  edit-metadata: 1.6492883563041687
  landing: 0.9707688130438328
  view-data: 3.3329026587307453
