times:
  edit-metadata: 1.380287118256092
  landing: 0.8145695179700851
  view-data: 3.507421776652336
