times:
  edit-metadata: 1.4599581584334373
  landing: 0.8373128212988377
  view-data: 3.2686727419495583
