times:
  edit-metadata: 1.422117330133915
  landing: 0.8242169730365276
  view-data: 3.2891009487211704
