times:
  edit-metadata: 1.4842667691409588
  landing: 0.8344502337276936
  view-data: 3.2914804443717003
