times:
  edit-metadata: 1.4697166308760643
  landing: 0.761519581079483
  view-data: 3.346349023282528
