times:
  edit-metadata: 1.4213571026921272
  landing: 0.723333366215229
  view-data: 3.528822772204876
