times:
  edit-metadata: 2.1778738126158714
  landing: 1.2392207980155945
  view-data: 3.412612933665514
