times:
  edit-metadata: 1.5662584006786346
  landing: 0.8081154003739357
  view-data: 3.583896219730377
