times:
  edit-metadata: 1.567358247935772
  landing: 0.9111447930335999
  view-data: 3.5217994078993797
