times:
  edit-metadata: 1.360377475619316
  landing: 0.9170080497860909
  view-data: 3.300262488424778
