times:
  edit-metadata: 1.4500490725040436
  landing: 0.7712792530655861
  view-data: 3.6092207729816437
