times:
  edit-metadata: 1.540415734052658
  landing: 0.7790441736578941
  view-data: 3.3740767538547516
