times:
  edit-metadata: 1.4888374581933022
  landing: 0.8381134904921055
  view-data: 3.3570399209856987
