times:
  edit-metadata: 2.6004529148340225
  landing: 1.5445588007569313
  view-data: 3.6068805903196335
