times:
  edit-metadata: 1.4772304147481918
  landing: 1.2451199367642403
  view-data: 3.606073498725891
