times:
  edit-metadata: 1.8652696907520294
  landing: 1.1016661375761032
  view-data: 3.583306238055229
