times:
  edit-metadata: 1.4897511005401611
  landing: 0.7674725279211998
  view-data: 3.5907920971512794
