times:
  edit-metadata: 1.6438127979636192
  landing: 1.0041196793317795
  view-data: 3.658861681818962
