times:
  edit-metadata: 1.458461619913578
  landing: 0.7558261007070541
  view-data: 3.522652491927147
