times:
  edit-metadata: 1.6008499562740326
  landing: 0.9071017615497112
  view-data: 3.346033353358507
