times:
  edit-metadata: 1.4287595003843307
  landing: 0.7689160853624344
  view-data: 3.506098762154579
