times:
  edit-metadata: 1.4666295982897282
  landing: 0.88435884937644
  view-data: 3.2709932811558247
