times:
  edit-metadata: 1.5530483946204185
  landing: 0.7971963286399841
  view-data: 3.526018552482128
