times:
  edit-metadata: 1.4718003645539284
  landing: 0.7581890597939491
  view-data: 3.550970107316971
