times:
  edit-metadata: 1.5413032472133636
  landing: 0.9169644415378571
  view-data: 3.7287439182400703
