times:
  edit-metadata: 1.3759151175618172
  landing: 0.7669288963079453
  view-data: 3.4935135319828987
