times:
  edit-metadata: 1.5467059686779976
  landing: 0.7707763761281967
  view-data: 3.536166936159134
