times:
  edit-metadata: 1.4409902766346931
  landing: 0.7421954125165939
  view-data: 3.4040380865335464
