times:
  edit-metadata: 1.45981914550066
  landing: 0.7071359977126122
  view-data: 3.5252870619297028
