times:
  edit-metadata: 1.483022853732109
  landing: 0.6855107098817825
  view-data: 3.5148555040359497
