times:
  edit-metadata: 1.5982492938637733
  landing: 0.6968882456421852
  view-data: 3.4168849661946297
