times:
  edit-metadata: 1.5870319604873657
  landing: 0.8275511413812637
  view-data: 3.3244952261447906
