times:
  edit-metadata: 1.5600322782993317
  landing: 0.7584987208247185
  view-data: 3.2822214663028717
