times:
  edit-metadata: 1.4214365892112255
  landing: 0.8394461460411549
  view-data: 3.277993116527796
