times:
  edit-metadata: 1.4356084391474724
  landing: 0.8176537305116653
  view-data: 3.365121878683567
