times:
  edit-metadata: 1.4633676931262016
  landing: 0.7744011729955673
  view-data: 3.256695903837681
