times:
  edit-metadata: 1.6612165346741676
  landing: 1.1258762925863266
  view-data: 3.613436594605446
