times:
  edit-metadata: 1.3792616687715054
  landing: 0.7319135330617428
  view-data: 3.259443461894989
