times:
  edit-metadata: 2.4900353141129017
  landing: 1.2519167438149452
  view-data: 3.359074965119362
