times:
  edit-metadata: 1.537585236132145
  landing: 0.9446296915411949
  view-data: 3.5429575592279434
