times:
  edit-metadata: 1.5866231247782707
  landing: 0.8442452847957611
  view-data: 3.3373059928417206
