times:
  edit-metadata: 1.487885795533657
  landing: 0.8253793194890022
  view-data: 3.318377397954464
