times:
  edit-metadata: 1.4243058934807777
  landing: 0.7848700657486916
  view-data: 3.264790765941143
