times:
  edit-metadata: 1.674541212618351
  landing: 0.9783745966851711
  view-data: 3.411309916526079
