times:
  edit-metadata: 1.5211119577288628
  landing: 0.8124993741512299
  view-data: 3.412190832197666
