times:
  edit-metadata: 2.437373921275139
  landing: 1.308003805577755
  view-data: 3.942501612007618
