times:
  edit-metadata: 1.443489246070385
  landing: 0.7735934555530548
  view-data: 3.326427485793829
