times:
  edit-metadata: 1.0916615277528763
  landing: 0.7907963916659355
  view-data: 3.500618427991867
