times:
  edit-metadata: 1.506122000515461
  landing: 0.8287956342101097
  view-data: 3.2976597771048546
