times:
  edit-metadata: 1.4298293367028236
  landing: 0.7669705897569656
  view-data: 3.5653904899954796
