times:
  edit-metadata: 1.406978476792574
  landing: 0.813615620136261
  view-data: 3.3752391561865807
