times:
  edit-metadata: 1.4461391419172287
  landing: 0.8031467273831367
  view-data: 3.4705965742468834
