times:
  edit-metadata: 1.3976916447281837
  landing: 0.7280285060405731
  view-data: 3.5331931337714195
