times:
  edit-metadata: 1.4031594544649124
  landing: 0.8101758323609829
  view-data: 3.316726926714182
