times:
  edit-metadata: 1.5006762258708477
  landing: 0.8359304964542389
  view-data: 3.3404901176691055
