times:
  edit-metadata: 1.4217451587319374
  landing: 0.7772426456212997
  view-data: 3.37626114487648
