times:
  edit-metadata: 1.5480138882994652
  landing: 0.9845924004912376
  view-data: 3.3341191336512566
