times:
  edit-metadata: 1.466300092637539
  landing: 0.9105171486735344
  view-data: 3.3158725053071976
