times:
  edit-metadata: 1.497720055282116
  landing: 0.8769695721566677
  view-data: 3.4275088012218475
