times:
  edit-metadata: 1.5837951749563217
  landing: 0.7847650870680809
  view-data: 3.317968513816595
