times:
  edit-metadata: 1.5736001282930374
  landing: 0.7880248501896858
  view-data: 3.4318775683641434
