times:
  edit-metadata: 1.3694040775299072
  landing: 0.7739162556827068
  view-data: 3.257175225764513
