times:
  edit-metadata: 1.432677187025547
  landing: 0.8207603096961975
  view-data: 3.4689579531550407
