times:
  edit-metadata: 1.725333757698536
  landing: 1.0535343661904335
  view-data: 3.3025844395160675
