times:
  edit-metadata: 1.422424167394638
  landing: 0.7654211819171906
  view-data: 3.470708005130291
