times:
  edit-metadata: 1.4926725924015045
  landing: 0.9311177879571915
  view-data: 3.7422874122858047
