times:
  edit-metadata: 1.6016713455319405
  landing: 0.9037356823682785
  view-data: 3.422404281795025
