times:
  edit-metadata: 1.3835563845932484
  landing: 0.9120461270213127
  view-data: 3.4247833378612995
