times:
  edit-metadata: 1.5446773618459702
  landing: 0.862519234418869
  view-data: 3.358075387775898
