times:
  edit-metadata: 1.3911660239100456
  landing: 0.7577351108193398
  view-data: 3.580741599202156
