times:
  edit-metadata: 1.481769673526287
  landing: 0.8284002915024757
  view-data: 3.2882584407925606
