times:
  edit-metadata: 1.3781105652451515
  landing: 0.912386529147625
  view-data: 3.497397907078266
