times:
  edit-metadata: 1.410090945661068
  landing: 0.8465524762868881
  view-data: 3.365228295326233
