times:
  edit-metadata: 1.9220832660794258
  landing: 1.381547175347805
  view-data: 3.574144445359707
