times:
  edit-metadata: 1.6720898114144802
  landing: 0.9067197851836681
  view-data: 3.28288284689188
