times:
  edit-metadata: 1.3784423172473907
  landing: 0.7442631348967552
  view-data: 3.346864692866802
