times:
  edit-metadata: 1.5585207380354404
  landing: 0.8302939049899578
  view-data: 3.381949208676815
