times:
  edit-metadata: 1.4565706551074982
  landing: 0.7820971012115479
  view-data: 3.260200120508671
