times:
  edit-metadata: 1.4358476549386978
  landing: 0.7819033786654472
  view-data: 3.4197373017668724
