times:
  edit-metadata: 1.6942723467946053
  landing: 0.8392294086515903
  view-data: 3.2776527628302574
