times:
  edit-metadata: 1.4221891313791275
  landing: 0.8007330074906349
  view-data: 3.3307524882256985
