times:
  edit-metadata: 1.5783682689070702
  landing: 0.7675534412264824
  view-data: 3.563267983496189
