times:
  edit-metadata: 1.4192832261323929
  landing: 0.7693675830960274
  view-data: 3.2765528932213783
