times:
  edit-metadata: 1.4329516030848026
  landing: 0.7695033848285675
  view-data: 3.3103480637073517
