times:
  edit-metadata: 1.4797498174011707
  landing: 0.8577145226299763
  view-data: 3.2841774225234985
