times:
  edit-metadata: 1.936752825975418
  landing: 0.9018406495451927
  view-data: 3.3828171715140343
