times:
  edit-metadata: 1.5758449397981167
  landing: 0.8529194816946983
  view-data: 3.384375359863043
