times:
  edit-metadata: 1.5410527549684048
  landing: 0.8040050230920315
  view-data: 3.333967164158821
