times:
  edit-metadata: 1.6095167137682438
  landing: 0.9006752967834473
  view-data: 3.339090768247843
