times:
  edit-metadata: 1.5035660155117512
  landing: 0.9226593226194382
  view-data: 3.3141672611236572
