times:
  edit-metadata: 2.0686155632138252
  landing: 1.0209009945392609
  view-data: 3.510519776493311
