times:
  edit-metadata: 1.7971702814102173
  landing: 0.8309628069400787
  view-data: 3.3465892747044563
