times:
  edit-metadata: 1.5401156097650528
  landing: 0.8699373155832291
  view-data: 3.2909348234534264
