times:
  edit-metadata: 2.0955034643411636
  landing: 0.8269570805132389
  view-data: 3.340369664132595
