times:
  edit-metadata: 1.5204883739352226
  landing: 0.8052897825837135
  view-data: 3.410588353872299
