times:
  edit-metadata: 1.6446453519165516
  landing: 1.0550614558160305
  view-data: 3.336960658431053
