times:
  edit-metadata: 1.432016670703888
  landing: 0.7982467263936996
  view-data: 3.4285313710570335
