times:
  edit-metadata: 1.650699444115162
  landing: 0.8382137008011341
  view-data: 3.2840395383536816
