times:
  edit-metadata: 1.4251947104930878
  landing: 0.72703867405653
  view-data: 3.433482713997364
