times:
  edit-metadata: 1.3883187286555767
  landing: 0.8547294922173023
  view-data: 3.284373205155134
