times:
  edit-metadata: 1.231341928243637
  landing: 0.7596445307135582
  view-data: 3.4606577455997467
