times:
  edit-metadata: 1.4469086974859238
  landing: 0.7684590965509415
  view-data: 3.573054365813732
