times:
  edit-metadata: 1.5314116030931473
  landing: 0.7706590667366982
  view-data: 3.559457130730152
