times:
  edit-metadata: 1.432313658297062
  landing: 0.7366745062172413
  view-data: 3.3119962438941
