times:
  edit-metadata: 1.3626075722277164
  landing: 0.7753810584545135
  view-data: 3.371483575552702
