times:
  edit-metadata: 1.6664645075798035
  landing: 1.0330402329564095
  view-data: 3.4062839075922966
