times:
  edit-metadata: 1.495797649025917
  landing: 0.7666299939155579
  view-data: 3.2853838577866554
