times:
  edit-metadata: 1.5603951811790466
  landing: 0.7871910333633423
  view-data: 3.39025416970253
