times:
  edit-metadata: 1.4023743011057377
  landing: 0.796828854829073
  view-data: 3.259372115135193
