times:
  edit-metadata: 2.159391537308693
  landing: 1.4600704908370972
  view-data: 3.4153180196881294
