times:
  edit-metadata: 1.4074960500001907
  landing: 0.7204757779836655
  view-data: 3.3891698867082596
