times:
  edit-metadata: 1.5311317779123783
  landing: 0.8548543676733971
  view-data: 3.3193783462047577
