times:
  edit-metadata: 1.4493272230029106
  landing: 0.8416150733828545
  view-data: 3.305571399629116
