times:
  edit-metadata: 1.7681505493819714
  landing: 1.049008347094059
  view-data: 3.341253336519003
