times:
  edit-metadata: 1.4457088634371758
  landing: 0.8031637109816074
  view-data: 3.317619487643242
