times:
  edit-metadata: 1.3891122788190842
  landing: 0.8111907616257668
  view-data: 3.5339968875050545
