times:
  edit-metadata: 1.3974532932043076
  landing: 0.7287365421652794
  view-data: 3.3805009946227074
