times:
  edit-metadata: 1.356593020260334
  landing: 0.7401898205280304
  view-data: 3.3520844876766205
