times:
  edit-metadata: 1.473907582461834
  landing: 1.0037788301706314
  view-data: 3.3237016573548317
