times:
  edit-metadata: 1.4531625136733055
  landing: 0.7095147743821144
  view-data: 3.472381003201008
