times:
  edit-metadata: 1.3285977765917778
  landing: 0.9103460609912872
  view-data: 3.3959802612662315
