times:
  edit-metadata: 1.8344155326485634
  landing: 1.312238909304142
  view-data: 3.6322966143488884
