times:
  edit-metadata: 1.411043256521225
  landing: 0.9028299823403358
  view-data: 3.375751569867134
