times:
  edit-metadata: 1.582524947822094
  landing: 0.9085167795419693
  view-data: 3.512006565928459
