times:
  edit-metadata: 1.4622599259018898
  landing: 0.739428423345089
  view-data: 3.4609986022114754
