times:
  edit-metadata: 1.386149100959301
  landing: 0.8208251222968102
  view-data: 3.380049414932728
