times:
  edit-metadata: 1.4732733145356178
  landing: 0.8273245915770531
  view-data: 3.4779162406921387
