times:
  edit-metadata: 1.4442567825317383
  landing: 0.769292563199997
  view-data: 3.479996256530285
