times:
  edit-metadata: 1.5907029658555984
  landing: 0.8618509471416473
  view-data: 3.5046787410974503
