times:
  edit-metadata: 1.4238843843340874
  landing: 0.8938542231917381
  view-data: 3.4193515703082085
