times:
  edit-metadata: 1.3687074854969978
  landing: 0.8573607876896858
  view-data: 3.4778580516576767
