times:
  edit-metadata: 1.5917437300086021
  landing: 0.8604824244976044
  view-data: 3.354755848646164
