times:
  edit-metadata: 1.4241226464509964
  landing: 0.8366051763296127
  view-data: 3.504650890827179
