times:
  edit-metadata: 1.5048213005065918
  landing: 0.918940968811512
  view-data: 3.449736885726452
