times:
  edit-metadata: 1.4197355955839157
  landing: 0.8458299860358238
  view-data: 3.374742418527603
