times:
  edit-metadata: 1.6010060235857964
  landing: 0.8966170400381088
  view-data: 3.4449279755353928
