times:
  edit-metadata: 1.4962836056947708
  landing: 0.8108880370855331
  view-data: 3.508658304810524
