times:
  edit-metadata: 1.4407661780714989
  landing: 0.7711256146430969
  view-data: 3.7868649065494537
