times:
  edit-metadata: 1.361466884613037
  landing: 0.8070869743824005
  view-data: 3.476660944521427
