times:
  edit-metadata: 1.3056873232126236
  landing: 0.8242430910468102
  view-data: 3.4344454556703568
