times:
  edit-metadata: 1.8375350087881088
  landing: 0.9979318603873253
  view-data: 3.577317178249359
