times:
  edit-metadata: 1.411185123026371
  landing: 0.9101273417472839
  view-data: 3.429393023252487
