times:
  edit-metadata: 1.3872091844677925
  landing: 0.9053269922733307
  view-data: 3.4425466284155846
