times:
  edit-metadata: 1.346483863890171
  landing: 0.8261964023113251
  view-data: 3.288168355822563
