times:
  edit-metadata: 1.4727616906166077
  landing: 0.8394740298390388
  view-data: 3.3572089076042175
