times:
  edit-metadata: 1.4970573261380196
  landing: 0.8621873930096626
  view-data: 3.27799454331398
