times:
  edit-metadata: 1.3456866294145584
  landing: 0.8540984764695168
  view-data: 3.479199543595314
