times:
  edit-metadata: 1.5075922310352325
  landing: 0.8464725539088249
  view-data: 3.4820070043206215
