times:
  edit-metadata: 1.3177171051502228
  landing: 0.7223102003335953
  view-data: 3.429535888135433
