times:
  edit-metadata: 1.504548318684101
  landing: 0.8092617616057396
  view-data: 3.3218714967370033
