times:
  edit-metadata: 1.4415795877575874
  landing: 0.7371668964624405
  view-data: 3.326965034008026
