times:
  edit-metadata: 1.4940280392765999
  landing: 0.9317909330129623
  view-data: 3.6597330272197723
