times:
  edit-metadata: 1.4045330807566643
  landing: 0.8421606495976448
  view-data: 3.3474398851394653
