times:
  edit-metadata: 1.406605251133442
  landing: 0.7837935388088226
  view-data: 3.3702878057956696
