times:
  edit-metadata: 1.4596566557884216
  landing: 0.773675225675106
  view-data: 3.52836724370718
