times:
  edit-metadata: 1.5721228048205376
  landing: 0.8787665367126465
  view-data: 3.3259996250271797
