times:
  edit-metadata: 1.5444573312997818
  landing: 0.8304354175925255
  view-data: 3.560034342110157
