times:
  edit-metadata: 1.4062201231718063
  landing: 0.976267971098423
  view-data: 3.488944634795189
