times:
  edit-metadata: 1.8332679644227028
  landing: 0.8311525285243988
  view-data: 3.54448252171278
