times:
  edit-metadata: 1.3320477232336998
  landing: 0.7188670709729195
  view-data: 3.6843824833631516
