times:
  edit-metadata: 1.519412413239479
  landing: 0.7548449859023094
  view-data: 3.5084081143140793
