times:
  edit-metadata: 1.3683074489235878
  landing: 0.7049008458852768
  view-data: 3.421327218413353
