times:
  edit-metadata: 1.4814468547701836
  landing: 0.7063021883368492
  view-data: 3.400717280805111
