times:
  edit-metadata: 1.505987785756588
  landing: 1.071793645620346
  view-data: 3.5416576489806175
