times:
  edit-metadata: 2.923500820994377
  landing: 1.2802888602018356
  view-data: 3.8866977021098137
