times:
  edit-metadata: 1.3494791835546494
  landing: 0.7207522392272949
  view-data: 3.4592002779245377
