times:
  edit-metadata: 1.4861245602369308
  landing: 0.7380844280123711
  view-data: 3.4317843168973923
