times:
  edit-metadata: 1.5874661579728127
  landing: 0.865317203104496
  view-data: 3.310422882437706
