times:
  edit-metadata: 1.4534544348716736
  landing: 0.7663858905434608
  view-data: 3.4861864000558853
