times:
  edit-metadata: 1.3932156339287758
  landing: 0.7867440357804298
  view-data: 3.5464467480778694
