times:
  edit-metadata: 1.355814315378666
  landing: 0.8501583337783813
  view-data: 3.4325754791498184
