times:
  edit-metadata: 1.3511455357074738
  landing: 0.7145274728536606
  view-data: 3.4762203842401505
