times:
  edit-metadata: 1.443545125424862
  landing: 0.8832283988595009
  view-data: 3.3171474561095238
