times:
  edit-metadata: 1.455018825829029
  landing: 0.7426166906952858
  view-data: 3.4742863923311234
