times:
  edit-metadata: 1.2952621579170227
  landing: 0.7973579540848732
  view-data: 3.4896518886089325
