times:
  edit-metadata: 1.5154433399438858
  landing: 0.7035208269953728
  view-data: 3.456441968679428
