times:
  edit-metadata: 1.4160892441868782
  landing: 0.9286054745316505
  view-data: 3.4814726635813713
