times:
  edit-metadata: 1.5047143995761871
  landing: 0.8479464128613472
  view-data: 3.485673300921917
