times:
  edit-metadata: 1.4336061924695969
  landing: 0.7791751250624657
  view-data: 3.4908274710178375
