times:
  edit-metadata: 1.4309332519769669
  landing: 0.782001681625843
  view-data: 3.5120879635214806
