times:
  edit-metadata: 1.5291684865951538
  landing: 0.8960278630256653
  view-data: 3.2675889506936073
