times:
  edit-metadata: 1.3980349376797676
  landing: 0.7824676036834717
  view-data: 3.432149201631546
