times:
  edit-metadata: 1.3594005927443504
  landing: 0.8244279995560646
  view-data: 3.3268630281090736
