times:
  edit-metadata: 1.4452448785305023
  landing: 0.8920406028628349
  view-data: 3.518354333937168
