times:
  edit-metadata: 1.5602198764681816
  landing: 0.8030154407024384
  view-data: 3.3345173448324203
