times:
  edit-metadata: 1.1880865171551704
  landing: 0.6796574220061302
  view-data: 3.395715907216072
