times:
  edit-metadata: 2.1215484738349915
  landing: 1.2988856211304665
  view-data: 3.4122225791215897
