times:
  edit-metadata: 1.3608662635087967
  landing: 0.7581222876906395
  view-data: 3.4681489020586014
