times:
  edit-metadata: 3.0457973033189774
  landing: 1.488544501364231
  view-data: 3.5896961763501167
