times:
  edit-metadata: 1.4608225002884865
  landing: 0.738861970603466
  view-data: 3.465164937078953
