times:
  edit-metadata: 1.484661877155304
  landing: 0.9572880193591118
  view-data: 3.539236269891262
