times:
  edit-metadata: 1.3814929351210594
  landing: 0.8360722661018372
  view-data: 3.345067910850048
