times:
  edit-metadata: 1.5039422810077667
  landing: 0.9100494235754013
  view-data: 3.5545395985245705
