times:
  edit-metadata: 1.392080433666706
  landing: 0.8159083649516106
  view-data: 3.3334288150072098
