times:
  edit-metadata: 1.3762954249978065
  landing: 0.7425267994403839
  view-data: 3.5446773320436478
