times:
  edit-metadata: 1.4266872182488441
  landing: 0.7867805659770966
  view-data: 3.500901810824871
