times:
  edit-metadata: 1.542166069149971
  landing: 1.0307425111532211
  view-data: 3.4246487766504288
