times:
  edit-metadata: 1.5178890079259872
  landing: 0.7797325626015663
  view-data: 3.4093287587165833
