times:
  edit-metadata: 3.99952694773674
  landing: 2.3380738124251366
  view-data: 4.113477893173695
