times:
  edit-metadata: 1.3968169763684273
  landing: 0.8749951794743538
  view-data: 3.4721180722117424
