times:
  edit-metadata: 1.496758833527565
  landing: 0.7390659749507904
  view-data: 3.3930500373244286
