times:
  edit-metadata: 1.381787396967411
  landing: 0.7527491897344589
  view-data: 3.4901281967759132
