times:
  edit-metadata: 1.2917352616786957
  landing: 0.8262457922101021
  view-data: 3.5237939432263374
